1.138059698199999912e+04 2.106316024468394277e-01
1.138559698199999912e+04 2.125693805732421782e-01
1.139059698199999912e+04 1.898754068213025503e-01
1.139559698199999912e+04 2.532756643979476863e-01
1.140059698199999912e+04 2.477615739634763115e-01
1.140559698199999912e+04 1.622589644657797814e-01
1.141059698199999912e+04 1.280501532098939355e-01
1.141559698199999912e+04 1.842396249064308655e-01
1.142059698199999912e+04 1.550635793961702424e-01
1.142559698199999912e+04 1.927213809390541377e-01
1.143059698199999912e+04 2.583307960628161704e-01
1.143559698199999912e+04 1.742166873492035917e-01
1.144059698199999912e+04 1.955881195215835311e-01
1.144559698199999912e+04 2.011803610534979025e-01
1.145059698199999912e+04 2.412494036091696326e-01
1.145559698199999912e+04 8.719770011902810980e-02
1.146059698199999912e+04 1.699153956517688580e-01
1.146559698199999912e+04 2.114778258852932913e-01
1.147059698199999912e+04 2.616349770961426402e-01
1.147559698199999912e+04 1.778439885460552927e-01
1.148059698199999912e+04 1.092955315707306863e-01
1.148559698199999912e+04 2.350510800385978427e-01
1.149059698199999912e+04 1.732466229327644935e-01
1.149559698199999912e+04 1.466130854913910986e-01
1.150059698199999912e+04 1.759898924494553152e-01
1.150559698199999912e+04 1.993534395999324305e-01
1.151059698199999912e+04 1.798218567099431064e-01
1.151559698199999912e+04 1.013430700873304002e-01
1.152059698199999912e+04 2.585677523423255963e-01
1.152559698199999912e+04 2.800813677774254273e-01
1.153059698199999912e+04 2.520680389865707638e-01
1.153400000000000000e+04 1.653841259067513336e-01
1.153500000000000000e+04 2.131076624541171916e-01
1.153600000000000000e+04 2.240650786355344037e-01
1.153700000000000000e+04 2.552590812929650399e-01
1.153800000000000000e+04 2.599962494229682286e-01
1.153900000000000000e+04 1.910556093618522855e-01
1.154000000000000000e+04 2.329764603280305157e-01
1.154100000000000000e+04 2.531136161411065011e-01
1.154120000000000073e+04 3.034443698528185851e-01
1.154139999999999964e+04 2.656707019760606858e-01
1.154160000000000036e+04 2.708871317373419130e-01
1.154179999999999927e+04 2.369620865855444902e-01
1.154200000000000000e+04 3.021555536119664431e-01
1.154220000000000073e+04 2.524814326205286896e-01
1.154239999999999964e+04 1.907494568980634964e-01
1.154260000000000036e+04 3.035284669877790220e-01
1.154279999999999927e+04 2.681409667678864572e-01
1.154300000000000000e+04 2.113910227320563995e-01
1.154320000000000073e+04 2.103279606017686709e-01
1.154339999999999964e+04 2.494943298175403279e-01
1.154360000000000036e+04 2.586362315123600375e-01
1.154379999999999927e+04 2.455689309550643240e-01
1.154400000000000000e+04 2.516900336453915532e-01
1.154420000000000073e+04 3.199698277952421899e-01
1.154439999999999964e+04 2.902258322149875447e-01
1.154460000000000036e+04 2.465406405546890778e-01
1.154479999999999927e+04 2.843712330933777510e-01
1.154500000000000000e+04 1.857598641298100206e-01
1.154520000000000073e+04 2.580808723302862595e-01
1.154539999999999964e+04 3.292896196220633787e-01
1.154560000000000036e+04 2.284268500141824754e-01
1.154579999999999927e+04 1.971416307038908189e-01
1.154600000000000000e+04 2.077289497214404590e-01
1.154620000000000073e+04 1.863399081118117528e-01
1.154639999999999964e+04 2.021780755105732075e-01
1.154660000000000036e+04 2.233979163116974198e-01
1.154679999999999927e+04 1.722386060469309754e-01
1.154700000000000000e+04 2.432048011436174217e-01
1.154720000000000073e+04 2.874597641792064340e-01
1.154739999999999964e+04 1.989622222369497040e-01
1.154760000000000036e+04 3.212395120078439525e-01
1.154779999999999927e+04 2.704418574348494420e-01
1.154800000000000000e+04 2.973850110895611687e-01
1.154820000000000073e+04 2.139712442961980154e-01
1.154839999999999964e+04 2.897082933576651809e-01
1.154860000000000036e+04 1.934536757626209580e-01
1.154879999999999927e+04 2.933016845225224212e-01
1.154900000000000000e+04 2.580207478980124924e-01
1.154920000000000073e+04 2.769139292105014527e-01
1.154939999999999964e+04 1.915161297579671407e-01
1.154960000000000036e+04 2.064119521404131352e-01
1.154979999999999927e+04 2.826102966437739616e-01
1.155000000000000000e+04 2.059588362525223704e-01
1.155020000000000073e+04 2.766573995491225513e-01
1.155039999999999964e+04 1.857785915881587924e-01
1.155060000000000036e+04 2.981859584477805636e-01
1.155079999999999927e+04 1.941983022527095648e-01
1.155100000000000000e+04 2.851270818157677911e-01
1.155120000000000073e+04 2.895255063630561287e-01
1.155139999999999964e+04 2.243354433477054155e-01
1.155160000000000036e+04 2.900206219946878106e-01
1.155179999999999927e+04 2.744782191705923413e-01
1.155200000000000000e+04 2.361657489035771940e-01
1.155220000000000073e+04 2.133942470222255916e-01
1.155239999999999964e+04 1.659245249226965480e-01
1.155260000000000036e+04 2.824732404160952837e-01
1.155279999999999927e+04 1.893295173652278507e-01
1.155300000000000000e+04 2.751692236222643140e-01
1.155320000000000073e+04 2.568116897213481020e-01
1.155339999999999964e+04 3.051913346874851052e-01
1.155360000000000036e+04 2.590612679329263868e-01
1.155379999999999927e+04 2.583470151288754790e-01
1.155400000000000000e+04 3.131350837487267835e-01
1.155420000000000073e+04 2.958730750857396230e-01
1.155439999999999964e+04 2.949600055478617255e-01
1.155460000000000036e+04 3.033963111016372838e-01
1.155479999999999927e+04 2.069021552024186694e-01
1.155500000000000000e+04 3.239036107247528218e-01
1.155520000000000073e+04 3.180502128255633942e-01
1.155539999999999964e+04 2.377808178338622624e-01
1.155560000000000036e+04 2.793781376455845011e-01
1.155579999999999927e+04 2.916402181939491411e-01
1.155600000000000000e+04 2.897116003558607433e-01
1.155620000000000073e+04 3.152412091103009018e-01
1.155639999999999964e+04 3.724454266544197645e-01
1.155660000000000036e+04 3.576652234653400209e-01
1.155679999999999927e+04 2.410907723516339529e-01
1.155700000000000000e+04 3.412312801501142800e-01
1.155720000000000073e+04 3.800571921404023445e-01
1.155739999999999964e+04 3.364955046707112096e-01
1.155760000000000036e+04 3.761790622997331912e-01
1.155779999999999927e+04 4.245120143579054761e-01
1.155800000000000000e+04 3.785600301350716124e-01
1.155820000000000073e+04 3.440473099638822752e-01
1.155839999999999964e+04 3.885906437592825391e-01
1.155860000000000036e+04 3.477890236623982778e-01
1.155879999999999927e+04 3.470414479340098168e-01
1.155900000000000000e+04 3.339890249720011139e-01
1.155920000000000073e+04 4.347549210045482670e-01
1.155939999999999964e+04 3.234323247433681936e-01
1.155960000000000036e+04 4.463448533055548451e-01
1.155979999999999927e+04 4.024290863090514425e-01
1.156000000000000000e+04 3.145980803730102360e-01
1.156020000000000073e+04 4.105890965422258621e-01
1.156039999999999964e+04 2.961419220280566145e-01
1.156060000000000036e+04 4.412296925845415885e-01
1.156079999999999927e+04 4.642052691122921515e-01
1.156100000000000000e+04 4.012437225842404587e-01
1.156120000000000073e+04 4.470492190925278719e-01
1.156139999999999964e+04 5.518151506855472066e-01
1.156160000000000036e+04 4.414098249981470157e-01
1.156179999999999927e+04 4.290773182417439990e-01
1.156200000000000000e+04 5.718392918460278862e-01
1.156220000000000073e+04 6.134655669473818573e-01
1.156239999999999964e+04 5.325877437801550540e-01
1.156260000000000036e+04 6.014137400574445236e-01
1.156279999999999927e+04 6.392385455289856244e-01
1.156300000000000000e+04 5.578963322610523967e-01
1.156320000000000073e+04 5.929390544181082356e-01
1.156339999999999964e+04 7.033790518547080595e-01
1.156360000000000036e+04 7.529708702504420703e-01
1.156379999999999927e+04 7.244098280073232310e-01
1.156400000000000000e+04 6.806113922305073727e-01
1.156420000000000073e+04 8.533984705330432963e-01
1.156439999999999964e+04 7.568810221017544526e-01
1.156460000000000036e+04 7.957511046201282134e-01
1.156479999999999927e+04 8.608474835531665370e-01
1.156500000000000000e+04 9.496853363858502872e-01
1.156520000000000073e+04 9.423364307638848469e-01
1.156539999999999964e+04 9.482542710399501917e-01
1.156560000000000036e+04 9.751338836386983511e-01
1.156579999999999927e+04 9.784361804696701803e-01
1.156600000000000000e+04 1.027848530398234095e+00
1.156620000000000073e+04 8.931768329774932846e-01
1.156639999999999964e+04 1.021665240866364011e+00
1.156660000000000036e+04 1.064690819925370402e+00
1.156679999999999927e+04 1.009371516025469484e+00
1.156700000000000000e+04 1.098320177069409542e+00
1.156720000000000073e+04 1.079341693114914680e+00
1.156739999999999964e+04 1.185164667872590893e+00
1.156760000000000036e+04 1.180896108698651803e+00
1.156779999999999927e+04 1.084779282385734289e+00
1.156800000000000000e+04 1.102924440679028839e+00
1.156820000000000073e+04 1.107949589220569298e+00
1.156839999999999964e+04 1.090193226746261290e+00
1.156860000000000036e+04 1.120092732990628503e+00
1.156879999999999927e+04 1.069708202781469719e+00
1.156900000000000000e+04 1.047517099922887329e+00
1.156920000000000073e+04 1.132201803691589959e+00
1.156939999999999964e+04 1.127980929689284650e+00
1.156960000000000036e+04 1.049502825242195847e+00
1.156979999999999927e+04 1.127324721223208259e+00
1.157000000000000000e+04 1.043192061483879884e+00
1.157020000000000073e+04 1.080210812567887313e+00
1.157039999999999964e+04 1.101058165860284710e+00
1.157060000000000036e+04 1.049632606799630219e+00
1.157079999999999927e+04 1.065478798940755256e+00
1.157100000000000000e+04 1.008205324303374839e+00
1.157120000000000073e+04 1.015965275594376660e+00
1.157139999999999964e+04 1.006846827389161980e+00
1.157160000000000036e+04 9.715686781417502971e-01
1.157179999999999927e+04 9.930689691667514696e-01
1.157200000000000000e+04 9.171089908365435139e-01
1.157220000000000073e+04 9.624574562232219854e-01
1.157239999999999964e+04 9.654802863234618338e-01
1.157260000000000036e+04 9.597573564511029387e-01
1.157279999999999927e+04 9.544410075236969826e-01
1.157300000000000000e+04 9.579680821540389468e-01
1.157320000000000073e+04 9.789511136227928567e-01
1.157339999999999964e+04 9.931098233898456584e-01
1.157360000000000036e+04 9.125801519564429309e-01
1.157379999999999927e+04 8.797778345131643807e-01
1.157400000000000000e+04 8.830271619783108816e-01
1.157420000000000073e+04 9.072526190687171255e-01
1.157439999999999964e+04 9.100412602486332991e-01
1.157460000000000036e+04 8.852090477147983583e-01
1.157479999999999927e+04 8.556913871061710974e-01
1.157500000000000000e+04 8.946888578909109047e-01
1.157520000000000073e+04 9.237053554872288741e-01
1.157539999999999964e+04 9.422972823816583299e-01
1.157560000000000036e+04 8.821957363824952658e-01
1.157579999999999927e+04 8.870454468429855854e-01
1.157600000000000000e+04 8.595751796085244756e-01
1.157620000000000073e+04 9.028079949427054718e-01
1.157639999999999964e+04 8.615171595214556888e-01
1.157660000000000036e+04 9.304897431995970969e-01
1.157679999999999927e+04 8.119846770722410900e-01
1.157700000000000000e+04 8.822873002186256697e-01
1.157720000000000073e+04 9.144529915462807912e-01
1.157739999999999964e+04 9.087899724880151853e-01
1.157760000000000036e+04 1.034045997809609485e+00
1.157779999999999927e+04 9.168332710319041512e-01
1.157800000000000000e+04 8.492639983449573604e-01
1.157820000000000073e+04 8.948008283126978046e-01
1.157839999999999964e+04 8.106154531011303677e-01
1.157860000000000036e+04 8.965062097320024570e-01
1.157879999999999927e+04 8.594582012097636836e-01
1.157900000000000000e+04 9.472510565818313966e-01
1.157920000000000073e+04 8.746164747507255699e-01
1.157939999999999964e+04 8.965737518642982185e-01
1.157960000000000036e+04 8.708721759155134690e-01
1.157979999999999927e+04 9.894707930249269090e-01
1.158000000000000000e+04 8.883854493184017986e-01
1.158020000000000073e+04 9.947637890409651851e-01
1.158039999999999964e+04 9.451354913872096475e-01
1.158060000000000036e+04 9.293217225555920891e-01
1.158079999999999927e+04 9.237478285065731098e-01
1.158100000000000000e+04 9.237708485636824118e-01
1.158120000000000073e+04 8.092428280665239226e-01
1.158139999999999964e+04 8.906054500535528495e-01
1.158160000000000036e+04 9.460905430886970002e-01
1.158179999999999927e+04 9.017436971996786177e-01
1.158200000000000000e+04 8.338682285944600814e-01
1.158220000000000073e+04 9.003516982251978940e-01
1.158239999999999964e+04 9.875389643372652904e-01
1.158260000000000036e+04 9.638657593999869766e-01
1.158279999999999927e+04 8.965509829685014420e-01
1.158300000000000000e+04 9.467622971643002705e-01
1.158320000000000073e+04 8.802392621742952672e-01
1.158339999999999964e+04 8.120989213001981177e-01
1.158360000000000036e+04 8.504784467785195812e-01
1.158379999999999927e+04 9.735746868538835974e-01
1.158400000000000000e+04 8.815547891953764426e-01
1.158420000000000073e+04 8.818452730166939091e-01
1.158439999999999964e+04 8.785676266775930277e-01
1.158460000000000036e+04 9.870726308463668719e-01
1.158479999999999927e+04 9.729896270013946857e-01
1.158500000000000000e+04 1.001579823646904011e+00
1.158520000000000073e+04 8.816497142786979824e-01
1.158539999999999964e+04 9.048232178584649787e-01
1.158560000000000036e+04 8.134781955071574977e-01
1.158579999999999927e+04 9.626156910363945496e-01
1.158600000000000000e+04 8.310667641195288446e-01
1.158620000000000073e+04 8.993996433962511139e-01
1.158639999999999964e+04 8.338531860390654415e-01
1.158660000000000036e+04 8.593708207696043599e-01
1.158679999999999927e+04 8.476901757585313391e-01
1.158700000000000000e+04 8.579710539111650158e-01
1.158720000000000073e+04 8.622651707677552180e-01
1.158739999999999964e+04 8.625456822715001914e-01
1.158760000000000036e+04 9.324550526016804897e-01
1.158779999999999927e+04 8.359354290611484828e-01
1.158800000000000000e+04 9.036033823902362982e-01
1.158820000000000073e+04 9.542005735961306412e-01
1.158839999999999964e+04 8.672249546912721430e-01
1.158860000000000036e+04 8.580060887757054999e-01
1.158879999999999927e+04 8.831390847056067583e-01
1.158900000000000000e+04 9.576748137841712971e-01
1.158920000000000073e+04 9.074004337802674680e-01
1.158939999999999964e+04 8.727596412330516085e-01
1.158960000000000036e+04 9.241054129990252664e-01
1.158979999999999927e+04 8.473813860347524374e-01
1.159000000000000000e+04 9.367041081868443531e-01
1.159020000000000073e+04 9.241659036809847239e-01
1.159039999999999964e+04 8.910832336808665044e-01
1.159060000000000036e+04 8.655748710839863413e-01
1.159079999999999927e+04 8.646246290761987474e-01
1.159100000000000000e+04 9.369306583517410525e-01
1.159120000000000073e+04 9.728047076343120381e-01
1.159139999999999964e+04 8.812480300281481105e-01
1.159160000000000036e+04 9.387466305332908822e-01
1.159179999999999927e+04 8.128137373955806044e-01
1.159200000000000000e+04 8.903752930842657731e-01
1.159220000000000073e+04 9.200729927327981894e-01
1.159239999999999964e+04 8.776717045057499389e-01
1.159260000000000036e+04 8.787232113235543540e-01
1.159279999999999927e+04 8.920302906726389480e-01
1.159300000000000000e+04 9.418209680422782171e-01
1.159320000000000073e+04 9.203488122198740795e-01
1.159339999999999964e+04 8.195933075874001217e-01
1.159360000000000036e+04 8.251659207580199773e-01
1.159379999999999927e+04 9.025431293372276897e-01
1.159400000000000000e+04 9.559696977956905206e-01
1.159420000000000073e+04 7.962329642685626041e-01
1.159439999999999964e+04 9.105489992127941967e-01
1.159460000000000036e+04 9.090857953289740445e-01
1.159479999999999927e+04 1.003336035348684874e+00
1.159500000000000000e+04 9.159943023986050203e-01
1.159520000000000073e+04 9.538755700796748282e-01
1.159539999999999964e+04 9.420649980717927807e-01
1.159560000000000036e+04 8.285327883412549888e-01
1.159579999999999927e+04 9.739326732847118917e-01
1.159600000000000000e+04 9.458397714485070606e-01
1.159620000000000073e+04 9.585244320896572079e-01
1.159639999999999964e+04 1.128877438290183832e+00
1.159660000000000036e+04 8.278290122632304682e-01
1.159679999999999927e+04 1.018317612755592849e+00
1.159700000000000000e+04 9.162358092597817638e-01
1.159770000000000073e+04 9.408784227280578838e-01
1.159839999999999964e+04 9.205304647480220259e-01
1.159910000000000036e+04 8.976715709265116194e-01
1.159979999999999927e+04 8.864737217865310548e-01
1.160050000000000000e+04 9.279948647130203954e-01
1.160120000000000073e+04 8.328337617480544575e-01
1.160189999999999964e+04 9.436739215359198907e-01
1.160260000000000036e+04 8.834788854373232247e-01
1.160329999999999927e+04 8.459882873102659850e-01
1.160499369499999921e+04 8.757796190231889044e-01
1.160599958300000071e+04 9.600469201849693990e-01
1.160701766200000020e+04 8.696569636364397393e-01
1.160804793299999983e+04 9.145657816263862427e-01
1.160909039599999960e+04 8.612461546369637455e-01
1.161014505099999951e+04 9.389130262707254815e-01
1.161121189799999956e+04 9.392862967161048626e-01
1.161229093699999976e+04 1.002792593678737854e+00
1.161338216699999975e+04 9.069319235062850426e-01
1.161448559000000023e+04 9.549521490965069415e-01
1.161560120400000051e+04 9.324624056124599658e-01
1.161672901099999945e+04 9.983206780856177520e-01
1.161786900900000001e+04 9.021134129091212817e-01
1.161902119900000071e+04 9.794522197189163837e-01
1.162018558200000007e+04 9.348939366453211663e-01
1.162136215599999923e+04 9.434417998142990980e-01
1.162255092200000036e+04 9.506761329287957141e-01
1.162375187899999946e+04 9.584694546598674370e-01
1.162496502900000087e+04 9.393168088457535259e-01
1.162619037100000060e+04 9.529241419757898957e-01
1.162742790400000013e+04 1.018720176993189064e+00
1.162867763000000014e+04 9.858782815368909436e-01
1.162993954699999995e+04 9.782992504522816102e-01
1.163121365700000024e+04 9.093647896533313402e-01
1.163249995800000033e+04 8.847361757265860271e-01
1.163379845100000057e+04 9.748977062348028744e-01
1.163510913599999913e+04 9.684315985126971116e-01
1.163643201299999964e+04 9.950651128386673872e-01
1.163776708200000030e+04 8.884516322812637812e-01
1.163911434200000076e+04 9.048483793146052667e-01
1.164047379499999988e+04 8.320713982781102747e-01
1.164184543999999914e+04 8.916652024921999375e-01
1.164322927600000003e+04 9.582221738455061200e-01
1.164462530499999957e+04 8.832515026417226967e-01
1.164603352500000074e+04 9.380478939730940713e-01
1.164745393700000022e+04 8.946869694848796906e-01
1.164888654099999985e+04 9.200352217590630488e-01
1.165033133699999962e+04 8.465650037591655463e-01
1.165178832499999953e+04 9.099391857665066752e-01
1.165325750499999958e+04 7.576521140583150071e-01
1.165473887699999977e+04 8.993744211043576131e-01
1.165623243999999977e+04 8.303997969941356860e-01
1.165773819600000024e+04 9.743910885718066739e-01
1.165925614300000052e+04 9.555756494896276987e-01
1.166078628299999946e+04 9.427002714346867096e-01
1.166232861400000002e+04 9.978157026768935678e-01
1.166388313700000072e+04 8.755794033458901282e-01
1.166544985199999974e+04 1.012231510518494693e+00
1.166702875900000072e+04 9.724903674828137001e-01
1.166861985800000002e+04 9.145677394958071638e-01
1.167022314899999947e+04 9.840653564687245058e-01
1.167183863200000087e+04 8.722957947646227117e-01
1.167346630700000060e+04 8.861682799953765066e-01
1.167510617300000013e+04 8.977484304137516302e-01
1.167675823200000013e+04 9.023887654485120979e-01
1.167842248199999995e+04 8.765744550802554436e-01
1.168009892399999990e+04 9.906963437111114823e-01
1.168178755799999999e+04 9.174472333322752915e-01
1.168348838500000056e+04 9.492472755227387982e-01
1.168520140299999912e+04 9.039395411243158485e-01
1.168692661299999963e+04 8.417483350431600453e-01
1.168866401399999995e+04 9.464411331932401916e-01
1.169041360800000075e+04 8.367591883061125113e-01
1.169217539399999987e+04 9.290407729060927711e-01
1.169394937100000061e+04 8.628541609795903344e-01
1.169573554100000001e+04 1.029757136251314042e+00
1.169753390199999922e+04 9.745038862861268303e-01
1.169934445500000038e+04 9.328883086453287898e-01
1.170116720100000020e+04 9.885643502477791111e-01
1.170300213799999983e+04 8.818284871566732797e-01
1.170484926699999960e+04 9.508210854394945066e-01
1.170670858799999951e+04 9.328813724823977749e-01
1.170858009999999922e+04 9.362287087941290054e-01
1.171046380499999941e+04 9.860688269154477270e-01
1.171235970199999974e+04 9.608525823780406094e-01
1.171426778999999988e+04 9.394817770356471698e-01
1.171618807100000049e+04 8.443035523524040631e-01
1.171812054300000091e+04 8.810102125927031791e-01
1.172006520699999965e+04 9.245856538698330462e-01
1.172202206400000068e+04 9.373988097121588314e-01
1.172399111199999970e+04 8.781132457397752278e-01
1.172597235200000068e+04 1.057470698329717962e+00
1.172796578399999999e+04 1.014731380605674804e+00
1.172997140700000091e+04 9.697686277071747574e-01
1.173198922300000049e+04 9.444149181457083264e-01
1.173401923100000022e+04 9.326504455321240616e-01
1.173606142999999975e+04 8.961184820634049419e-01
1.173811582199999975e+04 9.482644203828591856e-01
1.174018240499999956e+04 9.581976391358617562e-01
1.174226117999999951e+04 8.836571994147127684e-01
1.174435214799999994e+04 9.630392423896028120e-01
1.174645530700000018e+04 9.383341829084980157e-01
1.174857065800000055e+04 8.525087057464204587e-01
1.175069820099999924e+04 9.049075580204735125e-01
1.175283793499999956e+04 9.274136331304920766e-01
1.175498986200000036e+04 1.042902419503042077e+00
1.175715398099999948e+04 9.764199183057062914e-01
1.175933029100000022e+04 8.800704225426783101e-01
1.176151879399999962e+04 9.707098163368315102e-01
1.176371948800000064e+04 8.675633177799821905e-01
1.176593237399999998e+04 9.978971229974672452e-01
1.176815745299999980e+04 9.185876310288770830e-01
1.177039472299999943e+04 9.367910626202520241e-01
1.177264418499999920e+04 1.006531988013439793e+00
1.177490583800000059e+04 8.755970692691169566e-01
1.177717968400000063e+04 8.698755358303159602e-01
1.177946572200000082e+04 9.099138108412242465e-01
1.178176395199999934e+04 9.917993837944472091e-01
1.178407437299999947e+04 8.640094352984782899e-01
1.178639698700000008e+04 7.995218196661038057e-01
1.178873179200000050e+04 9.200276762835003508e-01
1.179107878899999923e+04 9.713451420224528121e-01
1.179343797799999993e+04 1.004316941312010325e+00
1.179580935900000077e+04 9.228723069336367546e-01
1.179819293199999993e+04 9.274316183750584974e-01
1.180058869699999923e+04 1.007503771001414528e+00
1.180299665400000049e+04 8.583626503215522341e-01
1.180541680300000007e+04 9.345772715247406826e-01
1.180784914299999946e+04 9.646826529811427520e-01
1.181029367599999932e+04 9.802362896662116798e-01
1.181275040000000081e+04 9.339309133903542781e-01
1.181521931699999914e+04 9.623393816908356602e-01
1.181770042500000091e+04 8.368371122747727542e-01
1.182019372499999918e+04 9.285310571946288061e-01
1.182269921699999941e+04 9.838804002323463527e-01
1.182521690099999978e+04 9.109033486734863239e-01
1.182774677700000029e+04 9.628118793089559535e-01
1.183028884499999913e+04 9.806001320650260533e-01
1.183284310499999992e+04 9.402644453115243106e-01
1.183540955600000052e+04 9.648764690594048288e-01
1.183798819999999978e+04 9.067594384321064904e-01
1.184057903500000066e+04 9.441502105573875703e-01
1.184318206199999986e+04 9.838992131109335348e-01
1.184579728199999954e+04 9.621584083852672276e-01
1.184842469300000084e+04 9.240285390342872773e-01
1.185106429600000047e+04 9.648086228257595209e-01
1.185371609100000023e+04 9.892786721429090990e-01
1.185638007800000014e+04 8.524711348750523277e-01
1.185905625599999985e+04 1.012997603556199389e+00
1.186174462700000004e+04 9.383916297526883055e-01
1.186444519000000037e+04 9.778882988649606478e-01
1.186715794400000050e+04 1.016161556887437145e+00
1.186988289099999929e+04 8.891750931600179708e-01
1.187262002899999970e+04 9.235028783687461162e-01
1.187536935900000026e+04 9.457244734863662350e-01
1.187813088099999914e+04 9.222212787042305404e-01
1.188090459499999997e+04 1.049709244856752655e+00
1.188369050099999913e+04 9.214822092507272133e-01
1.188648859900000025e+04 9.376339166758864696e-01
1.188929888899999969e+04 9.773415034325394490e-01
1.189212137099999927e+04 9.072608090894875854e-01
1.189495604400000047e+04 9.489841482170735532e-01
1.189780291000000034e+04 9.854215050650603214e-01
1.190066196700000000e+04 9.533199815423379908e-01
1.190353321700000015e+04 9.649729193433689289e-01
1.190641665800000010e+04 9.433466316032380616e-01
1.190931229100000019e+04 8.927146449832482622e-01
1.191222011600000042e+04 9.839269463221206324e-01
1.191514013300000079e+04 1.055277816076520381e+00
1.191807234199999948e+04 9.683238102988684926e-01
1.192101674300000013e+04 9.787725991786703217e-01
1.192397333500000059e+04 1.001777446328554033e+00
1.192694211999999970e+04 9.042078870720735573e-01
1.192992309600000044e+04 1.056632516263905419e+00
1.193291626499999984e+04 9.994078395045422614e-01
1.193592162500000086e+04 1.126739273909377781e+00
1.193893917700000020e+04 1.124224441101763006e+00
1.194196892099999968e+04 1.392777760229842121e+00
1.194501085799999964e+04 1.407660524625112819e+00
1.194806498500000089e+04 1.328832095959213921e+00
1.195113130500000079e+04 1.171315025004225019e+00
1.195420981700000084e+04 1.032323316936459401e+00
1.195730052099999921e+04 1.051688700726823855e+00
1.196040341599999920e+04 9.841508968568126736e-01
1.196351850399999967e+04 8.772206181625994414e-01
1.196664578299999994e+04 9.206244837880150911e-01
1.196978525500000069e+04 9.678676274033976012e-01
1.197293691799999942e+04 9.940512187587139392e-01
1.197610077300000012e+04 9.762794658229982936e-01
1.197927681999999913e+04 1.040946525427562719e+00
1.198246505900000011e+04 8.823080059407146791e-01
1.198566548999999941e+04 9.887493693317052079e-01
1.198887811200000033e+04 8.907379760271930680e-01
1.199210292699999991e+04 1.019942159436216800e+00
1.199533993399999963e+04 9.775832481420803077e-01
1.199858913199999915e+04 1.003574225640926798e+00
1.200185052299999916e+04 9.393129487794252830e-01
1.200512410500000078e+04 1.046910108291164931e+00
1.200840987900000073e+04 1.034237266699377988e+00
1.201170784500000082e+04 1.010662895454587762e+00
1.201501800299999923e+04 9.752433676870261303e-01
1.201834035299999960e+04 1.009880530871615667e+00
1.202167489500000011e+04 9.459100484600995173e-01
1.202502162900000076e+04 1.024542692518573883e+00
1.202838055399999939e+04 1.064626493366714666e+00
1.203175167200000033e+04 1.035664406406556770e+00
1.203513498199999958e+04 9.461088337290919359e-01
1.203853048300000046e+04 1.000816615209635607e+00
1.204193817599999966e+04 9.192777670902048115e-01
1.204535806100000082e+04 1.013551652927429991e+00
1.204879013900000064e+04 1.007902799219975387e+00
1.205223440800000026e+04 8.931611627098045014e-01
1.205569086799999968e+04 9.294508055330956697e-01
1.205915952099999959e+04 9.749396618792031122e-01
1.206264036599999963e+04 9.755397635345127716e-01
1.206613340299999982e+04 9.296464392607817206e-01
1.206963863099999980e+04 1.010257772717204183e+00
1.207315605200000027e+04 1.004576203513867450e+00
1.207668566400000054e+04 9.832014705150308176e-01
1.208022746799999913e+04 9.557203852401514599e-01
1.208378146500000003e+04 1.046304850286805754e+00
1.208734765300000072e+04 1.076594881932518843e+00
1.209092603299999973e+04 9.709382176099237149e-01
1.209451660500000071e+04 9.642712259249319739e-01
1.209811936900000001e+04 1.019681349842022300e+00
1.210173432399999911e+04 9.775165662903820829e-01
1.210536147200000050e+04 9.883020375104514255e-01
1.210900081099999989e+04 1.032555737988736899e+00
1.211265234299999975e+04 9.000403892059931632e-01
1.211631606599999941e+04 1.062409871009443840e+00
1.211999198199999955e+04 9.998852839109934054e-01
1.212368008899999950e+04 9.755601904626360898e-01
1.212738038799999958e+04 9.915318051872789029e-01
1.213109287899999981e+04 9.945295614329774381e-01
1.213481756200000018e+04 9.104320780665434709e-01
1.213855443700000069e+04 1.072810099236795489e+00
1.214230350299999918e+04 1.000549256293910450e+00
1.214606476199999997e+04 1.019922869249482167e+00
1.214983821300000091e+04 1.046137081276955705e+00
1.215362385499999982e+04 9.490105362973503267e-01
1.215742168900000070e+04 1.024600319777783319e+00
1.216123171600000023e+04 9.884202912844384237e-01
1.216505393399999957e+04 1.044287025577489425e+00
1.216888834400000087e+04 8.967293860865142019e-01
1.217273494600000049e+04 9.991278742464413387e-01
1.217659374000000025e+04 9.755500710223895533e-01
1.218046472600000016e+04 1.028050394248488653e+00
1.218434790299999986e+04 1.030380088436555264e+00
1.218824327300000004e+04 9.719248886699746182e-01
1.219215083500000037e+04 9.721407828148254104e-01
1.219607058800000050e+04 1.003170952308966690e+00
1.220000253300000077e+04 9.646128324500684581e-01
1.220394667099999970e+04 1.051443470735433205e+00
1.220790300000000025e+04 9.909411440597051257e-01
1.221187152099999912e+04 8.651515553662297853e-01
1.221585223399999995e+04 9.915473424631721100e-01
1.221984513899999911e+04 9.584257347981466335e-01
1.222385023600000022e+04 9.291979074942624539e-01
1.222786752399999932e+04 9.498317930806747800e-01
1.223189700500000072e+04 1.016688571342935221e+00
1.223593867800000044e+04 1.077912705783463210e+00
1.223999254199999996e+04 1.027968430779793163e+00
1.224405859799999962e+04 9.818696391283366909e-01
1.224813684699999976e+04 1.035831896336876889e+00
1.225222728699999971e+04 9.903901137805781740e-01
1.225632991899999979e+04 9.793919500565660963e-01
1.226044474300000002e+04 9.564189473217037385e-01
1.226457175900000038e+04 9.269718025620539148e-01
1.226871096700000089e+04 9.956280591540020986e-01
1.227286236599999938e+04 1.023939958242311654e+00
1.227702595800000017e+04 1.011345540445803159e+00
1.228120174199999929e+04 9.965168704138896993e-01
1.228538971700000002e+04 9.708497764874768343e-01
1.228958988400000089e+04 1.049651067007746574e+00
1.229380224400000043e+04 9.544542925089246621e-01
1.229802679499999977e+04 1.060539644004045767e+00
1.230226353799999924e+04 9.715032346847046751e-01
1.230651247300000068e+04 9.848079795822046734e-01
1.231077360000000044e+04 9.500610683950085900e-01
1.231504691900000034e+04 9.988931550078374855e-01
1.231933242900000005e+04 1.072867622039273217e+00
1.232363013200000023e+04 1.050615659361719745e+00
1.232794002600000022e+04 1.074141138504046467e+00
1.233226211300000068e+04 1.052111976866474841e+00
1.233659639099999913e+04 9.706344176677047519e-01
1.234094286099999954e+04 1.010030953201999981e+00
1.234530152400000043e+04 9.877610064993035399e-01
1.234967237799999930e+04 1.094095298349412992e+00
1.235405542400000013e+04 9.677673500120278494e-01
1.235845066199999928e+04 1.071930860490967863e+00
1.236285809100000006e+04 1.073182627248312260e+00
1.236727771299999949e+04 1.120439296611195124e+00
1.237170952700000089e+04 1.008966800367636196e+00
1.237615353200000027e+04 1.065822705621088939e+00
1.238060973000000013e+04 1.144610316817896489e+00
1.238507811899999979e+04 9.999903803790752832e-01
1.238955869999999959e+04 9.550891124897514795e-01
1.239405147299999953e+04 9.375740537811836361e-01
1.239855643799999962e+04 1.068119451535048725e+00
1.240307359499999984e+04 9.389493250926729262e-01
1.240760294400000021e+04 1.014871710745764988e+00
1.241214448500000071e+04 1.056180822246118645e+00
1.241669821799999954e+04 1.043820236994780881e+00
1.242126414199999999e+04 1.057863268993441963e+00
1.242584225899999910e+04 1.049190881326353963e+00
1.243043256699999984e+04 1.102073988907857016e+00
1.243503506799999923e+04 9.912546720600242667e-01
1.243964976000000024e+04 1.005473306337669515e+00
1.244427664399999958e+04 1.001427427503050138e+00
1.244891572000000087e+04 1.082319368795423564e+00
1.245356698800000049e+04 1.086374373085112532e+00
1.245823044800000025e+04 1.064578959916443912e+00
1.246290610000000015e+04 1.101387524098832227e+00
1.246759394299999985e+04 9.839222887174334797e-01
1.247229397900000004e+04 1.126760625402001725e+00
1.247700620600000002e+04 1.119961643219092418e+00
1.248173062600000048e+04 1.081422320976734852e+00
1.248646723700000075e+04 1.134064177130856832e+00
1.249121603999999934e+04 9.629028084046196145e-01
1.249597703600000023e+04 1.020517265760505055e+00
1.250075022299999910e+04 1.010559882316090174e+00
1.250553560199999993e+04 1.082040285359805232e+00
1.251033317200000056e+04 9.939454027117922141e-01
1.251514293499999985e+04 1.085402444014233803e+00
1.251996488999999929e+04 1.116394275208256071e+00
1.252479903700000068e+04 1.083364711551034310e+00
1.252964537500000006e+04 1.063442856625845812e+00
