1.138059698199999912e+04 1.924149074210272370e-01
1.138559698199999912e+04 1.956044203072785370e-01
1.139059698199999912e+04 1.925253685606399257e-01
1.139559698199999912e+04 1.929357110514679507e-01
1.140059698199999912e+04 1.930199416314796745e-01
1.140559698199999912e+04 1.934439391873992720e-01
1.141059698199999912e+04 1.949315894228200730e-01
1.141559698199999912e+04 1.940983822320250796e-01
1.142059698199999912e+04 1.953328999301244817e-01
1.142559698199999912e+04 1.962193074760179012e-01
1.143059698199999912e+04 1.957907988749661710e-01
1.143559698199999912e+04 1.980738124530796174e-01
1.144059698199999912e+04 1.975543288304668632e-01
1.144559698199999912e+04 1.975234791535853129e-01
1.145059698199999912e+04 1.993643693424757835e-01
1.145559698199999912e+04 1.986436988364673473e-01
1.146059698199999912e+04 2.002785915474028233e-01
1.146559698199999912e+04 2.009045222746754511e-01
1.147059698199999912e+04 2.027169248406311686e-01
1.147559698199999912e+04 2.029138091542455058e-01
1.148059698199999912e+04 2.030981399140792398e-01
1.148559698199999912e+04 2.048832740394913032e-01
1.149059698199999912e+04 2.064049499230632689e-01
1.149559698199999912e+04 2.066542287522610266e-01
1.150059698199999912e+04 2.072175145549599029e-01
1.150559698199999912e+04 2.072678712503747689e-01
1.151059698199999912e+04 2.089939762737783591e-01
1.151559698199999912e+04 2.113161482379291856e-01
1.152059698199999912e+04 2.131049302958096803e-01
1.152559698199999912e+04 2.161506444105038560e-01
1.153059698199999912e+04 2.195485893444926173e-01
1.153400000000000000e+04 2.227981021823489671e-01
1.153500000000000000e+04 2.231117403734341198e-01
1.153600000000000000e+04 2.248776460408336841e-01
1.153700000000000000e+04 2.253838362296798625e-01
1.153800000000000000e+04 2.246037584207106752e-01
1.153900000000000000e+04 2.268249639069588597e-01
1.154000000000000000e+04 2.287325949516316737e-01
1.154100000000000000e+04 2.290399011675045560e-01
1.154120000000000073e+04 2.312531824754777421e-01
1.154139999999999964e+04 2.319761258171696150e-01
1.154160000000000036e+04 2.326530592202648018e-01
1.154179999999999927e+04 2.325573123181478852e-01
1.154200000000000000e+04 2.331233224886429811e-01
1.154220000000000073e+04 2.321419602797578363e-01
1.154239999999999964e+04 2.334667664356260552e-01
1.154260000000000036e+04 2.327465658179807828e-01
1.154279999999999927e+04 2.329433334544493694e-01
1.154300000000000000e+04 2.331550469699419370e-01
1.154320000000000073e+04 2.344730251941091470e-01
1.154339999999999964e+04 2.348261265415551857e-01
1.154360000000000036e+04 2.354800377691375624e-01
1.154379999999999927e+04 2.361412558432539610e-01
1.154400000000000000e+04 2.373152462480375424e-01
1.154420000000000073e+04 2.359215132018686878e-01
1.154439999999999964e+04 2.351637766347978720e-01
1.154460000000000036e+04 2.344549398565408393e-01
1.154479999999999927e+04 2.382400239662481878e-01
1.154500000000000000e+04 2.360191806077773513e-01
1.154520000000000073e+04 2.379597544310593782e-01
1.154539999999999964e+04 2.376541891093552628e-01
1.154560000000000036e+04 2.375271643462284199e-01
1.154579999999999927e+04 2.400647898630577370e-01
1.154600000000000000e+04 2.410925493114046414e-01
1.154620000000000073e+04 2.402450495782136319e-01
1.154639999999999964e+04 2.388251286248234129e-01
1.154660000000000036e+04 2.413770767929571126e-01
1.154679999999999927e+04 2.429087610112772300e-01
1.154700000000000000e+04 2.409449728773756516e-01
1.154720000000000073e+04 2.425292654096667389e-01
1.154739999999999964e+04 2.443347213951373165e-01
1.154760000000000036e+04 2.458546073253723985e-01
1.154779999999999927e+04 2.450218333769008383e-01
1.154800000000000000e+04 2.448829128674951394e-01
1.154820000000000073e+04 2.480595434904891983e-01
1.154839999999999964e+04 2.468235024313288617e-01
1.154860000000000036e+04 2.480230662428997979e-01
1.154879999999999927e+04 2.478560415216487511e-01
1.154900000000000000e+04 2.489854986571713447e-01
1.154920000000000073e+04 2.483665654972644077e-01
1.154939999999999964e+04 2.501229139793176848e-01
1.154960000000000036e+04 2.528771527344195191e-01
1.154979999999999927e+04 2.513769845882098397e-01
1.155000000000000000e+04 2.517626750658950585e-01
1.155020000000000073e+04 2.549682552717024153e-01
1.155039999999999964e+04 2.539261582340649470e-01
1.155060000000000036e+04 2.551081750758366073e-01
1.155079999999999927e+04 2.568643726785842518e-01
1.155100000000000000e+04 2.569064693921120912e-01
1.155120000000000073e+04 2.600699693943648305e-01
1.155139999999999964e+04 2.598519601405900326e-01
1.155160000000000036e+04 2.604313822323775507e-01
1.155179999999999927e+04 2.636134142172574246e-01
1.155200000000000000e+04 2.625021267902941102e-01
1.155220000000000073e+04 2.645640765981351339e-01
1.155239999999999964e+04 2.643551020868287749e-01
1.155260000000000036e+04 2.662924793406136192e-01
1.155279999999999927e+04 2.691311671301697128e-01
1.155300000000000000e+04 2.704340177993855288e-01
1.155320000000000073e+04 2.692306826552445798e-01
1.155339999999999964e+04 2.716941680586546504e-01
1.155360000000000036e+04 2.734858275378184156e-01
1.155379999999999927e+04 2.768327916939191113e-01
1.155400000000000000e+04 2.766780838655695796e-01
1.155420000000000073e+04 2.787548520804098429e-01
1.155439999999999964e+04 2.793368879947901728e-01
1.155460000000000036e+04 2.785858053218991937e-01
1.155479999999999927e+04 2.827091473244978115e-01
1.155500000000000000e+04 2.872645906336004362e-01
1.155520000000000073e+04 2.867698788461832682e-01
1.155539999999999964e+04 2.875680632802971037e-01
1.155560000000000036e+04 2.921188140821358026e-01
1.155579999999999927e+04 2.947912867303313922e-01
1.155600000000000000e+04 2.971553928869755667e-01
1.155620000000000073e+04 2.995442584680703679e-01
1.155639999999999964e+04 3.001202924747108369e-01
1.155660000000000036e+04 3.021550764154079527e-01
1.155679999999999927e+04 3.082030656756447606e-01
1.155700000000000000e+04 3.098051007964909287e-01
1.155720000000000073e+04 3.133596931477370395e-01
1.155739999999999964e+04 3.184832727787020867e-01
1.155760000000000036e+04 3.221862710504823091e-01
1.155779999999999927e+04 3.243543798456437477e-01
1.155800000000000000e+04 3.295395551753701469e-01
1.155820000000000073e+04 3.309383619522175413e-01
1.155839999999999964e+04 3.372640601839873575e-01
1.155860000000000036e+04 3.406016451333757078e-01
1.155879999999999927e+04 3.461148880496185409e-01
1.155900000000000000e+04 3.530882051851667036e-01
1.155920000000000073e+04 3.570920888203773513e-01
1.155939999999999964e+04 3.648920541207469892e-01
1.155960000000000036e+04 3.707989744102781482e-01
1.155979999999999927e+04 3.770709273939059636e-01
1.156000000000000000e+04 3.837241794472879275e-01
1.156020000000000073e+04 3.911618227002644499e-01
1.156039999999999964e+04 3.991768908230114987e-01
1.156060000000000036e+04 4.120104988748072850e-01
1.156079999999999927e+04 4.188404865991346426e-01
1.156100000000000000e+04 4.306402667454173327e-01
1.156120000000000073e+04 4.405950209971765119e-01
1.156139999999999964e+04 4.544146856983264926e-01
1.156160000000000036e+04 4.675128974264473602e-01
1.156179999999999927e+04 4.828831710857903747e-01
1.156200000000000000e+04 4.971730442873916189e-01
1.156220000000000073e+04 5.151690857103388144e-01
1.156239999999999964e+04 5.326855401417701641e-01
1.156260000000000036e+04 5.505918971646149851e-01
1.156279999999999927e+04 5.737720953325038398e-01
1.156300000000000000e+04 5.955115188439414897e-01
1.156320000000000073e+04 6.179392239771925865e-01
1.156339999999999964e+04 6.424982074706109270e-01
1.156360000000000036e+04 6.698936301778284363e-01
1.156379999999999927e+04 6.964468065630147198e-01
1.156400000000000000e+04 7.233052779637650920e-01
1.156420000000000073e+04 7.544451029063680148e-01
1.156439999999999964e+04 7.827782101055685837e-01
1.156460000000000036e+04 8.119793770044544390e-01
1.156479999999999927e+04 8.443169558554737275e-01
1.156500000000000000e+04 8.732155984301447349e-01
1.156520000000000073e+04 8.996589035222145592e-01
1.156539999999999964e+04 9.278198290443055996e-01
1.156560000000000036e+04 9.536716720879715448e-01
1.156579999999999927e+04 9.765012002282676962e-01
1.156600000000000000e+04 1.002543237798560583e+00
1.156620000000000073e+04 1.020220346520755106e+00
1.156639999999999964e+04 1.034734851074514017e+00
1.156660000000000036e+04 1.053378064815413850e+00
1.156679999999999927e+04 1.067303378607133313e+00
1.156700000000000000e+04 1.080293763949817354e+00
1.156720000000000073e+04 1.090238435533565697e+00
1.156739999999999964e+04 1.097252426992158636e+00
1.156760000000000036e+04 1.101020824222281647e+00
1.156779999999999927e+04 1.107860537606444096e+00
1.156800000000000000e+04 1.109615805826763779e+00
1.156820000000000073e+04 1.111066444076417969e+00
1.156839999999999964e+04 1.113364778985630021e+00
1.156860000000000036e+04 1.112011388322389882e+00
1.156879999999999927e+04 1.108016977786461688e+00
1.156900000000000000e+04 1.102851983640622757e+00
1.156920000000000073e+04 1.101510845199936028e+00
1.156939999999999964e+04 1.097701082002373818e+00
1.156960000000000036e+04 1.089108830360964397e+00
1.156979999999999927e+04 1.082422932561217133e+00
1.157000000000000000e+04 1.074785636182591597e+00
1.157020000000000073e+04 1.066767652401717781e+00
1.157039999999999964e+04 1.060689245715618068e+00
1.157060000000000036e+04 1.051192286941838638e+00
1.157079999999999927e+04 1.043161285836985863e+00
1.157100000000000000e+04 1.033139314383327623e+00
1.157120000000000073e+04 1.025351146533092672e+00
1.157139999999999964e+04 1.017862180363178659e+00
1.157160000000000036e+04 1.008524762393676166e+00
1.157179999999999927e+04 1.003634641255929161e+00
1.157200000000000000e+04 9.941402696817563944e-01
1.157220000000000073e+04 9.872398283995610369e-01
1.157239999999999964e+04 9.806566519235216939e-01
1.157260000000000036e+04 9.711479784492667022e-01
1.157279999999999927e+04 9.647550711186364536e-01
1.157300000000000000e+04 9.595306359533658513e-01
1.157320000000000073e+04 9.562416219508012016e-01
1.157339999999999964e+04 9.488321116747199246e-01
1.157360000000000036e+04 9.476266127309731502e-01
1.157379999999999927e+04 9.393736298400496842e-01
1.157400000000000000e+04 9.353139340600030716e-01
1.157420000000000073e+04 9.331548752582816686e-01
1.157439999999999964e+04 9.296434192164751975e-01
1.157460000000000036e+04 9.257703548025121298e-01
1.157479999999999927e+04 9.217055867635963740e-01
1.157500000000000000e+04 9.185189620187363957e-01
1.157520000000000073e+04 9.152265516738892215e-01
1.157539999999999964e+04 9.133241704249980275e-01
1.157560000000000036e+04 9.095157035973258086e-01
1.157579999999999927e+04 9.068771393603293207e-01
1.157600000000000000e+04 9.059067209060490677e-01
1.157620000000000073e+04 9.042097691716580732e-01
1.157639999999999964e+04 9.034853635358427448e-01
1.157660000000000036e+04 9.025297403619453318e-01
1.157679999999999927e+04 9.022333072786714592e-01
1.157700000000000000e+04 9.003571911544089312e-01
1.157720000000000073e+04 9.008751551219341680e-01
1.157739999999999964e+04 8.984565580409583641e-01
1.157760000000000036e+04 8.992006556653259208e-01
1.157779999999999927e+04 8.986264480296570767e-01
1.157800000000000000e+04 8.976001921514918935e-01
1.157820000000000073e+04 8.994913605997192363e-01
1.157839999999999964e+04 8.993060229236600200e-01
1.157860000000000036e+04 9.020496476392648733e-01
1.157879999999999927e+04 9.017418164876871423e-01
1.157900000000000000e+04 9.004573567696817493e-01
1.157920000000000073e+04 9.039475818867508394e-01
1.157939999999999964e+04 9.036330822422671272e-01
1.157960000000000036e+04 9.032321666378703151e-01
1.157979999999999927e+04 9.023017423414759763e-01
1.158000000000000000e+04 9.034881494586486372e-01
1.158020000000000073e+04 9.027637312288427918e-01
1.158039999999999964e+04 9.055166531097926796e-01
1.158060000000000036e+04 9.071029737787199565e-01
1.158079999999999927e+04 9.068544160326407200e-01
1.158100000000000000e+04 9.035921356792671055e-01
1.158120000000000073e+04 9.045068411382949369e-01
1.158139999999999964e+04 9.046905076407574242e-01
1.158160000000000036e+04 9.020642068973419025e-01
1.158179999999999927e+04 9.045117259276836963e-01
1.158200000000000000e+04 9.039801203015175313e-01
1.158220000000000073e+04 9.025058863251826935e-01
1.158239999999999964e+04 9.007389876571338938e-01
1.158260000000000036e+04 9.020347760641999058e-01
1.158279999999999927e+04 8.991184850739609713e-01
1.158300000000000000e+04 8.980199191033750861e-01
1.158320000000000073e+04 8.956923537668863844e-01
1.158339999999999964e+04 8.972649886931542973e-01
1.158360000000000036e+04 8.984740009174954078e-01
1.158379999999999927e+04 8.970915109685310140e-01
1.158400000000000000e+04 8.947973505565666175e-01
1.158420000000000073e+04 8.934122636639471038e-01
1.158439999999999964e+04 8.940283147112444428e-01
1.158460000000000036e+04 8.908674201304450646e-01
1.158479999999999927e+04 8.919934775869672317e-01
1.158500000000000000e+04 8.914068969733115466e-01
1.158520000000000073e+04 8.908289130250421906e-01
1.158539999999999964e+04 8.899418446454355758e-01
1.158560000000000036e+04 8.891066548444053197e-01
1.158579999999999927e+04 8.878909930938819750e-01
1.158600000000000000e+04 8.886288676320212021e-01
1.158620000000000073e+04 8.883343929926031945e-01
1.158639999999999964e+04 8.890856849985540045e-01
1.158660000000000036e+04 8.897277542210264567e-01
1.158679999999999927e+04 8.887501262896391196e-01
1.158700000000000000e+04 8.898575139094053732e-01
1.158720000000000073e+04 8.889501912123577432e-01
1.158739999999999964e+04 8.899377641322826493e-01
1.158760000000000036e+04 8.900411552925813208e-01
1.158779999999999927e+04 8.887543389943707295e-01
1.158800000000000000e+04 8.934603675903934894e-01
1.158820000000000073e+04 8.940394716811552733e-01
1.158839999999999964e+04 8.926034578482339166e-01
1.158860000000000036e+04 8.939690372423766407e-01
1.158879999999999927e+04 8.951812691585809834e-01
1.158900000000000000e+04 8.971260222924209993e-01
1.158920000000000073e+04 8.971660151903625424e-01
1.158939999999999964e+04 9.001146371775426980e-01
1.158960000000000036e+04 8.986573085003101147e-01
1.158979999999999927e+04 9.027895699446246702e-01
1.159000000000000000e+04 9.012795704034596289e-01
1.159020000000000073e+04 9.042019889376468056e-01
1.159039999999999964e+04 9.064380375922972410e-01
1.159060000000000036e+04 9.058890522694945657e-01
1.159079999999999927e+04 9.101234389343811904e-01
1.159100000000000000e+04 9.094552257295370756e-01
1.159120000000000073e+04 9.105454573026954268e-01
1.159139999999999964e+04 9.133140153442336207e-01
1.159160000000000036e+04 9.169759630939053885e-01
1.159179999999999927e+04 9.161492986049805110e-01
1.159200000000000000e+04 9.196678933675418444e-01
1.159220000000000073e+04 9.220547916771523189e-01
1.159239999999999964e+04 9.238490187651908769e-01
1.159260000000000036e+04 9.257250115320354578e-01
1.159279999999999927e+04 9.250522827949901883e-01
1.159300000000000000e+04 9.263837858870700437e-01
1.159320000000000073e+04 9.298014539744354767e-01
1.159339999999999964e+04 9.304327797944335066e-01
1.159360000000000036e+04 9.282796301995472898e-01
1.159379999999999927e+04 9.333230032140550358e-01
1.159400000000000000e+04 9.339893615539645033e-01
1.159420000000000073e+04 9.312453353905475462e-01
1.159439999999999964e+04 9.345258421078900257e-01
1.159460000000000036e+04 9.360174107572060143e-01
1.159479999999999927e+04 9.359767139856645102e-01
1.159500000000000000e+04 9.352662627026185893e-01
1.159520000000000073e+04 9.339981980516927074e-01
1.159539999999999964e+04 9.348193291332010935e-01
1.159560000000000036e+04 9.364360778421365605e-01
1.159579999999999927e+04 9.348764421891768706e-01
1.159600000000000000e+04 9.342708531593043597e-01
1.159620000000000073e+04 9.326283609129125685e-01
1.159639999999999964e+04 9.316123343051320171e-01
1.159660000000000036e+04 9.321574454057403036e-01
1.159679999999999927e+04 9.337075807892656343e-01
1.159700000000000000e+04 9.309313930980412932e-01
1.159770000000000073e+04 9.262597782187570461e-01
1.159839999999999964e+04 9.225144504520037536e-01
1.159910000000000036e+04 9.173204177497756850e-01
1.159979999999999927e+04 9.158487419842231692e-01
1.160050000000000000e+04 9.114419057924130207e-01
1.160120000000000073e+04 9.085123421791748699e-01
1.160189999999999964e+04 9.093385177478849890e-01
1.160260000000000036e+04 9.045878900853298044e-01
1.160329999999999927e+04 9.017405943726967132e-01
1.160499369499999921e+04 8.978548561054952026e-01
1.160599958300000071e+04 8.983391156815061507e-01
1.160701766200000020e+04 8.965385288023784982e-01
1.160804793299999983e+04 8.952067832305069528e-01
1.160909039599999960e+04 8.987156928833645031e-01
1.161014505099999951e+04 9.003519664452753757e-01
1.161121189799999956e+04 9.068882513443475846e-01
1.161229093699999976e+04 9.114473468445360993e-01
1.161338216699999975e+04 9.152693479259300657e-01
1.161448559000000023e+04 9.228087558076587538e-01
1.161560120400000051e+04 9.276374762976116184e-01
1.161672901099999945e+04 9.343933231073378032e-01
1.161786900900000001e+04 9.385568595844495654e-01
1.161902119900000071e+04 9.413772908769607595e-01
1.162018558200000007e+04 9.440127579311853312e-01
1.162136215599999923e+04 9.477160128641122228e-01
1.162255092200000036e+04 9.457978239459767789e-01
1.162375187899999946e+04 9.455095128481920685e-01
1.162496502900000087e+04 9.442434813101086011e-01
1.162619037100000060e+04 9.427007512026874814e-01
1.162742790400000013e+04 9.419884011350659891e-01
1.162867763000000014e+04 9.356785031417881315e-01
1.162993954699999995e+04 9.350416585925741542e-01
1.163121365700000024e+04 9.337742542895111075e-01
1.163249995800000033e+04 9.293938320268740894e-01
1.163379845100000057e+04 9.279283066618730924e-01
1.163510913599999913e+04 9.239939797158692736e-01
1.163643201299999964e+04 9.223901124016647968e-01
1.163776708200000030e+04 9.191201443838309393e-01
1.163911434200000076e+04 9.181226147749420585e-01
1.164047379499999988e+04 9.162321519705310946e-01
1.164184543999999914e+04 9.151057282899488499e-01
1.164322927600000003e+04 9.104766532714896332e-01
1.164462530499999957e+04 9.087378179869730621e-01
1.164603352500000074e+04 9.084527581429732157e-01
1.164745393700000022e+04 9.065697320681632698e-01
1.164888654099999985e+04 9.074481338961282173e-01
1.165033133699999962e+04 9.076021828873261921e-01
1.165178832499999953e+04 9.105855600842730491e-01
1.165325750499999958e+04 9.141916655958339799e-01
1.165473887699999977e+04 9.144589647008048994e-01
1.165623243999999977e+04 9.210640526943940642e-01
1.165773819600000024e+04 9.248566165600240474e-01
1.165925614300000052e+04 9.276957473940641297e-01
1.166078628299999946e+04 9.302465655158539404e-01
1.166232861400000002e+04 9.363041772881828262e-01
1.166388313700000072e+04 9.418829096934115963e-01
1.166544985199999974e+04 9.450994172479542099e-01
1.166702875900000072e+04 9.481344642475617590e-01
1.166861985800000002e+04 9.524407368573659660e-01
1.167022314899999947e+04 9.582766609802347846e-01
1.167183863200000087e+04 9.622102518259081361e-01
1.167346630700000060e+04 9.653964231307932131e-01
1.167510617300000013e+04 9.705063148921841965e-01
1.167675823200000013e+04 9.758295463128385805e-01
1.167842248199999995e+04 9.807454780176754205e-01
1.168009892399999990e+04 9.884469544714779010e-01
1.168178755799999999e+04 9.924609289982553317e-01
1.168348838500000056e+04 1.000344773336991899e+00
1.168520140299999912e+04 1.006524176886981925e+00
1.168692661299999963e+04 1.011202789871430641e+00
1.168866401399999995e+04 1.014559814693912765e+00
1.169041360800000075e+04 1.019107108159998054e+00
1.169217539399999987e+04 1.022613301353401782e+00
1.169394937100000061e+04 1.023827700196660695e+00
1.169573554100000001e+04 1.026852882136084721e+00
1.169753390199999922e+04 1.025867365808739384e+00
1.169934445500000038e+04 1.028114241847601251e+00
1.170116720100000020e+04 1.024649960723757136e+00
1.170300213799999983e+04 1.023658378624083820e+00
1.170484926699999960e+04 1.021982559123074008e+00
1.170670858799999951e+04 1.018600883452971173e+00
1.170858009999999922e+04 1.016715027394082815e+00
1.171046380499999941e+04 1.011481514432253981e+00
1.171235970199999974e+04 1.010358976378778806e+00
1.171426778999999988e+04 1.004156459976695892e+00
1.171618807100000049e+04 1.002376472761359327e+00
1.171812054300000091e+04 1.000561142485918209e+00
1.172006520699999965e+04 9.935183443497227485e-01
1.172202206400000068e+04 9.899361891222354659e-01
1.172399111199999970e+04 9.871189004771521169e-01
1.172597235200000068e+04 9.832624149575804884e-01
1.172796578399999999e+04 9.798825230426331245e-01
1.172997140700000091e+04 9.754852317808557771e-01
1.173198922300000049e+04 9.718462529863209909e-01
1.173401923100000022e+04 9.702326406978266649e-01
1.173606142999999975e+04 9.658781731517369629e-01
1.173811582199999975e+04 9.622373646994748508e-01
1.174018240499999956e+04 9.608472501945752864e-01
1.174226117999999951e+04 9.597158326852188726e-01
1.174435214799999994e+04 9.558816344344522875e-01
1.174645530700000018e+04 9.527965048807514048e-01
1.174857065800000055e+04 9.550117338609809270e-01
1.175069820099999924e+04 9.524470718186645035e-01
1.175283793499999956e+04 9.494612455638914428e-01
1.175498986200000036e+04 9.520307575736478567e-01
1.175715398099999948e+04 9.500371796269618807e-01
1.175933029100000022e+04 9.482055356227268028e-01
1.176151879399999962e+04 9.477895590484237687e-01
1.176371948800000064e+04 9.458674672013068774e-01
1.176593237399999998e+04 9.449982769083928869e-01
1.176815745299999980e+04 9.420731526834446035e-01
1.177039472299999943e+04 9.422351866205184168e-01
1.177264418499999920e+04 9.401503812879515865e-01
1.177490583800000059e+04 9.408053356881795892e-01
1.177717968400000063e+04 9.404195125889733831e-01
1.177946572200000082e+04 9.382051132092454893e-01
1.178176395199999934e+04 9.409960544437582231e-01
1.178407437299999947e+04 9.394592534785473070e-01
1.178639698700000008e+04 9.419489978477670888e-01
1.178873179200000050e+04 9.429597550124055871e-01
1.179107878899999923e+04 9.456003543509126086e-01
1.179343797799999993e+04 9.440827652457397523e-01
1.179580935900000077e+04 9.456824242704098271e-01
1.179819293199999993e+04 9.479843007864411364e-01
1.180058869699999923e+04 9.495059829647335414e-01
1.180299665400000049e+04 9.526499109906794160e-01
1.180541680300000007e+04 9.523871250008489886e-01
1.180784914299999946e+04 9.541078420582979058e-01
1.181029367599999932e+04 9.567075848061615817e-01
1.181275040000000081e+04 9.603715729681470137e-01
1.181521931699999914e+04 9.623279531131777587e-01
1.181770042500000091e+04 9.611490349503029051e-01
1.182019372499999918e+04 9.612746581148986502e-01
1.182269921699999941e+04 9.612750177218175596e-01
1.182521690099999978e+04 9.611799291292911773e-01
1.182774677700000029e+04 9.589353152946624714e-01
1.183028884499999913e+04 9.584948760960931846e-01
1.183284310499999992e+04 9.583671030226657006e-01
1.183540955600000052e+04 9.568543746959076168e-01
1.183798819999999978e+04 9.550856483197772695e-01
1.184057903500000066e+04 9.554818206375534917e-01
1.184318206199999986e+04 9.506851723395923770e-01
1.184579728199999954e+04 9.549876356568148816e-01
1.184842469300000084e+04 9.527010268295246220e-01
1.185106429600000047e+04 9.517671697144264309e-01
1.185371609100000023e+04 9.540593852106262762e-01
1.185638007800000014e+04 9.563418573490974905e-01
1.185905625599999985e+04 9.549064517937797536e-01
1.186174462700000004e+04 9.561572412339458538e-01
1.186444519000000037e+04 9.582260804609380456e-01
1.186715794400000050e+04 9.576141251587598768e-01
1.186988289099999929e+04 9.593987425509127309e-01
1.187262002899999970e+04 9.597170559811953883e-01
1.187536935900000026e+04 9.602273419190531234e-01
1.187813088099999914e+04 9.598069889485547623e-01
1.188090459499999997e+04 9.627163535767822022e-01
1.188369050099999913e+04 9.634775673467506074e-01
1.188648859900000025e+04 9.675821983677276306e-01
1.188929888899999969e+04 9.669461660399583103e-01
1.189212137099999927e+04 9.674914902000765204e-01
1.189495604400000047e+04 9.693196691809271570e-01
1.189780291000000034e+04 9.695924444489240068e-01
1.190066196700000000e+04 9.716580528018943230e-01
1.190353321700000015e+04 9.690196129266314129e-01
1.190641665800000010e+04 9.700078446808467758e-01
1.190931229100000019e+04 9.676956898531193785e-01
1.191222011600000042e+04 9.665272630579997415e-01
1.191514013300000079e+04 9.669193861929701317e-01
1.191807234199999948e+04 9.673664905349007581e-01
1.192101674300000013e+04 9.670760545764270910e-01
1.192397333500000059e+04 9.663911121840628171e-01
1.192694211999999970e+04 9.656799950253668330e-01
1.192992309600000044e+04 9.671848795569625290e-01
1.193291626499999984e+04 9.662476801458828035e-01
1.193592162500000086e+04 9.690825110144006826e-01
1.193893917700000020e+04 9.694680556105422786e-01
1.194196892099999968e+04 9.683243424406179356e-01
1.194501085799999964e+04 9.696527616014355422e-01
1.194806498500000089e+04 9.699355989926872201e-01
1.195113130500000079e+04 9.719676510313625117e-01
1.195420981700000084e+04 9.730252354205115584e-01
1.195730052099999921e+04 9.704628302451550059e-01
1.196040341599999920e+04 9.737862603657533311e-01
1.196351850399999967e+04 9.749958563274794265e-01
1.196664578299999994e+04 9.771212509012144887e-01
1.196978525500000069e+04 9.773712756939415547e-01
1.197293691799999942e+04 9.777992341332358839e-01
1.197610077300000012e+04 9.787898347551921008e-01
1.197927681999999913e+04 9.792019600562931192e-01
1.198246505900000011e+04 9.809391062809890149e-01
1.198566548999999941e+04 9.815912841551174273e-01
1.198887811200000033e+04 9.835381279823037781e-01
1.199210292699999991e+04 9.818958838481938178e-01
1.199533993399999963e+04 9.815977770972700300e-01
1.199858913199999915e+04 9.810800126471079796e-01
1.200185052299999916e+04 9.807039571326576777e-01
1.200512410500000078e+04 9.813527257652719937e-01
1.200840987900000073e+04 9.824181601474469838e-01
1.201170784500000082e+04 9.819944053272233742e-01
1.201501800299999923e+04 9.801380393281660108e-01
1.201834035299999960e+04 9.817827049209351120e-01
1.202167489500000011e+04 9.807716158077836033e-01
1.202502162900000076e+04 9.819117025795238707e-01
1.202838055399999939e+04 9.837646692787740399e-01
1.203175167200000033e+04 9.830307177234629545e-01
1.203513498199999958e+04 9.823204265715564931e-01
1.203853048300000046e+04 9.818545571205650191e-01
1.204193817599999966e+04 9.817830288768077951e-01
1.204535806100000082e+04 9.842129840494037163e-01
1.204879013900000064e+04 9.851614983380208024e-01
1.205223440800000026e+04 9.856648001592615005e-01
1.205569086799999968e+04 9.874087407616215506e-01
1.205915952099999959e+04 9.891734585993502415e-01
1.206264036599999963e+04 9.903578949097460171e-01
1.206613340299999982e+04 9.894702834508984912e-01
1.206963863099999980e+04 9.909774909215617322e-01
1.207315605200000027e+04 9.924444637164112626e-01
1.207668566400000054e+04 9.918245280365139971e-01
1.208022746799999913e+04 9.949208926278159115e-01
1.208378146500000003e+04 9.937709058336933188e-01
1.208734765300000072e+04 9.938433759010488755e-01
1.209092603299999973e+04 9.958245062255071112e-01
1.209451660500000071e+04 9.951127879139365362e-01
1.209811936900000001e+04 9.960741032053358479e-01
1.210173432399999911e+04 9.957051594429332519e-01
1.210536147200000050e+04 9.946594601689726645e-01
1.210900081099999989e+04 9.959345839277095047e-01
1.211265234299999975e+04 9.943644673740371642e-01
1.211631606599999941e+04 9.966033144725869874e-01
1.211999198199999955e+04 9.962180277038819032e-01
1.212368008899999950e+04 9.959267308334726065e-01
1.212738038799999958e+04 9.958649753869124321e-01
1.213109287899999981e+04 9.945262446364538933e-01
1.213481756200000018e+04 9.964434183310487692e-01
1.213855443700000069e+04 9.981560327652747588e-01
1.214230350299999918e+04 9.986428310723769464e-01
1.214606476199999997e+04 9.967450875861875170e-01
1.214983821300000091e+04 9.998253005891183376e-01
1.215362385499999982e+04 9.992024843271508638e-01
1.215742168900000070e+04 1.001896182026548621e+00
1.216123171600000023e+04 1.002229540191249768e+00
1.216505393399999957e+04 1.001302259506821057e+00
1.216888834400000087e+04 1.004866067996698531e+00
1.217273494600000049e+04 1.002888952426748359e+00
1.217659374000000025e+04 1.006610257985197654e+00
1.218046472600000016e+04 1.007437829034823817e+00
1.218434790299999986e+04 1.006207258859068476e+00
1.218824327300000004e+04 1.008698648711140233e+00
1.219215083500000037e+04 1.007499429509028710e+00
1.219607058800000050e+04 1.008992914366112936e+00
1.220000253300000077e+04 1.009705265654599948e+00
1.220394667099999970e+04 1.009209977221356302e+00
1.220790300000000025e+04 1.010212312355237119e+00
1.221187152099999912e+04 1.011294455052864194e+00
1.221585223399999995e+04 1.008539913321024217e+00
1.221984513899999911e+04 1.011657266083223261e+00
1.222385023600000022e+04 1.009099206279274075e+00
1.222786752399999932e+04 1.012735671196145049e+00
1.223189700500000072e+04 1.012344852888114266e+00
1.223593867800000044e+04 1.010389697940836440e+00
1.223999254199999996e+04 1.011898392798589619e+00
1.224405859799999962e+04 1.011089103870637773e+00
1.224813684699999976e+04 1.012821765548053143e+00
1.225222728699999971e+04 1.013036595007342111e+00
1.225632991899999979e+04 1.014901629046992770e+00
1.226044474300000002e+04 1.015447389479472662e+00
1.226457175900000038e+04 1.015958926710429866e+00
1.226871096700000089e+04 1.014562076455395978e+00
1.227286236599999938e+04 1.015828061872560362e+00
1.227702595800000017e+04 1.014493285754326513e+00
1.228120174199999929e+04 1.016509346744761455e+00
1.228538971700000002e+04 1.019101931155413476e+00
1.228958988400000089e+04 1.020854340247046466e+00
1.229380224400000043e+04 1.019076539634373946e+00
1.229802679499999977e+04 1.021145784052719163e+00
1.230226353799999924e+04 1.021587679874081944e+00
1.230651247300000068e+04 1.022709902608676114e+00
1.231077360000000044e+04 1.022590724405870732e+00
1.231504691900000034e+04 1.024387323396583449e+00
1.231933242900000005e+04 1.023628159768303458e+00
1.232363013200000023e+04 1.024819802668643698e+00
1.232794002600000022e+04 1.025766317150648366e+00
1.233226211300000068e+04 1.026011271839588845e+00
1.233659639099999913e+04 1.025381523203696688e+00
1.234094286099999954e+04 1.026460804614451883e+00
1.234530152400000043e+04 1.026682599995971223e+00
1.234967237799999930e+04 1.027196542117578826e+00
1.235405542400000013e+04 1.027347986270676250e+00
1.235845066199999928e+04 1.028844623192016972e+00
1.236285809100000006e+04 1.029095853190814980e+00
1.236727771299999949e+04 1.028662806207361724e+00
1.237170952700000089e+04 1.030148084403621933e+00
1.237615353200000027e+04 1.029872778152324919e+00
1.238060973000000013e+04 1.031700849628540917e+00
1.238507811899999979e+04 1.031242106417958215e+00
1.238955869999999959e+04 1.031733822722365135e+00
1.239405147299999953e+04 1.032022272402382201e+00
1.239855643799999962e+04 1.030912973939913657e+00
1.240307359499999984e+04 1.031980068026692399e+00
1.240760294400000021e+04 1.032293738386262039e+00
1.241214448500000071e+04 1.034458105988934395e+00
1.241669821799999954e+04 1.036293975152770219e+00
1.242126414199999999e+04 1.038822325930426116e+00
1.242584225899999910e+04 1.038714439637752118e+00
1.243043256699999984e+04 1.038631542717131762e+00
1.243503506799999923e+04 1.037069433362811433e+00
1.243964976000000024e+04 1.038780389460862041e+00
1.244427664399999958e+04 1.039272616014683237e+00
1.244891572000000087e+04 1.040188930604041939e+00
1.245356698800000049e+04 1.041186299846774688e+00
1.245823044800000025e+04 1.041545603372821427e+00
1.246290610000000015e+04 1.040233540943960033e+00
1.246759394299999985e+04 1.043572242342369893e+00
1.247229397900000004e+04 1.042326676798705165e+00
1.247700620600000002e+04 1.044038958997590694e+00
1.248173062600000048e+04 1.046715303784197637e+00
1.248646723700000075e+04 1.044054847100717387e+00
1.249121603999999934e+04 1.043203681265761906e+00
1.249597703600000023e+04 1.046453668351757571e+00
1.250075022299999910e+04 1.048426014985186505e+00
1.250553560199999993e+04 1.047924666626158796e+00
1.251033317200000056e+04 1.045222890097447177e+00
1.251514293499999985e+04 1.048024385770595979e+00
1.251996488999999929e+04 1.047402157551640345e+00
1.252479903700000068e+04 1.048498618192530207e+00
1.252964537500000006e+04 1.051899648789787811e+00
