1.138059698199999912e+04 2.114552590430444912e-01
1.138559698199999912e+04 3.177613966614852847e-01
1.139059698199999912e+04 1.922278938951851590e-01
1.139559698199999912e+04 2.340217589995984004e-01
1.140059698199999912e+04 1.970295802003103613e-01
1.140559698199999912e+04 1.885983461810332718e-01
1.141059698199999912e+04 2.399663370892207159e-01
1.141559698199999912e+04 1.798749295667811665e-01
1.142059698199999912e+04 2.084351233196477249e-01
1.142559698199999912e+04 2.119824999796225684e-01
1.143059698199999912e+04 1.630543666464567831e-01
1.143559698199999912e+04 2.466838875803692432e-01
1.144059698199999912e+04 1.889813007523918342e-01
1.144559698199999912e+04 1.604919663384359041e-01
1.145059698199999912e+04 2.256533516774255621e-01
1.145559698199999912e+04 1.546187677287065021e-01
1.146059698199999912e+04 2.016594682584900988e-01
1.146559698199999912e+04 2.004576914391094922e-01
1.147059698199999912e+04 2.559258075663785048e-01
1.147559698199999912e+04 2.261740225653631753e-01
1.148059698199999912e+04 2.018718189355671877e-01
1.148559698199999912e+04 2.449538227003053847e-01
1.149059698199999912e+04 2.745251198249116231e-01
1.149559698199999912e+04 2.339869337635022972e-01
1.150059698199999912e+04 2.077247929272855453e-01
1.150559698199999912e+04 1.429878958652169296e-01
1.151059698199999912e+04 1.568034067830851030e-01
1.151559698199999912e+04 1.963601377245504931e-01
1.152059698199999912e+04 1.832388323900048244e-01
1.152559698199999912e+04 2.069890505642170142e-01
1.153059698199999912e+04 2.223244356644508701e-01
1.153400000000000000e+04 2.487530471458287706e-01
1.153500000000000000e+04 2.196573002485386616e-01
1.153600000000000000e+04 2.487162265883175738e-01
1.153700000000000000e+04 2.285430825553757539e-01
1.153800000000000000e+04 1.278058966693709775e-01
1.153900000000000000e+04 1.807975296098398854e-01
1.154000000000000000e+04 2.216723047212725284e-01
1.154100000000000000e+04 1.697648587682902832e-01
1.154120000000000073e+04 2.606496902452917763e-01
1.154139999999999964e+04 3.069829166020108246e-01
1.154160000000000036e+04 2.923723899534333426e-01
1.154179999999999927e+04 2.220986116425676671e-01
1.154200000000000000e+04 3.061689031942906314e-01
1.154220000000000073e+04 2.394266656826612993e-01
1.154239999999999964e+04 2.169495538508421362e-01
1.154260000000000036e+04 2.026898353044747081e-01
1.154279999999999927e+04 2.181223188165310745e-01
1.154300000000000000e+04 2.141343828614217237e-01
1.154320000000000073e+04 2.428234200905080575e-01
1.154339999999999964e+04 2.426942516129985405e-01
1.154360000000000036e+04 2.356292927566548678e-01
1.154379999999999927e+04 2.575512261608250975e-01
1.154400000000000000e+04 2.956569137125682478e-01
1.154420000000000073e+04 2.824496658384935688e-01
1.154439999999999964e+04 1.624037761807526070e-01
1.154460000000000036e+04 1.093128042463450689e-01
1.154479999999999927e+04 2.840216996169726005e-01
1.154500000000000000e+04 1.690421243854217104e-01
1.154520000000000073e+04 2.269462497383178679e-01
1.154539999999999964e+04 1.803186508324466364e-01
1.154560000000000036e+04 1.492301229048074440e-01
1.154579999999999927e+04 2.665964635450923659e-01
1.154600000000000000e+04 2.782911521662343457e-01
1.154620000000000073e+04 2.119960399426043807e-01
1.154639999999999964e+04 1.118640563097228202e-01
1.154660000000000036e+04 2.146110988285854781e-01
1.154679999999999927e+04 2.621071572760020341e-01
1.154700000000000000e+04 1.684783060074433458e-01
1.154720000000000073e+04 2.515139014788453364e-01
1.154739999999999964e+04 2.435845387856605260e-01
1.154760000000000036e+04 2.742398908058257256e-01
1.154779999999999927e+04 2.508812714291943635e-01
1.154800000000000000e+04 1.972025347642989146e-01
1.154820000000000073e+04 3.066915470720492642e-01
1.154839999999999964e+04 2.390555533530073495e-01
1.154860000000000036e+04 2.466851438069131430e-01
1.154879999999999927e+04 2.021259115270621354e-01
1.154900000000000000e+04 2.272646683487873354e-01
1.154920000000000073e+04 2.050112325099462673e-01
1.154939999999999964e+04 2.416485570430699503e-01
1.154960000000000036e+04 3.367508682613943316e-01
1.154979999999999927e+04 1.841538285845733536e-01
1.155000000000000000e+04 1.726981665699346968e-01
1.155020000000000073e+04 3.270556013188892219e-01
1.155039999999999964e+04 2.436692980536235287e-01
1.155060000000000036e+04 2.223236108815006828e-01
1.155079999999999927e+04 3.078197023609919869e-01
1.155100000000000000e+04 2.272313079450057616e-01
1.155120000000000073e+04 3.495444453581647015e-01
1.155139999999999964e+04 2.930703278362142283e-01
1.155160000000000036e+04 2.365237232332381145e-01
1.155179999999999927e+04 3.693215166672670913e-01
1.155200000000000000e+04 2.328220955631304934e-01
1.155220000000000073e+04 3.009267498265911778e-01
1.155239999999999964e+04 2.790204385267468501e-01
1.155260000000000036e+04 3.300778025211547062e-01
1.155279999999999927e+04 3.456452157697854632e-01
1.155300000000000000e+04 2.720022211036080551e-01
1.155320000000000073e+04 2.323132070082815637e-01
1.155339999999999964e+04 2.942328030626713553e-01
1.155360000000000036e+04 2.402777744199652010e-01
1.155379999999999927e+04 3.754887668227236408e-01
1.155400000000000000e+04 2.833683150886237567e-01
1.155420000000000073e+04 2.608540960661164809e-01
1.155439999999999964e+04 2.883862229821707035e-01
1.155460000000000036e+04 2.125766171349440792e-01
1.155479999999999927e+04 2.351000594374758890e-01
1.155500000000000000e+04 3.460848721228772518e-01
1.155520000000000073e+04 2.545820591765848850e-01
1.155539999999999964e+04 2.362694251288820768e-01
1.155560000000000036e+04 3.184147989559727998e-01
1.155579999999999927e+04 3.528907903088182030e-01
1.155600000000000000e+04 3.323841051095638432e-01
1.155620000000000073e+04 3.483505950725553912e-01
1.155639999999999964e+04 2.630373331348072607e-01
1.155660000000000036e+04 2.324863537450576056e-01
1.155679999999999927e+04 3.817684146214636032e-01
1.155700000000000000e+04 2.939937886932262878e-01
1.155720000000000073e+04 3.010688753414397234e-01
1.155739999999999964e+04 3.835647857293059682e-01
1.155760000000000036e+04 3.494415415111146728e-01
1.155779999999999927e+04 3.466928806776425342e-01
1.155800000000000000e+04 4.356246700755233014e-01
1.155820000000000073e+04 2.994059686635905382e-01
1.155839999999999964e+04 3.827282264599680128e-01
1.155860000000000036e+04 3.433952882533328199e-01
1.155879999999999927e+04 3.592759097139180957e-01
1.155900000000000000e+04 4.279831580793807544e-01
1.155920000000000073e+04 3.819760408785689565e-01
1.155939999999999964e+04 3.912685619941789761e-01
1.155960000000000036e+04 4.233518339384584883e-01
1.155979999999999927e+04 3.591882436463045836e-01
1.156000000000000000e+04 3.426029057476766004e-01
1.156020000000000073e+04 3.399661721932338287e-01
1.156039999999999964e+04 3.028254179435874160e-01
1.156060000000000036e+04 5.127646482418830587e-01
1.156079999999999927e+04 3.647832766787721948e-01
1.156100000000000000e+04 4.197988391897145011e-01
1.156120000000000073e+04 4.270311693026194177e-01
1.156139999999999964e+04 4.694776138909724228e-01
1.156160000000000036e+04 5.074840208408728515e-01
1.156179999999999927e+04 5.250463720154179281e-01
1.156200000000000000e+04 4.686022497975136369e-01
1.156220000000000073e+04 5.069801217348046674e-01
1.156239999999999964e+04 5.465319577156968478e-01
1.156260000000000036e+04 5.384060319816211804e-01
1.156279999999999927e+04 6.525320285574833790e-01
1.156300000000000000e+04 6.195692914742157997e-01
1.156320000000000073e+04 6.539482354936335673e-01
1.156339999999999964e+04 6.749793896353141198e-01
1.156360000000000036e+04 7.273938491946093654e-01
1.156379999999999927e+04 7.053168629394963585e-01
1.156400000000000000e+04 6.597605125139285320e-01
1.156420000000000073e+04 7.740298125422474529e-01
1.156439999999999964e+04 7.508617223097688864e-01
1.156460000000000036e+04 7.860771595987163796e-01
1.156479999999999927e+04 8.730487927744732257e-01
1.156500000000000000e+04 9.338914689303929872e-01
1.156520000000000073e+04 9.007012107822816027e-01
1.156539999999999964e+04 9.429526466616547919e-01
1.156560000000000036e+04 1.037080204375098180e+00
1.156579999999999927e+04 9.882981060232075565e-01
1.156600000000000000e+04 1.130025710393399940e+00
1.156620000000000073e+04 1.047930319156700651e+00
1.156639999999999964e+04 9.484574758758789192e-01
1.156660000000000036e+04 1.090291804249535978e+00
1.156679999999999927e+04 1.085980139466389494e+00
1.156700000000000000e+04 1.143491648899871871e+00
1.156720000000000073e+04 1.123224321745793786e+00
1.156739999999999964e+04 1.090468083776953812e+00
1.156760000000000036e+04 1.041030210644102727e+00
1.156779999999999927e+04 1.097618397999428730e+00
1.156800000000000000e+04 1.067940303570508176e+00
1.156820000000000073e+04 1.082620795035986516e+00
1.156839999999999964e+04 1.142205120802239904e+00
1.156860000000000036e+04 1.193836709035608790e+00
1.156879999999999927e+04 1.127355882747787641e+00
1.156900000000000000e+04 1.044253713600898692e+00
1.156920000000000073e+04 1.123296375942723024e+00
1.156939999999999964e+04 1.156336024848010791e+00
1.156960000000000036e+04 1.059229468049314837e+00
1.156979999999999927e+04 1.075856091394244096e+00
1.157000000000000000e+04 1.075505357724322320e+00
1.157020000000000073e+04 1.028307635060688119e+00
1.157039999999999964e+04 1.092454986973967035e+00
1.157060000000000036e+04 1.045265827660057267e+00
1.157079999999999927e+04 1.063718375588430076e+00
1.157100000000000000e+04 9.896521976710247470e-01
1.157120000000000073e+04 1.003915689817245660e+00
1.157139999999999964e+04 1.053258866896739310e+00
1.157160000000000036e+04 9.902559379411796092e-01
1.157179999999999927e+04 1.088255869966366030e+00
1.157200000000000000e+04 9.745580965866408318e-01
1.157220000000000073e+04 9.982493799614035046e-01
1.157239999999999964e+04 1.026353602685303068e+00
1.157260000000000036e+04 9.016480575355482197e-01
1.157279999999999927e+04 8.784754393315784560e-01
1.157300000000000000e+04 8.847734765394312806e-01
1.157320000000000073e+04 1.018108243018733150e+00
1.157339999999999964e+04 9.217910625259899682e-01
1.157360000000000036e+04 1.072978377728717625e+00
1.157379999999999927e+04 9.117254975058376454e-01
1.157400000000000000e+04 9.443569479166579184e-01
1.157420000000000073e+04 1.008718262934107601e+00
1.157439999999999964e+04 1.027941970736272248e+00
1.157460000000000036e+04 1.026784030057695585e+00
1.157479999999999927e+04 9.809155320626603558e-01
1.157500000000000000e+04 9.686980257834980623e-01
1.157520000000000073e+04 9.442603721847471210e-01
1.157539999999999964e+04 9.514638631571632477e-01
1.157560000000000036e+04 8.825076034972276773e-01
1.157579999999999927e+04 8.667853940726362172e-01
1.157600000000000000e+04 9.057413724929124221e-01
1.157620000000000073e+04 8.958707226679365476e-01
1.157639999999999964e+04 8.812771891188062590e-01
1.157660000000000036e+04 9.366527252873243503e-01
1.157679999999999927e+04 9.490432624986265830e-01
1.157700000000000000e+04 9.046891285827094453e-01
1.157720000000000073e+04 9.732741290936420819e-01
1.157739999999999964e+04 8.425137914484166490e-01
1.157760000000000036e+04 8.897113421606197559e-01
1.157779999999999927e+04 8.635021543201195637e-01
1.157800000000000000e+04 8.061398979149119182e-01
1.157820000000000073e+04 8.954400069934269624e-01
1.157839999999999964e+04 8.933403950128790960e-01
1.157860000000000036e+04 9.762086850581292996e-01
1.157879999999999927e+04 9.326515890308711976e-01
1.157900000000000000e+04 8.502722023775507454e-01
1.157920000000000073e+04 9.947981176371261114e-01
1.157939999999999964e+04 9.634637333230093859e-01
1.157960000000000036e+04 9.317549541078324893e-01
1.157979999999999927e+04 8.912040214978341757e-01
1.158000000000000000e+04 8.564756268591980914e-01
1.158020000000000073e+04 8.845255992013612012e-01
1.158039999999999964e+04 9.588653354752977309e-01
1.158060000000000036e+04 9.994477027695158888e-01
1.158079999999999927e+04 9.824733489179779955e-01
1.158100000000000000e+04 8.796385140117396473e-01
1.158120000000000073e+04 8.496455869071334321e-01
1.158139999999999964e+04 9.115939337394064479e-01
1.158160000000000036e+04 8.154106779847620778e-01
1.158179999999999927e+04 9.203469439227379700e-01
1.158200000000000000e+04 8.967475935728826952e-01
1.158220000000000073e+04 8.796700977336388005e-01
1.158239999999999964e+04 8.225985373610609219e-01
1.158260000000000036e+04 9.272011812861159497e-01
1.158279999999999927e+04 8.730161439305273996e-01
1.158300000000000000e+04 8.406939941535710448e-01
1.158320000000000073e+04 7.549515053160855693e-01
1.158339999999999964e+04 8.959167583456730810e-01
1.158360000000000036e+04 9.853143291543129401e-01
1.158379999999999927e+04 9.784932124813766618e-01
1.158400000000000000e+04 8.723996339838393510e-01
1.158420000000000073e+04 8.639038727062199330e-01
1.158439999999999964e+04 9.169982532589205926e-01
1.158460000000000036e+04 8.419465336102187614e-01
1.158479999999999927e+04 9.067812806781210266e-01
1.158500000000000000e+04 9.289448306141614431e-01
1.158520000000000073e+04 9.509486409953732400e-01
1.158539999999999964e+04 8.850342948979179614e-01
1.158560000000000036e+04 8.791266410857339064e-01
1.158579999999999927e+04 8.448698463428104821e-01
1.158600000000000000e+04 8.481117302840680550e-01
1.158620000000000073e+04 8.772369272894283698e-01
1.158639999999999964e+04 9.070865948325467221e-01
1.158660000000000036e+04 9.344934009064557179e-01
1.158679999999999927e+04 8.493943577063022277e-01
1.158700000000000000e+04 9.629992537884218828e-01
1.158720000000000073e+04 8.756651347612718350e-01
1.158739999999999964e+04 8.888907667092093012e-01
1.158760000000000036e+04 8.534277830143379706e-01
1.158779999999999927e+04 7.699665662409966860e-01
1.158800000000000000e+04 9.367785920120850207e-01
1.158820000000000073e+04 9.301448226386845874e-01
1.158839999999999964e+04 8.788184075494414049e-01
1.158860000000000036e+04 8.972515823863954632e-01
1.158879999999999927e+04 9.204622908260818859e-01
1.158900000000000000e+04 8.205612753049803532e-01
1.158920000000000073e+04 8.712424340003940282e-01
1.158939999999999964e+04 9.390336064790122395e-01
1.158960000000000036e+04 8.371971267650168969e-01
1.158979999999999927e+04 9.171739086207895131e-01
1.159000000000000000e+04 8.348070619769127898e-01
1.159020000000000073e+04 9.270570580768896507e-01
1.159039999999999964e+04 9.046916049597205634e-01
1.159060000000000036e+04 8.267475932901247049e-01
1.159079999999999927e+04 9.671956673027826135e-01
1.159100000000000000e+04 8.734602384664326147e-01
1.159120000000000073e+04 8.708430878889907856e-01
1.159139999999999964e+04 9.231419060085497286e-01
1.159160000000000036e+04 9.732591932159124770e-01
1.159179999999999927e+04 8.663740294750390536e-01
1.159200000000000000e+04 9.226902060100924396e-01
1.159220000000000073e+04 9.430668001933504296e-01
1.159239999999999964e+04 9.578111935210850136e-01
1.159260000000000036e+04 9.343706477406195088e-01
1.159279999999999927e+04 9.070679186799073257e-01
1.159300000000000000e+04 8.858318650752827761e-01
1.159320000000000073e+04 9.340225042437078073e-01
1.159339999999999964e+04 8.778979682071388346e-01
1.159360000000000036e+04 7.851334565083115669e-01
1.159379999999999927e+04 9.547144336177807444e-01
1.159400000000000000e+04 9.782821687671880984e-01
1.159420000000000073e+04 8.154616460489975127e-01
1.159439999999999964e+04 8.850490375771030704e-01
1.159460000000000036e+04 9.663559695464606358e-01
1.159479999999999927e+04 1.036793992001537656e+00
1.159500000000000000e+04 9.362851543787136244e-01
1.159520000000000073e+04 8.983260539314650295e-01
1.159539999999999964e+04 9.258574035190638707e-01
1.159560000000000036e+04 1.003805022380397594e+00
1.159579999999999927e+04 9.032241974120746031e-01
1.159600000000000000e+04 8.951104448334419317e-01
1.159620000000000073e+04 9.089739283259929969e-01
1.159639999999999964e+04 8.848992325004551018e-01
1.159660000000000036e+04 9.381682908894852790e-01
1.159679999999999927e+04 1.013316825254274134e+00
1.159700000000000000e+04 9.467622774807267216e-01
1.159770000000000073e+04 9.138944566145689175e-01
1.159839999999999964e+04 9.082156982751420360e-01
1.159910000000000036e+04 8.407240681236394231e-01
1.159979999999999927e+04 9.591211210644340346e-01
1.160050000000000000e+04 9.076278831387857293e-01
1.160120000000000073e+04 8.996688264132342017e-01
1.160189999999999964e+04 1.065800788572283109e+00
1.160260000000000036e+04 9.192267825952484817e-01
1.160329999999999927e+04 8.649028329180326047e-01
1.160499369499999921e+04 8.769633338914235576e-01
1.160599958300000071e+04 9.546129554321471922e-01
1.160701766200000020e+04 9.020887789187289618e-01
1.160804793299999983e+04 8.247311622929560659e-01
1.160909039599999960e+04 9.437579106775495497e-01
1.161014505099999951e+04 8.676129062538646686e-01
1.161121189799999956e+04 9.986798423790073098e-01
1.161229093699999976e+04 9.643697020645539686e-01
1.161338216699999975e+04 8.933505750386512290e-01
1.161448559000000023e+04 9.855785575326792003e-01
1.161560120400000051e+04 9.309623963134544544e-01
1.161672901099999945e+04 9.761792331883265561e-01
1.161786900900000001e+04 9.623087676318788919e-01
1.161902119900000071e+04 8.999058147824079423e-01
1.162018558200000007e+04 9.124788161476297121e-01
1.162136215599999923e+04 9.981840929255891837e-01
1.162255092200000036e+04 9.293938326727563259e-01
1.162375187899999946e+04 9.257307381493342646e-01
1.162496502900000087e+04 8.974424749219903630e-01
1.162619037100000060e+04 9.634571054167671011e-01
1.162742790400000013e+04 1.043052122177980046e+00
1.162867763000000014e+04 8.833693903433288419e-01
1.162993954699999995e+04 9.362284119695393203e-01
1.163121365700000024e+04 1.002973061504867092e+00
1.163249995800000033e+04 9.254914038558340605e-01
1.163379845100000057e+04 9.500945246781100639e-01
1.163510913599999913e+04 8.719366968366721871e-01
1.163643201299999964e+04 9.433771601648395233e-01
1.163776708200000030e+04 9.099500753986080603e-01
1.163911434200000076e+04 9.664233845632552722e-01
1.164047379499999988e+04 9.744140684972039113e-01
1.164184543999999914e+04 1.041994346748861044e+00
1.164322927600000003e+04 9.388786787589549210e-01
1.164462530499999957e+04 9.247018374994993017e-01
1.164603352500000074e+04 9.179775889202625994e-01
1.164745393700000022e+04 8.892645837204394832e-01
1.164888654099999985e+04 9.240338422257511342e-01
1.165033133699999962e+04 8.931275137905138051e-01
1.165178832499999953e+04 9.188401479214840517e-01
1.165325750499999958e+04 9.787539448406239462e-01
1.165473887699999977e+04 8.651383790021025533e-01
1.165623243999999977e+04 9.769181021897173078e-01
1.165773819600000024e+04 9.893952548596773866e-01
1.165925614300000052e+04 9.219103895715011765e-01
1.166078628299999946e+04 8.262756754644328128e-01
1.166232861400000002e+04 9.065208999205556228e-01
1.166388313700000072e+04 1.005435642474906022e+00
1.166544985199999974e+04 9.439788821953090103e-01
1.166702875900000072e+04 8.991686548651112165e-01
1.166861985800000002e+04 9.277067657171833570e-01
1.167022314899999947e+04 9.994670422789578845e-01
1.167183863200000087e+04 9.890001966677757217e-01
1.167346630700000060e+04 9.536887502714781473e-01
1.167510617300000013e+04 9.525319187132644805e-01
1.167675823200000013e+04 9.566333970096912998e-01
1.167842248199999995e+04 9.355473789772487114e-01
1.168009892399999990e+04 1.067600363255480467e+00
1.168178755799999999e+04 9.766672260068997025e-01
1.168348838500000056e+04 1.059985540857441233e+00
1.168520140299999912e+04 1.081068663431181909e+00
1.168692661299999963e+04 1.060120023880680717e+00
1.168866401399999995e+04 9.934104193707284924e-01
1.169041360800000075e+04 1.038889882586492064e+00
1.169217539399999987e+04 1.021427716640246786e+00
1.169394937100000061e+04 9.795463090208843537e-01
1.169573554100000001e+04 1.042746486940443251e+00
1.169753390199999922e+04 9.680944160419090450e-01
1.169934445500000038e+04 1.086310531882217933e+00
1.170116720100000020e+04 1.001883713156135780e+00
1.170300213799999983e+04 1.033515201761852964e+00
1.170484926699999960e+04 1.035863664828834851e+00
1.170670858799999951e+04 1.005914539741471270e+00
1.170858009999999922e+04 1.045463023666371116e+00
1.171046380499999941e+04 9.882112352577502312e-01
1.171235970199999974e+04 1.053052543954183795e+00
1.171426778999999988e+04 9.382034556446052775e-01
1.171618807100000049e+04 1.008569072159133606e+00
1.171812054300000091e+04 1.095568663439774104e+00
1.172006520699999965e+04 9.445021094440495535e-01
1.172202206400000068e+04 9.567266855665177427e-01
1.172399111199999970e+04 1.012300385110439072e+00
1.172597235200000068e+04 9.920619222726207997e-01
1.172796578399999999e+04 9.970633979070374631e-01
1.172997140700000091e+04 9.994554011580912833e-01
1.173198922300000049e+04 1.002947604945847671e+00
1.173401923100000022e+04 1.024607932953681688e+00
1.173606142999999975e+04 9.859592873412341696e-01
1.173811582199999975e+04 9.504157396231662780e-01
1.174018240499999956e+04 9.938033615535091236e-01
1.174226117999999951e+04 1.052810047495084333e+00
1.174435214799999994e+04 9.493825808617062378e-01
1.174645530700000018e+04 9.050445689518900050e-01
1.174857065800000055e+04 1.009258686656042681e+00
1.175069820099999924e+04 9.465483947849382407e-01
1.175283793499999956e+04 8.430004378092036399e-01
1.175498986200000036e+04 9.935544197540184808e-01
1.175715398099999948e+04 9.238060985152196647e-01
1.175933029100000022e+04 9.437694047898228522e-01
1.176151879399999962e+04 9.640565952463054922e-01
1.176371948800000064e+04 9.552019515104811509e-01
1.176593237399999998e+04 9.797614159482058716e-01
1.176815745299999980e+04 9.207343205255222873e-01
1.177039472299999943e+04 9.673773707311464909e-01
1.177264418499999920e+04 9.274325940863396012e-01
1.177490583800000059e+04 9.770070492516672589e-01
1.177717968400000063e+04 9.705725193056130573e-01
1.177946572200000082e+04 8.923686168090603221e-01
1.178176395199999934e+04 9.942091781363348035e-01
1.178407437299999947e+04 9.131970446679590347e-01
1.178639698700000008e+04 9.815438299635431685e-01
1.178873179200000050e+04 9.609568333690713393e-01
1.179107878899999923e+04 1.035671354513873599e+00
1.179343797799999993e+04 9.331329321095189755e-01
1.179580935900000077e+04 9.285659012606181095e-01
1.179819293199999993e+04 9.470327400979422494e-01
1.180058869699999923e+04 9.346501736058540066e-01
1.180299665400000049e+04 9.918470641858397885e-01
1.180541680300000007e+04 8.731879051874561481e-01
1.180784914299999946e+04 9.024774035201266198e-01
1.181029367599999932e+04 9.043852416487810908e-01
1.181275040000000081e+04 1.006936644974852246e+00
1.181521931699999914e+04 1.046148008369692128e+00
1.181770042500000091e+04 9.560310232419667598e-01
1.182019372499999918e+04 9.530023936785880778e-01
1.182269921699999941e+04 9.647075737143634422e-01
1.182521690099999978e+04 1.018111965957092524e+00
1.182774677700000029e+04 9.134950117193243457e-01
1.183028884499999913e+04 9.701749562500976420e-01
1.183284310499999992e+04 1.006151786882004906e+00
1.183540955600000052e+04 9.814079890229601144e-01
1.183798819999999978e+04 9.643751475331157064e-01
1.184057903500000066e+04 1.004533079173343335e+00
1.184318206199999986e+04 8.182267899826297652e-01
1.184579728199999954e+04 9.882035263138293502e-01
1.184842469300000084e+04 9.206513183562808900e-01
1.185106429600000047e+04 8.620661577684600729e-01
1.185371609100000023e+04 9.791083125873503157e-01
1.185638007800000014e+04 1.023651126062082417e+00
1.185905625599999985e+04 9.481714745770228880e-01
1.186174462700000004e+04 1.002848094046889793e+00
1.186444519000000037e+04 1.037227715102381653e+00
1.186715794400000050e+04 1.022044933384378185e+00
1.186988289099999929e+04 1.039757004490110992e+00
1.187262002899999970e+04 9.960813030437181137e-01
1.187536935900000026e+04 9.639235902252311083e-01
1.187813088099999914e+04 8.813106641655935602e-01
1.188090459499999997e+04 9.506592916584147845e-01
1.188369050099999913e+04 9.221584841762572315e-01
1.188648859900000025e+04 1.073958391525120515e+00
1.188929888899999969e+04 9.583277612307737892e-01
1.189212137099999927e+04 9.735285257325162478e-01
1.189495604400000047e+04 9.963424526069101228e-01
1.189780291000000034e+04 9.717289643211741712e-01
1.190066196700000000e+04 1.054715553783001303e+00
1.190353321700000015e+04 9.385097942016433770e-01
1.190641665800000010e+04 9.795436099874716973e-01
1.190931229100000019e+04 9.313146311539151068e-01
1.191222011600000042e+04 9.018461600081850715e-01
1.191514013300000079e+04 9.369427007386111894e-01
1.191807234199999948e+04 9.655516874795284643e-01
1.192101674300000013e+04 9.460402455750813733e-01
1.192397333500000059e+04 9.324624841702439104e-01
1.192694211999999970e+04 8.967704393054469758e-01
1.192992309600000044e+04 9.631127064981565011e-01
1.193291626499999984e+04 8.925163818183636799e-01
1.193592162500000086e+04 1.006325253235191175e+00
1.193893917700000020e+04 9.735076035043328524e-01
1.194196892099999968e+04 8.969043189668363114e-01
1.194501085799999964e+04 9.545015168259922689e-01
1.194806498500000089e+04 9.330799351187486490e-01
1.195113130500000079e+04 9.876072020419023323e-01
1.195420981700000084e+04 1.038707307275645642e+00
1.195730052099999921e+04 8.785793792325135021e-01
1.196040341599999920e+04 9.794225382439768479e-01
1.196351850399999967e+04 9.671493493447139711e-01
1.196664578299999994e+04 1.010016914647287267e+00
1.196978525500000069e+04 9.878179104775882680e-01
1.197293691799999942e+04 9.409527368780337131e-01
1.197610077300000012e+04 9.631561919075278810e-01
1.197927681999999913e+04 9.401966930729221961e-01
1.198246505900000011e+04 1.033663456072320352e+00
1.198566548999999941e+04 9.826355549400426215e-01
1.198887811200000033e+04 1.076696471584201120e+00
1.199210292699999991e+04 9.789235039712773645e-01
1.199533993399999963e+04 9.468858455186572876e-01
1.199858913199999915e+04 9.069080074090793975e-01
1.200185052299999916e+04 8.923501129961163292e-01
1.200512410500000078e+04 9.037300645580029768e-01
1.200840987900000073e+04 9.955073660470097341e-01
1.201170784500000082e+04 1.006921931465490028e+00
1.201501800299999923e+04 9.026596949285914384e-01
1.201834035299999960e+04 1.025639582310664766e+00
1.202167489500000011e+04 9.571016242752949932e-01
1.202502162900000076e+04 9.891045601668158049e-01
1.202838055399999939e+04 1.062763480063289911e+00
1.203175167200000033e+04 1.026975844200874066e+00
1.203513498199999958e+04 9.691624248241708095e-01
1.203853048300000046e+04 9.381861380752160029e-01
1.204193817599999966e+04 8.763440742116719306e-01
1.204535806100000082e+04 9.489744714065251330e-01
1.204879013900000064e+04 9.748161166354637475e-01
1.205223440800000026e+04 9.372930033288535689e-01
1.205569086799999968e+04 9.809771493740986337e-01
1.205915952099999959e+04 9.929392008643298517e-01
1.206264036599999963e+04 9.793399518011501881e-01
1.206613340299999982e+04 9.576201569905490318e-01
1.206963863099999980e+04 9.992415698479314434e-01
1.207315605200000027e+04 1.014099555545312281e+00
1.207668566400000054e+04 9.383949732418145340e-01
1.208022746799999913e+04 1.064056579235383104e+00
1.208378146500000003e+04 9.889400873517645296e-01
1.208734765300000072e+04 9.947670074253464056e-01
1.209092603299999973e+04 1.030527012965078537e+00
1.209451660500000071e+04 1.006540378345848197e+00
1.209811936900000001e+04 1.042777798267084943e+00
1.210173432399999911e+04 1.009774243537822747e+00
1.210536147200000050e+04 9.646500288115912314e-01
1.210900081099999989e+04 1.013648256662808445e+00
1.211265234299999975e+04 9.383218832153247257e-01
1.211631606599999941e+04 1.001922740055636751e+00
1.211999198199999955e+04 9.945897581623033279e-01
1.212368008899999950e+04 9.857290048271181160e-01
1.212738038799999958e+04 9.895666373264048188e-01
1.213109287899999981e+04 9.023156414070695464e-01
1.213481756200000018e+04 9.695558978517416771e-01
1.213855443700000069e+04 1.002705432921189299e+00
1.214230350299999918e+04 1.006475794280249580e+00
1.214606476199999997e+04 9.463890056808155204e-01
1.214983821300000091e+04 1.061844984791488811e+00
1.215362385499999982e+04 9.567599167646403391e-01
1.215742168900000070e+04 1.049399584852358736e+00
1.216123171600000023e+04 1.023162063922962384e+00
1.216505393399999957e+04 9.696371213244746601e-01
1.216888834400000087e+04 1.091856301734564605e+00
1.217273494600000049e+04 9.444007476706808291e-01
1.217659374000000025e+04 1.051648812492087748e+00
1.218046472600000016e+04 1.056466362618929677e+00
1.218434790299999986e+04 9.733468686143129656e-01
1.218824327300000004e+04 1.076929448414292390e+00
1.219215083500000037e+04 9.952471502936799386e-01
1.219607058800000050e+04 1.023138902200825928e+00
1.220000253300000077e+04 1.022461035754389957e+00
1.220394667099999970e+04 1.002628848889299373e+00
1.220790300000000025e+04 1.049941917740066621e+00
1.221187152099999912e+04 1.050175402359922572e+00
1.221585223399999995e+04 9.228618466323533776e-01
1.221984513899999911e+04 1.075569937984252711e+00
1.222385023600000022e+04 9.276370988655260330e-01
1.222786752399999932e+04 1.063330435208886149e+00
1.223189700500000072e+04 1.067553404592665789e+00
1.223593867800000044e+04 9.569323428602917181e-01
1.223999254199999996e+04 9.917684926888150621e-01
1.224405859799999962e+04 9.569095751148268825e-01
1.224813684699999976e+04 1.002290635063904922e+00
1.225222728699999971e+04 9.979429150822407557e-01
1.225632991899999979e+04 1.053104995128190335e+00
1.226044474300000002e+04 1.079652518039333486e+00
1.226457175900000038e+04 1.084347433439137642e+00
1.226871096700000089e+04 9.870158431530592358e-01
1.227286236599999938e+04 1.005576190059078501e+00
1.227702595800000017e+04 9.320048143355000869e-01
1.228120174199999929e+04 9.770217134864481734e-01
1.228538971700000002e+04 1.066379661177188742e+00
1.228958988400000089e+04 1.100017898600909927e+00
1.229380224400000043e+04 9.585934449122578416e-01
1.229802679499999977e+04 9.921150353542272926e-01
1.230226353799999924e+04 1.020293797783094591e+00
1.230651247300000068e+04 1.036437799390836689e+00
1.231077360000000044e+04 9.829201519297100509e-01
1.231504691900000034e+04 1.045166314575323829e+00
1.231933242900000005e+04 1.000410031761828522e+00
1.232363013200000023e+04 1.024111641395607952e+00
1.232794002600000022e+04 1.052534245302829685e+00
1.233226211300000068e+04 1.026325963060324975e+00
1.233659639099999913e+04 1.003998614567894743e+00
1.234094286099999954e+04 1.021089924222086331e+00
1.234530152400000043e+04 1.022352814994909931e+00
1.234967237799999930e+04 1.009066001653354583e+00
1.235405542400000013e+04 1.014666979199988273e+00
1.235845066199999928e+04 1.107178334546748077e+00
1.236285809100000006e+04 1.056580906139935605e+00
1.236727771299999949e+04 1.014184270623932793e+00
1.237170952700000089e+04 1.064298850224647985e+00
1.237615353200000027e+04 1.013515623154280343e+00
1.238060973000000013e+04 1.089183956870286352e+00
1.238507811899999979e+04 1.049354573835664661e+00
1.238955869999999959e+04 1.026476017666158036e+00
1.239405147299999953e+04 1.053960401767085830e+00
1.239855643799999962e+04 9.539400424885572383e-01
1.240307359499999984e+04 9.767684620501118076e-01
1.240760294400000021e+04 9.737914130727083339e-01
1.241214448500000071e+04 1.041462317632356083e+00
1.241669821799999954e+04 1.121187210127539746e+00
1.242126414199999999e+04 1.148156033093865158e+00
1.242584225899999910e+04 1.069978943608349109e+00
1.243043256699999984e+04 1.063172921989410158e+00
1.243503506799999923e+04 9.488176043893272738e-01
1.243964976000000024e+04 1.012189373273894910e+00
1.244427664399999958e+04 1.000671212171179381e+00
1.244891572000000087e+04 1.009767398289737272e+00
1.245356698800000049e+04 1.032947252736119870e+00
1.245823044800000025e+04 1.018413165065662263e+00
1.246290610000000015e+04 9.432478502355464700e-01
1.246759394299999985e+04 1.080219844892129188e+00
1.247229397900000004e+04 9.897622685374546370e-01
1.247700620600000002e+04 1.055762055339036998e+00
1.248173062600000048e+04 1.148345354601946200e+00
1.248646723700000075e+04 9.990050021129827096e-01
1.249121603999999934e+04 9.192195926511917969e-01
1.249597703600000023e+04 1.032439461479632170e+00
1.250075022299999910e+04 1.102373037100116360e+00
1.250553560199999993e+04 1.143883691882967790e+00
1.251033317200000056e+04 9.849749599692786406e-01
1.251514293499999985e+04 1.072362647709185657e+00
1.251996488999999929e+04 1.024601945169417716e+00
1.252479903700000068e+04 1.043307148831627673e+00
1.252964537500000006e+04 1.181472472793622330e+00
