1.138059698199999912e+04 1.783901503291127622e-01
1.138559698199999912e+04 5.826708864276716748e-02
1.139059698199999912e+04 1.898166961462892099e-01
1.139559698199999912e+04 1.805504937665824150e-01
1.140059698199999912e+04 2.277484305136030507e-01
1.140559698199999912e+04 2.859906335878577011e-01
1.141059698199999912e+04 2.503407644172201962e-01
1.141559698199999912e+04 1.809442222484722029e-01
1.142059698199999912e+04 1.397392121789690633e-01
1.142559698199999912e+04 3.245655998323149216e-01
1.143059698199999912e+04 1.994198110293336212e-01
1.143559698199999912e+04 1.977782346991904250e-01
1.144059698199999912e+04 1.965230342316620915e-01
1.144559698199999912e+04 2.081834623514708937e-01
1.145059698199999912e+04 1.916098389027082738e-01
1.145559698199999912e+04 1.708590664742465903e-01
1.146059698199999912e+04 1.729074633280142936e-01
1.146559698199999912e+04 1.992759777605213889e-01
1.147059698199999912e+04 1.744597907181228980e-01
1.147559698199999912e+04 1.667968217875845649e-01
1.148059698199999912e+04 2.084446782579035817e-01
1.148559698199999912e+04 1.913166468721012869e-01
1.149059698199999912e+04 2.802143918189670679e-01
1.149559698199999912e+04 7.354792810831833894e-02
1.150059698199999912e+04 2.617825049319464359e-01
1.150559698199999912e+04 2.708839689457512301e-01
1.151059698199999912e+04 1.063895862376156715e-01
1.151559698199999912e+04 1.944870253050545172e-01
1.152059698199999912e+04 1.951425211471719823e-01
1.152559698199999912e+04 1.459624666475091426e-01
1.153059698199999912e+04 1.806025671953817024e-01
1.153400000000000000e+04 1.667428334483857522e-01
1.153500000000000000e+04 3.107997937903849150e-01
1.153600000000000000e+04 2.711801071866963841e-01
1.153700000000000000e+04 2.889034079181184711e-01
1.153800000000000000e+04 2.626706571133287094e-01
1.153900000000000000e+04 1.713214286827168531e-01
1.154000000000000000e+04 2.026627018315519946e-01
1.154100000000000000e+04 2.547331854373655613e-01
1.154120000000000073e+04 1.695623611528977448e-01
1.154139999999999964e+04 2.661114563666345800e-01
1.154160000000000036e+04 2.194348759496269063e-01
1.154179999999999927e+04 2.140472795035595899e-01
1.154200000000000000e+04 2.671989042705543715e-01
1.154220000000000073e+04 2.542255423969240202e-01
1.154239999999999964e+04 2.157754333792686052e-01
1.154260000000000036e+04 2.913471850825596343e-01
1.154279999999999927e+04 1.792142334410700699e-01
1.154300000000000000e+04 2.643625053522407620e-01
1.154320000000000073e+04 2.639811131636780051e-01
1.154339999999999964e+04 2.192126487987891004e-01
1.154360000000000036e+04 2.518090761445922476e-01
1.154379999999999927e+04 1.731751267658098725e-01
1.154400000000000000e+04 2.823535344464253027e-01
1.154420000000000073e+04 2.257555738026702230e-01
1.154439999999999964e+04 2.105424271444349404e-01
1.154460000000000036e+04 2.894904533903661648e-01
1.154479999999999927e+04 2.021209253246011306e-01
1.154500000000000000e+04 1.669967237945486627e-01
1.154520000000000073e+04 1.603881645170538994e-01
1.154539999999999964e+04 2.691613294393656597e-01
1.154560000000000036e+04 1.753456874296444035e-01
1.154579999999999927e+04 3.273025830892027921e-01
1.154600000000000000e+04 1.362780651993866221e-01
1.154620000000000073e+04 3.256871744395393176e-01
1.154639999999999964e+04 2.520115570192530963e-01
1.154660000000000036e+04 2.371339593188634687e-01
1.154679999999999927e+04 2.153191437052136836e-01
1.154700000000000000e+04 2.624307472862195123e-01
1.154720000000000073e+04 2.405162146319531902e-01
1.154739999999999964e+04 2.995692302229809312e-01
1.154760000000000036e+04 2.510429397137691754e-01
1.154779999999999927e+04 2.524757976400369697e-01
1.154800000000000000e+04 2.277361240273013121e-01
1.154820000000000073e+04 2.440788237912981384e-01
1.154839999999999964e+04 2.624377202853437896e-01
1.154860000000000036e+04 1.626101074070566144e-01
1.154879999999999927e+04 1.814508435966848965e-01
1.154900000000000000e+04 2.866655353939009387e-01
1.154920000000000073e+04 2.578710332107430614e-01
1.154939999999999964e+04 2.411760316065198195e-01
1.154960000000000036e+04 2.521695298990436207e-01
1.154979999999999927e+04 2.702135193396236201e-01
1.155000000000000000e+04 2.264770724058827178e-01
1.155020000000000073e+04 2.146740561437941730e-01
1.155039999999999964e+04 2.640234592726053431e-01
1.155060000000000036e+04 2.069579541369611642e-01
1.155079999999999927e+04 2.763402089799116834e-01
1.155100000000000000e+04 1.724898973793990709e-01
1.155120000000000073e+04 3.098127592861787405e-01
1.155139999999999964e+04 2.829190911138595443e-01
1.155160000000000036e+04 2.738402723704527197e-01
1.155179999999999927e+04 3.107146053320937185e-01
1.155200000000000000e+04 3.465101256544907415e-01
1.155220000000000073e+04 3.146738160234584525e-01
1.155239999999999964e+04 1.721503624551151135e-01
1.155260000000000036e+04 2.011552553700797774e-01
1.155279999999999927e+04 2.364773671817449741e-01
1.155300000000000000e+04 2.718606594113349706e-01
1.155320000000000073e+04 2.960267819999976013e-01
1.155339999999999964e+04 2.351125625788745288e-01
1.155360000000000036e+04 2.836734607239969064e-01
1.155379999999999927e+04 2.372280609764871318e-01
1.155400000000000000e+04 2.461498924050418424e-01
1.155420000000000073e+04 2.089779971880409148e-01
1.155439999999999964e+04 2.331882880141788739e-01
1.155460000000000036e+04 2.125535345557230116e-01
1.155479999999999927e+04 2.350992555691635011e-01
1.155500000000000000e+04 3.389659869177237828e-01
1.155520000000000073e+04 2.401843594407775673e-01
1.155539999999999964e+04 4.204696727328943728e-01
1.155560000000000036e+04 3.164919775117106537e-01
1.155579999999999927e+04 3.030999047923792489e-01
1.155600000000000000e+04 2.537799382058621434e-01
1.155620000000000073e+04 3.338342486270132192e-01
1.155639999999999964e+04 2.723751890975579237e-01
1.155660000000000036e+04 3.099671206699892156e-01
1.155679999999999927e+04 4.350057613386233424e-01
1.155700000000000000e+04 3.056349658330633767e-01
1.155720000000000073e+04 3.713950775859660158e-01
1.155739999999999964e+04 2.823281836650908816e-01
1.155760000000000036e+04 3.202239295551893572e-01
1.155779999999999927e+04 4.127935787648571719e-01
1.155800000000000000e+04 2.963933615944465139e-01
1.155820000000000073e+04 4.225839513319639695e-01
1.155839999999999964e+04 3.721163267310764744e-01
1.155860000000000036e+04 3.128270652590781631e-01
1.155879999999999927e+04 3.778861230675317207e-01
1.155900000000000000e+04 4.006209849402121992e-01
1.155920000000000073e+04 3.881227904297300246e-01
1.155939999999999964e+04 2.863055144392176454e-01
1.155960000000000036e+04 3.338480050241474095e-01
1.155979999999999927e+04 3.655542125322669422e-01
1.156000000000000000e+04 3.813523245174931797e-01
1.156020000000000073e+04 4.237676739194929931e-01
1.156039999999999964e+04 4.105730651660533526e-01
1.156060000000000036e+04 3.437496852602228148e-01
1.156079999999999927e+04 4.395345690766303548e-01
1.156100000000000000e+04 4.619906991248925454e-01
1.156120000000000073e+04 4.694807116619835741e-01
1.156139999999999964e+04 5.087857012738925544e-01
1.156160000000000036e+04 5.090532667996828797e-01
1.156179999999999927e+04 5.056629096839749815e-01
1.156200000000000000e+04 4.949508648048864812e-01
1.156220000000000073e+04 4.330136363330220339e-01
1.156239999999999964e+04 5.546324355111770243e-01
1.156260000000000036e+04 5.619972833727169270e-01
1.156279999999999927e+04 5.865404223182451027e-01
1.156300000000000000e+04 5.320049557376487215e-01
1.156320000000000073e+04 5.639991763415327375e-01
1.156339999999999964e+04 6.953671661262393888e-01
1.156360000000000036e+04 6.676438767879443459e-01
1.156379999999999927e+04 7.312703373295533771e-01
1.156400000000000000e+04 7.269763617584712456e-01
1.156420000000000073e+04 7.565211650538933297e-01
1.156439999999999964e+04 8.313621235424311084e-01
1.156460000000000036e+04 7.877553785338461401e-01
1.156479999999999927e+04 8.496183580363118049e-01
1.156500000000000000e+04 8.499782549637845408e-01
1.156520000000000073e+04 8.790613917404190847e-01
1.156539999999999964e+04 9.132357387669829407e-01
1.156560000000000036e+04 9.642952035039666914e-01
1.156579999999999927e+04 9.535787345915276436e-01
1.156600000000000000e+04 1.064022713599541037e+00
1.156620000000000073e+04 9.762564531013766533e-01
1.156639999999999964e+04 1.028523658221549786e+00
1.156660000000000036e+04 1.032050480903550671e+00
1.156679999999999927e+04 1.140725170412169032e+00
1.156700000000000000e+04 1.090328635563835524e+00
1.156720000000000073e+04 1.142698303733902465e+00
1.156739999999999964e+04 1.024698754994212369e+00
1.156760000000000036e+04 1.117229749507481218e+00
1.156779999999999927e+04 1.154230616764758688e+00
1.156800000000000000e+04 1.116308648140659221e+00
1.156820000000000073e+04 1.166698943843653691e+00
1.156839999999999964e+04 1.088740825029037795e+00
1.156860000000000036e+04 1.182690272064984116e+00
1.156879999999999927e+04 1.224502303878943543e+00
1.156900000000000000e+04 1.087896037613673039e+00
1.156920000000000073e+04 1.080837581889017907e+00
1.156939999999999964e+04 1.171277892355264694e+00
1.156960000000000036e+04 1.170860604556389406e+00
1.156979999999999927e+04 1.058637939604892608e+00
1.157000000000000000e+04 1.056047674891875010e+00
1.157020000000000073e+04 1.055812962272064670e+00
1.157039999999999964e+04 9.952331824488387380e-01
1.157060000000000036e+04 1.007862036774215264e+00
1.157079999999999927e+04 9.950843553485804183e-01
1.157100000000000000e+04 9.982564246340212000e-01
1.157120000000000073e+04 1.026745357656676516e+00
1.157139999999999964e+04 1.031614708920858714e+00
1.157160000000000036e+04 1.089261675523798045e+00
1.157179999999999927e+04 9.549056497423914491e-01
1.157200000000000000e+04 1.046750087538993679e+00
1.157220000000000073e+04 9.793899505732858168e-01
1.157239999999999964e+04 9.804071440286741268e-01
1.157260000000000036e+04 1.009547470718473727e+00
1.157279999999999927e+04 9.137057110337923893e-01
1.157300000000000000e+04 9.835904215892387059e-01
1.157320000000000073e+04 9.668049627918611222e-01
1.157339999999999964e+04 9.776015161560138722e-01
1.157360000000000036e+04 9.632155271135174335e-01
1.157379999999999927e+04 1.066487327900939031e+00
1.157400000000000000e+04 9.071246868354256865e-01
1.157420000000000073e+04 9.090452129245318869e-01
1.157439999999999964e+04 9.005647543699965007e-01
1.157460000000000036e+04 9.001238104367602633e-01
1.157479999999999927e+04 8.929232770746527992e-01
1.157500000000000000e+04 9.813500089615496691e-01
1.157520000000000073e+04 9.901746978551272393e-01
1.157539999999999964e+04 8.886374767626623594e-01
1.157560000000000036e+04 8.731939936125192592e-01
1.157579999999999927e+04 9.361293154607915890e-01
1.157600000000000000e+04 8.832829108586698341e-01
1.157620000000000073e+04 9.411337690057435257e-01
1.157639999999999964e+04 9.193177484513730402e-01
1.157660000000000036e+04 8.314074960918609314e-01
1.157679999999999927e+04 9.841455526141474897e-01
1.157700000000000000e+04 9.956885353531326199e-01
1.157720000000000073e+04 8.745203073581399034e-01
1.157739999999999964e+04 8.861142450136486604e-01
1.157760000000000036e+04 9.197303663518364703e-01
1.157779999999999927e+04 9.222533814788629325e-01
1.157800000000000000e+04 9.387285254014116065e-01
1.157820000000000073e+04 1.006569021387977214e+00
1.157839999999999964e+04 8.972182285644204613e-01
1.157860000000000036e+04 8.674151550856461501e-01
1.157879999999999927e+04 8.390978336735264165e-01
1.157900000000000000e+04 8.720498110212270282e-01
1.157920000000000073e+04 9.077169348655284020e-01
1.157939999999999964e+04 9.995878435430294306e-01
1.157960000000000036e+04 8.843886334842443464e-01
1.157979999999999927e+04 9.215111383473740814e-01
1.158000000000000000e+04 9.115975371679634343e-01
1.158020000000000073e+04 9.707075048933277994e-01
1.158039999999999964e+04 1.039110506646961474e+00
1.158060000000000036e+04 8.871983116029821259e-01
1.158079999999999927e+04 8.895532857132379956e-01
1.158100000000000000e+04 9.651972136756650222e-01
1.158120000000000073e+04 9.488267299539969724e-01
1.158139999999999964e+04 1.006191645285125835e+00
1.158160000000000036e+04 9.425401578348363563e-01
1.158179999999999927e+04 8.959430198774986920e-01
1.158200000000000000e+04 9.435910486230419947e-01
1.158220000000000073e+04 9.685527927401670345e-01
1.158239999999999964e+04 9.537222202869939380e-01
1.158260000000000036e+04 9.374716844607388078e-01
1.158279999999999927e+04 9.637978041231147763e-01
1.158300000000000000e+04 9.686972994204277043e-01
1.158320000000000073e+04 9.789488058528054149e-01
1.158339999999999964e+04 9.412415830330463917e-01
1.158360000000000036e+04 9.001005952398767329e-01
1.158379999999999927e+04 9.147657023161639422e-01
1.158400000000000000e+04 9.678285598781463106e-01
1.158420000000000073e+04 8.656691678374197618e-01
1.158439999999999964e+04 9.247514345781119305e-01
1.158460000000000036e+04 8.852178178295537769e-01
1.158479999999999927e+04 9.064126035659587632e-01
1.158500000000000000e+04 9.681158379190397678e-01
1.158520000000000073e+04 9.129821673549500805e-01
1.158539999999999964e+04 9.064659475505417729e-01
1.158560000000000036e+04 8.357006372507385095e-01
1.158579999999999927e+04 9.407498960663229770e-01
1.158600000000000000e+04 9.366874819265280649e-01
1.158620000000000073e+04 1.011974595699053570e+00
1.158639999999999964e+04 8.888780608697740560e-01
1.158660000000000036e+04 9.156222292063952439e-01
1.158679999999999927e+04 9.181791684460023362e-01
1.158700000000000000e+04 9.837045700141431315e-01
1.158720000000000073e+04 9.012383056999824227e-01
1.158739999999999964e+04 9.210109655495404279e-01
1.158760000000000036e+04 9.386072615279906772e-01
1.158779999999999927e+04 9.182607530473637647e-01
1.158800000000000000e+04 8.883383604113564980e-01
1.158820000000000073e+04 9.214272148174005306e-01
1.158839999999999964e+04 9.653272091981417447e-01
1.158860000000000036e+04 8.616822594888301490e-01
1.158879999999999927e+04 9.207693370913073716e-01
1.158900000000000000e+04 8.834920102514319806e-01
1.158920000000000073e+04 9.776152643355103811e-01
1.158939999999999964e+04 8.436917049106504862e-01
1.158960000000000036e+04 8.928634327891193934e-01
1.158979999999999927e+04 9.426262247815853090e-01
1.159000000000000000e+04 1.002558110693541282e+00
1.159020000000000073e+04 9.224743898915249707e-01
1.159039999999999964e+04 9.011250840935252082e-01
1.159060000000000036e+04 1.024362906789494154e+00
1.159079999999999927e+04 8.597528109571572763e-01
1.159100000000000000e+04 8.238427097318983261e-01
1.159120000000000073e+04 9.573524490648016583e-01
1.159139999999999964e+04 9.124140156272791957e-01
1.159160000000000036e+04 8.895806599388005331e-01
1.159179999999999927e+04 9.778140343819913261e-01
1.159200000000000000e+04 9.574478697652949455e-01
1.159220000000000073e+04 9.194985943251615668e-01
1.159239999999999964e+04 8.856465624136851122e-01
1.159260000000000036e+04 9.961109981414633108e-01
1.159279999999999927e+04 9.853069820225039965e-01
1.159300000000000000e+04 9.500725868713706390e-01
1.159320000000000073e+04 1.050313876978899330e+00
1.159339999999999964e+04 9.067184117122211173e-01
1.159360000000000036e+04 8.840977462029198097e-01
1.159379999999999927e+04 9.279236115868931822e-01
1.159400000000000000e+04 9.609024743208627317e-01
1.159420000000000073e+04 9.763395673302213140e-01
1.159439999999999964e+04 9.545102484389821340e-01
1.159460000000000036e+04 9.845137984916605411e-01
1.159479999999999927e+04 9.033354228712990874e-01
1.159500000000000000e+04 1.039911353739871647e+00
1.159520000000000073e+04 9.635848152576065306e-01
1.159539999999999964e+04 1.024325710969731906e+00
1.159560000000000036e+04 9.861526457255507250e-01
1.159579999999999927e+04 9.928156487751853554e-01
1.159600000000000000e+04 9.985182733568039870e-01
1.159620000000000073e+04 9.909645127720233537e-01
1.159639999999999964e+04 1.000681684175920294e+00
1.159660000000000036e+04 1.034987926104032674e+00
1.159679999999999927e+04 9.789238145695005056e-01
1.159700000000000000e+04 1.003596320580385282e+00
1.159770000000000073e+04 9.614213805235789501e-01
1.159839999999999964e+04 1.036107735854584933e+00
1.159910000000000036e+04 9.282977824374677445e-01
1.159979999999999927e+04 1.050220167874732269e+00
1.160050000000000000e+04 9.567253128971220377e-01
1.160120000000000073e+04 8.864021245617110800e-01
1.160189999999999964e+04 9.638580590105919610e-01
1.160260000000000036e+04 9.236240200971063130e-01
1.160329999999999927e+04 1.000008373341482848e+00
1.160499369499999921e+04 9.262450423793102683e-01
1.160599958300000071e+04 9.385158390356117541e-01
1.160701766200000020e+04 8.686419179377713462e-01
1.160804793299999983e+04 9.437848848417254022e-01
1.160909039599999960e+04 8.494013969974311129e-01
1.161014505099999951e+04 8.976284359147734815e-01
1.161121189799999956e+04 1.021781401650753818e+00
1.161229093699999976e+04 1.031258374971332437e+00
1.161338216699999975e+04 1.021333255487842262e+00
1.161448559000000023e+04 9.601257787709527314e-01
1.161560120400000051e+04 1.014567075648869832e+00
1.161672901099999945e+04 1.024984896791829581e+00
1.161786900900000001e+04 9.737974156866431308e-01
1.161902119900000071e+04 1.112806591514479582e+00
1.162018558200000007e+04 1.085431272200857222e+00
1.162136215599999923e+04 1.033738178056654577e+00
1.162255092200000036e+04 1.046447722841862493e+00
1.162375187899999946e+04 1.055830486613742236e+00
1.162496502900000087e+04 9.427770839284257409e-01
1.162619037100000060e+04 1.029376495941737080e+00
1.162742790400000013e+04 1.004693929922722884e+00
1.162867763000000014e+04 9.845517199773780037e-01
1.162993954699999995e+04 1.017477651567691765e+00
1.163121365700000024e+04 1.117002635894913887e+00
1.163249995800000033e+04 1.054133523856453314e+00
1.163379845100000057e+04 9.890298160127855009e-01
1.163510913599999913e+04 1.040943725090848204e+00
1.163643201299999964e+04 1.076004947172353843e+00
1.163776708200000030e+04 1.046128304246281226e+00
1.163911434200000076e+04 9.969466857961178929e-01
1.164047379499999988e+04 9.555208089789980486e-01
1.164184543999999914e+04 1.016032839338786964e+00
1.164322927600000003e+04 9.937806983245595083e-01
1.164462530499999957e+04 1.012839465778282877e+00
1.164603352500000074e+04 9.950298509292921922e-01
1.164745393700000022e+04 1.009675624636321434e+00
1.164888654099999985e+04 9.258299035779661290e-01
1.165033133699999962e+04 1.014425011983375757e+00
1.165178832499999953e+04 9.561191223099851921e-01
1.165325750499999958e+04 1.047627110105292525e+00
1.165473887699999977e+04 9.071775688515755220e-01
1.165623243999999977e+04 1.028093294186776863e+00
1.165773819600000024e+04 9.500226947708748648e-01
1.165925614300000052e+04 9.070587712129065672e-01
1.166078628299999946e+04 9.152194048127186843e-01
1.166232861400000002e+04 9.231566029255365846e-01
1.166388313700000072e+04 9.592434965612390840e-01
1.166544985199999974e+04 9.638531608362322922e-01
1.166702875900000072e+04 9.081119973013480617e-01
1.166861985800000002e+04 9.343827433910822933e-01
1.167022314899999947e+04 1.042100250403961370e+00
1.167183863200000087e+04 1.020382275100241376e+00
1.167346630700000060e+04 9.544767960753175462e-01
1.167510617300000013e+04 9.343804634114128982e-01
1.167675823200000013e+04 9.383248238609133152e-01
1.167842248199999995e+04 9.628783635689794895e-01
1.168009892399999990e+04 8.806327440232045722e-01
1.168178755799999999e+04 9.192818824094178831e-01
1.168348838500000056e+04 8.495706270283409633e-01
1.168520140299999912e+04 9.534866741308472005e-01
1.168692661299999963e+04 9.659591799015430080e-01
1.168866401399999995e+04 9.094037555770448922e-01
1.169041360800000075e+04 1.011542334699394807e+00
1.169217539399999987e+04 8.715359046448437619e-01
1.169394937100000061e+04 8.583111950449501260e-01
1.169573554100000001e+04 9.418062507135586126e-01
1.169753390199999922e+04 9.814285586659485805e-01
1.169934445500000038e+04 1.011895881349422766e+00
1.170116720100000020e+04 9.025049625427775668e-01
1.170300213799999983e+04 9.781275806533039630e-01
1.170484926699999960e+04 9.217558961756732172e-01
1.170670858799999951e+04 9.142829774400978993e-01
1.170858009999999922e+04 9.672266567355998212e-01
1.171046380499999941e+04 9.550780098603933732e-01
1.171235970199999974e+04 8.454154814563011877e-01
1.171426778999999988e+04 9.988772774818592826e-01
1.171618807100000049e+04 9.960555170559903804e-01
1.171812054300000091e+04 8.977363300993561612e-01
1.172006520699999965e+04 9.505125034196080236e-01
1.172202206400000068e+04 9.574324666453294386e-01
1.172399111199999970e+04 9.476575932045483430e-01
1.172597235200000068e+04 9.093718950278890656e-01
1.172796578399999999e+04 9.053306827723587302e-01
1.172997140700000091e+04 9.383851110287927400e-01
1.173198922300000049e+04 9.994495863149641668e-01
1.173401923100000022e+04 9.704409365880988236e-01
1.173606142999999975e+04 9.251837083160128206e-01
1.173811582199999975e+04 9.829753411523194373e-01
1.174018240499999956e+04 8.028828872854432142e-01
1.174226117999999951e+04 1.003183516589307933e+00
1.174435214799999994e+04 8.593447344101894370e-01
1.174645530700000018e+04 9.279750892466405165e-01
1.174857065800000055e+04 8.919155894147889896e-01
1.175069820099999924e+04 8.831927350340134097e-01
1.175283793499999956e+04 1.006135249302748891e+00
1.175498986200000036e+04 9.251329766365224971e-01
1.175715398099999948e+04 9.659174561980650164e-01
1.175933029100000022e+04 9.444984720694570290e-01
1.176151879399999962e+04 9.702600432346083492e-01
1.176371948800000064e+04 9.487696117834311105e-01
1.176593237399999998e+04 8.796129590953077892e-01
1.176815745299999980e+04 9.919572045928641835e-01
1.177039472299999943e+04 9.167850428994732681e-01
1.177264418499999920e+04 8.624130607034867779e-01
1.177490583800000059e+04 9.185494896500959738e-01
1.177717968400000063e+04 1.014769434617707411e+00
1.177946572200000082e+04 9.816048642642101196e-01
1.178176395199999934e+04 9.224478345230928689e-01
1.178407437299999947e+04 9.225138538564007229e-01
1.178639698700000008e+04 9.250478470107638129e-01
1.178873179200000050e+04 1.046423018381992698e+00
1.179107878899999923e+04 9.628548746384846257e-01
1.179343797799999993e+04 9.658059361846222934e-01
1.179580935900000077e+04 9.975445477394987437e-01
1.179819293199999993e+04 9.599424066821843349e-01
1.180058869699999923e+04 9.368566269975920902e-01
1.180299665400000049e+04 9.420322428520743197e-01
1.180541680300000007e+04 9.504232473131879466e-01
1.180784914299999946e+04 9.533003466593977793e-01
1.181029367599999932e+04 9.941568307838090091e-01
1.181275040000000081e+04 9.620185423402632940e-01
1.181521931699999914e+04 9.972493349663225093e-01
1.181770042500000091e+04 9.572176509399931144e-01
1.182019372499999918e+04 9.653752373271257126e-01
1.182269921699999941e+04 8.612949303780176313e-01
1.182521690099999978e+04 1.005834434121344323e+00
1.182774677700000029e+04 9.771870920243757030e-01
1.183028884499999913e+04 1.008157012517873818e+00
1.183284310499999992e+04 8.125791364447281229e-01
1.183540955600000052e+04 1.060772015748612684e+00
1.183798819999999978e+04 9.479165852885783616e-01
1.184057903500000066e+04 1.009889915379065695e+00
1.184318206199999986e+04 9.013931082751959201e-01
1.184579728199999954e+04 9.849484555899740146e-01
1.184842469300000084e+04 9.006843243538011912e-01
1.185106429600000047e+04 9.224093545764295854e-01
1.185371609100000023e+04 1.049249750304417583e+00
1.185638007800000014e+04 9.454340787657589118e-01
1.185905625599999985e+04 9.659155439673907662e-01
1.186174462700000004e+04 9.987077532211796616e-01
1.186444519000000037e+04 9.813978966015793892e-01
1.186715794400000050e+04 9.638201559623545966e-01
1.186988289099999929e+04 9.760068281448526228e-01
1.187262002899999970e+04 1.079145707752037220e+00
1.187536935900000026e+04 9.572709684284722575e-01
1.187813088099999914e+04 9.714639070962003409e-01
1.188090459499999997e+04 1.015495135865292831e+00
1.188369050099999913e+04 1.019597110589965938e+00
1.188648859900000025e+04 1.024762770928248745e+00
1.188929888899999969e+04 9.990585629538498713e-01
1.189212137099999927e+04 9.102180397567678494e-01
1.189495604400000047e+04 1.050439760419941582e+00
1.189780291000000034e+04 9.122315723516171149e-01
1.190066196700000000e+04 9.850947750234152478e-01
1.190353321700000015e+04 9.319284697873979617e-01
1.190641665800000010e+04 9.666063198959599090e-01
1.190931229100000019e+04 9.848762809539914898e-01
1.191222011600000042e+04 9.839151463417340482e-01
1.191514013300000079e+04 9.886271929956397253e-01
1.191807234199999948e+04 1.048089090784881439e+00
1.192101674300000013e+04 9.901820718766434215e-01
1.192397333500000059e+04 9.548757013994042531e-01
1.192694211999999970e+04 1.015290670903456594e+00
1.192992309600000044e+04 1.026741509575823219e+00
1.193291626499999984e+04 9.063720097630642014e-01
1.193592162500000086e+04 9.981924585432040420e-01
1.193893917700000020e+04 1.004444252973152762e+00
1.194196892099999968e+04 9.549037187720832431e-01
1.194501085799999964e+04 1.038747311344066393e+00
1.194806498500000089e+04 9.631849760466514310e-01
1.195113130500000079e+04 9.779272991945204829e-01
1.195420981700000084e+04 9.630311937602948902e-01
1.195730052099999921e+04 9.731169550938740809e-01
1.196040341599999920e+04 9.188574799418458561e-01
1.196351850399999967e+04 9.031534449933312780e-01
1.196664578299999994e+04 1.056175163986012633e+00
1.196978525500000069e+04 9.348100116497874978e-01
1.197293691799999942e+04 9.289815859921592978e-01
1.197610077300000012e+04 8.714393830106730299e-01
1.197927681999999913e+04 9.480498985286215374e-01
1.198246505900000011e+04 9.137086094720154872e-01
1.198566548999999941e+04 1.063670730513263996e+00
1.198887811200000033e+04 1.032127791763682412e+00
1.199210292699999991e+04 9.475490274031221904e-01
1.199533993399999963e+04 1.094927974131395976e+00
1.199858913199999915e+04 1.031682001389300440e+00
1.200185052299999916e+04 9.662655276334825016e-01
1.200512410500000078e+04 8.579665759645987988e-01
1.200840987900000073e+04 1.096698162125972598e+00
1.201170784500000082e+04 9.120070569658136339e-01
1.201501800299999923e+04 8.994492926823535184e-01
1.201834035299999960e+04 1.032016188207341090e+00
1.202167489500000011e+04 1.103242297176430631e+00
1.202502162900000076e+04 1.050978550493064212e+00
1.202838055399999939e+04 1.010347904653136730e+00
1.203175167200000033e+04 1.011871595490861697e+00
1.203513498199999958e+04 1.025259735158477792e+00
1.203853048300000046e+04 1.020692178835318709e+00
1.204193817599999966e+04 9.979944154766059450e-01
1.204535806100000082e+04 9.901421925662399204e-01
1.204879013900000064e+04 9.822429721818723980e-01
1.205223440800000026e+04 9.489537502430789306e-01
1.205569086799999968e+04 9.735062438853750999e-01
1.205915952099999959e+04 9.044487660066221624e-01
1.206264036599999963e+04 9.856657695518166173e-01
1.206613340299999982e+04 9.406907306741760788e-01
1.206963863099999980e+04 9.356293703888064472e-01
1.207315605200000027e+04 1.000997230624515844e+00
1.207668566400000054e+04 1.062515041431186802e+00
1.208022746799999913e+04 1.039425790548185180e+00
1.208378146500000003e+04 9.153444637848187071e-01
1.208734765300000072e+04 9.443431194495871539e-01
1.209092603299999973e+04 1.042154851201661403e+00
1.209451660500000071e+04 9.457552021057575864e-01
1.209811936900000001e+04 9.838893090715713496e-01
1.210173432399999911e+04 1.022920640228959011e+00
1.210536147200000050e+04 9.468546748004313951e-01
1.210900081099999989e+04 1.000841855709801331e+00
1.211265234299999975e+04 9.288069188354475259e-01
1.211631606599999941e+04 9.664263725692497919e-01
1.211999198199999955e+04 1.012240354401653164e+00
1.212368008899999950e+04 9.164851610141616645e-01
1.212738038799999958e+04 1.018017249796371315e+00
1.213109287899999981e+04 9.954262037356174098e-01
1.213481756200000018e+04 1.024616640959647107e+00
1.213855443700000069e+04 1.009258894567366616e+00
1.214230350299999918e+04 1.066689996179071676e+00
1.214606476199999997e+04 1.004033987859508814e+00
1.214983821300000091e+04 9.770893156919909783e-01
1.215362385499999982e+04 1.006183534326979601e+00
1.215742168900000070e+04 1.028091626277841231e+00
1.216123171600000023e+04 1.004245349345663341e+00
1.216505393399999957e+04 1.003978071376858905e+00
1.216888834400000087e+04 9.679911727137512356e-01
1.217273494600000049e+04 9.709375433809573908e-01
1.217659374000000025e+04 9.355608402216030184e-01
1.218046472600000016e+04 1.093916083876127709e+00
1.218434790299999986e+04 9.446847172985809449e-01
1.218824327300000004e+04 9.726609235212805293e-01
1.219215083500000037e+04 9.718291127451678113e-01
1.219607058800000050e+04 1.053450439584055154e+00
1.220000253300000077e+04 9.946974599012274876e-01
1.220394667099999970e+04 1.071731389596513484e+00
1.220790300000000025e+04 9.757269728698839684e-01
1.221187152099999912e+04 1.024450674443502018e+00
1.221585223399999995e+04 9.685210926312746160e-01
1.221984513899999911e+04 1.117610382229014654e+00
1.222385023600000022e+04 9.513817773158341762e-01
1.222786752399999932e+04 1.027194160503154707e+00
1.223189700500000072e+04 1.042906991797891703e+00
1.223593867800000044e+04 1.032170619243626630e+00
1.223999254199999996e+04 1.003044824142658831e+00
1.224405859799999962e+04 1.005703773552452329e+00
1.224813684699999976e+04 1.015227260177297364e+00
1.225222728699999971e+04 1.005994529210103350e+00
1.225632991899999979e+04 1.062315924354468866e+00
1.226044474300000002e+04 1.124663230812920522e+00
1.226457175900000038e+04 9.866886536492481818e-01
1.226871096700000089e+04 9.466340955030204674e-01
1.227286236599999938e+04 1.011623181328742183e+00
1.227702595800000017e+04 1.145162190829263515e+00
1.228120174199999929e+04 9.771314884127710876e-01
1.228538971700000002e+04 1.100092919794519286e+00
1.228958988400000089e+04 1.103123798127320310e+00
1.229380224400000043e+04 9.926314764208542529e-01
1.229802679499999977e+04 1.050187402271135717e+00
1.230226353799999924e+04 1.103033916787467872e+00
1.230651247300000068e+04 1.003473354400482132e+00
1.231077360000000044e+04 1.013221309920674384e+00
1.231504691900000034e+04 9.948792166546871485e-01
1.231933242900000005e+04 9.733641625807309961e-01
1.232363013200000023e+04 9.923703776862216053e-01
1.232794002600000022e+04 9.640230195645318467e-01
1.233226211300000068e+04 1.027709022982739251e+00
1.233659639099999913e+04 9.873192475412910785e-01
1.234094286099999954e+04 1.038259710007915171e+00
1.234530152400000043e+04 9.489761806449953374e-01
1.234967237799999930e+04 1.044110564758183868e+00
1.235405542400000013e+04 1.069283230413789809e+00
1.235845066199999928e+04 9.275591938929395042e-01
1.236285809100000006e+04 1.047237762235252445e+00
1.236727771299999949e+04 1.090341736149055496e+00
1.237170952700000089e+04 9.689690790645508756e-01
1.237615353200000027e+04 1.113835216983966037e+00
1.238060973000000013e+04 1.051478675459256662e+00
1.238507811899999979e+04 9.956218714378396450e-01
1.238955869999999959e+04 1.029052670983484186e+00
1.239405147299999953e+04 1.059490901102657867e+00
1.239855643799999962e+04 1.036284119662602698e+00
1.240307359499999984e+04 1.060044635117920464e+00
1.240760294400000021e+04 9.874539837386927532e-01
1.241214448500000071e+04 1.042783204095974581e+00
1.241669821799999954e+04 9.638757353080360524e-01
1.242126414199999999e+04 1.031029722716798380e+00
1.242584225899999910e+04 9.928810064630718690e-01
1.243043256699999984e+04 1.001354201112699016e+00
1.243503506799999923e+04 1.100675149857486046e+00
1.243964976000000024e+04 1.093888569290309531e+00
1.244427664399999958e+04 1.070517305811950148e+00
1.244891572000000087e+04 9.861941399686642296e-01
1.245356698800000049e+04 1.025534021180619426e+00
1.245823044800000025e+04 1.102672578949477789e+00
1.246290610000000015e+04 1.049298686436331174e+00
1.246759394299999985e+04 1.158790809085337159e+00
1.247229397900000004e+04 1.063065311794163526e+00
1.247700620600000002e+04 1.053402167957981028e+00
1.248173062600000048e+04 1.029185397904322397e+00
1.248646723700000075e+04 1.051651276931417911e+00
1.249121603999999934e+04 1.038110476969481111e+00
1.249597703600000023e+04 1.082145106408067381e+00
1.250075022299999910e+04 1.095160171189917042e+00
1.250553560199999993e+04 1.006666846146540673e+00
1.251033317200000056e+04 9.798907920140106365e-01
1.251514293499999985e+04 9.557174178921946650e-01
1.251996488999999929e+04 1.073267034354047578e+00
1.252479903700000068e+04 9.934362362381407019e-01
1.252964537500000006e+04 9.416107757951465151e-01
