1.138059698199999912e+04 1.206408205862916083e-02
1.138559698199999912e+04 1.375063698349632269e-02
1.139059698199999912e+04 2.361500209857420041e-02
1.139559698199999912e+04 3.424432914388839122e-02
1.140059698199999912e+04 2.791309861785995494e-02
1.140559698199999912e+04 3.351792891250754414e-02
1.141059698199999912e+04 5.154880481829193783e-02
1.141559698199999912e+04 5.130170905582159824e-02
1.142059698199999912e+04 4.841041001201659699e-02
1.142559698199999912e+04 6.125294037759221322e-02
1.143059698199999912e+04 5.984574683173488063e-02
1.143559698199999912e+04 6.545261181143269269e-02
1.144059698199999912e+04 7.600235897852022915e-02
1.144559698199999912e+04 6.662278962653411796e-02
1.145059698199999912e+04 7.347622349159690924e-02
1.145559698199999912e+04 8.724414653436034228e-02
1.146059698199999912e+04 8.983144534914790091e-02
1.146559698199999912e+04 1.046874349815472421e-01
1.147059698199999912e+04 1.019380694495496953e-01
1.147559698199999912e+04 1.042529733318496299e-01
1.148059698199999912e+04 1.298727932148501518e-01
1.148559698199999912e+04 1.240985226232672878e-01
1.149059698199999912e+04 1.320794966396722225e-01
1.149559698199999912e+04 1.278240771003046339e-01
1.150059698199999912e+04 1.400331693979388614e-01
1.150559698199999912e+04 1.509450574755887009e-01
1.151059698199999912e+04 1.486830645702079678e-01
1.151559698199999912e+04 1.658208395492017651e-01
1.152059698199999912e+04 1.661507612298554482e-01
1.152559698199999912e+04 1.759140161381207434e-01
1.153059698199999912e+04 1.819208605841832471e-01
1.153400000000000000e+04 2.050992608765635772e-01
1.153500000000000000e+04 1.940887429979299972e-01
1.153600000000000000e+04 1.890643120030051638e-01
1.153700000000000000e+04 2.040171839159123646e-01
1.153800000000000000e+04 1.921223616251164501e-01
1.153900000000000000e+04 2.042111110069989854e-01
1.154000000000000000e+04 1.913019201104505518e-01
1.154100000000000000e+04 1.980491647700015900e-01
1.154120000000000073e+04 2.092169243294910441e-01
1.154139999999999964e+04 2.129607810113967048e-01
1.154160000000000036e+04 2.102213765976476412e-01
1.154179999999999927e+04 2.097696520159549050e-01
1.154200000000000000e+04 2.075468314702699490e-01
1.154220000000000073e+04 1.999514748388348806e-01
1.154239999999999964e+04 2.072174447601642655e-01
1.154260000000000036e+04 2.087690937579208816e-01
1.154279999999999927e+04 2.193685575539580657e-01
1.154300000000000000e+04 2.149234900293885420e-01
1.154320000000000073e+04 2.012899151568112721e-01
1.154339999999999964e+04 2.163105032963537067e-01
1.154360000000000036e+04 2.124095017520845896e-01
1.154379999999999927e+04 2.108152349581046137e-01
1.154400000000000000e+04 2.203617214134541147e-01
1.154420000000000073e+04 2.223137598193174469e-01
1.154439999999999964e+04 2.234997125663749640e-01
1.154460000000000036e+04 2.117955466439379597e-01
1.154479999999999927e+04 2.159637698374782255e-01
1.154500000000000000e+04 2.206807426656887949e-01
1.154520000000000073e+04 2.261421844083167931e-01
1.154539999999999964e+04 2.169050310714714103e-01
1.154560000000000036e+04 2.196430730370635132e-01
1.154579999999999927e+04 2.136596728957639302e-01
1.154600000000000000e+04 2.140471931706928177e-01
1.154620000000000073e+04 2.286499793255123980e-01
1.154639999999999964e+04 2.332109339703003215e-01
1.154660000000000036e+04 2.240245026682536889e-01
1.154679999999999927e+04 2.322684949438048596e-01
1.154700000000000000e+04 2.279289610848056480e-01
1.154720000000000073e+04 2.210771194772901405e-01
1.154739999999999964e+04 2.302534427315492682e-01
1.154760000000000036e+04 2.395293959538467576e-01
1.154779999999999927e+04 2.284540847411963838e-01
1.154800000000000000e+04 2.406943715008225126e-01
1.154820000000000073e+04 2.129158289826082462e-01
1.154839999999999964e+04 2.370754062918842553e-01
1.154860000000000036e+04 2.332533542814918537e-01
1.154879999999999927e+04 2.315180696879265698e-01
1.154900000000000000e+04 2.350644183259851250e-01
1.154920000000000073e+04 2.206833548683371782e-01
1.154939999999999964e+04 2.341741859448159546e-01
1.154960000000000036e+04 2.392391955981580387e-01
1.154979999999999927e+04 2.487863657198100820e-01
1.155000000000000000e+04 2.357861599085653848e-01
1.155020000000000073e+04 2.340966160544441788e-01
1.155039999999999964e+04 2.370598020347739754e-01
1.155060000000000036e+04 2.487183277658328029e-01
1.155079999999999927e+04 2.449017859377426165e-01
1.155100000000000000e+04 2.408424487521136914e-01
1.155120000000000073e+04 2.489994556939230941e-01
1.155139999999999964e+04 2.472465706988075940e-01
1.155160000000000036e+04 2.552292527881414586e-01
1.155179999999999927e+04 2.443930536156179445e-01
1.155200000000000000e+04 2.488382478935611819e-01
1.155220000000000073e+04 2.493060004477386793e-01
1.155239999999999964e+04 2.423181669650598946e-01
1.155260000000000036e+04 2.556422557925620564e-01
1.155279999999999927e+04 2.581783407581240697e-01
1.155300000000000000e+04 2.594378521509883573e-01
1.155320000000000073e+04 2.575596144999321435e-01
1.155339999999999964e+04 2.508304636488836725e-01
1.155360000000000036e+04 2.608504830309515965e-01
1.155379999999999927e+04 2.622463526137412959e-01
1.155400000000000000e+04 2.609852899969984930e-01
1.155420000000000073e+04 2.682043655597625142e-01
1.155439999999999964e+04 2.723528382382498503e-01
1.155460000000000036e+04 2.836007897006470602e-01
1.155479999999999927e+04 2.756926600007575945e-01
1.155500000000000000e+04 2.788513878846414218e-01
1.155520000000000073e+04 2.781148937906430252e-01
1.155539999999999964e+04 2.667281383758217661e-01
1.155560000000000036e+04 2.830040807768756661e-01
1.155579999999999927e+04 2.858295408015580352e-01
1.155600000000000000e+04 3.055076011056301333e-01
1.155620000000000073e+04 2.894254890375327349e-01
1.155639999999999964e+04 2.953776698731235273e-01
1.155660000000000036e+04 2.959505238347457379e-01
1.155679999999999927e+04 2.914230943600495394e-01
1.155700000000000000e+04 3.110643611246696194e-01
1.155720000000000073e+04 3.120432966093837912e-01
1.155739999999999964e+04 3.160633101809567913e-01
1.155760000000000036e+04 3.089648089739657211e-01
1.155779999999999927e+04 3.274563163618761097e-01
1.155800000000000000e+04 3.117119698999439859e-01
1.155820000000000073e+04 3.299040765814654774e-01
1.155839999999999964e+04 3.459770425890347223e-01
1.155860000000000036e+04 3.283626795169287127e-01
1.155879999999999927e+04 3.368172797412631314e-01
1.155900000000000000e+04 3.473603622958923443e-01
1.155920000000000073e+04 3.484262676498579014e-01
1.155939999999999964e+04 3.491642526873948160e-01
1.155960000000000036e+04 3.659794582258370510e-01
1.155979999999999927e+04 3.660854102625173412e-01
1.156000000000000000e+04 3.840870059991446372e-01
1.156020000000000073e+04 3.823209413116798738e-01
1.156039999999999964e+04 4.086092998016112032e-01
1.156060000000000036e+04 4.015115036736378040e-01
1.156079999999999927e+04 4.149568248511039670e-01
1.156100000000000000e+04 4.340110539119342303e-01
1.156120000000000073e+04 4.301401176573037555e-01
1.156139999999999964e+04 4.537692271289778811e-01
1.156160000000000036e+04 4.741427936052986514e-01
1.156179999999999927e+04 4.695976797147015658e-01
1.156200000000000000e+04 4.980806430246723648e-01
1.156220000000000073e+04 5.165356420462174913e-01
1.156239999999999964e+04 5.375919502254858928e-01
1.156260000000000036e+04 5.424421898796716324e-01
1.156279999999999927e+04 5.636100179403024102e-01
1.156300000000000000e+04 5.996784944954641761e-01
1.156320000000000073e+04 6.207855045865983135e-01
1.156339999999999964e+04 6.456105019063062000e-01
1.156360000000000036e+04 6.737142830608968680e-01
1.156379999999999927e+04 6.947458382280238265e-01
1.156400000000000000e+04 7.300442785560135039e-01
1.156420000000000073e+04 7.606024564731398430e-01
1.156439999999999964e+04 7.837574394191872962e-01
1.156460000000000036e+04 8.315188414986811605e-01
1.156479999999999927e+04 8.539761536729638669e-01
1.156500000000000000e+04 8.716375682256585211e-01
1.156520000000000073e+04 9.131259873713337694e-01
1.156539999999999964e+04 9.308128488815761159e-01
1.156560000000000036e+04 9.686806144551972642e-01
1.156579999999999927e+04 9.968501030044568667e-01
1.156600000000000000e+04 1.008232882221055560e+00
1.156620000000000073e+04 1.041831935142160548e+00
1.156639999999999964e+04 1.056509700623380565e+00
1.156660000000000036e+04 1.077257005578302396e+00
1.156679999999999927e+04 1.100923272453236068e+00
1.156700000000000000e+04 1.100240063827573334e+00
1.156720000000000073e+04 1.109513238248653444e+00
1.156739999999999964e+04 1.118800287472503374e+00
1.156760000000000036e+04 1.126745232195732971e+00
1.156779999999999927e+04 1.140454652401013291e+00
1.156800000000000000e+04 1.148713885563246828e+00
1.156820000000000073e+04 1.152619969456597726e+00
1.156839999999999964e+04 1.160950568873106103e+00
1.156860000000000036e+04 1.156489239550406056e+00
1.156879999999999927e+04 1.167596003743051059e+00
1.156900000000000000e+04 1.156209244637299793e+00
1.156920000000000073e+04 1.178243755965780348e+00
1.156939999999999964e+04 1.163770974173116146e+00
1.156960000000000036e+04 1.151575667872821063e+00
1.156979999999999927e+04 1.148065913281101302e+00
1.157000000000000000e+04 1.156447986137909556e+00
1.157020000000000073e+04 1.150026759096360651e+00
1.157039999999999964e+04 1.154978671940165125e+00
1.157060000000000036e+04 1.150836995599172186e+00
1.157079999999999927e+04 1.145021438928323310e+00
1.157100000000000000e+04 1.137767629179200490e+00
1.157120000000000073e+04 1.132005778035012344e+00
1.157139999999999964e+04 1.138139066258267107e+00
1.157160000000000036e+04 1.146576098859386494e+00
1.157179999999999927e+04 1.143055731950306075e+00
1.157200000000000000e+04 1.133750444919941369e+00
1.157220000000000073e+04 1.144474682384281738e+00
1.157239999999999964e+04 1.147305703012387212e+00
1.157260000000000036e+04 1.140226998409039183e+00
1.157279999999999927e+04 1.150436241125549985e+00
1.157300000000000000e+04 1.153570646608304884e+00
1.157320000000000073e+04 1.148591554935205039e+00
1.157339999999999964e+04 1.162952303346680871e+00
1.157360000000000036e+04 1.169720268357157256e+00
1.157379999999999927e+04 1.177976731199895877e+00
1.157400000000000000e+04 1.182799598492749515e+00
1.157420000000000073e+04 1.172310092793273251e+00
1.157439999999999964e+04 1.181257602762944448e+00
1.157460000000000036e+04 1.197244031775275053e+00
1.157479999999999927e+04 1.203816889854403938e+00
1.157500000000000000e+04 1.210525373367516311e+00
1.157520000000000073e+04 1.240361700700005843e+00
1.157539999999999964e+04 1.224956890453306579e+00
1.157560000000000036e+04 1.235611461323246063e+00
1.157579999999999927e+04 1.240973966525783734e+00
1.157600000000000000e+04 1.245818966718285514e+00
1.157620000000000073e+04 1.246019019039019904e+00
1.157639999999999964e+04 1.261110886580311785e+00
1.157660000000000036e+04 1.256118822031990323e+00
1.157679999999999927e+04 1.266600064232038969e+00
1.157700000000000000e+04 1.270761196857190356e+00
1.157720000000000073e+04 1.280250009505410125e+00
1.157739999999999964e+04 1.301858535969227626e+00
1.157760000000000036e+04 1.278111833913370576e+00
1.157779999999999927e+04 1.300635287368151038e+00
1.157800000000000000e+04 1.289158259839469967e+00
1.157820000000000073e+04 1.300911827594645409e+00
1.157839999999999964e+04 1.314724457591930573e+00
1.157860000000000036e+04 1.311270122230375756e+00
1.157879999999999927e+04 1.305846758094598936e+00
1.157900000000000000e+04 1.310009988297885952e+00
1.157920000000000073e+04 1.320930693615813167e+00
1.157939999999999964e+04 1.311490532839945100e+00
1.157960000000000036e+04 1.317658396446053981e+00
1.157979999999999927e+04 1.315090833871143117e+00
1.158000000000000000e+04 1.310292754903693124e+00
1.158020000000000073e+04 1.325841787163372310e+00
1.158039999999999964e+04 1.313566167708307919e+00
1.158060000000000036e+04 1.292241930973353270e+00
1.158079999999999927e+04 1.303389968550735079e+00
1.158100000000000000e+04 1.291470747924312823e+00
1.158120000000000073e+04 1.298166676437458422e+00
1.158139999999999964e+04 1.279856401300941471e+00
1.158160000000000036e+04 1.277522982925264117e+00
1.158179999999999927e+04 1.275416602017893419e+00
1.158200000000000000e+04 1.270686678196429442e+00
1.158220000000000073e+04 1.247670068273170729e+00
1.158239999999999964e+04 1.245132250296549392e+00
1.158260000000000036e+04 1.235135985080536569e+00
1.158279999999999927e+04 1.223540180520613196e+00
1.158300000000000000e+04 1.231099542050704931e+00
1.158320000000000073e+04 1.212106862316879363e+00
1.158339999999999964e+04 1.190177939842396171e+00
1.158360000000000036e+04 1.195423249731838000e+00
1.158379999999999927e+04 1.193133112956140662e+00
1.158400000000000000e+04 1.175977172237861579e+00
1.158420000000000073e+04 1.147590613318216102e+00
1.158439999999999964e+04 1.144829970550221621e+00
1.158460000000000036e+04 1.145814644713483821e+00
1.158479999999999927e+04 1.122564087289265489e+00
1.158500000000000000e+04 1.120172513993853869e+00
1.158520000000000073e+04 1.112215515256506526e+00
1.158539999999999964e+04 1.091790835264116133e+00
1.158560000000000036e+04 1.088144493500636800e+00
1.158579999999999927e+04 1.056815277524309371e+00
1.158600000000000000e+04 1.064305353151720590e+00
1.158620000000000073e+04 1.060415483691287131e+00
1.158639999999999964e+04 1.045564578977076442e+00
1.158660000000000036e+04 1.057737683510588944e+00
1.158679999999999927e+04 1.029640193848772256e+00
1.158700000000000000e+04 1.027949663711866135e+00
1.158720000000000073e+04 1.025669016149069357e+00
1.158739999999999964e+04 1.028669666030799457e+00
1.158760000000000036e+04 1.003033690373510201e+00
1.158779999999999927e+04 1.015175551283232336e+00
1.158800000000000000e+04 1.002619455660633818e+00
1.158820000000000073e+04 9.907930621682986549e-01
1.158839999999999964e+04 9.949756420096432796e-01
1.158860000000000036e+04 9.890519491602530744e-01
1.158879999999999927e+04 9.794368530797163963e-01
1.158900000000000000e+04 9.835320477606052103e-01
1.158920000000000073e+04 9.750834751657807553e-01
1.158939999999999964e+04 9.761222194683721876e-01
1.158960000000000036e+04 9.767250903366754278e-01
1.158979999999999927e+04 9.821663344801495610e-01
1.159000000000000000e+04 9.594400290255715724e-01
1.159020000000000073e+04 9.808127065380922716e-01
1.159039999999999964e+04 9.523958707149775549e-01
1.159060000000000036e+04 9.632506479768313534e-01
1.159079999999999927e+04 9.673864481425835660e-01
1.159100000000000000e+04 9.642348126739107572e-01
1.159120000000000073e+04 9.570688828478873811e-01
1.159139999999999964e+04 9.597989883387741950e-01
1.159160000000000036e+04 9.588030613665597945e-01
1.159179999999999927e+04 9.578905795032733872e-01
1.159200000000000000e+04 9.688612568972307937e-01
1.159220000000000073e+04 9.661661968327651673e-01
1.159239999999999964e+04 9.592474973560699558e-01
1.159260000000000036e+04 9.716143275241628796e-01
1.159279999999999927e+04 9.664353079505395572e-01
1.159300000000000000e+04 9.708851783695713333e-01
1.159320000000000073e+04 9.713707256872030626e-01
1.159339999999999964e+04 9.623952663275323616e-01
1.159360000000000036e+04 9.633736077809506027e-01
1.159379999999999927e+04 9.736110901506622728e-01
1.159400000000000000e+04 9.724254763584870842e-01
1.159420000000000073e+04 9.682024632829495658e-01
1.159439999999999964e+04 9.707720773614522125e-01
1.159460000000000036e+04 9.784100587206574495e-01
1.159479999999999927e+04 9.637683683643001320e-01
1.159500000000000000e+04 9.728116763554731650e-01
1.159520000000000073e+04 9.669711711815376365e-01
1.159539999999999964e+04 9.670450297942391193e-01
1.159560000000000036e+04 9.761608488356435798e-01
1.159579999999999927e+04 9.746954687800440942e-01
1.159600000000000000e+04 9.741540563438859657e-01
1.159620000000000073e+04 9.756201934917889673e-01
1.159639999999999964e+04 9.662155849672827701e-01
1.159660000000000036e+04 9.703206747266710508e-01
1.159679999999999927e+04 9.635702038865380237e-01
1.159700000000000000e+04 9.665801342178652611e-01
1.159770000000000073e+04 9.597479588708057729e-01
1.159839999999999964e+04 9.581363391332219370e-01
1.159910000000000036e+04 9.582556975887375206e-01
1.159979999999999927e+04 9.451824624729127100e-01
1.160050000000000000e+04 9.625608407252623788e-01
1.160120000000000073e+04 9.389495314129374659e-01
1.160189999999999964e+04 9.356480312809735134e-01
1.160260000000000036e+04 9.509181771511203696e-01
1.160329999999999927e+04 9.472793921243324311e-01
1.160499369499999921e+04 9.435979671865907248e-01
1.160599958300000071e+04 9.435418730444894431e-01
1.160701766200000020e+04 9.393566250153677633e-01
1.160804793299999983e+04 9.344757190173997863e-01
1.160909039599999960e+04 9.434094747938092107e-01
1.161014505099999951e+04 9.424712435763796803e-01
1.161121189799999956e+04 9.589775261150794705e-01
1.161229093699999976e+04 9.576344130978752256e-01
1.161338216699999975e+04 9.593740150420650981e-01
1.161448559000000023e+04 9.697787382383497023e-01
1.161560120400000051e+04 9.820206356759355604e-01
1.161672901099999945e+04 9.823511433531378900e-01
1.161786900900000001e+04 9.862284671357141042e-01
1.161902119900000071e+04 9.989111902374685492e-01
1.162018558200000007e+04 1.002511282820834682e+00
1.162136215599999923e+04 1.000501736324449498e+00
1.162255092200000036e+04 1.001376517728984838e+00
1.162375187899999946e+04 1.007216738846173243e+00
1.162496502900000087e+04 9.960623155909107407e-01
1.162619037100000060e+04 9.946292607165609923e-01
1.162742790400000013e+04 9.982654682698368642e-01
1.162867763000000014e+04 9.998048649545061561e-01
1.162993954699999995e+04 1.002934744754470531e+00
1.163121365700000024e+04 1.009575311420373822e+00
1.163249995800000033e+04 1.003639239126541849e+00
1.163379845100000057e+04 9.958232247241216584e-01
1.163510913599999913e+04 9.956066683773294734e-01
1.163643201299999964e+04 9.869190059419269412e-01
1.163776708200000030e+04 9.922895038826887726e-01
1.163911434200000076e+04 9.894405969176649496e-01
1.164047379499999988e+04 9.927548938601181705e-01
1.164184543999999914e+04 9.834039152495918090e-01
1.164322927600000003e+04 9.912204713968222336e-01
1.164462530499999957e+04 9.978189587364723057e-01
1.164603352500000074e+04 9.873040405913847684e-01
1.164745393700000022e+04 9.904487450094114909e-01
1.164888654099999985e+04 9.934995836626657750e-01
1.165033133699999962e+04 9.875016299474826953e-01
1.165178832499999953e+04 9.950193414803559788e-01
1.165325750499999958e+04 9.965536459825238280e-01
1.165473887699999977e+04 1.000134714699552063e+00
1.165623243999999977e+04 9.988012101337806481e-01
1.165773819600000024e+04 1.007999342315597735e+00
1.165925614300000052e+04 1.015411091402599775e+00
1.166078628299999946e+04 1.026205171483929979e+00
1.166232861400000002e+04 1.026738936718206041e+00
1.166388313700000072e+04 1.037823601304357135e+00
1.166544985199999974e+04 1.020997736149493518e+00
1.166702875900000072e+04 1.034952170052469533e+00
1.166861985800000002e+04 1.032285383854306460e+00
1.167022314899999947e+04 1.048676405443661031e+00
1.167183863200000087e+04 1.029849967594187676e+00
1.167346630700000060e+04 1.031043487258954450e+00
1.167510617300000013e+04 1.035132057738738398e+00
1.167675823200000013e+04 1.026883519040064696e+00
1.167842248199999995e+04 1.040182879990162901e+00
1.168009892399999990e+04 1.040382553038928126e+00
1.168178755799999999e+04 1.049219298890674779e+00
1.168348838500000056e+04 1.053477777975492691e+00
1.168520140299999912e+04 1.066654869866604294e+00
1.168692661299999963e+04 1.062288760809318333e+00
1.168866401399999995e+04 1.053606030131478466e+00
1.169041360800000075e+04 1.052562168219514094e+00
1.169217539399999987e+04 1.064055425303770841e+00
1.169394937100000061e+04 1.052073942633716452e+00
1.169573554100000001e+04 1.074815511271316248e+00
1.169753390199999922e+04 1.070639710599511796e+00
1.169934445500000038e+04 1.059695063826390671e+00
1.170116720100000020e+04 1.050679223066880663e+00
1.170300213799999983e+04 1.072524786016038512e+00
1.170484926699999960e+04 1.063702958548728983e+00
1.170670858799999951e+04 1.074173872891932335e+00
1.170858009999999922e+04 1.056563100640025121e+00
1.171046380499999941e+04 1.064763047145246500e+00
1.171235970199999974e+04 1.072624002688026490e+00
1.171426778999999988e+04 1.075638821522826749e+00
1.171618807100000049e+04 1.076118362372494142e+00
1.171812054300000091e+04 1.087447592345620384e+00
1.172006520699999965e+04 1.079390831401688233e+00
1.172202206400000068e+04 1.089765983045814179e+00
1.172399111199999970e+04 1.095447839637867737e+00
1.172597235200000068e+04 1.102422767811287008e+00
1.172796578399999999e+04 1.107806864383993339e+00
1.172997140700000091e+04 1.097843649775341213e+00
1.173198922300000049e+04 1.098175389448423633e+00
1.173401923100000022e+04 1.122130675467265304e+00
1.173606142999999975e+04 1.118077795837821853e+00
1.173811582199999975e+04 1.113321401539733913e+00
1.174018240499999956e+04 1.132237347743648703e+00
1.174226117999999951e+04 1.124807693903537853e+00
1.174435214799999994e+04 1.134851637817957615e+00
1.174645530700000018e+04 1.129020147261585061e+00
1.174857065800000055e+04 1.146744676538431928e+00
1.175069820099999924e+04 1.146784369735127873e+00
1.175283793499999956e+04 1.135207253953465223e+00
1.175498986200000036e+04 1.146238033800232259e+00
1.175715398099999948e+04 1.146216804254364785e+00
1.175933029100000022e+04 1.151655391806810425e+00
1.176151879399999962e+04 1.137242708299897709e+00
1.176371948800000064e+04 1.149400328308247010e+00
1.176593237399999998e+04 1.153026719559052227e+00
1.176815745299999980e+04 1.134118413816208149e+00
1.177039472299999943e+04 1.139671086385756205e+00
1.177264418499999920e+04 1.134760446717796301e+00
1.177490583800000059e+04 1.148994887035031276e+00
1.177717968400000063e+04 1.157881590957832163e+00
1.177946572200000082e+04 1.164966424165455816e+00
1.178176395199999934e+04 1.158157652606265131e+00
1.178407437299999947e+04 1.171332637874881399e+00
1.178639698700000008e+04 1.153966534014512435e+00
1.178873179200000050e+04 1.155517970265620420e+00
1.179107878899999923e+04 1.170452108504057565e+00
1.179343797799999993e+04 1.176402278167892446e+00
1.179580935900000077e+04 1.177613255391529057e+00
1.179819293199999993e+04 1.167874574846037294e+00
1.180058869699999923e+04 1.185780090978924228e+00
1.180299665400000049e+04 1.181810244239049679e+00
1.180541680300000007e+04 1.200058978582357438e+00
1.180784914299999946e+04 1.201550051377629158e+00
1.181029367599999932e+04 1.197558421196193157e+00
1.181275040000000081e+04 1.204612058493738314e+00
1.181521931699999914e+04 1.204499407152570978e+00
1.181770042500000091e+04 1.214519722762223752e+00
1.182019372499999918e+04 1.224253535783921043e+00
1.182269921699999941e+04 1.213075993174129064e+00
1.182521690099999978e+04 1.224726514380303666e+00
1.182774677700000029e+04 1.219936316221257977e+00
1.183028884499999913e+04 1.219053070350653911e+00
1.183284310499999992e+04 1.225493604090197364e+00
1.183540955600000052e+04 1.220591645614317988e+00
1.183798819999999978e+04 1.225049101951146246e+00
1.184057903500000066e+04 1.222762031475225886e+00
1.184318206199999986e+04 1.246180245404744369e+00
1.184579728199999954e+04 1.236351315254748062e+00
1.184842469300000084e+04 1.232932751411380146e+00
1.185106429600000047e+04 1.242144351369240729e+00
1.185371609100000023e+04 1.242486169905520299e+00
1.185638007800000014e+04 1.245817606017014967e+00
1.185905625599999985e+04 1.254354528982455808e+00
1.186174462700000004e+04 1.258196298859393991e+00
1.186444519000000037e+04 1.253384176251860715e+00
1.186715794400000050e+04 1.255468424303404440e+00
1.186988289099999929e+04 1.261736368027151389e+00
1.187262002899999970e+04 1.251649399874610324e+00
1.187536935900000026e+04 1.261025440250570506e+00
1.187813088099999914e+04 1.285008262706863080e+00
1.188090459499999997e+04 1.291261809398201788e+00
1.188369050099999913e+04 1.282286226099789594e+00
1.188648859900000025e+04 1.291893702230186847e+00
1.188929888899999969e+04 1.294576990915330406e+00
1.189212137099999927e+04 1.316817263991077569e+00
1.189495604400000047e+04 1.307479596028895630e+00
1.189780291000000034e+04 1.302465658527135917e+00
1.190066196700000000e+04 1.300005877985043856e+00
1.190353321700000015e+04 1.298047521151346917e+00
1.190641665800000010e+04 1.313639301063691533e+00
1.190931229100000019e+04 1.308511160636323112e+00
1.191222011600000042e+04 1.306215357625365003e+00
1.191514013300000079e+04 1.314192435864314001e+00
1.191807234199999948e+04 1.313983915971522753e+00
1.192101674300000013e+04 1.336209039631775175e+00
1.192397333500000059e+04 1.333164044098513301e+00
1.192694211999999970e+04 1.329973205484130672e+00
1.192992309600000044e+04 1.343442750429101329e+00
1.193291626499999984e+04 1.337204600818702183e+00
1.193592162500000086e+04 1.334277908373764809e+00
1.193893917700000020e+04 1.354875572398517303e+00
1.194196892099999968e+04 1.351483879861156590e+00
1.194501085799999964e+04 1.343787757109284886e+00
1.194806498500000089e+04 1.353434251996356696e+00
1.195113130500000079e+04 1.352714316933174565e+00
1.195420981700000084e+04 1.352315858306549545e+00
1.195730052099999921e+04 1.372054215821291612e+00
1.196040341599999920e+04 1.383301303535667603e+00
1.196351850399999967e+04 1.364986524582175731e+00
1.196664578299999994e+04 1.382995418340499993e+00
1.196978525500000069e+04 1.378436290674307951e+00
1.197293691799999942e+04 1.384113772251024832e+00
1.197610077300000012e+04 1.387106110450816443e+00
1.197927681999999913e+04 1.389289885661153301e+00
1.198246505900000011e+04 1.398664270614809579e+00
1.198566548999999941e+04 1.397479417008522073e+00
1.198887811200000033e+04 1.408388521318116426e+00
1.199210292699999991e+04 1.409711469010576312e+00
1.199533993399999963e+04 1.411990909203348243e+00
1.199858913199999915e+04 1.410896106528587657e+00
1.200185052299999916e+04 1.416362287291254685e+00
1.200512410500000078e+04 1.429293610857080399e+00
1.200840987900000073e+04 1.430030798432683214e+00
1.201170784500000082e+04 1.422421936547142662e+00
1.201501800299999923e+04 1.433425314370066150e+00
1.201834035299999960e+04 1.440432927077551994e+00
1.202167489500000011e+04 1.427365492905955158e+00
1.202502162900000076e+04 1.446550429958044504e+00
1.202838055399999939e+04 1.441942964778003766e+00
1.203175167200000033e+04 1.453838124494309492e+00
1.203513498199999958e+04 1.448436793402887446e+00
1.203853048300000046e+04 1.444773696652644102e+00
1.204193817599999966e+04 1.450598927962321483e+00
1.204535806100000082e+04 1.466623285921415443e+00
1.204879013900000064e+04 1.471961882237546426e+00
1.205223440800000026e+04 1.468622127611318273e+00
1.205569086799999968e+04 1.483654437222064804e+00
1.205915952099999959e+04 1.472746670186691809e+00
1.206264036599999963e+04 1.488765377828768166e+00
1.206613340299999982e+04 1.483864901056504593e+00
1.206963863099999980e+04 1.491932156138136900e+00
1.207315605200000027e+04 1.501486908745663484e+00
1.207668566400000054e+04 1.499640451774924665e+00
1.208022746799999913e+04 1.507073586983293634e+00
1.208378146500000003e+04 1.520621614700509827e+00
1.208734765300000072e+04 1.513176011779267416e+00
1.209092603299999973e+04 1.527831218412468939e+00
1.209451660500000071e+04 1.517570623929019868e+00
1.209811936900000001e+04 1.532910323568104527e+00
1.210173432399999911e+04 1.543138198866662147e+00
1.210536147200000050e+04 1.519512127345741703e+00
1.210900081099999989e+04 1.535053746141102460e+00
1.211265234299999975e+04 1.548157952736710863e+00
1.211631606599999941e+04 1.547404312172461660e+00
1.211999198199999955e+04 1.554814191297154702e+00
1.212368008899999950e+04 1.551631092021676928e+00
1.212738038799999958e+04 1.559973713987615751e+00
1.213109287899999981e+04 1.562422586347789633e+00
1.213481756200000018e+04 1.575899007527601370e+00
1.213855443700000069e+04 1.574380014592156485e+00
1.214230350299999918e+04 1.579125073276848257e+00
1.214606476199999997e+04 1.576984426196016420e+00
1.214983821300000091e+04 1.581020125722221392e+00
1.215362385499999982e+04 1.586696155476551073e+00
1.215742168900000070e+04 1.597080809469805462e+00
1.216123171600000023e+04 1.596117874951654692e+00
1.216505393399999957e+04 1.605009710096138686e+00
1.216888834400000087e+04 1.622355537411752646e+00
1.217273494600000049e+04 1.618851872733508390e+00
1.217659374000000025e+04 1.616026457601045241e+00
1.218046472600000016e+04 1.631222859677573744e+00
1.218434790299999986e+04 1.624399017419697833e+00
1.218824327300000004e+04 1.617431235204746409e+00
1.219215083500000037e+04 1.628917231586157310e+00
1.219607058800000050e+04 1.627815711431352952e+00
1.220000253300000077e+04 1.643012520050898706e+00
1.220394667099999970e+04 1.649418542273327404e+00
1.220790300000000025e+04 1.664917294372726619e+00
1.221187152099999912e+04 1.660637134512373603e+00
1.221585223399999995e+04 1.660622955681815283e+00
1.221984513899999911e+04 1.671943411242295507e+00
1.222385023600000022e+04 1.655295256178757946e+00
1.222786752399999932e+04 1.677202766359212838e+00
1.223189700500000072e+04 1.684454986083212091e+00
1.223593867800000044e+04 1.673177079285428359e+00
1.223999254199999996e+04 1.696224607728849865e+00
1.224405859799999962e+04 1.694598193168237454e+00
1.224813684699999976e+04 1.694296807190150078e+00
1.225222728699999971e+04 1.705955237431549421e+00
1.225632991899999979e+04 1.722181124617164327e+00
1.226044474300000002e+04 1.711841623109968902e+00
1.226457175900000038e+04 1.716854442044178253e+00
1.226871096700000089e+04 1.716653188655935525e+00
1.227286236599999938e+04 1.719012722528674431e+00
1.227702595800000017e+04 1.734954472149341731e+00
1.228120174199999929e+04 1.728586810473050850e+00
1.228538971700000002e+04 1.740022540501905191e+00
1.228958988400000089e+04 1.741519877224901425e+00
1.229380224400000043e+04 1.753431056910057739e+00
1.229802679499999977e+04 1.758076342415191728e+00
1.230226353799999924e+04 1.767064730302202236e+00
1.230651247300000068e+04 1.761409297685642361e+00
1.231077360000000044e+04 1.768304486697471090e+00
1.231504691900000034e+04 1.768230221438169547e+00
1.231933242900000005e+04 1.776356779807839459e+00
1.232363013200000023e+04 1.787077971992900638e+00
1.232794002600000022e+04 1.794403768281541911e+00
1.233226211300000068e+04 1.787879063395398704e+00
1.233659639099999913e+04 1.804438116858350538e+00
1.234094286099999954e+04 1.812903867031373739e+00
1.234530152400000043e+04 1.810936377417896370e+00
1.234967237799999930e+04 1.826239617800052617e+00
1.235405542400000013e+04 1.812302118227118397e+00
1.235845066199999928e+04 1.813074833944502195e+00
1.236285809100000006e+04 1.815071713898138484e+00
1.236727771299999949e+04 1.842599195767582687e+00
1.237170952700000089e+04 1.841693490457900317e+00
1.237615353200000027e+04 1.841975091011688548e+00
1.238060973000000013e+04 1.849076815873468282e+00
1.238507811899999979e+04 1.844154247397992163e+00
1.238955869999999959e+04 1.874341707890723185e+00
1.239405147299999953e+04 1.862521152008122627e+00
1.239855643799999962e+04 1.867798072948792854e+00
1.240307359499999984e+04 1.877207863100194274e+00
1.240760294400000021e+04 1.880422589623743868e+00
1.241214448500000071e+04 1.884010507090839948e+00
1.241669821799999954e+04 1.881784010191240419e+00
1.242126414199999999e+04 1.897121059756457839e+00
1.242584225899999910e+04 1.912955553622447624e+00
1.243043256699999984e+04 1.913883077402433130e+00
1.243503506799999923e+04 1.920941666473933829e+00
1.243964976000000024e+04 1.911431599022613614e+00
1.244427664399999958e+04 1.913481986816873537e+00
1.244891572000000087e+04 1.924854164026104986e+00
1.245356698800000049e+04 1.931307441756900500e+00
1.245823044800000025e+04 1.943827677760637807e+00
1.246290610000000015e+04 1.929395128193433173e+00
1.246759394299999985e+04 1.957013569624754368e+00
1.247229397900000004e+04 1.950598867834810957e+00
1.247700620600000002e+04 1.953848885199382490e+00
1.248173062600000048e+04 1.955360934283957075e+00
1.248646723700000075e+04 1.955978168901287617e+00
1.249121603999999934e+04 1.978652164959206816e+00
1.249597703600000023e+04 1.979224586900647953e+00
1.250075022299999910e+04 1.975139635303982732e+00
1.250553560199999993e+04 1.978530826291310607e+00
1.251033317200000056e+04 1.990459609241875372e+00
1.251514293499999985e+04 2.010232042199265212e+00
1.251996488999999929e+04 2.002034151834780840e+00
1.252479903700000068e+04 1.998991234552412788e+00
1.252964537500000006e+04 2.013198402255739428e+00
