1.138059698199999912e+04 1.851832659368987388e-01
1.138559698199999912e+04 1.872452290718266688e-01
1.139059698199999912e+04 2.011876308991920048e-01
1.139559698199999912e+04 1.974958215126900174e-01
1.140059698199999912e+04 1.926678215245364312e-01
1.140559698199999912e+04 1.906479422379693811e-01
1.141059698199999912e+04 1.799796100526617482e-01
1.141559698199999912e+04 1.869707924281940603e-01
1.142059698199999912e+04 2.083060319434260621e-01
1.142559698199999912e+04 1.870278106539770002e-01
1.143059698199999912e+04 1.977714283731880351e-01
1.143559698199999912e+04 2.040604000258369466e-01
1.144059698199999912e+04 1.890363576509535293e-01
1.144559698199999912e+04 1.995587257846886398e-01
1.145059698199999912e+04 2.053248614253717630e-01
1.145559698199999912e+04 1.996287504340138741e-01
1.146059698199999912e+04 2.201200249056556313e-01
1.146559698199999912e+04 1.893551456863066529e-01
1.147059698199999912e+04 2.089649106566104086e-01
1.147559698199999912e+04 2.012421020481131306e-01
1.148059698199999912e+04 2.084703079878580390e-01
1.148559698199999912e+04 2.071224710808954872e-01
1.149059698199999912e+04 1.999361217152317849e-01
1.149559698199999912e+04 2.076826913494490556e-01
1.150059698199999912e+04 1.943373577510886518e-01
1.150559698199999912e+04 2.127584421518942670e-01
1.151059698199999912e+04 2.121244530217580582e-01
1.151559698199999912e+04 2.160454134662787573e-01
1.152059698199999912e+04 2.210440969514676779e-01
1.152559698199999912e+04 2.188841422550891480e-01
1.153059698199999912e+04 2.205177644616587995e-01
1.153400000000000000e+04 2.161651917589151040e-01
1.153500000000000000e+04 2.182486396018165076e-01
1.153600000000000000e+04 2.326117322912651941e-01
1.153700000000000000e+04 2.352689505834825168e-01
1.153800000000000000e+04 2.249298185090169988e-01
1.153900000000000000e+04 2.280829633228280695e-01
1.154000000000000000e+04 2.226103598994098598e-01
1.154100000000000000e+04 2.383733588487451649e-01
1.154120000000000073e+04 2.352626393591390197e-01
1.154139999999999964e+04 2.438923144159264034e-01
1.154160000000000036e+04 2.253500962904579075e-01
1.154179999999999927e+04 2.301522698885138940e-01
1.154200000000000000e+04 2.332358373094071680e-01
1.154220000000000073e+04 2.364715678953739908e-01
1.154239999999999964e+04 2.323099086553223891e-01
1.154260000000000036e+04 2.273129102341839847e-01
1.154279999999999927e+04 2.393513704168725997e-01
1.154300000000000000e+04 2.385385753444818624e-01
1.154320000000000073e+04 2.279555186864649918e-01
1.154339999999999964e+04 2.440547929961287277e-01
1.154360000000000036e+04 2.435830343124482655e-01
1.154379999999999927e+04 2.366345982440257179e-01
1.154400000000000000e+04 2.366759795426403856e-01
1.154420000000000073e+04 2.388099532805587066e-01
1.154439999999999964e+04 2.306796013939902967e-01
1.154460000000000036e+04 2.372168910007300957e-01
1.154479999999999927e+04 2.223960032594119451e-01
1.154500000000000000e+04 2.434573245636198757e-01
1.154520000000000073e+04 2.273679547280589575e-01
1.154539999999999964e+04 2.492385890631153567e-01
1.154560000000000036e+04 2.370423814232560933e-01
1.154579999999999927e+04 2.380570961850666523e-01
1.154600000000000000e+04 2.359850405584407451e-01
1.154620000000000073e+04 2.388262959664212148e-01
1.154639999999999964e+04 2.512424298001843526e-01
1.154660000000000036e+04 2.246901088806407265e-01
1.154679999999999927e+04 2.513625792838196649e-01
1.154700000000000000e+04 2.447653950833717229e-01
1.154720000000000073e+04 2.339847880354936072e-01
1.154739999999999964e+04 2.369012723637928808e-01
1.154760000000000036e+04 2.568877993508648094e-01
1.154779999999999927e+04 2.383526653592669409e-01
1.154800000000000000e+04 2.378666478123343808e-01
1.154820000000000073e+04 2.547412237899783216e-01
1.154839999999999964e+04 2.493272097964395195e-01
1.154860000000000036e+04 2.415532993149360208e-01
1.154879999999999927e+04 2.502898847737132226e-01
1.154900000000000000e+04 2.423233253580665825e-01
1.154920000000000073e+04 2.568768296309861254e-01
1.154939999999999964e+04 2.576480457400441293e-01
1.154960000000000036e+04 2.548506857929559444e-01
1.154979999999999927e+04 2.552541354232957249e-01
1.155000000000000000e+04 2.655761011450476494e-01
1.155020000000000073e+04 2.534949121135846584e-01
1.155039999999999964e+04 2.459485629801980711e-01
1.155060000000000036e+04 2.588907828405525580e-01
1.155079999999999927e+04 2.702746515711124120e-01
1.155100000000000000e+04 2.504827799267514976e-01
1.155120000000000073e+04 2.557400835878301804e-01
1.155139999999999964e+04 2.620587830590331846e-01
1.155160000000000036e+04 2.605458912456412590e-01
1.155179999999999927e+04 2.546516252176969086e-01
1.155200000000000000e+04 2.708790240442969233e-01
1.155220000000000073e+04 2.798930541932597160e-01
1.155239999999999964e+04 2.654144248785594296e-01
1.155260000000000036e+04 2.587281982112636380e-01
1.155279999999999927e+04 2.568399056383276480e-01
1.155300000000000000e+04 2.721890300498041038e-01
1.155320000000000073e+04 2.776307306742087366e-01
1.155339999999999964e+04 2.745257137984850604e-01
1.155360000000000036e+04 2.741468913450388900e-01
1.155379999999999927e+04 2.707374813905053523e-01
1.155400000000000000e+04 2.689760600206884122e-01
1.155420000000000073e+04 2.849025503577445884e-01
1.155439999999999964e+04 2.854819631379708067e-01
1.155460000000000036e+04 2.692255608509604992e-01
1.155479999999999927e+04 2.946936793611538707e-01
1.155500000000000000e+04 2.900408054077437958e-01
1.155520000000000073e+04 2.971218562556294240e-01
1.155539999999999964e+04 2.793179680625176853e-01
1.155560000000000036e+04 2.821210085772029030e-01
1.155579999999999927e+04 2.925736624782276363e-01
1.155600000000000000e+04 2.999192600000607500e-01
1.155620000000000073e+04 3.109917190301343393e-01
1.155639999999999964e+04 3.057681421192972038e-01
1.155660000000000036e+04 3.018958180942395986e-01
1.155679999999999927e+04 2.995920057709133277e-01
1.155700000000000000e+04 3.186480745961647321e-01
1.155720000000000073e+04 3.069279489390235871e-01
1.155739999999999964e+04 3.284355862239884405e-01
1.155760000000000036e+04 3.196600900774144161e-01
1.155779999999999927e+04 3.349165575347411439e-01
1.155800000000000000e+04 3.320775540308337215e-01
1.155820000000000073e+04 3.306329035168104613e-01
1.155839999999999964e+04 3.327383276080230767e-01
1.155860000000000036e+04 3.381831409699453395e-01
1.155879999999999927e+04 3.488132733537835928e-01
1.155900000000000000e+04 3.520942048249258716e-01
1.155920000000000073e+04 3.524708828202238742e-01
1.155939999999999964e+04 3.632064184892191960e-01
1.155960000000000036e+04 3.702707752668371599e-01
1.155979999999999927e+04 3.626900006059995962e-01
1.156000000000000000e+04 3.877371494415994269e-01
1.156020000000000073e+04 3.854200392520432117e-01
1.156039999999999964e+04 3.931540388456835622e-01
1.156060000000000036e+04 3.982659477126874736e-01
1.156079999999999927e+04 4.075172849627962113e-01
1.156100000000000000e+04 4.214722473601097419e-01
1.156120000000000073e+04 4.359604000094647880e-01
1.156139999999999964e+04 4.676376320755391003e-01
1.156160000000000036e+04 4.630543574952883934e-01
1.156179999999999927e+04 4.832539841408211023e-01
1.156200000000000000e+04 5.005302823328728890e-01
1.156220000000000073e+04 5.162441044896944886e-01
1.156239999999999964e+04 5.318665042987127389e-01
1.156260000000000036e+04 5.425607106496341814e-01
1.156279999999999927e+04 5.822154192416716390e-01
1.156300000000000000e+04 6.075391125710131179e-01
1.156320000000000073e+04 6.055484599791828293e-01
1.156339999999999964e+04 6.347418135493360092e-01
1.156360000000000036e+04 6.667818918756688307e-01
1.156379999999999927e+04 6.895843689637314311e-01
1.156400000000000000e+04 7.281069662002965792e-01
1.156420000000000073e+04 7.490006260382020553e-01
1.156439999999999964e+04 7.984270511803011061e-01
1.156460000000000036e+04 8.207550012200535150e-01
1.156479999999999927e+04 8.452031059638066557e-01
1.156500000000000000e+04 8.790913159870473725e-01
1.156520000000000073e+04 9.072982760989659612e-01
1.156539999999999964e+04 9.236044950952735366e-01
1.156560000000000036e+04 9.463154671964721931e-01
1.156579999999999927e+04 9.768017491167878541e-01
1.156600000000000000e+04 1.005910164143939856e+00
1.156620000000000073e+04 1.020618117287591220e+00
1.156639999999999964e+04 1.025571656626417250e+00
1.156660000000000036e+04 1.047063506043917291e+00
1.156679999999999927e+04 1.066409805369438857e+00
1.156700000000000000e+04 1.078479870616689817e+00
1.156720000000000073e+04 1.103229182108792061e+00
1.156739999999999964e+04 1.087790054340920687e+00
1.156760000000000036e+04 1.105747371997529926e+00
1.156779999999999927e+04 1.118384744188762658e+00
1.156800000000000000e+04 1.126200806369562102e+00
1.156820000000000073e+04 1.108845680250265309e+00
1.156839999999999964e+04 1.116180364333765329e+00
1.156860000000000036e+04 1.114288250838384009e+00
1.156879999999999927e+04 1.108976420893638570e+00
1.156900000000000000e+04 1.103363159532297910e+00
1.156920000000000073e+04 1.104086272373671518e+00
1.156939999999999964e+04 1.078963417159111815e+00
1.156960000000000036e+04 1.094443352941825376e+00
1.156979999999999927e+04 1.083430992229831302e+00
1.157000000000000000e+04 1.073229849863320373e+00
1.157020000000000073e+04 1.081731298215151238e+00
1.157039999999999964e+04 1.055365653386595159e+00
1.157060000000000036e+04 1.048521101444174430e+00
1.157079999999999927e+04 1.056537372580423684e+00
1.157100000000000000e+04 1.028263063725247894e+00
1.157120000000000073e+04 1.021977920423667641e+00
1.157139999999999964e+04 1.016121344263150705e+00
1.157160000000000036e+04 1.014721417904351553e+00
1.157179999999999927e+04 1.003347138805588790e+00
1.157200000000000000e+04 9.855858059330245835e-01
1.157220000000000073e+04 9.833287773335127602e-01
1.157239999999999964e+04 9.755168773332753007e-01
1.157260000000000036e+04 9.720314288734759334e-01
1.157279999999999927e+04 9.694657265356672049e-01
1.157300000000000000e+04 9.639532306164463327e-01
1.157320000000000073e+04 9.426764887937701953e-01
1.157339999999999964e+04 9.567539580983552838e-01
1.157360000000000036e+04 9.468179741211033562e-01
1.157379999999999927e+04 9.495286208205170331e-01
1.157400000000000000e+04 9.382063732924224020e-01
1.157420000000000073e+04 9.392417008821689617e-01
1.157439999999999964e+04 9.308691158540425281e-01
1.157460000000000036e+04 9.330342443908181682e-01
1.157479999999999927e+04 9.241148844393727302e-01
1.157500000000000000e+04 9.168166339845095214e-01
1.157520000000000073e+04 9.303753275797794764e-01
1.157539999999999964e+04 9.187042270551939449e-01
1.157560000000000036e+04 9.140412539561624250e-01
1.157579999999999927e+04 8.988542942512592893e-01
1.157600000000000000e+04 8.969859043985448643e-01
1.157620000000000073e+04 9.064076126432397684e-01
1.157639999999999964e+04 9.049466260320311317e-01
1.157660000000000036e+04 8.975792855897440914e-01
1.157679999999999927e+04 9.022545979980884923e-01
1.157700000000000000e+04 9.112733058895023941e-01
1.157720000000000073e+04 9.042147227539916177e-01
1.157739999999999964e+04 8.916944065183793899e-01
1.157760000000000036e+04 8.986218857128946969e-01
1.157779999999999927e+04 8.937672146389673555e-01
1.157800000000000000e+04 8.967811056517038804e-01
1.157820000000000073e+04 8.967088980514903440e-01
1.157839999999999964e+04 8.961190877596706406e-01
1.157860000000000036e+04 8.918417928463905353e-01
1.157879999999999927e+04 9.002267317787949752e-01
1.157900000000000000e+04 8.975981772437903183e-01
1.157920000000000073e+04 8.818010068856838579e-01
1.157939999999999964e+04 9.166331183845551900e-01
1.157960000000000036e+04 9.101920461895476322e-01
1.157979999999999927e+04 8.999215658376690241e-01
1.158000000000000000e+04 9.045779484057632214e-01
1.158020000000000073e+04 8.950198110036051702e-01
1.158039999999999964e+04 9.161742859386634574e-01
1.158060000000000036e+04 9.183610283692906773e-01
1.158079999999999927e+04 9.063965987869699870e-01
1.158100000000000000e+04 9.111710469913226751e-01
1.158120000000000073e+04 9.068406799514036054e-01
1.158139999999999964e+04 8.952900357109279117e-01
1.158160000000000036e+04 9.009799172693885305e-01
1.158179999999999927e+04 9.051024299792601591e-01
1.158200000000000000e+04 9.009790393250076690e-01
1.158220000000000073e+04 9.014572952809780659e-01
1.158239999999999964e+04 9.017005578453775039e-01
1.158260000000000036e+04 9.009609230085354747e-01
1.158279999999999927e+04 9.000131813991542051e-01
1.158300000000000000e+04 8.918429530391193127e-01
1.158320000000000073e+04 8.935977956959371138e-01
1.158339999999999964e+04 8.883941018890064711e-01
1.158360000000000036e+04 9.034751380907347640e-01
1.158379999999999927e+04 8.808442951198164339e-01
1.158400000000000000e+04 9.032454386197215079e-01
1.158420000000000073e+04 9.036178044226899075e-01
1.158439999999999964e+04 8.914663119127383961e-01
1.158460000000000036e+04 8.738337014631151201e-01
1.158479999999999927e+04 8.891888594724061123e-01
1.158500000000000000e+04 8.901962041149785732e-01
1.158520000000000073e+04 8.826014952041431050e-01
1.158539999999999964e+04 8.864730420995365900e-01
1.158560000000000036e+04 8.999100846382622754e-01
1.158579999999999927e+04 8.933749634278451701e-01
1.158600000000000000e+04 8.830512259328195945e-01
1.158620000000000073e+04 8.774941918591191437e-01
1.158639999999999964e+04 8.864530421937769633e-01
1.158660000000000036e+04 8.873355331136365542e-01
1.158679999999999927e+04 8.929905013526158175e-01
1.158700000000000000e+04 8.846566432622247067e-01
1.158720000000000073e+04 8.927644967495431683e-01
1.158739999999999964e+04 9.033640599076305788e-01
1.158760000000000036e+04 8.964373856319350908e-01
1.158779999999999927e+04 8.908454564965174738e-01
1.158800000000000000e+04 8.913076158152110073e-01
1.158820000000000073e+04 8.908319179838498636e-01
1.158839999999999964e+04 9.010631493014780169e-01
1.158860000000000036e+04 8.895565922751205168e-01
1.158879999999999927e+04 8.949785766109592533e-01
1.158900000000000000e+04 8.990432045621647994e-01
1.158920000000000073e+04 8.942191604950348038e-01
1.158939999999999964e+04 8.898131978537808795e-01
1.158960000000000036e+04 9.021488458311027747e-01
1.158979999999999927e+04 9.020734150460865131e-01
1.159000000000000000e+04 9.061013309300460783e-01
1.159020000000000073e+04 9.000392542700451637e-01
1.159039999999999964e+04 9.149303657718341753e-01
1.159060000000000036e+04 9.014306920021691871e-01
1.159079999999999927e+04 9.208180895817511535e-01
1.159100000000000000e+04 8.980837997718470467e-01
1.159120000000000073e+04 9.143673630226833993e-01
1.159139999999999964e+04 9.164067566374862750e-01
1.159160000000000036e+04 9.103164198063635748e-01
1.159179999999999927e+04 9.201048927340658157e-01
1.159200000000000000e+04 9.284694886571329686e-01
1.159220000000000073e+04 9.062698911034499094e-01
1.159239999999999964e+04 9.266384213327641950e-01
1.159260000000000036e+04 9.082774809386315873e-01
1.159279999999999927e+04 9.187300455992509773e-01
1.159300000000000000e+04 9.384966729898406301e-01
1.159320000000000073e+04 9.256852211581995116e-01
1.159339999999999964e+04 9.233733263959116311e-01
1.159360000000000036e+04 9.298298008680487836e-01
1.159379999999999927e+04 9.472109099225827222e-01
1.159400000000000000e+04 9.203971864416129467e-01
1.159420000000000073e+04 9.263257142740695116e-01
1.159439999999999964e+04 9.459083146764968308e-01
1.159460000000000036e+04 9.482666131057737591e-01
1.159479999999999927e+04 9.332026716208666750e-01
1.159500000000000000e+04 9.266623943310059452e-01
1.159520000000000073e+04 9.492441650846148438e-01
1.159539999999999964e+04 9.460469472109754863e-01
1.159560000000000036e+04 9.397642222717355054e-01
1.159579999999999927e+04 9.298947485467617957e-01
1.159600000000000000e+04 9.347303167430428550e-01
1.159620000000000073e+04 9.320001753953767176e-01
1.159639999999999964e+04 9.348573814726338638e-01
1.159660000000000036e+04 9.420858405672011271e-01
1.159679999999999927e+04 9.381745593051271648e-01
1.159700000000000000e+04 9.231451310764619000e-01
1.159770000000000073e+04 9.360470579388032730e-01
1.159839999999999964e+04 9.249751637117687997e-01
1.159910000000000036e+04 9.236427370482335197e-01
1.159979999999999927e+04 9.251241921084166764e-01
1.160050000000000000e+04 9.038194392534281141e-01
1.160120000000000073e+04 9.084442804679919714e-01
1.160189999999999964e+04 9.024635429189702407e-01
1.160260000000000036e+04 8.934279414750159187e-01
1.160329999999999927e+04 9.048934368257297578e-01
1.160499369499999921e+04 9.156779774970089658e-01
1.160599958300000071e+04 8.844431211346374111e-01
1.160701766200000020e+04 8.962001080951143006e-01
1.160804793299999983e+04 9.010801832854196114e-01
1.160909039599999960e+04 8.986465391301047267e-01
1.161014505099999951e+04 9.002332883973893640e-01
1.161121189799999956e+04 8.960111535313707298e-01
1.161229093699999976e+04 9.119746809217464945e-01
1.161338216699999975e+04 9.104679674956712709e-01
1.161448559000000023e+04 9.063496787848153158e-01
1.161560120400000051e+04 9.358340466383265888e-01
1.161672901099999945e+04 9.401658898959450728e-01
1.161786900900000001e+04 9.384128912360205632e-01
1.161902119900000071e+04 9.437887693383193444e-01
1.162018558200000007e+04 9.520706721944163231e-01
1.162136215599999923e+04 9.482052240623449757e-01
1.162255092200000036e+04 9.523506971017547951e-01
1.162375187899999946e+04 9.437967562860739568e-01
1.162496502900000087e+04 9.542164576849250235e-01
1.162619037100000060e+04 9.444105864033701669e-01
1.162742790400000013e+04 9.411584845487700468e-01
1.162867763000000014e+04 9.278080014951248788e-01
1.162993954699999995e+04 9.368292826926013506e-01
1.163121365700000024e+04 9.263787601341493261e-01
1.163249995800000033e+04 9.247767911800824914e-01
1.163379845100000057e+04 9.214845183169260157e-01
1.163510913599999913e+04 9.172433801694510613e-01
1.163643201299999964e+04 9.361500087461216424e-01
1.163776708200000030e+04 9.278729358468805755e-01
1.163911434200000076e+04 9.296283226627003460e-01
1.164047379499999988e+04 9.055745330719088271e-01
1.164184543999999914e+04 9.117823371549241829e-01
1.164322927600000003e+04 8.994334368723828632e-01
1.164462530499999957e+04 9.017571479436838899e-01
1.164603352500000074e+04 8.996639788877615063e-01
1.164745393700000022e+04 9.127988038147850647e-01
1.164888654099999985e+04 9.010876615986419536e-01
1.165033133699999962e+04 9.113503063774007762e-01
1.165178832499999953e+04 9.098634979765042319e-01
1.165325750499999958e+04 9.231663680582753440e-01
1.165473887699999977e+04 8.984710226618618512e-01
1.165623243999999977e+04 9.206462497271944434e-01
1.165773819600000024e+04 9.220328332134831717e-01
1.165925614300000052e+04 9.099626233358729666e-01
1.166078628299999946e+04 9.263432004579003065e-01
1.166232861400000002e+04 9.240938893392791620e-01
1.166388313700000072e+04 9.214494865403238810e-01
1.166544985199999974e+04 9.191558959191207245e-01
1.166702875900000072e+04 9.208994713317146807e-01
1.166861985800000002e+04 9.405946855555266106e-01
1.167022314899999947e+04 9.272890790409035189e-01
1.167183863200000087e+04 9.330283357722988224e-01
1.167346630700000060e+04 9.219153766181390486e-01
1.167510617300000013e+04 9.227758244988635283e-01
1.167675823200000013e+04 9.363326299931842289e-01
1.167842248199999995e+04 9.200537350300204142e-01
1.168009892399999990e+04 9.266659775822868594e-01
1.168178755799999999e+04 9.306256634402657602e-01
1.168348838500000056e+04 9.323935123610521680e-01
1.168520140299999912e+04 9.312165186122096650e-01
1.168692661299999963e+04 9.355203694367115741e-01
1.168866401399999995e+04 9.377377221546789876e-01
1.169041360800000075e+04 9.374608191322720829e-01
1.169217539399999987e+04 9.256437481151399416e-01
1.169394937100000061e+04 9.293015520776110039e-01
1.169573554100000001e+04 9.386695363364082612e-01
1.169753390199999922e+04 9.351330294298513257e-01
1.169934445500000038e+04 9.180907323762700356e-01
1.170116720100000020e+04 9.278137404935778987e-01
1.170300213799999983e+04 9.104409910719889476e-01
1.170484926699999960e+04 9.239722376250131264e-01
1.170670858799999951e+04 9.360368063443440523e-01
1.170858009999999922e+04 9.164615902279188431e-01
1.171046380499999941e+04 9.166717419130843147e-01
1.171235970199999974e+04 9.295204612253286092e-01
1.171426778999999988e+04 9.143585074611376706e-01
1.171618807100000049e+04 9.226647889200467745e-01
1.171812054300000091e+04 9.331441139067588875e-01
1.172006520699999965e+04 9.263273612313582817e-01
1.172202206400000068e+04 9.310956115504082087e-01
1.172399111199999970e+04 9.397784547875706052e-01
1.172597235200000068e+04 9.398069416870605819e-01
1.172796578399999999e+04 9.407599462268945167e-01
1.172997140700000091e+04 9.373135896039428427e-01
1.173198922300000049e+04 9.433765124942267155e-01
1.173401923100000022e+04 9.424037897050711043e-01
1.173606142999999975e+04 9.468856542982476698e-01
1.173811582199999975e+04 9.409481140005293565e-01
1.174018240499999956e+04 9.440453449696695198e-01
1.174226117999999951e+04 9.388877261770440796e-01
1.174435214799999994e+04 9.460879215360952221e-01
1.174645530700000018e+04 9.404792796232515073e-01
1.174857065800000055e+04 9.401820114270650341e-01
1.175069820099999924e+04 9.497185711528892682e-01
1.175283793499999956e+04 9.495675720646514772e-01
1.175498986200000036e+04 9.539410539128767574e-01
1.175715398099999948e+04 9.456058272199556747e-01
1.175933029100000022e+04 9.496711096057730561e-01
1.176151879399999962e+04 9.502234124706752105e-01
1.176371948800000064e+04 9.480094943199905977e-01
1.176593237399999998e+04 9.380432135452577702e-01
1.176815745299999980e+04 9.431785141754438495e-01
1.177039472299999943e+04 9.439952955701532700e-01
1.177264418499999920e+04 9.402918813434594236e-01
1.177490583800000059e+04 9.255020812629541904e-01
1.177717968400000063e+04 9.408431671488082237e-01
1.177946572200000082e+04 9.544201235622562507e-01
1.178176395199999934e+04 9.373864258133434157e-01
1.178407437299999947e+04 9.349333016643668337e-01
1.178639698700000008e+04 9.437158093257923541e-01
1.178873179200000050e+04 9.447494833836332928e-01
1.179107878899999923e+04 9.520202560882863319e-01
1.179343797799999993e+04 9.355905193025687572e-01
1.179580935900000077e+04 9.510966936134268579e-01
1.179819293199999993e+04 9.520928407477455835e-01
1.180058869699999923e+04 9.488240759826198634e-01
1.180299665400000049e+04 9.541958443843828741e-01
1.180541680300000007e+04 9.611344292105608034e-01
1.180784914299999946e+04 9.612040438541152865e-01
1.181029367599999932e+04 9.498575844899977971e-01
1.181275040000000081e+04 9.651025371492347738e-01
1.181521931699999914e+04 9.601692289314052164e-01
1.181770042500000091e+04 9.617582835618042614e-01
1.182019372499999918e+04 9.619505181284181417e-01
1.182269921699999941e+04 9.601642216500376747e-01
1.182521690099999978e+04 9.682730857223857956e-01
1.182774677700000029e+04 9.592827484769322899e-01
1.183028884499999913e+04 9.505013381829517938e-01
1.183284310499999992e+04 9.546658984485633104e-01
1.183540955600000052e+04 9.575911104344844160e-01
1.183798819999999978e+04 9.634109174501856998e-01
1.184057903500000066e+04 9.586584506476033551e-01
1.184318206199999986e+04 9.474966914403105678e-01
1.184579728199999954e+04 9.715248325161078835e-01
1.184842469300000084e+04 9.551892183115147095e-01
1.185106429600000047e+04 9.624325171994541073e-01
1.185371609100000023e+04 9.524972468628122302e-01
1.185638007800000014e+04 9.586628129794704245e-01
1.185905625599999985e+04 9.608589532347475703e-01
1.186174462700000004e+04 9.636428806813868153e-01
1.186444519000000037e+04 9.639382612211458978e-01
1.186715794400000050e+04 9.623409760487506848e-01
1.186988289099999929e+04 9.555761517426276663e-01
1.187262002899999970e+04 9.550144064735065497e-01
1.187536935900000026e+04 9.624559021355779675e-01
1.187813088099999914e+04 9.678727936043317603e-01
1.188090459499999997e+04 9.614196152858035527e-01
1.188369050099999913e+04 9.716993294229299138e-01
1.188648859900000025e+04 9.754736263183708678e-01
1.188929888899999969e+04 9.607746372522633083e-01
1.189212137099999927e+04 9.615708812482495205e-01
1.189495604400000047e+04 9.677957966424387548e-01
1.189780291000000034e+04 9.716796949609480816e-01
1.190066196700000000e+04 9.663292919414399051e-01
1.190353321700000015e+04 9.790090581865232844e-01
1.190641665800000010e+04 9.727507759548947863e-01
1.190931229100000019e+04 9.687114127074532011e-01
1.191222011600000042e+04 9.579006469117929967e-01
1.191514013300000079e+04 9.584164135482878821e-01
1.191807234199999948e+04 9.693500966843253686e-01
1.192101674300000013e+04 9.527327282034100397e-01
1.192397333500000059e+04 9.740981383582714148e-01
1.192694211999999970e+04 9.659907705234025421e-01
1.192992309600000044e+04 9.897331010472675272e-01
1.193291626499999984e+04 9.837394864852165854e-01
1.193592162500000086e+04 9.670655455473399220e-01
1.193893917700000020e+04 9.686490125253564010e-01
1.194196892099999968e+04 9.766783518360605543e-01
1.194501085799999964e+04 9.817599581146585486e-01
1.194806498500000089e+04 9.593410215868136692e-01
1.195113130500000079e+04 9.592741374939924848e-01
1.195420981700000084e+04 9.673759094218535859e-01
1.195730052099999921e+04 9.763746638522775578e-01
1.196040341599999920e+04 9.771131099626462202e-01
1.196351850399999967e+04 9.825663655652102646e-01
1.196664578299999994e+04 9.681395280224344146e-01
1.196978525500000069e+04 9.611139998945438245e-01
1.197293691799999942e+04 9.844947235975114452e-01
1.197610077300000012e+04 9.733719192455836389e-01
1.197927681999999913e+04 9.660157892024114901e-01
1.198246505900000011e+04 9.808679651449944137e-01
1.198566548999999941e+04 9.870643520835878926e-01
1.198887811200000033e+04 9.807914396042578531e-01
1.199210292699999991e+04 9.787849991143653394e-01
1.199533993399999963e+04 9.812022713178482070e-01
1.199858913199999915e+04 9.800266761434073270e-01
1.200185052299999916e+04 9.731690867931201971e-01
1.200512410500000078e+04 9.779862221789025201e-01
1.200840987900000073e+04 9.857619733003456508e-01
1.201170784500000082e+04 9.837139684807443274e-01
1.201501800299999923e+04 9.828833912360418479e-01
1.201834035299999960e+04 9.739942083527376449e-01
1.202167489500000011e+04 9.799973926511416078e-01
1.202502162900000076e+04 9.666842384035625457e-01
1.202838055399999939e+04 9.833887681086335153e-01
1.203175167200000033e+04 9.920316686765913161e-01
1.203513498199999958e+04 9.723775480693770401e-01
1.203853048300000046e+04 9.786869902466065474e-01
1.204193817599999966e+04 9.862145883379999090e-01
1.204535806100000082e+04 9.936106597770054671e-01
1.204879013900000064e+04 9.822677475090704213e-01
1.205223440800000026e+04 9.818567166345023578e-01
1.205569086799999968e+04 9.739011390706161508e-01
1.205915952099999959e+04 9.898131293652948637e-01
1.206264036599999963e+04 1.004728344429771880e+00
1.206613340299999982e+04 9.920415661359933690e-01
1.206963863099999980e+04 9.906545083118571959e-01
1.207315605200000027e+04 9.942336081804318271e-01
1.207668566400000054e+04 9.928380920835989665e-01
1.208022746799999913e+04 9.878781571170047737e-01
1.208378146500000003e+04 9.995724308855570284e-01
1.208734765300000072e+04 9.953895036091607862e-01
1.209092603299999973e+04 9.952704437451969088e-01
1.209451660500000071e+04 9.886845327805608985e-01
1.209811936900000001e+04 1.010046206565616833e+00
1.210173432399999911e+04 1.037060186652967397e+00
1.210536147200000050e+04 1.129887094968552219e+00
1.210900081099999989e+04 1.308805635197112682e+00
1.211265234299999975e+04 1.391001606908684352e+00
1.211631606599999941e+04 1.295355814934779248e+00
1.211999198199999955e+04 1.126164134549112683e+00
1.212368008899999950e+04 1.018656449063086944e+00
1.212738038799999958e+04 1.004419257501097729e+00
1.213109287899999981e+04 9.841621334693633205e-01
1.213481756200000018e+04 9.885038760882196573e-01
1.213855443700000069e+04 9.836860381529120012e-01
1.214230350299999918e+04 9.978867733546159524e-01
1.214606476199999997e+04 9.967314832010281123e-01
1.214983821300000091e+04 9.962965468329270102e-01
1.215362385499999982e+04 9.928466556794613984e-01
1.215742168900000070e+04 9.928065853787528816e-01
1.216123171600000023e+04 1.005019066074851919e+00
1.216505393399999957e+04 9.981347777801097276e-01
1.216888834400000087e+04 1.005282191772000733e+00
1.217273494600000049e+04 9.979504140368254950e-01
1.217659374000000025e+04 1.006945337206331503e+00
1.218046472600000016e+04 1.015465138441058457e+00
1.218434790299999986e+04 1.010938287689254533e+00
1.218824327300000004e+04 1.004449366070608862e+00
1.219215083500000037e+04 1.009531110018435651e+00
1.219607058800000050e+04 1.007037117420999106e+00
1.220000253300000077e+04 1.009499530367703679e+00
1.220394667099999970e+04 1.007088757028203885e+00
1.220790300000000025e+04 1.008263143423230312e+00
1.221187152099999912e+04 1.011970150782727229e+00
1.221585223399999995e+04 1.003407384978335148e+00
1.221984513899999911e+04 1.003315867137247075e+00
1.222385023600000022e+04 1.001143173691881882e+00
1.222786752399999932e+04 1.000617942975921659e+00
1.223189700500000072e+04 1.002785951375266160e+00
1.223593867800000044e+04 1.012585271526462938e+00
1.223999254199999996e+04 1.006124809903540918e+00
1.224405859799999962e+04 1.015752649336203461e+00
1.224813684699999976e+04 1.013277150973588725e+00
1.225222728699999971e+04 9.997086725817063702e-01
1.225632991899999979e+04 1.018659026983518068e+00
1.226044474300000002e+04 1.019753535682342171e+00
1.226457175900000038e+04 1.007678691514359404e+00
1.226871096700000089e+04 1.018034938627120356e+00
1.227286236599999938e+04 1.010104264752684333e+00
1.227702595800000017e+04 1.016853292998358915e+00
1.228120174199999929e+04 1.008555954108557362e+00
1.228538971700000002e+04 1.005716114509414449e+00
1.228958988400000089e+04 1.016586957854209494e+00
1.229380224400000043e+04 1.019453810048591480e+00
1.229802679499999977e+04 1.018983495210768586e+00
1.230226353799999924e+04 1.013412228949804650e+00
1.230651247300000068e+04 1.019659614638700473e+00
1.231077360000000044e+04 1.025265750190731184e+00
1.231504691900000034e+04 1.023652285412804286e+00
1.231933242900000005e+04 1.025366195623443888e+00
1.232363013200000023e+04 1.020192323364466747e+00
1.232794002600000022e+04 1.033336599101548847e+00
1.233226211300000068e+04 1.017857420374035593e+00
1.233659639099999913e+04 1.029195270981039023e+00
1.234094286099999954e+04 1.034757450884598029e+00
1.234530152400000043e+04 1.030102244589912841e+00
1.234967237799999930e+04 1.026163654655248392e+00
1.235405542400000013e+04 1.023947234332863943e+00
1.235845066199999928e+04 1.034423022563146111e+00
1.236285809100000006e+04 1.018677893891208663e+00
1.236727771299999949e+04 1.022238172680889345e+00
1.237170952700000089e+04 1.026697221502044455e+00
1.237615353200000027e+04 1.038779905712225116e+00
1.238060973000000013e+04 1.033158400104319030e+00
1.238507811899999979e+04 1.024166748298885210e+00
1.238955869999999959e+04 1.029691603210044271e+00
1.239405147299999953e+04 1.027319099104391675e+00
1.239855643799999962e+04 1.027567095581053191e+00
1.240307359499999984e+04 1.039887667130635185e+00
1.240760294400000021e+04 1.023985509523778425e+00
1.241214448500000071e+04 1.045459292510265925e+00
1.241669821799999954e+04 1.040298661081812126e+00
1.242126414199999999e+04 1.044147495521616342e+00
1.242584225899999910e+04 1.034869576428849802e+00
1.243043256699999984e+04 1.037092049129604954e+00
1.243503506799999923e+04 1.028942955271511472e+00
1.243964976000000024e+04 1.035688692644981090e+00
1.244427664399999958e+04 1.043479979001475932e+00
1.244891572000000087e+04 1.049787691321810046e+00
1.245356698800000049e+04 1.033685096390489111e+00
1.245823044800000025e+04 1.039485810554033884e+00
1.246290610000000015e+04 1.041164781215912383e+00
1.246759394299999985e+04 1.033155609506334116e+00
1.247229397900000004e+04 1.047495734481003415e+00
1.247700620600000002e+04 1.038784584020175039e+00
1.248173062600000048e+04 1.043287739444467510e+00
1.248646723700000075e+04 1.041843549000160740e+00
1.249121603999999934e+04 1.040266169624090908e+00
1.249597703600000023e+04 1.046690871501037456e+00
1.250075022299999910e+04 1.045831513777095934e+00
1.250553560199999993e+04 1.043390435437302033e+00
1.251033317200000056e+04 1.041406338662402176e+00
1.251514293499999985e+04 1.049741054722430178e+00
1.251996488999999929e+04 1.059322182371663645e+00
1.252479903700000068e+04 1.049573574506395435e+00
1.252964537500000006e+04 1.056155481100850446e+00
