1.138059698199999912e+04 1.913420225285365206e-01
1.138559698199999912e+04 1.925248016180438337e-01
1.139059698199999912e+04 1.933970586148810455e-01
1.139559698199999912e+04 1.926370804005836934e-01
1.140059698199999912e+04 1.929110831980925533e-01
1.140559698199999912e+04 1.932533401803283035e-01
1.141059698199999912e+04 1.926092226511152417e-01
1.141559698199999912e+04 1.936468703414117587e-01
1.142059698199999912e+04 1.963895600487899074e-01
1.142559698199999912e+04 1.950106297682374090e-01
1.143059698199999912e+04 1.965901432330671161e-01
1.143559698199999912e+04 1.977796330957724835e-01
1.144059698199999912e+04 1.968599954935413843e-01
1.144559698199999912e+04 1.984071744602391996e-01
1.145059698199999912e+04 1.994775596915520366e-01
1.145559698199999912e+04 1.995508251798339128e-01
1.146059698199999912e+04 2.022373718415958754e-01
1.146559698199999912e+04 1.997577917128183500e-01
1.147059698199999912e+04 2.023644174129806683e-01
1.147559698199999912e+04 2.023194100340403034e-01
1.148059698199999912e+04 2.036578809843277438e-01
1.148559698199999912e+04 2.043712040743514702e-01
1.149059698199999912e+04 2.045068803081645514e-01
1.149559698199999912e+04 2.062550457362631595e-01
1.150059698199999912e+04 2.059201815167137350e-01
1.150559698199999912e+04 2.089975809496418535e-01
1.151059698199999912e+04 2.102656262453441727e-01
1.151559698199999912e+04 2.120637769946833451e-01
1.152059698199999912e+04 2.144474079433188463e-01
1.152559698199999912e+04 2.165922683676492766e-01
1.153059698199999912e+04 2.195945219238018276e-01
1.153400000000000000e+04 2.216580876610844686e-01
1.153500000000000000e+04 2.226888791965254411e-01
1.153600000000000000e+04 2.252132031864330919e-01
1.153700000000000000e+04 2.263143206917308248e-01
1.153800000000000000e+04 2.264142843392594473e-01
1.153900000000000000e+04 2.277961657029821674e-01
1.154000000000000000e+04 2.282500502465582282e-01
1.154100000000000000e+04 2.310619722041845348e-01
1.154120000000000073e+04 2.311141923068461279e-01
1.154139999999999964e+04 2.317900689279347171e-01
1.154160000000000036e+04 2.308258772607551801e-01
1.154179999999999927e+04 2.325089066590201869e-01
1.154200000000000000e+04 2.317929204475528415e-01
1.154220000000000073e+04 2.324411203298358264e-01
1.154239999999999964e+04 2.336544580316000375e-01
1.154260000000000036e+04 2.327552626567859217e-01
1.154279999999999927e+04 2.338563598685288181e-01
1.154300000000000000e+04 2.340427589440806644e-01
1.154320000000000073e+04 2.336678999432042492e-01
1.154339999999999964e+04 2.356044766040648886e-01
1.154360000000000036e+04 2.362875960053275604e-01
1.154379999999999927e+04 2.357973457305561626e-01
1.154400000000000000e+04 2.361797379301866229e-01
1.154420000000000073e+04 2.353557584878367137e-01
1.154439999999999964e+04 2.360517672823179425e-01
1.154460000000000036e+04 2.370296639923670790e-01
1.154479999999999927e+04 2.358147339754444183e-01
1.154500000000000000e+04 2.379931858319302984e-01
1.154520000000000073e+04 2.371028633224571414e-01
1.154539999999999964e+04 2.398657308281786082e-01
1.154560000000000036e+04 2.391004684477466558e-01
1.154579999999999927e+04 2.393767040398672163e-01
1.154600000000000000e+04 2.398985587918282258e-01
1.154620000000000073e+04 2.406220335776801944e-01
1.154639999999999964e+04 2.423987968052809805e-01
1.154660000000000036e+04 2.402000000051430495e-01
1.154679999999999927e+04 2.434015192336587419e-01
1.154700000000000000e+04 2.426580355098607311e-01
1.154720000000000073e+04 2.415097937444360132e-01
1.154739999999999964e+04 2.436051553562454397e-01
1.154760000000000036e+04 2.464365641782664818e-01
1.154779999999999927e+04 2.442472942435494065e-01
1.154800000000000000e+04 2.450570484087559453e-01
1.154820000000000073e+04 2.476507971689222154e-01
1.154839999999999964e+04 2.472165497835449310e-01
1.154860000000000036e+04 2.474006636356415600e-01
1.154879999999999927e+04 2.489393670099986078e-01
1.154900000000000000e+04 2.487182353533089751e-01
1.154920000000000073e+04 2.500139143532346675e-01
1.154939999999999964e+04 2.510310786092931901e-01
1.154960000000000036e+04 2.515339684081146499e-01
1.154979999999999927e+04 2.529994107003238346e-01
1.155000000000000000e+04 2.545962229318639580e-01
1.155020000000000073e+04 2.534968676611082383e-01
1.155039999999999964e+04 2.533167900180737786e-01
1.155060000000000036e+04 2.560886013170576847e-01
1.155079999999999927e+04 2.572694863491327699e-01
1.155100000000000000e+04 2.568091544312876007e-01
1.155120000000000073e+04 2.579935720714635061e-01
1.155139999999999964e+04 2.594625091481690959e-01
1.155160000000000036e+04 2.608819534009704233e-01
1.155179999999999927e+04 2.607756579252927809e-01
1.155200000000000000e+04 2.638849599463223838e-01
1.155220000000000073e+04 2.654290885227583718e-01
1.155239999999999964e+04 2.641916710435489035e-01
1.155260000000000036e+04 2.643644840671259266e-01
1.155279999999999927e+04 2.664966809038302742e-01
1.155300000000000000e+04 2.705807152901594237e-01
1.155320000000000073e+04 2.707487635403353909e-01
1.155339999999999964e+04 2.715633477038663091e-01
1.155360000000000036e+04 2.741618777511815597e-01
1.155379999999999927e+04 2.744112121406575566e-01
1.155400000000000000e+04 2.757849996829496719e-01
1.155420000000000073e+04 2.796984113041548481e-01
1.155439999999999964e+04 2.797851832336475941e-01
1.155460000000000036e+04 2.788621945351859033e-01
1.155479999999999927e+04 2.847820531626119589e-01
1.155500000000000000e+04 2.864618395936377460e-01
1.155520000000000073e+04 2.883962814379579243e-01
1.155539999999999964e+04 2.876852736426701584e-01
1.155560000000000036e+04 2.906360460540853841e-01
1.155579999999999927e+04 2.935023905656203858e-01
1.155600000000000000e+04 2.967847216183587267e-01
1.155620000000000073e+04 2.997925616067002030e-01
1.155639999999999964e+04 3.013661930185042581e-01
1.155660000000000036e+04 3.034087801829526976e-01
1.155679999999999927e+04 3.059907593979752094e-01
1.155700000000000000e+04 3.109798100309471014e-01
1.155720000000000073e+04 3.129422684411710676e-01
1.155739999999999964e+04 3.182831293950248441e-01
1.155760000000000036e+04 3.214330459441328003e-01
1.155779999999999927e+04 3.250002986190546062e-01
1.155800000000000000e+04 3.278448529498336761e-01
1.155820000000000073e+04 3.314869825152972904e-01
1.155839999999999964e+04 3.359764308103426744e-01
1.155860000000000036e+04 3.403084829037928416e-01
1.155879999999999927e+04 3.461429935281641890e-01
1.155900000000000000e+04 3.516131835644115688e-01
1.155920000000000073e+04 3.561729160386709614e-01
1.155939999999999964e+04 3.642390240853433658e-01
1.155960000000000036e+04 3.697808978911678590e-01
1.155979999999999927e+04 3.759612921704295618e-01
1.156000000000000000e+04 3.848807651459565382e-01
1.156020000000000073e+04 3.915279726285936235e-01
1.156039999999999964e+04 4.003443265541424267e-01
1.156060000000000036e+04 4.087854573399595792e-01
1.156079999999999927e+04 4.187010539628379657e-01
1.156100000000000000e+04 4.299225930661697559e-01
1.156120000000000073e+04 4.403806908662203368e-01
1.156139999999999964e+04 4.554603143057834869e-01
1.156160000000000036e+04 4.663328799396482816e-01
1.156179999999999927e+04 4.821458262491987168e-01
1.156200000000000000e+04 4.980335377838954747e-01
1.156220000000000073e+04 5.154269971277273266e-01
1.156239999999999964e+04 5.323493145988577036e-01
1.156260000000000036e+04 5.500126005232874871e-01
1.156279999999999927e+04 5.731698167013645762e-01
1.156300000000000000e+04 5.962724007562758555e-01
1.156320000000000073e+04 6.160387575657697568e-01
1.156339999999999964e+04 6.411259749322076873e-01
1.156360000000000036e+04 6.685263298710818480e-01
1.156379999999999927e+04 6.955976433951180926e-01
1.156400000000000000e+04 7.249525955350787365e-01
1.156420000000000073e+04 7.535409360570842763e-01
1.156439999999999964e+04 7.849293154111475213e-01
1.156460000000000036e+04 8.133326944328360675e-01
1.156479999999999927e+04 8.438778432421976117e-01
1.156500000000000000e+04 8.726887154138052161e-01
1.156520000000000073e+04 9.004036963525429149e-01
1.156539999999999964e+04 9.271203459291965654e-01
1.156560000000000036e+04 9.514040581391609575e-01
1.156579999999999927e+04 9.763145772454260296e-01
1.156600000000000000e+04 1.000538415619471877e+00
1.156620000000000073e+04 1.019751164904746821e+00
1.156639999999999964e+04 1.035403218100510392e+00
1.156660000000000036e+04 1.052068601465969921e+00
1.156679999999999927e+04 1.066870978722744168e+00
1.156700000000000000e+04 1.078951597122617345e+00
1.156720000000000073e+04 1.090931646958677836e+00
1.156739999999999964e+04 1.096430800095226754e+00
1.156760000000000036e+04 1.102595347393871217e+00
1.156779999999999927e+04 1.109101079176354476e+00
1.156800000000000000e+04 1.112039774268583470e+00
1.156820000000000073e+04 1.111366838775916577e+00
1.156839999999999964e+04 1.113116616932194880e+00
1.156860000000000036e+04 1.110736160494138369e+00
1.156879999999999927e+04 1.107757717692628097e+00
1.156900000000000000e+04 1.103979395956017129e+00
1.156920000000000073e+04 1.101368245484285913e+00
1.156939999999999964e+04 1.094750347146285829e+00
1.156960000000000036e+04 1.090191087196858533e+00
1.156979999999999927e+04 1.082644353939553605e+00
1.157000000000000000e+04 1.074616838134264007e+00
1.157020000000000073e+04 1.068970425420904480e+00
1.157039999999999964e+04 1.059573434045355089e+00
1.157060000000000036e+04 1.051034021675751662e+00
1.157079999999999927e+04 1.044121315258371041e+00
1.157100000000000000e+04 1.033450432220502702e+00
1.157120000000000073e+04 1.025407536331570224e+00
1.157139999999999964e+04 1.017037953466176203e+00
1.157160000000000036e+04 1.009479977712321119e+00
1.157179999999999927e+04 1.002051623470845421e+00
1.157200000000000000e+04 9.936444957950602008e-01
1.157220000000000073e+04 9.866465069556458189e-01
1.157239999999999964e+04 9.793033426260784324e-01
1.157260000000000036e+04 9.725128525556323567e-01
1.157279999999999927e+04 9.668108644890790471e-01
1.157300000000000000e+04 9.613459859939854635e-01
1.157320000000000073e+04 9.537487828260177158e-01
1.157339999999999964e+04 9.501209685247330450e-01
1.157360000000000036e+04 9.452433693810810000e-01
1.157379999999999927e+04 9.408969516364110719e-01
1.157400000000000000e+04 9.354370816606617511e-01
1.157420000000000073e+04 9.323756587038339871e-01
1.157439999999999964e+04 9.279605051109170999e-01
1.157460000000000036e+04 9.246413903612858975e-01
1.157479999999999927e+04 9.208589867307365173e-01
1.157500000000000000e+04 9.174270727366092837e-01
1.157520000000000073e+04 9.162081547913552004e-01
1.157539999999999964e+04 9.131616508864115467e-01
1.157560000000000036e+04 9.104643255297364401e-01
1.157579999999999927e+04 9.068112335802674950e-01
1.157600000000000000e+04 9.050176759856555231e-01
1.157620000000000073e+04 9.045827193796238674e-01
1.157639999999999964e+04 9.040393947110998418e-01
1.157660000000000036e+04 9.014079458427577407e-01
1.157679999999999927e+04 9.013756613018608643e-01
1.157700000000000000e+04 9.013692360460741071e-01
1.157720000000000073e+04 8.998793344034234920e-01
1.157739999999999964e+04 8.988078626565388918e-01
1.157760000000000036e+04 8.993170717208157638e-01
1.157779999999999927e+04 8.987856642870546420e-01
1.157800000000000000e+04 8.991981659335224197e-01
1.157820000000000073e+04 8.992875264055852913e-01
1.157839999999999964e+04 8.990969015729747271e-01
1.157860000000000036e+04 8.996667567617955275e-01
1.157879999999999927e+04 9.010225768317009498e-01
1.157900000000000000e+04 9.010932062478199667e-01
1.157920000000000073e+04 9.000642403210205034e-01
1.157939999999999964e+04 9.038341547271100396e-01
1.157960000000000036e+04 9.034042658061151032e-01
1.157979999999999927e+04 9.022675594728011284e-01
1.158000000000000000e+04 9.044606237024439555e-01
1.158020000000000073e+04 9.023243242806651132e-01
1.158039999999999964e+04 9.056025415470330131e-01
1.158060000000000036e+04 9.065326504068695890e-01
1.158079999999999927e+04 9.054197139053243859e-01
1.158100000000000000e+04 9.047899899867151152e-01
1.158120000000000073e+04 9.057478793255643312e-01
1.158139999999999964e+04 9.036236613560744146e-01
1.158160000000000036e+04 9.035473718034716661e-01
1.158179999999999927e+04 9.042799437339715807e-01
1.158200000000000000e+04 9.038128527736756235e-01
1.158220000000000073e+04 9.028204582067620443e-01
1.158239999999999964e+04 9.022703754565793988e-01
1.158260000000000036e+04 9.014651485617795057e-01
1.158279999999999927e+04 8.996873832330382070e-01
1.158300000000000000e+04 8.984551452841682551e-01
1.158320000000000073e+04 8.980679314430217719e-01
1.158339999999999964e+04 8.964026607662812784e-01
1.158360000000000036e+04 8.973790853755710950e-01
1.158379999999999927e+04 8.939716530976079545e-01
1.158400000000000000e+04 8.960535428201296115e-01
1.158420000000000073e+04 8.949748052291692790e-01
1.158439999999999964e+04 8.933502140334771413e-01
1.158460000000000036e+04 8.900625913772564068e-01
1.158479999999999927e+04 8.914413990572028768e-01
1.158500000000000000e+04 8.905963511885455208e-01
1.158520000000000073e+04 8.889019268392447382e-01
1.158539999999999964e+04 8.896850982889529247e-01
1.158560000000000036e+04 8.903702991442036252e-01
1.158579999999999927e+04 8.892295691002172209e-01
1.158600000000000000e+04 8.888152901079150459e-01
1.158620000000000073e+04 8.874541978732195524e-01
1.158639999999999964e+04 8.884917853980145441e-01
1.158660000000000036e+04 8.886662992072489331e-01
1.158679999999999927e+04 8.898970177151763750e-01
1.158700000000000000e+04 8.879939995766827909e-01
1.158720000000000073e+04 8.895756250076379823e-01
1.158739999999999964e+04 8.912996158067417740e-01
1.158760000000000036e+04 8.913532598745921298e-01
1.158779999999999927e+04 8.911452574924987324e-01
1.158800000000000000e+04 8.924494415171096984e-01
1.158820000000000073e+04 8.930555461811524598e-01
1.158839999999999964e+04 8.937026105553954602e-01
1.158860000000000036e+04 8.934674892092890897e-01
1.158879999999999927e+04 8.946966420292532529e-01
1.158900000000000000e+04 8.987240184857386849e-01
1.158920000000000073e+04 8.973474630588431644e-01
1.158939999999999964e+04 8.983696401524664532e-01
1.158960000000000036e+04 9.001353069787711991e-01
1.158979999999999927e+04 9.024537356785249376e-01
1.159000000000000000e+04 9.029826524912318853e-01
1.159020000000000073e+04 9.033659098933112253e-01
1.159039999999999964e+04 9.073193280912130732e-01
1.159060000000000036e+04 9.068968141059300381e-01
1.159079999999999927e+04 9.101446166295096285e-01
1.159100000000000000e+04 9.089791923581856947e-01
1.159120000000000073e+04 9.116568505611414297e-01
1.159139999999999964e+04 9.134427513053776648e-01
1.159160000000000036e+04 9.152762078007814495e-01
1.159179999999999927e+04 9.174590687665221678e-01
1.159200000000000000e+04 9.204925105211264613e-01
1.159220000000000073e+04 9.200903345490539786e-01
1.159239999999999964e+04 9.235041299526339786e-01
1.159260000000000036e+04 9.238214251505939556e-01
1.159279999999999927e+04 9.247503462064000646e-01
1.159300000000000000e+04 9.283398657623477268e-01
1.159320000000000073e+04 9.293122589419935409e-01
1.159339999999999964e+04 9.306917149678750611e-01
1.159360000000000036e+04 9.310638156376008778e-01
1.159379999999999927e+04 9.343188403993361035e-01
1.159400000000000000e+04 9.318165502878729134e-01
1.159420000000000073e+04 9.328799571917488764e-01
1.159439999999999964e+04 9.365727886859879225e-01
1.159460000000000036e+04 9.366850306499379109e-01
1.159479999999999927e+04 9.338474989565229700e-01
1.159500000000000000e+04 9.343870931189239837e-01
1.159520000000000073e+04 9.361779252668270823e-01
1.159539999999999964e+04 9.361066216817752750e-01
1.159560000000000036e+04 9.355314233256271095e-01
1.159579999999999927e+04 9.349595560624887058e-01
1.159600000000000000e+04 9.350359832324276477e-01
1.159620000000000073e+04 9.329999176348726664e-01
1.159639999999999964e+04 9.327947358187940186e-01
1.159660000000000036e+04 9.330397773710640275e-01
1.159679999999999927e+04 9.326919581712963536e-01
1.159700000000000000e+04 9.298618798144657749e-01
1.159770000000000073e+04 9.274654855509969487e-01
1.159839999999999964e+04 9.230229856829526014e-01
1.159910000000000036e+04 9.193593225415956915e-01
1.159979999999999927e+04 9.159812505894637802e-01
1.160050000000000000e+04 9.107494290662757619e-01
1.160120000000000073e+04 9.086676299702737269e-01
1.160189999999999964e+04 9.057768211357454247e-01
1.160260000000000036e+04 9.032025392609289716e-01
1.160329999999999927e+04 9.027319225186284379e-01
1.160499369499999921e+04 9.000200334803825086e-01
1.160599958300000071e+04 8.959148255211204503e-01
1.160701766200000020e+04 8.964013569980372464e-01
1.160804793299999983e+04 8.970868089728566419e-01
1.160909039599999960e+04 8.978792254934740980e-01
1.161014505099999951e+04 9.009385692368290233e-01
1.161121189799999956e+04 9.041109341520723319e-01
1.161229093699999976e+04 9.105234049047002953e-01
1.161338216699999975e+04 9.151859054526884085e-01
1.161448559000000023e+04 9.200024358512319811e-01
1.161560120400000051e+04 9.283865304357941106e-01
1.161672901099999945e+04 9.341909690828148483e-01
1.161786900900000001e+04 9.380908181842040339e-01
1.161902119900000071e+04 9.423606356013790597e-01
1.162018558200000007e+04 9.453729885254813503e-01
1.162136215599999923e+04 9.468066102089860436e-01
1.162255092200000036e+04 9.467147275459147915e-01
1.162375187899999946e+04 9.456513669832875557e-01
1.162496502900000087e+04 9.460370806701587920e-01
1.162619037100000060e+04 9.424106931758742256e-01
1.162742790400000013e+04 9.399486951584489214e-01
1.162867763000000014e+04 9.357260176800294982e-01
1.162993954699999995e+04 9.350402970139531922e-01
1.163121365700000024e+04 9.315654653724873002e-01
1.163249995800000033e+04 9.287560745422102082e-01
1.163379845100000057e+04 9.265678623223163601e-01
1.163510913599999913e+04 9.238906710145318169e-01
1.163643201299999964e+04 9.229034220206185912e-01
1.163776708200000030e+04 9.195728908064407792e-01
1.163911434200000076e+04 9.176560631406304180e-01
1.164047379499999988e+04 9.131984990711345951e-01
1.164184543999999914e+04 9.113381157312115954e-01
1.164322927600000003e+04 9.074976271721186816e-01
1.164462530499999957e+04 9.060943592371877298e-01
1.164603352500000074e+04 9.053879116805237937e-01
1.164745393700000022e+04 9.050707926877717968e-01
1.164888654099999985e+04 9.035578994730507629e-01
1.165033133699999962e+04 9.046896465626941275e-01
1.165178832499999953e+04 9.060971917539808462e-01
1.165325750499999958e+04 9.088046581488435915e-01
1.165473887699999977e+04 9.076944083773973437e-01
1.165623243999999977e+04 9.127957382346228998e-01
1.165773819600000024e+04 9.148855097913676238e-01
1.165925614300000052e+04 9.160310159998491519e-01
1.166078628299999946e+04 9.200643701485343717e-01
1.166232861400000002e+04 9.219982411209599604e-01
1.166388313700000072e+04 9.228676551024512786e-01
1.166544985199999974e+04 9.242926051523572273e-01
1.166702875900000072e+04 9.253826574759864698e-01
1.166861985800000002e+04 9.278154220266316976e-01
1.167022314899999947e+04 9.272848221027100157e-01
1.167183863200000087e+04 9.281522569239137876e-01
1.167346630700000060e+04 9.268461269263981173e-01
1.167510617300000013e+04 9.276377073680494023e-01
1.167675823200000013e+04 9.295871487658600163e-01
1.167842248199999995e+04 9.284674769994433197e-01
1.168009892399999990e+04 9.292545690789394408e-01
1.168178755799999999e+04 9.304135243597168037e-01
1.168348838500000056e+04 9.316991756305105232e-01
1.168520140299999912e+04 9.323330503617207610e-01
1.168692661299999963e+04 9.330526870071984558e-01
1.168866401399999995e+04 9.334182109617700229e-01
1.169041360800000075e+04 9.328808252826183978e-01
1.169217539399999987e+04 9.317896025008436389e-01
1.169394937100000061e+04 9.310730768368689070e-01
1.169573554100000001e+04 9.312209562944371299e-01
1.169753390199999922e+04 9.295554781026367230e-01
1.169934445500000038e+04 9.266496304112062932e-01
1.170116720100000020e+04 9.256224887778989885e-01
1.170300213799999983e+04 9.227739565341630534e-01
1.170484926699999960e+04 9.236796286178922122e-01
1.170670858799999951e+04 9.242054463512502371e-01
1.170858009999999922e+04 9.223710932774928928e-01
1.171046380499999941e+04 9.218732109104067485e-01
1.171235970199999974e+04 9.247572256376782596e-01
1.171426778999999988e+04 9.239768852510701347e-01
1.171618807100000049e+04 9.266096106394416942e-01
1.171812054300000091e+04 9.294256860116846264e-01
1.172006520699999965e+04 9.302817266177930700e-01
1.172202206400000068e+04 9.325667330535344357e-01
1.172399111199999970e+04 9.351389342548813710e-01
1.172597235200000068e+04 9.371788722644232017e-01
1.172796578399999999e+04 9.390965046813860573e-01
1.172997140700000091e+04 9.394277994791897513e-01
1.173198922300000049e+04 9.410694188227917145e-01
1.173401923100000022e+04 9.431751835949705454e-01
1.173606142999999975e+04 9.440315299878898614e-01
1.173811582199999975e+04 9.440461664112773654e-01
1.174018240499999956e+04 9.451835454128187930e-01
1.174226117999999951e+04 9.450594779876190232e-01
1.174435214799999994e+04 9.463061715282315989e-01
1.174645530700000018e+04 9.455353497770870863e-01
1.174857065800000055e+04 9.471273764189676037e-01
1.175069820099999924e+04 9.481059848187926020e-01
1.175283793499999956e+04 9.482412760278819963e-01
1.175498986200000036e+04 9.490603383637170598e-01
1.175715398099999948e+04 9.482936185931121198e-01
1.175933029100000022e+04 9.471271618584828911e-01
1.176151879399999962e+04 9.467895429264221452e-01
1.176371948800000064e+04 9.452366149362094738e-01
1.176593237399999998e+04 9.431906346273279951e-01
1.176815745299999980e+04 9.422473286753382249e-01
1.177039472299999943e+04 9.417251144085048153e-01
1.177264418499999920e+04 9.402471282070432590e-01
1.177490583800000059e+04 9.385099310547919682e-01
1.177717968400000063e+04 9.398426172922498267e-01
1.177946572200000082e+04 9.406264117988976103e-01
1.178176395199999934e+04 9.396310397004675741e-01
1.178407437299999947e+04 9.394723953315250453e-01
1.178639698700000008e+04 9.413882205470482933e-01
1.178873179200000050e+04 9.428020056219186262e-01
1.179107878899999923e+04 9.445843174330447178e-01
1.179343797799999993e+04 9.434325203728187725e-01
1.179580935900000077e+04 9.465370068954587213e-01
1.179819293199999993e+04 9.484119379325472998e-01
1.180058869699999923e+04 9.497102684580265297e-01
1.180299665400000049e+04 9.520843462141291846e-01
1.180541680300000007e+04 9.547164221765581660e-01
1.180784914299999946e+04 9.557657170218124554e-01
1.181029367599999932e+04 9.569835766907637264e-01
1.181275040000000081e+04 9.599893769598319970e-01
1.181521931699999914e+04 9.605725208881297217e-01
1.181770042500000091e+04 9.613039603070604455e-01
1.182019372499999918e+04 9.614941818430309262e-01
1.182269921699999941e+04 9.611008903091644573e-01
1.182521690099999978e+04 9.608435539198368902e-01
1.182774677700000029e+04 9.598046762542217225e-01
1.183028884499999913e+04 9.574809901406972079e-01
1.183284310499999992e+04 9.571193046638276636e-01
1.183540955600000052e+04 9.564770635020670708e-01
1.183798819999999978e+04 9.557475517717219926e-01
1.184057903500000066e+04 9.548985421527312889e-01
1.184318206199999986e+04 9.527992333123562751e-01
1.184579728199999954e+04 9.560312675547717465e-01
1.184842469300000084e+04 9.535385140923871017e-01
1.185106429600000047e+04 9.544812740700432396e-01
1.185371609100000023e+04 9.534430890362516342e-01
1.185638007800000014e+04 9.553376602214807001e-01
1.185905625599999985e+04 9.556254056010389242e-01
1.186174462700000004e+04 9.560482180862064361e-01
1.186444519000000037e+04 9.573462481047687600e-01
1.186715794400000050e+04 9.569033872395332763e-01
1.186988289099999929e+04 9.575405153936499270e-01
1.187262002899999970e+04 9.585788762884617231e-01
1.187536935900000026e+04 9.603823076656941016e-01
1.187813088099999914e+04 9.620553386448399413e-01
1.188090459499999997e+04 9.628081359870013234e-01
1.188369050099999913e+04 9.650586654901530670e-01
1.188648859900000025e+04 9.664174927170439133e-01
1.188929888899999969e+04 9.664873103923778963e-01
1.189212137099999927e+04 9.667885449787877450e-01
1.189495604400000047e+04 9.686709450886419326e-01
1.189780291000000034e+04 9.697619272983911687e-01
1.190066196700000000e+04 9.695996307794612079e-01
1.190353321700000015e+04 9.705789418781816114e-01
1.190641665800000010e+04 9.701069910985380407e-01
1.190931229100000019e+04 9.684654856656810251e-01
1.191222011600000042e+04 9.668526217034776327e-01
1.191514013300000079e+04 9.666196811103167086e-01
1.191807234199999948e+04 9.675981842671868005e-01
1.192101674300000013e+04 9.660280939411909351e-01
1.192397333500000059e+04 9.677849936833701205e-01
1.192694211999999970e+04 9.669767582924750915e-01
1.192992309600000044e+04 9.695144967213588094e-01
1.193291626499999984e+04 9.693511091164440652e-01
1.193592162500000086e+04 9.681967641003740299e-01
1.193893917700000020e+04 9.693119555243826513e-01
1.194196892099999968e+04 9.704715397296805879e-01
1.194501085799999964e+04 9.711417694221028407e-01
1.194806498500000089e+04 9.695530820171316400e-01
1.195113130500000079e+04 9.704110426182489535e-01
1.195420981700000084e+04 9.712538974192272967e-01
1.195730052099999921e+04 9.727416688285563939e-01
1.196040341599999920e+04 9.740154218542361741e-01
1.196351850399999967e+04 9.758970267673470200e-01
1.196664578299999994e+04 9.756188725447993981e-01
1.196978525500000069e+04 9.755536711494213753e-01
1.197293691799999942e+04 9.791455554807655393e-01
1.197610077300000012e+04 9.785351917538960276e-01
1.197927681999999913e+04 9.785997662641150452e-01
1.198246505900000011e+04 9.799635858057832438e-01
1.198566548999999941e+04 9.821194106407685753e-01
1.198887811200000033e+04 9.815523880107026589e-01
1.199210292699999991e+04 9.816393914013122890e-01
1.199533993399999963e+04 9.821957959971013841e-01
1.199858913199999915e+04 9.823370306186778311e-01
1.200185052299999916e+04 9.815733174851135612e-01
1.200512410500000078e+04 9.824418507162834269e-01
1.200840987900000073e+04 9.825122538460362431e-01
1.201170784500000082e+04 9.817088035238166199e-01
1.201501800299999923e+04 9.818363156095913924e-01
1.201834035299999960e+04 9.801998062329412287e-01
1.202167489500000011e+04 9.811321636748212560e-01
1.202502162900000076e+04 9.802636290887253301e-01
1.202838055399999939e+04 9.822900459136691964e-01
1.203175167200000033e+04 9.831516645337883276e-01
1.203513498199999958e+04 9.816225396519896451e-01
1.203853048300000046e+04 9.824440164029482059e-01
1.204193817599999966e+04 9.843557955490725986e-01
1.204535806100000082e+04 9.861480569157734521e-01
1.204879013900000064e+04 9.856730377084944594e-01
1.205223440800000026e+04 9.872154516775685229e-01
1.205569086799999968e+04 9.879078123394672284e-01
1.205915952099999959e+04 9.919633667610151528e-01
1.206264036599999963e+04 9.963818411371789807e-01
1.206613340299999982e+04 9.969944417391501945e-01
1.206963863099999980e+04 1.000683834255720939e+00
1.207315605200000027e+04 1.006439256273625293e+00
1.207668566400000054e+04 1.012733348714733195e+00
1.208022746799999913e+04 1.019779998500169205e+00
1.208378146500000003e+04 1.029666351970616400e+00
1.208734765300000072e+04 1.038823312561087953e+00
1.209092603299999973e+04 1.050461818208354936e+00
1.209451660500000071e+04 1.060367965645261146e+00
1.209811936900000001e+04 1.072663282725586864e+00
1.210173432399999911e+04 1.081845812448373634e+00
1.210536147200000050e+04 1.088240769659974960e+00
1.210900081099999989e+04 1.094368799705830675e+00
1.211265234299999975e+04 1.094899059352188786e+00
1.211631606599999941e+04 1.094014347492920258e+00
1.211999198199999955e+04 1.088937536706725551e+00
1.212368008899999950e+04 1.080539610473175260e+00
1.212738038799999958e+04 1.072323082290815632e+00
1.213109287899999981e+04 1.060289923909627285e+00
1.213481756200000018e+04 1.050060510445718354e+00
1.213855443700000069e+04 1.039694614871343958e+00
1.214230350299999918e+04 1.031615485158221546e+00
1.214606476199999997e+04 1.022340413004868998e+00
1.214983821300000091e+04 1.016014555877297276e+00
1.215362385499999982e+04 1.011559510037628007e+00
1.215742168900000070e+04 1.008242686942433242e+00
1.216123171600000023e+04 1.007334012069145635e+00
1.216505393399999957e+04 1.004782534012024220e+00
1.216888834400000087e+04 1.005219891094221829e+00
1.217273494600000049e+04 1.004560978582570652e+00
1.217659374000000025e+04 1.006416580427098362e+00
1.218046472600000016e+04 1.007657174159809710e+00
1.218434790299999986e+04 1.007445017553018296e+00
1.218824327300000004e+04 1.007099125994054267e+00
1.219215083500000037e+04 1.007964494497926466e+00
1.219607058800000050e+04 1.008554096925353250e+00
1.220000253300000077e+04 1.009457566792898664e+00
1.220394667099999970e+04 1.009121702002961252e+00
1.220790300000000025e+04 1.009288847997228622e+00
1.221187152099999912e+04 1.010648334393098757e+00
1.221585223399999995e+04 1.009600503451020037e+00
1.221984513899999911e+04 1.009649277410696211e+00
1.222385023600000022e+04 1.009799865054602952e+00
1.222786752399999932e+04 1.010594612962810057e+00
1.223189700500000072e+04 1.010374930008296923e+00
1.223593867800000044e+04 1.011591125642896438e+00
1.223999254199999996e+04 1.011690767524444423e+00
1.224405859799999962e+04 1.012550592660756310e+00
1.224813684699999976e+04 1.013060733028618987e+00
1.225222728699999971e+04 1.011981033623179815e+00
1.225632991899999979e+04 1.014575674362218960e+00
1.226044474300000002e+04 1.014698726228389525e+00
1.226457175900000038e+04 1.013874787761141150e+00
1.226871096700000089e+04 1.015415313896494975e+00
1.227286236599999938e+04 1.015443981846944066e+00
1.227702595800000017e+04 1.016244380851728968e+00
1.228120174199999929e+04 1.016439290540987583e+00
1.228538971700000002e+04 1.016894983021025878e+00
1.228958988400000089e+04 1.018973577466569358e+00
1.229380224400000043e+04 1.020225180660487618e+00
1.229802679499999977e+04 1.021462773001761581e+00
1.230226353799999924e+04 1.020793899962917362e+00
1.230651247300000068e+04 1.022152728768740859e+00
1.231077360000000044e+04 1.023586870152286332e+00
1.231504691900000034e+04 1.023932164658187816e+00
1.231933242900000005e+04 1.024228418766181425e+00
1.232363013200000023e+04 1.024370061782016395e+00
1.232794002600000022e+04 1.026031689522534984e+00
1.233226211300000068e+04 1.025190106650203825e+00
1.233659639099999913e+04 1.026155645282904816e+00
1.234094286099999954e+04 1.027389118064999884e+00
1.234530152400000043e+04 1.027104091118650198e+00
1.234967237799999930e+04 1.027426263298239606e+00
1.235405542400000013e+04 1.027240827533295597e+00
1.235845066199999928e+04 1.027963680675675562e+00
1.236285809100000006e+04 1.027549229757707128e+00
1.236727771299999949e+04 1.028286275140940731e+00
1.237170952700000089e+04 1.029175739149404523e+00
1.237615353200000027e+04 1.031063928449095224e+00
1.238060973000000013e+04 1.030790792502290776e+00
1.238507811899999979e+04 1.030201892633072491e+00
1.238955869999999959e+04 1.031626172700736976e+00
1.239405147299999953e+04 1.031149009839353869e+00
1.239855643799999962e+04 1.031992174640889326e+00
1.240307359499999984e+04 1.033784918659105490e+00
1.240760294400000021e+04 1.032537448005772740e+00
1.241214448500000071e+04 1.035429575855780326e+00
1.241669821799999954e+04 1.035135180246137709e+00
1.242126414199999999e+04 1.037346672757971655e+00
1.242584225899999910e+04 1.037755707325565213e+00
1.243043256699999984e+04 1.038026833330929266e+00
1.243503506799999923e+04 1.037877737514418808e+00
1.243964976000000024e+04 1.038959626199034592e+00
1.244427664399999958e+04 1.040402357690079826e+00
1.244891572000000087e+04 1.041707569514244813e+00
1.245356698800000049e+04 1.040587508937872441e+00
1.245823044800000025e+04 1.041764505610870195e+00
1.246290610000000015e+04 1.042108034800493410e+00
1.246759394299999985e+04 1.041857459828260613e+00
1.247229397900000004e+04 1.043809051290100820e+00
1.247700620600000002e+04 1.043298199322149067e+00
1.248173062600000048e+04 1.044505872947449676e+00
1.248646723700000075e+04 1.044661163423089567e+00
1.249121603999999934e+04 1.045187188872066519e+00
1.249597703600000023e+04 1.046734792466377684e+00
1.250075022299999910e+04 1.047175701192878616e+00
1.250553560199999993e+04 1.045708730798474484e+00
1.251033317200000056e+04 1.045947829588949718e+00
1.251514293499999985e+04 1.047749023364866527e+00
1.251996488999999929e+04 1.049012939444744719e+00
1.252479903700000068e+04 1.048701467342790572e+00
1.252964537500000006e+04 1.049945323008578679e+00
