1.138059698199999912e+04 1.736860270164961861e-01
1.138559698199999912e+04 1.752711189898456534e-01
1.139059698199999912e+04 1.751911376721797253e-01
1.139559698199999912e+04 1.752569184770162158e-01
1.140059698199999912e+04 1.765978104729320208e-01
1.140559698199999912e+04 1.777025270405903079e-01
1.141059698199999912e+04 1.786722111398321988e-01
1.141559698199999912e+04 1.795483549762136311e-01
1.142059698199999912e+04 1.807252058160524755e-01
1.142559698199999912e+04 1.820573078698217995e-01
1.143059698199999912e+04 1.831185875286091280e-01
1.143559698199999912e+04 1.842414683035430156e-01
1.144059698199999912e+04 1.853889867871621744e-01
1.144559698199999912e+04 1.864389225130780592e-01
1.145059698199999912e+04 1.874875576989052939e-01
1.145559698199999912e+04 1.887018650182582802e-01
1.146059698199999912e+04 1.899101085900335995e-01
1.146559698199999912e+04 1.910733394713195754e-01
1.147059698199999912e+04 1.922907274747994999e-01
1.147559698199999912e+04 1.935988091213654561e-01
1.148059698199999912e+04 1.947828650728243016e-01
1.148559698199999912e+04 1.962252059402909421e-01
1.149059698199999912e+04 1.976744405740458732e-01
1.149559698199999912e+04 1.992561166459090871e-01
1.150059698199999912e+04 2.008668601351164262e-01
1.150559698199999912e+04 2.027394056827248325e-01
1.151059698199999912e+04 2.047187881368536522e-01
1.151559698199999912e+04 2.067810711422837788e-01
1.152059698199999912e+04 2.093741406979688913e-01
1.152559698199999912e+04 2.124973139134892219e-01
1.153059698199999912e+04 2.161516376195954103e-01
1.153400000000000000e+04 2.192684094279921669e-01
1.153500000000000000e+04 2.202822391514930866e-01
1.153600000000000000e+04 2.215911443970073058e-01
1.153700000000000000e+04 2.226193618148695208e-01
1.153800000000000000e+04 2.239792249870641849e-01
1.153900000000000000e+04 2.252642993007770711e-01
1.154000000000000000e+04 2.264766825073524781e-01
1.154100000000000000e+04 2.279495959103444713e-01
1.154120000000000073e+04 2.283732537454803424e-01
1.154139999999999964e+04 2.281853749848244961e-01
1.154160000000000036e+04 2.291942973685660301e-01
1.154179999999999927e+04 2.305507551890763618e-01
1.154200000000000000e+04 2.294325963517912514e-01
1.154220000000000073e+04 2.298132928225538885e-01
1.154239999999999964e+04 2.316438524067419846e-01
1.154260000000000036e+04 2.312199684815194889e-01
1.154279999999999927e+04 2.311258031409350044e-01
1.154300000000000000e+04 2.314432237884805343e-01
1.154320000000000073e+04 2.322226089717309150e-01
1.154339999999999964e+04 2.326055525605021934e-01
1.154360000000000036e+04 2.334369917489808599e-01
1.154379999999999927e+04 2.336843176735039218e-01
1.154400000000000000e+04 2.341245999732473049e-01
1.154420000000000073e+04 2.329919590664232265e-01
1.154439999999999964e+04 2.346886746032431914e-01
1.154460000000000036e+04 2.350688609914378946e-01
1.154479999999999927e+04 2.353857040550035307e-01
1.154500000000000000e+04 2.354860593061869900e-01
1.154520000000000073e+04 2.363045198329458974e-01
1.154539999999999964e+04 2.369643021354078394e-01
1.154560000000000036e+04 2.374891447838012037e-01
1.154579999999999927e+04 2.377033271348449883e-01
1.154600000000000000e+04 2.385333941510935085e-01
1.154620000000000073e+04 2.390415599789312562e-01
1.154639999999999964e+04 2.396561709169583443e-01
1.154660000000000036e+04 2.401833212411988994e-01
1.154679999999999927e+04 2.407969570058630104e-01
1.154700000000000000e+04 2.407238844461372651e-01
1.154720000000000073e+04 2.406659054898741268e-01
1.154739999999999964e+04 2.426900312442956675e-01
1.154760000000000036e+04 2.436353158257555662e-01
1.154779999999999927e+04 2.432822530084696178e-01
1.154800000000000000e+04 2.442559818083583356e-01
1.154820000000000073e+04 2.452829719888049431e-01
1.154839999999999964e+04 2.454220320043343784e-01
1.154860000000000036e+04 2.465103707823866619e-01
1.154879999999999927e+04 2.472693094806969194e-01
1.154900000000000000e+04 2.479287809083359218e-01
1.154920000000000073e+04 2.477713682112623328e-01
1.154939999999999964e+04 2.488358600392096831e-01
1.154960000000000036e+04 2.497254442542433950e-01
1.154979999999999927e+04 2.513288857311046232e-01
1.155000000000000000e+04 2.519762364637324059e-01
1.155020000000000073e+04 2.521170849441664585e-01
1.155039999999999964e+04 2.527754819111710516e-01
1.155060000000000036e+04 2.544372478144472094e-01
1.155079999999999927e+04 2.545044679911349084e-01
1.155100000000000000e+04 2.562120849317915949e-01
1.155120000000000073e+04 2.569639596807561377e-01
1.155139999999999964e+04 2.579140342691841337e-01
1.155160000000000036e+04 2.596792936404515029e-01
1.155179999999999927e+04 2.602361060039145024e-01
1.155200000000000000e+04 2.619078417132141290e-01
1.155220000000000073e+04 2.626419812260361031e-01
1.155239999999999964e+04 2.628958095063254619e-01
1.155260000000000036e+04 2.638507380511106448e-01
1.155279999999999927e+04 2.664496559333305314e-01
1.155300000000000000e+04 2.693020136501989015e-01
1.155320000000000073e+04 2.689041005254606542e-01
1.155339999999999964e+04 2.701741959155752881e-01
1.155360000000000036e+04 2.731235429074196364e-01
1.155379999999999927e+04 2.737994044462299659e-01
1.155400000000000000e+04 2.755415485343120086e-01
1.155420000000000073e+04 2.781401736315338158e-01
1.155439999999999964e+04 2.781922076887227702e-01
1.155460000000000036e+04 2.789929316112110258e-01
1.155479999999999927e+04 2.827607613627738936e-01
1.155500000000000000e+04 2.851641767254037285e-01
1.155520000000000073e+04 2.865467731248833583e-01
1.155539999999999964e+04 2.877549742626870910e-01
1.155560000000000036e+04 2.907421613292945906e-01
1.155579999999999927e+04 2.927855825753306052e-01
1.155600000000000000e+04 2.956364395759473740e-01
1.155620000000000073e+04 2.977682107818742097e-01
1.155639999999999964e+04 3.001170875628605406e-01
1.155660000000000036e+04 3.028368870816986469e-01
1.155679999999999927e+04 3.059817320232042226e-01
1.155700000000000000e+04 3.094277806348118554e-01
1.155720000000000073e+04 3.129305261636319835e-01
1.155739999999999964e+04 3.164950786362510371e-01
1.155760000000000036e+04 3.209900410404348814e-01
1.155779999999999927e+04 3.232784920728671296e-01
1.155800000000000000e+04 3.267745528297225643e-01
1.155820000000000073e+04 3.310018801817959377e-01
1.155839999999999964e+04 3.357762200550448162e-01
1.155860000000000036e+04 3.400046320075537087e-01
1.155879999999999927e+04 3.453262957697619817e-01
1.155900000000000000e+04 3.510597367576877570e-01
1.155920000000000073e+04 3.561042530629429104e-01
1.155939999999999964e+04 3.638937580404682515e-01
1.155960000000000036e+04 3.692864670716490827e-01
1.155979999999999927e+04 3.770158801220327982e-01
1.156000000000000000e+04 3.841633891131073231e-01
1.156020000000000073e+04 3.918266318926548752e-01
1.156039999999999964e+04 4.007832474106378107e-01
1.156060000000000036e+04 4.096142917429898556e-01
1.156079999999999927e+04 4.196236949628425195e-01
1.156100000000000000e+04 4.305615203668430868e-01
1.156120000000000073e+04 4.405918342947487965e-01
1.156139999999999964e+04 4.538472789980328437e-01
1.156160000000000036e+04 4.664571602112438931e-01
1.156179999999999927e+04 4.818026975945739476e-01
1.156200000000000000e+04 4.975561217228979816e-01
1.156220000000000073e+04 5.151562074208421160e-01
1.156239999999999964e+04 5.322429601877626260e-01
1.156260000000000036e+04 5.507005882870268376e-01
1.156279999999999927e+04 5.720447497524414615e-01
1.156300000000000000e+04 5.949205438879716645e-01
1.156320000000000073e+04 6.171243461865016933e-01
1.156339999999999964e+04 6.417753261969711964e-01
1.156360000000000036e+04 6.686801563150166494e-01
1.156379999999999927e+04 6.962457849986054548e-01
1.156400000000000000e+04 7.246021099056101367e-01
1.156420000000000073e+04 7.540654149480712221e-01
1.156439999999999964e+04 7.834695669923525951e-01
1.156460000000000036e+04 8.125679936787009172e-01
1.156479999999999927e+04 8.438105918286854523e-01
1.156500000000000000e+04 8.720773153501115704e-01
1.156520000000000073e+04 8.997576319362737829e-01
1.156539999999999964e+04 9.276509960218546347e-01
1.156560000000000036e+04 9.521294571327930667e-01
1.156579999999999927e+04 9.764404470374968836e-01
1.156600000000000000e+04 1.000141554672308697e+00
1.156620000000000073e+04 1.019874836862208589e+00
1.156639999999999964e+04 1.036735613819854018e+00
1.156660000000000036e+04 1.052884723179531301e+00
1.156679999999999927e+04 1.067202220206444618e+00
1.156700000000000000e+04 1.079304011178831457e+00
1.156720000000000073e+04 1.089885254164220774e+00
1.156739999999999964e+04 1.097730882956816423e+00
1.156760000000000036e+04 1.102605122437909202e+00
1.156779999999999927e+04 1.108449560841642256e+00
1.156800000000000000e+04 1.110866326257363479e+00
1.156820000000000073e+04 1.112066967500989101e+00
1.156839999999999964e+04 1.113216200554242530e+00
1.156860000000000036e+04 1.110801483789222388e+00
1.156879999999999927e+04 1.108102306225849265e+00
1.156900000000000000e+04 1.104547866669763678e+00
1.156920000000000073e+04 1.101586242496576551e+00
1.156939999999999964e+04 1.097044450478193989e+00
1.156960000000000036e+04 1.090278613225195592e+00
1.156979999999999927e+04 1.083136949685078232e+00
1.157000000000000000e+04 1.075370947942146493e+00
1.157020000000000073e+04 1.068172550665988263e+00
1.157039999999999964e+04 1.060680965229661821e+00
1.157060000000000036e+04 1.051973235034815879e+00
1.157079999999999927e+04 1.043421753333698465e+00
1.157100000000000000e+04 1.034726806497753282e+00
1.157120000000000073e+04 1.026508604765781651e+00
1.157139999999999964e+04 1.017879798933178925e+00
1.157160000000000036e+04 1.009657595468762326e+00
1.157179999999999927e+04 1.002687677322540605e+00
1.157200000000000000e+04 9.953399057797308602e-01
1.157220000000000073e+04 9.878351435803273128e-01
1.157239999999999964e+04 9.805640609919453743e-01
1.157260000000000036e+04 9.734263440758720298e-01
1.157279999999999927e+04 9.673958798172358486e-01
1.157300000000000000e+04 9.619562921470453665e-01
1.157320000000000073e+04 9.558990377184897191e-01
1.157339999999999964e+04 9.503239696832194161e-01
1.157360000000000036e+04 9.460284132988563410e-01
1.157379999999999927e+04 9.409178772826215509e-01
1.157400000000000000e+04 9.361293825904660748e-01
1.157420000000000073e+04 9.326327651284634923e-01
1.157439999999999964e+04 9.286773261394586365e-01
1.157460000000000036e+04 9.247688510246713234e-01
1.157479999999999927e+04 9.215772203186658462e-01
1.157500000000000000e+04 9.185948992646203459e-01
1.157520000000000073e+04 9.157540244815304264e-01
1.157539999999999964e+04 9.136858090898800633e-01
1.157560000000000036e+04 9.112268890379113806e-01
1.157579999999999927e+04 9.088753379501572915e-01
1.157600000000000000e+04 9.071100950508900196e-01
1.157620000000000073e+04 9.055999534614443958e-01
1.157639999999999964e+04 9.051785912309964210e-01
1.157660000000000036e+04 9.030933525375370863e-01
1.157679999999999927e+04 9.025580016689466190e-01
1.157700000000000000e+04 9.015687838412487221e-01
1.157720000000000073e+04 9.007176245866937991e-01
1.157739999999999964e+04 9.009382466718899307e-01
1.157760000000000036e+04 9.007543146105847498e-01
1.157779999999999927e+04 9.007232698035086971e-01
1.157800000000000000e+04 9.008667281870578192e-01
1.157820000000000073e+04 9.009940406671514967e-01
1.157839999999999964e+04 9.008677697744529311e-01
1.157860000000000036e+04 9.019961971968405434e-01
1.157879999999999927e+04 9.025910040598015271e-01
1.157900000000000000e+04 9.029815428038232561e-01
1.157920000000000073e+04 9.036134884805023804e-01
1.157939999999999964e+04 9.039520476540605642e-01
1.157960000000000036e+04 9.042100679857336676e-01
1.157979999999999927e+04 9.041082254322602152e-01
1.158000000000000000e+04 9.060475876242973792e-01
1.158020000000000073e+04 9.047559368670051727e-01
1.158039999999999964e+04 9.060679032812962719e-01
1.158060000000000036e+04 9.068783861888227715e-01
1.158079999999999927e+04 9.069911711406970500e-01
1.158100000000000000e+04 9.057809836528698533e-01
1.158120000000000073e+04 9.073464570338044544e-01
1.158139999999999964e+04 9.062896197610906812e-01
1.158160000000000036e+04 9.055926445294808502e-01
1.158179999999999927e+04 9.059685563733838043e-01
1.158200000000000000e+04 9.059277209346388027e-01
1.158220000000000073e+04 9.047919207540714437e-01
1.158239999999999964e+04 9.041736885244906485e-01
1.158260000000000036e+04 9.033811736232510992e-01
1.158279999999999927e+04 9.015311834368029409e-01
1.158300000000000000e+04 9.010898333113959158e-01
1.158320000000000073e+04 9.004846131926979025e-01
1.158339999999999964e+04 8.992325006415340383e-01
1.158360000000000036e+04 8.986617461849973898e-01
1.158379999999999927e+04 8.974102484284737224e-01
1.158400000000000000e+04 8.972544432868416742e-01
1.158420000000000073e+04 8.960344719854448359e-01
1.158439999999999964e+04 8.955995364913369450e-01
1.158460000000000036e+04 8.939258013677165993e-01
1.158479999999999927e+04 8.937716812332914262e-01
1.158500000000000000e+04 8.927408119744973947e-01
1.158520000000000073e+04 8.917219747987006340e-01
1.158539999999999964e+04 8.921819934211101533e-01
1.158560000000000036e+04 8.914703229781971716e-01
1.158579999999999927e+04 8.909489697304807665e-01
1.158600000000000000e+04 8.916557416829256066e-01
1.158620000000000073e+04 8.907808652081197209e-01
1.158639999999999964e+04 8.909583124207075544e-01
1.158660000000000036e+04 8.910741621065392248e-01
1.158679999999999927e+04 8.918332973110163486e-01
1.158700000000000000e+04 8.906648169449559171e-01
1.158720000000000073e+04 8.915413059252041972e-01
1.158739999999999964e+04 8.922991220177540761e-01
1.158760000000000036e+04 8.931483570126651506e-01
1.158779999999999927e+04 8.935585687142744149e-01
1.158800000000000000e+04 8.949763110395428933e-01
1.158820000000000073e+04 8.957226159808527877e-01
1.158839999999999964e+04 8.953247729169419022e-01
1.158860000000000036e+04 8.963620333130856155e-01
1.158879999999999927e+04 8.971453159646192166e-01
1.158900000000000000e+04 9.011885533661356806e-01
1.158920000000000073e+04 9.002150522325996773e-01
1.158939999999999964e+04 9.018603559634315037e-01
1.158960000000000036e+04 9.024715804396232777e-01
1.158979999999999927e+04 9.050759935265735301e-01
1.159000000000000000e+04 9.052361326646970463e-01
1.159020000000000073e+04 9.063555382958964346e-01
1.159039999999999964e+04 9.091136572378106795e-01
1.159060000000000036e+04 9.101641610063478938e-01
1.159079999999999927e+04 9.116386751903715613e-01
1.159100000000000000e+04 9.128897915344456049e-01
1.159120000000000073e+04 9.140756825098590443e-01
1.159139999999999964e+04 9.158534173795878086e-01
1.159160000000000036e+04 9.185872953557167042e-01
1.159179999999999927e+04 9.199450883256838907e-01
1.159200000000000000e+04 9.224061796171257877e-01
1.159220000000000073e+04 9.244459393763433397e-01
1.159239999999999964e+04 9.259958753548416244e-01
1.159260000000000036e+04 9.284085300630342541e-01
1.159279999999999927e+04 9.282992684960831298e-01
1.159300000000000000e+04 9.301113316259596031e-01
1.159320000000000073e+04 9.326352631401928495e-01
1.159339999999999964e+04 9.344448692536486689e-01
1.159360000000000036e+04 9.341609283897733818e-01
1.159379999999999927e+04 9.358663882300864989e-01
1.159400000000000000e+04 9.360853684930129370e-01
1.159420000000000073e+04 9.366282064048243594e-01
1.159439999999999964e+04 9.385755080203757039e-01
1.159460000000000036e+04 9.384581881548451632e-01
1.159479999999999927e+04 9.369991464382625423e-01
1.159500000000000000e+04 9.383453929842482388e-01
1.159520000000000073e+04 9.378461208426285278e-01
1.159539999999999964e+04 9.381421410674195549e-01
1.159560000000000036e+04 9.382211123316150925e-01
1.159579999999999927e+04 9.387023124531249652e-01
1.159600000000000000e+04 9.382699461756925929e-01
1.159620000000000073e+04 9.363310001059278465e-01
1.159639999999999964e+04 9.358055529683673157e-01
1.159660000000000036e+04 9.352946592381599089e-01
1.159679999999999927e+04 9.353627802675373859e-01
1.159700000000000000e+04 9.339081852297994590e-01
1.159770000000000073e+04 9.298819775079074645e-01
1.159839999999999964e+04 9.262460770130841459e-01
1.159910000000000036e+04 9.223933875964137608e-01
1.159979999999999927e+04 9.185453681984688812e-01
1.160050000000000000e+04 9.151694279343699501e-01
1.160120000000000073e+04 9.124124465816384477e-01
1.160189999999999964e+04 9.099349631598315780e-01
1.160260000000000036e+04 9.081486056815860630e-01
1.160329999999999927e+04 9.064217542622837742e-01
1.160499369499999921e+04 9.023796314229795001e-01
1.160599958300000071e+04 9.013894176418408843e-01
1.160701766200000020e+04 9.007254841872508466e-01
1.160804793299999983e+04 9.010478940159052375e-01
1.160909039599999960e+04 9.023030080227373295e-01
1.161014505099999951e+04 9.056314388745444477e-01
1.161121189799999956e+04 9.097320995765946217e-01
1.161229093699999976e+04 9.151912457139173007e-01
1.161338216699999975e+04 9.206483374812457487e-01
1.161448559000000023e+04 9.265679678586116186e-01
1.161560120400000051e+04 9.327191490355127845e-01
1.161672901099999945e+04 9.387999900924669516e-01
1.161786900900000001e+04 9.434419331895578242e-01
1.161902119900000071e+04 9.477040739750524079e-01
1.162018558200000007e+04 9.502473596511552545e-01
1.162136215599999923e+04 9.523874242697238923e-01
1.162255092200000036e+04 9.519436009063770854e-01
1.162375187899999946e+04 9.518326227385335292e-01
1.162496502900000087e+04 9.512247639018515111e-01
1.162619037100000060e+04 9.484075199172635751e-01
1.162742790400000013e+04 9.461570645150798597e-01
1.162867763000000014e+04 9.430735602561299835e-01
1.162993954699999995e+04 9.414354755274367825e-01
1.163121365700000024e+04 9.388631316545249517e-01
1.163249995800000033e+04 9.360482129380022220e-01
1.163379845100000057e+04 9.341125234229152863e-01
1.163510913599999913e+04 9.317401724862073298e-01
1.163643201299999964e+04 9.286747803511182786e-01
1.163776708200000030e+04 9.260273717797252724e-01
1.163911434200000076e+04 9.238372462826227594e-01
1.164047379499999988e+04 9.216929859043818674e-01
1.164184543999999914e+04 9.190733017952434913e-01
1.164322927600000003e+04 9.163165759165338153e-01
1.164462530499999957e+04 9.146388021031325311e-01
1.164603352500000074e+04 9.142272567130529382e-01
1.164745393700000022e+04 9.125575184847702914e-01
1.164888654099999985e+04 9.123210244479850184e-01
1.165033133699999962e+04 9.125827069499489186e-01
1.165178832499999953e+04 9.144575457848116429e-01
1.165325750499999958e+04 9.161346631033512322e-01
1.165473887699999977e+04 9.177931167124567802e-01
1.165623243999999977e+04 9.211467031798926675e-01
1.165773819600000024e+04 9.234651823444659513e-01
1.165925614300000052e+04 9.262308961514021943e-01
1.166078628299999946e+04 9.290453506363826053e-01
1.166232861400000002e+04 9.315982527189244911e-01
1.166388313700000072e+04 9.330135430871321356e-01
1.166544985199999974e+04 9.350083358227168073e-01
1.166702875900000072e+04 9.361836651697945655e-01
1.166861985800000002e+04 9.368574896567545274e-01
1.167022314899999947e+04 9.379066640095773399e-01
1.167183863200000087e+04 9.383943335852045209e-01
1.167346630700000060e+04 9.383406187717602265e-01
1.167510617300000013e+04 9.392885338757366309e-01
1.167675823200000013e+04 9.401134740517128607e-01
1.167842248199999995e+04 9.408445854182679868e-01
1.168009892399999990e+04 9.411520827563452096e-01
1.168178755799999999e+04 9.421687091507668921e-01
1.168348838500000056e+04 9.435708656048948928e-01
1.168520140299999912e+04 9.445772497449996807e-01
1.168692661299999963e+04 9.450711613705858882e-01
1.168866401399999995e+04 9.454046666736690696e-01
1.169041360800000075e+04 9.450132978771014214e-01
1.169217539399999987e+04 9.452900146103662138e-01
1.169394937100000061e+04 9.442648500212309504e-01
1.169573554100000001e+04 9.435668903897737048e-01
1.169753390199999922e+04 9.422891403773906438e-01
1.169934445500000038e+04 9.411350645817547766e-01
1.170116720100000020e+04 9.390957364650457384e-01
1.170300213799999983e+04 9.380444998299600767e-01
1.170484926699999960e+04 9.377320432059897959e-01
1.170670858799999951e+04 9.371617095964619448e-01
1.170858009999999922e+04 9.374857147274454627e-01
1.171046380499999941e+04 9.370975324101091797e-01
1.171235970199999974e+04 9.390639474390504171e-01
1.171426778999999988e+04 9.400723728943959356e-01
1.171618807100000049e+04 9.422667312638188797e-01
1.171812054300000091e+04 9.444245816566765317e-01
1.172006520699999965e+04 9.463276212496192219e-01
1.172202206400000068e+04 9.485323973983262880e-01
1.172399111199999970e+04 9.506225431734713904e-01
1.172597235200000068e+04 9.530840997507968870e-01
1.172796578399999999e+04 9.553082562429962010e-01
1.172997140700000091e+04 9.562598523875506240e-01
1.173198922300000049e+04 9.576119973815211406e-01
1.173401923100000022e+04 9.602628171271816448e-01
1.173606142999999975e+04 9.609205480645167663e-01
1.173811582199999975e+04 9.618019766569160245e-01
1.174018240499999956e+04 9.629282526287241684e-01
1.174226117999999951e+04 9.635713461887940312e-01
1.174435214799999994e+04 9.643656363273579446e-01
1.174645530700000018e+04 9.643426660497355085e-01
1.174857065800000055e+04 9.663561494402901353e-01
1.175069820099999924e+04 9.665966286594485091e-01
1.175283793499999956e+04 9.669777033015741763e-01
1.175498986200000036e+04 9.676170228360326808e-01
1.175715398099999948e+04 9.679076601790183032e-01
1.175933029100000022e+04 9.663775300976729099e-01
1.176151879399999962e+04 9.661598812659496494e-01
1.176371948800000064e+04 9.649004660269004940e-01
1.176593237399999998e+04 9.639558077031136207e-01
1.176815745299999980e+04 9.625596089197709926e-01
1.177039472299999943e+04 9.621123443572104916e-01
1.177264418499999920e+04 9.611065741363302717e-01
1.177490583800000059e+04 9.610458314983295613e-01
1.177717968400000063e+04 9.610494134859656201e-01
1.177946572200000082e+04 9.606403493585246034e-01
1.178176395199999934e+04 9.616568364434813221e-01
1.178407437299999947e+04 9.619841763723203654e-01
1.178639698700000008e+04 9.633692982716322017e-01
1.178873179200000050e+04 9.650587984039503686e-01
1.179107878899999923e+04 9.664659809269067203e-01
1.179343797799999993e+04 9.672476516250687606e-01
1.179580935900000077e+04 9.692113109379066893e-01
1.179819293199999993e+04 9.714222419308586876e-01
1.180058869699999923e+04 9.734676039886271948e-01
1.180299665400000049e+04 9.757494007063233221e-01
1.180541680300000007e+04 9.781449905838911496e-01
1.180784914299999946e+04 9.795463727848897628e-01
1.181029367599999932e+04 9.824047212019598740e-01
1.181275040000000081e+04 9.842962880498984379e-01
1.181521931699999914e+04 9.857392628055434702e-01
1.181770042500000091e+04 9.866235224454222852e-01
1.182019372499999918e+04 9.870628503113211272e-01
1.182269921699999941e+04 9.870748863046229227e-01
1.182521690099999978e+04 9.861397404862203286e-01
1.182774677700000029e+04 9.862373459294760947e-01
1.183028884499999913e+04 9.848853915248910740e-01
1.183284310499999992e+04 9.842762158544124951e-01
1.183540955600000052e+04 9.834942361095763141e-01
1.183798819999999978e+04 9.822948866963370218e-01
1.184057903500000066e+04 9.821386780421900164e-01
1.184318206199999986e+04 9.813066108314724145e-01
1.184579728199999954e+04 9.824894885368454789e-01
1.184842469300000084e+04 9.817975718124840601e-01
1.185106429600000047e+04 9.823042322112198743e-01
1.185371609100000023e+04 9.825197917110782830e-01
1.185638007800000014e+04 9.842062066039262147e-01
1.185905625599999985e+04 9.845495259084046102e-01
1.186174462700000004e+04 9.849788293867418609e-01
1.186444519000000037e+04 9.866583212029491623e-01
1.186715794400000050e+04 9.866150051051758574e-01
1.186988289099999929e+04 9.883470671215411896e-01
1.187262002899999970e+04 9.898369313901234090e-01
1.187536935900000026e+04 9.912888441801515071e-01
1.187813088099999914e+04 9.928220428604518366e-01
1.188090459499999997e+04 9.946528755649122200e-01
1.188369050099999913e+04 9.962898640420667640e-01
1.188648859900000025e+04 9.976601155502298202e-01
1.188929888899999969e+04 9.996519407523906109e-01
1.189212137099999927e+04 1.000180422493291976e+00
1.189495604400000047e+04 1.001863788204886863e+00
1.189780291000000034e+04 1.002929133002551598e+00
1.190066196700000000e+04 1.003629198461463590e+00
1.190353321700000015e+04 1.003595583988366347e+00
1.190641665800000010e+04 1.004054903025656698e+00
1.190931229100000019e+04 1.002969389542286649e+00
1.191222011600000042e+04 1.002669297355158751e+00
1.191514013300000079e+04 1.002645175794158350e+00
1.191807234199999948e+04 1.002810962959696628e+00
1.192101674300000013e+04 1.003211067616292862e+00
1.192397333500000059e+04 1.003138642072711084e+00
1.192694211999999970e+04 1.003968623899408552e+00
1.192992309600000044e+04 1.008099092957425391e+00
1.193291626499999984e+04 1.026183026183402180e+00
1.193592162500000086e+04 1.082338591454922394e+00
1.193893917700000020e+04 1.198370008577962498e+00
1.194196892099999968e+04 1.339671556201950997e+00
1.194501085799999964e+04 1.407003835723373619e+00
1.194806498500000089e+04 1.339586590166596203e+00
1.195113130500000079e+04 1.198326932786567767e+00
1.195420981700000084e+04 1.083770729540181943e+00
1.195730052099999921e+04 1.030992169903130140e+00
1.196040341599999920e+04 1.016773244964410239e+00
1.196351850399999967e+04 1.015525953741956977e+00
1.196664578299999994e+04 1.016748385173365188e+00
1.196978525500000069e+04 1.017738440513034970e+00
1.197293691799999942e+04 1.019444961400436167e+00
1.197610077300000012e+04 1.020318967567993118e+00
1.197927681999999913e+04 1.021525667937879467e+00
1.198246505900000011e+04 1.021709605042645963e+00
1.198566548999999941e+04 1.023736521506447117e+00
1.198887811200000033e+04 1.024124748496550774e+00
1.199210292699999991e+04 1.024766837362008465e+00
1.199533993399999963e+04 1.025440177264180353e+00
1.199858913199999915e+04 1.026052640239720759e+00
1.200185052299999916e+04 1.026292149108913421e+00
1.200512410500000078e+04 1.027049272208277575e+00
1.200840987900000073e+04 1.026592021396435683e+00
1.201170784500000082e+04 1.026256464803993573e+00
1.201501800299999923e+04 1.026821030330198115e+00
1.201834035299999960e+04 1.026321701906858896e+00
1.202167489500000011e+04 1.027022166359466970e+00
1.202502162900000076e+04 1.027867072467538501e+00
1.202838055399999939e+04 1.028590504050518550e+00
1.203175167200000033e+04 1.028909045607597550e+00
1.203513498199999958e+04 1.029702455419462259e+00
1.203853048300000046e+04 1.030198797645980324e+00
1.204193817599999966e+04 1.031728661878137165e+00
1.204535806100000082e+04 1.033067943468646277e+00
1.204879013900000064e+04 1.033851642476848465e+00
1.205223440800000026e+04 1.035475420486412723e+00
1.205569086799999968e+04 1.036709084528713687e+00
1.205915952099999959e+04 1.038612558816391473e+00
1.206264036599999963e+04 1.040446787491554170e+00
1.206613340299999982e+04 1.040333626331721995e+00
1.206963863099999980e+04 1.041372699349595088e+00
1.207315605200000027e+04 1.042918128266841826e+00
1.207668566400000054e+04 1.044183493513956895e+00
1.208022746799999913e+04 1.045132707048069598e+00
1.208378146500000003e+04 1.045847640465977557e+00
1.208734765300000072e+04 1.046159291578104167e+00
1.209092603299999973e+04 1.047808895102250615e+00
1.209451660500000071e+04 1.047931232282673042e+00
1.209811936900000001e+04 1.048532903471422584e+00
1.210173432399999911e+04 1.049191467677731415e+00
1.210536147200000050e+04 1.049408044743613155e+00
1.210900081099999989e+04 1.050073161502503405e+00
1.211265234299999975e+04 1.050373427881357680e+00
1.211631606599999941e+04 1.051726361366810414e+00
1.211999198199999955e+04 1.051850455894526304e+00
1.212368008899999950e+04 1.052102856590745095e+00
1.212738038799999958e+04 1.052331551698351353e+00
1.213109287899999981e+04 1.053117381581951451e+00
1.213481756200000018e+04 1.054073899438789708e+00
1.213855443700000069e+04 1.055518631564133614e+00
1.214230350299999918e+04 1.056313324980379331e+00
1.214606476199999997e+04 1.055979238927113428e+00
1.214983821300000091e+04 1.057143414048253849e+00
1.215362385499999982e+04 1.059031044675365241e+00
1.215742168900000070e+04 1.060268893726021844e+00
1.216123171600000023e+04 1.061525517429378063e+00
1.216505393399999957e+04 1.062053880216664803e+00
1.216888834400000087e+04 1.063579591504089095e+00
1.217273494600000049e+04 1.064956083858504821e+00
1.217659374000000025e+04 1.066950477811587694e+00
1.218046472600000016e+04 1.068083719316780922e+00
1.218434790299999986e+04 1.068912669368145218e+00
1.218824327300000004e+04 1.069730510711075944e+00
1.219215083500000037e+04 1.070564559523627723e+00
1.219607058800000050e+04 1.071911279536833073e+00
1.220000253300000077e+04 1.073045197115829019e+00
1.220394667099999970e+04 1.073338953062826784e+00
1.220790300000000025e+04 1.073791804082077528e+00
1.221187152099999912e+04 1.075288118432311757e+00
1.221585223399999995e+04 1.075473668694262308e+00
1.221984513899999911e+04 1.075937439740345170e+00
1.222385023600000022e+04 1.076746721867309908e+00
1.222786752399999932e+04 1.078089877391803286e+00
1.223189700500000072e+04 1.078007848251286704e+00
1.223593867800000044e+04 1.078674532171051803e+00
1.223999254199999996e+04 1.079908461286544163e+00
1.224405859799999962e+04 1.080200668339123649e+00
1.224813684699999976e+04 1.081450371278341649e+00
1.225222728699999971e+04 1.082167357991527856e+00
1.225632991899999979e+04 1.083354960414723234e+00
1.226044474300000002e+04 1.083781555033352939e+00
1.226457175900000038e+04 1.084620418799639996e+00
1.226871096700000089e+04 1.085595341181974538e+00
1.227286236599999938e+04 1.086923520346305017e+00
1.227702595800000017e+04 1.087479319746547546e+00
1.228120174199999929e+04 1.089035391011257570e+00
1.228538971700000002e+04 1.090276051222315967e+00
1.228958988400000089e+04 1.091797745823498422e+00
1.229380224400000043e+04 1.093291112906253915e+00
1.229802679499999977e+04 1.095140927811872000e+00
1.230226353799999924e+04 1.095440439431040858e+00
1.230651247300000068e+04 1.096680988749856533e+00
1.231077360000000044e+04 1.098077687925792523e+00
1.231504691900000034e+04 1.099067954252119339e+00
1.231933242900000005e+04 1.099635242015374326e+00
1.232363013200000023e+04 1.100797268139521945e+00
1.232794002600000022e+04 1.101614035502644695e+00
1.233226211300000068e+04 1.102831060869778002e+00
1.233659639099999913e+04 1.103077548194223212e+00
1.234094286099999954e+04 1.104264700518377662e+00
1.234530152400000043e+04 1.104901115355176655e+00
1.234967237799999930e+04 1.106133790947460893e+00
1.235405542400000013e+04 1.106612324733343478e+00
1.235845066199999928e+04 1.106691042221512156e+00
1.236285809100000006e+04 1.108420742842873841e+00
1.236727771299999949e+04 1.109286057825390692e+00
1.237170952700000089e+04 1.110222082699111157e+00
1.237615353200000027e+04 1.111421950842080841e+00
1.238060973000000013e+04 1.112188697990954322e+00
1.238507811899999979e+04 1.112980276125760115e+00
1.238955869999999959e+04 1.114396994866369450e+00
1.239405147299999953e+04 1.114579702776571812e+00
1.239855643799999962e+04 1.115939493891982215e+00
1.240307359499999984e+04 1.117014194995602061e+00
1.240760294400000021e+04 1.117847957792660996e+00
1.241214448500000071e+04 1.119129611394170665e+00
1.241669821799999954e+04 1.119831281953284963e+00
1.242126414199999999e+04 1.122317439984233500e+00
1.242584225899999910e+04 1.124260614436311201e+00
1.243043256699999984e+04 1.124773954942187348e+00
1.243503506799999923e+04 1.125973997896964063e+00
1.243964976000000024e+04 1.126888039260596219e+00
1.244427664399999958e+04 1.128088064166591353e+00
1.244891572000000087e+04 1.129301350202293275e+00
1.245356698800000049e+04 1.130311142465359575e+00
1.245823044800000025e+04 1.131440738750518538e+00
1.246290610000000015e+04 1.132103450754335938e+00
1.246759394299999985e+04 1.133183726386252532e+00
1.247229397900000004e+04 1.134228817724445060e+00
1.247700620600000002e+04 1.135100332733479434e+00
1.248173062600000048e+04 1.136414283714447526e+00
1.248646723700000075e+04 1.137220955392303834e+00
1.249121603999999934e+04 1.138455572788508174e+00
1.249597703600000023e+04 1.139937376173637773e+00
1.250075022299999910e+04 1.141000077650187627e+00
1.250553560199999993e+04 1.140119879371938261e+00
1.251033317200000056e+04 1.141085756891899505e+00
1.251514293499999985e+04 1.142641980047359507e+00
1.251996488999999929e+04 1.143463957008420184e+00
1.252479903700000068e+04 1.144684470246834396e+00
1.252964537500000006e+04 1.145819842942770617e+00
