1.138059698199999912e+04 1.833492357568987374e-01
1.138559698199999912e+04 1.854611988918266618e-01
1.139059698199999912e+04 1.994536007191919924e-01
1.139559698199999912e+04 1.958117913326899995e-01
1.140059698199999912e+04 1.910337913445364355e-01
1.140559698199999912e+04 1.890639120579693799e-01
1.141059698199999912e+04 1.784455798726617415e-01
1.141559698199999912e+04 1.854867622481940481e-01
1.142059698199999912e+04 2.068720017634260444e-01
1.142559698199999912e+04 1.856437804739770048e-01
1.143059698199999912e+04 1.964373981931880342e-01
1.143559698199999912e+04 2.027763698458369401e-01
1.144059698199999912e+04 1.878023274709535173e-01
1.144559698199999912e+04 1.983746956046886223e-01
1.145059698199999912e+04 2.041908312453717678e-01
1.145559698199999912e+04 1.985447202540138734e-01
1.146059698199999912e+04 2.190859947256556250e-01
1.146559698199999912e+04 1.883711155063066411e-01
1.147059698199999912e+04 2.080308804766103914e-01
1.147559698199999912e+04 2.003580718681131079e-01
1.148059698199999912e+04 2.076362778078580384e-01
1.148559698199999912e+04 2.063384409008954812e-01
1.149059698199999912e+04 1.992020915352317734e-01
1.149559698199999912e+04 2.069986611694490386e-01
1.150059698199999912e+04 1.937033275710886293e-01
1.150559698199999912e+04 2.121744119718942667e-01
1.151059698199999912e+04 2.115904228417580524e-01
1.151559698199999912e+04 2.155613832862787460e-01
1.152059698199999912e+04 2.206100667714676611e-01
1.152559698199999912e+04 2.185001120750891257e-01
1.153059698199999912e+04 2.201837342816587995e-01
1.153400000000000000e+04 2.158651917589151092e-01
1.153500000000000000e+04 2.179586396018164951e-01
1.153600000000000000e+04 2.323317322912651917e-01
1.153700000000000000e+04 2.349989505834825243e-01
1.153800000000000000e+04 2.246698185090169886e-01
1.153900000000000000e+04 2.278329633228280693e-01
1.154000000000000000e+04 2.223703598994098696e-01
1.154100000000000000e+04 2.381433588487451569e-01
1.154120000000000073e+04 2.350346393591390137e-01
1.154139999999999964e+04 2.436663144159263994e-01
1.154160000000000036e+04 2.251260962904579055e-01
1.154179999999999927e+04 2.299302698885138940e-01
1.154200000000000000e+04 2.330158373094071700e-01
1.154220000000000073e+04 2.362535678953739948e-01
1.154239999999999964e+04 2.320939086553223951e-01
1.154260000000000036e+04 2.270989102341839927e-01
1.154279999999999927e+04 2.391393704168725820e-01
1.154300000000000000e+04 2.383285753444818744e-01
1.154320000000000073e+04 2.277475186864650059e-01
1.154339999999999964e+04 2.438487929961287159e-01
1.154360000000000036e+04 2.433790343124482558e-01
1.154379999999999927e+04 2.364325982440257101e-01
1.154400000000000000e+04 2.364759795426403799e-01
1.154420000000000073e+04 2.386119532805587029e-01
1.154439999999999964e+04 2.304836013939902950e-01
1.154460000000000036e+04 2.370228910007300960e-01
1.154479999999999927e+04 2.222040032594119474e-01
1.154500000000000000e+04 2.432673245636198800e-01
1.154520000000000073e+04 2.271799547280589637e-01
1.154539999999999964e+04 2.490525890631153649e-01
1.154560000000000036e+04 2.368583814232561036e-01
1.154579999999999927e+04 2.378750961850666368e-01
1.154600000000000000e+04 2.358050405584407316e-01
1.154620000000000073e+04 2.386482959664212311e-01
1.154639999999999964e+04 2.510664298001843431e-01
1.154660000000000036e+04 2.245161088806407190e-01
1.154679999999999927e+04 2.511905792838196594e-01
1.154700000000000000e+04 2.445953950833717194e-01
1.154720000000000073e+04 2.338167880354936057e-01
1.154739999999999964e+04 2.367352723637928813e-01
1.154760000000000036e+04 2.567237993508648120e-01
1.154779999999999927e+04 2.381906653592669454e-01
1.154800000000000000e+04 2.377066478123343873e-01
1.154820000000000073e+04 2.545832237899783301e-01
1.154839999999999964e+04 2.491712097964395023e-01
1.154860000000000036e+04 2.413992993149360333e-01
1.154879999999999927e+04 2.501378847737132372e-01
1.154900000000000000e+04 2.421733253580665712e-01
1.154920000000000073e+04 2.567288296309861440e-01
1.154939999999999964e+04 2.575020457400441498e-01
1.154960000000000036e+04 2.547066857929559669e-01
1.154979999999999927e+04 2.551121354232956939e-01
1.155000000000000000e+04 2.654361011450476759e-01
1.155020000000000073e+04 2.533569121135846869e-01
1.155039999999999964e+04 2.458125629801980738e-01
1.155060000000000036e+04 2.587567828405525350e-01
1.155079999999999927e+04 2.701426515711123910e-01
1.155100000000000000e+04 2.503527799267514786e-01
1.155120000000000073e+04 2.556120835878301634e-01
1.155139999999999964e+04 2.619327830590331696e-01
1.155160000000000036e+04 2.604218912456412460e-01
1.155179999999999927e+04 2.545296252176968976e-01
1.155200000000000000e+04 2.707590240442969143e-01
1.155220000000000073e+04 2.797750541932597090e-01
1.155239999999999964e+04 2.652984248785594246e-01
1.155260000000000036e+04 2.586141982112636351e-01
1.155279999999999927e+04 2.567279056383276470e-01
1.155300000000000000e+04 2.720790300498041048e-01
1.155320000000000073e+04 2.775227306742087396e-01
1.155339999999999964e+04 2.744197137984850654e-01
1.155360000000000036e+04 2.740428913450388970e-01
1.155379999999999927e+04 2.706354813905053613e-01
1.155400000000000000e+04 2.688760600206884233e-01
1.155420000000000073e+04 2.848045503577446014e-01
1.155439999999999964e+04 2.853859631379708217e-01
1.155460000000000036e+04 2.691315608509605162e-01
1.155479999999999927e+04 2.946016793611538898e-01
1.155500000000000000e+04 2.899508054077438168e-01
1.155520000000000073e+04 2.970338562556294471e-01
1.155539999999999964e+04 2.792319680625176548e-01
1.155560000000000036e+04 2.820370085772029300e-01
1.155579999999999927e+04 2.924916624782276098e-01
1.155600000000000000e+04 2.998392600000607255e-01
1.155620000000000073e+04 3.109137190301343723e-01
1.155639999999999964e+04 3.056921421192971833e-01
1.155660000000000036e+04 3.018218180942395801e-01
1.155679999999999927e+04 2.995200057709133112e-01
1.155700000000000000e+04 3.185780745961647176e-01
1.155720000000000073e+04 3.068599489390235746e-01
1.155739999999999964e+04 3.283695862239884300e-01
1.155760000000000036e+04 3.195960900774144076e-01
1.155779999999999927e+04 3.348545575347411374e-01
1.155800000000000000e+04 3.320175540308337170e-01
1.155820000000000073e+04 3.305749035168104588e-01
1.155839999999999964e+04 3.326823276080230762e-01
1.155860000000000036e+04 3.381291409699453410e-01
1.155879999999999927e+04 3.487612733537835963e-01
1.155900000000000000e+04 3.520442048249258771e-01
1.155920000000000073e+04 3.524228828202238817e-01
1.155939999999999964e+04 3.631604184892192055e-01
1.155960000000000036e+04 3.702267752668371714e-01
1.155979999999999927e+04 3.626480006059996097e-01
1.156000000000000000e+04 3.876971494415994424e-01
1.156020000000000073e+04 3.853820392520432292e-01
1.156039999999999964e+04 3.931180388456835817e-01
1.156060000000000036e+04 3.982319477126874951e-01
1.156079999999999927e+04 4.074852849627961793e-01
1.156100000000000000e+04 4.214422473601097674e-01
1.156120000000000073e+04 4.359324000094648155e-01
1.156139999999999964e+04 4.676116320755390743e-01
1.156160000000000036e+04 4.630303574952883694e-01
1.156179999999999927e+04 4.832319841408210803e-01
1.156200000000000000e+04 5.005102823328728689e-01
1.156220000000000073e+04 5.162261044896945261e-01
1.156239999999999964e+04 5.318505042987127229e-01
1.156260000000000036e+04 5.425467106496342229e-01
1.156279999999999927e+04 5.822034192416716269e-01
1.156300000000000000e+04 6.075291125710131634e-01
1.156320000000000073e+04 6.055404599791828213e-01
1.156339999999999964e+04 6.347358135493360587e-01
1.156360000000000036e+04 6.667778918756688267e-01
1.156379999999999927e+04 6.895823689637313736e-01
1.156400000000000000e+04 7.281069662002965792e-01
1.156420000000000073e+04 7.490026260382021128e-01
1.156439999999999964e+04 7.984310511803011101e-01
1.156460000000000036e+04 8.207610012200534655e-01
1.156479999999999927e+04 8.452111059638066637e-01
1.156500000000000000e+04 8.791013159870473270e-01
1.156520000000000073e+04 9.073102760989659732e-01
1.156539999999999964e+04 9.236184950952734951e-01
1.156560000000000036e+04 9.463314671964722091e-01
1.156579999999999927e+04 9.768197491167878166e-01
1.156600000000000000e+04 1.005930164143939765e+00
1.156620000000000073e+04 1.020640117287591186e+00
1.156639999999999964e+04 1.025595656626417274e+00
1.156660000000000036e+04 1.047089506043917373e+00
1.156679999999999927e+04 1.066437805369438774e+00
1.156700000000000000e+04 1.078509870616689792e+00
1.156720000000000073e+04 1.103261182108792093e+00
1.156739999999999964e+04 1.087824054340920776e+00
1.156760000000000036e+04 1.105783371997529851e+00
1.156779999999999927e+04 1.118422744188762641e+00
1.156800000000000000e+04 1.126240806369562142e+00
1.156820000000000073e+04 1.108887680250265406e+00
1.156839999999999964e+04 1.116224364333765262e+00
1.156860000000000036e+04 1.114334250838383999e+00
1.156879999999999927e+04 1.109024420893638618e+00
1.156900000000000000e+04 1.103413159532298016e+00
1.156920000000000073e+04 1.104138272373671459e+00
1.156939999999999964e+04 1.079017417159111814e+00
1.156960000000000036e+04 1.094499352941825432e+00
1.156979999999999927e+04 1.083488992229831194e+00
1.157000000000000000e+04 1.073289849863320322e+00
1.157020000000000073e+04 1.081793298215151244e+00
1.157039999999999964e+04 1.055429653386595223e+00
1.157060000000000036e+04 1.048587101444174330e+00
1.157079999999999927e+04 1.056605372580423641e+00
1.157100000000000000e+04 1.028333063725247909e+00
1.157120000000000073e+04 1.022049920423667713e+00
1.157139999999999964e+04 1.016195344263150613e+00
1.157160000000000036e+04 1.014797417904351517e+00
1.157179999999999927e+04 1.003425138805588812e+00
1.157200000000000000e+04 9.856658059330245525e-01
1.157220000000000073e+04 9.834107773335127867e-01
1.157239999999999964e+04 9.756008773332752737e-01
1.157260000000000036e+04 9.721174288734759639e-01
1.157279999999999927e+04 9.695537265356671819e-01
1.157300000000000000e+04 9.640432306164463672e-01
1.157320000000000073e+04 9.427684887937701763e-01
1.157339999999999964e+04 9.568479580983553223e-01
1.157360000000000036e+04 9.469139741211033412e-01
1.157379999999999927e+04 9.496266208205170756e-01
1.157400000000000000e+04 9.383063732924223910e-01
1.157420000000000073e+04 9.393437008821690082e-01
1.157439999999999964e+04 9.309731158540425211e-01
1.157460000000000036e+04 9.331402443908182187e-01
1.157479999999999927e+04 9.242228844393727272e-01
1.157500000000000000e+04 9.169266339845095759e-01
1.157520000000000073e+04 9.304873275797794774e-01
1.157539999999999964e+04 9.188182270551938924e-01
1.157560000000000036e+04 9.141572539561624300e-01
1.157579999999999927e+04 8.989722942512592407e-01
1.157600000000000000e+04 8.971059043985448733e-01
1.157620000000000073e+04 9.065296126432397239e-01
1.157639999999999964e+04 9.050706260320311447e-01
1.157660000000000036e+04 8.977052855897440509e-01
1.157679999999999927e+04 9.023825979980885093e-01
1.157700000000000000e+04 9.114033058895023576e-01
1.157720000000000073e+04 9.043467227539916387e-01
1.157739999999999964e+04 8.918284065183793574e-01
1.157760000000000036e+04 8.987578857128947218e-01
1.157779999999999927e+04 8.939052146389673270e-01
1.157800000000000000e+04 8.969211056517039093e-01
1.157820000000000073e+04 8.968508980514903195e-01
1.157839999999999964e+04 8.962630877596706735e-01
1.157860000000000036e+04 8.919877928463905148e-01
1.157879999999999927e+04 9.003747317787950122e-01
1.157900000000000000e+04 8.977481772437903018e-01
1.157920000000000073e+04 8.819530068856838989e-01
1.157939999999999964e+04 9.167871183845551775e-01
1.157960000000000036e+04 9.103480461895476772e-01
1.157979999999999927e+04 9.000795658376690156e-01
1.158000000000000000e+04 9.047379484057632704e-01
1.158020000000000073e+04 8.951818110036051657e-01
1.158039999999999964e+04 9.163382859386633994e-01
1.158060000000000036e+04 9.185270283692906768e-01
1.158079999999999927e+04 9.065645987869699329e-01
1.158100000000000000e+04 9.113410469913226786e-01
1.158120000000000073e+04 9.070126799514036664e-01
1.158139999999999964e+04 8.954640357109279192e-01
1.158160000000000036e+04 9.011559172693884845e-01
1.158179999999999927e+04 9.052804299792601705e-01
1.158200000000000000e+04 9.011590393250076270e-01
1.158220000000000073e+04 9.016392952809780814e-01
1.158239999999999964e+04 9.018845578453774658e-01
1.158260000000000036e+04 9.011469230085354942e-01
1.158279999999999927e+04 9.002011813991541711e-01
1.158300000000000000e+04 8.920329530391193362e-01
1.158320000000000073e+04 8.937897956959370838e-01
1.158339999999999964e+04 8.885881018890064986e-01
1.158360000000000036e+04 9.036711380907347380e-01
1.158379999999999927e+04 8.810422951198164654e-01
1.158400000000000000e+04 9.034454386197214859e-01
1.158420000000000073e+04 9.038198044226899430e-01
1.158439999999999964e+04 8.916703119127383781e-01
1.158460000000000036e+04 8.740397014631151595e-01
1.158479999999999927e+04 8.893968594724060983e-01
1.158500000000000000e+04 8.904062041149786166e-01
1.158520000000000073e+04 8.828134952041430950e-01
1.158539999999999964e+04 8.866870420995366375e-01
1.158560000000000036e+04 9.001260846382622693e-01
1.158579999999999927e+04 8.935929634278451106e-01
1.158600000000000000e+04 8.832712259328195925e-01
1.158620000000000073e+04 8.777161918591191991e-01
1.158639999999999964e+04 8.866770421937769653e-01
1.158660000000000036e+04 8.875615331136365027e-01
1.158679999999999927e+04 8.932185013526158235e-01
1.158700000000000000e+04 8.848866432622246592e-01
1.158720000000000073e+04 8.929964967495431782e-01
1.158739999999999964e+04 9.035980599076305353e-01
1.158760000000000036e+04 8.966733856319351048e-01
1.158779999999999927e+04 8.910834564965174343e-01
1.158800000000000000e+04 8.915476158152110253e-01
1.158820000000000073e+04 8.910739179838498281e-01
1.158839999999999964e+04 9.013071493014780389e-01
1.158860000000000036e+04 8.898025922751204853e-01
1.158879999999999927e+04 8.952265766109592793e-01
1.158900000000000000e+04 8.992932045621647719e-01
1.158920000000000073e+04 8.944711604950348338e-01
1.158939999999999964e+04 8.900671978537808560e-01
1.158960000000000036e+04 9.024048458311028087e-01
1.158979999999999927e+04 9.023314150460864935e-01
1.159000000000000000e+04 9.063613309300461163e-01
1.159020000000000073e+04 9.003012542700451482e-01
1.159039999999999964e+04 9.151943657718342173e-01
1.159060000000000036e+04 9.016966920021691756e-01
1.159079999999999927e+04 9.210860895817511995e-01
1.159100000000000000e+04 8.983537997718470391e-01
1.159120000000000073e+04 9.146393630226834492e-01
1.159139999999999964e+04 9.166807566374862715e-01
1.159160000000000036e+04 9.105924198063636288e-01
1.159179999999999927e+04 9.203828927340658161e-01
1.159200000000000000e+04 9.287494886571329156e-01
1.159220000000000073e+04 9.065518911034499139e-01
1.159239999999999964e+04 9.269224213327641460e-01
1.159260000000000036e+04 9.085634809386315958e-01
1.159279999999999927e+04 9.190180455992509323e-01
1.159300000000000000e+04 9.387866729898406426e-01
1.159320000000000073e+04 9.259772211581994705e-01
1.159339999999999964e+04 9.236673263959116476e-01
1.159360000000000036e+04 9.301258008680487466e-01
1.159379999999999927e+04 9.475089099225827427e-01
1.159400000000000000e+04 9.206971864416129137e-01
1.159420000000000073e+04 9.266277142740695361e-01
1.159439999999999964e+04 9.462123146764968018e-01
1.159460000000000036e+04 9.485726131057737875e-01
1.159479999999999927e+04 9.335106716208666500e-01
1.159500000000000000e+04 9.269723943310059777e-01
1.159520000000000073e+04 9.495561650846148227e-01
1.159539999999999964e+04 9.463609472109755227e-01
1.159560000000000036e+04 9.400802222717354883e-01
1.159579999999999927e+04 9.302127485467618362e-01
1.159600000000000000e+04 9.350503167430428419e-01
1.159620000000000073e+04 9.323221753953767621e-01
1.159639999999999964e+04 9.351813814726338547e-01
1.159660000000000036e+04 9.424118405672011756e-01
1.159679999999999927e+04 9.385025593051271597e-01
1.159700000000000000e+04 9.234751310764619525e-01
1.159770000000000073e+04 9.363840579388033047e-01
1.159839999999999964e+04 9.253191637117688106e-01
1.159910000000000036e+04 9.239937370482335099e-01
1.159979999999999927e+04 9.254821921084166458e-01
1.160050000000000000e+04 9.041844392534280628e-01
1.160120000000000073e+04 9.088162804679920104e-01
1.160189999999999964e+04 9.028425429189702589e-01
1.160260000000000036e+04 8.938139414750159162e-01
1.160329999999999927e+04 9.052864368257297345e-01
1.160499369499999921e+04 9.160879144470089885e-01
1.160599958300000071e+04 8.848631169646373751e-01
1.160701766200000020e+04 8.966302847151143007e-01
1.160804793299999983e+04 9.015206626154196323e-01
1.160909039599999960e+04 8.990974430901047532e-01
1.161014505099999951e+04 9.006947389073893806e-01
1.161121189799999956e+04 8.964832725113707212e-01
1.161229093699999976e+04 9.124575902917464454e-01
1.161338216699999975e+04 9.109617891656712763e-01
1.161448559000000023e+04 9.068545346848153610e-01
1.161560120400000051e+04 9.363500586783265467e-01
1.161672901099999945e+04 9.406931800059450399e-01
1.161786900900000001e+04 9.389515813260205235e-01
1.161902119900000071e+04 9.443389813283193934e-01
1.162018558200000007e+04 9.526325280144163354e-01
1.162136215599999923e+04 9.487788456223449352e-01
1.162255092200000036e+04 9.529362063217547973e-01
1.162375187899999946e+04 9.443942750760739857e-01
1.162496502900000087e+04 9.548261079749250646e-01
1.162619037100000060e+04 9.450324901133702049e-01
1.162742790400000013e+04 9.417927635887700655e-01
1.162867763000000014e+04 9.284547777951248637e-01
1.162993954699999995e+04 9.374886781626013965e-01
1.163121365700000024e+04 9.270508967041493076e-01
1.163249995800000033e+04 9.254617907600825033e-01
1.163379845100000057e+04 9.221825028269260427e-01
1.163510913599999913e+04 9.179544715294510882e-01
1.163643201299999964e+04 9.368743288761216537e-01
1.163776708200000030e+04 9.286106066668805559e-01
1.163911434200000076e+04 9.303794660827003904e-01
1.164047379499999988e+04 9.063392710219088100e-01
1.164184543999999914e+04 9.125607915549242000e-01
1.164322927600000003e+04 9.002257296323828983e-01
1.164462530499999957e+04 9.025634009936839286e-01
1.164603352500000074e+04 9.004843141377615323e-01
1.164745393700000022e+04 9.136333431847850628e-01
1.164888654099999985e+04 9.019365270086419084e-01
1.165033133699999962e+04 9.122136197474007835e-01
1.165178832499999953e+04 9.107413812265042763e-01
1.165325750499999958e+04 9.240589431082752991e-01
1.165473887699999977e+04 8.993784114318618128e-01
1.165623243999999977e+04 9.215685741271943954e-01
1.165773819600000024e+04 9.229702151734832105e-01
1.165925614300000052e+04 9.109151847658729650e-01
1.166078628299999946e+04 9.273110632879002502e-01
1.166232861400000002e+04 9.250771754792791457e-01
1.166388313700000072e+04 9.224483179103238895e-01
1.166544985199999974e+04 9.201703944391207424e-01
1.166702875900000072e+04 9.219297589217146927e-01
1.166861985800000002e+04 9.416408841355266013e-01
1.167022314899999947e+04 9.283513105309034730e-01
1.167183863200000087e+04 9.341067220922988357e-01
1.167346630700000060e+04 9.230100396881391056e-01
1.167510617300000013e+04 9.238868862288635020e-01
1.167675823200000013e+04 9.374602123131842157e-01
1.167842248199999995e+04 9.211979598500203981e-01
1.168009892399999990e+04 9.278269668222868249e-01
1.168178755799999999e+04 9.318035390202658030e-01
1.168348838500000056e+04 9.335883962110521628e-01
1.168520140299999912e+04 9.324285326422097064e-01
1.168692661299999963e+04 9.367496355667115360e-01
1.168866401399999995e+04 9.389843622946789647e-01
1.169041360800000075e+04 9.387249552122720608e-01
1.169217539399999987e+04 9.269255020551399049e-01
1.169394937100000061e+04 9.306010457876110475e-01
1.169573554100000001e+04 9.399868917464082596e-01
1.169753390199999922e+04 9.364683684498512628e-01
1.169934445500000038e+04 9.194441769262700070e-01
1.170116720100000020e+04 9.291854125035778900e-01
1.170300213799999983e+04 9.118310124519889426e-01
1.170484926699999960e+04 9.253807302950131097e-01
1.170670858799999951e+04 9.374638922243440087e-01
1.170858009999999922e+04 9.179073912279188674e-01
1.171046380499999941e+04 9.181363799630842815e-01
1.171235970199999974e+04 9.310040582453286140e-01
1.171426778999999988e+04 9.158611853611376974e-01
1.171618807100000049e+04 9.241866696300468087e-01
1.171812054300000091e+04 9.346853193367589130e-01
1.172006520699999965e+04 9.278880133013582832e-01
1.172202206400000068e+04 9.326758321904081717e-01
1.172399111199999970e+04 9.413783659075706245e-01
1.172597235200000068e+04 9.414266652070606423e-01
1.172796578399999999e+04 9.423996040668944918e-01
1.172997140700000091e+04 9.389733036739428274e-01
1.173198922300000049e+04 9.450564047242266952e-01
1.173401923100000022e+04 9.441039820150710637e-01
1.173606142999999975e+04 9.486062685982477038e-01
1.173811582199999975e+04 9.426892722205293396e-01
1.174018240499999956e+04 9.458071690196695469e-01
1.174226117999999951e+04 9.406703379770440243e-01
1.174435214799999994e+04 9.478914430160951810e-01
1.174645530700000018e+04 9.423038326932514641e-01
1.174857065800000055e+04 9.420277180070650846e-01
1.175069820099999924e+04 9.515855531628892860e-01
1.175283793499999956e+04 9.514559514146514463e-01
1.175498986200000036e+04 9.558509525328767742e-01
1.175715398099999948e+04 9.475373670299557238e-01
1.175933029100000022e+04 9.516244125157730105e-01
1.176151879399999962e+04 9.521986004106751666e-01
1.176371948800000064e+04 9.500066891999906504e-01
1.176593237399999998e+04 9.400625372852577932e-01
1.176815745299999980e+04 9.452200887054438283e-01
1.177039472299999943e+04 9.460592428001532994e-01
1.177264418499999920e+04 9.423783231934593774e-01
1.177490583800000059e+04 9.276111396429541633e-01
1.177717968400000063e+04 9.429749639888082013e-01
1.177946572200000082e+04 9.565747807822562176e-01
1.178176395199999934e+04 9.395640653333433567e-01
1.178407437299999947e+04 9.371340453943668436e-01
1.178639698700000008e+04 9.459397791957923074e-01
1.178873179200000050e+04 9.469968013036332843e-01
1.179107878899999923e+04 9.542910439782863463e-01
1.179343797799999993e+04 9.378848990825687792e-01
1.179580935900000077e+04 9.534147872034268723e-01
1.179819293199999993e+04 9.544347700677455748e-01
1.180058869699999923e+04 9.511899629526198163e-01
1.180299665400000049e+04 9.565858109243828844e-01
1.180541680300000007e+04 9.635485972405608557e-01
1.180784914299999946e+04 9.636425352841152536e-01
1.181029367599999932e+04 9.523205212499977756e-01
1.181275040000000081e+04 9.675900411492347475e-01
1.181521931699999914e+04 9.626814221014051709e-01
1.181770042500000091e+04 9.642952878118042914e-01
1.182019372499999918e+04 9.645124553784181209e-01
1.182269921699999941e+04 9.627512138200376990e-01
1.182521690099999978e+04 9.708852547323857385e-01
1.182774677700000029e+04 9.619202162469322470e-01
1.183028884499999913e+04 9.531642266329517499e-01
1.183284310499999992e+04 9.573543294985633612e-01
1.183540955600000052e+04 9.603052059944844343e-01
1.183798819999999978e+04 9.661507994501856711e-01
1.184057903500000066e+04 9.614242409976033743e-01
1.184318206199999986e+04 9.502885120603106195e-01
1.184579728199999954e+04 9.743428053361078423e-01
1.184842469300000084e+04 9.580334652415146701e-01
1.185106429600000047e+04 9.653031601594541655e-01
1.185371609100000023e+04 9.553944077728122597e-01
1.185638007800000014e+04 9.615866137594704099e-01
1.185905625599999985e+04 9.638095157947476066e-01
1.186174462700000004e+04 9.666203269513867768e-01
1.186444519000000037e+04 9.669427131211458804e-01
1.186715794400000050e+04 9.653725554887506721e-01
1.186988289099999929e+04 9.586349806526276440e-01
1.187262002899999970e+04 9.581006067635065016e-01
1.187536935900000026e+04 9.655695957255779893e-01
1.187813088099999914e+04 9.710141024143317257e-01
1.188090459499999997e+04 9.645886612358035572e-01
1.188369050099999913e+04 9.748962344329299423e-01
1.188648859900000025e+04 9.786985123083709048e-01
1.188929888899999969e+04 9.640276261422633386e-01
1.189212137099999927e+04 9.648520949582495287e-01
1.189495604400000047e+04 9.711053570824387249e-01
1.189780291000000034e+04 9.750177240609481100e-01
1.190066196700000000e+04 9.696959116114398647e-01
1.190353321700000015e+04 9.824043903565232716e-01
1.190641665800000010e+04 9.761749425348947851e-01
1.190931229100000019e+04 9.721645356174531960e-01
1.191222011600000042e+04 9.613828480717929725e-01
1.191514013300000079e+04 9.619278148782879345e-01
1.191807234199999948e+04 9.728908201043253712e-01
1.192101674300000013e+04 9.563028956334100883e-01
1.192397333500000059e+04 9.776978717082713821e-01
1.192694211999999970e+04 9.696201917234025247e-01
1.192992309600000044e+04 9.933923320072675089e-01
1.193291626499999984e+04 9.874286491352165518e-01
1.193592162500000086e+04 9.707847617973399679e-01
1.193893917700000020e+04 9.723984042953564000e-01
1.194196892099999968e+04 9.804580410460606021e-01
1.194501085799999964e+04 9.855700666946585198e-01
1.194806498500000089e+04 9.631816714368136578e-01
1.195113130500000079e+04 9.631454505439924763e-01
1.195420981700000084e+04 9.712780075918535649e-01
1.195730052099999921e+04 9.803076690622775091e-01
1.196040341599999920e+04 9.810771441226462386e-01
1.196351850399999967e+04 9.865615506052102246e-01
1.196664578299999994e+04 9.721659858524344111e-01
1.196978525500000069e+04 9.651718524445438430e-01
1.197293691799999942e+04 9.885840927775114695e-01
1.197610077300000012e+04 9.774929269755836536e-01
1.197927681999999913e+04 9.701685574024114800e-01
1.198246505900000011e+04 9.850526157349943635e-01
1.198566548999999941e+04 9.912810069835878979e-01
1.198887811200000033e+04 9.850402207242578978e-01
1.199210292699999991e+04 9.830660283843652980e-01
1.199533993399999963e+04 9.855156706578481751e-01
1.199858913199999915e+04 9.843725674634072886e-01
1.200185052299999916e+04 9.775475920231201377e-01
1.200512410500000078e+04 9.823974632289025344e-01
1.200840987900000073e+04 9.902060720903456126e-01
1.201170784500000082e+04 9.881910469307443323e-01
1.201501800299999923e+04 9.873935712660418806e-01
1.201834035299999960e+04 9.785376118827376901e-01
1.202167489500000011e+04 9.845741416011416502e-01
1.202502162900000076e+04 9.712944546935625700e-01
1.202838055399999939e+04 9.880325736486335053e-01
1.203175167200000033e+04 9.967091853965913684e-01
1.203513498199999958e+04 9.770888978893770282e-01
1.203853048300000046e+04 9.834322950766065663e-01
1.204193817599999966e+04 9.909939700979999433e-01
1.204535806100000082e+04 9.984242403870055016e-01
1.204879013900000064e+04 9.871156488990704414e-01
1.205223440800000026e+04 9.867390607145023473e-01
1.205569086799999968e+04 9.788180477506160937e-01
1.205915952099999959e+04 9.947647245752948564e-01
1.206264036599999963e+04 1.009714748089771907e+00
1.206613340299999982e+04 9.970629001659934154e-01
1.206963863099999980e+04 9.957108946218572454e-01
1.207315605200000027e+04 9.993251687004318651e-01
1.207668566400000054e+04 9.979649487235989769e-01
1.208022746799999913e+04 9.930404317970047412e-01
1.208378146500000003e+04 1.004770245535556938e+00
1.208734765300000072e+04 1.000622980139160845e+00
1.209092603299999973e+04 1.000539704075196878e+00
1.209451660500000071e+04 9.939896988305608749e-01
1.209811936900000001e+04 1.015387400255616912e+00
1.210173432399999911e+04 1.042437529892967341e+00
1.210536147200000050e+04 1.135300709688552123e+00
1.210900081099999989e+04 1.314255643307112642e+00
1.211265234299999975e+04 1.396488130338684241e+00
1.211631606599999941e+04 1.300878975594779163e+00
1.211999198199999955e+04 1.131724054369112720e+00
1.212368008899999950e+04 1.024253249953086975e+00
1.212738038799999958e+04 1.010053061381097628e+00
1.213109287899999981e+04 9.898330622593632944e-01
1.213481756200000018e+04 9.942120517082196907e-01
1.213855443700000069e+04 9.894315825229119676e-01
1.214230350299999918e+04 1.003669808384615836e+00
1.214606476199999997e+04 1.002552130821028120e+00
1.214983821300000091e+04 1.002154928962927016e+00
1.215362385499999982e+04 9.987428942294613865e-01
1.215742168900000070e+04 9.987408022687528364e-01
1.216123171600000023e+04 1.010991383234851826e+00
1.216505393399999957e+04 1.004145317120109793e+00
1.216888834400000087e+04 1.011331075212000830e+00
1.217273494600000049e+04 1.004037763496825608e+00
1.217659374000000025e+04 1.013071274606331507e+00
1.218046472600000016e+04 1.021629785701058557e+00
1.218434790299999986e+04 1.017141766719254603e+00
1.218824327300000004e+04 1.010691798800608776e+00
1.219215083500000037e+04 1.015812618368435727e+00
1.219607058800000050e+04 1.013357823300999216e+00
1.220000253300000077e+04 1.015859555697703698e+00
1.220394667099999970e+04 1.013488223738203908e+00
1.220790300000000025e+04 1.014702173423230214e+00
1.221187152099999912e+04 1.018448865992727326e+00
1.221585223399999995e+04 1.009925907318335092e+00
1.221984513899999911e+04 1.009874318527246961e+00
1.222385023600000022e+04 1.007741676051881807e+00
1.222786752399999932e+04 1.007256618215921717e+00
1.223189700500000072e+04 1.009464921425266226e+00
1.223593867800000044e+04 1.019304658306462885e+00
1.223999254199999996e+04 1.012884735323540841e+00
1.224405859799999962e+04 1.022553235316203457e+00
1.224813684699999976e+04 1.020118519443588667e+00
1.225222728699999971e+04 1.006590945451706354e+00
1.225632991899999979e+04 1.025582326173517966e+00
1.226044474300000002e+04 1.026717983112342081e+00
1.226457175900000038e+04 1.014684409104359419e+00
1.226871096700000089e+04 1.025082048297120352e+00
1.227286236599999938e+04 1.017192888412684404e+00
1.227702595800000017e+04 1.023983552578358935e+00
1.228120174199999929e+04 1.015727971528557427e+00
1.228538971700000002e+04 1.012930011679414433e+00
1.228958988400000089e+04 1.023842856694209491e+00
1.229380224400000043e+04 1.026751832488591587e+00
1.229802679499999977e+04 1.026323763160768676e+00
1.230226353799999924e+04 1.020794864329804597e+00
1.230651247300000068e+04 1.027084739368700372e+00
1.231077360000000044e+04 1.032733486190731131e+00
1.231504691900000034e+04 1.031162754602804377e+00
1.231933242900000005e+04 1.032919519913443995e+00
1.232363013200000023e+04 1.027788624684466745e+00
1.232794002600000022e+04 1.040975999361548832e+00
1.233226211300000068e+04 1.025540041504035660e+00
1.233659639099999913e+04 1.036921234891039045e+00
1.234094286099999954e+04 1.042526879494598102e+00
1.234530152400000043e+04 1.037915259829912840e+00
1.234967237799999930e+04 1.034020378435248411e+00
1.235405542400000013e+04 1.031847788572863855e+00
1.235845066199999928e+04 1.042367529183146013e+00
1.236285809100000006e+04 1.026666474801208651e+00
1.236727771299999949e+04 1.030270949810889292e+00
1.237170952700000089e+04 1.034774316772044456e+00
1.237615353200000027e+04 1.046901441032225044e+00
1.238060973000000013e+04 1.041324497404318983e+00
1.238507811899999979e+04 1.032377529488885282e+00
1.238955869999999959e+04 1.037947190210044335e+00
1.239405147299999953e+04 1.035619613834391606e+00
1.239855643799999962e+04 1.035912659961053084e+00
1.240307359499999984e+04 1.048278403080635135e+00
1.240760294400000021e+04 1.032421538963778529e+00
1.241214448500000071e+04 1.053940737360265834e+00
1.241669821799999954e+04 1.048825643261812157e+00
1.242126414199999999e+04 1.052720136941616369e+00
1.242584225899999910e+04 1.043487999018849699e+00
1.243043256699999984e+04 1.045756374799605037e+00
1.243503506799999923e+04 1.037653305951511395e+00
1.243964976000000024e+04 1.044445190244981170e+00
1.244427664399999958e+04 1.052282745441475820e+00
1.244891572000000087e+04 1.058636848521810059e+00
1.245356698800000049e+04 1.042580766270489123e+00
1.245823044800000025e+04 1.048428115034033992e+00
1.246290610000000015e+04 1.050153842215912459e+00
1.246759394299999985e+04 1.042191548936334033e+00
1.247229397900000004e+04 1.056578674271003493e+00
1.247700620600000002e+04 1.047914646080175149e+00
1.248173062600000048e+04 1.052465045704467528e+00
1.248646723700000075e+04 1.051068221370160760e+00
1.249121603999999934e+04 1.049538330024090804e+00
1.249597703600000023e+04 1.056010641861037547e+00
1.250075022299999910e+04 1.055199016007095869e+00
1.250553560199999993e+04 1.052805791457302131e+00
1.251033317200000056e+04 1.050869670382402088e+00
1.251514293499999985e+04 1.059252484072430223e+00
1.251996488999999929e+04 1.068881831271663696e+00
1.252479903700000068e+04 1.059181564876395365e+00
1.252964537500000006e+04 1.065811934850850351e+00
