1.138059698199999912e+04 -1.833851839796951481e+03
1.138559698199999912e+04 -1.783848800962655105e+03
1.139059698199999912e+04 -1.733820336177682748e+03
1.139559698199999912e+04 -1.683827285577260454e+03
1.140059698199999912e+04 -1.633837782469232707e+03
1.140559698199999912e+04 -1.583842426944373528e+03
1.141059698199999912e+04 -1.533864233292843437e+03
1.141559698199999912e+04 -1.483850627071928557e+03
1.142059698199999912e+04 -1.433808633443738017e+03
1.142559698199999912e+04 -1.383852021988370780e+03
1.143059698199999912e+04 -1.333831096032591176e+03
1.143559698199999912e+04 -1.283819140970060744e+03
1.144059698199999912e+04 -1.233849836573294169e+03
1.144559698199999912e+04 -1.183829341772752514e+03
1.145059698199999912e+04 -1.133818358136657025e+03
1.145559698199999912e+04 -1.083830464665958971e+03
1.146059698199999912e+04 -1.033790190360587530e+03
1.146559698199999912e+04 -9.838523833499075408e+02
1.147059698199999912e+04 -9.338138812079704394e+02
1.147559698199999912e+04 -8.838301349068340187e+02
1.148059698199999912e+04 -8.338163625509059784e+02
1.148559698199999912e+04 -7.838200005655872928e+02
1.149059698199999912e+04 -7.338353224989524506e+02
1.149559698199999912e+04 -6.838209110357558984e+02
1.150059698199999912e+04 -6.338487124464418230e+02
1.150559698199999912e+04 -5.838132428231878066e+02
1.151059698199999912e+04 -5.338159901839021586e+02
1.151559698199999912e+04 -4.838097105460185503e+02
1.152059698199999912e+04 -4.338018062486038957e+02
1.152559698199999912e+04 -3.838087493312121410e+02
1.153059698199999912e+04 -3.338086364105051302e+02
1.153400000000000000e+04 -2.997899380259101463e+02
1.153500000000000000e+04 -2.897866849599478769e+02
1.153600000000000000e+04 -2.797591676798144817e+02
1.153700000000000000e+04 -2.697547814606479051e+02
1.153800000000000000e+04 -2.597767195879690121e+02
1.153900000000000000e+04 -2.497715983726551201e+02
1.154000000000000000e+04 -2.397836559627085364e+02
1.154100000000000000e+04 -2.297535028782128563e+02
1.154120000000000073e+04 -2.277601279750199126e+02
1.154139999999999964e+04 -2.257426607461566164e+02
1.154160000000000036e+04 -2.237807341047840168e+02
1.154179999999999927e+04 -2.217724662154193140e+02
1.154200000000000000e+04 -2.197651609217329849e+02
1.154220000000000073e+04 -2.177590501570245181e+02
1.154239999999999964e+04 -2.157691840350997268e+02
1.154260000000000036e+04 -2.137787341480095051e+02
1.154279999999999927e+04 -2.117545430623144682e+02
1.154300000000000000e+04 -2.097564660730995172e+02
1.154320000000000073e+04 -2.077783915715915271e+02
1.154339999999999964e+04 -2.057465559665718899e+02
1.154360000000000036e+04 -2.037483109231204423e+02
1.154379999999999927e+04 -2.017624351211927376e+02
1.154400000000000000e+04 -1.997627726408879596e+02
1.154420000000000073e+04 -1.977573520524980211e+02
1.154439999999999964e+04 -1.957752894718188941e+02
1.154460000000000036e+04 -1.937625750789863446e+02
1.154479999999999927e+04 -1.917925136975434555e+02
1.154500000000000000e+04 -1.897504714101789602e+02
1.154520000000000073e+04 -1.877834486103695610e+02
1.154539999999999964e+04 -1.857403471240128283e+02
1.154560000000000036e+04 -1.837652443819336554e+02
1.154579999999999927e+04 -1.817634091347719902e+02
1.154600000000000000e+04 -1.797683633130342002e+02
1.154620000000000073e+04 -1.777631689680388263e+02
1.154639999999999964e+04 -1.757389313113202149e+02
1.154660000000000036e+04 -1.737925431034762767e+02
1.154679999999999927e+04 -1.717397917984455091e+02
1.154700000000000000e+04 -1.697528930942793863e+02
1.154720000000000073e+04 -1.677743763294116093e+02
1.154739999999999964e+04 -1.657705474865203428e+02
1.154760000000000036e+04 -1.637314997171203856e+02
1.154779999999999927e+04 -1.617681969222972214e+02
1.154800000000000000e+04 -1.597701226861836972e+02
1.154820000000000073e+04 -1.577373805244015728e+02
1.154839999999999964e+04 -1.557483276124150962e+02
1.154860000000000036e+04 -1.537649437721488823e+02
1.154879999999999927e+04 -1.517482095399405466e+02
1.154900000000000000e+04 -1.497647821301922022e+02
1.154920000000000073e+04 -1.477354977089420061e+02
1.154939999999999964e+04 -1.457349997685627727e+02
1.154960000000000036e+04 -1.437414640726646837e+02
1.154979999999999927e+04 -1.417422406148917844e+02
1.155000000000000000e+04 -1.397222240341736494e+02
1.155020000000000073e+04 -1.377465072607097341e+02
1.155039999999999964e+04 -1.357622383559544232e+02
1.155060000000000036e+04 -1.337379956821297071e+02
1.155079999999999927e+04 -1.317152751648561946e+02
1.155100000000000000e+04 -1.297565465250782779e+02
1.155120000000000073e+04 -1.277467637924978163e+02
1.155139999999999964e+04 -1.257350564681547525e+02
1.155160000000000036e+04 -1.237398275111455348e+02
1.155179999999999927e+04 -1.217521528555758010e+02
1.155200000000000000e+04 -1.197213497936246256e+02
1.155220000000000073e+04 -1.177040358728322360e+02
1.155239999999999964e+04 -1.157332269597528409e+02
1.155260000000000036e+04 -1.137475343416249416e+02
1.155279999999999927e+04 -1.117538898446639450e+02
1.155300000000000000e+04 -1.097260239535505946e+02
1.155320000000000073e+04 -1.077147226391697643e+02
1.155339999999999964e+04 -1.057221827683222415e+02
1.155360000000000036e+04 -1.037258697602136976e+02
1.155379999999999927e+04 -1.017333444416725001e+02
1.155400000000000000e+04 -9.973858942849292930e+01
1.155420000000000073e+04 -9.770931507290876539e+01
1.155439999999999964e+04 -9.570818828141642598e+01
1.155460000000000036e+04 -9.374148180990565038e+01
1.155479999999999927e+04 -9.169429340264774453e+01
1.155500000000000000e+04 -8.970598256590992037e+01
1.155520000000000073e+04 -8.769318306060634427e+01
1.155539999999999964e+04 -8.572997903814129472e+01
1.155560000000000036e+04 -8.372734014417125081e+01
1.155579999999999927e+04 -8.170845825762614822e+01
1.155600000000000000e+04 -7.969659791957582229e+01
1.155620000000000073e+04 -7.767656477271432891e+01
1.155639999999999964e+04 -7.568934080332790870e+01
1.155660000000000036e+04 -7.369978525088957610e+01
1.155679999999999927e+04 -7.170751772048865291e+01
1.155700000000000000e+04 -6.967283163144247737e+01
1.155720000000000073e+04 -6.769975462827831336e+01
1.155739999999999964e+04 -6.566028390619190702e+01
1.155760000000000036e+04 -6.368230986088196488e+01
1.155779999999999927e+04 -6.165406537701066014e+01
1.155800000000000000e+04 -5.966321944476805328e+01
1.155820000000000073e+04 -5.767031607314089570e+01
1.155839999999999964e+04 -5.567085956484263676e+01
1.155860000000000036e+04 -5.366417835006402726e+01
1.155879999999999927e+04 -5.164821974906946878e+01
1.155900000000000000e+04 -4.964737132710783385e+01
1.155920000000000073e+04 -4.765164248741521646e+01
1.155939999999999964e+04 -4.563794092106567035e+01
1.155960000000000036e+04 -4.362918491653433506e+01
1.155979999999999927e+04 -4.165205587891730943e+01
1.156000000000000000e+04 -3.960908909022990798e+01
1.156020000000000073e+04 -3.762136655338129287e+01
1.156039999999999964e+04 -3.561483516972290886e+01
1.156060000000000036e+04 -3.361342239631397888e+01
1.156079999999999927e+04 -3.160490912504452510e+01
1.156100000000000000e+04 -2.958791702564662529e+01
1.156120000000000073e+04 -2.756895103426854376e+01
1.156139999999999964e+04 -2.551883201485059161e+01
1.156160000000000036e+04 -2.354058844521702909e+01
1.156179999999999927e+04 -2.151551472932020914e+01
1.156200000000000000e+04 -1.949669555705715140e+01
1.156220000000000073e+04 -1.748284799843417758e+01
1.156239999999999964e+04 -1.546866995159397540e+01
1.156260000000000036e+04 -1.346571916698412075e+01
1.156279999999999927e+04 -1.140773391127637382e+01
1.156300000000000000e+04 -9.379942318745944974e+00
1.156320000000000073e+04 -7.406107426220859935e+00
1.156339999999999964e+04 -5.372351699101937328e+00
1.156360000000000036e+04 -3.335156372560041049e+00
1.156379999999999927e+04 -1.317097047078418459e+00
1.156400000000000000e+04 7.316118224949829107e-01
1.156420000000000073e+04 2.743955837135608977e+00
1.156439999999999964e+04 4.813424535364611678e+00
1.156460000000000036e+04 6.829002008765043819e+00
1.156479999999999927e+04 8.846675620091652092e+00
1.156500000000000000e+04 1.088620531662398250e+01
1.156520000000000073e+04 1.291495892026893344e+01
1.156539999999999964e+04 1.491969799416505360e+01
1.156560000000000036e+04 1.694066147726378802e+01
1.156579999999999927e+04 1.897734305118880371e+01
1.156600000000000000e+04 2.101187877361557099e+01
1.156620000000000073e+04 2.302158139772025081e+01
1.156639999999999964e+04 2.501464769942934296e+01
1.156660000000000036e+04 2.704150228891194274e+01
1.156679999999999927e+04 2.906589739052515853e+01
1.156700000000000000e+04 3.107795573005454770e+01
1.156720000000000073e+04 3.311689311006063718e+01
1.156739999999999964e+04 3.507818922572138831e+01
1.156760000000000036e+04 3.710924962156079232e+01
1.156779999999999927e+04 3.912869992752860782e+01
1.156800000000000000e+04 4.114193528648176112e+01
1.156820000000000073e+04 4.310604439300681889e+01
1.156839999999999964e+04 4.511958452810964815e+01
1.156860000000000036e+04 4.711823501789118041e+01
1.156879999999999927e+04 4.911033053555415506e+01
1.156900000000000000e+04 5.110267845239483364e+01
1.156920000000000073e+04 5.310710630225803897e+01
1.156939999999999964e+04 5.506142238383639409e+01
1.156960000000000036e+04 5.709916809266209015e+01
1.156979999999999927e+04 5.908430503476731133e+01
1.157000000000000000e+04 6.107168875178449241e+01
1.157020000000000073e+04 6.309591004577158913e+01
1.157039999999999964e+04 6.505069034153989094e+01
1.157060000000000036e+04 6.704572896785717262e+01
1.157079999999999927e+04 6.907033299181986763e+01
1.157100000000000000e+04 7.102249932095274687e+01
1.157120000000000073e+04 7.301816723608882853e+01
1.157139999999999964e+04 7.501510288958948536e+01
1.157160000000000036e+04 7.702054524034357996e+01
1.157179999999999927e+04 7.900478660028136346e+01
1.157200000000000000e+04 8.097663170608632299e+01
1.157220000000000073e+04 8.297964241109397676e+01
1.157239999999999964e+04 8.497130969367096043e+01
1.157260000000000036e+04 8.697149651367472245e+01
1.157279999999999927e+04 8.897241557324682049e+01
1.157300000000000000e+04 9.096685016908584487e+01
1.157320000000000073e+04 9.293037393987633266e+01
1.157339999999999964e+04 9.496412394650985789e+01
1.157360000000000036e+04 9.694856753494698864e+01
1.157379999999999927e+04 9.895911936435113887e+01
1.157400000000000000e+04 1.009412833639943727e+02
1.157420000000000073e+04 1.029468706366431547e+02
1.157439999999999964e+04 1.049341009055649891e+02
1.157460000000000036e+04 1.069423596377606032e+02
1.157479999999999927e+04 1.089277325485527967e+02
1.157500000000000000e+04 1.109161383687043951e+02
1.157520000000000073e+04 1.129461166306853102e+02
1.157539999999999964e+04 1.149248626450168729e+02
1.157560000000000036e+04 1.169180156188780586e+02
1.157579999999999927e+04 1.188900132505450813e+02
1.157600000000000000e+04 1.208880617137461968e+02
1.157620000000000073e+04 1.229084352718323174e+02
1.157639999999999964e+04 1.249059546608294227e+02
1.157660000000000036e+04 1.268933252186455860e+02
1.157679999999999927e+04 1.289032311943199431e+02
1.157700000000000000e+04 1.309222778279377621e+02
1.157720000000000073e+04 1.329090318209285613e+02
1.157739999999999964e+04 1.348837905663612275e+02
1.157760000000000036e+04 1.368978494568188466e+02
1.157779999999999927e+04 1.388881911594671408e+02
1.157800000000000000e+04 1.408940954831163594e+02
1.157820000000000073e+04 1.428938437554431005e+02
1.157839999999999964e+04 1.448928104057412440e+02
1.157860000000000036e+04 1.468831473884995660e+02
1.157879999999999927e+04 1.488993424594905264e+02
1.157900000000000000e+04 1.508937148116837648e+02
1.157920000000000073e+04 1.528615085252981487e+02
1.157939999999999964e+04 1.549308541891114146e+02
1.157960000000000036e+04 1.569177340243969923e+02
1.157979999999999927e+04 1.588973149062358061e+02
1.158000000000000000e+04 1.609047083091872423e+02
1.158020000000000073e+04 1.628869036851474732e+02
1.158039999999999964e+04 1.649279206685924066e+02
1.158060000000000036e+04 1.669315036705533828e+02
1.158079999999999927e+04 1.689074820264259529e+02
1.158100000000000000e+04 1.709182611103297802e+02
1.158120000000000073e+04 1.729080549028762732e+02
1.158139999999999964e+04 1.748860304516571205e+02
1.158160000000000036e+04 1.768981271900129286e+02
1.158179999999999927e+04 1.789060163035778714e+02
1.158200000000000000e+04 1.808978303577153781e+02
1.158220000000000073e+04 1.828999426698151467e+02
1.158239999999999964e+04 1.849010674271626158e+02
1.158260000000000036e+04 1.869004006723974669e+02
1.158279999999999927e+04 1.889003751793542278e+02
1.158300000000000000e+04 1.908844960727668365e+02
1.158320000000000073e+04 1.928886309782064643e+02
1.158339999999999964e+04 1.948794957031328465e+02
1.158360000000000036e+04 1.969102485300001035e+02
1.158379999999999927e+04 1.988662583418038707e+02
1.158400000000000000e+04 2.009112364339526096e+02
1.158420000000000073e+04 2.029132211368672074e+02
1.158439999999999964e+04 2.048893730873305117e+02
1.158460000000000036e+04 2.068558016015621490e+02
1.158479999999999927e+04 2.088866860377042372e+02
1.158500000000000000e+04 2.108897515962554507e+02
1.158520000000000073e+04 2.128756010156168657e+02
1.158539999999999964e+04 2.148829040907743320e+02
1.158560000000000036e+04 2.169105098463019772e+02
1.158579999999999927e+04 2.188979809571179374e+02
1.158600000000000000e+04 2.208766467101827118e+02
1.158620000000000073e+04 2.228664275185173835e+02
1.158639999999999964e+04 2.248841877719632123e+02
1.158660000000000036e+04 2.268858569041243811e+02
1.158679999999999927e+04 2.288964277053869409e+02
1.158700000000000000e+04 2.308809484695794936e+02
1.158720000000000073e+04 2.328963076875811566e+02
1.158739999999999964e+04 2.349167689977938664e+02
1.158760000000000036e+04 2.369020864142548533e+02
1.158779999999999927e+04 2.388905123442714853e+02
1.158800000000000000e+04 2.408900389205908823e+02
1.158820000000000073e+04 2.428883612199941240e+02
1.158839999999999964e+04 2.449092415256823756e+02
1.158860000000000036e+04 2.468852111512407816e+02
1.158879999999999927e+04 2.488952918372500278e+02
1.158900000000000000e+04 2.508993978557581954e+02
1.158920000000000073e+04 2.528907432687647372e+02
1.158939999999999964e+04 2.548803060397405034e+02
1.158960000000000036e+04 2.569043861112262448e+02
1.158979999999999927e+04 2.589016508365583036e+02
1.159000000000000000e+04 2.609095665291953878e+02
1.159020000000000073e+04 2.628963429702514532e+02
1.159039999999999964e+04 2.649233870743022408e+02
1.159060000000000036e+04 2.668953572230016107e+02
1.159079999999999927e+04 2.689326775039658628e+02
1.159100000000000000e+04 2.708859778080092724e+02
1.159120000000000073e+04 2.729173790435427804e+02
1.159139999999999964e+04 2.749197000958917556e+02
1.159160000000000036e+04 2.769048055442606255e+02
1.159179999999999927e+04 2.789230446971351967e+02
1.159200000000000000e+04 2.809373327976971382e+02
1.159220000000000073e+04 2.828909138428378469e+02
1.159239999999999964e+04 2.849301209673070616e+02
1.159260000000000036e+04 2.868910064318178570e+02
1.159279999999999927e+04 2.889120408226951326e+02
1.159300000000000000e+04 2.909497820143537297e+02
1.159320000000000073e+04 2.929216551791834604e+02
1.159339999999999964e+04 2.949152417835345545e+02
1.159360000000000036e+04 2.969284586733499509e+02
1.159379999999999927e+04 2.989615354316077855e+02
1.159400000000000000e+04 3.009077090043901990e+02
1.159420000000000073e+04 3.029190432221506057e+02
1.159439999999999964e+04 3.049562811213289706e+02
1.159460000000000036e+04 3.069611350380603199e+02
1.159479999999999927e+04 3.089324861967962192e+02
1.159500000000000000e+04 3.109180793956777507e+02
1.159520000000000073e+04 3.129637622093338791e+02
1.159539999999999964e+04 3.149570917533508805e+02
1.159560000000000036e+04 3.169444673322154813e+02
1.159579999999999927e+04 3.189242671846330950e+02
1.159600000000000000e+04 3.209343906873103833e+02
1.159620000000000073e+04 3.229308893506920981e+02
1.159639999999999964e+04 3.249371492099732563e+02
1.159660000000000036e+04 3.269521370218998868e+02
1.159679999999999927e+04 3.289442663383354670e+02
1.159700000000000000e+04 3.309156820769231331e+02
1.159770000000000073e+04 3.379455821383769489e+02
1.159839999999999964e+04 3.449271442504067977e+02
1.159910000000000036e+04 3.519284020865036950e+02
1.159979999999999927e+04 3.589352830160111125e+02
1.160050000000000000e+04 3.658961194505724848e+02
1.160120000000000073e+04 3.729081961143616013e+02
1.160189999999999964e+04 3.798987821226744472e+02
1.160260000000000036e+04 3.868825672772720736e+02
1.160329999999999927e+04 3.939072951193818994e+02
1.160499369499999921e+04 4.108700256930630985e+02
1.160599958300000071e+04 4.208675267829345330e+02
1.160701766200000020e+04 4.310725964982049732e+02
1.160804793299999983e+04 4.413848472658532387e+02
1.160909039599999960e+04 4.518034591098334545e+02
1.161014505099999951e+04 4.623499596430153815e+02
1.161121189799999956e+04 4.730059913972817753e+02
1.161229093699999976e+04 4.838229572098271660e+02
1.161338216699999975e+04 4.947268958142076372e+02
1.161448559000000023e+04 5.057470799487132922e+02
1.161560120400000051e+04 5.169561490646461834e+02
1.161672901099999945e+04 5.282369146907939239e+02
1.161786900900000001e+04 5.396288607501825254e+02
1.161902119900000071e+04 5.511573655846086695e+02
1.162018558200000007e+04 5.628153325429383358e+02
1.162136215599999923e+04 5.745713192394472344e+02
1.162255092200000036e+04 5.864678328855006839e+02
1.162375187899999946e+04 5.984605260777282183e+02
1.162496502900000087e+04 6.106135946543766977e+02
1.162619037100000060e+04 6.228503426899953865e+02
1.162742790400000013e+04 6.352215426949836683e+02
1.162867763000000014e+04 6.476953102057354954e+02
1.162993954699999995e+04 6.603342870445572999e+02
1.163121365700000024e+04 6.730571857543161514e+02
1.163249995800000033e+04 6.859199353652254558e+02
1.163379845100000057e+04 6.989003463583165967e+02
1.163510913599999913e+04 7.120012175014439890e+02
1.163643201299999964e+04 7.252709984384375730e+02
1.163776708200000030e+04 7.386079152081169923e+02
1.163911434200000076e+04 7.520863508332504352e+02
1.164047379499999988e+04 7.656350534597382875e+02
1.164184543999999914e+04 7.793666759165060967e+02
1.164322927600000003e+04 7.931832332254284665e+02
1.164462530499999957e+04 8.071499880242799918e+02
1.164603352500000074e+04 8.212285540535698374e+02
1.164745393700000022e+04 8.354607554828470484e+02
1.164888654099999985e+04 8.497637529528477671e+02
1.165033133699999962e+04 8.642321210395010667e+02
1.165178832499999953e+04 8.787972982826635189e+02
1.165325750499999958e+04 8.935141738235090543e+02
1.165473887699999977e+04 9.082769928163089617e+02
1.165623243999999977e+04 9.232537690402722319e+02
1.165773819600000024e+04 9.383119343036848932e+02
1.165925614300000052e+04 9.534646499648255258e+02
1.166078628299999946e+04 9.687961496785740110e+02
1.166232861400000002e+04 9.842125623873597533e+02
1.166388313700000072e+04 9.997512437437006838e+02
1.166544985199999974e+04 1.015411968441212935e+03
1.166702875900000072e+04 1.031203508153400890e+03
1.166861985800000002e+04 1.047153373867254459e+03
1.167022314899999947e+04 1.063158783808966973e+03
1.167183863200000087e+04 1.079324766201168131e+03
1.167346630700000060e+04 1.095579506765170436e+03
1.167510617300000013e+04 1.111979103732423255e+03
1.167675823200000013e+04 1.128526147609135933e+03
1.167842248199999995e+04 1.145135525132841167e+03
1.168009892399999990e+04 1.161913029764807106e+03
1.168178755799999999e+04 1.178806441373529651e+03
1.168348838500000056e+04 1.195817014997622891e+03
1.168520140299999912e+04 1.212944005927770604e+03
1.168692661299999963e+04 1.230204392238799073e+03
1.168866401399999995e+04 1.247582677179035272e+03
1.169041360800000075e+04 1.265078629701195041e+03
1.169217539399999987e+04 1.282672755021018702e+03
1.169394937100000061e+04 1.300421043191240187e+03
1.169573554100000001e+04 1.318302355736383106e+03
1.169753390199999922e+04 1.336280350308674542e+03
1.169934445500000038e+04 1.354353130845674514e+03
1.170116720100000020e+04 1.372602258464624128e+03
1.170300213799999983e+04 1.390918117696112404e+03
1.170484926699999960e+04 1.409416967358740067e+03
1.170670858799999951e+04 1.428035062761887275e+03
1.170858009999999922e+04 1.446710895475720690e+03
1.171046380499999941e+04 1.465548942331910212e+03
1.171235970199999974e+04 1.484531832945209089e+03
1.171426778999999988e+04 1.503581571421026638e+03
1.171618807100000049e+04 1.522798991653681242e+03
1.171812054300000091e+04 1.542142705700465967e+03
1.172006520699999965e+04 1.561574003621909469e+03
1.172202206400000068e+04 1.581150101032109205e+03
1.172399111199999970e+04 1.600856053477598607e+03
1.172597235200000068e+04 1.620666247018830063e+03
1.172796578399999999e+04 1.640600448214610651e+03
1.172997140700000091e+04 1.660649034467529418e+03
1.173198922300000049e+04 1.680838169949911844e+03
1.173401923100000022e+04 1.701133856685385126e+03
1.173606142999999975e+04 1.721564356903529415e+03
1.173811582199999975e+04 1.742095725833541564e+03
1.174018240499999956e+04 1.762766830677806183e+03
1.174226117999999951e+04 1.783543830224160502e+03
1.174435214799999994e+04 1.804467325421544274e+03
1.174645530700000018e+04 1.825487931423898544e+03
1.174857065800000055e+04 1.846639044939219275e+03
1.175069820099999924e+04 1.867933520333738670e+03
1.175283793499999956e+04 1.889330391234323315e+03
1.175498986200000036e+04 1.910857984071193187e+03
1.175715398099999948e+04 1.932482429392355698e+03
1.175933029100000022e+04 1.954255407718216020e+03
1.176151879399999962e+04 1.976141978823071668e+03
1.176371948800000064e+04 1.998145970471419560e+03
1.176593237399999998e+04 2.020256063856787250e+03
1.176815745299999980e+04 2.042518743164729131e+03
1.177039472299999943e+04 2.064893747719077510e+03
1.177264418499999920e+04 2.087382191607042387e+03
1.177490583800000059e+04 2.109969428914833316e+03
1.177717968400000063e+04 2.132738794889217843e+03
1.177946572200000082e+04 2.155626966469974377e+03
1.178176395199999934e+04 2.178574412410376681e+03
1.178407437299999947e+04 2.201673619864251123e+03
1.178639698700000008e+04 2.224916172019080932e+03
1.178873179200000050e+04 2.248264833347568128e+03
1.179107878899999923e+04 2.271748172410142161e+03
1.179343797799999993e+04 2.295306657184779397e+03
1.179580935900000077e+04 2.319049753012196561e+03
1.179819293199999993e+04 2.342885502732764053e+03
1.180058869699999923e+04 2.366834809417669021e+03
1.180299665400000049e+04 2.390923081953467317e+03
1.180541680300000007e+04 2.415136295548138150e+03
1.180784914299999946e+04 2.439458676629217734e+03
1.181029367599999932e+04 2.463878699815371419e+03
1.181275040000000081e+04 2.488474783826256498e+03
1.181521931699999914e+04 2.513152891126748727e+03
1.181770042500000091e+04 2.537966513087187195e+03
1.182019372499999918e+04 2.562899707558437058e+03
1.182269921699999941e+04 2.587951293478689422e+03
1.182521690099999978e+04 2.613145538121056234e+03
1.182774677700000029e+04 2.638426472828727128e+03
1.183028884499999913e+04 2.663831196169332088e+03
1.183284310499999992e+04 2.689382989891541911e+03
1.183540955600000052e+04 2.715054388940364788e+03
1.183798819999999978e+04 2.740853925768201862e+03
1.184057903500000066e+04 2.766753186126759374e+03
1.184318206199999986e+04 2.792762224978247559e+03
1.184579728199999954e+04 2.818961559904690603e+03
1.184842469300000084e+04 2.845203953334118978e+03
1.185106429600000047e+04 2.871614227231792484e+03
1.185371609100000023e+04 2.898112356311116855e+03
1.185638007800000014e+04 2.924763137427156380e+03
1.185905625599999985e+04 2.951529234006159641e+03
1.186174462700000004e+04 2.978418351394676392e+03
1.186444519000000037e+04 3.005423162720242999e+03
1.186715794400000050e+04 3.032547822741397340e+03
1.186988289099999929e+04 3.059782303525456427e+03
1.187262002899999970e+04 3.087151343884454036e+03
1.187536935900000026e+04 3.114658349895993524e+03
1.187813088099999914e+04 3.142283146632439639e+03
1.188090459499999997e+04 3.170005826814506236e+03
1.188369050099999913e+04 3.197884087844895021e+03
1.188648859900000025e+04 3.225871525996989021e+03
1.188929888899999969e+04 3.253943317222649057e+03
1.189212137099999927e+04 3.282169483477096037e+03
1.189495604400000047e+04 3.310527263409484931e+03
1.189780291000000034e+04 3.339002910547922511e+03
1.190066196700000000e+04 3.367582365582121383e+03
1.190353321700000015e+04 3.396320545854086049e+03
1.190641665800000010e+04 3.425142268314685225e+03
1.190931229100000019e+04 3.454091894664978099e+03
1.191222011600000042e+04 3.483149114008258493e+03
1.191514013300000079e+04 3.512350631671820793e+03
1.191807234199999948e+04 3.541694716666031582e+03
1.192101674300000013e+04 3.571105390099607121e+03
1.192397333500000059e+04 3.600714462743558670e+03
1.192694211999999970e+04 3.630386095228554950e+03
1.192992309600000044e+04 3.660243158216969277e+03
1.193291626499999984e+04 3.690162376572448920e+03
1.193592162500000086e+04 3.720182058636052716e+03
1.193893917700000020e+04 3.750359682409195102e+03
1.194196892099999968e+04 3.780672784809728910e+03
1.194501085799999964e+04 3.811102137945547383e+03
1.194806498500000089e+04 3.841597844287784028e+03
1.195113130500000079e+04 3.872259949798475191e+03
1.195420981700000084e+04 3.903061237033877660e+03
1.195730052099999921e+04 3.933985621324981821e+03
1.196040341599999920e+04 3.965014714985630690e+03
1.196351850399999967e+04 3.996175016742004118e+03
1.196664578299999994e+04 4.027417659145219659e+03
1.196978525500000069e+04 4.058797619920730085e+03
1.197293691799999942e+04 4.090359618243724071e+03
1.197610077300000012e+04 4.121975364949801587e+03
1.197927681999999913e+04 4.153720233592483055e+03
1.198246505900000011e+04 4.185632462831148587e+03
1.198566548999999941e+04 4.217647458731655206e+03
1.198887811200000033e+04 4.249761065941915149e+03
1.199210292699999991e+04 4.282004883453565526e+03
1.199533993399999963e+04 4.314379438358767402e+03
1.199858913199999915e+04 4.346868779625238858e+03
1.200185052299999916e+04 4.379469061076769322e+03
1.200512410500000078e+04 4.412214085582657390e+03
1.200840987900000073e+04 4.445088162913111773e+03
1.201170784500000082e+04 4.478064392256665997e+03
1.201501800299999923e+04 4.511164077552433810e+03
1.201834035299999960e+04 4.544370630750094278e+03
1.202167489500000011e+04 4.577727690108444222e+03
1.202502162900000076e+04 4.611167893567247120e+03
1.202838055399999939e+04 4.644790165087561036e+03
1.203175167200000033e+04 4.678518649458948858e+03
1.203513498199999958e+04 4.712311986138915017e+03
1.203853048300000046e+04 4.746279458231151693e+03
1.204193817599999966e+04 4.780370254332394325e+03
1.204535806100000082e+04 4.814582899182193614e+03
1.204879013900000064e+04 4.848880552866447943e+03
1.205223440800000026e+04 4.883321141453585369e+03
1.205569086799999968e+04 4.917868942280409101e+03
1.205915952099999959e+04 4.952585739652010488e+03
1.206264036599999963e+04 4.987422533937964545e+03
1.206613340299999982e+04 5.022327992846237976e+03
1.206963863099999980e+04 5.057376810180372559e+03
1.207315605200000027e+04 5.092556984693296727e+03
1.207668566400000054e+04 5.127849401257056343e+03
1.208022746799999913e+04 5.163256926353677045e+03
1.208378146500000003e+04 5.198819925344404510e+03
1.208734765300000072e+04 5.234473483368369671e+03
1.209092603299999973e+04 5.270255722451884139e+03
1.209451660500000071e+04 5.306147978108882853e+03
1.209811936900000001e+04 5.342212765690785091e+03
1.210173432399999911e+04 5.378384904625790114e+03
1.210536147200000050e+04 5.414740776976373127e+03
1.210900081099999989e+04 5.451323855341111994e+03
1.211265234299999975e+04 5.487910984901348456e+03
1.211631606599999941e+04 5.524450598825877933e+03
1.211999198199999955e+04 5.561040721621641751e+03
1.212368008899999950e+04 5.597807278142007817e+03
1.212738038799999958e+04 5.634811565662233079e+03
1.213109287899999981e+04 5.671900267673805502e+03
1.213481756200000018e+04 5.709155614365778092e+03
1.213855443700000069e+04 5.746513678305032954e+03
1.214230350299999918e+04 5.784032320562986570e+03
1.214606476199999997e+04 5.821643310203596229e+03
1.214983821300000091e+04 5.859376163500925941e+03
1.215362385499999982e+04 5.897224174652181318e+03
1.215742168900000070e+04 5.935201576445938372e+03
1.216123171600000023e+04 5.973325395786322588e+03
1.216505393399999957e+04 6.011533661068739093e+03
1.216888834400000087e+04 6.049890913626448310e+03
1.217273494600000049e+04 6.088341278238820450e+03
1.217659374000000025e+04 6.126945599570603918e+03
1.218046472600000016e+04 6.165671753030166656e+03
1.218434790299999986e+04 6.204494028696309215e+03
1.218824327300000004e+04 6.243434322548730961e+03
1.219215083500000037e+04 6.282519662744017296e+03
1.219607058800000050e+04 6.321711250014110192e+03
1.220000253300000077e+04 6.361034884116927060e+03
1.220394667099999970e+04 6.400471543228090923e+03
1.220790300000000025e+04 6.440037124782767023e+03
1.221187152099999912e+04 6.479728649335223963e+03
1.221585223399999995e+04 6.519518866324661758e+03
1.221984513899999911e+04 6.559447668808425078e+03
1.222385023600000022e+04 6.599493884649118627e+03
1.222786752399999932e+04 6.639664772760953383e+03
1.223189700500000072e+04 6.679964403755006060e+03
1.223593867800000044e+04 6.720400469878686636e+03
1.223999254199999996e+04 6.760925360412719783e+03
1.224405859799999962e+04 6.801605290490129846e+03
1.224813684699999976e+04 6.842381987615366597e+03
1.225222728699999971e+04 6.883258942715869125e+03
1.225632991899999979e+04 6.924322386085450489e+03
1.226044474300000002e+04 6.965472799990631756e+03
1.226457175900000038e+04 7.006718384140132912e+03
1.226871096700000089e+04 7.048130615632780973e+03
1.227286236599999938e+04 7.089627831245752532e+03
1.227702595800000017e+04 7.131277109862051475e+03
1.228120174199999929e+04 7.173017216691398971e+03
1.228538971700000002e+04 7.214890465149496777e+03
1.228958988400000089e+04 7.256912775158293698e+03
1.229380224400000043e+04 7.299041036731595341e+03
1.229802679499999977e+04 7.341284178742107542e+03
1.230226353799999924e+04 7.383640590372260704e+03
1.230651247300000068e+04 7.426141619487834760e+03
1.231077360000000044e+04 7.468763131172459907e+03
1.231504691900000034e+04 7.511492531308476828e+03
1.231933242900000005e+04 7.554350920392132139e+03
1.232363013200000023e+04 7.597316870391791781e+03
1.232794002600000022e+04 7.640441713165302644e+03
1.233226211300000068e+04 7.683630839991184985e+03
1.233659639099999913e+04 7.726996482632858715e+03
1.234094286099999954e+04 7.770471554487346111e+03
1.234530152400000043e+04 7.814048673526229322e+03
1.234967237799999930e+04 7.857748540756156217e+03
1.235405542400000013e+04 7.901574527686333568e+03
1.235845066199999928e+04 7.945548220069097624e+03
1.236285809100000006e+04 7.989589730854039772e+03
1.236727771299999949e+04 8.033792648058831219e+03
1.237170952700000089e+04 8.078119213313013461e+03
1.237615353200000027e+04 8.122582673213784801e+03
1.238060973000000013e+04 8.167133089075218777e+03
1.238507811899999979e+04 8.211798651032369889e+03
1.238955869999999959e+04 8.256614542081550098e+03
1.239405147299999953e+04 8.301537793642726683e+03
1.239855643799999962e+04 8.346587030341066566e+03
1.240307359499999984e+04 8.391782618498764350e+03
1.240760294400000021e+04 8.437043923355657171e+03
1.241214448500000071e+04 8.482501453422133636e+03
1.241669821799999954e+04 8.528028215862006618e+03
1.242126414199999999e+04 8.573693123965258565e+03
1.242584225899999910e+04 8.619454252764311605e+03
1.243043256699999984e+04 8.665361723400015762e+03
1.243503506799999923e+04 8.711369695419438358e+03
1.243964976000000024e+04 8.757529654322032002e+03
1.244427664399999958e+04 8.803813339558231746e+03
1.244891572000000087e+04 8.850215965604449593e+03
1.245356698800000049e+04 8.896695895749120609e+03
1.245823044800000025e+04 8.943341433927160324e+03
1.246290610000000015e+04 8.990101116721678409e+03
1.246759394299999985e+04 9.036962916886925086e+03
1.247229397900000004e+04 9.083991382049138338e+03
1.247700620600000002e+04 9.131095829455907733e+03
1.248173062600000048e+04 9.178348194257780051e+03
1.248646723700000075e+04 9.225711082866315337e+03
1.249121603999999934e+04 9.273195198370452999e+03
1.249597703600000023e+04 9.320817002070431045e+03
1.250075022299999910e+04 9.368546567972194680e+03
1.250553560199999993e+04 9.416396834551702341e+03
1.251033317200000056e+04 9.464368080237638424e+03
1.251514293499999985e+04 9.512481304422895846e+03
1.251996488999999929e+04 9.560719676896727833e+03
1.252479903700000068e+04 9.609040912582473538e+03
1.252964537500000006e+04 9.657516805656759971e+03
