1.138059698199999912e+04 1.823961711266997854e-01
1.138559698199999912e+04 1.942042445399823070e-01
1.139059698199999912e+04 1.849298977583906933e-01
1.139559698199999912e+04 1.818664652509413004e-01
1.140059698199999912e+04 1.878164384478186733e-01
1.140559698199999912e+04 2.017991930462542938e-01
1.141059698199999912e+04 2.005933343701096772e-01
1.141559698199999912e+04 1.960719662899021443e-01
1.142059698199999912e+04 1.844483911572180612e-01
1.142559698199999912e+04 1.945379608323795084e-01
1.143059698199999912e+04 1.985487849115867287e-01
1.143559698199999912e+04 1.982977209819811737e-01
1.144059698199999912e+04 1.849572105217163476e-01
1.144559698199999912e+04 1.921119346772704184e-01
1.145059698199999912e+04 1.983839886592956570e-01
1.145559698199999912e+04 2.032570888266167219e-01
1.146059698199999912e+04 1.850376901462444934e-01
1.146559698199999912e+04 1.997905979493008466e-01
1.147059698199999912e+04 2.026219374070488133e-01
1.147559698199999912e+04 2.083244284210514496e-01
1.148059698199999912e+04 2.079226364194159682e-01
1.148559698199999912e+04 2.081010171536979703e-01
1.149059698199999912e+04 1.994735024593143891e-01
1.149559698199999912e+04 1.928795635535236475e-01
1.150059698199999912e+04 2.044844599244337591e-01
1.150559698199999912e+04 2.155180762779173309e-01
1.151059698199999912e+04 2.197116400735089625e-01
1.151559698199999912e+04 2.165433927850623219e-01
1.152059698199999912e+04 2.166885143000600589e-01
1.152559698199999912e+04 2.189674042480444505e-01
1.153059698199999912e+04 2.156396686931306150e-01
1.153400000000000000e+04 2.213674733159650687e-01
1.153500000000000000e+04 2.347439923062400735e-01
1.153600000000000000e+04 2.178619837908300494e-01
1.153700000000000000e+04 2.365050395166207742e-01
1.153800000000000000e+04 2.243485150175243414e-01
1.153900000000000000e+04 2.369456537210766767e-01
1.154000000000000000e+04 2.191315834431593057e-01
1.154100000000000000e+04 2.343081924165871521e-01
1.154120000000000073e+04 2.255495990973022946e-01
1.154139999999999964e+04 2.206417271032671268e-01
1.154160000000000036e+04 2.329480968928928641e-01
1.154179999999999927e+04 2.397634319205320941e-01
1.154200000000000000e+04 2.257796320551731795e-01
1.154220000000000073e+04 2.216095117746879339e-01
1.154239999999999964e+04 2.331676377509918630e-01
1.154260000000000036e+04 2.327542982726494014e-01
1.154279999999999927e+04 2.370440488614357077e-01
1.154300000000000000e+04 2.401211271420082560e-01
1.154320000000000073e+04 2.338910361469397070e-01
1.154339999999999964e+04 2.475187446963091620e-01
1.154360000000000036e+04 2.370302804076730163e-01
1.154379999999999927e+04 2.333045987362534490e-01
1.154400000000000000e+04 2.249611680670960956e-01
1.154420000000000073e+04 2.331524994869090539e-01
1.154439999999999964e+04 2.343185003551708501e-01
1.154460000000000036e+04 2.436609547695140765e-01
1.154479999999999927e+04 2.405093581969282579e-01
1.154500000000000000e+04 2.292164926993697782e-01
1.154520000000000073e+04 2.393777371703247614e-01
1.154539999999999964e+04 2.434760422355726206e-01
1.154560000000000036e+04 2.499139173870922326e-01
1.154579999999999927e+04 2.456711248366932332e-01
1.154600000000000000e+04 2.456038284078146394e-01
1.154620000000000073e+04 2.412377795713738782e-01
1.154639999999999964e+04 2.441060334327262438e-01
1.154660000000000036e+04 2.505787229509982006e-01
1.154679999999999927e+04 2.332847212952165183e-01
1.154700000000000000e+04 2.400032955004232915e-01
1.154720000000000073e+04 2.369942715225777374e-01
1.154739999999999964e+04 2.469764495562552786e-01
1.154760000000000036e+04 2.537971448450280221e-01
1.154779999999999927e+04 2.407669732996252643e-01
1.154800000000000000e+04 2.292981879994317740e-01
1.154820000000000073e+04 2.440074920788956325e-01
1.154839999999999964e+04 2.533097239545555879e-01
1.154860000000000036e+04 2.517745680853357704e-01
1.154879999999999927e+04 2.517553834667355384e-01
1.154900000000000000e+04 2.474892490966502656e-01
1.154920000000000073e+04 2.403914391186223187e-01
1.154939999999999964e+04 2.538653373177043315e-01
1.154960000000000036e+04 2.453863198979105431e-01
1.154979999999999927e+04 2.678782658478090495e-01
1.155000000000000000e+04 2.573281769994228418e-01
1.155020000000000073e+04 2.494748963894218297e-01
1.155039999999999964e+04 2.499003765405534983e-01
1.155060000000000036e+04 2.551334172505297926e-01
1.155079999999999927e+04 2.541654226010803264e-01
1.155100000000000000e+04 2.652484651291165951e-01
1.155120000000000073e+04 2.595352766123063537e-01
1.155139999999999964e+04 2.541059736314760231e-01
1.155160000000000036e+04 2.740144992129340817e-01
1.155179999999999927e+04 2.617976680231641762e-01
1.155200000000000000e+04 2.684336441507891302e-01
1.155220000000000073e+04 2.596087566524409307e-01
1.155239999999999964e+04 2.665711350752437148e-01
1.155260000000000036e+04 2.671458171930608527e-01
1.155279999999999927e+04 2.544799323920409750e-01
1.155300000000000000e+04 2.843619554054806486e-01
1.155320000000000073e+04 2.789244786444249335e-01
1.155339999999999964e+04 2.684827981286988519e-01
1.155360000000000036e+04 2.665280487282372657e-01
1.155379999999999927e+04 2.772269863490107178e-01
1.155400000000000000e+04 2.771421091366137457e-01
1.155420000000000073e+04 2.815839155694620510e-01
1.155439999999999964e+04 2.804792767715572066e-01
1.155460000000000036e+04 2.834396958679439305e-01
1.155479999999999927e+04 2.937063420692110349e-01
1.155500000000000000e+04 2.899994645744021771e-01
1.155520000000000073e+04 2.801557412187011820e-01
1.155539999999999964e+04 2.980535357588535716e-01
1.155560000000000036e+04 3.029468051093333614e-01
1.155579999999999927e+04 3.154400845719709801e-01
1.155600000000000000e+04 2.886539233403122573e-01
1.155620000000000073e+04 3.002306702830032092e-01
1.155639999999999964e+04 2.864542544348206987e-01
1.155660000000000036e+04 3.074085872624605087e-01
1.155679999999999927e+04 3.029043129051330885e-01
1.155700000000000000e+04 3.234516147484879922e-01
1.155720000000000073e+04 3.082447178885736050e-01
1.155739999999999964e+04 3.054539978748046503e-01
1.155760000000000036e+04 3.183655664595526069e-01
1.155779999999999927e+04 3.102141598041284198e-01
1.155800000000000000e+04 3.325774675994828122e-01
1.155820000000000073e+04 3.172769156159561676e-01
1.155839999999999964e+04 3.365333475706634991e-01
1.155860000000000036e+04 3.261514943991611348e-01
1.155879999999999927e+04 3.436275720468981998e-01
1.155900000000000000e+04 3.629435241214337693e-01
1.155920000000000073e+04 3.590824844619591727e-01
1.155939999999999964e+04 3.583722816808393996e-01
1.155960000000000036e+04 3.695103184744226721e-01
1.155979999999999927e+04 3.775606841664272961e-01
1.156000000000000000e+04 3.878373302566788250e-01
1.156020000000000073e+04 3.827383151154190588e-01
1.156039999999999964e+04 4.052479994546920317e-01
1.156060000000000036e+04 3.912207950284807834e-01
1.156079999999999927e+04 4.155804437035440224e-01
1.156100000000000000e+04 4.274792157048790120e-01
1.156120000000000073e+04 4.452589304078898857e-01
1.156139999999999964e+04 4.542640443863422139e-01
1.156160000000000036e+04 4.569607335251996139e-01
1.156179999999999927e+04 4.751995861521787212e-01
1.156200000000000000e+04 4.991323910703552857e-01
1.156220000000000073e+04 5.147885028015348752e-01
1.156239999999999964e+04 5.283913298164897299e-01
1.156260000000000036e+04 5.475098213556451876e-01
1.156279999999999927e+04 5.769871507446383552e-01
1.156300000000000000e+04 5.914344537671323287e-01
1.156320000000000073e+04 6.165941324100236987e-01
1.156339999999999964e+04 6.568666180662661169e-01
1.156360000000000036e+04 6.588582140989175384e-01
1.156379999999999927e+04 6.834379499608298492e-01
1.156400000000000000e+04 7.300300864750864926e-01
1.156420000000000073e+04 7.493444103263615652e-01
1.156439999999999964e+04 7.812251149408327988e-01
1.156460000000000036e+04 8.070968726442210306e-01
1.156479999999999927e+04 8.419309393572670386e-01
1.156500000000000000e+04 8.830504928148807942e-01
1.156520000000000073e+04 9.051940279362239439e-01
1.156539999999999964e+04 9.334836743641310441e-01
1.156560000000000036e+04 9.421591602117932451e-01
1.156579999999999927e+04 9.682863302381384818e-01
1.156600000000000000e+04 9.802750721561718228e-01
1.156620000000000073e+04 1.014048203275802029e+00
1.156639999999999964e+04 1.043122759011948064e+00
1.156660000000000036e+04 1.056205645314174157e+00
1.156679999999999927e+04 1.065387783427673041e+00
1.156700000000000000e+04 1.078849535663198633e+00
1.156720000000000073e+04 1.084793299208547168e+00
1.156739999999999964e+04 1.098809261051880704e+00
1.156760000000000036e+04 1.107550411089412767e+00
1.156779999999999927e+04 1.096876207974686546e+00
1.156800000000000000e+04 1.112542005278853496e+00
1.156820000000000073e+04 1.118106004493782279e+00
1.156839999999999964e+04 1.109900773856195011e+00
1.156860000000000036e+04 1.115195282500038410e+00
1.156879999999999927e+04 1.127119600616142359e+00
1.156900000000000000e+04 1.103325077356721806e+00
1.156920000000000073e+04 1.103790706011019918e+00
1.156939999999999964e+04 1.091391881059504909e+00
1.156960000000000036e+04 1.090974151816362481e+00
1.156979999999999927e+04 1.085745281165484855e+00
1.157000000000000000e+04 1.076120633504934254e+00
1.157020000000000073e+04 1.060489054869617531e+00
1.157039999999999964e+04 1.061470446640545573e+00
1.157060000000000036e+04 1.061441961397462164e+00
1.157079999999999927e+04 1.045849482451896906e+00
1.157100000000000000e+04 1.040690554320104377e+00
1.157120000000000073e+04 1.024146807435230233e+00
1.157139999999999964e+04 1.022334406662063211e+00
1.157160000000000036e+04 1.010832101946508077e+00
1.157179999999999927e+04 9.953206568547137145e-01
1.157200000000000000e+04 9.967463214952555495e-01
1.157220000000000073e+04 9.801455962968451674e-01
1.157239999999999964e+04 9.753400581679145809e-01
1.157260000000000036e+04 9.738778335736127945e-01
1.157279999999999927e+04 9.685749102304727076e-01
1.157300000000000000e+04 9.528184015187171063e-01
1.157320000000000073e+04 9.622800657023293791e-01
1.157339999999999964e+04 9.533462943739188233e-01
1.157360000000000036e+04 9.401867135927699515e-01
1.157379999999999927e+04 9.292869273994907031e-01
1.157400000000000000e+04 9.341256191471771775e-01
1.157420000000000073e+04 9.285236840202206743e-01
1.157439999999999964e+04 9.284210574436503327e-01
1.157460000000000036e+04 9.211935182972474934e-01
1.157479999999999927e+04 9.065914360876307088e-01
1.157500000000000000e+04 9.148047947665367552e-01
1.157520000000000073e+04 9.125169810229627476e-01
1.157539999999999964e+04 9.169352202191706214e-01
1.157560000000000036e+04 9.052304144838743127e-01
1.157579999999999927e+04 9.193236265866359114e-01
1.157600000000000000e+04 8.926680366313656245e-01
1.157620000000000073e+04 9.134624959916100018e-01
1.157639999999999964e+04 9.023847191309498639e-01
1.157660000000000036e+04 9.077877528520899020e-01
1.157679999999999927e+04 9.018307917389785100e-01
1.157700000000000000e+04 9.081625591512550999e-01
1.157720000000000073e+04 8.967143430658234271e-01
1.157739999999999964e+04 8.919880315369749235e-01
1.157760000000000036e+04 9.092342401922088868e-01
1.157779999999999927e+04 8.985571819891734480e-01
1.157800000000000000e+04 9.010014781430955022e-01
1.157820000000000073e+04 9.081272474788745219e-01
1.157839999999999964e+04 8.922793486983829903e-01
1.157860000000000036e+04 9.046612013730417345e-01
1.157879999999999927e+04 8.970247647174788286e-01
1.157900000000000000e+04 9.005659970815289572e-01
1.157920000000000073e+04 9.025941695744429394e-01
1.157939999999999964e+04 8.920199132516203333e-01
1.157960000000000036e+04 8.972550131377908800e-01
1.157979999999999927e+04 9.118871952261741187e-01
1.158000000000000000e+04 9.105862916218174785e-01
1.158020000000000073e+04 9.027020284410415263e-01
1.158039999999999964e+04 9.061120352901548269e-01
1.158060000000000036e+04 9.031801492159688971e-01
1.158079999999999927e+04 9.147083124808751409e-01
1.158100000000000000e+04 9.026931283163903696e-01
1.158120000000000073e+04 9.072324422840689628e-01
1.158139999999999964e+04 9.124882451026022911e-01
1.158160000000000036e+04 8.984477416969414154e-01
1.158179999999999927e+04 9.149863904315665986e-01
1.158200000000000000e+04 8.935261152144944319e-01
1.158220000000000073e+04 9.142605577814437723e-01
1.158239999999999964e+04 8.997521405171836628e-01
1.158260000000000036e+04 8.998399836129470364e-01
1.158279999999999927e+04 8.865589600626091471e-01
1.158300000000000000e+04 8.960394407261615957e-01
1.158320000000000073e+04 8.913618057275776163e-01
1.158339999999999964e+04 8.930832948883381528e-01
1.158360000000000036e+04 8.957505841948429914e-01
1.158379999999999927e+04 9.020649332327150827e-01
1.158400000000000000e+04 8.966925252036532790e-01
1.158420000000000073e+04 8.961457681735656156e-01
1.158439999999999964e+04 8.859708024367739521e-01
1.158460000000000036e+04 8.857647605084514320e-01
1.158479999999999927e+04 9.041515664170135524e-01
1.158500000000000000e+04 8.855480265922713867e-01
1.158520000000000073e+04 9.010746370736055777e-01
1.158539999999999964e+04 8.883582926887718667e-01
1.158560000000000036e+04 8.893261716606610801e-01
1.158579999999999927e+04 8.961834588074968355e-01
1.158600000000000000e+04 8.982662232082938569e-01
1.158620000000000073e+04 8.877932593962778451e-01
1.158639999999999964e+04 8.860289275392486674e-01
1.158660000000000036e+04 8.884267975227921887e-01
1.158679999999999927e+04 8.918943510884339565e-01
1.158700000000000000e+04 8.945389355505917184e-01
1.158720000000000073e+04 8.892506064335490290e-01
1.158739999999999964e+04 8.942461876539541388e-01
1.158760000000000036e+04 9.021373814302164895e-01
1.158779999999999927e+04 8.938199251972257509e-01
1.158800000000000000e+04 8.947351506416950651e-01
1.158820000000000073e+04 8.827810219118038537e-01
1.158839999999999964e+04 8.746615341673680266e-01
1.158860000000000036e+04 8.965923372478069586e-01
1.158879999999999927e+04 8.940084623475625936e-01
1.158900000000000000e+04 8.951226202976747537e-01
1.158920000000000073e+04 8.993820017951911217e-01
1.158939999999999964e+04 8.989019354028768838e-01
1.158960000000000036e+04 9.077237875819065271e-01
1.158979999999999927e+04 9.030924891112966924e-01
1.159000000000000000e+04 8.974621464922285519e-01
1.159020000000000073e+04 9.105944842294659836e-01
1.159039999999999964e+04 9.049695761603553379e-01
1.159060000000000036e+04 9.111515148579044654e-01
1.159079999999999927e+04 9.056516201797651933e-01
1.159100000000000000e+04 9.056883984365637907e-01
1.159120000000000073e+04 9.119387213143073101e-01
1.159139999999999964e+04 9.132022822277365837e-01
1.159160000000000036e+04 9.191510884356597355e-01
1.159179999999999927e+04 9.153041617209036751e-01
1.159200000000000000e+04 9.068855959657369237e-01
1.159220000000000073e+04 9.186280865389110373e-01
1.159239999999999964e+04 9.286547075034021770e-01
1.159260000000000036e+04 9.234885866220123862e-01
1.159279999999999927e+04 9.237125546431120826e-01
1.159300000000000000e+04 9.340440258322001421e-01
1.159320000000000073e+04 9.247833782911893952e-01
1.159339999999999964e+04 9.208177710233682589e-01
1.159360000000000036e+04 9.300882261780395455e-01
1.159379999999999927e+04 9.295324837811241858e-01
1.159400000000000000e+04 9.263921173954356991e-01
1.159420000000000073e+04 9.323933484349279377e-01
1.159439999999999964e+04 9.389401996043396093e-01
1.159460000000000036e+04 9.353338456847754001e-01
1.159479999999999927e+04 9.360456242935337734e-01
1.159500000000000000e+04 9.478069860483676612e-01
1.159520000000000073e+04 9.323509766692024137e-01
1.159539999999999964e+04 9.369302801622421129e-01
1.159560000000000036e+04 9.315337582517692061e-01
1.159579999999999927e+04 9.296595236297479081e-01
1.159600000000000000e+04 9.310182528205038777e-01
1.159620000000000073e+04 9.297946083445284282e-01
1.159639999999999964e+04 9.350556651967888433e-01
1.159660000000000036e+04 9.483068599867661153e-01
1.159679999999999927e+04 9.271227008159643734e-01
1.159700000000000000e+04 9.277221946422221643e-01
1.159770000000000073e+04 9.260747202908272691e-01
1.159839999999999964e+04 9.255478013792093339e-01
1.159910000000000036e+04 9.207090212110744520e-01
1.159979999999999927e+04 9.238603832754033185e-01
1.160050000000000000e+04 8.947116522593124843e-01
1.160120000000000073e+04 8.921580281347905039e-01
1.160189999999999964e+04 9.027099828124610648e-01
1.160260000000000036e+04 9.118896754445467989e-01
1.160329999999999927e+04 8.916464085241082582e-01
1.160499369499999921e+04 8.774461971020085516e-01
1.160599958300000071e+04 9.011460562358569737e-01
1.160701766200000020e+04 8.981115474222931550e-01
1.160804793299999983e+04 8.890911561793799489e-01
1.160909039599999960e+04 8.909670715131422503e-01
1.161014505099999951e+04 8.942994559605322857e-01
1.161121189799999956e+04 9.057765951094944867e-01
1.161229093699999976e+04 9.060236253628540792e-01
1.161338216699999975e+04 9.191325336798539247e-01
1.161448559000000023e+04 9.017452243116139687e-01
1.161560120400000051e+04 9.216235600396869287e-01
1.161672901099999945e+04 9.257268399713647344e-01
1.161786900900000001e+04 9.362793437391387918e-01
1.161902119900000071e+04 9.384748622596001955e-01
1.162018558200000007e+04 9.501555172029381158e-01
1.162136215599999923e+04 9.337714619288955964e-01
1.162255092200000036e+04 9.464036311214968356e-01
1.162375187899999946e+04 9.497250675540024334e-01
1.162496502900000087e+04 9.579893785435521503e-01
1.162619037100000060e+04 9.388512586034417629e-01
1.162742790400000013e+04 9.420618199688695071e-01
1.162867763000000014e+04 9.241103223763085239e-01
1.162993954699999995e+04 9.182722846372660674e-01
1.163121365700000024e+04 9.379935729961805801e-01
1.163249995800000033e+04 9.291597006222835908e-01
1.163379845100000057e+04 9.352963123707181969e-01
1.163510913599999913e+04 9.151156077538956657e-01
1.163643201299999964e+04 9.250329749839092397e-01
1.163776708200000030e+04 9.315960863013210691e-01
1.163911434200000076e+04 9.192331401276225833e-01
1.164047379499999988e+04 9.159615044813231854e-01
1.164184543999999914e+04 9.113480263235658185e-01
1.164322927600000003e+04 8.975120502994187177e-01
1.164462530499999957e+04 9.159664134896302601e-01
1.164603352500000074e+04 9.017924536144800163e-01
1.164745393700000022e+04 9.077067131112306342e-01
1.164888654099999985e+04 8.930051300531081093e-01
1.165033133699999962e+04 8.957793794467469040e-01
1.165178832499999953e+04 9.156196570313466232e-01
1.165325750499999958e+04 9.048031270606422538e-01
1.165473887699999977e+04 9.187861627500030215e-01
1.165623243999999977e+04 9.113815503167972398e-01
1.165773819600000024e+04 9.013324170818076686e-01
1.165925614300000052e+04 9.228846921311143481e-01
1.166078628299999946e+04 9.152804998871437725e-01
1.166232861400000002e+04 9.266052541699748568e-01
1.166388313700000072e+04 9.231998667061922514e-01
1.166544985199999974e+04 9.141740702997578349e-01
1.166702875900000072e+04 9.270188697945653811e-01
1.166861985800000002e+04 9.416088843956761378e-01
1.167022314899999947e+04 9.306992983694981625e-01
1.167183863200000087e+04 9.272120411694197983e-01
1.167346630700000060e+04 9.348429617529830926e-01
1.167510617300000013e+04 9.296372307352004372e-01
1.167675823200000013e+04 9.302891080919790667e-01
1.167842248199999995e+04 9.218405786559558113e-01
1.168009892399999990e+04 9.311620708394938717e-01
1.168178755799999999e+04 9.375625372372252686e-01
1.168348838500000056e+04 9.258305702032889606e-01
1.168520140299999912e+04 9.423246846420677558e-01
1.168692661299999963e+04 9.321432464771538529e-01
1.168866401399999995e+04 9.267886281304007490e-01
1.169041360800000075e+04 9.392825993557735176e-01
1.169217539399999987e+04 9.304858328875016404e-01
1.169394937100000061e+04 9.365311219425400679e-01
1.169573554100000001e+04 9.283723052693494404e-01
1.169753390199999922e+04 9.285213305903152747e-01
1.169934445500000038e+04 9.310195427162836213e-01
1.170116720100000020e+04 9.273940792017077994e-01
1.170300213799999983e+04 9.103211076056741957e-01
1.170484926699999960e+04 9.158801881973211989e-01
1.170670858799999951e+04 9.293289342060723213e-01
1.170858009999999922e+04 9.221123859825097746e-01
1.171046380499999941e+04 9.188232311145034803e-01
1.171235970199999974e+04 9.148170466793520417e-01
1.171426778999999988e+04 9.175661901753535687e-01
1.171618807100000049e+04 9.130427934954182811e-01
1.171812054300000091e+04 9.283109492313537103e-01
1.172006520699999965e+04 9.265756845090401539e-01
1.172202206400000068e+04 9.260345738146100736e-01
1.172399111199999970e+04 9.341515365768684465e-01
1.172597235200000068e+04 9.394081127818515453e-01
1.172796578399999999e+04 9.534113960523120657e-01
1.172997140700000091e+04 9.291897969136195812e-01
1.173198922300000049e+04 9.488441829697903396e-01
1.173401923100000022e+04 9.500016318268158511e-01
1.173606142999999975e+04 9.383175789898992036e-01
1.173811582199999975e+04 9.457982231319557176e-01
1.174018240499999956e+04 9.421399568479972286e-01
1.174226117999999951e+04 9.470315050617684749e-01
1.174435214799999994e+04 9.567842702048228176e-01
1.174645530700000018e+04 9.502922091092860235e-01
1.174857065800000055e+04 9.514222469194537624e-01
1.175069820099999924e+04 9.449460279145922570e-01
1.175283793499999956e+04 9.378137527667632645e-01
1.175498986200000036e+04 9.470739637837128910e-01
1.175715398099999948e+04 9.569505152405423098e-01
1.175933029100000022e+04 9.362657099344234846e-01
1.176151879399999962e+04 9.390993291939604415e-01
1.176371948800000064e+04 9.458031820477228457e-01
1.176593237399999998e+04 9.369418025706200970e-01
1.176815745299999980e+04 9.366540021591713838e-01
1.177039472299999943e+04 9.385385771324874504e-01
1.177264418499999920e+04 9.307824350634226196e-01
1.177490583800000059e+04 9.332074423167506794e-01
1.177717968400000063e+04 9.446041360135806197e-01
1.177946572200000082e+04 9.300375416511112991e-01
1.178176395199999934e+04 9.288118770488702491e-01
1.178407437299999947e+04 9.356125150648818556e-01
1.178639698700000008e+04 9.461999029408629802e-01
1.178873179200000050e+04 9.412215290329796202e-01
1.179107878899999923e+04 9.405399186843766968e-01
1.179343797799999993e+04 9.446111301003712324e-01
1.179580935900000077e+04 9.339377461169288130e-01
1.179819293199999993e+04 9.514298069681588199e-01
1.180058869699999923e+04 9.524648136881818106e-01
1.180299665400000049e+04 9.490144288865394184e-01
1.180541680300000007e+04 9.609714147982562071e-01
1.180784914299999946e+04 9.473512196797799767e-01
1.181029367599999932e+04 9.655884525527426154e-01
1.181275040000000081e+04 9.604914357191028929e-01
1.181521931699999914e+04 9.582860094274752161e-01
1.181770042500000091e+04 9.611158139807272072e-01
1.182019372499999918e+04 9.607004478024940841e-01
1.182269921699999941e+04 9.696579435902386024e-01
1.182521690099999978e+04 9.525598240474911771e-01
1.182774677700000029e+04 9.545806478688241281e-01
1.183028884499999913e+04 9.654350445551120874e-01
1.183284310499999992e+04 9.532665961272758226e-01
1.183540955600000052e+04 9.625913317031823402e-01
1.183798819999999978e+04 9.666681702748946003e-01
1.184057903500000066e+04 9.516975142594858994e-01
1.184318206199999986e+04 9.581082457806346930e-01
1.184579728199999954e+04 9.463180588726513021e-01
1.184842469300000084e+04 9.585831891529179583e-01
1.185106429600000047e+04 9.549792255318577672e-01
1.185371609100000023e+04 9.568249495560466888e-01
1.185638007800000014e+04 9.504962790756115165e-01
1.185905625599999985e+04 9.435374674588062893e-01
1.186174462700000004e+04 9.586904264686852972e-01
1.186444519000000037e+04 9.423204743705551056e-01
1.186715794400000050e+04 9.541009032062540696e-01
1.186988289099999929e+04 9.642784060207909569e-01
1.187262002899999970e+04 9.603042165867474722e-01
1.187536935900000026e+04 9.736482044927219359e-01
1.187813088099999914e+04 9.685099525292264477e-01
1.188090459499999997e+04 9.584328194021463077e-01
1.188369050099999913e+04 9.645100155006465226e-01
1.188648859900000025e+04 9.650831157129108329e-01
1.188929888899999969e+04 9.561622105144883532e-01
1.189212137099999927e+04 9.608540809391661330e-01
1.189495604400000047e+04 9.648837565326774390e-01
1.189780291000000034e+04 9.554438101519462379e-01
1.190066196700000000e+04 9.702919921048205332e-01
1.190353321700000015e+04 9.679169254218562557e-01
1.190641665800000010e+04 9.582249923731548380e-01
1.190931229100000019e+04 9.712381692449190140e-01
1.191222011600000042e+04 9.728061826290839154e-01
1.191514013300000079e+04 9.691038378843518375e-01
1.191807234199999948e+04 9.651586860062287831e-01
1.192101674300000013e+04 9.716023150510699757e-01
1.192397333500000059e+04 9.717954638396650857e-01
1.192694211999999970e+04 9.692157170087379869e-01
1.192992309600000044e+04 9.615558424414746286e-01
1.193291626499999984e+04 9.696684320115744882e-01
1.193592162500000086e+04 9.766036272680742591e-01
1.193893917700000020e+04 9.652527275663289608e-01
1.194196892099999968e+04 9.843144561835120987e-01
1.194501085799999964e+04 9.663208910139163832e-01
1.194806498500000089e+04 9.709122408873024357e-01
1.195113130500000079e+04 9.669901250617380928e-01
1.195420981700000084e+04 9.732313965755156060e-01
1.195730052099999921e+04 9.602695197430551888e-01
1.196040341599999920e+04 9.698887672339123744e-01
1.196351850399999967e+04 9.675907945412057787e-01
1.196664578299999994e+04 9.773874083624578546e-01
1.196978525500000069e+04 9.840466807105799907e-01
1.197293691799999942e+04 9.830261303366758519e-01
1.197610077300000012e+04 9.626802500553172104e-01
1.197927681999999913e+04 9.941435352066546605e-01
1.198246505900000011e+04 9.819085224948518320e-01
1.198566548999999941e+04 9.761911124599722545e-01
1.198887811200000033e+04 9.827253726103480913e-01
1.199210292699999991e+04 9.831770230211386297e-01
1.199533993399999963e+04 9.776868794327867596e-01
1.199858913199999915e+04 9.839647086660772146e-01
1.200185052299999916e+04 9.782990967650938563e-01
1.200512410500000078e+04 9.801358198868894700e-01
1.200840987900000073e+04 9.773971332903160780e-01
1.201170784500000082e+04 9.715614731049780906e-01
1.201501800299999923e+04 9.827294487439782733e-01
1.201834035299999960e+04 9.849420738690514154e-01
1.202167489500000011e+04 9.848213090153781213e-01
1.202502162900000076e+04 9.874445851170747801e-01
1.202838055399999939e+04 9.843991743790314608e-01
1.203175167200000033e+04 9.784436542351957478e-01
1.203513498199999958e+04 9.884053634166266589e-01
1.203853048300000046e+04 9.733421370601941236e-01
1.204193817599999966e+04 9.776958350355482441e-01
1.204535806100000082e+04 9.782530607663303401e-01
1.204879013900000064e+04 9.928542471408655645e-01
1.205223440800000026e+04 9.931827370389092469e-01
1.205569086799999968e+04 9.909155927980326517e-01
1.205915952099999959e+04 9.965219346065787853e-01
1.206264036599999963e+04 9.844919018728870430e-01
1.206613340299999982e+04 9.925350270981774248e-01
1.206963863099999980e+04 9.899417448433600608e-01
1.207315605200000027e+04 9.978689304781463987e-01
1.207668566400000054e+04 9.921167613613622871e-01
1.208022746799999913e+04 9.908434358249667007e-01
1.208378146500000003e+04 9.976164024524923901e-01
1.208734765300000072e+04 9.998938070816403290e-01
1.209092603299999973e+04 9.904866211711519375e-01
1.209451660500000071e+04 9.944564966351072677e-01
1.209811936900000001e+04 9.877890794656052353e-01
1.210173432399999911e+04 9.781138041460472055e-01
1.210536147200000050e+04 9.966604944474776184e-01
1.210900081099999989e+04 9.997910074059539465e-01
1.211265234299999975e+04 9.973235474116380894e-01
1.211631606599999941e+04 9.829900139565311834e-01
1.211999198199999955e+04 9.938209008745972906e-01
1.212368008899999950e+04 9.807682084847488824e-01
1.212738038799999958e+04 1.005481521550741553e+00
1.213109287899999981e+04 9.888849229591414325e-01
1.213481756200000018e+04 1.005688405687753750e+00
1.213855443700000069e+04 1.004615288401365714e+00
1.214230350299999918e+04 9.922445267377071332e-01
1.214606476199999997e+04 9.899258876980547850e-01
1.214983821300000091e+04 1.000986630023785962e+00
1.215362385499999982e+04 9.942199716584745328e-01
1.215742168900000070e+04 1.001636642607444116e+00
1.216123171600000023e+04 9.984577677068308121e-01
1.216505393399999957e+04 9.896102866408159615e-01
1.216888834400000087e+04 9.876401600764235233e-01
1.217273494600000049e+04 1.005652845794973826e+00
1.217659374000000025e+04 1.001801156798266090e+00
1.218046472600000016e+04 1.002605957645088974e+00
1.218434790299999986e+04 1.011698173348784202e+00
1.218824327300000004e+04 1.015434695086625316e+00
1.219215083500000037e+04 1.005861543317301487e+00
1.219607058800000050e+04 1.006344878568055767e+00
1.220000253300000077e+04 1.012909489013229081e+00
1.220394667099999970e+04 9.999447689764405789e-01
1.220790300000000025e+04 1.010947480177107227e+00
1.221187152099999912e+04 1.014324407012710871e+00
1.221585223399999995e+04 1.015001731107497918e+00
1.221984513899999911e+04 9.969401671832419654e-01
1.222385023600000022e+04 1.005495664520330124e+00
1.222786752399999932e+04 1.005637925749108819e+00
1.223189700500000072e+04 1.011952050086797561e+00
1.223593867800000044e+04 1.014902057395666413e+00
1.223999254199999996e+04 1.022867817741460517e+00
1.224405859799999962e+04 1.009149852233067524e+00
1.224813684699999976e+04 1.010331770253888761e+00
1.225222728699999971e+04 1.022686634974085962e+00
1.225632991899999979e+04 1.018635961121828526e+00
1.226044474300000002e+04 1.027133379695265303e+00
1.226457175900000038e+04 1.023497560920749727e+00
1.226871096700000089e+04 1.018054666418619636e+00
1.227286236599999938e+04 1.023375450722511903e+00
1.227702595800000017e+04 1.029488387016652462e+00
1.228120174199999929e+04 1.055377102908932052e+00
1.228538971700000002e+04 1.070996432030514978e+00
1.228958988400000089e+04 1.089023784158493546e+00
1.229380224400000043e+04 1.095788619413756271e+00
1.229802679499999977e+04 1.111246827360202749e+00
1.230226353799999924e+04 1.108736934035440491e+00
1.230651247300000068e+04 1.111936491812621330e+00
1.231077360000000044e+04 1.129024406876541597e+00
1.231504691900000034e+04 1.124321258794678480e+00
1.231933242900000005e+04 1.115817575873944811e+00
1.232363013200000023e+04 1.108585877774137085e+00
1.232794002600000022e+04 1.096405897682775743e+00
1.233226211300000068e+04 1.090838794244539667e+00
1.233659639099999913e+04 1.078071429479020571e+00
1.234094286099999954e+04 1.062263789603529185e+00
1.234530152400000043e+04 1.055065347525081521e+00
1.234967237799999930e+04 1.046145668775771087e+00
1.235405542400000013e+04 1.033983813970407617e+00
1.235845066199999928e+04 1.038292536467601668e+00
1.236285809100000006e+04 1.022225404930435122e+00
1.236727771299999949e+04 1.038097099057551542e+00
1.237170952700000089e+04 1.022135569658405574e+00
1.237615353200000027e+04 1.032661686510914834e+00
1.238060973000000013e+04 1.024897047266282613e+00
1.238507811899999979e+04 1.034805834499543664e+00
1.238955869999999959e+04 1.031648543047037681e+00
1.239405147299999953e+04 1.020544646412060441e+00
1.239855643799999962e+04 1.035404576663434550e+00
1.240307359499999984e+04 1.029105896146099708e+00
1.240760294400000021e+04 1.039592231161402314e+00
1.241214448500000071e+04 1.034324607961045750e+00
1.241669821799999954e+04 1.037300647508187401e+00
1.242126414199999999e+04 1.029957906751677532e+00
1.242584225899999910e+04 1.033994052274957776e+00
1.243043256699999984e+04 1.034953680254686370e+00
1.243503506799999923e+04 1.044804925305011123e+00
1.243964976000000024e+04 1.050942363532880286e+00
1.244427664399999958e+04 1.034482922698159557e+00
1.244891572000000087e+04 1.048269175338394366e+00
1.245356698800000049e+04 1.026324947086812767e+00
1.245823044800000025e+04 1.033745466304190508e+00
1.246290610000000015e+04 1.035571320033389586e+00
1.246759394299999985e+04 1.033455416432954799e+00
1.247229397900000004e+04 1.032429800058377145e+00
1.247700620600000002e+04 1.046660582457591415e+00
1.248173062600000048e+04 1.043158360250213024e+00
1.248646723700000075e+04 1.047602397556465226e+00
1.249121603999999934e+04 1.050516917990746979e+00
1.249597703600000023e+04 1.048579618759969634e+00
1.250075022299999910e+04 1.051881423649565939e+00
1.250553560199999993e+04 1.045484664503046890e+00
1.251033317200000056e+04 1.038230059293986818e+00
1.251514293499999985e+04 1.054855234173744938e+00
1.251996488999999929e+04 1.043786649951239820e+00
1.252479903700000068e+04 1.042123630138010570e+00
1.252964537500000006e+04 1.048022856746034126e+00
