1.138059698199999912e+04 -1.641746091302618504e+00
1.138559698199999912e+04 -1.590649186104394319e+00
1.139059698199999912e+04 -1.541535537549648893e+00
1.139559698199999912e+04 -1.491085385600557478e+00
1.140059698199999912e+04 -1.440332536357835425e+00
1.140559698199999912e+04 -1.390920761885612311e+00
1.141059698199999912e+04 -1.340931518171710746e+00
1.141559698199999912e+04 -1.289782129231420882e+00
1.142059698199999912e+04 -1.239518864300632961e+00
1.142559698199999912e+04 -1.188176574216160297e+00
1.143059698199999912e+04 -1.136714109227720426e+00
1.143559698199999912e+04 -1.087265185727044337e+00
1.144059698199999912e+04 -1.036330555447586566e+00
1.144559698199999912e+04 -9.857107629611731037e-01
1.145059698199999912e+04 -9.346146069111578303e-01
1.145559698199999912e+04 -8.860444480362364983e-01
1.146059698199999912e+04 -8.342000348498858076e-01
1.146559698199999912e+04 -7.829701811409458534e-01
1.147059698199999912e+04 -7.315678482272773842e-01
1.147559698199999912e+04 -6.819318131031599783e-01
1.148059698199999912e+04 -6.322069133909788974e-01
1.148559698199999912e+04 -5.795353941107512785e-01
1.149059698199999912e+04 -5.294555572848353986e-01
1.149559698199999912e+04 -4.787578513859492846e-01
1.150059698199999912e+04 -4.272555061768297247e-01
1.150559698199999912e+04 -3.755782944326083728e-01
1.151059698199999912e+04 -3.243900006252888879e-01
1.151559698199999912e+04 -2.739366170095628439e-01
1.152059698199999912e+04 -2.196943339133103079e-01
1.152559698199999912e+04 -1.668094500541681124e-01
1.153059698199999912e+04 -1.140869270597840990e-01
1.153400000000000000e+04 -7.851967283494604155e-02
1.153500000000000000e+04 -6.695733534448955471e-02
1.153600000000000000e+04 -5.561337296046409140e-02
1.153700000000000000e+04 -4.426584941717101596e-02
1.153800000000000000e+04 -3.295781120979193735e-02
1.153900000000000000e+04 -2.274426766439816006e-02
1.154000000000000000e+04 -1.106651863745478082e-02
1.154100000000000000e+04 5.663570205832191284e-04
1.154120000000000073e+04 3.661711336102158043e-03
1.154139999999999964e+04 4.933391246775331584e-03
1.154160000000000036e+04 7.980882067611549946e-03
1.154179999999999927e+04 1.082882243940941347e-02
1.154200000000000000e+04 1.260963057471403692e-02
1.154220000000000073e+04 1.427713817624923220e-02
1.154239999999999964e+04 1.720737121120310964e-02
1.154260000000000036e+04 2.033209198676408369e-02
1.154279999999999927e+04 2.172924527668851358e-02
1.154300000000000000e+04 2.323632431367056439e-02
1.154320000000000073e+04 2.597046107479758503e-02
1.154339999999999964e+04 2.887099236942172742e-02
1.154360000000000036e+04 3.179784286902778701e-02
1.154379999999999927e+04 3.384098330900639495e-02
1.154400000000000000e+04 3.634024551596345964e-02
1.154420000000000073e+04 3.814953059561601578e-02
1.154439999999999964e+04 4.139093951366420998e-02
1.154460000000000036e+04 4.314091550532547781e-02
1.154479999999999927e+04 4.595775601618690143e-02
1.154500000000000000e+04 4.667082328310695472e-02
1.154520000000000073e+04 5.046016648840348506e-02
1.154539999999999964e+04 5.407762041084118732e-02
1.154560000000000036e+04 5.517810297398659247e-02
1.154579999999999927e+04 5.693616559982442316e-02
1.154600000000000000e+04 5.988168793704987114e-02
1.154620000000000073e+04 6.206676408745079310e-02
1.154639999999999964e+04 6.487256123942924946e-02
1.154660000000000036e+04 6.766666787167843755e-02
1.154679999999999927e+04 6.954331159044679911e-02
1.154700000000000000e+04 7.243470336763929707e-02
1.154720000000000073e+04 7.497091875619923962e-02
1.154739999999999964e+04 7.772122263463521197e-02
1.154760000000000036e+04 8.232773368045728790e-02
1.154779999999999927e+04 8.325608201016501675e-02
1.154800000000000000e+04 8.656987168248808651e-02
1.154820000000000073e+04 8.840728571507611155e-02
1.154839999999999964e+04 9.157396718659688295e-02
1.154860000000000036e+04 9.329398106810196656e-02
1.154879999999999927e+04 9.740598971431907449e-02
1.154900000000000000e+04 9.954781513658259029e-02
1.154920000000000073e+04 1.016346089294691002e-01
1.154939999999999964e+04 1.034815180103108023e-01
1.154960000000000036e+04 1.065454235533396243e-01
1.154979999999999927e+04 1.111625896020057569e-01
1.155000000000000000e+04 1.127193096335448730e-01
1.155020000000000073e+04 1.158179509552120234e-01
1.155039999999999964e+04 1.171884566613360656e-01
1.155060000000000036e+04 1.223647836077376982e-01
1.155079999999999927e+04 1.229706910751680038e-01
1.155100000000000000e+04 1.278946666905515506e-01
1.155120000000000073e+04 1.306773382973436259e-01
1.155139999999999964e+04 1.326913758990399261e-01
1.155160000000000036e+04 1.373224672287336745e-01
1.155179999999999927e+04 1.396365160535267269e-01
1.155200000000000000e+04 1.427345824550258491e-01
1.155220000000000073e+04 1.451233488371630465e-01
1.155239999999999964e+04 1.466962859255981355e-01
1.155260000000000036e+04 1.512329429128573821e-01
1.155279999999999927e+04 1.544857068767737096e-01
1.155300000000000000e+04 1.604680591972309500e-01
1.155320000000000073e+04 1.618016082328299077e-01
1.155339999999999964e+04 1.657046425329802286e-01
1.155360000000000036e+04 1.699543140255481699e-01
1.155379999999999927e+04 1.725911938220286157e-01
1.155400000000000000e+04 1.770485201309555390e-01
1.155420000000000073e+04 1.813522705073658259e-01
1.155439999999999964e+04 1.833712109764066844e-01
1.155460000000000036e+04 1.862579963225964308e-01
1.155479999999999927e+04 1.906170605662979578e-01
1.155500000000000000e+04 1.965884091658699206e-01
1.155520000000000073e+04 1.998510342417464114e-01
1.155539999999999964e+04 2.019107112474338717e-01
1.155560000000000036e+04 2.074130851977860623e-01
1.155579999999999927e+04 2.115783541615454677e-01
1.155600000000000000e+04 2.163432727786810950e-01
1.155620000000000073e+04 2.207794777520099561e-01
1.155639999999999964e+04 2.258686046416463200e-01
1.155660000000000036e+04 2.303262339293226102e-01
1.155679999999999927e+04 2.337927492537785756e-01
1.155700000000000000e+04 2.405586925627816175e-01
1.155720000000000073e+04 2.465310869169115571e-01
1.155739999999999964e+04 2.514230234141707765e-01
1.155760000000000036e+04 2.583857702762482056e-01
1.155779999999999927e+04 2.632924048975678333e-01
1.155800000000000000e+04 2.680836830900924506e-01
1.155820000000000073e+04 2.737545778674037034e-01
1.155839999999999964e+04 2.810601596378610179e-01
1.155860000000000036e+04 2.866449967518338027e-01
1.155879999999999927e+04 2.938628535632937244e-01
1.155900000000000000e+04 3.013163098311566479e-01
1.155920000000000073e+04 3.096672396644041259e-01
1.155939999999999964e+04 3.177868271808465539e-01
1.155960000000000036e+04 3.267879481604202274e-01
1.155979999999999927e+04 3.357821392514491743e-01
1.156000000000000000e+04 3.435940806253159896e-01
1.156020000000000073e+04 3.544613049489555023e-01
1.156039999999999964e+04 3.636885453910839727e-01
1.156060000000000036e+04 3.763875852142966050e-01
1.156079999999999927e+04 3.885569005682795729e-01
1.156100000000000000e+04 4.004511915439258329e-01
1.156120000000000073e+04 4.129574165872473834e-01
1.156139999999999964e+04 4.294609365614162066e-01
1.156160000000000036e+04 4.423468261800387880e-01
1.156179999999999927e+04 4.592891854223175585e-01
1.156200000000000000e+04 4.787824795979069847e-01
1.156220000000000073e+04 4.986957043315817795e-01
1.156239999999999964e+04 5.164055202036831327e-01
1.156260000000000036e+04 5.375412353097931417e-01
1.156279999999999927e+04 5.610939988435246217e-01
1.156300000000000000e+04 5.845062202312832911e-01
1.156320000000000073e+04 6.088681716781221276e-01
1.156339999999999964e+04 6.366879609773263837e-01
1.156360000000000036e+04 6.658873766645144743e-01
1.156379999999999927e+04 6.946556962311841721e-01
1.156400000000000000e+04 7.239926567809922275e-01
1.156420000000000073e+04 7.574218651031726646e-01
1.156439999999999964e+04 7.870617599982204782e-01
1.156460000000000036e+04 8.182758415580901890e-01
1.156479999999999927e+04 8.519677314730521589e-01
1.156500000000000000e+04 8.830538923811543928e-01
1.156520000000000073e+04 9.122291866491435419e-01
1.156539999999999964e+04 9.417983760520646230e-01
1.156560000000000036e+04 9.682903801106456099e-01
1.156579999999999927e+04 9.942905899314602447e-01
1.156600000000000000e+04 1.020328181543923129e+00
1.156620000000000073e+04 1.039902594145189152e+00
1.156639999999999964e+04 1.060290151903941158e+00
1.156660000000000036e+04 1.078791888453309422e+00
1.156679999999999927e+04 1.094124905264996839e+00
1.156700000000000000e+04 1.109271619853565927e+00
1.156720000000000073e+04 1.121423615619655090e+00
1.156739999999999964e+04 1.132606912389920506e+00
1.156760000000000036e+04 1.139334763431835817e+00
1.156779999999999927e+04 1.145746894294501050e+00
1.156800000000000000e+04 1.150361839993575552e+00
1.156820000000000073e+04 1.153595743541375285e+00
1.156839999999999964e+04 1.156463333097697443e+00
1.156860000000000036e+04 1.156476578864023663e+00
1.156879999999999927e+04 1.155097039305172046e+00
1.156900000000000000e+04 1.153264682074200076e+00
1.156920000000000073e+04 1.153497598611234576e+00
1.156939999999999964e+04 1.150940529715379634e+00
1.156960000000000036e+04 1.145161458467547133e+00
1.156979999999999927e+04 1.141177168214979831e+00
1.157000000000000000e+04 1.134333449941634653e+00
1.157020000000000073e+04 1.129727919872866027e+00
1.157039999999999964e+04 1.124609222862371416e+00
1.157060000000000036e+04 1.117289951392646863e+00
1.157079999999999927e+04 1.111056755320977363e+00
1.157100000000000000e+04 1.103669072324788614e+00
1.157120000000000073e+04 1.097652511085711158e+00
1.157139999999999964e+04 1.090997198766580301e+00
1.157160000000000036e+04 1.084380435792682063e+00
1.157179999999999927e+04 1.079785224710077429e+00
1.157200000000000000e+04 1.073467167812537815e+00
1.157220000000000073e+04 1.068674918185429146e+00
1.157239999999999964e+04 1.063526725884972768e+00
1.157260000000000036e+04 1.058388886695235342e+00
1.157279999999999927e+04 1.054348592965874909e+00
1.157300000000000000e+04 1.051013507684113613e+00
1.157320000000000073e+04 1.047311149976163591e+00
1.157339999999999964e+04 1.043989753347963179e+00
1.157360000000000036e+04 1.040618316700419044e+00
1.157379999999999927e+04 1.037104412224967742e+00
1.157400000000000000e+04 1.034407551649081380e+00
1.157420000000000073e+04 1.033275276496393502e+00
1.157439999999999964e+04 1.031393547953853629e+00
1.157460000000000036e+04 1.029175469741885340e+00
1.157479999999999927e+04 1.027599391875928303e+00
1.157500000000000000e+04 1.027178941401008627e+00
1.157520000000000073e+04 1.026759699881213850e+00
1.157539999999999964e+04 1.026957989870685317e+00
1.157560000000000036e+04 1.025680758463778819e+00
1.157579999999999927e+04 1.025409251672785071e+00
1.157600000000000000e+04 1.025268165105490681e+00
1.157620000000000073e+04 1.026358175343665691e+00
1.157639999999999964e+04 1.027350879198261513e+00
1.157660000000000036e+04 1.028230361901158130e+00
1.157679999999999927e+04 1.028040920335442809e+00
1.157700000000000000e+04 1.030019666028259007e+00
1.157720000000000073e+04 1.031606203598836036e+00
1.157739999999999964e+04 1.033725590036926212e+00
1.157760000000000036e+04 1.037259796543999801e+00
1.157779999999999927e+04 1.037585578555473731e+00
1.157800000000000000e+04 1.038771213037871455e+00
1.157820000000000073e+04 1.041507911962340271e+00
1.157839999999999964e+04 1.042197352387288944e+00
1.157860000000000036e+04 1.046480365226319043e+00
1.157879999999999927e+04 1.048533940711259493e+00
1.157900000000000000e+04 1.052115639601021835e+00
1.157920000000000073e+04 1.053712818358315539e+00
1.157939999999999964e+04 1.056331163144788476e+00
1.157960000000000036e+04 1.058209812935592353e+00
1.157979999999999927e+04 1.061732739072448695e+00
1.158000000000000000e+04 1.064225060670977996e+00
1.158020000000000073e+04 1.066405361049220124e+00
1.158039999999999964e+04 1.068991871501816959e+00
1.158060000000000036e+04 1.071552316946013272e+00
1.158079999999999927e+04 1.073566594989924017e+00
1.158100000000000000e+04 1.074353769602438335e+00
1.158120000000000073e+04 1.076291145701317342e+00
1.158139999999999964e+04 1.078356435420217085e+00
1.158160000000000036e+04 1.080418090952680155e+00
1.158179999999999927e+04 1.082154684976377013e+00
1.158200000000000000e+04 1.083154336788986871e+00
1.158220000000000073e+04 1.084935619850346811e+00
1.158239999999999964e+04 1.087514133498391544e+00
1.158260000000000036e+04 1.088384903623871303e+00
1.158279999999999927e+04 1.087608232856259516e+00
1.158300000000000000e+04 1.089848908413444839e+00
1.158320000000000073e+04 1.090310731396086918e+00
1.158339999999999964e+04 1.090112217712062570e+00
1.158360000000000036e+04 1.092061362582680939e+00
1.158379999999999927e+04 1.094512871642791207e+00
1.158400000000000000e+04 1.095064646497121430e+00
1.158420000000000073e+04 1.095845878320070632e+00
1.158439999999999964e+04 1.097351836622750598e+00
1.158460000000000036e+04 1.099184809167030652e+00
1.158479999999999927e+04 1.100817993548516727e+00
1.158500000000000000e+04 1.102177775472231724e+00
1.158520000000000073e+04 1.101491803147099713e+00
1.158539999999999964e+04 1.104246774427080524e+00
1.158560000000000036e+04 1.104259734820603800e+00
1.158579999999999927e+04 1.107792051812813483e+00
1.158600000000000000e+04 1.108646813193009395e+00
1.158620000000000073e+04 1.110711027050963473e+00
1.158639999999999964e+04 1.111958203823413038e+00
1.158660000000000036e+04 1.114406250225915773e+00
1.158679999999999927e+04 1.116973320179813989e+00
1.158700000000000000e+04 1.117943737798517745e+00
1.158720000000000073e+04 1.120847852122510035e+00
1.158739999999999964e+04 1.123579332657793417e+00
1.158760000000000036e+04 1.127365612833016506e+00
1.158779999999999927e+04 1.128413223071944138e+00
1.158800000000000000e+04 1.132729081520345238e+00
1.158820000000000073e+04 1.136146304206762325e+00
1.158839999999999964e+04 1.136529278457623970e+00
1.158860000000000036e+04 1.139404726228422149e+00
1.158879999999999927e+04 1.142505630057513155e+00
1.158900000000000000e+04 1.149505756690409886e+00
1.158920000000000073e+04 1.149829511850963604e+00
1.158939999999999964e+04 1.152952380366756069e+00
1.158960000000000036e+04 1.156246764942837624e+00
1.158979999999999927e+04 1.159732428585524389e+00
1.159000000000000000e+04 1.163108114828860007e+00
1.159020000000000073e+04 1.166018583235360895e+00
1.159039999999999964e+04 1.170260436307990703e+00
1.159060000000000036e+04 1.172923267169953432e+00
1.159079999999999927e+04 1.176344465548894380e+00
1.159100000000000000e+04 1.180560262981562136e+00
1.159120000000000073e+04 1.184207005296719073e+00
1.159139999999999964e+04 1.186671950158432409e+00
1.159160000000000036e+04 1.192144822806427085e+00
1.159179999999999927e+04 1.193719391136734309e+00
1.159200000000000000e+04 1.199201211112988830e+00
1.159220000000000073e+04 1.203604424651556482e+00
1.159239999999999964e+04 1.206525731735691664e+00
1.159260000000000036e+04 1.210899806006572765e+00
1.159279999999999927e+04 1.212956693254349183e+00
1.159300000000000000e+04 1.217413735429171417e+00
1.159320000000000073e+04 1.221585499110839912e+00
1.159339999999999964e+04 1.223954431921794761e+00
1.159360000000000036e+04 1.225731905601893823e+00
1.159379999999999927e+04 1.230466008774578679e+00
1.159400000000000000e+04 1.233402410967775698e+00
1.159420000000000073e+04 1.233704991931645623e+00
1.159439999999999964e+04 1.239189341677314538e+00
1.159460000000000036e+04 1.241033652842141732e+00
1.159479999999999927e+04 1.242880857046392507e+00
1.159500000000000000e+04 1.244978685871252821e+00
1.159520000000000073e+04 1.246991419803166856e+00
1.159539999999999964e+04 1.249099990807032379e+00
1.159560000000000036e+04 1.249585255074737056e+00
1.159579999999999927e+04 1.254054454588179102e+00
1.159600000000000000e+04 1.255219152735871591e+00
1.159620000000000073e+04 1.255463081098205702e+00
1.159639999999999964e+04 1.259285283362231223e+00
1.159660000000000036e+04 1.256590980650768241e+00
1.159679999999999927e+04 1.261277488853530304e+00
1.159700000000000000e+04 1.260409068463671733e+00
1.159770000000000073e+04 1.263711012108662324e+00
1.159839999999999964e+04 1.266774550384767606e+00
1.159910000000000036e+04 1.269589516329215684e+00
1.159979999999999927e+04 1.272570641223114141e+00
1.160050000000000000e+04 1.276747680778489213e+00
1.160120000000000073e+04 1.279641490494893841e+00
1.160189999999999964e+04 1.285664894230625466e+00
1.160260000000000036e+04 1.290000305110570178e+00
1.160329999999999927e+04 1.294708947881621830e+00
1.160499369499999921e+04 1.307905485089541298e+00
1.160599958300000071e+04 1.318056124780344840e+00
1.160701766200000020e+04 1.326229507890879677e+00
1.160804793299999983e+04 1.337370733868470829e+00
1.160909039599999960e+04 1.348191590256709205e+00
1.161014505099999951e+04 1.362992461169190594e+00
1.161121189799999956e+04 1.377604745445507817e+00
1.161229093699999976e+04 1.394552065375323169e+00
1.161338216699999975e+04 1.409410176494401146e+00
1.161448559000000023e+04 1.426838490390522907e+00
1.161560120400000051e+04 1.443639000657947147e+00
1.161672901099999945e+04 1.461714857803569689e+00
1.161786900900000001e+04 1.476247182419674120e+00
1.161902119900000071e+04 1.492930014100494640e+00
1.162018558200000007e+04 1.506349753367905553e+00
1.162136215599999923e+04 1.520228305101980038e+00
1.162255092200000036e+04 1.531661286249077936e+00
1.162375187899999946e+04 1.543550953401599646e+00
1.162496502900000087e+04 1.554698038387784198e+00
1.162619037100000060e+04 1.564240926035657120e+00
1.162742790400000013e+04 1.575186486756978699e+00
1.162867763000000014e+04 1.584064724662312518e+00
1.162993954699999995e+04 1.594839059866279385e+00
1.163121365700000024e+04 1.603962780762210771e+00
1.163249995800000033e+04 1.613581814233038925e+00
1.163379845100000057e+04 1.625778931232490176e+00
1.163510913599999913e+04 1.636327462196828453e+00
1.163643201299999964e+04 1.646771837605845779e+00
1.163776708200000030e+04 1.655903102272080485e+00
1.163911434200000076e+04 1.667310222236173090e+00
1.164047379499999988e+04 1.677647875062475702e+00
1.164184543999999914e+04 1.689471290507597701e+00
1.164322927600000003e+04 1.701376739190493037e+00
1.164462530499999957e+04 1.712506177220044723e+00
1.164603352500000074e+04 1.726802818732610323e+00
1.164745393700000022e+04 1.738619532044294758e+00
1.164888654099999985e+04 1.752922256758964847e+00
1.165033133699999962e+04 1.766467929960111816e+00
1.165178832499999953e+04 1.783620988424735376e+00
1.165325750499999958e+04 1.797711983263198476e+00
1.165473887699999977e+04 1.815978534828200708e+00
1.165623243999999977e+04 1.833118419760048301e+00
1.165773819600000024e+04 1.852308722989367551e+00
1.165925614300000052e+04 1.869805226980601809e+00
1.166078628299999946e+04 1.887552818360619167e+00
1.166232861400000002e+04 1.906105142224470583e+00
1.166388313700000072e+04 1.921199278741805072e+00
1.166544985199999974e+04 1.940572280474034628e+00
1.166702875900000072e+04 1.956814114428951479e+00
1.166861985800000002e+04 1.972430220470840823e+00
1.167022314899999947e+04 1.990302490571127514e+00
1.167183863200000087e+04 2.005230453674291979e+00
1.167346630700000060e+04 2.021485911749778541e+00
1.167510617300000013e+04 2.038818072516435098e+00
1.167675823200000013e+04 2.056053544553087420e+00
1.167842248199999995e+04 2.072895272867715466e+00
1.168009892399999990e+04 2.091378667951345527e+00
1.168178755799999999e+04 2.108086223224149514e+00
1.168348838500000056e+04 2.126750059589027408e+00
1.168520140299999912e+04 2.144076053344147859e+00
1.168692661299999963e+04 2.160783486323844649e+00
1.168866401399999995e+04 2.179765475762167171e+00
1.169041360800000075e+04 2.195183385619123406e+00
1.169217539399999987e+04 2.214178871960274186e+00
1.169394937100000061e+04 2.229815782194885188e+00
1.169573554100000001e+04 2.249125345298858658e+00
1.169753390199999922e+04 2.264906077062157852e+00
1.169934445500000038e+04 2.281118425420751272e+00
1.170116720100000020e+04 2.297926404199282402e+00
1.170300213799999983e+04 2.313579417448280218e+00
1.170484926699999960e+04 2.332516258206154713e+00
1.170670858799999951e+04 2.350115140783378020e+00
1.170858009999999922e+04 2.369011593154854545e+00
1.171046380499999941e+04 2.387970569454485936e+00
1.171235970199999974e+04 2.408332399282468117e+00
1.171426778999999988e+04 2.427923494653372316e+00
1.171618807100000049e+04 2.447782282874047866e+00
1.171812054300000091e+04 2.469552927044203372e+00
1.172006520699999965e+04 2.491288169273266018e+00
1.172202206400000068e+04 2.513015510649249773e+00
1.172399111199999970e+04 2.533751652503011265e+00
1.172597235200000068e+04 2.558280968668519950e+00
1.172796578399999999e+04 2.579619933867067338e+00
1.172997140700000091e+04 2.599793872964022867e+00
1.173198922300000049e+04 2.620755205483835226e+00
1.173401923100000022e+04 2.643306205493614502e+00
1.173606142999999975e+04 2.663669304956374884e+00
1.173811582199999975e+04 2.685602285715992465e+00
1.174018240499999956e+04 2.707312608989592473e+00
1.174226117999999951e+04 2.727496852562258045e+00
1.174435214799999994e+04 2.750083387704927329e+00
1.174645530700000018e+04 2.770542656396876247e+00
1.174857065800000055e+04 2.792284112937366114e+00
1.175069820099999924e+04 2.814312824266887336e+00
1.175283793499999956e+04 2.836186752558650159e+00
1.175498986200000036e+04 2.859724270153011894e+00
1.175715398099999948e+04 2.880517600047967974e+00
1.175933029100000022e+04 2.899222314229342068e+00
1.176151879399999962e+04 2.921932622364603382e+00
1.176371948800000064e+04 2.941051569690746881e+00
1.176593237399999998e+04 2.963836297437513867e+00
1.176815745299999980e+04 2.983392042509455777e+00
1.177039472299999943e+04 3.005355239660294497e+00
1.177264418499999920e+04 3.027602393596505514e+00
1.177490583800000059e+04 3.048122001123199976e+00
1.177717968400000063e+04 3.070560492232868199e+00
1.177946572200000082e+04 3.093346734109685414e+00
1.178176395199999934e+04 3.118239253026760416e+00
1.178407437299999947e+04 3.139668008164636426e+00
1.178639698700000008e+04 3.163137616969658339e+00
1.178873179200000050e+04 3.189591018528585398e+00
1.179107878899999923e+04 3.214928186467290061e+00
1.179343797799999993e+04 3.239515062945116153e+00
1.179580935900000077e+04 3.263803130150188636e+00
1.179819293199999993e+04 3.289647270844361149e+00
1.180058869699999923e+04 3.316495018831729702e+00
1.180299665400000049e+04 3.340521093070925929e+00
1.180541680300000007e+04 3.367902209416144821e+00
1.180784914299999946e+04 3.393784796351873467e+00
1.181029367599999932e+04 3.421023290331719480e+00
1.181275040000000081e+04 3.446572101637961794e+00
1.181521931699999914e+04 3.472834358618333450e+00
1.181770042500000091e+04 3.496534049404674604e+00
1.182019372499999918e+04 3.522924754855115026e+00
1.182269921699999941e+04 3.548511283039236019e+00
1.182521690099999978e+04 3.571506618920257559e+00
1.182774677700000029e+04 3.597371296983383093e+00
1.183028884499999913e+04 3.621454508512461423e+00
1.183284310499999992e+04 3.645585669295179798e+00
1.183540955600000052e+04 3.670566921872376653e+00
1.183798819999999978e+04 3.694111175587149631e+00
1.184057903500000066e+04 3.720128003565037034e+00
1.184318206199999986e+04 3.745631725340738072e+00
1.184579728199999954e+04 3.772391316527790917e+00
1.184842469300000084e+04 3.797195738487510130e+00
1.185106429600000047e+04 3.824396078772687169e+00
1.185371609100000023e+04 3.851204107460580062e+00
1.185638007800000014e+04 3.877348971148290691e+00
1.185905625599999985e+04 3.906409358451334413e+00
1.186174462700000004e+04 3.932417710842396996e+00
1.186444519000000037e+04 3.961360441846918157e+00
1.186715794400000050e+04 3.988707991435586742e+00
1.186988289099999929e+04 4.015637520730666488e+00
1.187262002899999970e+04 4.044683784093829892e+00
1.187536935900000026e+04 4.073645618721919881e+00
1.187813088099999914e+04 4.102174853599152904e+00
1.188090459499999997e+04 4.133210167914301181e+00
1.188369050099999913e+04 4.160632332340574280e+00
1.188648859900000025e+04 4.189912414783035999e+00
1.188929888899999969e+04 4.220252523463840610e+00
1.189212137099999927e+04 4.247749258598291000e+00
1.189495604400000047e+04 4.278054533202515053e+00
1.189780291000000034e+04 4.307797843941207461e+00
1.190066196700000000e+04 4.336352097194561495e+00
1.190353321700000015e+04 4.364909742603858334e+00
1.190641665800000010e+04 4.393613145428808764e+00
1.190931229100000019e+04 4.420511987009633437e+00
1.191222011600000042e+04 4.450271215464166374e+00
1.191514013300000079e+04 4.480148146046252222e+00
1.191807234199999948e+04 4.508139895689011745e+00
1.192101674300000013e+04 4.537832865235335689e+00
1.192397333500000059e+04 4.567354512130367361e+00
1.192694211999999970e+04 4.596216338409249147e+00
1.192992309600000044e+04 4.631917086333563915e+00
1.193291626499999984e+04 4.678594204156545366e+00
1.193592162500000086e+04 4.765493076841849529e+00
1.193893917700000020e+04 4.909760084154623172e+00
1.194196892099999968e+04 5.082823257419622820e+00
1.194501085799999964e+04 5.179548285175377131e+00
1.194806498500000089e+04 5.142213036130818260e+00
1.195113130500000079e+04 5.031088962548103893e+00
1.195420981700000084e+04 4.946675760450123249e+00
1.195730052099999921e+04 4.925498943890706194e+00
1.196040341599999920e+04 4.941264291559088306e+00
1.196351850399999967e+04 4.969396541365274977e+00
1.196664578299999994e+04 5.002167754545623346e+00
1.196978525500000069e+04 5.034883728451834628e+00
1.197293691799999942e+04 5.068135187912173656e+00
1.197610077300000012e+04 5.100077421053705429e+00
1.197927681999999913e+04 5.133610574931640969e+00
1.198246505900000011e+04 5.163162148192271594e+00
1.198566548999999941e+04 5.198324336803894496e+00
1.198887811200000033e+04 5.229158731263746418e+00
1.199210292699999991e+04 5.263512072309943335e+00
1.199533993399999963e+04 5.295640091698363250e+00
1.199858913199999915e+04 5.328775713596302310e+00
1.200185052299999916e+04 5.360413909463769500e+00
1.200512410500000078e+04 5.395064205387553713e+00
1.200840987900000073e+04 5.426971432946180229e+00
1.201170784500000082e+04 5.458968355237828085e+00
1.201501800299999923e+04 5.491809542590962323e+00
1.201834035299999960e+04 5.524692867519529926e+00
1.202167489500000011e+04 5.557513957780288116e+00
1.202502162900000076e+04 5.592573848536727787e+00
1.202838055399999939e+04 5.627100594793549959e+00
1.203175167200000033e+04 5.660392217305304285e+00
1.203513498199999958e+04 5.693433376843591631e+00
1.203853048300000046e+04 5.728300935472168121e+00
1.204193817599999966e+04 5.762420836720717254e+00
1.204535806100000082e+04 5.798909245859794837e+00
1.204879013900000064e+04 5.833586154491482212e+00
1.205223440800000026e+04 5.867700825747513171e+00
1.205569086799999968e+04 5.903643902504272845e+00
1.205915952099999959e+04 5.940495684561195588e+00
1.206264036599999963e+04 5.976778003388038663e+00
1.206613340299999982e+04 6.010616503492620666e+00
1.206963863099999980e+04 6.047464594345171029e+00
1.207315605200000027e+04 6.083737240471236873e+00
1.207668566400000054e+04 6.119636995622795617e+00
1.208022746799999913e+04 6.155261098560547595e+00
1.208378146500000003e+04 6.192410590212802823e+00
1.208734765300000072e+04 6.228447767551427816e+00
1.209092603299999973e+04 6.264041655617504034e+00
1.209451660500000071e+04 6.299621569777888119e+00
1.209811936900000001e+04 6.336654919315863665e+00
1.210173432399999911e+04 6.372513265997897136e+00
1.210536147200000050e+04 6.408790056196137286e+00
1.210900081099999989e+04 6.446093552951098538e+00
1.211265234299999975e+04 6.480709000201880343e+00
1.211631606599999941e+04 6.520568611360920919e+00
1.211999198199999955e+04 6.556221423966409390e+00
1.212368008899999950e+04 6.592650693713322241e+00
1.212738038799999958e+04 6.629735579819376667e+00
1.213109287899999981e+04 6.667310858251828343e+00
1.213481756200000018e+04 6.703968548836881425e+00
1.213855443700000069e+04 6.744643111296754867e+00
1.214230350299999918e+04 6.781546631214609988e+00
1.214606476199999997e+04 6.818727253183975989e+00
1.214983821300000091e+04 6.857600867462823047e+00
1.215362385499999982e+04 6.895599843299796028e+00
1.215742168900000070e+04 6.935471591889755594e+00
1.216123171600000023e+04 6.973934109105088375e+00
1.216505393399999957e+04 7.013074390439697936e+00
1.216888834400000087e+04 7.050500652835417270e+00
1.217273494600000049e+04 7.091363405992264113e+00
1.217659374000000025e+04 7.131210926022832908e+00
1.218046472600000016e+04 7.171383938073945252e+00
1.218434790299999986e+04 7.210682511733706335e+00
1.218824327300000004e+04 7.249248736351628253e+00
1.219215083500000037e+04 7.288764498556233207e+00
1.219607058800000050e+04 7.329333442116316988e+00
1.220000253300000077e+04 7.368849163913587574e+00
1.220394667099999970e+04 7.409394243544575431e+00
1.220790300000000025e+04 7.448175751853160165e+00
1.221187152099999912e+04 7.487202486686935110e+00
1.221585223399999995e+04 7.528551143617953301e+00
1.221984513899999911e+04 7.568084909781379821e+00
1.222385023600000022e+04 7.608134062900801631e+00
1.222786752399999932e+04 7.649521191511791329e+00
1.223189700500000072e+04 7.690263985711279560e+00
1.223593867800000044e+04 7.731787802513711227e+00
1.223999254199999996e+04 7.772451572008412413e+00
1.224405859799999962e+04 7.812360659697657361e+00
1.224813684699999976e+04 7.854720964379346526e+00
1.225222728699999971e+04 7.895299484447903637e+00
1.225632991899999979e+04 7.936940004321609621e+00
1.226044474300000002e+04 7.977784876205572751e+00
1.226457175900000038e+04 8.019067329692040502e+00
1.226871096700000089e+04 8.061963811794548462e+00
1.227286236599999938e+04 8.104770428426681050e+00
1.227702595800000017e+04 8.146369372101929685e+00
1.228120174199999929e+04 8.189044493814986225e+00
1.228538971700000002e+04 8.231379125075331871e+00
1.228958988400000089e+04 8.275558933516268922e+00
1.229380224400000043e+04 8.317420942659232708e+00
1.229802679499999977e+04 8.362543757894751906e+00
1.230226353799999924e+04 8.403555223384019612e+00
1.230651247300000068e+04 8.447033254667422497e+00
1.231077360000000044e+04 8.490120276284896406e+00
1.231504691900000034e+04 8.534085127824063477e+00
1.231933242900000005e+04 8.578101894398390215e+00
1.232363013200000023e+04 8.621492753869819836e+00
1.232794002600000022e+04 8.665298052262899731e+00
1.233226211300000068e+04 8.708987671107152551e+00
1.233659639099999913e+04 8.751017299826180817e+00
1.234094286099999954e+04 8.795769884571367214e+00
1.234530152400000043e+04 8.839245753944350525e+00
1.234967237799999930e+04 8.885212031036989089e+00
1.235405542400000013e+04 8.927331999054549883e+00
1.235845066199999928e+04 8.972371666223184050e+00
1.236285809100000006e+04 9.017734398696099163e+00
1.236727771299999949e+04 9.063002806338204209e+00
1.237170952700000089e+04 9.106262607431975908e+00
1.237615353200000027e+04 9.152235347834672297e+00
1.238060973000000013e+04 9.198205540057040608e+00
1.238507811899999979e+04 9.241225809819262338e+00
1.238955869999999959e+04 9.286364792503636778e+00
1.239405147299999953e+04 9.330786990299275274e+00
1.239855643799999962e+04 9.378541930349552302e+00
1.240307359499999984e+04 9.422538315099250994e+00
1.240760294400000021e+04 9.469259195563285658e+00
1.241214448500000071e+04 9.516062942582943052e+00
1.241669821799999954e+04 9.561671912451947364e+00
1.242126414199999999e+04 9.609527154208571176e+00
1.242584225899999910e+04 9.656652960165096999e+00
1.243043256699999984e+04 9.703342246908279733e+00
1.243503506799999923e+04 9.748561495346548256e+00
1.243964976000000024e+04 9.795351704325293341e+00
1.244427664399999958e+04 9.842291613543791229e+00
1.244891572000000087e+04 9.890542057469602355e+00
1.245356698800000049e+04 9.937648035623364962e+00
1.245823044800000025e+04 9.984634740663794972e+00
1.246290610000000015e+04 1.003209365451434287e+01
1.246759394299999985e+04 1.007794772551593177e+01
1.247229397900000004e+04 1.012749410680945061e+01
1.247700620600000002e+04 1.017491692943325177e+01
1.248173062600000048e+04 1.022245705125612503e+01
1.248646723700000075e+04 1.027088086538449652e+01
1.249121603999999934e+04 1.031674681511855418e+01
1.249597703600000023e+04 1.036614674393885949e+01
1.250075022299999910e+04 1.041431793586085597e+01
1.250553560199999993e+04 1.046182211259170636e+01
1.251033317200000056e+04 1.050905672037190541e+01
1.251514293499999985e+04 1.055948175836373792e+01
1.251996488999999929e+04 1.060846574730875780e+01
1.252479903700000068e+04 1.065707650811703999e+01
1.252964537500000006e+04 1.070590561162225995e+01
