1.138059698199999912e+04 1.924149074210272370e-01
1.138559698199999912e+04 1.956044203072785370e-01
1.139059698199999912e+04 1.925253685606399257e-01
1.139559698199999912e+04 1.929357110514679507e-01
1.140059698199999912e+04 1.930199416314796745e-01
1.140559698199999912e+04 1.934439391873992720e-01
1.141059698199999912e+04 1.949315894228200730e-01
1.141559698199999912e+04 1.940983822320250796e-01
1.142059698199999912e+04 1.953328999301244817e-01
1.142559698199999912e+04 1.962193074760179012e-01
1.143059698199999912e+04 1.957907988749661710e-01
1.143559698199999912e+04 1.980738124530796174e-01
1.144059698199999912e+04 1.975543288304668632e-01
1.144559698199999912e+04 1.975234791535853129e-01
1.145059698199999912e+04 1.993643693424757835e-01
1.145559698199999912e+04 1.986436988364673473e-01
1.146059698199999912e+04 2.002785915474028233e-01
1.146559698199999912e+04 2.009045222746754511e-01
1.147059698199999912e+04 2.027169248406311686e-01
1.147559698199999912e+04 2.029138091542455058e-01
1.148059698199999912e+04 2.030981399140792398e-01
1.148559698199999912e+04 2.048832740394913032e-01
1.149059698199999912e+04 2.064049499230632689e-01
1.149559698199999912e+04 2.066542287522610266e-01
1.150059698199999912e+04 2.072175145549599029e-01
1.150559698199999912e+04 2.072678712503747689e-01
1.151059698199999912e+04 2.089939762737783591e-01
1.151559698199999912e+04 2.113161482379291856e-01
1.152059698199999912e+04 2.131049302958096803e-01
1.152559698199999912e+04 2.161506444105038560e-01
1.153059698199999912e+04 2.195485893444925896e-01
1.153400000000000000e+04 2.227981021823489116e-01
1.153500000000000000e+04 2.231117403734340088e-01
1.153600000000000000e+04 2.248776460408335176e-01
1.153700000000000000e+04 2.253838362296796405e-01
1.153800000000000000e+04 2.246037584207103144e-01
1.153900000000000000e+04 2.268249639069583323e-01
1.154000000000000000e+04 2.287325949516308687e-01
1.154100000000000000e+04 2.290399011675033625e-01
1.154120000000000073e+04 2.312531824754764653e-01
1.154139999999999964e+04 2.319761258171682272e-01
1.154160000000000036e+04 2.326530592202633030e-01
1.154179999999999927e+04 2.325573123181462476e-01
1.154200000000000000e+04 2.331233224886412048e-01
1.154220000000000073e+04 2.321419602797559212e-01
1.154239999999999964e+04 2.334667664356239736e-01
1.154260000000000036e+04 2.327465658179785346e-01
1.154279999999999927e+04 2.329433334544469547e-01
1.154300000000000000e+04 2.331550469699393002e-01
1.154320000000000073e+04 2.344730251941063159e-01
1.154339999999999964e+04 2.348261265415521049e-01
1.154360000000000036e+04 2.354800377691342317e-01
1.154379999999999927e+04 2.361412558432503528e-01
1.154400000000000000e+04 2.373152462480336566e-01
1.154420000000000073e+04 2.359215132018644689e-01
1.154439999999999964e+04 2.351637766347933201e-01
1.154460000000000036e+04 2.344549398565358989e-01
1.154479999999999927e+04 2.382400239662428587e-01
1.154500000000000000e+04 2.360191806077715782e-01
1.154520000000000073e+04 2.379597544310531609e-01
1.154539999999999964e+04 2.376541891093485181e-01
1.154560000000000036e+04 2.375271643462211479e-01
1.154579999999999927e+04 2.400647898630498545e-01
1.154600000000000000e+04 2.410925493113961482e-01
1.154620000000000073e+04 2.402450495782044448e-01
1.154639999999999964e+04 2.388251286248134764e-01
1.154660000000000036e+04 2.413770767929463712e-01
1.154679999999999927e+04 2.429087610112656281e-01
1.154700000000000000e+04 2.409449728773631338e-01
1.154720000000000073e+04 2.425292654096532219e-01
1.154739999999999964e+04 2.443347213951227170e-01
1.154760000000000036e+04 2.458546073253566333e-01
1.154779999999999927e+04 2.450218333768838241e-01
1.154800000000000000e+04 2.448829128674767652e-01
1.154820000000000073e+04 2.480595434904693530e-01
1.154839999999999964e+04 2.468235024313074344e-01
1.154860000000000036e+04 2.480230662428766775e-01
1.154879999999999927e+04 2.478560415216237989e-01
1.154900000000000000e+04 2.489854986571444218e-01
1.154920000000000073e+04 2.483665654972353476e-01
1.154939999999999964e+04 2.501229139792863210e-01
1.154960000000000036e+04 2.528771527343857128e-01
1.154979999999999927e+04 2.513769845881733689e-01
1.155000000000000000e+04 2.517626750658557011e-01
1.155020000000000073e+04 2.549682552716600048e-01
1.155039999999999964e+04 2.539261582340192058e-01
1.155060000000000036e+04 2.551081750757872579e-01
1.155079999999999927e+04 2.568643726785310721e-01
1.155100000000000000e+04 2.569064693920547482e-01
1.155120000000000073e+04 2.600699693943030466e-01
1.155139999999999964e+04 2.598519601405234192e-01
1.155160000000000036e+04 2.604313822323057748e-01
1.155179999999999927e+04 2.636134142171800421e-01
1.155200000000000000e+04 2.625021267902107880e-01
1.155220000000000073e+04 2.645640765980453168e-01
1.155239999999999964e+04 2.643551020867320189e-01
1.155260000000000036e+04 2.662924793405094248e-01
1.155279999999999927e+04 2.691311671300574693e-01
1.155300000000000000e+04 2.704340177992646810e-01
1.155320000000000073e+04 2.692306826551144061e-01
1.155339999999999964e+04 2.716941680585144847e-01
1.155360000000000036e+04 2.734858275376675363e-01
1.155379999999999927e+04 2.768327916937566857e-01
1.155400000000000000e+04 2.766780838653947194e-01
1.155420000000000073e+04 2.787548520802216601e-01
1.155439999999999964e+04 2.793368879945876682e-01
1.155460000000000036e+04 2.785858053216812569e-01
1.155479999999999927e+04 2.827091473242633324e-01
1.155500000000000000e+04 2.872645906333481935e-01
1.155520000000000073e+04 2.867698788459118742e-01
1.155539999999999964e+04 2.875680632800051706e-01
1.155560000000000036e+04 2.921188140818218315e-01
1.155579999999999927e+04 2.947912867299937179e-01
1.155600000000000000e+04 2.971553928866124683e-01
1.155620000000000073e+04 2.995442584676799580e-01
1.155639999999999964e+04 3.001202924742911171e-01
1.155660000000000036e+04 3.021550764149567581e-01
1.155679999999999927e+04 3.082030656751597597e-01
1.155700000000000000e+04 3.098051007959696790e-01
1.155720000000000073e+04 3.133596931471768210e-01
1.155739999999999964e+04 3.184832727781001238e-01
1.155760000000000036e+04 3.221862710498354931e-01
1.155779999999999927e+04 3.243543798449488036e-01
1.155800000000000000e+04 3.295395551746236329e-01
1.155820000000000073e+04 3.309383619514156827e-01
1.155839999999999964e+04 3.372640601831261020e-01
1.155860000000000036e+04 3.406016451324507810e-01
1.155879999999999927e+04 3.461148880486253354e-01
1.155900000000000000e+04 3.530882051841002789e-01
1.155920000000000073e+04 3.570920888192324338e-01
1.155939999999999964e+04 3.648920541195179168e-01
1.155960000000000036e+04 3.707989744089588147e-01
1.155979999999999927e+04 3.770709273924899851e-01
1.156000000000000000e+04 3.837241794457683097e-01
1.156020000000000073e+04 3.911618226986337543e-01
1.156039999999999964e+04 3.991768908212618427e-01
1.156060000000000036e+04 4.120104988729301199e-01
1.156079999999999927e+04 4.188404865971209201e-01
1.156100000000000000e+04 4.306402667432573383e-01
1.156120000000000073e+04 4.405950209948598095e-01
1.156139999999999964e+04 4.544146856958419800e-01
1.156160000000000036e+04 4.675128974237831581e-01
1.156179999999999927e+04 4.828831710829337709e-01
1.156200000000000000e+04 4.971730442843290132e-01
1.156220000000000073e+04 5.151690857070556628e-01
1.156239999999999964e+04 5.326855401382509791e-01
1.156260000000000036e+04 5.505918971608432244e-01
1.156279999999999927e+04 5.737720953284616288e-01
1.156300000000000000e+04 5.955115188396099546e-01
1.156320000000000073e+04 6.179392239725515212e-01
1.156339999999999964e+04 6.424982074656386821e-01
1.156360000000000036e+04 6.698936301725019193e-01
1.156379999999999927e+04 6.964468065573091726e-01
1.156400000000000000e+04 7.233052779576543134e-01
1.156420000000000073e+04 7.544451028998238051e-01
1.156439999999999964e+04 7.827782100985608560e-01
1.156460000000000036e+04 8.119793769969511077e-01
1.156479999999999927e+04 8.443169558474405978e-01
1.156500000000000000e+04 8.732155984215451694e-01
1.156520000000000073e+04 8.996589035130097001e-01
1.156539999999999964e+04 9.278198290344537025e-01
1.156560000000000036e+04 9.536716720774282008e-01
1.156579999999999927e+04 9.765012002169854988e-01
1.156600000000000000e+04 1.002543237786489128e+00
1.156620000000000073e+04 1.020220346507840103e+00
1.156639999999999964e+04 1.034734851060698180e+00
1.156660000000000036e+04 1.053378064800635894e+00
1.156679999999999927e+04 1.067303378591327512e+00
1.156700000000000000e+04 1.080293763932914208e+00
1.156720000000000073e+04 1.090238435515490600e+00
1.156739999999999964e+04 1.097252426972832540e+00
1.156760000000000036e+04 1.101020824201619730e+00
1.156779999999999927e+04 1.107860537584356431e+00
1.156800000000000000e+04 1.109615805803154220e+00
1.156820000000000073e+04 1.111066444051184376e+00
1.156839999999999964e+04 1.113364778958663148e+00
1.156860000000000036e+04 1.112011388293573599e+00
1.156879999999999927e+04 1.108016977755672317e+00
1.156900000000000000e+04 1.102851983607728625e+00
1.156920000000000073e+04 1.101510845164796581e+00
1.156939999999999964e+04 1.097701081964839620e+00
1.156960000000000036e+04 1.089108830320876020e+00
1.156979999999999927e+04 1.082422932518405378e+00
1.157000000000000000e+04 1.074785636136875722e+00
1.157020000000000073e+04 1.066767652352905937e+00
1.157039999999999964e+04 1.060689245663505753e+00
1.157060000000000036e+04 1.051192286886208027e+00
1.157079999999999927e+04 1.043161285777605585e+00
1.157100000000000000e+04 1.033139314319951207e+00
1.157120000000000073e+04 1.025351146465458108e+00
1.157139999999999964e+04 1.017862180291006835e+00
1.157160000000000036e+04 1.008524762316670431e+00
1.157179999999999927e+04 1.003634641173773989e+00
1.157200000000000000e+04 9.941402695941162770e-01
1.157220000000000073e+04 9.872398283060791480e-01
1.157239999999999964e+04 9.806566518238185592e-01
1.157260000000000036e+04 9.711479783429388668e-01
1.157279999999999927e+04 9.647550710052551493e-01
1.157300000000000000e+04 9.595306358324752205e-01
1.157320000000000073e+04 9.562416218219168540e-01
1.157339999999999964e+04 9.488321115373270498e-01
1.157360000000000036e+04 9.476266125845245192e-01
1.157379999999999927e+04 9.393736296839642064e-01
1.157400000000000000e+04 9.353139338936631297e-01
1.157420000000000073e+04 9.331548750810313431e-01
1.157439999999999964e+04 9.296434190276178233e-01
1.157460000000000036e+04 9.257703546013076323e-01
1.157479999999999927e+04 9.217055865492590483e-01
1.157500000000000000e+04 9.185189617904317982e-01
1.157520000000000073e+04 9.152265514307315053e-01
1.157539999999999964e+04 9.133241701660468337e-01
1.157560000000000036e+04 9.095157033215828246e-01
1.157579999999999927e+04 9.068771390667350607e-01
1.157600000000000000e+04 9.059067205934790978e-01
1.157620000000000073e+04 9.042097688389193477e-01
1.157639999999999964e+04 9.034853631816691655e-01
1.157660000000000036e+04 9.025297399849937507e-01
1.157679999999999927e+04 9.022333068775171272e-01
1.157700000000000000e+04 9.003571907275406128e-01
1.157720000000000073e+04 9.008751546677489230e-01
1.157739999999999964e+04 8.984565575577564411e-01
1.157760000000000036e+04 8.992006551513049839e-01
1.157779999999999927e+04 8.986264474829059878e-01
1.157800000000000000e+04 8.976001915699848288e-01
1.157820000000000073e+04 8.994913599813086913e-01
1.157839999999999964e+04 8.993060222660697045e-01
1.157860000000000036e+04 9.020496469400826056e-01
1.157879999999999927e+04 9.017418157443564120e-01
1.157900000000000000e+04 9.004573559794940563e-01
1.157920000000000073e+04 9.039475810468364791e-01
1.157939999999999964e+04 9.036330813495859759e-01
1.157960000000000036e+04 9.032321656892022821e-01
1.157979999999999927e+04 9.023017413334104564e-01
1.158000000000000000e+04 9.034881483875738528e-01
1.158020000000000073e+04 9.027637300909340246e-01
1.158039999999999964e+04 9.055166519010005022e-01
1.158060000000000036e+04 9.071029724947573536e-01
1.158079999999999927e+04 9.068544146689693219e-01
1.158100000000000000e+04 9.035921342310835325e-01
1.158120000000000073e+04 9.045068396005153666e-01
1.158139999999999964e+04 9.046905060080019378e-01
1.158160000000000036e+04 9.020642051639180536e-01
1.158179999999999927e+04 9.045117240875687470e-01
1.158200000000000000e+04 9.039801183483401337e-01
1.158220000000000073e+04 9.025058842522031277e-01
1.158239999999999964e+04 9.007389854572238619e-01
1.158260000000000036e+04 9.020347737298207713e-01
1.158279999999999927e+04 8.991184825971411110e-01
1.158300000000000000e+04 8.980199164756855756e-01
1.158320000000000073e+04 8.956923509794162408e-01
1.158339999999999964e+04 8.972649857364835002e-01
1.158360000000000036e+04 8.984739977816670331e-01
1.158379999999999927e+04 8.970915076430215906e-01
1.158400000000000000e+04 8.947973470302553745e-01
1.158420000000000073e+04 8.934122599250829966e-01
1.158439999999999964e+04 8.940283107474120694e-01
1.158460000000000036e+04 8.908674159285282501e-01
1.158479999999999927e+04 8.919934731331109479e-01
1.158500000000000000e+04 8.914068922528820549e-01
1.158520000000000073e+04 8.908289080225848533e-01
1.158539999999999964e+04 8.899418393446302256e-01
1.158560000000000036e+04 8.891066492280201849e-01
1.158579999999999927e+04 8.878909871437242751e-01
1.158600000000000000e+04 8.886288613288857441e-01
1.158620000000000073e+04 8.883343863162180831e-01
1.158639999999999964e+04 8.890856779275237987e-01
1.158660000000000036e+04 8.897277467327724398e-01
1.158679999999999927e+04 8.887501183603360166e-01
1.158700000000000000e+04 8.898575055139155143e-01
1.158720000000000073e+04 8.889501823241615641e-01
1.158739999999999964e+04 8.899377547234056385e-01
1.158760000000000036e+04 8.900411453335173029e-01
1.158779999999999927e+04 8.887543284540014854e-01
1.158800000000000000e+04 8.934603564359039352e-01
1.158820000000000073e+04 8.940394598779450863e-01
1.158839999999999964e+04 8.926034453598237217e-01
1.158860000000000036e+04 8.939690240303104218e-01
1.158879999999999927e+04 8.951812551823233877e-01
1.158900000000000000e+04 8.971260075092492015e-01
1.158920000000000073e+04 8.971659995552533351e-01
1.158939999999999964e+04 9.001146206430533647e-01
1.158960000000000036e+04 8.986572910164539740e-01
1.158979999999999927e+04 9.027895514587402914e-01
1.159000000000000000e+04 9.012795508600736083e-01
1.159020000000000073e+04 9.042019682783298817e-01
1.159039999999999964e+04 9.064380157555131934e-01
1.159060000000000036e+04 9.058890291904423409e-01
1.159079999999999927e+04 9.101234145448288126e-01
1.159100000000000000e+04 9.094551999576475643e-01
1.159120000000000073e+04 9.105454300728446082e-01
1.159139999999999964e+04 9.133139865768188370e-01
1.159160000000000036e+04 9.169759327051454356e-01
1.159179999999999927e+04 9.161492665067055841e-01
1.159200000000000000e+04 9.196678594669737139e-01
1.159220000000000073e+04 9.220547558766738483e-01
1.159239999999999964e+04 9.238489809621047710e-01
1.159260000000000036e+04 9.257249716183113541e-01
1.159279999999999927e+04 9.250522406569999800e-01
1.159300000000000000e+04 9.263837414053108787e-01
1.159320000000000073e+04 9.298014070232392125e-01
1.159339999999999964e+04 9.304327302416630641e-01
1.159360000000000036e+04 9.282795779062786856e-01
1.159379999999999927e+04 9.333229480342442042e-01
1.159400000000000000e+04 9.339893033340991302e-01
1.159420000000000073e+04 9.312452739692824721e-01
1.159439999999999964e+04 9.345257773156658843e-01
1.159460000000000036e+04 9.360173424158503286e-01
1.159479999999999927e+04 9.359766419079742494e-01
1.159500000000000000e+04 9.352661866919236289e-01
1.159520000000000073e+04 9.339981179013993051e-01
1.159539999999999964e+04 9.348192446263148270e-01
1.159560000000000036e+04 9.364359887507631708e-01
1.159579999999999927e+04 9.348763482740004571e-01
1.159600000000000000e+04 9.342707541690423723e-01
1.159620000000000073e+04 9.326282565837457073e-01
1.159639999999999964e+04 9.316122243601087094e-01
1.159660000000000036e+04 9.321573295541546456e-01
1.159679999999999927e+04 9.337074587260070224e-01
1.159700000000000000e+04 9.309312645029155231e-01
1.159770000000000073e+04 9.262596240057811015e-01
1.159839999999999964e+04 9.225142657441686156e-01
1.159910000000000036e+04 9.173201967877171459e-01
1.159979999999999927e+04 9.158484779756160821e-01
1.160050000000000000e+04 9.114415907373570880e-01
1.160120000000000073e+04 9.085119666680477879e-01
1.160189999999999964e+04 9.093380707276764729e-01
1.160260000000000036e+04 9.045873585899516511e-01
1.160329999999999927e+04 9.017399632121887443e-01
1.160499369499999921e+04 8.978539043267740327e-01
1.160599958300000071e+04 8.983379050510376107e-01
1.160701766200000020e+04 8.965369883977886145e-01
1.160804793299999983e+04 8.952048227375878353e-01
1.160909039599999960e+04 8.987131973573125876e-01
1.161014505099999951e+04 9.003487896890055575e-01
1.161121189799999956e+04 9.068842075528122937e-01
1.161229093699999976e+04 9.114422000796319479e-01
1.161338216699999975e+04 9.152627988855870367e-01
1.161448559000000023e+04 9.228004252203467761e-01
1.161560120400000051e+04 9.276268841460401093e-01
1.161672901099999945e+04 9.343798626675893226e-01
1.161786900900000001e+04 9.385397651068522196e-01
1.161902119900000071e+04 9.413555974200614740e-01
1.162018558200000007e+04 9.439852516188377285e-01
1.162136215599999923e+04 9.476811694873050751e-01
1.162255092200000036e+04 9.457537333742704888e-01
1.162375187899999946e+04 9.454537863752915383e-01
1.162496502900000087e+04 9.441731384225020562e-01
1.162619037100000060e+04 9.426120818828569448e-01
1.162742790400000013e+04 9.418767990343230867e-01
1.162867763000000014e+04 9.355382643418757027e-01
1.162993954699999995e+04 9.348657402841095143e-01
1.163121365700000024e+04 9.335539865099403700e-01
1.163249995800000033e+04 9.291185757467564921e-01
1.163379845100000057e+04 9.275850501191649222e-01
1.163510913599999913e+04 9.235668653580605403e-01
1.163643201299999964e+04 9.218598861483259244e-01
1.163776708200000030e+04 9.184635193147207000e-01
1.163911434200000076e+04 9.173115420783025664e-01
1.164047379499999988e+04 9.152329924559466923e-01
1.164184543999999914e+04 9.138783214372621089e-01
1.164322927600000003e+04 9.089732814897473201e-01
1.164462530499999957e+04 9.069020679197147272e-01
1.164603352500000074e+04 9.062182885146302658e-01
1.164745393700000022e+04 9.038589584919596298e-01
1.164888654099999985e+04 9.041708541914467157e-01
1.165033133699999962e+04 9.036541718398098944e-01
1.165178832499999953e+04 9.058471742610813005e-01
1.165325750499999958e+04 9.085265101389592424e-01
1.165473887699999977e+04 9.077126864471771750e-01
1.165623243999999977e+04 9.130633377410217744e-01
1.165773819600000024e+04 9.154084778118057875e-01
1.165925614300000052e+04 9.165872133244112874e-01
1.166078628299999946e+04 9.172448674373767652e-01
1.166232861400000002e+04 9.211575693318621028e-01
1.166388313700000072e+04 9.243222239340335156e-01
1.166544985199999974e+04 9.248404825637689397e-01
1.166702875900000072e+04 9.248814870679059608e-01
1.166861985800000002e+04 9.258907291892396474e-01
1.167022314899999947e+04 9.281249710782903950e-01
1.167183863200000087e+04 9.281572175617315290e-01
1.167346630700000060e+04 9.271551430375570835e-01
1.167510617300000013e+04 9.278115995954057116e-01
1.167675823200000013e+04 9.284485803086006683e-01
1.167842248199999995e+04 9.284928320157781467e-01
1.168009892399999990e+04 9.312136057522546473e-01
1.168178755799999999e+04 9.302871739334195311e-01
1.168348838500000056e+04 9.336131918196101109e-01
1.168520140299999912e+04 9.364280561394320301e-01
1.168692661299999963e+04 9.407189954763076623e-01
1.168866401399999995e+04 9.500791904283157896e-01
1.169041360800000075e+04 9.724046306437471587e-01
1.169217539399999987e+04 1.011866169251166792e+00
1.169394937100000061e+04 1.071435350394689845e+00
1.169573554100000001e+04 1.152244788929532859e+00
1.169753390199999922e+04 1.234494798255335590e+00
1.169934445500000038e+04 1.302306742103640058e+00
1.170116720100000020e+04 1.323856139031222012e+00
1.170300213799999983e+04 1.297081839015744587e+00
1.170484926699999960e+04 1.227755151506419118e+00
1.170670858799999951e+04 1.138108424381703010e+00
1.170858009999999922e+04 1.056216591394797844e+00
1.171046380499999941e+04 9.925895126507466859e-01
1.171235970199999974e+04 9.575489103438592497e-01
1.171426778999999988e+04 9.365322808709022340e-01
1.171618807100000049e+04 9.315293697777702331e-01
1.171812054300000091e+04 9.322162616722748929e-01
1.172006520699999965e+04 9.300342245309453082e-01
1.172202206400000068e+04 9.321185480264780887e-01
1.172399111199999970e+04 9.351491674578216173e-01
1.172597235200000068e+04 9.370682368318787869e-01
1.172796578399999999e+04 9.392625365992035569e-01
1.172997140700000091e+04 9.401519233796328257e-01
1.173198922300000049e+04 9.414477987628381284e-01
1.173401923100000022e+04 9.443705940358299022e-01
1.173606142999999975e+04 9.441242237319145136e-01
1.173811582199999975e+04 9.441491368028440689e-01
1.174018240499999956e+04 9.459825858299506507e-01
1.174226117999999951e+04 9.476451101236901264e-01
1.174435214799999994e+04 9.461977877809752968e-01
1.174645530700000018e+04 9.451226060450648170e-01
1.174857065800000055e+04 9.490061643095770716e-01
1.175069820099999924e+04 9.478064273954949215e-01
1.175283793499999956e+04 9.459212402555602361e-01
1.175498986200000036e+04 9.493654583131830860e-01
1.175715398099999948e+04 9.480569338930644463e-01
1.175933029100000022e+04 9.467539677153687938e-01
1.176151879399999962e+04 9.467399821965186701e-01
1.176371948800000064e+04 9.451190169066794322e-01
1.176593237399999998e+04 9.444720221202526078e-01
1.176815745299999980e+04 9.417083772492010896e-01
1.177039472299999943e+04 9.419859778553866247e-01
1.177264418499999920e+04 9.399826089587465239e-01
1.177490583800000059e+04 9.406940581792170297e-01
1.177717968400000063e+04 9.403468125699785407e-01
1.177946572200000082e+04 9.381583384564798900e-01
1.178176395199999934e+04 9.409664233596564120e-01
1.178407437299999947e+04 9.394407756272062926e-01
1.178639698700000008e+04 9.419376573699134170e-01
1.178873179200000050e+04 9.429529065173516411e-01
1.179107878899999923e+04 9.455962857037019109e-01
1.179343797799999993e+04 9.440803878426968776e-01
1.179580935900000077e+04 9.456810582417884969e-01
1.179819293199999993e+04 9.479835291249709694e-01
1.180058869699999923e+04 9.495055545057929924e-01
1.180299665400000049e+04 9.526496772082653219e-01
1.180541680300000007e+04 9.523869996754545930e-01
1.180784914299999946e+04 9.541077760657434848e-01
1.181029367599999932e+04 9.567075506803808249e-01
1.181275040000000081e+04 9.603715556418719324e-01
1.181521931699999914e+04 9.623279444781255298e-01
1.181770042500000091e+04 9.611490307268847344e-01
1.182019372499999918e+04 9.612746560881312297e-01
1.182269921699999941e+04 9.612750167677361901e-01
1.182521690099999978e+04 9.611799286888285110e-01
1.182774677700000029e+04 9.589353150952855120e-01
1.183028884499999913e+04 9.584948760076259511e-01
1.183284310499999992e+04 9.583671029841949185e-01
1.183540955600000052e+04 9.568543746795160621e-01
1.183798819999999978e+04 9.550856483129358532e-01
1.184057903500000066e+04 9.554818206347570619e-01
1.184318206199999986e+04 9.506851723384731612e-01
1.184579728199999954e+04 9.549876356563764546e-01
1.184842469300000084e+04 9.527010268293565343e-01
1.185106429600000047e+04 9.517671697143633702e-01
1.185371609100000023e+04 9.540593852106031836e-01
1.185638007800000014e+04 9.563418573490891639e-01
1.185905625599999985e+04 9.549064517937768670e-01
1.186174462700000004e+04 9.561572412339448546e-01
1.186444519000000037e+04 9.582260804609377125e-01
1.186715794400000050e+04 9.576141251587597658e-01
1.186988289099999929e+04 9.593987425509127309e-01
1.187262002899999970e+04 9.597170559811953883e-01
1.187536935900000026e+04 9.602273419190531234e-01
1.187813088099999914e+04 9.598069889485547623e-01
1.188090459499999997e+04 9.627163535767822022e-01
1.188369050099999913e+04 9.634775673467506074e-01
1.188648859900000025e+04 9.675821983677276306e-01
1.188929888899999969e+04 9.669461660399583103e-01
1.189212137099999927e+04 9.674914902000765204e-01
1.189495604400000047e+04 9.693196691809271570e-01
1.189780291000000034e+04 9.695924444489240068e-01
1.190066196700000000e+04 9.716580528018943230e-01
1.190353321700000015e+04 9.690196129266314129e-01
1.190641665800000010e+04 9.700078446808467758e-01
1.190931229100000019e+04 9.676956898531193785e-01
1.191222011600000042e+04 9.665272630579997415e-01
1.191514013300000079e+04 9.669193861929701317e-01
1.191807234199999948e+04 9.673664905349007581e-01
1.192101674300000013e+04 9.670760545764270910e-01
1.192397333500000059e+04 9.663911121840628171e-01
1.192694211999999970e+04 9.656799950253668330e-01
1.192992309600000044e+04 9.671848795569625290e-01
1.193291626499999984e+04 9.662476801458828035e-01
1.193592162500000086e+04 9.690825110144006826e-01
1.193893917700000020e+04 9.694680556105422786e-01
1.194196892099999968e+04 9.683243424406179356e-01
1.194501085799999964e+04 9.696527616014355422e-01
1.194806498500000089e+04 9.699355989926872201e-01
1.195113130500000079e+04 9.719676510313625117e-01
1.195420981700000084e+04 9.730252354205115584e-01
1.195730052099999921e+04 9.704628302451550059e-01
1.196040341599999920e+04 9.737862603657533311e-01
1.196351850399999967e+04 9.749958563274794265e-01
1.196664578299999994e+04 9.771212509012144887e-01
1.196978525500000069e+04 9.773712756939415547e-01
1.197293691799999942e+04 9.777992341332358839e-01
1.197610077300000012e+04 9.787898347551921008e-01
1.197927681999999913e+04 9.792019600562931192e-01
1.198246505900000011e+04 9.809391062809890149e-01
1.198566548999999941e+04 9.815912841551174273e-01
1.198887811200000033e+04 9.835381279823037781e-01
1.199210292699999991e+04 9.818958838481938178e-01
1.199533993399999963e+04 9.815977770972700300e-01
1.199858913199999915e+04 9.810800126471079796e-01
1.200185052299999916e+04 9.807039571326576777e-01
1.200512410500000078e+04 9.813527257652719937e-01
1.200840987900000073e+04 9.824181601474469838e-01
1.201170784500000082e+04 9.819944053272233742e-01
1.201501800299999923e+04 9.801380393281660108e-01
1.201834035299999960e+04 9.817827049209351120e-01
1.202167489500000011e+04 9.807716158077836033e-01
1.202502162900000076e+04 9.819117025795238707e-01
1.202838055399999939e+04 9.837646692787740399e-01
1.203175167200000033e+04 9.830307177234629545e-01
1.203513498199999958e+04 9.823204265715564931e-01
1.203853048300000046e+04 9.818545571205650191e-01
1.204193817599999966e+04 9.817830288768077951e-01
1.204535806100000082e+04 9.842129840494037163e-01
1.204879013900000064e+04 9.851614983380208024e-01
1.205223440800000026e+04 9.856648001592615005e-01
1.205569086799999968e+04 9.874087407616215506e-01
1.205915952099999959e+04 9.891734585993502415e-01
1.206264036599999963e+04 9.903578949097460171e-01
1.206613340299999982e+04 9.894702834508984912e-01
1.206963863099999980e+04 9.909774909215617322e-01
1.207315605200000027e+04 9.924444637164112626e-01
1.207668566400000054e+04 9.918245280365139971e-01
1.208022746799999913e+04 9.949208926278159115e-01
1.208378146500000003e+04 9.937709058336933188e-01
1.208734765300000072e+04 9.938433759010488755e-01
1.209092603299999973e+04 9.958245062255071112e-01
1.209451660500000071e+04 9.951127879139365362e-01
1.209811936900000001e+04 9.960741032053358479e-01
1.210173432399999911e+04 9.957051594429332519e-01
1.210536147200000050e+04 9.946594601689726645e-01
1.210900081099999989e+04 9.959345839277095047e-01
1.211265234299999975e+04 9.943644673740371642e-01
1.211631606599999941e+04 9.966033144725869874e-01
1.211999198199999955e+04 9.962180277038819032e-01
1.212368008899999950e+04 9.959267308334726065e-01
1.212738038799999958e+04 9.958649753869124321e-01
1.213109287899999981e+04 9.945262446364538933e-01
1.213481756200000018e+04 9.964434183310487692e-01
1.213855443700000069e+04 9.981560327652747588e-01
1.214230350299999918e+04 9.986428310723769464e-01
1.214606476199999997e+04 9.967450875861875170e-01
1.214983821300000091e+04 9.998253005891183376e-01
1.215362385499999982e+04 9.992024843271508638e-01
1.215742168900000070e+04 1.001896182026548621e+00
1.216123171600000023e+04 1.002229540191249768e+00
1.216505393399999957e+04 1.001302259506821057e+00
1.216888834400000087e+04 1.004866067996698531e+00
1.217273494600000049e+04 1.002888952426748359e+00
1.217659374000000025e+04 1.006610257985197654e+00
1.218046472600000016e+04 1.007437829034823817e+00
1.218434790299999986e+04 1.006207258859068476e+00
1.218824327300000004e+04 1.008698648711140233e+00
1.219215083500000037e+04 1.007499429509028710e+00
1.219607058800000050e+04 1.008992914366112936e+00
1.220000253300000077e+04 1.009705265654599948e+00
1.220394667099999970e+04 1.009209977221356302e+00
1.220790300000000025e+04 1.010212312355237119e+00
1.221187152099999912e+04 1.011294455052864194e+00
1.221585223399999995e+04 1.008539913321024217e+00
1.221984513899999911e+04 1.011657266083223261e+00
1.222385023600000022e+04 1.009099206279274075e+00
1.222786752399999932e+04 1.012735671196145049e+00
1.223189700500000072e+04 1.012344852888114266e+00
1.223593867800000044e+04 1.010389697940836440e+00
1.223999254199999996e+04 1.011898392798589619e+00
1.224405859799999962e+04 1.011089103870637773e+00
1.224813684699999976e+04 1.012821765548053143e+00
1.225222728699999971e+04 1.013036595007342111e+00
1.225632991899999979e+04 1.014901629046992770e+00
1.226044474300000002e+04 1.015447389479472662e+00
1.226457175900000038e+04 1.015958926710429866e+00
1.226871096700000089e+04 1.014562076455395978e+00
1.227286236599999938e+04 1.015828061872560362e+00
1.227702595800000017e+04 1.014493285754326513e+00
1.228120174199999929e+04 1.016509346744761455e+00
1.228538971700000002e+04 1.019101931155413476e+00
1.228958988400000089e+04 1.020854340247046466e+00
1.229380224400000043e+04 1.019076539634373946e+00
1.229802679499999977e+04 1.021145784052719163e+00
1.230226353799999924e+04 1.021587679874081944e+00
1.230651247300000068e+04 1.022709902608676114e+00
1.231077360000000044e+04 1.022590724405870732e+00
1.231504691900000034e+04 1.024387323396583449e+00
1.231933242900000005e+04 1.023628159768303458e+00
1.232363013200000023e+04 1.024819802668643698e+00
1.232794002600000022e+04 1.025766317150648366e+00
1.233226211300000068e+04 1.026011271839588845e+00
1.233659639099999913e+04 1.025381523203696688e+00
1.234094286099999954e+04 1.026460804614451883e+00
1.234530152400000043e+04 1.026682599995971223e+00
1.234967237799999930e+04 1.027196542117578826e+00
1.235405542400000013e+04 1.027347986270676250e+00
1.235845066199999928e+04 1.028844623192016972e+00
1.236285809100000006e+04 1.029095853190814980e+00
1.236727771299999949e+04 1.028662806207361724e+00
1.237170952700000089e+04 1.030148084403621933e+00
1.237615353200000027e+04 1.029872778152324919e+00
1.238060973000000013e+04 1.031700849628540917e+00
1.238507811899999979e+04 1.031242106417958215e+00
1.238955869999999959e+04 1.031733822722365135e+00
1.239405147299999953e+04 1.032022272402382201e+00
1.239855643799999962e+04 1.030912973939913657e+00
1.240307359499999984e+04 1.031980068026692399e+00
1.240760294400000021e+04 1.032293738386262039e+00
1.241214448500000071e+04 1.034458105988934395e+00
1.241669821799999954e+04 1.036293975152770219e+00
1.242126414199999999e+04 1.038822325930426116e+00
1.242584225899999910e+04 1.038714439637752118e+00
1.243043256699999984e+04 1.038631542717131762e+00
1.243503506799999923e+04 1.037069433362811433e+00
1.243964976000000024e+04 1.038780389460862041e+00
1.244427664399999958e+04 1.039272616014683237e+00
1.244891572000000087e+04 1.040188930604041939e+00
1.245356698800000049e+04 1.041186299846774688e+00
1.245823044800000025e+04 1.041545603372821427e+00
1.246290610000000015e+04 1.040233540943960033e+00
1.246759394299999985e+04 1.043572242342369893e+00
1.247229397900000004e+04 1.042326676798705165e+00
1.247700620600000002e+04 1.044038958997590694e+00
1.248173062600000048e+04 1.046715303784197637e+00
1.248646723700000075e+04 1.044054847100717387e+00
1.249121603999999934e+04 1.043203681265761906e+00
1.249597703600000023e+04 1.046453668351757571e+00
1.250075022299999910e+04 1.048426014985186505e+00
1.250553560199999993e+04 1.047924666626158796e+00
1.251033317200000056e+04 1.045222890097447177e+00
1.251514293499999985e+04 1.048024385770595979e+00
1.251996488999999929e+04 1.047402157551640345e+00
1.252479903700000068e+04 1.048498618192530207e+00
1.252964537500000006e+04 1.051899648789787811e+00
