1.138059698199999912e+04 -1.833847599540714555e+03
1.138559698199999912e+04 -1.783930476125068708e+03
1.139059698199999912e+04 -1.733839529080894181e+03
1.139559698199999912e+04 -1.683846081272280799e+03
1.140059698199999912e+04 -1.633813128553898650e+03
1.140559698199999912e+04 -1.583772597975577810e+03
1.141059698199999912e+04 -1.533797148540935041e+03
1.141559698199999912e+04 -1.483845104390466986e+03
1.142059698199999912e+04 -1.433873439377061231e+03
1.142559698199999912e+04 -1.383745153236750411e+03
1.143059698199999912e+04 -1.333831670060961642e+03
1.143559698199999912e+04 -1.283832615784350310e+03
1.144059698199999912e+04 -1.233833286291658624e+03
1.144559698199999912e+04 -1.183825040045593596e+03
1.145059698199999912e+04 -1.133836352110319922e+03
1.145559698199999912e+04 -1.083850506803341887e+03
1.146059698199999912e+04 -1.033848870226875761e+03
1.146559698199999912e+04 -9.838304007789021171e+02
1.147059698199999912e+04 -9.338473706643926562e+02
1.147559698199999912e+04 -8.838524305345731591e+02
1.148059698199999912e+04 -8.338233705875910573e+02
1.148559698199999912e+04 -7.838349457111072525e+02
1.149059698199999912e+04 -7.337730739714079391e+02
1.149559698199999912e+04 -6.839159007829169923e+02
1.150059698199999912e+04 -6.337851681433220392e+02
1.150559698199999912e+04 -5.837784417266828996e+02
1.151059698199999912e+04 -5.338919334549948417e+02
1.151559698199999912e+04 -4.838304277233224298e+02
1.152059698199999912e+04 -4.338293305326894824e+02
1.152559698199999912e+04 -3.838625920095354900e+02
1.153059698199999912e+04 -3.338376279944938005e+02
1.153400000000000000e+04 -2.998161967461159065e+02
1.153500000000000000e+04 -2.897161273042385687e+02
1.153600000000000000e+04 -2.797432013301931306e+02
1.153700000000000000e+04 -2.697306399139866926e+02
1.153800000000000000e+04 -2.597484254284020153e+02
1.153900000000000000e+04 -2.498113407759395272e+02
1.154000000000000000e+04 -2.397892902474783341e+02
1.154100000000000000e+04 -2.297528007570270745e+02
1.154120000000000073e+04 -2.278116755403187881e+02
1.154139999999999964e+04 -2.257448596925375170e+02
1.154160000000000036e+04 -2.237768894509418374e+02
1.154179999999999927e+04 -2.217802112853716210e+02
1.154200000000000000e+04 -2.197437430739600757e+02
1.154220000000000073e+04 -2.177526195029116423e+02
1.154239999999999964e+04 -2.157786983281287405e+02
1.154260000000000036e+04 -2.137264862667853436e+02
1.154279999999999927e+04 -2.118041971767570999e+02
1.154300000000000000e+04 -2.097451236461755286e+02
1.154320000000000073e+04 -2.077451551360870496e+02
1.154339999999999964e+04 -2.057760556890268617e+02
1.154360000000000036e+04 -2.037532272849703361e+02
1.154379999999999927e+04 -2.018076284078880178e+02
1.154400000000000000e+04 -1.997318714237421204e+02
1.154420000000000073e+04 -1.977714321865483384e+02
1.154439999999999964e+04 -1.957814560071947483e+02
1.154460000000000036e+04 -1.937266583633520440e+02
1.154479999999999927e+04 -1.917870894687121677e+02
1.154500000000000000e+04 -1.898113964556957285e+02
1.154520000000000073e+04 -1.878157298377682594e+02
1.154539999999999964e+04 -1.857401863461415132e+02
1.154560000000000036e+04 -1.838050189422052938e+02
1.154579999999999927e+04 -1.816996988057567819e+02
1.154600000000000000e+04 -1.798317749078911447e+02
1.154620000000000073e+04 -1.777004211220456966e+02
1.154639999999999964e+04 -1.757512751704916241e+02
1.154660000000000036e+04 -1.737614263688338951e+02
1.154679999999999927e+04 -1.717763564927693949e+02
1.154700000000000000e+04 -1.697437519064424976e+02
1.154720000000000073e+04 -1.677589575846593561e+02
1.154739999999999964e+04 -1.657174367493048521e+02
1.154760000000000036e+04 -1.637507683724147398e+02
1.154779999999999927e+04 -1.617498919966155597e+02
1.154800000000000000e+04 -1.597667378454007974e+02
1.154820000000000073e+04 -1.577551093581990358e+02
1.154839999999999964e+04 -1.557423571536429847e+02
1.154860000000000036e+04 -1.538111818676048870e+02
1.154879999999999927e+04 -1.517979055310231047e+02
1.154900000000000000e+04 -1.497248280255011537e+02
1.154920000000000073e+04 -1.477448306517700019e+02
1.154939999999999964e+04 -1.457560764626465755e+02
1.154960000000000036e+04 -1.437481960904760570e+02
1.154979999999999927e+04 -1.417352125088846151e+02
1.155000000000000000e+04 -1.397653185155824076e+02
1.155020000000000073e+04 -1.377734597523013917e+02
1.155039999999999964e+04 -1.357390813539973635e+02
1.155060000000000036e+04 -1.337781090114811207e+02
1.155079999999999927e+04 -1.317300355650666575e+02
1.155100000000000000e+04 -1.298014574518458062e+02
1.155120000000000073e+04 -1.277061109001531634e+02
1.155139999999999964e+04 -1.257244573982521985e+02
1.155160000000000036e+04 -1.237302130332523973e+02
1.155179999999999927e+04 -1.217045080722237174e+02
1.155200000000000000e+04 -1.196792079093251289e+02
1.155220000000000073e+04 -1.177010449817127125e+02
1.155239999999999964e+04 -1.157997034681135489e+02
1.155260000000000036e+04 -1.137793278262799959e+02
1.155279999999999927e+04 -1.117540711386904633e+02
1.155300000000000000e+04 -1.097286943143414817e+02
1.155320000000000073e+04 -1.077120866109613502e+02
1.155339999999999964e+04 -1.057539021770534475e+02
1.155360000000000036e+04 -1.037193677294686012e+02
1.155379999999999927e+04 -1.017513435290579480e+02
1.155400000000000000e+04 -9.974463856942520579e+01
1.155420000000000073e+04 -9.776959999086750486e+01
1.155439999999999964e+04 -9.575282427601024438e+01
1.155460000000000036e+04 -9.376688310424043493e+01
1.155479999999999927e+04 -9.175011892609508379e+01
1.155500000000000000e+04 -8.967744259702665488e+01
1.155520000000000073e+04 -8.774545596610732900e+01
1.155539999999999964e+04 -8.562021161692933902e+01
1.155560000000000036e+04 -8.369133161275333066e+01
1.155579999999999927e+04 -8.169999255818289896e+01
1.155600000000000000e+04 -7.973329306126075267e+01
1.155620000000000073e+04 -7.767719632881129144e+01
1.155639999999999964e+04 -7.571906031573799112e+01
1.155660000000000036e+04 -7.369219726330936737e+01
1.155679999999999927e+04 -7.160462890751482234e+01
1.155700000000000000e+04 -6.969319928522882890e+01
1.155720000000000073e+04 -6.764658401845338176e+01
1.155739999999999964e+04 -6.570719966550998947e+01
1.155760000000000036e+04 -6.367958179670181806e+01
1.155779999999999927e+04 -6.161476925209159106e+01
1.155800000000000000e+04 -5.969434065509341991e+01
1.155820000000000073e+04 -5.760564337463408435e+01
1.155839999999999964e+04 -5.563915056151786587e+01
1.155860000000000036e+04 -5.367893658767442133e+01
1.155879999999999927e+04 -5.163225005654946642e+01
1.155900000000000000e+04 -4.961475552362498576e+01
1.155920000000000073e+04 -4.762187915668870630e+01
1.155939999999999964e+04 -4.569003148574103790e+01
1.155960000000000036e+04 -4.365545816545931501e+01
1.155979999999999927e+04 -4.163113700831549124e+01
1.156000000000000000e+04 -3.961801463690797931e+01
1.156020000000000073e+04 -3.758629618817172968e+01
1.156039999999999964e+04 -3.559270202064099919e+01
1.156060000000000036e+04 -3.363629579434354611e+01
1.156079999999999927e+04 -3.156688802884239919e+01
1.156100000000000000e+04 -2.954799064379545115e+01
1.156120000000000073e+04 -2.753973964150165799e+01
1.156139999999999964e+04 -2.550845952912857939e+01
1.156160000000000036e+04 -2.350441967478815286e+01
1.156179999999999927e+04 -2.150207345105280154e+01
1.156200000000000000e+04 -1.950467409050990497e+01
1.156220000000000073e+04 -1.754219171461420146e+01
1.156239999999999964e+04 -1.545271707309329656e+01
1.156260000000000036e+04 -1.344196608112871871e+01
1.156279999999999927e+04 -1.141842902891677625e+01
1.156300000000000000e+04 -9.449200058207681607e+00
1.156320000000000073e+04 -7.420238398620393916e+00
1.156339999999999964e+04 -5.321688382268050077e+00
1.156360000000000036e+04 -3.332649849297685041e+00
1.156379999999999927e+04 -1.280130216745299032e+00
1.156400000000000000e+04 7.255829260714363738e-01
1.156420000000000073e+04 2.755076028522860820e+00
1.156439999999999964e+04 4.815927331719096927e+00
1.156460000000000036e+04 6.794634616713503661e+00
1.156479999999999927e+04 8.847059766187239660e+00
1.156500000000000000e+04 1.085596626040349122e+01
1.156520000000000073e+04 1.288458871381728343e+01
1.156539999999999964e+04 1.491680271898552768e+01
1.156560000000000036e+04 1.695966313255025426e+01
1.156579999999999927e+04 1.895967883283979916e+01
1.156600000000000000e+04 2.104343507642735389e+01
1.156620000000000073e+04 2.298866982204939902e+01
1.156639999999999964e+04 2.503002325365391201e+01
1.156660000000000036e+04 2.703739449498843683e+01
1.156679999999999927e+04 2.911703876975091276e+01
1.156700000000000000e+04 3.108581174977884132e+01
1.156720000000000073e+04 3.312530352533040201e+01
1.156739999999999964e+04 3.504593801635967054e+01
1.156760000000000036e+04 3.711149449523912836e+01
1.156779999999999927e+04 3.913888221273023760e+01
1.156800000000000000e+04 4.111331625898296238e+01
1.156820000000000073e+04 4.314855022677073748e+01
1.156839999999999964e+04 4.509485974686992193e+01
1.156860000000000036e+04 4.715915469067419963e+01
1.156879999999999927e+04 4.918724539028404052e+01
1.156900000000000000e+04 5.109148083514137539e+01
1.156920000000000073e+04 5.308563611780697045e+01
1.156939999999999964e+04 5.514684289444996779e+01
1.156960000000000036e+04 5.714442760814026911e+01
1.156979999999999927e+04 5.906444752261413100e+01
1.157000000000000000e+04 6.106021764089600623e+01
1.157020000000000073e+04 6.305779284911487537e+01
1.157039999999999964e+04 6.501347548458896597e+01
1.157060000000000036e+04 6.701949542614543986e+01
1.157079999999999927e+04 6.900796301134424482e+01
1.157100000000000000e+04 7.100743388815855894e+01
1.157120000000000073e+04 7.302458728241961694e+01
1.157139999999999964e+04 7.502525190235270713e+01
1.157160000000000036e+04 7.706259968423157147e+01
1.157179999999999927e+04 7.896732936047027351e+01
1.157200000000000000e+04 8.102863223213216770e+01
1.157220000000000073e+04 8.297960357038311940e+01
1.157239999999999964e+04 8.497801086931993098e+01
1.157260000000000036e+04 8.699593893662797939e+01
1.157279999999999927e+04 8.892763003750727080e+01
1.157300000000000000e+04 9.097430117805784278e+01
1.157320000000000073e+04 9.296074416408401930e+01
1.157339999999999964e+04 9.496644017934342230e+01
1.157360000000000036e+04 9.695508386331587758e+01
1.157379999999999927e+04 9.902497799603376905e+01
1.157400000000000000e+04 1.009130410508561226e+02
1.157420000000000073e+04 1.029132215129300647e+02
1.157439999999999964e+04 1.049060546513707379e+02
1.157460000000000036e+04 1.069044697203765679e+02
1.157479999999999927e+04 1.088984211098920696e+02
1.157500000000000000e+04 1.109586768734630056e+02
1.157520000000000073e+04 1.129638336510364098e+02
1.157539999999999964e+04 1.148927778256073964e+02
1.157560000000000036e+04 1.168812379831023378e+02
1.157579999999999927e+04 1.189240229690328761e+02
1.157600000000000000e+04 1.208867836703407619e+02
1.157620000000000073e+04 1.229263017527929662e+02
1.157639999999999964e+04 1.249109668960408897e+02
1.157660000000000036e+04 1.268493350622297413e+02
1.157679999999999927e+04 1.289548763475262945e+02
1.157700000000000000e+04 1.309624695910310379e+02
1.157720000000000073e+04 1.328781734890328892e+02
1.157739999999999964e+04 1.348861700770673622e+02
1.157760000000000036e+04 1.369092953553794700e+02
1.157779999999999927e+04 1.389109272894758362e+02
1.157800000000000000e+04 1.409222756232159952e+02
1.157820000000000073e+04 1.429691981285513691e+02
1.157839999999999964e+04 1.448932991450070062e+02
1.157860000000000036e+04 1.468728869125462211e+02
1.157879999999999927e+04 1.488533378340642912e+02
1.157900000000000000e+04 1.508761655431871702e+02
1.157920000000000073e+04 1.529009461250100799e+02
1.157939999999999964e+04 1.549645671428062883e+02
1.157960000000000036e+04 1.568847224323308183e+02
1.157979999999999927e+04 1.589102791939012036e+02
1.158000000000000000e+04 1.609038787752784287e+02
1.158020000000000073e+04 1.629442963243409679e+02
1.158039999999999964e+04 1.649919490295537230e+02
1.158060000000000036e+04 1.668868315736148702e+02
1.158079999999999927e+04 1.688883592768862627e+02
1.158100000000000000e+04 1.709402458351695770e+02
1.158120000000000073e+04 1.729292439905212291e+02
1.158139999999999964e+04 1.749685109284951920e+02
1.158160000000000036e+04 1.769240571871131920e+02
1.158179999999999927e+04 1.788917443579673829e+02
1.158200000000000000e+04 1.809245852430643424e+02
1.158220000000000073e+04 1.829413722298021980e+02
1.158239999999999964e+04 1.849307513556703952e+02
1.158260000000000036e+04 1.869190907746492769e+02
1.158279999999999927e+04 1.889365958081639008e+02
1.158300000000000000e+04 1.909396887663171185e+02
1.158320000000000073e+04 1.929464361393039553e+02
1.158339999999999964e+04 1.949197607785415585e+02
1.158360000000000036e+04 1.968909135571335298e+02
1.158379999999999927e+04 1.989005117246590544e+02
1.158400000000000000e+04 2.009370422736735122e+02
1.158420000000000073e+04 2.028657196393775735e+02
1.158439999999999964e+04 2.049063286564254156e+02
1.158460000000000036e+04 2.068782423837007798e+02
1.158479999999999927e+04 2.088926872675155835e+02
1.158500000000000000e+04 2.109349204079618971e+02
1.158520000000000073e+04 2.128962207531683077e+02
1.158539999999999964e+04 2.148916503383630641e+02
1.158560000000000036e+04 2.168422112633420511e+02
1.158579999999999927e+04 2.189146157046487247e+02
1.158600000000000000e+04 2.209118122961948245e+02
1.158620000000000073e+04 2.229634858960026236e+02
1.158639999999999964e+04 2.248780583131664343e+02
1.158660000000000036e+04 2.268964045049720255e+02
1.158679999999999927e+04 2.288981907822835353e+02
1.158700000000000000e+04 2.309430004242447296e+02
1.158720000000000073e+04 2.328859207141802870e+02
1.158739999999999964e+04 2.348996231232914056e+02
1.158760000000000036e+04 2.369118430503059471e+02
1.158779999999999927e+04 2.388976418363693313e+02
1.158800000000000000e+04 2.408771139376291899e+02
1.158820000000000073e+04 2.429000249860069403e+02
1.158839999999999964e+04 2.449300703576934097e+02
1.158860000000000036e+04 2.468583483421214737e+02
1.158879999999999927e+04 2.488992707638621482e+02
1.158900000000000000e+04 2.508744396412783146e+02
1.158920000000000073e+04 2.529390858808401390e+02
1.158939999999999964e+04 2.548465642822080213e+02
1.158960000000000036e+04 2.568805531405187708e+02
1.158979999999999927e+04 2.589155608494809258e+02
1.159000000000000000e+04 2.609568585665027740e+02
1.159020000000000073e+04 2.629014582566430818e+02
1.159039999999999964e+04 2.648872441411046452e+02
1.159060000000000036e+04 2.669726586478454919e+02
1.159079999999999927e+04 2.688588062429073489e+02
1.159100000000000000e+04 2.708340334322592753e+02
1.159120000000000073e+04 2.729265957261285962e+02
1.159139999999999964e+04 2.748957246061237356e+02
1.159160000000000036e+04 2.768804565647403706e+02
1.159179999999999927e+04 2.789416992443257186e+02
1.159200000000000000e+04 2.809280502967637858e+02
1.159220000000000073e+04 2.829020888927716442e+02
1.159239999999999964e+04 2.848788121164218978e+02
1.159260000000000036e+04 2.869557663736569566e+02
1.159279999999999927e+04 2.889479391981339518e+02
1.159300000000000000e+04 2.909237763438698607e+02
1.159320000000000073e+04 2.929936741366849446e+02
1.159339999999999964e+04 2.948944421362896264e+02
1.159360000000000036e+04 2.968783638691749047e+02
1.159379999999999927e+04 2.989089219286993853e+02
1.159400000000000000e+04 3.009315064838789340e+02
1.159420000000000073e+04 3.029420363497824269e+02
1.159439999999999964e+04 3.049271802217930940e+02
1.159460000000000036e+04 3.069475917452343765e+02
1.159479999999999927e+04 3.088905716765141847e+02
1.159500000000000000e+04 3.109852506559064977e+02
1.159520000000000073e+04 3.129318807961712423e+02
1.159539999999999964e+04 3.149737000557798865e+02
1.159560000000000036e+04 3.169469315291506177e+02
1.159579999999999927e+04 3.189513421251419913e+02
1.159600000000000000e+04 3.209548040419256267e+02
1.159620000000000073e+04 3.229486175577792437e+02
1.159639999999999964e+04 3.249548264975840084e+02
1.159660000000000036e+04 3.269780703305611382e+02
1.159679999999999927e+04 3.289388894065605768e+02
1.159700000000000000e+04 3.309551648256172030e+02
1.159770000000000073e+04 3.379234040927078695e+02
1.159839999999999964e+04 3.449726853027790980e+02
1.159910000000000036e+04 3.518954569404486392e+02
1.159979999999999927e+04 3.589773427925467786e+02
1.160050000000000000e+04 3.659101310817759440e+02
1.160120000000000073e+04 3.728591420697779313e+02
1.160189999999999964e+04 3.799105915008279339e+02
1.160260000000000036e+04 3.868807182904465094e+02
1.160329999999999927e+04 3.939316412944366448e+02
1.160499369499999921e+04 4.108127639520932348e+02
1.160599958300000071e+04 4.208778667090240333e+02
1.160701766200000020e+04 4.310082368680684795e+02
1.160804793299999983e+04 4.413616156731312117e+02
1.160909039599999960e+04 4.517203935772084264e+02
1.161014505099999951e+04 4.623016181717270001e+02
1.161121189799999956e+04 4.730594334680227462e+02
1.161229093699999976e+04 4.838630506263172606e+02
1.161338216699999975e+04 4.947794492400335571e+02
1.161448559000000023e+04 5.057883946856858870e+02
1.161560120400000051e+04 5.170071635446118989e+02
1.161672901099999945e+04 5.283264355802903083e+02
1.161786900900000001e+04 5.397339804309256124e+02
1.161902119900000071e+04 5.514033285532967739e+02
1.162018558200000007e+04 5.630837387016803177e+02
1.162136215599999923e+04 5.748685251346361156e+02
1.162255092200000036e+04 5.868114775986044833e+02
1.162375187899999946e+04 5.988593384407625990e+02
1.162496502900000087e+04 6.109236441501499257e+02
1.162619037100000060e+04 6.232243735162770690e+02
1.162742790400000013e+04 6.355484074348017884e+02
1.162867763000000014e+04 6.479807906008824148e+02
1.162993954699999995e+04 6.605635139120146277e+02
1.163121365700000024e+04 6.733134364725507339e+02
1.163249995800000033e+04 6.860789265651625328e+02
1.163379845100000057e+04 6.989754803772285641e+02
1.163510913599999913e+04 7.120866531425282346e+02
1.163643201299999964e+04 7.253187163167713152e+02
1.163776708200000030e+04 7.386364972307754897e+02
1.163911434200000076e+04 7.520690658316099189e+02
1.164047379499999988e+04 7.656328268066779401e+02
1.164184543999999914e+04 7.793912032363133449e+02
1.164322927600000003e+04 7.932152853029325570e+02
1.164462530499999957e+04 8.071908060455168652e+02
1.164603352500000074e+04 8.212633286715912391e+02
1.164745393700000022e+04 8.354799497889488293e+02
1.164888654099999985e+04 8.497507085731662073e+02
1.165033133699999962e+04 8.642629489673556691e+02
1.165178832499999953e+04 8.787957728631752161e+02
1.165325750499999958e+04 8.935541362919591393e+02
1.165473887699999977e+04 9.082736189927312580e+02
1.165623243999999977e+04 9.232964491312765176e+02
1.165773819600000024e+04 9.383029060672741934e+02
1.165925614300000052e+04 9.534555732074979915e+02
1.166078628299999946e+04 9.687654371791217045e+02
1.166232861400000002e+04 9.841968100581298131e+02
1.166388313700000072e+04 9.997690863548779134e+02
1.166544985199999974e+04 1.015441491927763423e+03
1.166702875900000072e+04 1.031193600503085236e+03
1.166861985800000002e+04 1.047124131974634338e+03
1.167022314899999947e+04 1.063232972579596662e+03
1.167183863200000087e+04 1.079373764489851510e+03
1.167346630700000060e+04 1.095605576200260202e+03
1.167510617300000013e+04 1.111991224179401343e+03
1.167675823200000013e+04 1.128515314974885541e+03
1.167842248199999995e+04 1.145175471731706466e+03
1.168009892399999990e+04 1.161883357437268842e+03
1.168178755799999999e+04 1.178797055633283435e+03
1.168348838500000056e+04 1.195757680075122835e+03
1.168520140299999912e+04 1.212960314332106691e+03
1.168692661299999963e+04 1.230221324341893251e+03
1.168866401399999995e+04 1.247556342945029201e+03
1.169041360800000075e+04 1.265122967480459010e+03
1.169217539399999987e+04 1.282643957682877499e+03
1.169394937100000061e+04 1.300374260812767034e+03
1.169573554100000001e+04 1.318293577298012679e+03
1.169753390199999922e+04 1.336304222340375190e+03
1.169934445500000038e+04 1.354430474002257597e+03
1.170116720100000020e+04 1.372581495410702928e+03
1.170300213799999983e+04 1.390982884747458684e+03
1.170484926699999960e+04 1.409414983363138617e+03
1.170670858799999951e+04 1.428002791848123252e+03
1.170858009999999922e+04 1.446754633554002339e+03
1.171046380499999941e+04 1.465583094566919954e+03
1.171235970199999974e+04 1.484466649122269246e+03
1.171426778999999988e+04 1.503654086049046100e+03
1.171618807100000049e+04 1.522855557836996695e+03
1.171812054300000091e+04 1.542112775959778901e+03
1.172006520699999965e+04 1.561596499884633658e+03
1.172202206400000068e+04 1.581170481087155395e+03
1.172399111199999970e+04 1.600854771952615465e+03
1.172597235200000068e+04 1.620641346866606455e+03
1.172796578399999999e+04 1.640573489784096409e+03
1.172997140700000091e+04 1.660652847638138155e+03
1.173198922300000049e+04 1.680873660926015646e+03
1.173401923100000022e+04 1.701154398662151152e+03
1.173606142999999975e+04 1.721545178057154089e+03
1.173811582199999975e+04 1.742129338430238249e+03
1.174018240499999956e+04 1.762670699812171961e+03
1.174226117999999951e+04 1.783597333101771028e+03
1.174435214799999994e+04 1.804407554869080059e+03
1.174645530700000018e+04 1.825486613875487819e+03
1.174857065800000055e+04 1.846615698952751927e+03
1.175069820099999924e+04 1.867885095094636881e+03
1.175283793499999956e+04 1.889367649523054752e+03
1.175498986200000036e+04 1.910830939053445491e+03
1.175715398099999948e+04 1.932500403536693284e+03
1.175933029100000022e+04 1.954248129391492739e+03
1.176151879399999962e+04 1.976150870466036849e+03
1.176371948800000064e+04 1.998142469268411105e+03
1.176593237399999998e+04 2.020223065717415693e+03
1.176815745299999980e+04 2.042551179888874685e+03
1.177039472299999943e+04 2.064871601452234245e+03
1.177264418499999920e+04 2.087328179435400216e+03
1.177490583800000059e+04 2.109983507339889911e+03
1.177717968400000063e+04 2.132788550748457055e+03
1.177946572200000082e+04 2.155625761483679526e+03
1.178176395199999934e+04 2.178567324761187137e+03
1.178407437299999947e+04 2.201671610084906661e+03
1.178639698700000008e+04 2.224899859664984433e+03
1.178873179200000050e+04 2.248332434460935019e+03
1.179107878899999923e+04 2.271744876560604553e+03
1.179343797799999993e+04 2.295338978486115593e+03
1.179580935900000077e+04 2.319075304577502720e+03
1.179819293199999993e+04 2.342885593488902487e+03
1.180058869699999923e+04 2.366827806725325445e+03
1.180299665400000049e+04 2.390911589094439478e+03
1.180541680300000007e+04 2.415119553377381635e+03
1.180784914299999946e+04 2.439445302254213857e+03
1.181029367599999932e+04 2.463919737039449046e+03
1.181275040000000081e+04 2.488465220410704660e+03
1.181521931699999914e+04 2.513179162558410553e+03
1.181770042500000091e+04 2.537962707834954927e+03
1.182019372499999918e+04 2.562901417033190228e+03
1.182269921699999941e+04 2.587884166634116355e+03
1.182521690099999978e+04 2.613160765357368291e+03
1.182774677700000029e+04 2.638439633409266207e+03
1.183028884499999913e+04 2.663881272911703491e+03
1.183284310499999992e+04 2.689288129158527681e+03
1.183540955600000052e+04 2.715124244817510771e+03
1.183798819999999978e+04 2.740832061334531318e+03
1.184057903500000066e+04 2.766783213046764558e+03
1.184318206199999986e+04 2.792737990924688347e+03
1.184579728199999954e+04 2.818948353383795620e+03
1.184842469300000084e+04 2.845163799711941465e+03
1.185106429600000047e+04 2.871574953361825465e+03
1.185371609100000023e+04 2.898180751280957793e+03
1.185638007800000014e+04 2.924749143851849112e+03
1.185905625599999985e+04 2.951525134758574040e+03
1.186174462700000004e+04 2.978431609445467529e+03
1.186444519000000037e+04 3.005425681905581769e+03
1.186715794400000050e+04 3.032540949018402898e+03
1.186988289099999929e+04 3.059799309321012515e+03
1.187262002899999970e+04 3.087242508008822824e+03
1.187536935900000026e+04 3.114651746262511097e+03
1.187813088099999914e+04 3.142277184085628051e+03
1.188090459499999997e+04 3.170045302172721222e+03
1.188369050099999913e+04 3.197907621064115574e+03
1.188648859900000025e+04 3.225892514436283363e+03
1.188929888899999969e+04 3.253978134680790845e+03
1.189212137099999927e+04 3.282141489938552240e+03
1.189495604400000047e+04 3.310585782616089091e+03
1.189780291000000034e+04 3.338958944796550895e+03
1.190066196700000000e+04 3.367600114879510784e+03
1.190353321700000015e+04 3.396275687672949516e+03
1.190641665800000010e+04 3.425134171784735827e+03
1.190931229100000019e+04 3.454102734953428353e+03
1.191222011600000042e+04 3.483180137597229077e+03
1.191514013300000079e+04 3.512383474517814648e+03
1.191807234199999948e+04 3.541746714941875780e+03
1.192101674300000013e+04 3.571150643664815107e+03
1.192397333500000059e+04 3.600691977088712065e+03
1.192694211999999970e+04 3.630421677785061092e+03
1.192992309600000044e+04 3.660239425682309047e+03
1.193291626499999984e+04 3.690087883804648300e+03
1.193592162500000086e+04 3.720205263600740636e+03
1.193893917700000020e+04 3.750385440961796576e+03
1.194196892099999968e+04 3.780648685685236615e+03
1.194501085799999964e+04 3.811126190023505387e+03
1.194806498500000089e+04 3.841615340531355287e+03
1.195113130500000079e+04 3.872289047857829701e+03
1.195420981700000084e+04 3.903063860386069337e+03
1.195730052099999921e+04 3.933978087588086055e+03
1.196040341599999920e+04 3.964969861390158258e+03
1.196351850399999967e+04 3.996110319358526340e+03
1.196664578299999994e+04 4.027489506112188792e+03
1.196978525500000069e+04 4.058800373297359329e+03
1.197293691799999942e+04 4.090313394007055649e+03
1.197610077300000012e+04 4.121912255521870065e+03
1.197927681999999913e+04 4.153726067337996028e+03
1.198246505900000011e+04 4.185584627453907160e+03
1.198566548999999941e+04 4.217693341701520694e+03
1.198887811200000033e+04 4.249797732280560922e+03
1.199210292699999991e+04 4.281987392233683750e+03
1.199533993399999963e+04 4.314459660030423947e+03
1.199858913199999915e+04 4.346907917493923378e+03
1.200185052299999916e+04 4.379476486456203929e+03
1.200512410500000078e+04 4.412137419132026480e+03
1.200840987900000073e+04 4.445160288574472361e+03
1.201170784500000082e+04 4.478011807386065811e+03
1.201501800299999923e+04 4.511104760309372068e+03
1.201834035299999960e+04 4.544419834726034424e+03
1.202167489500000011e+04 4.577814706294811003e+03
1.202502162900000076e+04 4.611245999648781435e+03
1.202838055399999939e+04 4.644807223624388826e+03
1.203175167200000033e+04 4.678519453388435977e+03
1.203513498199999958e+04 4.712361967282606201e+03
1.203853048300000046e+04 4.746313861487845315e+03
1.204193817599999966e+04 4.780375434000681707e+03
1.204535806100000082e+04 4.814569151176496234e+03
1.204879013900000064e+04 4.848884594695244232e+03
1.205223440800000026e+04 4.883304618170979666e+03
1.205569086799999968e+04 4.917886498725168167e+03
1.205915952099999959e+04 4.952525670496937892e+03
1.206264036599999963e+04 4.987390836725935515e+03
1.206613340299999982e+04 5.022289910111564495e+03
1.206963863099999980e+04 5.057338895661381684e+03
1.207315605200000027e+04 5.092558753215492288e+03
1.207668566400000054e+04 5.127897767378956814e+03
1.208022746799999913e+04 5.163299996154505607e+03
1.208378146500000003e+04 5.198754124694865823e+03
1.208734765300000072e+04 5.234436078433968760e+03
1.209092603299999973e+04 5.270288030207814700e+03
1.209451660500000071e+04 5.306126900801429656e+03
1.209811936900000001e+04 5.342181030724374978e+03
1.210173432399999911e+04 5.378357709268583676e+03
1.210536147200000050e+04 5.414576452972469269e+03
1.210900081099999989e+04 5.451007332795322327e+03
1.211265234299999975e+04 5.487472733786765275e+03
1.211631606599999941e+04 5.524136326190860018e+03
1.211999198199999955e+04 5.560927147008965221e+03
1.212368008899999950e+04 5.597741850991716092e+03
1.212738038799999958e+04 5.634815129498676470e+03
1.213109287899999981e+04 5.671924517932128765e+03
1.213481756200000018e+04 5.709191747812469657e+03
1.213855443700000069e+04 5.746550188526716738e+03
1.214230350299999918e+04 5.784080760422054482e+03
1.214606476199999997e+04 5.821649729954096074e+03
1.214983821300000091e+04 5.859365816992206419e+03
1.215362385499999982e+04 5.897242854472960062e+03
1.215742168900000070e+04 5.935236634028738081e+03
1.216123171600000023e+04 5.973320654630255376e+03
1.216505393399999957e+04 6.011542694393237070e+03
1.216888834400000087e+04 6.049862217046732439e+03
1.217273494600000049e+04 6.088330582800422235e+03
1.217659374000000025e+04 6.126894511414127010e+03
1.218046472600000016e+04 6.165714294406144290e+03
1.218434790299999986e+04 6.204442826271430931e+03
1.218824327300000004e+04 6.243416037186567337e+03
1.219215083500000037e+04 6.282491217206773399e+03
1.219607058800000050e+04 6.321745580217548195e+03
1.220000253300000077e+04 6.361024559265804783e+03
1.220394667099999970e+04 6.400519270238386525e+03
1.220790300000000025e+04 6.440016074937308986e+03
1.221187152099999912e+04 6.479735374019855044e+03
1.221585223399999995e+04 6.519503695928466186e+03
1.221984513899999911e+04 6.559536040863429662e+03
1.222385023600000022e+04 6.599471988840844460e+03
1.222786752399999932e+04 6.639697673866031437e+03
1.223189700500000072e+04 6.680003219216120669e+03
1.223593867800000044e+04 6.720412592730674078e+03
1.223999254199999996e+04 6.760931311708769499e+03
1.224405859799999962e+04 6.801593678426384940e+03
1.224813684699999976e+04 6.842383024111154555e+03
1.225222728699999971e+04 6.883281123167160331e+03
1.225632991899999979e+04 6.924346696235156742e+03
1.226044474300000002e+04 6.965538129263709379e+03
1.226457175900000038e+04 7.006712844333645080e+03
1.226871096700000089e+04 7.048077350672861940e+03
1.227286236599999938e+04 7.089636639606287645e+03
1.227702595800000017e+04 7.131365105795725867e+03
1.228120174199999929e+04 7.173006899686803990e+03
1.228538971700000002e+04 7.214972078423085804e+03
1.228958988400000089e+04 7.256976186470681569e+03
1.229380224400000043e+04 7.299023577179743370e+03
1.229802679499999977e+04 7.341309395162278634e+03
1.230226353799999924e+04 7.383713394132186295e+03
1.230651247300000068e+04 7.426134028528863382e+03
1.231077360000000044e+04 7.468752349255957597e+03
1.231504691900000034e+04 7.511473006554750100e+03
1.231933242900000005e+04 7.554313245569770515e+03
1.232363013200000023e+04 7.597303666316036470e+03
1.232794002600000022e+04 7.640383088463765489e+03
1.233226211300000068e+04 7.683648315341582929e+03
1.233659639099999913e+04 7.726963059635848367e+03
1.234094286099999954e+04 7.770463277665490750e+03
1.234530152400000043e+04 7.813988122011308405e+03
1.234967237799999930e+04 7.857762806697578526e+03
1.235405542400000013e+04 7.901610716328966191e+03
1.235845066199999928e+04 7.945464812293712384e+03
1.236285809100000006e+04 7.989622400504675170e+03
1.236727771299999949e+04 8.033848609001287514e+03
1.237170952700000089e+04 8.078082824819975940e+03
1.237615353200000027e+04 8.122623456686148529e+03
1.238060973000000013e+04 8.167142340584638077e+03
1.238507811899999979e+04 8.211787644149344487e+03
1.238955869999999959e+04 8.256616909544722148e+03
1.239405147299999953e+04 8.301565642389643472e+03
1.239855643799999962e+04 8.346599496321534389e+03
1.240307359499999984e+04 8.391787716824484960e+03
1.240760294400000021e+04 8.437031039834115290e+03
1.241214448500000071e+04 8.482485031030113532e+03
1.241669821799999954e+04 8.527967776998837508e+03
1.242126414199999999e+04 8.573674158674981300e+03
1.242584225899999910e+04 8.619429359253434086e+03
1.243043256699999984e+04 8.665338325379500020e+03
1.243503506799999923e+04 8.711432362980163816e+03
1.243964976000000024e+04 8.757574720944161527e+03
1.244427664399999958e+04 8.803827598096659131e+03
1.244891572000000087e+04 8.850160177170409952e+03
1.245356698800000049e+04 8.896700275534125467e+03
1.245823044800000025e+04 8.943388513727266400e+03
1.246290610000000015e+04 8.990108121252143974e+03
1.246759394299999985e+04 9.037062585064899395e+03
1.247229397900000004e+04 9.083996812111090549e+03
1.247700620600000002e+04 9.131112511395733236e+03
1.248173062600000048e+04 9.178340194871863787e+03
1.248646723700000075e+04 9.225721969464360882e+03
1.249121603999999934e+04 9.273200853126418224e+03
1.249597703600000023e+04 9.320841625246855983e+03
1.250075022299999910e+04 9.368582690751183691e+03
1.250553560199999993e+04 9.416374763318619443e+03
1.251033317200000056e+04 9.464332064753461964e+03
1.251514293499999985e+04 9.512413280116352325e+03
1.251996488999999929e+04 9.560714361912796448e+03
1.252479903700000068e+04 9.609000759105356337e+03
1.252964537500000006e+04 9.657428439239680301e+03
