1.138059698199999912e+04 1.734971096260511658e-01
1.138559698199999912e+04 1.734029680728496892e-01
1.139059698199999912e+04 1.751535272650315833e-01
1.139559698199999912e+04 1.750969486260384178e-01
1.140059698199999912e+04 1.770800771496752468e-01
1.140559698199999912e+04 1.789833109524012478e-01
1.141059698199999912e+04 1.794525900625108528e-01
1.141559698199999912e+04 1.793620940315259760e-01
1.142059698199999912e+04 1.799587081226823038e-01
1.142559698199999912e+04 1.838398909415960569e-01
1.143059698199999912e+04 1.831596085229830473e-01
1.143559698199999912e+04 1.842511172146414355e-01
1.144059698199999912e+04 1.853722751824215254e-01
1.144559698199999912e+04 1.865761371151229420e-01
1.145059698199999912e+04 1.873875583027054259e-01
1.145559698199999912e+04 1.883044856152329694e-01
1.146059698199999912e+04 1.895312958448930052e-01
1.146559698199999912e+04 1.910506510680272940e-01
1.147059698199999912e+04 1.919142936016261791e-01
1.147559698199999912e+04 1.931050162116521585e-01
1.148059698199999912e+04 1.948565899837244597e-01
1.148559698199999912e+04 1.960485815635176210e-01
1.149059698199999912e+04 1.987162662985826889e-01
1.149559698199999912e+04 1.974197726188289259e-01
1.150059698199999912e+04 2.016229540301502365e-01
1.150559698199999912e+04 2.036025769995883639e-01
1.151059698199999912e+04 2.032825372383958162e-01
1.151559698199999912e+04 2.065436892171665650e-01
1.152059698199999912e+04 2.091168411943965244e-01
1.152559698199999912e+04 2.115223214086868753e-01
1.153059698199999912e+04 2.156128389415045976e-01
1.153400000000000000e+04 2.184991063171140557e-01
1.153500000000000000e+04 2.214960482836916267e-01
1.153600000000000000e+04 2.222392949052041100e-01
1.153700000000000000e+04 2.235001762988380603e-01
1.153800000000000000e+04 2.244791319192822321e-01
1.153900000000000000e+04 2.244821977959712278e-01
1.154000000000000000e+04 2.261133439076385698e-01
1.154100000000000000e+04 2.282885888515958916e-01
1.154120000000000073e+04 2.275266778640493426e-01
1.154139999999999964e+04 2.286792736344504806e-01
1.154160000000000036e+04 2.290278224022853359e-01
1.154179999999999927e+04 2.302911143780079495e-01
1.154200000000000000e+04 2.299250829455540823e-01
1.154220000000000073e+04 2.301210369077242857e-01
1.154239999999999964e+04 2.313938087961051326e-01
1.154260000000000036e+04 2.320230437761093001e-01
1.154279999999999927e+04 2.303769435431197998e-01
1.154300000000000000e+04 2.318698863892001416e-01
1.154320000000000073e+04 2.326334540704098064e-01
1.154339999999999964e+04 2.323911277288279453e-01
1.154360000000000036e+04 2.336629062145216540e-01
1.154379999999999927e+04 2.328176631624188919e-01
1.154400000000000000e+04 2.347646794989397823e-01
1.154420000000000073e+04 2.328638761539824908e-01
1.154439999999999964e+04 2.343265809673562849e-01
1.154460000000000036e+04 2.357955165044953172e-01
1.154479999999999927e+04 2.348978005998058061e-01
1.154500000000000000e+04 2.345104090061488067e-01
1.154520000000000073e+04 2.352262326807764425e-01
1.154539999999999964e+04 2.373840891699419142e-01
1.154560000000000036e+04 2.366021830439464513e-01
1.154579999999999927e+04 2.389188844771578946e-01
1.154600000000000000e+04 2.370912281102484920e-01
1.154620000000000073e+04 2.402167063382932011e-01
1.154639999999999964e+04 2.398023440888595315e-01
1.154660000000000036e+04 2.401163274396243830e-01
1.154679999999999927e+04 2.404194880105030852e-01
1.154700000000000000e+04 2.410003686283644087e-01
1.154720000000000073e+04 2.406398356867439636e-01
1.154739999999999964e+04 2.434542956333856090e-01
1.154760000000000036e+04 2.437144420608729212e-01
1.154779999999999927e+04 2.433863680161344745e-01
1.154800000000000000e+04 2.440041052641750419e-01
1.154820000000000073e+04 2.452435253849026831e-01
1.154839999999999964e+04 2.456352482914607449e-01
1.154860000000000036e+04 2.453257260145686736e-01
1.154879999999999927e+04 2.463354126707663905e-01
1.154900000000000000e+04 2.484436447801463554e-01
1.154920000000000073e+04 2.478897278114913783e-01
1.154939999999999964e+04 2.487084135855669731e-01
1.154960000000000036e+04 2.497382135595644093e-01
1.154979999999999927e+04 2.515696578389356453e-01
1.155000000000000000e+04 2.516023414228094057e-01
1.155020000000000073e+04 2.515779481991096689e-01
1.155039999999999964e+04 2.529111451930733945e-01
1.155060000000000036e+04 2.537595226284631855e-01
1.155079999999999927e+04 2.547872673301246338e-01
1.155100000000000000e+04 2.550326941962395844e-01
1.155120000000000073e+04 2.576768624839323452e-01
1.155139999999999964e+04 2.582414056188293561e-01
1.155160000000000036e+04 2.598566471025217650e-01
1.155179999999999927e+04 2.609168224395074787e-01
1.155200000000000000e+04 2.630615266924472562e-01
1.155220000000000073e+04 2.633446419671156558e-01
1.155239999999999964e+04 2.616206239540008194e-01
1.155260000000000036e+04 2.629643667644158134e-01
1.155279999999999927e+04 2.660168400410002909e-01
1.155300000000000000e+04 2.693200870903653121e-01
1.155320000000000073e+04 2.692626862955788125e-01
1.155339999999999964e+04 2.696714684562676045e-01
1.155360000000000036e+04 2.732529174598263277e-01
1.155379999999999927e+04 2.732761457762920565e-01
1.155400000000000000e+04 2.751179461751217525e-01
1.155420000000000073e+04 2.771657703414076579e-01
1.155439999999999964e+04 2.775526780148162564e-01
1.155460000000000036e+04 2.780566108941054382e-01
1.155479999999999927e+04 2.820847676137622773e-01
1.155500000000000000e+04 2.858940412503624962e-01
1.155520000000000073e+04 2.858891183400935065e-01
1.155539999999999964e+04 2.895784424389192813e-01
1.155560000000000036e+04 2.910838858475694457e-01
1.155579999999999927e+04 2.929136197603113834e-01
1.155600000000000000e+04 2.950418495592134205e-01
1.155620000000000073e+04 2.982533199898653176e-01
1.155639999999999964e+04 2.997183394969163417e-01
1.155660000000000036e+04 3.029214040738046343e-01
1.155679999999999927e+04 3.077551192325893026e-01
1.155700000000000000e+04 3.093612393175388942e-01
1.155720000000000073e+04 3.137266352711463036e-01
1.155739999999999964e+04 3.160079837533990021e-01
1.155760000000000036e+04 3.209658042855170201e-01
1.155779999999999927e+04 3.245051371897235137e-01
1.155800000000000000e+04 3.263402486712597139e-01
1.155820000000000073e+04 3.322573750853328733e-01
1.155839999999999964e+04 3.362664844236593620e-01
1.155860000000000036e+04 3.396150076138415019e-01
1.155879999999999927e+04 3.457643687235229524e-01
1.155900000000000000e+04 3.517334315500342812e-01
1.155920000000000073e+04 3.565349848677644151e-01
1.155939999999999964e+04 3.628060531649108800e-01
1.155960000000000036e+04 3.687827744209570824e-01
1.155979999999999927e+04 3.768444223534279103e-01
1.156000000000000000e+04 3.841118285926856113e-01
1.156020000000000073e+04 3.922565754912217262e-01
1.156039999999999964e+04 4.009063420496777885e-01
1.156060000000000036e+04 4.086892900211864244e-01
1.156079999999999927e+04 4.198870604868832346e-01
1.156100000000000000e+04 4.309844770835972172e-01
1.156120000000000073e+04 4.409796047786751494e-01
1.156139999999999964e+04 4.545959428355733634e-01
1.156160000000000036e+04 4.670348235111831392e-01
1.156179999999999927e+04 4.821207746217719414e-01
1.156200000000000000e+04 4.975075174782419563e-01
1.156220000000000073e+04 5.140056489799956774e-01
1.156239999999999964e+04 5.325405595222141297e-01
1.156260000000000036e+04 5.508444548986392020e-01
1.156279999999999927e+04 5.722328741792026552e-01
1.156300000000000000e+04 5.940361318460586348e-01
1.156320000000000073e+04 6.163754912902182914e-01
1.156339999999999964e+04 6.425048520277435449e-01
1.156360000000000036e+04 6.686527562026898241e-01
1.156379999999999927e+04 6.967178649638728904e-01
1.156400000000000000e+04 7.246217262289266214e-01
1.156420000000000073e+04 7.540860272194215286e-01
1.156439999999999964e+04 7.841195222869602466e-01
1.156460000000000036e+04 8.122105261393242071e-01
1.156479999999999927e+04 8.438771753160020372e-01
1.156500000000000000e+04 8.717570942511791987e-01
1.156520000000000073e+04 8.994566535737484880e-01
1.156539999999999964e+04 9.274368304812008468e-01
1.156560000000000036e+04 9.522833306410695142e-01
1.156579999999999927e+04 9.761088147536884918e-01
1.156600000000000000e+04 1.001011425107409591e+00
1.156620000000000073e+04 1.019255136565806907e+00
1.156639999999999964e+04 1.036606166616607982e+00
1.156660000000000036e+04 1.052580118615636717e+00
1.156679999999999927e+04 1.068204551197479368e+00
1.156700000000000000e+04 1.079440165950831698e+00
1.156720000000000073e+04 1.090600019587398828e+00
1.156739999999999964e+04 1.096701825624946114e+00
1.156760000000000036e+04 1.102790109893860837e+00
1.156779999999999927e+04 1.109065813879559714e+00
1.156800000000000000e+04 1.110923324911875509e+00
1.156820000000000073e+04 1.112805032686238649e+00
1.156839999999999964e+04 1.112857871480628758e+00
1.156860000000000036e+04 1.111777747926849136e+00
1.156879999999999927e+04 1.109694767907158708e+00
1.156900000000000000e+04 1.104296526039195925e+00
1.156920000000000073e+04 1.101277640002638947e+00
1.156939999999999964e+04 1.098051219357702335e+00
1.156960000000000036e+04 1.091372793123424279e+00
1.156979999999999927e+04 1.082774761143804776e+00
1.157000000000000000e+04 1.075079881801223713e+00
1.157020000000000073e+04 1.067977356634820518e+00
1.157039999999999964e+04 1.059749655616920805e+00
1.157060000000000036e+04 1.051336878856955703e+00
1.157079999999999927e+04 1.042726178494054912e+00
1.157100000000000000e+04 1.034194948130969349e+00
1.157120000000000073e+04 1.026484578318712648e+00
1.157139999999999964e+04 1.018042041001642195e+00
1.157160000000000036e+04 1.010731637243945658e+00
1.157179999999999927e+04 1.001996110985641009e+00
1.157200000000000000e+04 9.960217523067795842e-01
1.157220000000000073e+04 9.876869121162377141e-01
1.157239999999999964e+04 9.805297971585776873e-01
1.157260000000000036e+04 9.738937959268414435e-01
1.157279999999999927e+04 9.666181629711820822e-01
1.157300000000000000e+04 9.622211898652611728e-01
1.157320000000000073e+04 9.560143402456549033e-01
1.157339999999999964e+04 9.506650938764963366e-01
1.157360000000000036e+04 9.462287222991240254e-01
1.157379999999999927e+04 9.426186796577898930e-01
1.157400000000000000e+04 9.356876159557793171e-01
1.157420000000000073e+04 9.322649400843501244e-01
1.157439999999999964e+04 9.282456726441571382e-01
1.157460000000000036e+04 9.243840684116365614e-01
1.157479999999999927e+04 9.211356981102795105e-01
1.157500000000000000e+04 9.194185387485881433e-01
1.157520000000000073e+04 9.167380170124824756e-01
1.157539999999999964e+04 9.132904494203030188e-01
1.157560000000000036e+04 9.106503109191271816e-01
1.157579999999999927e+04 9.092018905719571054e-01
1.157600000000000000e+04 9.067275665566872922e-01
1.157620000000000073e+04 9.060383894479292488e-01
1.157639999999999964e+04 9.053191573272670878e-01
1.157660000000000036e+04 9.020433867313084608e-01
1.157679999999999927e+04 9.036299685862388964e-01
1.157700000000000000e+04 9.028127999850442675e-01
1.157720000000000073e+04 9.002931418754721582e-01
1.157739999999999964e+04 9.006696832798724017e-01
1.157760000000000036e+04 9.009523354258895944e-01
1.157779999999999927e+04 9.009549501971007013e-01
1.157800000000000000e+04 9.013229060876366550e-01
1.157820000000000073e+04 9.023865224246901962e-01
1.157839999999999964e+04 9.007451972791765682e-01
1.157860000000000036e+04 9.014432115037551707e-01
1.157879999999999927e+04 9.016355406600365940e-01
1.157900000000000000e+04 9.024752228114901742e-01
1.157920000000000073e+04 9.035905412109486168e-01
1.157939999999999964e+04 9.051951495571781692e-01
1.157960000000000036e+04 9.038515152725624668e-01
1.157979999999999927e+04 9.042632448017843272e-01
1.158000000000000000e+04 9.060362113773801074e-01
1.158020000000000073e+04 9.055791446163388159e-01
1.158039999999999964e+04 9.078183258068176498e-01
1.158060000000000036e+04 9.065106499372709292e-01
1.158079999999999927e+04 9.066521332557538893e-01
1.158100000000000000e+04 9.065042806832042110e-01
1.158120000000000073e+04 9.078188077034076153e-01
1.158139999999999964e+04 9.075688459358453031e-01
1.158160000000000036e+04 9.059971353810825079e-01
1.158179999999999927e+04 9.057196724054090708e-01
1.158200000000000000e+04 9.063368713772329555e-01
1.158220000000000073e+04 9.055599269348887370e-01
1.158239999999999964e+04 9.047420418674814169e-01
1.158260000000000036e+04 9.037325656436987487e-01
1.158279999999999927e+04 9.022700759314904451e-01
1.158300000000000000e+04 9.018998119715105899e-01
1.158320000000000073e+04 9.014420437147777632e-01
1.158339999999999964e+04 8.996818661996074384e-01
1.158360000000000036e+04 8.985459824038959376e-01
1.158379999999999927e+04 8.975118779532317292e-01
1.158400000000000000e+04 8.980901998945761688e-01
1.158420000000000073e+04 8.954685753331431686e-01
1.158439999999999964e+04 8.958549188900932769e-01
1.158460000000000036e+04 8.936533330143080489e-01
1.158479999999999927e+04 8.937915929590866115e-01
1.158500000000000000e+04 8.936264038942507426e-01
1.158520000000000073e+04 8.918543503659543958e-01
1.158539999999999964e+04 8.922141603200322013e-01
1.158560000000000036e+04 8.905283417854149564e-01
1.158579999999999927e+04 8.914659044290100809e-01
1.158600000000000000e+04 8.921028727731891150e-01
1.158620000000000073e+04 8.922793658238991066e-01
1.158639999999999964e+04 8.907451124357425032e-01
1.158660000000000036e+04 8.912259689638407645e-01
1.158679999999999927e+04 8.920060470107004091e-01
1.158700000000000000e+04 8.917575290910705332e-01
1.158720000000000073e+04 8.914752940903220013e-01
1.158739999999999964e+04 8.924924020435178740e-01
1.158760000000000036e+04 8.935694508787526136e-01
1.158779999999999927e+04 8.936878340679177413e-01
1.158800000000000000e+04 8.946670635718694253e-01
1.158820000000000073e+04 8.958570633819452622e-01
1.158839999999999964e+04 8.960684846135049675e-01
1.158860000000000036e+04 8.956509594904668026e-01
1.158879999999999927e+04 8.972374249244342570e-01
1.158900000000000000e+04 9.007035751266727619e-01
1.158920000000000073e+04 9.010428688076607129e-01
1.158939999999999964e+04 9.008052344924603050e-01
1.158960000000000036e+04 9.020844116465303042e-01
1.158979999999999927e+04 9.053372906529625341e-01
1.159000000000000000e+04 9.063205813509322972e-01
1.159020000000000073e+04 9.063099926752148372e-01
1.159039999999999964e+04 9.087290669317414915e-01
1.159060000000000036e+04 9.114672507648229338e-01
1.159079999999999927e+04 9.106356265734848465e-01
1.159100000000000000e+04 9.113666643865365735e-01
1.159120000000000073e+04 9.143804834313792318e-01
1.159139999999999964e+04 9.155056412190664128e-01
1.159160000000000036e+04 9.178798808276639187e-01
1.159179999999999927e+04 9.204357715558622033e-01
1.159200000000000000e+04 9.225750621034035648e-01
1.159220000000000073e+04 9.240551986305471921e-01
1.159239999999999964e+04 9.251090004183681881e-01
1.159260000000000036e+04 9.290128872487417588e-01
1.159279999999999927e+04 9.287496674953119591e-01
1.159300000000000000e+04 9.300426323959608554e-01
1.159320000000000073e+04 9.339144412885100888e-01
1.159339999999999964e+04 9.337036154673101773e-01
1.159360000000000036e+04 9.331041883280695171e-01
1.159379999999999927e+04 9.353871004812602807e-01
1.159400000000000000e+04 9.360537926490175575e-01
1.159420000000000073e+04 9.367967716380766197e-01
1.159439999999999964e+04 9.384084053193930686e-01
1.159460000000000036e+04 9.387020631541275195e-01
1.159479999999999927e+04 9.361322019543005801e-01
1.159500000000000000e+04 9.393455044930637543e-01
1.159520000000000073e+04 9.377892222859098847e-01
1.159539999999999964e+04 9.389161094240170424e-01
1.159560000000000036e+04 9.384585334043945570e-01
1.159579999999999927e+04 9.390187248026494737e-01
1.159600000000000000e+04 9.386646483988435596e-01
1.159620000000000073e+04 9.366411568414987343e-01
1.159639999999999964e+04 9.362508040352802707e-01
1.159660000000000036e+04 9.362154130654203321e-01
1.159679999999999927e+04 9.354989634429624612e-01
1.159700000000000000e+04 9.343993814337585579e-01
1.159770000000000073e+04 9.298199571533671826e-01
1.159839999999999964e+04 9.272439532905035753e-01
1.159910000000000036e+04 9.219254664289558976e-01
1.159979999999999927e+04 9.197941581821967860e-01
1.160050000000000000e+04 9.151441477814877823e-01
1.160120000000000073e+04 9.114263234724566676e-01
1.160189999999999964e+04 9.100333015255823721e-01
1.160260000000000036e+04 9.076949671509776385e-01
1.160329999999999927e+04 9.070376510184753327e-01
1.160499369499999921e+04 9.020650884691864269e-01
1.160599958300000071e+04 9.013813014499368892e-01
1.160701766200000020e+04 9.000545947690661297e-01
1.160804793299999983e+04 9.020429273517414082e-01
1.160909039599999960e+04 9.032154285119478043e-01
1.161014505099999951e+04 9.094844863887202591e-01
1.161121189799999956e+04 9.193641931182013893e-01
1.161229093699999976e+04 9.318376048793520772e-01
1.161338216699999975e+04 9.482763129537028490e-01
1.161448559000000023e+04 9.703649471782547220e-01
1.161560120400000051e+04 1.001903113374856824e+00
1.161672901099999945e+04 1.041720761006484919e+00
1.161786900900000001e+04 1.088595262758191629e+00
1.161902119900000071e+04 1.145811397915242447e+00
1.162018558200000007e+04 1.203757286210298094e+00
1.162136215599999923e+04 1.260201452937131705e+00
1.162255092200000036e+04 1.307200115020130005e+00
1.162375187899999946e+04 1.339450570479210123e+00
1.162496502900000087e+04 1.348752481116958224e+00
1.162619037100000060e+04 1.335272401011298626e+00
1.162742790400000013e+04 1.298858556473105219e+00
1.162867763000000014e+04 1.244955969934870899e+00
1.162993954699999995e+04 1.184179146766154433e+00
1.163121365700000024e+04 1.122569649969102912e+00
1.163249995800000033e+04 1.064444676088239561e+00
1.163379845100000057e+04 1.017337532968634939e+00
1.163510913599999913e+04 9.829690971292124324e-01
1.163643201299999964e+04 9.583317300991572862e-01
1.163776708200000030e+04 9.416694504587367343e-01
1.163911434200000076e+04 9.311332548945807641e-01
1.164047379499999988e+04 9.244829145320836439e-01
1.164184543999999914e+04 9.208882526375202771e-01
1.164322927600000003e+04 9.170923061405314991e-01
1.164462530499999957e+04 9.154333739127460401e-01
1.164603352500000074e+04 9.147226298259184540e-01
1.164745393700000022e+04 9.133006150504797693e-01
1.164888654099999985e+04 9.119545119554157697e-01
1.165033133699999962e+04 9.134962966441156906e-01
1.165178832499999953e+04 9.145946476473265641e-01
1.165325750499999958e+04 9.175722540112731807e-01
1.165473887699999977e+04 9.173157197388680517e-01
1.165623243999999977e+04 9.223492178732451974e-01
1.165773819600000024e+04 9.236022766168417997e-01
1.165925614300000052e+04 9.257796546879607513e-01
1.166078628299999946e+04 9.287101597749727322e-01
1.166232861400000002e+04 9.313763460554287388e-01
1.166388313700000072e+04 9.333073655968314730e-01
1.166544985199999974e+04 9.353705073655861346e-01
1.166702875900000072e+04 9.357862594459600558e-01
1.166861985800000002e+04 9.368406190723032045e-01
1.167022314899999947e+04 9.393906286194242394e-01
1.167183863200000087e+04 9.395910139743564038e-01
1.167346630700000060e+04 9.386428630154113328e-01
1.167510617300000013e+04 9.393148591322225682e-01
1.167675823200000013e+04 9.401966205323645243e-01
1.167842248199999995e+04 9.412695733080443938e-01
1.168009892399999990e+04 9.404435876946143358e-01
1.168178755799999999e+04 9.419904227494236837e-01
1.168348838500000056e+04 9.424150265651423108e-01
1.168520140299999912e+04 9.448537941984096467e-01
1.168692661299999963e+04 9.455194782071114634e-01
1.168866401399999995e+04 9.450699602687903100e-01
1.169041360800000075e+04 9.461036087445884313e-01
1.169217539399999987e+04 9.444409187637338166e-01
1.169394937100000061e+04 9.432504680180237022e-01
1.169573554100000001e+04 9.437223696242316162e-01
1.169753390199999922e+04 9.430144721815024722e-01
1.169934445500000038e+04 9.423015322451937514e-01
1.170116720100000020e+04 9.387778643517638022e-01
1.170300213799999983e+04 9.387917090585699009e-01
1.170484926699999960e+04 9.377053681387235162e-01
1.170670858799999951e+04 9.370421295430967357e-01
1.170858009999999922e+04 9.380978317130995725e-01
1.171046380499999941e+04 9.375494007104231420e-01
1.171235970199999974e+04 9.379719703397076946e-01
1.171426778999999988e+04 9.410951819974561205e-01
1.171618807100000049e+04 9.432227295203776674e-01
1.171812054300000091e+04 9.439912503049409098e-01
1.172006520699999965e+04 9.466017969313730296e-01
1.172202206400000068e+04 9.488746153213314383e-01
1.172399111199999970e+04 9.508031135863714844e-01
1.172597235200000068e+04 9.527028997917720288e-01
1.172796578399999999e+04 9.548430183680661765e-01
1.172997140700000091e+04 9.562421509163817612e-01
1.173198922300000049e+04 9.584243544001044279e-01
1.173401923100000022e+04 9.606393724896187258e-01
1.173606142999999975e+04 9.606638211063590616e-01
1.173811582199999975e+04 9.623365373725899508e-01
1.174018240499999956e+04 9.609550486296759564e-01
1.174226117999999951e+04 9.643671036605366842e-01
1.174435214799999994e+04 9.631605252784226634e-01
1.174645530700000018e+04 9.640916008524602621e-01
1.174857065800000055e+04 9.655805468224147869e-01
1.175069820099999924e+04 9.656997943811461704e-01
1.175283793499999956e+04 9.677818155667264888e-01
1.175498986200000036e+04 9.672930431721495914e-01
1.175715398099999948e+04 9.681476856714105184e-01
1.175933029100000022e+04 9.663450279075312954e-01
1.176151879399999962e+04 9.664903305494424446e-01
1.176371948800000064e+04 9.649536810504556472e-01
1.176593237399999998e+04 9.630670706453697827e-01
1.176815745299999980e+04 9.632497294249074971e-01
1.177039472299999943e+04 9.617703159608669283e-01
1.177264418499999920e+04 9.600283197317666106e-01
1.177490583800000059e+04 9.607492733420452957e-01
1.177717968400000063e+04 9.620889995532562189e-01
1.177946572200000082e+04 9.612293034887756660e-01
1.178176395199999934e+04 9.614153228424883180e-01
1.178407437299999947e+04 9.617422432891119533e-01
1.178639698700000008e+04 9.631464995798731943e-01
1.178873179200000050e+04 9.664973752384691252e-01
1.179107878899999923e+04 9.667305500986170808e-01
1.179343797799999993e+04 9.675455442708902343e-01
1.179580935900000077e+04 9.699249949870500931e-01
1.179819293199999993e+04 9.715876527343018099e-01
1.180058869699999923e+04 9.732881638095146615e-01
1.180299665400000049e+04 9.756133878888842981e-01
1.180541680300000007e+04 9.780953919258301710e-01
1.180784914299999946e+04 9.795205886995814737e-01
1.181029367599999932e+04 9.829087549190375084e-01
1.181275040000000081e+04 9.843322713028316295e-01
1.181521931699999914e+04 9.862467673518173772e-01
1.181770042500000091e+04 9.865676095454339878e-01
1.182019372499999918e+04 9.871173214190637202e-01
1.182269921699999941e+04 9.856907196949804550e-01
1.182521690099999978e+04 9.867744866259012815e-01
1.182774677700000029e+04 9.864773607501476915e-01
1.183028884499999913e+04 9.855767196186340229e-01
1.183284310499999992e+04 9.822699609178959790e-01
1.183540955600000052e+04 9.849408668494994412e-01
1.183798819999999978e+04 9.821981920530810095e-01
1.184057903500000066e+04 9.829063234865047516e-01
1.184318206199999986e+04 9.805862612326364802e-01
1.184579728199999954e+04 9.829139610061092824e-01
1.184842469300000084e+04 9.810678640008965168e-01
1.185106429600000047e+04 9.818721433954117339e-01
1.185371609100000023e+04 9.838456536779666139e-01
1.185638007800000014e+04 9.840741196647982969e-01
1.185905625599999985e+04 9.847001430737493122e-01
1.186174462700000004e+04 9.855815309623490172e-01
1.186444519000000037e+04 9.870016832704568976e-01
1.186715794400000050e+04 9.867192012590308980e-01
1.186988289099999929e+04 9.885998779815042825e-01
1.187262002899999970e+04 9.915017929968344967e-01
1.187536935900000026e+04 9.912489312647175810e-01
1.187813088099999914e+04 9.929613454779759874e-01
1.188090459499999997e+04 9.953806706980463659e-01
1.188369050099999913e+04 9.970556690457081928e-01
1.188648859900000025e+04 9.984823791628434364e-01
1.188929888899999969e+04 1.000094393331226073e+00
1.189212137099999927e+04 9.993886555566144914e-01
1.189495604400000047e+04 1.002995276850471962e+00
1.189780291000000034e+04 1.002135052093453327e+00
1.190066196700000000e+04 1.003838836016449854e+00
1.190353321700000015e+04 1.003073092201560712e+00
1.190641665800000010e+04 1.004010473975795348e+00
1.190931229100000019e+04 1.003197125398568756e+00
1.191222011600000042e+04 1.002891903402336693e+00
1.191514013300000079e+04 1.002937435834331481e+00
1.191807234199999948e+04 1.003928589822933759e+00
1.192101674300000013e+04 1.003521197261201703e+00
1.192397333500000059e+04 1.002911737774777601e+00
1.192694211999999970e+04 1.004048353940534488e+00
1.192992309600000044e+04 1.004684248673091362e+00
1.193291626499999984e+04 1.003793655102517057e+00
1.193592162500000086e+04 1.005928440464338047e+00
1.193893917700000020e+04 1.007365240476342683e+00
1.194196892099999968e+04 1.007372661866075880e+00
1.194501085799999964e+04 1.009016017535091958e+00
1.194806498500000089e+04 1.008990309417241216e+00
1.195113130500000079e+04 1.010448594646960130e+00
1.195420981700000084e+04 1.010585878696219853e+00
1.195730052099999921e+04 1.011678846522380049e+00
1.196040341599999920e+04 1.012552179004195807e+00
1.196351850399999967e+04 1.014110306911180315e+00
1.196664578299999994e+04 1.017819013152058583e+00
1.196978525500000069e+04 1.017149908931439084e+00
1.197293691799999942e+04 1.018758151336902396e+00
1.197610077300000012e+04 1.018827298654410685e+00
1.197927681999999913e+04 1.021083054954930347e+00
1.198246505900000011e+04 1.020793092137670666e+00
1.198566548999999941e+04 1.024873956086856275e+00
1.198887811200000033e+04 1.024824255361769243e+00
1.199210292699999991e+04 1.024290151142459804e+00
1.199533993399999963e+04 1.027000454195449164e+00
1.199858913199999915e+04 1.026732715577554744e+00
1.200185052299999916e+04 1.026067136296988647e+00
1.200512410500000078e+04 1.025317917614488206e+00
1.200840987900000073e+04 1.028178972215807896e+00
1.201170784500000082e+04 1.025293898919064306e+00
1.201501800299999923e+04 1.025681251917191172e+00
1.201834035299999960e+04 1.027030043095485290e+00
1.202167489500000011e+04 1.028712198718474413e+00
1.202502162900000076e+04 1.028825967251655982e+00
1.202838055399999939e+04 1.028981127565409492e+00
1.203175167200000033e+04 1.029321035808104190e+00
1.203513498199999958e+04 1.030293621927289793e+00
1.203853048300000046e+04 1.030724512415881922e+00
1.204193817599999966e+04 1.031923445006272866e+00
1.204535806100000082e+04 1.033140124251034297e+00
1.204879013900000064e+04 1.033808283810072837e+00
1.205223440800000026e+04 1.034953144312232398e+00
1.205569086799999968e+04 1.036514659077574008e+00
1.205915952099999959e+04 1.037439836620910549e+00
1.206264036599999963e+04 1.040378666992513246e+00
1.206613340299999982e+04 1.039648822842412557e+00
1.206963863099999980e+04 1.040608235852273245e+00
1.207315605200000027e+04 1.043042742115302790e+00
1.207668566400000054e+04 1.045147742550712300e+00
1.208022746799999913e+04 1.045768830933397009e+00
1.208378146500000003e+04 1.044759744483964470e+00
1.208734765300000072e+04 1.045473769731771529e+00
1.209092603299999973e+04 1.048460573422554942e+00
1.209451660500000071e+04 1.047250656875479358e+00
1.209811936900000001e+04 1.048377298627498844e+00
1.210173432399999911e+04 1.049572492344035934e+00
1.210536147200000050e+04 1.048737266242019128e+00
1.210900081099999989e+04 1.050146155800929071e+00
1.211265234299999975e+04 1.049449339745080367e+00
1.211631606599999941e+04 1.051309790088800211e+00
1.211999198199999955e+04 1.052071970920035682e+00
1.212368008899999950e+04 1.050999379471358131e+00
1.212738038799999958e+04 1.052636671414001190e+00
1.213109287899999981e+04 1.053103778350918951e+00
1.213481756200000018e+04 1.054456612823379658e+00
1.213855443700000069e+04 1.055673738341044832e+00
1.214230350299999918e+04 1.057258273928024961e+00
1.214606476199999997e+04 1.056065982754505805e+00
1.214983821300000091e+04 1.056845962037241016e+00
1.215362385499999982e+04 1.059115760951087948e+00
1.215742168900000070e+04 1.060645239804119955e+00
1.216123171600000023e+04 1.061559363117858368e+00
1.216505393399999957e+04 1.062081998345153266e+00
1.216888834400000087e+04 1.063093317296483153e+00
1.217273494600000049e+04 1.064496888081685189e+00
1.217659374000000025e+04 1.065978884017850126e+00
1.218046472600000016e+04 1.069295662505306721e+00
1.218434790299999986e+04 1.068051037215419941e+00
1.218824327300000004e+04 1.069250530774195074e+00
1.219215083500000037e+04 1.070066914138545489e+00
1.219607058800000050e+04 1.072531199472958940e+00
1.220000253300000077e+04 1.072840883555445934e+00
1.220394667099999970e+04 1.074203272111363905e+00
1.220790300000000025e+04 1.073325272746560533e+00
1.221187152099999912e+04 1.075481379502946311e+00
1.221585223399999995e+04 1.074895018357719056e+00
1.221984513899999911e+04 1.077423398492312501e+00
1.222385023600000022e+04 1.075924064718801532e+00
1.222786752399999932e+04 1.078304492212722732e+00
1.223189700500000072e+04 1.078446869618529869e+00
1.223593867800000044e+04 1.078961173497033910e+00
1.223999254199999996e+04 1.079780111320205682e+00
1.224405859799999962e+04 1.080110740696118343e+00
1.224813684699999976e+04 1.081480719769913446e+00
1.225222728699999971e+04 1.082065528748959782e+00
1.225632991899999979e+04 1.084022645747596325e+00
1.226044474300000002e+04 1.085312798692878555e+00
1.226457175900000038e+04 1.084234240614470046e+00
1.226871096700000089e+04 1.084646469749390496e+00
1.227286236599999938e+04 1.086862366797262336e+00
1.227702595800000017e+04 1.089266301182098440e+00
1.228120174199999929e+04 1.088478680411259392e+00
1.228538971700000002e+04 1.091411478093581744e+00
1.228958988400000089e+04 1.092959900088478209e+00
1.229380224400000043e+04 1.092907638730914899e+00
1.229802679499999977e+04 1.095535066091253285e+00
1.230226353799999924e+04 1.096568440362297059e+00
1.230651247300000068e+04 1.096418364497985243e+00
1.231077360000000044e+04 1.097936666486347468e+00
1.231504691900000034e+04 1.098665020100016099e+00
1.231933242900000005e+04 1.098932313428467200e+00
1.232363013200000023e+04 1.100347509361423226e+00
1.232794002600000022e+04 1.100766204119859371e+00
1.233226211300000068e+04 1.102854670709905838e+00
1.233659639099999913e+04 1.102544182729482847e+00
1.234094286099999954e+04 1.104426645539921648e+00
1.234530152400000043e+04 1.103823336322152571e+00
1.234967237799999930e+04 1.106362993836223385e+00
1.235405542400000013e+04 1.107189715665976015e+00
1.235845066199999928e+04 1.105309968575474588e+00
1.236285809100000006e+04 1.108679854261515718e+00
1.236727771299999949e+04 1.110136472120726081e+00
1.237170952700000089e+04 1.109384156498461005e+00
1.237615353200000027e+04 1.112580552612159268e+00
1.238060973000000013e+04 1.112478955183867635e+00
1.238507811899999979e+04 1.112491909828172032e+00
1.238955869999999959e+04 1.114358363263576956e+00
1.239405147299999953e+04 1.114966459460001946e+00
1.239855643799999962e+04 1.115992143320921004e+00
1.240307359499999984e+04 1.117387394775414711e+00
1.240760294400000021e+04 1.117210201207056386e+00
1.241214448500000071e+04 1.119246928738432789e+00
1.241669821799999954e+04 1.118851992727067035e+00
1.242126414199999999e+04 1.122240392968169242e+00
1.242584225899999910e+04 1.123634471734428653e+00
1.243043256699999984e+04 1.124264448567374286e+00
1.243503506799999923e+04 1.126830247678468844e+00
1.243964976000000024e+04 1.127643996878559429e+00
1.244427664399999958e+04 1.128510018104525114e+00
1.244891572000000087e+04 1.128544698046256123e+00
1.245356698800000049e+04 1.130091964274466898e+00
1.245823044800000025e+04 1.132281059416777591e+00
1.246290610000000015e+04 1.132201618982082270e+00
1.246759394299999985e+04 1.134790341042553719e+00
1.247229397900000004e+04 1.134501271549769319e+00
1.247700620600000002e+04 1.135233366405479671e+00
1.248173062600000048e+04 1.136200156729329391e+00
1.248646723700000075e+04 1.137313460045541014e+00
1.249121603999999934e+04 1.138349955941246883e+00
1.249597703600000023e+04 1.140427887659224648e+00
1.250075022299999910e+04 1.141662791567025881e+00
1.250553560199999993e+04 1.139575419360895570e+00
1.251033317200000056e+04 1.140163603167184014e+00
1.251514293499999985e+04 1.141370028643494017e+00
1.251996488999999929e+04 1.143815845904337047e+00
1.252479903700000068e+04 1.143920161022899729e+00
1.252964537500000006e+04 1.144328521627526518e+00
