1.138059698199999912e+04 -1.642003851183512664e+00
1.138559698199999912e+04 -1.590918759210163236e+00
1.139059698199999912e+04 -1.541498740527829092e+00
1.139559698199999912e+04 -1.491932959722992447e+00
1.140059698199999912e+04 -1.441092067727076653e+00
1.140559698199999912e+04 -1.390487351159418461e+00
1.141059698199999912e+04 -1.340017667060176665e+00
1.141559698199999912e+04 -1.289641523223795216e+00
1.142059698199999912e+04 -1.238964672383956245e+00
1.142559698199999912e+04 -1.188132570330186821e+00
1.143059698199999912e+04 -1.137571290671399726e+00
1.143559698199999912e+04 -1.086948409896465684e+00
1.144059698199999912e+04 -1.036300891412846648e+00
1.144559698199999912e+04 -9.857509556869306078e-01
1.145059698199999912e+04 -9.352023205011034124e-01
1.145559698199999912e+04 -8.844880131817505209e-01
1.146059698199999912e+04 -8.337797696099752409e-01
1.146559698199999912e+04 -7.831165387286891377e-01
1.147059698199999912e+04 -7.323991507252092248e-01
1.147559698199999912e+04 -6.815910690786433079e-01
1.148059698199999912e+04 -6.309070131271844462e-01
1.148559698199999912e+04 -5.799646722597178172e-01
1.149059698199999912e+04 -5.290154376259629254e-01
1.149559698199999912e+04 -4.779337615540996120e-01
1.150059698199999912e+04 -4.268230180648923677e-01
1.150559698199999912e+04 -3.754504725172839175e-01
1.151059698199999912e+04 -3.239710900631551649e-01
1.151559698199999912e+04 -2.724088070577249665e-01
1.152059698199999912e+04 -2.203157375020398934e-01
1.152559698199999912e+04 -1.676925642865195187e-01
1.153059698199999912e+04 -1.145382405804133419e-01
1.153400000000000000e+04 -7.773159057200781930e-02
1.153500000000000000e+04 -6.681776084850687969e-02
1.153600000000000000e+04 -5.560885560299269614e-02
1.153700000000000000e+04 -4.468063818513035024e-02
1.153800000000000000e+04 -3.342077501293516661e-02
1.153900000000000000e+04 -2.223570069921948500e-02
1.154000000000000000e+04 -1.112331749263065217e-02
1.154100000000000000e+04 2.495959104238110182e-04
1.154120000000000073e+04 2.653253745595218760e-03
1.154139999999999964e+04 4.445374984966748988e-03
1.154160000000000036e+04 7.434297368766912273e-03
1.154179999999999927e+04 1.077075518933554021e-02
1.154200000000000000e+04 1.163259635215038723e-02
1.154220000000000073e+04 1.399329282304445643e-02
1.154239999999999964e+04 1.780385240738793784e-02
1.154260000000000036e+04 1.935996848239460166e-02
1.154279999999999927e+04 2.124580314209517651e-02
1.154300000000000000e+04 2.354322379004178400e-02
1.154320000000000073e+04 2.630260897382280527e-02
1.154339999999999964e+04 2.866555256327768531e-02
1.154360000000000036e+04 3.147699175268339755e-02
1.154379999999999927e+04 3.370431767841211568e-02
1.154400000000000000e+04 3.612459997976871784e-02
1.154420000000000073e+04 3.697195907506875545e-02
1.154439999999999964e+04 4.064867461466376009e-02
1.154460000000000036e+04 4.300886100652570598e-02
1.154479999999999927e+04 4.530570407488135332e-02
1.154500000000000000e+04 4.738605933235892631e-02
1.154520000000000073e+04 5.018451986734448478e-02
1.154539999999999964e+04 5.282430218052422410e-02
1.154560000000000036e+04 5.532914484290560320e-02
1.154579999999999927e+04 5.752332721212771727e-02
1.154600000000000000e+04 6.033339425200892614e-02
1.154620000000000073e+04 6.282156011049039313e-02
1.154639999999999964e+04 6.541617108816985549e-02
1.154660000000000036e+04 6.792332146368310064e-02
1.154679999999999927e+04 7.051695729448967387e-02
1.154700000000000000e+04 7.242388481999600947e-02
1.154720000000000073e+04 7.434590597335510864e-02
1.154739999999999964e+04 7.835003186852040891e-02
1.154760000000000036e+04 8.127531663043160992e-02
1.154779999999999927e+04 8.290225404408119170e-02
1.154800000000000000e+04 8.585598313907569223e-02
1.154820000000000073e+04 8.886297369598253337e-02
1.154839999999999964e+04 9.098203419094941236e-02
1.154860000000000036e+04 9.405037357862963687e-02
1.154879999999999927e+04 9.678931305079299663e-02
1.154900000000000000e+04 9.942878545918401589e-02
1.154920000000000073e+04 1.012513740030091258e-01
1.154939999999999964e+04 1.042958673984100970e-01
1.154960000000000036e+04 1.071654535901813698e-01
1.154979999999999927e+04 1.107488975557901489e-01
1.155000000000000000e+04 1.133762514166888336e-01
1.155020000000000073e+04 1.154971038227569635e-01
1.155039999999999964e+04 1.181355057078743720e-01
1.155060000000000036e+04 1.217772777625630021e-01
1.155079999999999927e+04 1.238245056205170558e-01
1.155100000000000000e+04 1.275121321370107919e-01
1.155120000000000073e+04 1.302440188039719060e-01
1.155139999999999964e+04 1.331741082009499089e-01
1.155160000000000036e+04 1.369193859420773929e-01
1.155179999999999927e+04 1.394562210555164716e-01
1.155200000000000000e+04 1.431079848928287213e-01
1.155220000000000073e+04 1.458221591255770000e-01
1.155239999999999964e+04 1.480560301916999943e-01
1.155260000000000036e+04 1.509910113749063920e-01
1.155279999999999927e+04 1.555699939097770490e-01
1.155300000000000000e+04 1.604024309042680896e-01
1.155320000000000073e+04 1.619846148294009081e-01
1.155339999999999964e+04 1.652348288288966738e-01
1.155360000000000036e+04 1.701643205387747826e-01
1.155379999999999927e+04 1.728203583584440317e-01
1.155400000000000000e+04 1.765427168176772754e-01
1.155420000000000073e+04 1.811216021738321358e-01
1.155439999999999964e+04 1.831539516753031283e-01
1.155460000000000036e+04 1.859350572932699230e-01
1.155479999999999927e+04 1.916833481374491943e-01
1.155500000000000000e+04 1.960673195780973932e-01
1.155520000000000073e+04 1.994305854908148545e-01
1.155539999999999964e+04 2.026195913731034803e-01
1.155560000000000036e+04 2.075877441164679649e-01
1.155579999999999927e+04 2.116123222201673482e-01
1.155600000000000000e+04 2.164445627934108440e-01
1.155620000000000073e+04 2.205579859509360641e-01
1.155639999999999964e+04 2.248888318213889681e-01
1.155660000000000036e+04 2.295909745210065189e-01
1.155679999999999927e+04 2.347186031325978472e-01
1.155700000000000000e+04 2.401479531640759446e-01
1.155720000000000073e+04 2.456346075893683922e-01
1.155739999999999964e+04 2.511837804383547645e-01
1.155760000000000036e+04 2.576641950161142613e-01
1.155779999999999927e+04 2.619390689381009829e-01
1.155800000000000000e+04 2.674226833824753791e-01
1.155820000000000073e+04 2.736388793259701968e-01
1.155839999999999964e+04 2.804036140109118502e-01
1.155860000000000036e+04 2.866241890614797394e-01
1.155879999999999927e+04 2.939400609438666545e-01
1.155900000000000000e+04 3.016700708090194749e-01
1.155920000000000073e+04 3.087138762498922717e-01
1.155939999999999964e+04 3.185057991230941243e-01
1.155960000000000036e+04 3.259045180403079001e-01
1.155979999999999927e+04 3.356440571753118163e-01
1.156000000000000000e+04 3.448064004316505615e-01
1.156020000000000073e+04 3.544898527777565200e-01
1.156039999999999964e+04 3.654728033767568052e-01
1.156060000000000036e+04 3.763371501691943344e-01
1.156079999999999927e+04 3.883877659193971099e-01
1.156100000000000000e+04 4.013757672394343556e-01
1.156120000000000073e+04 4.134663948275498768e-01
1.156139999999999964e+04 4.287935973689226410e-01
1.156160000000000036e+04 4.434881307352532276e-01
1.156179999999999927e+04 4.609328206245320581e-01
1.156200000000000000e+04 4.788016722787999946e-01
1.156220000000000073e+04 4.985354170287678577e-01
1.156239999999999964e+04 5.177762123461695509e-01
1.156260000000000036e+04 5.384106279000627771e-01
1.156279999999999927e+04 5.619569067761430725e-01
1.156300000000000000e+04 5.870629713255248738e-01
1.156320000000000073e+04 6.115282724404692560e-01
1.156339999999999964e+04 6.384753216409426724e-01
1.156360000000000036e+04 6.677144137821623415e-01
1.156379999999999927e+04 6.976564137003742339e-01
1.156400000000000000e+04 7.284354420909636696e-01
1.156420000000000073e+04 7.603723243903903750e-01
1.156439999999999964e+04 7.923057981503012215e-01
1.156460000000000036e+04 8.239945001177616524e-01
1.156479999999999927e+04 8.578938822136766840e-01
1.156500000000000000e+04 8.888898050282115770e-01
1.156520000000000073e+04 9.193779978248145524e-01
1.156539999999999964e+04 9.501645322004841354e-01
1.156560000000000036e+04 9.776284282163638650e-01
1.156579999999999927e+04 1.005024436078422845e+00
1.156600000000000000e+04 1.031917802014046481e+00
1.156620000000000073e+04 1.054958566040910650e+00
1.156639999999999964e+04 1.075250340296931562e+00
1.156660000000000036e+04 1.094962541386646171e+00
1.156679999999999927e+04 1.112984064102850112e+00
1.156700000000000000e+04 1.128939883266149025e+00
1.156720000000000073e+04 1.143534417679033188e+00
1.156739999999999964e+04 1.155562011776839038e+00
1.156760000000000036e+04 1.164796403096603594e+00
1.156779999999999927e+04 1.175188740956492950e+00
1.156800000000000000e+04 1.182350703646584789e+00
1.156820000000000073e+04 1.188503314294825364e+00
1.156839999999999964e+04 1.194820616710468020e+00
1.156860000000000036e+04 1.197799174599782024e+00
1.156879999999999927e+04 1.200727278658757946e+00
1.156900000000000000e+04 1.203042539733320204e+00
1.156920000000000073e+04 1.206200967240318667e+00
1.156939999999999964e+04 1.208036935764339681e+00
1.156960000000000036e+04 1.207913254012086490e+00
1.156979999999999927e+04 1.207684055261563083e+00
1.157000000000000000e+04 1.207105868339518606e+00
1.157020000000000073e+04 1.207374700343410767e+00
1.157039999999999964e+04 1.207632744081959864e+00
1.157060000000000036e+04 1.206958847796345324e+00
1.157079999999999927e+04 1.206725929542780795e+00
1.157100000000000000e+04 1.206633424336206017e+00
1.157120000000000073e+04 1.207299223279787892e+00
1.157139999999999964e+04 1.207832104370709425e+00
1.157160000000000036e+04 1.209043768714491485e+00
1.157179999999999927e+04 1.211772690660941842e+00
1.157200000000000000e+04 1.214379758457754255e+00
1.157220000000000073e+04 1.217075046847949205e+00
1.157239999999999964e+04 1.220236584463560536e+00
1.157260000000000036e+04 1.223749536352023437e+00
1.157279999999999927e+04 1.228571377319016555e+00
1.157300000000000000e+04 1.234167431029976392e+00
1.157320000000000073e+04 1.239308984522323964e+00
1.157339999999999964e+04 1.245073887032541515e+00
1.157360000000000036e+04 1.252235677471911890e+00
1.157379999999999927e+04 1.258674364801260603e+00
1.157400000000000000e+04 1.265499843143396363e+00
1.157420000000000073e+04 1.273653298103010867e+00
1.157439999999999964e+04 1.281353977806677591e+00
1.157460000000000036e+04 1.289076348983569709e+00
1.157479999999999927e+04 1.297457861157924830e+00
1.157500000000000000e+04 1.305957604547912654e+00
1.157520000000000073e+04 1.314473579098596634e+00
1.157539999999999964e+04 1.323602294757384668e+00
1.157560000000000036e+04 1.332145324281246879e+00
1.157579999999999927e+04 1.340565534265748315e+00
1.157600000000000000e+04 1.349306737156709346e+00
1.157620000000000073e+04 1.358002909600452002e+00
1.157639999999999964e+04 1.367453457429746555e+00
1.157660000000000036e+04 1.374872232554436691e+00
1.157679999999999927e+04 1.383440522122618921e+00
1.157700000000000000e+04 1.391123341719031625e+00
1.157720000000000073e+04 1.398482862017133677e+00
1.157739999999999964e+04 1.406424745542099730e+00
1.157760000000000036e+04 1.413446501341627748e+00
1.157779999999999927e+04 1.420081518397908527e+00
1.157800000000000000e+04 1.426329647563540970e+00
1.157820000000000073e+04 1.431980930321463452e+00
1.157839999999999964e+04 1.436781225985911403e+00
1.157860000000000036e+04 1.442224850357599397e+00
1.157879999999999927e+04 1.446512366263351668e+00
1.157900000000000000e+04 1.449964943612311430e+00
1.157920000000000073e+04 1.453023075810734976e+00
1.157939999999999964e+04 1.455149829997858024e+00
1.157960000000000036e+04 1.456558973718455663e+00
1.157979999999999927e+04 1.456975154772319758e+00
1.158000000000000000e+04 1.458806432888938076e+00
1.158020000000000073e+04 1.456790547023405713e+00
1.158039999999999964e+04 1.456774969413248355e+00
1.158060000000000036e+04 1.455670225377994287e+00
1.158079999999999927e+04 1.453298387386106727e+00
1.158100000000000000e+04 1.449054985805605877e+00
1.158120000000000073e+04 1.447061815288608777e+00
1.158139999999999964e+04 1.441946243998317945e+00
1.158160000000000036e+04 1.436717769717290150e+00
1.158179999999999927e+04 1.432118522294114626e+00
1.158200000000000000e+04 1.426689535661291863e+00
1.158220000000000073e+04 1.419784599547144532e+00
1.158239999999999964e+04 1.413049362111787222e+00
1.158260000000000036e+04 1.405825962139421792e+00
1.158279999999999927e+04 1.397265834604463741e+00
1.158300000000000000e+04 1.389870125710468418e+00
1.158320000000000073e+04 1.382101527666731222e+00
1.158339999999999964e+04 1.373512164996725904e+00
1.158360000000000036e+04 1.365465160330665118e+00
1.158379999999999927e+04 1.356632798963204767e+00
1.158400000000000000e+04 1.348825218230772505e+00
1.158420000000000073e+04 1.339915387885896703e+00
1.158439999999999964e+04 1.331784291465535341e+00
1.158460000000000036e+04 1.322438668788433525e+00
1.158479999999999927e+04 1.314666159701482151e+00
1.158500000000000000e+04 1.306098147950913280e+00
1.158520000000000073e+04 1.297649574789427440e+00
1.158539999999999964e+04 1.290811742924441230e+00
1.158560000000000036e+04 1.282956829513361985e+00
1.158579999999999927e+04 1.275467747187523315e+00
1.158600000000000000e+04 1.269401352965159546e+00
1.158620000000000073e+04 1.261965039701977487e+00
1.158639999999999964e+04 1.255808054229178294e+00
1.158660000000000036e+04 1.249829864243008348e+00
1.158679999999999927e+04 1.244746876184352757e+00
1.158700000000000000e+04 1.237997880489881464e+00
1.158720000000000073e+04 1.233563367667391164e+00
1.158739999999999964e+04 1.229285872223008003e+00
1.158760000000000036e+04 1.225380000877242637e+00
1.158779999999999927e+04 1.221318240324710258e+00
1.158800000000000000e+04 1.218548570581435175e+00
1.158820000000000073e+04 1.215392036427359379e+00
1.158839999999999964e+04 1.211374621190128176e+00
1.158860000000000036e+04 1.209073049703003333e+00
1.158879999999999927e+04 1.206794594423400868e+00
1.158900000000000000e+04 1.208048524178241712e+00
1.158920000000000073e+04 1.204552567510444261e+00
1.158939999999999964e+04 1.203935877435116986e+00
1.158960000000000036e+04 1.202538468092043011e+00
1.158979999999999927e+04 1.203379892846759391e+00
1.159000000000000000e+04 1.202014457488322918e+00
1.159020000000000073e+04 1.201837045628225686e+00
1.159039999999999964e+04 1.203518109857947493e+00
1.159060000000000036e+04 1.203702073201618150e+00
1.159079999999999927e+04 1.204511136591551290e+00
1.159100000000000000e+04 1.205288363731566559e+00
1.159120000000000073e+04 1.206182362919480999e+00
1.159139999999999964e+04 1.207840664702402256e+00
1.159160000000000036e+04 1.210618110903677325e+00
1.159179999999999927e+04 1.212173147504454818e+00
1.159200000000000000e+04 1.214976007916575451e+00
1.159220000000000073e+04 1.217493127342687886e+00
1.159239999999999964e+04 1.219647327186398567e+00
1.159260000000000036e+04 1.222782740680801394e+00
1.159279999999999927e+04 1.223506624183936520e+00
1.159300000000000000e+04 1.226254429607198659e+00
1.159320000000000073e+04 1.229809245750760560e+00
1.159339999999999964e+04 1.232737768682577784e+00
1.159360000000000036e+04 1.233654018278245834e+00
1.159379999999999927e+04 1.236634538747095391e+00
1.159400000000000000e+04 1.238197401833883049e+00
1.159420000000000073e+04 1.240147249983698519e+00
1.159439999999999964e+04 1.243559342946783275e+00
1.159460000000000036e+04 1.244959590893517376e+00
1.159479999999999927e+04 1.245066221848104782e+00
1.159500000000000000e+04 1.248021897215167542e+00
1.159520000000000073e+04 1.249171772834723804e+00
1.159539999999999964e+04 1.251152921646071947e+00
1.159560000000000036e+04 1.252949550122049782e+00
1.159579999999999927e+04 1.255177756048947213e+00
1.159600000000000000e+04 1.256518822188022355e+00
1.159620000000000073e+04 1.256377056891719413e+00
1.159639999999999964e+04 1.257670089990286844e+00
1.159660000000000036e+04 1.258996742143125847e+00
1.159679999999999927e+04 1.260919441887915271e+00
1.159700000000000000e+04 1.261334612811744860e+00
1.159770000000000073e+04 1.263949468272380861e+00
1.159839999999999964e+04 1.267064441775499484e+00
1.159910000000000036e+04 1.270033006166998879e+00
1.159979999999999927e+04 1.273050330359338345e+00
1.160050000000000000e+04 1.276566737986413402e+00
1.160120000000000073e+04 1.280718279241783497e+00
1.160189999999999964e+04 1.285158794767534030e+00
1.160260000000000036e+04 1.290295867811668717e+00
1.160329999999999927e+04 1.295495493156791911e+00
1.160499369499999921e+04 1.308217903623703382e+00
1.160599958300000071e+04 1.317185529836840674e+00
1.160701766200000020e+04 1.326600417207359328e+00
1.160804793299999983e+04 1.337122455402377286e+00
1.160909039599999960e+04 1.348697935689183947e+00
1.161014505099999951e+04 1.362467445791804233e+00
1.161121189799999956e+04 1.377129890303954385e+00
1.161229093699999976e+04 1.393271522143539665e+00
1.161338216699999975e+04 1.409531790811152874e+00
1.161448559000000023e+04 1.426375308865082125e+00
1.161560120400000051e+04 1.443571068636826826e+00
1.161672901099999945e+04 1.460817198992709010e+00
1.161786900900000001e+04 1.476745122289601531e+00
1.161902119900000071e+04 1.492413944075066556e+00
1.162018558200000007e+04 1.506484621451157135e+00
1.162136215599999923e+04 1.520272768669716390e+00
1.162255092200000036e+04 1.531597728706380668e+00
1.162375187899999946e+04 1.543376224838528099e+00
1.162496502900000087e+04 1.554778551001860132e+00
1.162619037100000060e+04 1.564092192817269522e+00
1.162742790400000013e+04 1.574093314115081021e+00
1.162867763000000014e+04 1.583382097256131438e+00
1.162993954699999995e+04 1.594236990827436307e+00
1.163121365700000024e+04 1.604278335954527179e+00
1.163249995800000033e+04 1.614197797138005708e+00
1.163379845100000057e+04 1.625117188322920958e+00
1.163510913599999913e+04 1.635720618886198796e+00
1.163643201299999964e+04 1.645751709051114675e+00
1.163776708200000030e+04 1.656321483579728415e+00
1.163911434200000076e+04 1.667469232082630315e+00
1.164047379499999988e+04 1.678783556404380928e+00
1.164184543999999914e+04 1.689743157795235096e+00
1.164322927600000003e+04 1.700686408316534060e+00
1.164462530499999957e+04 1.712829321603128285e+00
1.164603352500000074e+04 1.726359154213060298e+00
1.164745393700000022e+04 1.738751494784772422e+00
1.164888654099999985e+04 1.752697780347983514e+00
1.165033133699999962e+04 1.767262943249945151e+00
1.165178832499999953e+04 1.783561963284806984e+00
1.165325750499999958e+04 1.799783962603346943e+00
1.165473887699999977e+04 1.816107999012454677e+00
1.165623243999999977e+04 1.834247859179890305e+00
1.165773819600000024e+04 1.851473322744468408e+00
1.165925614300000052e+04 1.869266711851407248e+00
1.166078628299999946e+04 1.887229552336377125e+00
1.166232861400000002e+04 1.905051531318924685e+00
1.166388313700000072e+04 1.921856599387139264e+00
1.166544985199999974e+04 1.939361870622714257e+00
1.166702875900000072e+04 1.956168379269801694e+00
1.166861985800000002e+04 1.972594083856754832e+00
1.167022314899999947e+04 1.989515839109571971e+00
1.167183863200000087e+04 2.005996790385212947e+00
1.167346630700000060e+04 2.022057058071766278e+00
1.167510617300000013e+04 2.039239646575738085e+00
1.167675823200000013e+04 2.056419970851714574e+00
1.167842248199999995e+04 2.073627157218267847e+00
1.168009892399999990e+04 2.090531430356344256e+00
1.168178755799999999e+04 2.108265533350766940e+00
1.168348838500000056e+04 2.126505877104900577e+00
1.168520140299999912e+04 2.144471139444990904e+00
1.168692661299999963e+04 2.162044630070582230e+00
1.168866401399999995e+04 2.179578405273668640e+00
1.169041360800000075e+04 2.196508017077108743e+00
1.169217539399999987e+04 2.214226415210364785e+00
1.169394937100000061e+04 2.230763622921236866e+00
1.169573554100000001e+04 2.247748746289774058e+00
1.169753390199999922e+04 2.264274770177382656e+00
1.169934445500000038e+04 2.281045169081758583e+00
1.170116720100000020e+04 2.297051026365047655e+00
1.170300213799999983e+04 2.314165666029958324e+00
1.170484926699999960e+04 2.332139786505985857e+00
1.170670858799999951e+04 2.349976730796456970e+00
1.170858009999999922e+04 2.368828704727437895e+00
1.171046380499999941e+04 2.387089201910103320e+00
1.171235970199999974e+04 2.407824997239047971e+00
1.171426778999999988e+04 2.427723493894395013e+00
1.171618807100000049e+04 2.448928634163823670e+00
1.171812054300000091e+04 2.470217957356685368e+00
1.172006520699999965e+04 2.491373170549615601e+00
1.172202206400000068e+04 2.512950830998333274e+00
1.172399111199999970e+04 2.534534551973468552e+00
1.172597235200000068e+04 2.556610384550803694e+00
1.172796578399999999e+04 2.578569517842995928e+00
1.172997140700000091e+04 2.599376781687559479e+00
1.173198922300000049e+04 2.620705305081526326e+00
1.173401923100000022e+04 2.643453204027183645e+00
1.173606142999999975e+04 2.664328705064514580e+00
1.173811582199999975e+04 2.685548614456913619e+00
1.174018240499999956e+04 2.707134062128719876e+00
1.174226117999999951e+04 2.728357028188789002e+00
1.174435214799999994e+04 2.749851901527357256e+00
1.174645530700000018e+04 2.770650205349737494e+00
1.174857065800000055e+04 2.793605663640295500e+00
1.175069820099999924e+04 2.814908818559441084e+00
1.175283793499999956e+04 2.836473259801569835e+00
1.175498986200000036e+04 2.858416656636036279e+00
1.175715398099999948e+04 2.880132072079013117e+00
1.175933029100000022e+04 2.900147410997675035e+00
1.176151879399999962e+04 2.921595941865946067e+00
1.176371948800000064e+04 2.942123397226906967e+00
1.176593237399999998e+04 2.963086310303113535e+00
1.176815745299999980e+04 2.983718393619768872e+00
1.177039472299999943e+04 3.005420102057204890e+00
1.177264418499999920e+04 3.026684005636322450e+00
1.177490583800000059e+04 3.049013627698335505e+00
1.177717968400000063e+04 3.071528285085971977e+00
1.177946572200000082e+04 3.093750997158532634e+00
1.178176395199999934e+04 3.117519961243474746e+00
1.178407437299999947e+04 3.140720469072315169e+00
1.178639698700000008e+04 3.165099469571632795e+00
1.178873179200000050e+04 3.189903539203955418e+00
1.179107878899999923e+04 3.214545992026899057e+00
1.179343797799999993e+04 3.238683633825067965e+00
1.179580935900000077e+04 3.264123965037914132e+00
1.179819293199999993e+04 3.289932268730857867e+00
1.180058869699999923e+04 3.315695704288619705e+00
1.180299665400000049e+04 3.341816275306328077e+00
1.180541680300000007e+04 3.368171340283891979e+00
1.180784914299999946e+04 3.393652888484884667e+00
1.181029367599999932e+04 3.420712113601953153e+00
1.181275040000000081e+04 3.446925248049906187e+00
1.181521931699999914e+04 3.472810501105534797e+00
1.181770042500000091e+04 3.498257729945431382e+00
1.182019372499999918e+04 3.523380727811312951e+00
1.182269921699999941e+04 3.548197134604617275e+00
1.182521690099999978e+04 3.572187060386218249e+00
1.182774677700000029e+04 3.597330438229478844e+00
1.183028884499999913e+04 3.621144957024882594e+00
1.183284310499999992e+04 3.645822955354411921e+00
1.183540955600000052e+04 3.670448840509581423e+00
1.183798819999999978e+04 3.694778066696335017e+00
1.184057903500000066e+04 3.720271124542196439e+00
1.184318206199999986e+04 3.745209024631471095e+00
1.184579728199999954e+04 3.772282580336841384e+00
1.184842469300000084e+04 3.797602032512492620e+00
1.185106429600000047e+04 3.824240762611224476e+00
1.185371609100000023e+04 3.850709092611080742e+00
1.185638007800000014e+04 3.878768978803927681e+00
1.185905625599999985e+04 3.905606460308403083e+00
1.186174462700000004e+04 3.932650636686742640e+00
1.186444519000000037e+04 3.961065702202953176e+00
1.186715794400000050e+04 3.987878650705180661e+00
1.186988289099999929e+04 4.016587688021534319e+00
1.187262002899999970e+04 4.045175218490120628e+00
1.187536935900000026e+04 4.073845498280154409e+00
1.187813088099999914e+04 4.102717764760443586e+00
1.188090459499999997e+04 4.132008366064911620e+00
1.188369050099999913e+04 4.161225823942057644e+00
1.188648859900000025e+04 4.190297245650231872e+00
1.188929888899999969e+04 4.220110941852388109e+00
1.189212137099999927e+04 4.248581995393284849e+00
1.189495604400000047e+04 4.278328623804891429e+00
1.189780291000000034e+04 4.307577942002555282e+00
1.190066196700000000e+04 4.336582671761463281e+00
1.190353321700000015e+04 4.364974432288367012e+00
1.190641665800000010e+04 4.393979817225610596e+00
1.190931229100000019e+04 4.421561070438819741e+00
1.191222011600000042e+04 4.450048445569224853e+00
1.191514013300000079e+04 4.478932485283883658e+00
1.191807234199999948e+04 4.508126947331944301e+00
1.192101674300000013e+04 4.537672786800945879e+00
1.192397333500000059e+04 4.566816883163943075e+00
1.192694211999999970e+04 4.596507512489035996e+00
1.192992309600000044e+04 4.626498945129595697e+00
1.193291626499999984e+04 4.656915050519912391e+00
1.193592162500000086e+04 4.687538705050720012e+00
1.193893917700000020e+04 4.718777385857610085e+00
1.194196892099999968e+04 4.749471103940079431e+00
1.194501085799999964e+04 4.780070550678481744e+00
1.194806498500000089e+04 4.811337605398287032e+00
1.195113130500000079e+04 4.842961526520951132e+00
1.195420981700000084e+04 4.873782954974497095e+00
1.195730052099999921e+04 4.905343212714792678e+00
1.196040341599999920e+04 4.937705394286598271e+00
1.196351850399999967e+04 4.970341029123042986e+00
1.196664578299999994e+04 5.002907740824762861e+00
1.196978525500000069e+04 5.035010629065710397e+00
1.197293691799999942e+04 5.067920383464969092e+00
1.197610077300000012e+04 5.100116618690860193e+00
1.197927681999999913e+04 5.132766185913088641e+00
1.198246505900000011e+04 5.164513689142391506e+00
1.198566548999999941e+04 5.198224872506439276e+00
1.198887811200000033e+04 5.230418057296553513e+00
1.199210292699999991e+04 5.262985814662007655e+00
1.199533993399999963e+04 5.295705523864176811e+00
1.199858913199999915e+04 5.328485047039712263e+00
1.200185052299999916e+04 5.361012326808905826e+00
1.200512410500000078e+04 5.394177911708285755e+00
1.200840987900000073e+04 5.426249823496442914e+00
1.201170784500000082e+04 5.458564130304002227e+00
1.201501800299999923e+04 5.491899260030191243e+00
1.201834035299999960e+04 5.524291196606855081e+00
1.202167489500000011e+04 5.558003626859468582e+00
1.202502162900000076e+04 5.591981199567546135e+00
1.202838055399999939e+04 5.625957988650513109e+00
1.203175167200000033e+04 5.659650598407600874e+00
1.203513498199999958e+04 5.693938777219458736e+00
1.203853048300000046e+04 5.728050579345985049e+00
1.204193817599999966e+04 5.763316604278133859e+00
1.204535806100000082e+04 5.798512747368654630e+00
1.204879013900000064e+04 5.833274018576855013e+00
1.205223440800000026e+04 5.868996059686415911e+00
1.205569086799999968e+04 5.904448677728710848e+00
1.205915952099999959e+04 5.940691816716388018e+00
1.206264036599999963e+04 5.976986410891550250e+00
1.206613340299999982e+04 6.011454316031720424e+00
1.206963863099999980e+04 6.047195146249593201e+00
1.207315605200000027e+04 6.083563043066844145e+00
1.207668566400000054e+04 6.119771567113962973e+00
1.208022746799999913e+04 6.155784640248061379e+00
1.208378146500000003e+04 6.191684143965978215e+00
1.208734765300000072e+04 6.227301056278110813e+00
1.209092603299999973e+04 6.264376621802247413e+00
1.209451660500000071e+04 6.300045621782680350e+00
1.209811936900000001e+04 6.336314656571422788e+00
1.210173432399999911e+04 6.372761275277722959e+00
1.210536147200000050e+04 6.408886617543618769e+00
1.210900081099999989e+04 6.445581190402502436e+00
1.211265234299999975e+04 6.482031623581355539e+00
1.211631606599999941e+04 6.519655414766804213e+00
1.211999198199999955e+04 6.556171077694521898e+00
1.212368008899999950e+04 6.592935737690740261e+00
1.212738038799999958e+04 6.629797392898347574e+00
1.213109287899999981e+04 6.667336883681949544e+00
1.213481756200000018e+04 6.705167763238791601e+00
1.213855443700000069e+04 6.743607557864140567e+00
1.214230350299999918e+04 6.781518004680370915e+00
1.214606476199999997e+04 6.818420382727113704e+00
1.214983821300000091e+04 6.856941722748262080e+00
1.215362385499999982e+04 6.896307209175364328e+00
1.215742168900000070e+04 6.935143614826029257e+00
1.216123171600000023e+04 6.974119505829380117e+00
1.216505393399999957e+04 7.012487826816660608e+00
1.216888834400000087e+04 7.051974197104097897e+00
1.217273494600000049e+04 7.091432049258509451e+00
1.217659374000000025e+04 7.131628503811589859e+00
1.218046472600000016e+04 7.171084506716782769e+00
1.218434790299999986e+04 7.210356909068144304e+00
1.218824327300000004e+04 7.249738913411077235e+00
1.219215083500000037e+04 7.289257826023630926e+00
1.219607058800000050e+04 7.329410100736838629e+00
1.220000253300000077e+04 7.369470273815837302e+00
1.220394667099999970e+04 7.408810995962824109e+00
1.220790300000000025e+04 7.448431504082080323e+00
1.221187152099999912e+04 7.489216176332302410e+00
1.221585223399999995e+04 7.528810785294261620e+00
1.221984513899999911e+04 7.568804315840336194e+00
1.222385023600000022e+04 7.609264058267312336e+00
1.222786752399999932e+04 7.650378364991796687e+00
1.223189700500000072e+04 7.690188197751293586e+00
1.223593867800000044e+04 7.730867444371055441e+00
1.223999254199999996e+04 7.772234627086544556e+00
1.224405859799999962e+04 7.812780788539120280e+00
1.224813684699999976e+04 7.854405156578339486e+00
1.225222728699999971e+04 7.895617499291525121e+00
1.225632991899999979e+04 7.937421158514721853e+00
1.226044474300000002e+04 7.978584510733353063e+00
1.226457175900000038e+04 8.020280832899643997e+00
1.226871096700000089e+04 8.062233914481982566e+00
1.227286236599999938e+04 8.104660943746299751e+00
1.227702595800000017e+04 8.146436303946549273e+00
1.228120174199999929e+04 8.189332636811251120e+00
1.228538971700000002e+04 8.232034249522316216e+00
1.228958988400000089e+04 8.275137597423507074e+00
1.229380224400000043e+04 8.318333328506257729e+00
1.229802679499999977e+04 8.362006198311869198e+00
1.230226353799999924e+04 8.404249465631034255e+00
1.230651247300000068e+04 8.447554471449864266e+00
1.231077360000000044e+04 8.491136327925797644e+00
1.231504691900000034e+04 8.534432452352122667e+00
1.231933242900000005e+04 8.577426289115376079e+00
1.232363013200000023e+04 8.621135574939524204e+00
1.232794002600000022e+04 8.664620292902647236e+00
1.233226211300000068e+04 8.708625979569784903e+00
1.233659639099999913e+04 8.751781819094214043e+00
1.234094286099999954e+04 8.795999024418373224e+00
1.234530152400000043e+04 8.839786202955181693e+00
1.234967237799999930e+04 8.884290333147454533e+00
1.235405542400000013e+04 8.928161022333345187e+00
1.235845066199999928e+04 8.971752596021506321e+00
1.236285809100000006e+04 9.017115843742875114e+00
1.236727771299999949e+04 9.061735416525387166e+00
1.237170952700000089e+04 9.106546399999121633e+00
1.237615353200000027e+04 9.151741917642084445e+00
1.238060973000000013e+04 9.196625024990954245e+00
1.238507811899999979e+04 9.241653654225759240e+00
1.238955869999999959e+04 9.287428124866366375e+00
1.239405147299999953e+04 9.332089285476568463e+00
1.239855643799999962e+04 9.378048230091977189e+00
1.240307359499999984e+04 9.423842785495599728e+00
1.240760294400000021e+04 9.469517103392663060e+00
1.241214448500000071e+04 9.515760012894178388e+00
1.241669821799999954e+04 9.561543640153280066e+00
1.242126414199999999e+04 9.609232445784233079e+00
1.242584225899999910e+04 9.656498978536301792e+00
1.243043256699999984e+04 9.702456368242184936e+00
1.243503506799999923e+04 9.749221171096955629e+00
1.243964976000000024e+04 9.795820663260599304e+00
1.244427664399999958e+04 9.842826839766587455e+00
1.244891572000000087e+04 9.889966978202302528e+00
1.245356698800000049e+04 9.937024323665363923e+00
1.245823044800000025e+04 9.984322173950520352e+00
1.246290610000000015e+04 1.003127384075433781e+01
1.246759394299999985e+04 1.007876376208625224e+01
1.247229397900000004e+04 1.012633920982444558e+01
1.247700620600000002e+04 1.017386177213347942e+01
1.248173062600000048e+04 1.022194748111445328e+01
1.248646723700000075e+04 1.026964660169231180e+01
1.249121603999999934e+04 1.031789436878850097e+01
1.249597703600000023e+04 1.036651003257364145e+01
1.250075022299999910e+04 1.041482728535017799e+01
1.250553560199999993e+04 1.046132233917193766e+01
1.251033317200000056e+04 1.050978415969190571e+01
1.251514293499999985e+04 1.055895703654735840e+01
1.251996488999999929e+04 1.060751636800841347e+01
1.252479903700000068e+04 1.065659493654684198e+01
1.252964537500000006e+04 1.070570905544277096e+01
