1.138059698199999912e+04 -1.661264166563105604e+00
1.138559698199999912e+04 -1.588733111709890178e+00
1.139059698199999912e+04 -1.556701823955407349e+00
1.139559698199999912e+04 -1.512394469775142580e+00
1.140059698199999912e+04 -1.451335415377303484e+00
1.140559698199999912e+04 -1.373974622748090679e+00
1.141059698199999912e+04 -1.326856024199621897e+00
1.141559698199999912e+04 -1.286274904196418323e+00
1.142059698199999912e+04 -1.260198905301625150e+00
1.142559698199999912e+04 -1.190851868005071701e+00
1.143059698199999912e+04 -1.133391499505444600e+00
1.143559698199999912e+04 -1.084516508139589774e+00
1.144059698199999912e+04 -1.061845047543738429e+00
1.144559698199999912e+04 -9.980855349585461278e-01
1.145059698199999912e+04 -9.360900621803228683e-01
1.145559698199999912e+04 -8.770581691650338740e-01
1.146059698199999912e+04 -8.642052100975536888e-01
1.146559698199999912e+04 -7.853626253727268303e-01
1.147059698199999912e+04 -7.304173344607107765e-01
1.147559698199999912e+04 -6.698204340792714984e-01
1.148059698199999912e+04 -6.213080740340012342e-01
1.148559698199999912e+04 -5.718936534329039922e-01
1.149059698199999912e+04 -5.400979174554260132e-01
1.149559698199999912e+04 -5.043674713388707209e-01
1.150059698199999912e+04 -4.322684220862578197e-01
1.150559698199999912e+04 -3.615737349268990375e-01
1.151059698199999912e+04 -3.046659897898447156e-01
1.151559698199999912e+04 -2.625647673721680508e-01
1.152059698199999912e+04 -2.143675938978577555e-01
1.152559698199999912e+04 -1.624329872174092582e-01
1.153059698199999912e+04 -1.222427820333431003e-01
1.153400000000000000e+04 -7.953346279606202107e-02
1.153500000000000000e+04 -4.369425453901296108e-02
1.153600000000000000e+04 -6.866717681534723061e-02
1.153700000000000000e+04 -2.230928278162799816e-02
1.153800000000000000e+04 -3.788219495201547438e-02
1.153900000000000000e+04 -3.872991858623719974e-03
1.154000000000000000e+04 -3.061351562103387103e-02
1.154100000000000000e+04 8.366788922829826447e-03
1.154120000000000073e+04 -7.554055550868438162e-03
1.154139999999999964e+04 -1.516192077829392471e-02
1.154160000000000036e+04 1.046189641722333752e-02
1.154179999999999927e+04 2.475610865198046850e-02
1.154200000000000000e+04 -7.333224144490113616e-05
1.154220000000000073e+04 -6.774269273170679950e-03
1.154239999999999964e+04 1.653142309523808473e-02
1.154260000000000036e+04 1.814862806378295113e-02
1.154279999999999927e+04 2.884229458192907880e-02
1.154300000000000000e+04 3.669903049553599472e-02
1.154320000000000073e+04 2.547946332215586529e-02
1.154339999999999964e+04 5.437193683211247186e-02
1.154360000000000036e+04 3.458356906636880779e-02
1.154379999999999927e+04 2.890487979899561410e-02
1.154400000000000000e+04 1.379773616094484567e-02
1.154420000000000073e+04 3.333303990740221767e-02
1.154439999999999964e+04 3.598832610709482016e-02
1.154460000000000036e+04 5.631304854759391909e-02
1.154479999999999927e+04 5.171301233884564863e-02
1.154500000000000000e+04 3.104692609255252367e-02
1.154520000000000073e+04 5.257095450771098744e-02
1.154539999999999964e+04 6.212778233573373887e-02
1.154560000000000036e+04 7.649868999038691997e-02
1.154579999999999927e+04 6.981892253853416719e-02
1.154600000000000000e+04 7.087426266453578094e-02
1.154620000000000073e+04 6.365399916382386003e-02
1.154639999999999964e+04 7.079589594849045042e-02
1.154660000000000036e+04 8.523412466080124150e-02
1.154679999999999927e+04 5.205248558456268548e-02
1.154700000000000000e+04 6.758270655470929866e-02
1.154720000000000073e+04 6.364263755528865030e-02
1.154739999999999964e+04 8.360286786821116700e-02
1.154760000000000036e+04 9.831897386430410446e-02
1.154779999999999927e+04 7.463169359077356790e-02
1.154800000000000000e+04 5.274039419050519095e-02
1.154820000000000073e+04 8.315201216899367753e-02
1.154839999999999964e+04 1.036374159047731003e-01
1.154860000000000036e+04 1.014987653882886143e-01
1.154879999999999927e+04 1.027214574527668678e-01
1.154900000000000000e+04 9.554971728496458594e-02
1.154920000000000073e+04 8.353151002598968589e-02
1.154939999999999964e+04 1.114348145961953362e-01
1.154960000000000036e+04 9.560719554158136901e-02
1.154979999999999927e+04 1.410076459645061009e-01
1.155000000000000000e+04 1.212801175351133076e-01
1.155020000000000073e+04 1.074527078346845244e-01
1.155039999999999964e+04 1.096652711699322713e-01
1.155060000000000036e+04 1.204895866866159959e-01
1.155079999999999927e+04 1.205063772110183673e-01
1.155100000000000000e+04 1.429848453264415675e-01
1.155120000000000073e+04 1.328265935438638357e-01
1.155139999999999964e+04 1.230379129937641813e-01
1.155160000000000036e+04 1.631097047854203341e-01
1.155179999999999927e+04 1.401392300424065263e-01
1.155200000000000000e+04 1.537594465883641015e-01
1.155220000000000073e+04 1.373955320788531331e-01
1.155239999999999964e+04 1.530864606441582620e-01
1.155260000000000036e+04 1.553008963350147598e-01
1.155279999999999927e+04 1.293902088507440373e-01
1.155300000000000000e+04 1.883218971607624193e-01
1.155320000000000073e+04 1.798648567633965856e-01
1.155339999999999964e+04 1.597314003418187078e-01
1.155360000000000036e+04 1.548925545490585365e-01
1.155379999999999927e+04 1.776345682517840585e-01
1.155400000000000000e+04 1.777426697389154209e-01
1.155420000000000073e+04 1.860476575073976291e-01
1.155439999999999964e+04 1.858063458543879887e-01
1.155460000000000036e+04 1.929464601246805300e-01
1.155479999999999927e+04 2.117319227756407352e-01
1.155500000000000000e+04 2.039347524234006725e-01
1.155520000000000073e+04 1.848847093125263463e-01
1.155539999999999964e+04 2.214920972550163958e-01
1.155560000000000036e+04 2.303114488893757694e-01
1.155579999999999927e+04 2.552745865686040228e-01
1.155600000000000000e+04 2.008714071046770466e-01
1.155620000000000073e+04 2.239131297841395196e-01
1.155639999999999964e+04 1.960314213067771982e-01
1.155660000000000036e+04 2.372402874432260611e-01
1.155679999999999927e+04 2.271068937870546200e-01
1.155700000000000000e+04 2.667754488621641440e-01
1.155720000000000073e+04 2.348789096135225352e-01
1.155739999999999964e+04 2.277529171133545194e-01
1.155760000000000036e+04 2.511010918786740209e-01
1.155779999999999927e+04 2.345298275353823736e-01
1.155800000000000000e+04 2.777803823692431284e-01
1.155820000000000073e+04 2.449719510501238151e-01
1.155839999999999964e+04 2.807304750862784082e-01
1.155860000000000036e+04 2.577583567907721918e-01
1.155879999999999927e+04 2.894088483240270238e-01
1.155900000000000000e+04 3.243273114851797922e-01
1.155920000000000073e+04 3.135807158609827949e-01
1.155939999999999964e+04 3.063908053212068827e-01
1.155960000000000036e+04 3.252941698772000012e-01
1.155979999999999927e+04 3.356854882108143978e-01
1.156000000000000000e+04 3.511112714002502799e-01
1.156020000000000073e+04 3.352699983381906002e-01
1.156039999999999964e+04 3.733527514987425855e-01
1.156060000000000036e+04 3.384872983139754488e-01
1.156079999999999927e+04 3.792171924442381270e-01
1.156100000000000000e+04 3.940969110429149991e-01
1.156120000000000073e+04 4.216460265210383307e-01
1.156139999999999964e+04 4.284208097746478594e-01
1.156160000000000036e+04 4.232243068391590146e-01
1.156179999999999927e+04 4.463764747097760943e-01
1.156200000000000000e+04 4.805086604178125942e-01
1.156220000000000073e+04 4.962407981822349323e-01
1.156239999999999964e+04 5.083796994452129958e-01
1.156260000000000036e+04 5.301790544242672709e-01
1.156279999999999927e+04 5.698095517368279017e-01
1.156300000000000000e+04 5.778483636462931061e-01
1.156320000000000073e+04 6.079839186335531664e-01
1.156339999999999964e+04 6.658979099355571973e-01
1.156360000000000036e+04 6.449962718828220476e-01
1.156379999999999927e+04 6.686101149230468943e-01
1.156400000000000000e+04 7.354580630445629597e-01
1.156420000000000073e+04 7.466434057046593686e-01
1.156439999999999964e+04 7.830206628893092713e-01
1.156460000000000036e+04 8.076857516097448730e-01
1.156479999999999927e+04 8.481312868858413845e-01
1.156500000000000000e+04 9.041236702796500158e-01
1.156520000000000073e+04 9.227504239361814520e-01
1.156539999999999964e+04 9.534563527064036093e-01
1.156560000000000036e+04 9.483488632907971505e-01
1.156579999999999927e+04 9.783122134387728375e-01
1.156600000000000000e+04 9.806085896400349444e-01
1.156620000000000073e+04 1.030441569689403147e+00
1.156639999999999964e+04 1.073749904204038819e+00
1.156660000000000036e+04 1.085786567448820517e+00
1.156679999999999927e+04 1.091853346648893996e+00
1.156700000000000000e+04 1.108695060147566025e+00
1.156720000000000073e+04 1.112021344252880795e+00
1.156739999999999964e+04 1.134227639146941025e+00
1.156760000000000036e+04 1.148855699740920056e+00
1.156779999999999927e+04 1.123682855107723144e+00
1.156800000000000000e+04 1.154617684300343727e+00
1.156820000000000073e+04 1.166565041486582910e+00
1.156839999999999964e+04 1.151025347158143752e+00
1.156860000000000036e+04 1.166049081210858152e+00
1.156879999999999927e+04 1.194616895006428425e+00
1.156900000000000000e+04 1.152602288043679923e+00
1.156920000000000073e+04 1.158515169525470734e+00
1.156939999999999964e+04 1.140279311640812310e+00
1.156960000000000036e+04 1.148229690407533088e+00
1.156979999999999927e+04 1.146933612645884448e+00
1.157000000000000000e+04 1.137470319067721780e+00
1.157020000000000073e+04 1.115425559073254247e+00
1.157039999999999964e+04 1.126899928051425581e+00
1.157060000000000036e+04 1.137570687760112165e+00
1.157079999999999927e+04 1.116957211570088093e+00
1.157100000000000000e+04 1.117354302142455236e+00
1.157120000000000073e+04 1.094505010104686260e+00
1.157139999999999964e+04 1.101529014390943750e+00
1.157160000000000036e+04 1.088766608424257543e+00
1.157179999999999927e+04 1.066733636386879569e+00
1.157200000000000000e+04 1.078952737210780333e+00
1.157220000000000073e+04 1.055276049013370354e+00
1.157239999999999964e+04 1.054956055343880150e+00
1.157260000000000036e+04 1.061189323071357382e+00
1.157279999999999927e+04 1.058633940643702198e+00
1.157300000000000000e+04 1.034580510890388938e+00
1.157320000000000073e+04 1.061581093686176258e+00
1.157339999999999964e+04 1.051308619064614591e+00
1.157360000000000036e+04 1.031305013886687272e+00
1.157379999999999927e+04 1.016635977516352485e+00
1.157400000000000000e+04 1.033121855703888370e+00
1.157420000000000073e+04 1.027434602911985184e+00
1.157439999999999964e+04 1.033204788747838165e+00
1.157460000000000036e+04 1.024678185569827482e+00
1.157479999999999927e+04 1.000685651856588310e+00
1.157500000000000000e+04 1.022114690268453030e+00
1.157520000000000073e+04 1.022399937564402617e+00
1.157539999999999964e+04 1.035324631348457425e+00
1.157560000000000036e+04 1.016393939929840950e+00
1.157579999999999927e+04 1.048951915223107267e+00
1.157600000000000000e+04 9.994259782118412039e-01
1.157620000000000073e+04 1.044545038521782931e+00
1.157639999999999964e+04 1.024830847030899550e+00
1.157660000000000036e+04 1.039742153166646421e+00
1.157679999999999927e+04 1.030383581809003024e+00
1.157700000000000000e+04 1.046056334461261450e+00
1.157720000000000073e+04 1.026031061544960599e+00
1.157739999999999964e+04 1.018377816402056268e+00
1.157760000000000036e+04 1.055074165773836725e+00
1.157779999999999927e+04 1.035771094174830820e+00
1.157800000000000000e+04 1.042536228099133044e+00
1.157820000000000073e+04 1.058680454290604978e+00
1.157839999999999964e+04 1.029130927622309510e+00
1.157860000000000036e+04 1.054786205549246514e+00
1.157879999999999927e+04 1.040938525375148860e+00
1.157900000000000000e+04 1.049650451359234626e+00
1.157920000000000073e+04 1.055094850668390816e+00
1.157939999999999964e+04 1.035627778849176561e+00
1.157960000000000036e+04 1.047859958289851567e+00
1.157979999999999927e+04 1.079246165020080639e+00
1.158000000000000000e+04 1.076724995619337655e+00
1.158020000000000073e+04 1.064268120015085195e+00
1.158039999999999964e+04 1.071796167299009728e+00
1.158060000000000036e+04 1.067141912243118718e+00
1.158079999999999927e+04 1.092105453821045957e+00
1.158100000000000000e+04 1.071305272979910850e+00
1.158120000000000073e+04 1.080838427534341006e+00
1.158139999999999964e+04 1.094426870444110245e+00
1.158160000000000036e+04 1.069062838864405673e+00
1.158179999999999927e+04 1.103784224489742005e+00
1.158200000000000000e+04 1.062924509494350245e+00
1.158220000000000073e+04 1.107549194808823412e+00
1.158239999999999964e+04 1.081170592509872908e+00
1.158260000000000036e+04 1.084158793602646664e+00
1.158279999999999927e+04 1.061466736688407853e+00
1.158300000000000000e+04 1.082889048140927235e+00
1.158320000000000073e+04 1.076158998262464639e+00
1.158339999999999964e+04 1.082874089135138496e+00
1.158360000000000036e+04 1.090799422204692393e+00
1.158379999999999927e+04 1.106699618036949051e+00
1.158400000000000000e+04 1.098130607120465063e+00
1.158420000000000073e+04 1.100277064361693924e+00
1.158439999999999964e+04 1.082382068382207407e+00
1.158460000000000036e+04 1.085663719649190062e+00
1.158479999999999927e+04 1.124611451600728396e+00
1.158500000000000000e+04 1.090455241210045445e+00
1.158520000000000073e+04 1.124547299348517937e+00
1.158539999999999964e+04 1.100674591956429804e+00
1.158560000000000036e+04 1.105342020343128562e+00
1.158579999999999927e+04 1.121597947884505508e+00
1.158600000000000000e+04 1.127076704733662060e+00
1.158620000000000073e+04 1.109025653584443161e+00
1.158639999999999964e+04 1.107339542657786113e+00
1.158660000000000036e+04 1.114039432939048613e+00
1.158679999999999927e+04 1.122235404865844055e+00
1.158700000000000000e+04 1.130713054156227582e+00
1.158720000000000073e+04 1.121279906941901272e+00
1.158739999999999964e+04 1.132533253290150643e+00
1.158760000000000036e+04 1.149486405847771398e+00
1.158779999999999927e+04 1.134461281680169575e+00
1.158800000000000000e+04 1.136893990243847075e+00
1.158820000000000073e+04 1.114259427842762440e+00
1.158839999999999964e+04 1.100438295417790480e+00
1.158860000000000036e+04 1.145282641182531869e+00
1.158879999999999927e+04 1.141351608730498679e+00
1.158900000000000000e+04 1.141556687229213773e+00
1.158920000000000073e+04 1.153068951357790084e+00
1.158939999999999964e+04 1.152483514842318701e+00
1.158960000000000036e+04 1.171535994724193452e+00
1.158979999999999927e+04 1.161688984696012561e+00
1.159000000000000000e+04 1.152288160319760113e+00
1.159020000000000073e+04 1.179453430163042826e+00
1.159039999999999964e+04 1.167465495082896210e+00
1.159060000000000036e+04 1.180798868709464600e+00
1.159079999999999927e+04 1.170344565169151307e+00
1.159100000000000000e+04 1.171187005338682141e+00
1.159120000000000073e+04 1.184521760118762979e+00
1.159139999999999964e+04 1.187291147075881792e+00
1.159160000000000036e+04 1.198474881515606327e+00
1.159179999999999927e+04 1.191443235116116162e+00
1.159200000000000000e+04 1.174165012314348111e+00
1.159220000000000073e+04 1.197630233701486135e+00
1.159239999999999964e+04 1.218153539651958939e+00
1.159260000000000036e+04 1.207428643180994188e+00
1.159279999999999927e+04 1.210005840790133513e+00
1.159300000000000000e+04 1.230876720038440730e+00
1.159320000000000073e+04 1.211851493442193339e+00
1.159339999999999964e+04 1.204130672793084056e+00
1.159360000000000036e+04 1.224975523966309376e+00
1.159379999999999927e+04 1.224178579332154460e+00
1.159400000000000000e+04 1.219698866297858508e+00
1.159420000000000073e+04 1.233178490465038912e+00
1.159439999999999964e+04 1.246344891188299719e+00
1.159460000000000036e+04 1.241269503214709413e+00
1.159479999999999927e+04 1.246172102148797700e+00
1.159500000000000000e+04 1.270368579112487017e+00
1.159520000000000073e+04 1.241975832495783916e+00
1.159539999999999964e+04 1.252858419257060874e+00
1.159560000000000036e+04 1.244006404171926983e+00
1.159579999999999927e+04 1.241796734806363656e+00
1.159600000000000000e+04 1.246966559465315205e+00
1.159620000000000073e+04 1.248478216583136513e+00
1.159639999999999964e+04 1.261545777425206571e+00
1.159660000000000036e+04 1.290579060735375982e+00
1.159679999999999927e+04 1.250162621364383941e+00
1.159700000000000000e+04 1.254836204054644799e+00
1.159770000000000073e+04 1.262637463073754240e+00
1.159839999999999964e+04 1.272289525745331051e+00
1.159910000000000036e+04 1.273534654825738688e+00
1.159979999999999927e+04 1.290755398352330552e+00
1.160050000000000000e+04 1.242903876584255052e+00
1.160120000000000073e+04 1.247623609687949831e+00
1.160189999999999964e+04 1.278275002465086851e+00
1.160260000000000036e+04 1.305490745207511294e+00
1.160329999999999927e+04 1.273801062785925531e+00
1.160499369499999921e+04 1.266549082281029470e+00
1.160599958300000071e+04 1.325098483129880211e+00
1.160701766200000020e+04 1.329975996857337250e+00
1.160804793299999983e+04 1.322018541642853151e+00
1.160909039599999960e+04 1.335044134603542876e+00
1.161014505099999951e+04 1.349032488146515218e+00
1.161121189799999956e+04 1.378661260442390013e+00
1.161229093699999976e+04 1.384594468711788373e+00
1.161338216699999975e+04 1.416376616578459702e+00
1.161448559000000023e+04 1.386826939764618682e+00
1.161560120400000051e+04 1.431700131443866209e+00
1.161672901099999945e+04 1.445216700950256783e+00
1.161786900900000001e+04 1.473193745188719816e+00
1.161902119900000071e+04 1.484959760444155119e+00
1.162018558200000007e+04 1.517538052954721550e+00
1.162136215599999923e+04 1.494513275188059431e+00
1.162255092200000036e+04 1.532227973536620214e+00
1.162375187899999946e+04 1.551111490269466042e+00
1.162496502900000087e+04 1.580500786085261566e+00
1.162619037100000060e+04 1.557417744389625991e+00
1.162742790400000013e+04 1.578588405822660246e+00
1.162867763000000014e+04 1.558391147496488216e+00
1.162993954699999995e+04 1.561098518447094907e+00
1.163121365700000024e+04 1.615981950037838732e+00
1.163249995800000033e+04 1.614120764106568462e+00
1.163379845100000057e+04 1.641444456418526876e+00
1.163510913599999913e+04 1.616693316621575338e+00
1.163643201299999964e+04 1.652954500916696601e+00
1.163776708200000030e+04 1.682212329022919839e+00
1.163911434200000076e+04 1.673283888172630185e+00
1.164047379499999988e+04 1.682615352558263444e+00
1.164184543999999914e+04 1.689861694851879426e+00
1.164322927600000003e+04 1.678923212282303901e+00
1.164462530499999957e+04 1.731609605376123628e+00
1.164603352500000074e+04 1.717896253015914532e+00
1.164745393700000022e+04 1.745740671437693070e+00
1.164888654099999985e+04 1.731043299758229681e+00
1.165033133699999962e+04 1.750922555643541045e+00
1.165178832499999953e+04 1.803443850777876722e+00
1.165325750499999958e+04 1.794972391517928978e+00
1.165473887699999977e+04 1.836241866487546837e+00
1.165623243999999977e+04 1.833164041453699600e+00
1.165773819600000024e+04 1.825955431419151953e+00
1.165925614300000052e+04 1.881625532410831969e+00
1.166078628299999946e+04 1.879057107437899665e+00
1.166232861400000002e+04 1.914731257021025534e+00
1.166388313700000072e+04 1.922205874025259664e+00
1.166544985199999974e+04 1.917983309976796225e+00
1.166702875900000072e+04 1.958444540319343563e+00
1.166861985800000002e+04 2.003020844934598088e+00
1.167022314899999947e+04 1.996345737629413808e+00
1.167183863200000087e+04 2.005199931953644210e+00
1.167346630700000060e+04 2.036955005434212040e+00
1.167510617300000013e+04 2.042158274894665393e+00
1.167675823200000013e+04 2.059322885332246944e+00
1.167842248199999995e+04 2.058503640093642950e+00
1.168009892399999990e+04 2.093771191322641556e+00
1.168178755799999999e+04 2.122610701123683441e+00
1.168348838500000056e+04 2.114922963301688608e+00
1.168520140299999912e+04 2.164206289839126995e+00
1.168692661299999963e+04 2.160774122883717840e+00
1.168866401399999995e+04 2.167279130987131985e+00
1.169041360800000075e+04 2.210329341634453382e+00
1.169217539399999987e+04 2.210253130564635793e+00
1.169394937100000061e+04 2.241286040963855530e+00
1.169573554100000001e+04 2.243706684248925498e+00
1.169753390199999922e+04 2.263445931003231770e+00
1.169934445500000038e+04 2.287883016350816590e+00
1.170116720100000020e+04 2.301081152038372046e+00
1.170300213799999983e+04 2.286519309181386461e+00
1.170484926699999960e+04 2.316605929888648774e+00
1.170670858799999951e+04 2.362852897615677517e+00
1.170858009999999922e+04 2.366998067237565895e+00
1.171046380499999941e+04 2.379833360318891700e+00
1.171235970199999974e+04 2.389003136119651316e+00
1.171426778999999988e+04 2.412764686456309704e+00
1.171618807100000049e+04 2.420918372827022491e+00
1.171812054300000091e+04 2.468814801106040235e+00
1.172006520699999965e+04 2.483082338468457717e+00
1.172202206400000068e+04 2.499559596630900771e+00
1.172399111199999970e+04 2.533590761180262607e+00
1.172597235200000068e+04 2.561652881012912886e+00
1.172796578399999999e+04 2.607568954261627603e+00
1.172997140700000091e+04 2.578430952139697752e+00
1.173198922300000049e+04 2.636767520858064540e+00
1.173401923100000022e+04 2.656934679626452578e+00
1.173606142999999975e+04 2.653535052915279469e+00
1.173811582199999975e+04 2.688364271806992889e+00
1.174018240499999956e+04 2.700793951567265871e+00
1.174226117999999951e+04 2.730929581934737893e+00
1.174435214799999994e+04 2.770759598882287289e+00
1.174645530700000018e+04 2.779040352868838326e+00
1.174857065800000055e+04 2.800651990198622876e+00
1.175069820099999924e+04 2.808947257269728492e+00
1.175283793499999956e+04 2.815912945731947836e+00
1.175498986200000036e+04 2.855528510931396813e+00
1.175715398099999948e+04 2.896848578402061225e+00
1.175933029100000022e+04 2.878989828871176382e+00
1.176151879399999962e+04 2.906978596521967440e+00
1.176371948800000064e+04 2.943872726868551393e+00
1.176593237399999998e+04 2.949444774838126726e+00
1.176815745299999980e+04 2.972738670698569674e+00
1.177039472299999943e+04 2.999551512207758730e+00
1.177264418499999920e+04 3.007764564490506665e+00
1.177490583800000059e+04 3.035518016935177865e+00
1.177717968400000063e+04 3.081273666941202194e+00
1.177946572200000082e+04 3.075638526143706475e+00
1.178176395199999934e+04 3.095382832854252531e+00
1.178407437299999947e+04 3.131992021057437903e+00
1.178639698700000008e+04 3.175240076310094750e+00
1.178873179200000050e+04 3.187175358862013752e+00
1.179107878899999923e+04 3.208109625341838633e+00
1.179343797799999993e+04 3.239298186375673350e+00
1.179580935900000077e+04 3.239938707195958667e+00
1.179819293199999993e+04 3.296785985205458402e+00
1.180058869699999923e+04 3.321007863087728662e+00
1.180299665400000049e+04 3.336145662466760697e+00
1.180541680300000007e+04 3.382107549312622030e+00
1.180784914299999946e+04 3.378032410874664659e+00
1.181029367599999932e+04 3.436338311503518206e+00
1.181275040000000081e+04 3.449065623388315238e+00
1.181521931699999914e+04 3.468147857749398266e+00
1.181770042500000091e+04 3.497982398016041383e+00
1.182019372499999918e+04 3.521894667793658673e+00
1.182269921699999941e+04 3.565103092575848009e+00
1.182521690099999978e+04 3.557270607708759691e+00
1.182774677700000029e+04 3.586766397508174720e+00
1.183028884499999913e+04 3.635502032085324409e+00
1.183284310499999992e+04 3.637572336900138481e+00
1.183540955600000052e+04 3.682924942896793841e+00
1.183798819999999978e+04 3.718322273853449822e+00
1.184057903500000066e+04 3.714704603976788810e+00
1.184318206199999986e+04 3.754648706929795576e+00
1.184579728199999954e+04 3.756299177408452650e+00
1.184842469300000084e+04 3.808058205793360518e+00
1.185106429600000047e+04 3.827003608452500316e+00
1.185371609100000023e+04 3.857262626501017699e+00
1.185638007800000014e+04 3.869825139347298215e+00
1.185905625599999985e+04 3.882593594609206278e+00
1.186174462700000004e+04 3.939622756250629187e+00
1.186444519000000037e+04 3.932479046538165157e+00
1.186715794400000050e+04 3.983482035707337499e+00
1.186988289099999929e+04 4.029626944020033186e+00
1.187262002899999970e+04 4.047833794683368680e+00
1.187536935900000026e+04 4.100838090705295258e+00
1.187813088099999914e+04 4.116919760297992781e+00
1.188090459499999997e+04 4.122949172739380330e+00
1.188369050099999913e+04 4.161604227059217287e+00
1.188648859900000025e+04 4.189640965775594417e+00
1.188929888899999969e+04 4.198191259176582868e+00
1.189212137099999927e+04 4.235553586485033328e+00
1.189495604400000047e+04 4.270559769260472649e+00
1.189780291000000034e+04 4.279367878301344241e+00
1.190066196700000000e+04 4.337240652448177691e+00
1.190353321700000015e+04 4.361523758555348351e+00
1.190641665800000010e+04 4.370803327520700776e+00
1.190931229100000019e+04 4.427161088051022375e+00
1.191222011600000042e+04 4.459966239688951894e+00
1.191514013300000079e+04 4.482077850484836645e+00
1.191807234199999948e+04 4.503637264680503627e+00
1.192101674300000013e+04 4.545866703301197020e+00
1.192397333500000059e+04 4.576240744515398973e+00
1.192694211999999970e+04 4.600766321528434233e+00
1.192992309600000044e+04 4.615074659753362063e+00
1.193291626499999984e+04 4.660747113503233230e+00
1.193592162500000086e+04 4.704101049485445607e+00
1.193893917700000020e+04 4.710511609275052081e+00
1.194196892099999968e+04 4.778536228426938592e+00
1.194501085799999964e+04 4.772788391349344295e+00
1.194806498500000089e+04 4.811786576376336555e+00
1.195113130500000079e+04 4.833644823602540441e+00
1.195420981700000084e+04 4.876876178176551058e+00
1.195730052099999921e+04 4.881206246771301771e+00
1.196040341599999920e+04 4.930140460181211104e+00
1.196351850399999967e+04 4.955210639959362062e+00
1.196664578299999994e+04 5.004782735900151103e+00
1.196978525500000069e+04 5.048787832355462690e+00
1.197293691799999942e+04 5.076870237208370717e+00
1.197610077300000012e+04 5.067259341419776852e+00
1.197927681999999913e+04 5.161057284500204290e+00
1.198246505900000011e+04 5.168604535847314274e+00
1.198566548999999941e+04 5.187467152413493210e+00
1.198887811200000033e+04 5.232594927924148820e+00
1.199210292699999991e+04 5.265426771380268711e+00
1.199533993399999963e+04 5.286466915001389211e+00
1.199858913199999915e+04 5.331227010292424850e+00
1.200185052299999916e+04 5.352596326721266173e+00
1.200512410500000078e+04 5.388575828065509832e+00
1.200840987900000073e+04 5.416742023084204050e+00
1.201170784500000082e+04 5.438715715905971138e+00
1.201501800299999923e+04 5.493919697457751106e+00
1.201834035299999960e+04 5.532400011131240802e+00
1.202167489500000011e+04 5.565136891171290401e+00
1.202502162900000076e+04 5.603340550666618292e+00
1.202838055399999939e+04 5.630451440107538730e+00
1.203175167200000033e+04 5.652270150062797427e+00
1.203513498199999958e+04 5.705571589613787076e+00
1.203853048300000046e+04 5.709243354774412360e+00
1.204193817599999966e+04 5.750838585792956259e+00
1.204535806100000082e+04 5.785154594164023223e+00
1.204879013900000064e+04 5.848237255704889392e+00
1.205223440800000026e+04 5.882057574391408750e+00
1.205569086799999968e+04 5.911199867867348523e+00
1.205915952099999959e+04 5.955542472496762052e+00
1.206264036599999963e+04 5.964804712854215651e+00
1.206613340299999982e+04 6.016283798164630880e+00
1.206963863099999980e+04 6.045460963437123247e+00
1.207315605200000027e+04 6.095295857889453828e+00
1.207668566400000054e+04 6.118175235608774187e+00
1.208022746799999913e+04 6.150451591401854934e+00
1.208378146500000003e+04 6.199177960939008081e+00
1.208734765300000072e+04 6.239439617885183864e+00
1.209092603299999973e+04 6.255117280540050118e+00
1.209451660500000071e+04 6.299199471487549218e+00
1.209811936900000001e+04 6.321650882359787893e+00
1.210173432399999911e+04 6.338152813014354514e+00
1.210536147200000050e+04 6.411663811351347775e+00
1.210900081099999989e+04 6.454017044409403603e+00
1.211265234299999975e+04 6.485662331241915268e+00
1.211631606599999941e+04 6.492645933146246051e+00
1.211999198199999955e+04 6.551310364054663715e+00
1.212368008899999950e+04 6.562202459278748456e+00
1.212738038799999958e+04 6.648773410203127732e+00
1.213109287899999981e+04 6.652290542236329429e+00
1.213481756200000018e+04 6.722560288136719464e+00
1.213855443700000069e+04 6.756711758938605428e+00
1.214230350299999918e+04 6.769041108795025963e+00
1.214606476199999997e+04 6.802726632668996132e+00
1.214983821300000091e+04 6.861795797299325095e+00
1.215362385499999982e+04 6.884609834141574680e+00
1.215742168900000070e+04 6.936563450388839591e+00
1.216123171600000023e+04 6.967430349584139648e+00
1.216505393399999957e+04 6.987811426464366704e+00
1.216888834400000087e+04 7.021073003046399919e+00
1.217273494600000049e+04 7.094572562322357001e+00
1.217659374000000025e+04 7.123848609751159522e+00
1.218046472600000016e+04 7.163421928451926490e+00
1.218434790299999986e+04 7.219997497207135240e+00
1.218824327300000004e+04 7.265995935343164014e+00
1.219215083500000037e+04 7.285481956003532211e+00
1.219607058800000050e+04 7.324691401949059433e+00
1.220000253300000077e+04 7.376399320451046293e+00
1.220394667099999970e+04 7.390011834081301245e+00
1.220790300000000025e+04 7.451523095528449936e+00
1.221187152099999912e+04 7.496862076370668149e+00
1.221585223399999995e+04 7.538234783080373091e+00
1.221984513899999911e+04 7.541972291983167764e+00
1.222385023600000022e+04 7.598716143328610784e+00
1.222786752399999932e+04 7.638210791649993503e+00
1.223189700500000072e+04 7.691572044610143877e+00
1.223593867800000044e+04 7.737527742310422063e+00
1.223999254199999996e+04 7.792970247750954371e+00
1.224405859799999962e+04 7.805923472393104134e+00
1.224813684699999976e+04 7.847511722466667727e+00
1.225222728699999971e+04 7.911545204980854784e+00
1.225632991899999979e+04 7.941529973997384140e+00
1.226044474300000002e+04 7.996146719654927182e+00
1.226457175900000038e+04 8.024280908208682561e+00
1.226871096700000089e+04 8.046203070338215468e+00
1.227286236599999938e+04 8.086191610117083428e+00
1.227702595800000017e+04 8.124941451492718514e+00
1.228120174199999929e+04 8.198504799395770704e+00
1.228538971700000002e+04 8.248502254175459569e+00
1.228958988400000089e+04 8.300810208712785965e+00
1.229380224400000043e+04 8.331286730810465002e+00
1.229802679499999977e+04 8.393742992269991987e+00
1.230226353799999924e+04 8.490555506444637857e+00
1.230651247300000068e+04 8.709899756567658358e+00
1.231077360000000044e+04 8.901852775842780119e+00
1.231504691900000034e+04 8.816191742935732378e+00
1.231933242900000005e+04 8.670490377069091537e+00
1.232363013200000023e+04 8.640987447287919565e+00
1.232794002600000022e+04 8.670183093985984968e+00
1.233226211300000068e+04 8.726450425632883423e+00
1.233659639099999913e+04 8.769723349362998022e+00
1.234094286099999954e+04 8.803538728810000435e+00
1.234530152400000043e+04 8.851504065983828440e+00
1.234967237799999930e+04 8.891412222613761074e+00
1.235405542400000013e+04 8.921771916880610220e+00
1.235845066199999928e+04 8.982234141435398556e+00
1.236285809100000006e+04 8.997796327674565831e+00
1.236727771299999949e+04 9.076336167172350144e+00
1.237170952700000089e+04 9.089997323817982533e+00
1.237615353200000027e+04 9.155701473552255720e+00
1.238060973000000013e+04 9.184916152120313981e+00
1.238507811899999979e+04 9.249320377177513208e+00
1.238955869999999959e+04 9.286958120373649095e+00
1.239405147299999953e+04 9.309995328999569608e+00
1.239855643799999962e+04 9.383876657501220464e+00
1.240307359499999984e+04 9.415836195882226534e+00
1.240760294400000021e+04 9.481724624675056390e+00
1.241214448500000071e+04 9.515778379158339462e+00
1.241669821799999954e+04 9.567021853917923480e+00
1.242126414199999999e+04 9.595966160928838917e+00
1.242584225899999910e+04 9.648334293146668017e+00
1.243043256699999984e+04 9.696102328921737623e+00
1.243503506799999923e+04 9.761090038690976911e+00
1.243964976000000024e+04 9.819059263614331456e+00
1.244427664399999958e+04 9.831671885587889292e+00
1.244891572000000087e+04 9.904885772465849669e+00
1.245356698800000049e+04 9.906965330506581680e+00
1.245823044800000025e+04 9.967777718657552910e+00
1.246290610000000015e+04 1.001799079931238978e+01
1.246759394299999985e+04 1.006002593077964669e+01
1.247229397900000004e+04 1.010439997029230952e+01
1.247700620600000002e+04 1.017958351278170426e+01
1.248173062600000048e+04 1.021898175938598285e+01
1.248646723700000075e+04 1.027490293342063410e+01
1.249121603999999934e+04 1.032746026719297916e+01
1.249597703600000023e+04 1.037018992494630432e+01
1.250075022299999910e+04 1.042394002194893510e+01
1.250553560199999993e+04 1.046035902983415511e+01
1.251033317200000056e+04 1.049333939889608125e+01
1.251514293499999985e+04 1.057361213180012882e+01
1.251996488999999929e+04 1.059935473189405286e+01
1.252479903700000068e+04 1.064363306372919382e+01
1.252964537500000006e+04 1.070324415804929785e+01
