1.138059698199999912e+04 -1.833837809594068176e+03
1.138559698199999912e+04 -1.783837164355799587e+03
1.139059698199999912e+04 -1.733837199902473913e+03
1.139559698199999912e+04 -1.683837027767045129e+03
1.140059698199999912e+04 -1.633837404087301366e+03
1.140559698199999912e+04 -1.583836799359361066e+03
1.141059698199999912e+04 -1.533835073556081170e+03
1.141559698199999912e+04 -1.483835259736204762e+03
1.142059698199999912e+04 -1.433835439700353163e+03
1.142559698199999912e+04 -1.383833906555468275e+03
1.143059698199999912e+04 -1.333834042123129848e+03
1.143559698199999912e+04 -1.283833420843934618e+03
1.144059698199999912e+04 -1.233832283102582551e+03
1.144559698199999912e+04 -1.183833226117364347e+03
1.145059698199999912e+04 -1.133832547002310775e+03
1.145559698199999912e+04 -1.083831027333418888e+03
1.146059698199999912e+04 -1.033830631184322783e+03
1.146559698199999912e+04 -9.838290486775664476e+02
1.147059698199999912e+04 -9.338291779649165392e+02
1.147559698199999912e+04 -8.838287192010463968e+02
1.148059698199999912e+04 -8.338260415687018394e+02
1.148559698199999912e+04 -7.838262708889802752e+02
1.149059698199999912e+04 -7.338251184804082641e+02
1.149559698199999912e+04 -6.838250705138974581e+02
1.150059698199999912e+04 -6.338233499355274034e+02
1.150559698199999912e+04 -5.838215234557268332e+02
1.151059698199999912e+04 -5.338209182108085997e+02
1.151559698199999912e+04 -4.838182983786058458e+02
1.152059698199999912e+04 -4.338168816238376735e+02
1.152559698199999912e+04 -3.838140444424528823e+02
1.153059698199999912e+04 -3.338111048666727925e+02
1.153400000000000000e+04 -2.997764485054271404e+02
1.153500000000000000e+04 -2.897768271104638416e+02
1.153600000000000000e+04 -2.797763415388424164e+02
1.153700000000000000e+04 -2.697741108559750387e+02
1.153800000000000000e+04 -2.597742664613491570e+02
1.153900000000000000e+04 -2.497720910195286024e+02
1.154000000000000000e+04 -2.397724807937323135e+02
1.154100000000000000e+04 -2.297706704472036279e+02
1.154120000000000073e+04 -2.277692103791887348e+02
1.154139999999999964e+04 -2.257690430844160119e+02
1.154160000000000036e+04 -2.237684469947047035e+02
1.154179999999999927e+04 -2.217673093551352679e+02
1.154200000000000000e+04 -2.197685759801360348e+02
1.154220000000000073e+04 -2.177690308889681035e+02
1.154239999999999964e+04 -2.157666947883609794e+02
1.154260000000000036e+04 -2.137669591189864207e+02
1.154279999999999927e+04 -2.117660219214239987e+02
1.154300000000000000e+04 -2.097662187495860167e+02
1.154320000000000073e+04 -2.077669186604006200e+02
1.154339999999999964e+04 -2.057651099523670553e+02
1.154360000000000036e+04 -2.037647897572437330e+02
1.154379999999999927e+04 -2.017647645906008904e+02
1.154400000000000000e+04 -1.997634516878768522e+02
1.154420000000000073e+04 -1.977643138608432309e+02
1.154439999999999964e+04 -1.957627062215937883e+02
1.154460000000000036e+04 -1.937635724704261122e+02
1.154479999999999927e+04 -1.917629084893561355e+02
1.154500000000000000e+04 -1.897623844723343041e+02
1.154520000000000073e+04 -1.877611397136712981e+02
1.154539999999999964e+04 -1.857615076249340120e+02
1.154560000000000036e+04 -1.837607994623340346e+02
1.154579999999999927e+04 -1.817612430382267803e+02
1.154600000000000000e+04 -1.797604952258561184e+02
1.154620000000000073e+04 -1.777586155979607270e+02
1.154639999999999964e+04 -1.757576443526272385e+02
1.154660000000000036e+04 -1.737581265604122223e+02
1.154679999999999927e+04 -1.717567878889478550e+02
1.154700000000000000e+04 -1.697573256075535255e+02
1.154720000000000073e+04 -1.677581009726689842e+02
1.154739999999999964e+04 -1.657553996270488028e+02
1.154760000000000036e+04 -1.637536592754335913e+02
1.154779999999999927e+04 -1.617551225628934901e+02
1.154800000000000000e+04 -1.597530601780247537e+02
1.154820000000000073e+04 -1.577549517407680923e+02
1.154839999999999964e+04 -1.557524486286025933e+02
1.154860000000000036e+04 -1.537518893283474597e+02
1.154879999999999927e+04 -1.517514178112927539e+02
1.154900000000000000e+04 -1.497505076512541393e+02
1.154920000000000073e+04 -1.477521254279031950e+02
1.154939999999999964e+04 -1.457498563007505936e+02
1.154960000000000036e+04 -1.437485871722053901e+02
1.154979999999999927e+04 -1.417462273556350851e+02
1.155000000000000000e+04 -1.397469827577341164e+02
1.155020000000000073e+04 -1.377470629449468049e+02
1.155039999999999964e+04 -1.357462120646630694e+02
1.155060000000000036e+04 -1.337435886172334847e+02
1.155079999999999927e+04 -1.317439477663550349e+02
1.155100000000000000e+04 -1.297428548362014737e+02
1.155120000000000073e+04 -1.277414004374997631e+02
1.155139999999999964e+04 -1.257407586455529014e+02
1.155160000000000036e+04 -1.237384096273696770e+02
1.155179999999999927e+04 -1.217390300956957390e+02
1.155200000000000000e+04 -1.197371189888070973e+02
1.155220000000000073e+04 -1.177364494567349311e+02
1.155239999999999964e+04 -1.157369577561346006e+02
1.155260000000000036e+04 -1.137348038641796961e+02
1.155279999999999927e+04 -1.117322491714126613e+02
1.155300000000000000e+04 -1.097295940269710570e+02
1.155320000000000073e+04 -1.077301778851962837e+02
1.155339999999999964e+04 -1.057297456076927347e+02
1.155360000000000036e+04 -1.037261270632083665e+02
1.155379999999999927e+04 -1.017254170422232988e+02
1.155400000000000000e+04 -9.972401302586439442e+01
1.155420000000000073e+04 -9.772099012148031250e+01
1.155439999999999964e+04 -9.572056615967203186e+01
1.155460000000000036e+04 -9.371875836946236404e+01
1.155479999999999927e+04 -9.171619572068348702e+01
1.155500000000000000e+04 -8.971375427359124899e+01
1.155520000000000073e+04 -8.771262098367193971e+01
1.155539999999999964e+04 -8.571270955393025304e+01
1.155560000000000036e+04 -8.370843062221385367e+01
1.155579999999999927e+04 -8.170634595592896687e+01
1.155600000000000000e+04 -7.970184913337536159e+01
1.155620000000000073e+04 -7.770157526373313317e+01
1.155639999999999964e+04 -7.569890228437706980e+01
1.155660000000000036e+04 -7.369643307054398917e+01
1.155679999999999927e+04 -7.169409094775193125e+01
1.155700000000000000e+04 -6.968906040603987151e+01
1.155720000000000073e+04 -6.768584452350135905e+01
1.155739999999999964e+04 -6.568226826659102358e+01
1.155760000000000036e+04 -6.367896574358446316e+01
1.155779999999999927e+04 -6.167508920632678837e+01
1.155800000000000000e+04 -5.967354838796578065e+01
1.155820000000000073e+04 -5.766795460094120784e+01
1.155839999999999964e+04 -5.566207904313490928e+01
1.155860000000000036e+04 -5.366006196188934041e+01
1.155879999999999927e+04 -5.165445221718366042e+01
1.155900000000000000e+04 -4.964826090004229542e+01
1.155920000000000073e+04 -4.764363488460283946e+01
1.155939999999999964e+04 -4.563656835552411195e+01
1.155960000000000036e+04 -4.363004798793750183e+01
1.155979999999999927e+04 -4.162309180752323812e+01
1.156000000000000000e+04 -3.961486553901160335e+01
1.156020000000000073e+04 -3.760814703836157946e+01
1.156039999999999964e+04 -3.559745354698439002e+01
1.156060000000000036e+04 -3.359020541447672770e+01
1.156079999999999927e+04 -3.157983532819470085e+01
1.156100000000000000e+04 -2.956806070409331610e+01
1.156120000000000073e+04 -2.755938623288220413e+01
1.156139999999999964e+04 -2.554504883965870476e+01
1.156160000000000036e+04 -2.353160640297410922e+01
1.156179999999999927e+04 -2.151818069347372031e+01
1.156200000000000000e+04 -1.950107043064661383e+01
1.156220000000000073e+04 -1.748328456046221646e+01
1.156239999999999964e+04 -1.546568221386953290e+01
1.156260000000000036e+04 -1.344844621589834155e+01
1.156279999999999927e+04 -1.142695778211471058e+01
1.156300000000000000e+04 -9.402575476357480255e+00
1.156320000000000073e+04 -7.380266004337648234e+00
1.156339999999999964e+04 -5.355351160336155658e+00
1.156360000000000036e+04 -3.328045599286329370e+00
1.156379999999999927e+04 -1.300814643854130148e+00
1.156400000000000000e+04 7.285963257374686863e-01
1.156420000000000073e+04 2.758575337605934763e+00
1.156439999999999964e+04 4.787810962273555404e+00
1.156460000000000036e+04 6.819286934259488397e+00
1.156479999999999927e+04 8.850222109352335664e+00
1.156500000000000000e+04 1.087806458134795662e+01
1.156520000000000073e+04 1.290783279678673523e+01
1.156539999999999964e+04 1.493548936386495818e+01
1.156560000000000036e+04 1.696217364684388329e+01
1.156579999999999927e+04 1.898782700276375834e+01
1.156600000000000000e+04 2.101134931003474904e+01
1.156620000000000073e+04 2.303362590295830614e+01
1.156639999999999964e+04 2.505153627632594038e+01
1.156660000000000036e+04 2.706953198780944803e+01
1.156679999999999927e+04 2.908629798493062069e+01
1.156700000000000000e+04 3.109876990132229224e+01
1.156720000000000073e+04 3.311101229974326543e+01
1.156739999999999964e+04 3.512094583934277381e+01
1.156760000000000036e+04 3.712823128601014844e+01
1.156779999999999927e+04 3.913713533209367768e+01
1.156800000000000000e+04 4.114258702183825278e+01
1.156820000000000073e+04 4.314669497981827107e+01
1.156839999999999964e+04 4.515139361192309764e+01
1.156860000000000036e+04 4.715180818109848104e+01
1.156879999999999927e+04 4.915373415115991662e+01
1.156900000000000000e+04 5.115285921022371696e+01
1.156920000000000073e+04 5.315608524612013497e+01
1.156939999999999964e+04 5.515447033960158052e+01
1.156960000000000036e+04 5.715131949540179335e+01
1.156979999999999927e+04 5.914894224105624687e+01
1.157000000000000000e+04 6.114744008011935961e+01
1.157020000000000073e+04 6.314521990622597514e+01
1.157039999999999964e+04 6.514412733686414470e+01
1.157060000000000036e+04 6.714128666258025646e+01
1.157079999999999927e+04 6.913867548047406331e+01
1.157100000000000000e+04 7.113604684482049834e+01
1.157120000000000073e+04 7.313424987876257433e+01
1.157139999999999964e+04 7.513352280055582355e+01
1.157160000000000036e+04 7.713363700173260895e+01
1.157179999999999927e+04 7.913392099478261343e+01
1.157200000000000000e+04 8.113351682710397483e+01
1.157220000000000073e+04 8.313519501040885018e+01
1.157239999999999964e+04 8.513650349631480196e+01
1.157260000000000036e+04 8.713713728256135482e+01
1.157279999999999927e+04 8.914067786369240309e+01
1.157300000000000000e+04 9.114420775258780338e+01
1.157320000000000073e+04 9.314651724157087642e+01
1.157339999999999964e+04 9.515132172866032079e+01
1.157360000000000036e+04 9.715662413656407637e+01
1.157379999999999927e+04 9.916142460143385051e+01
1.157400000000000000e+04 1.011662298186783318e+02
1.157420000000000073e+04 1.031706989775793062e+02
1.157439999999999964e+04 1.051767043402986701e+02
1.157460000000000036e+04 1.071834331172663752e+02
1.157479999999999927e+04 1.091898137640203004e+02
1.157500000000000000e+04 1.111963143814298718e+02
1.157520000000000073e+04 1.132051423912660084e+02
1.157539999999999964e+04 1.152099977543233393e+02
1.157560000000000036e+04 1.172169319379890879e+02
1.157579999999999927e+04 1.192232263774844796e+02
1.157600000000000000e+04 1.212297579601128632e+02
1.157620000000000073e+04 1.232357845205515758e+02
1.157639999999999964e+04 1.252439792003411725e+02
1.157660000000000036e+04 1.272483368915058293e+02
1.157679999999999927e+04 1.292552764763262871e+02
1.157700000000000000e+04 1.312607871272328453e+02
1.157720000000000073e+04 1.332665395767732264e+02
1.157739999999999964e+04 1.352740281245811786e+02
1.157760000000000036e+04 1.372761530346024301e+02
1.157779999999999927e+04 1.392825568952876552e+02
1.157800000000000000e+04 1.412852125087911475e+02
1.157820000000000073e+04 1.432896540200560480e+02
1.157839999999999964e+04 1.452935355491428879e+02
1.157860000000000036e+04 1.472962693775484979e+02
1.157879999999999927e+04 1.492977658054392123e+02
1.157900000000000000e+04 1.512994694480808562e+02
1.157920000000000073e+04 1.533014938375985139e+02
1.157939999999999964e+04 1.553006439002784305e+02
1.157960000000000036e+04 1.573007089159948464e+02
1.157979999999999927e+04 1.592990067226749318e+02
1.158000000000000000e+04 1.612983550650904192e+02
1.158020000000000073e+04 1.632962756710446683e+02
1.158039999999999964e+04 1.652932140892391146e+02
1.158060000000000036e+04 1.672882673959411761e+02
1.158079999999999927e+04 1.692854275454953097e+02
1.158100000000000000e+04 1.712785965620174693e+02
1.158120000000000073e+04 1.732756523014107586e+02
1.158139999999999964e+04 1.752673972597249588e+02
1.158160000000000036e+04 1.772606382910417153e+02
1.158179999999999927e+04 1.792544683302592148e+02
1.158200000000000000e+04 1.812472892499148145e+02
1.158220000000000073e+04 1.832369531464270267e+02
1.158239999999999964e+04 1.852288176509266293e+02
1.158260000000000036e+04 1.872194969644371554e+02
1.158279999999999927e+04 1.892088132691888234e+02
1.158300000000000000e+04 1.912010930673444875e+02
1.158320000000000073e+04 1.931903820611390188e+02
1.158339999999999964e+04 1.951786387424776592e+02
1.158360000000000036e+04 1.971701009692744151e+02
1.158379999999999927e+04 1.991601028303552425e+02
1.158400000000000000e+04 2.011495404136314846e+02
1.158420000000000073e+04 2.031368629104364061e+02
1.158439999999999964e+04 2.051274488593703609e+02
1.158460000000000036e+04 2.071173162663845631e+02
1.158479999999999927e+04 2.091061759524529862e+02
1.158500000000000000e+04 2.110964055845552139e+02
1.158520000000000073e+04 2.130861861688433976e+02
1.158539999999999964e+04 2.150761696521547606e+02
1.158560000000000036e+04 2.170669155959157308e+02
1.158579999999999927e+04 2.190552225002139437e+02
1.158600000000000000e+04 2.210486917529838138e+02
1.158620000000000073e+04 2.230397900841081764e+02
1.158639999999999964e+04 2.250309437067003273e+02
1.158660000000000036e+04 2.270249606461734118e+02
1.158679999999999927e+04 2.290157562079435252e+02
1.158700000000000000e+04 2.310076930588120661e+02
1.158720000000000073e+04 2.330016539325228280e+02
1.158739999999999964e+04 2.349962842516001444e+02
1.158760000000000036e+04 2.369883853698304961e+02
1.158779999999999927e+04 2.389841239714132826e+02
1.158800000000000000e+04 2.409785556590893520e+02
1.158820000000000073e+04 2.429727121390087348e+02
1.158839999999999964e+04 2.449676947232684370e+02
1.158860000000000036e+04 2.469632109396523560e+02
1.158879999999999927e+04 2.489583788202817516e+02
1.158900000000000000e+04 2.509580968765364730e+02
1.158920000000000073e+04 2.529522856582832446e+02
1.158939999999999964e+04 2.549500145116348051e+02
1.158960000000000036e+04 2.569469971303201419e+02
1.158979999999999927e+04 2.589464785370028039e+02
1.159000000000000000e+04 2.609411570146420445e+02
1.159020000000000073e+04 2.629413146117264546e+02
1.159039999999999964e+04 2.649381658859400090e+02
1.159060000000000036e+04 2.669375969306827869e+02
1.159079999999999927e+04 2.689369186677394055e+02
1.159100000000000000e+04 2.709354830086257948e+02
1.159120000000000073e+04 2.729337510149196078e+02
1.159139999999999964e+04 2.749336964970623853e+02
1.159160000000000036e+04 2.769342766059535847e+02
1.159179999999999927e+04 2.789337648906970912e+02
1.159200000000000000e+04 2.809355645328146238e+02
1.159220000000000073e+04 2.829357404342989639e+02
1.159239999999999964e+04 2.849351673441997264e+02
1.159260000000000036e+04 2.869374058993687981e+02
1.159279999999999927e+04 2.889357194925533463e+02
1.159300000000000000e+04 2.909368175044834288e+02
1.159320000000000073e+04 2.929382453937516857e+02
1.159339999999999964e+04 2.949381635184434458e+02
1.159360000000000036e+04 2.969372659772321299e+02
1.159379999999999927e+04 2.989391521938802043e+02
1.159400000000000000e+04 3.009386202092863414e+02
1.159420000000000073e+04 3.029381327713209089e+02
1.159439999999999964e+04 3.049396406163846223e+02
1.159460000000000036e+04 3.069398446376798688e+02
1.159479999999999927e+04 3.089366564364924557e+02
1.159500000000000000e+04 3.109384008751292185e+02
1.159520000000000073e+04 3.129370317126766849e+02
1.159539999999999964e+04 3.149370021324572804e+02
1.159560000000000036e+04 3.169377106799970534e+02
1.159579999999999927e+04 3.189377495273147929e+02
1.159600000000000000e+04 3.209370823456035851e+02
1.159620000000000073e+04 3.229352813705589824e+02
1.159639999999999964e+04 3.249336846394843406e+02
1.159660000000000036e+04 3.269334691354051188e+02
1.159679999999999927e+04 3.289327045180805271e+02
1.159700000000000000e+04 3.309315591649523753e+02
1.159770000000000073e+04 3.379268593173395061e+02
1.159839999999999964e+04 3.449231316315076583e+02
1.159910000000000036e+04 3.519194452753127962e+02
1.159979999999999927e+04 3.589144835435634491e+02
1.160050000000000000e+04 3.659130161482602830e+02
1.160120000000000073e+04 3.729080214044661830e+02
1.160189999999999964e+04 3.799053177184152332e+02
1.160260000000000036e+04 3.869050980987492494e+02
1.160329999999999927e+04 3.939030438830462799e+02
1.160499369499999921e+04 4.108356632854720374e+02
1.160599958300000071e+04 4.208934549588647087e+02
1.160701766200000020e+04 4.310730353137901716e+02
1.160804793299999983e+04 4.413753515914621630e+02
1.160909039599999960e+04 4.518018064859956553e+02
1.161014505099999951e+04 4.623510578614653923e+02
1.161121189799999956e+04 4.730246663820807385e+02
1.161229093699999976e+04 4.838196302845365722e+02
1.161338216699999975e+04 4.947368082935317943e+02
1.161448559000000023e+04 5.057771967828047082e+02
1.161560120400000051e+04 5.169398850689458413e+02
1.161672901099999945e+04 5.282232465933232106e+02
1.161786900900000001e+04 5.396275754748742202e+02
1.161902119900000071e+04 5.511543607577983721e+02
1.162018558200000007e+04 5.628006184913888319e+02
1.162136215599999923e+04 5.745678600458275014e+02
1.162255092200000036e+04 5.864549822174121800e+02
1.162375187899999946e+04 5.984648081773339072e+02
1.162496502900000087e+04 6.105944151635694652e+02
1.162619037100000060e+04 6.228449235235131027e+02
1.162742790400000013e+04 6.352183566031318378e+02
1.162867763000000014e+04 6.477127579410273484e+02
1.162993954699999995e+04 6.603305268885196710e+02
1.163121365700000024e+04 6.730697337548034511e+02
1.163249995800000033e+04 6.859293723235401785e+02
1.163379845100000057e+04 6.989115318878687049e+02
1.163510913599999913e+04 7.120159760862266012e+02
1.163643201299999964e+04 7.252408671204366328e+02
1.163776708200000030e+04 7.385894578394130576e+02
1.163911434200000076e+04 7.520595458563736884e+02
1.164047379499999988e+04 7.656522191556488224e+02
1.164184543999999914e+04 7.793651157295321354e+02
1.164322927600000003e+04 7.932015134030248191e+02
1.164462530499999957e+04 8.071606880098121337e+02
1.164603352500000074e+04 8.212411985653582178e+02
1.164745393700000022e+04 8.354438603931095031e+02
1.164888654099999985e+04 8.497697204375779165e+02
1.165033133699999962e+04 8.642170416452158861e+02
1.165178832499999953e+04 8.787890839435997350e+02
1.165325750499999958e+04 8.934822676354370969e+02
1.165473887699999977e+04 9.082975568898789334e+02
1.165623243999999977e+04 9.232357879902730247e+02
1.165773819600000024e+04 9.382960683411040463e+02
1.165925614300000052e+04 9.534784802485116870e+02
1.166078628299999946e+04 9.687832019389456946e+02
1.166232861400000002e+04 9.842085698844590524e+02
1.166388313700000072e+04 9.997558867528859992e+02
1.166544985199999974e+04 1.015422851803972776e+03
1.166702875900000072e+04 1.031214075051455211e+03
1.166861985800000002e+04 1.047125102506056692e+03
1.167022314899999947e+04 1.063160291239837761e+03
1.167183863200000087e+04 1.079313370556914833e+03
1.167346630700000060e+04 1.095589882307296421e+03
1.167510617300000013e+04 1.111989492713393247e+03
1.167675823200000013e+04 1.128509686414471844e+03
1.167842248199999995e+04 1.145153858143294883e+03
1.168009892399999990e+04 1.161918256334223543e+03
1.168178755799999999e+04 1.178806074132104641e+03
1.168348838500000056e+04 1.195815708763697558e+03
1.168520140299999912e+04 1.212947786745178291e+03
1.168692661299999963e+04 1.230199566864840790e+03
1.168866401399999995e+04 1.247572678640359072e+03
1.169041360800000075e+04 1.265067829599398920e+03
1.169217539399999987e+04 1.282686753230818340e+03
1.169394937100000061e+04 1.300424065378798559e+03
1.169573554100000001e+04 1.318287071999688123e+03
1.169753390199999922e+04 1.336268772756011685e+03
1.169934445500000038e+04 1.354371825618060029e+03
1.170116720100000020e+04 1.372596202316937251e+03
1.170300213799999983e+04 1.390946462122226876e+03
1.170484926699999960e+04 1.409416237774006277e+03
1.170670858799999951e+04 1.428009628294201093e+03
1.170858009999999922e+04 1.446722923234310883e+03
1.171046380499999941e+04 1.465560085960927836e+03
1.171235970199999974e+04 1.484521251609581441e+03
1.171426778999999988e+04 1.503602978137656009e+03
1.171618807100000049e+04 1.522807446160889640e+03
1.171812054300000091e+04 1.542134873979564645e+03
1.172006520699999965e+04 1.561582051552931262e+03
1.172202206400000068e+04 1.581153271563809994e+03
1.172399111199999970e+04 1.600845826761536955e+03
1.172597235200000068e+04 1.620660763219683759e+03
1.172796578399999999e+04 1.640597244618096965e+03
1.172997140700000091e+04 1.660652953664805409e+03
1.173198922300000049e+04 1.680831980384223243e+03
1.173401923100000022e+04 1.701136455949073479e+03
1.173606142999999975e+04 1.721558244601139222e+03
1.173811582199999975e+04 1.742102091912962806e+03
1.174018240499999956e+04 1.762770434505185904e+03
1.174226117999999951e+04 1.783557625356755352e+03
1.174435214799999994e+04 1.804468627328355751e+03
1.174645530700000018e+04 1.825499213905842680e+03
1.174857065800000055e+04 1.846655906577135511e+03
1.175069820099999924e+04 1.867931152744569545e+03
1.175283793499999956e+04 1.889327271450712487e+03
1.175498986200000036e+04 1.910847811050155997e+03
1.175715398099999948e+04 1.932488849318191342e+03
1.175933029100000022e+04 1.954250702560980699e+03
1.176151879399999962e+04 1.976133679593105398e+03
1.176371948800000064e+04 1.998140283749541368e+03
1.176593237399999998e+04 2.020268235747828612e+03
1.176815745299999980e+04 2.042515455573337476e+03
1.177039472299999943e+04 2.064887883221184438e+03
1.177264418499999920e+04 2.087380679566236267e+03
1.177490583800000059e+04 2.109998148627837963e+03
1.177717968400000063e+04 2.132737068491279388e+03
1.177946572200000082e+04 2.155597354469667607e+03
1.178176395199999934e+04 2.178579451767172941e+03
1.178407437299999947e+04 2.201684834891647370e+03
1.178639698700000008e+04 2.224910043594316903e+03
1.178873179200000050e+04 2.248259325675115178e+03
1.179107878899999923e+04 2.271731609623766872e+03
1.179343797799999993e+04 2.295324349898458877e+03
1.179580935900000077e+04 2.319039597727180990e+03
1.179819293199999993e+04 2.342875890818141670e+03
1.180058869699999923e+04 2.366836717000249791e+03
1.180299665400000049e+04 2.390917486120804369e+03
1.180541680300000007e+04 2.415122497196814493e+03
1.180784914299999946e+04 2.439446845403468615e+03
1.181029367599999932e+04 2.463893884292754592e+03
1.181275040000000081e+04 2.488463065289102360e+03
1.181521931699999914e+04 2.513153053607001766e+03
1.181770042500000091e+04 2.537965460061735939e+03
1.182019372499999918e+04 2.562899355111100249e+03
1.182269921699999941e+04 2.587952692145755464e+03
1.182521690099999978e+04 2.613129377206683330e+03
1.182774677700000029e+04 2.638427265355331656e+03
1.183028884499999913e+04 2.663846157278848750e+03
1.183284310499999992e+04 2.689388367764727263e+03
1.183540955600000052e+04 2.715051196161425196e+03
1.183798819999999978e+04 2.740836512550219595e+03
1.184057903500000066e+04 2.766744000996742216e+03
1.184318206199999986e+04 2.792775369382507506e+03
1.184579728199999954e+04 2.818927154187624183e+03
1.184842469300000084e+04 2.845199800398110710e+03
1.185106429600000047e+04 2.871596706027891742e+03
1.185371609100000023e+04 2.898114380372242977e+03
1.185638007800000014e+04 2.924755595131726750e+03
1.185905625599999985e+04 2.951518029337574262e+03
1.186174462700000004e+04 2.978401999097204225e+03
1.186444519000000037e+04 3.005408146320611650e+03
1.186715794400000050e+04 3.032535340337669822e+03
1.186988289099999929e+04 3.059786478247915056e+03
1.187262002899999970e+04 3.087157670372725534e+03
1.187536935900000026e+04 3.114652692325579665e+03
1.187813088099999914e+04 3.142271165797446429e+03
1.188090459499999997e+04 3.170010051895897959e+03
1.188369050099999913e+04 3.197869158305049041e+03
1.188648859900000025e+04 3.225851800640410602e+03
1.188929888899999969e+04 3.253956227656855390e+03
1.189212137099999927e+04 3.282183211046145971e+03
1.189495604400000047e+04 3.310529983720632117e+03
1.189780291000000034e+04 3.338998560232658292e+03
1.190066196700000000e+04 3.367588971092684005e+03
1.190353321700000015e+04 3.396300699466476090e+03
1.190641665800000010e+04 3.425136534177810518e+03
1.190931229100000019e+04 3.454090824231360330e+03
1.191222011600000042e+04 3.483168022081179060e+03
1.191514013300000079e+04 3.512368413270049587e+03
1.191807234199999948e+04 3.541690074331990672e+03
1.192101674300000013e+04 3.571136104050785434e+03
1.192397333500000059e+04 3.600701044250763061e+03
1.192694211999999970e+04 3.630388280789785767e+03
1.192992309600000044e+04 3.660199253152064102e+03
1.193291626499999984e+04 3.690130455994048134e+03
1.193592162500000086e+04 3.720183975837891467e+03
1.193893917700000020e+04 3.750362210693813722e+03
1.194196892099999968e+04 3.780659365200428965e+03
1.194501085799999964e+04 3.811077823463518143e+03
1.194806498500000089e+04 3.841620405906567157e+03
1.195113130500000079e+04 3.872284091930070190e+03
1.195420981700000084e+04 3.903068896910615877e+03
1.195730052099999921e+04 3.933978189571917483e+03
1.196040341599999920e+04 3.965009153899603461e+03
1.196351850399999967e+04 3.996159227192265462e+03
1.196664578299999994e+04 4.027434669883275546e+03
1.196978525500000069e+04 4.058829257374733515e+03
1.197293691799999942e+04 4.090347393768537586e+03
1.197610077300000012e+04 4.121986428533567960e+03
1.197927681999999913e+04 4.153747599493879534e+03
1.198246505900000011e+04 4.185630486710390869e+03
1.198566548999999941e+04 4.217635894367950641e+03
1.198887811200000033e+04 4.249762944284501827e+03
1.199210292699999991e+04 4.282011191744395546e+03
1.199533993399999963e+04 4.314381480662994363e+03
1.199858913199999915e+04 4.346873285051779931e+03
1.200185052299999916e+04 4.379487337563548863e+03
1.200512410500000078e+04 4.412224510126130554e+03
1.200840987900000073e+04 4.445081288022097397e+03
1.201170784500000082e+04 4.478059258521436277e+03
1.201501800299999923e+04 4.511161818038156525e+03
1.201834035299999960e+04 4.544384938157350007e+03
1.202167489500000011e+04 4.577729048268965016e+03
1.202502162900000076e+04 4.611198431298714240e+03
1.202838055399999939e+04 4.644787233444857520e+03
1.203175167200000033e+04 4.678499249135819809e+03
1.203513498199999958e+04 4.712331880242633815e+03
1.203853048300000046e+04 4.746286325495781057e+03
1.204193817599999966e+04 4.780364567435042773e+03
1.204535806100000082e+04 4.814565575446132243e+03
1.204879013900000064e+04 4.848886942540048949e+03
1.205223440800000026e+04 4.883330105553681278e+03
1.205569086799999968e+04 4.917896662354874934e+03
1.205915952099999959e+04 4.952583155660959164e+03
1.206264036599999963e+04 4.987394196976981220e+03
1.206613340299999982e+04 5.022323311407232723e+03
1.206963863099999980e+04 5.057376667305136834e+03
1.207315605200000027e+04 5.092552555356437551e+03
1.207668566400000054e+04 5.127848958913185925e+03
1.208022746799999913e+04 5.163267923576113390e+03
1.208378146500000003e+04 5.198809216559539891e+03
1.208734765300000072e+04 5.234469954909535772e+03
1.209092603299999973e+04 5.270256025181161021e+03
1.209451660500000071e+04 5.306160147016504197e+03
1.209811936900000001e+04 5.342189177965371528e+03
1.210173432399999911e+04 5.378339656619227753e+03
1.210536147200000050e+04 5.414608279773328832e+03
1.210900081099999989e+04 5.451003131065875095e+03
1.211265234299999975e+04 5.487519337935194017e+03
1.211631606599999941e+04 5.524157014103901020e+03
1.211999198199999955e+04 5.560916328352850542e+03
1.212368008899999950e+04 5.597796606463219177e+03
1.212738038799999958e+04 5.634799933494203287e+03
1.213109287899999981e+04 5.671925090255046598e+03
1.213481756200000018e+04 5.709173421073469399e+03
1.213855443700000069e+04 5.746542609426844137e+03
1.214230350299999918e+04 5.784033746834232261e+03
1.214606476199999997e+04 5.821645107452874072e+03
1.214983821300000091e+04 5.859380351824755053e+03
1.215362385499999982e+04 5.897238319023304030e+03
1.215742168900000070e+04 5.935218089964397223e+03
1.216123171600000023e+04 5.973318670727144308e+03
1.216505393399999957e+04 6.011541489215740512e+03
1.216888834400000087e+04 6.049887968400743375e+03
1.217273494600000049e+04 6.088354146023010799e+03
1.217659374000000025e+04 6.126942865265193177e+03
1.218046472600000016e+04 6.165654529335414736e+03
1.218434790299999986e+04 6.204485625202602023e+03
1.218824327300000004e+04 6.243438624361290749e+03
1.219215083500000037e+04 6.282515401168083372e+03
1.219607058800000050e+04 6.321713288311011638e+03
1.220000253300000077e+04 6.361034531448147391e+03
1.220394667099999970e+04 6.400476067044491174e+03
1.220790300000000025e+04 6.440040562783113273e+03
1.221187152099999912e+04 6.479725937431041530e+03
1.221585223399999995e+04 6.519532476672932717e+03
1.221984513899999911e+04 6.559462317460471240e+03
1.222385023600000022e+04 6.599511590030460866e+03
1.222786752399999932e+04 6.639687106336721627e+03
1.223189700500000072e+04 6.679981802131092081e+03
1.223593867800000044e+04 6.720397236438067011e+03
1.223999254199999996e+04 6.760938521492950713e+03
1.224405859799999962e+04 6.801598409287198592e+03
1.224813684699999976e+04 6.842381219013936970e+03
1.225222728699999971e+04 6.883286652961402979e+03
1.225632991899999979e+04 6.924314884892222835e+03
1.226044474300000002e+04 6.965461693060670768e+03
1.226457175900000038e+04 7.006732325186917478e+03
1.226871096700000089e+04 7.048124476042208698e+03
1.227286236599999938e+04 7.089639108591018157e+03
1.227702595800000017e+04 7.131276331902968195e+03
1.228120174199999929e+04 7.173034142201970099e+03
1.228538971700000002e+04 7.214915356653920753e+03
1.228958988400000089e+04 7.256917747881012474e+03
1.229380224400000043e+04 7.299043082680950647e+03
1.229802679499999977e+04 7.341289919378219565e+03
1.230226353799999924e+04 7.383657712796290980e+03
1.230651247300000068e+04 7.426146806449780343e+03
1.231077360000000044e+04 7.468759213383807037e+03
1.231504691900000034e+04 7.511492475266363726e+03
1.231933242900000005e+04 7.554348084234285125e+03
1.232363013200000023e+04 7.597326415613447352e+03
1.232794002600000022e+04 7.640426004403842853e+03
1.233226211300000068e+04 7.683646496059659512e+03
1.233659639099999913e+04 7.726990330290762358e+03
1.234094286099999954e+04 7.770456119473575200e+03
1.234530152400000043e+04 7.814042297352005335e+03
1.234967237799999930e+04 7.857752646621805980e+03
1.235405542400000013e+04 7.901581310773523910e+03
1.235845066199999928e+04 7.945533003795606419e+03
1.236285809100000006e+04 7.989608212802659182e+03
1.236727771299999949e+04 8.033807124606144498e+03
1.237170952700000089e+04 8.078125174413354216e+03
1.237615353200000027e+04 8.122565488093781823e+03
1.238060973000000013e+04 8.167128021661080311e+03
1.238507811899999979e+04 8.211811282830640266e+03
1.238955869999999959e+04 8.256620535313164510e+03
1.239405147299999953e+04 8.301546394067825531e+03
1.239855643799999962e+04 8.346596939628574546e+03
1.240307359499999984e+04 8.391769559578753615e+03
1.240760294400000021e+04 8.437063260861617891e+03
1.241214448500000071e+04 8.482479320248821750e+03
1.241669821799999954e+04 8.528016193893352465e+03
1.242126414199999999e+04 8.573678337614981501e+03
1.242584225899999910e+04 8.619461970079135426e+03
1.243043256699999984e+04 8.665364732679456210e+03
1.243503506799999923e+04 8.711390654101827749e+03
1.243964976000000024e+04 8.757536568940839061e+03
1.244427664399999958e+04 8.803805814894067225e+03
1.244891572000000087e+04 8.850197922644792925e+03
1.245356698800000049e+04 8.896711273044678819e+03
1.245823044800000025e+04 8.943347255647533530e+03
1.246290610000000015e+04 8.990102040459500131e+03
1.246759394299999985e+04 9.036983313861539500e+03
1.247229397900000004e+04 9.083983079966725199e+03
1.247700620600000002e+04 9.131105564008839792e+03
1.248173062600000048e+04 9.178350200129836594e+03
1.248646723700000075e+04 9.225716197901720079e+03
1.249121603999999934e+04 9.273206704184398404e+03
1.249597703600000023e+04 9.320817150460408811e+03
1.250075022299999910e+04 9.368548661491036910e+03
1.250553560199999993e+04 9.416401089209683050e+03
1.251033317200000056e+04 9.464377939839452665e+03
1.251514293499999985e+04 9.512478033828610933e+03
1.251996488999999929e+04 9.560696587647384149e+03
1.252479903700000068e+04 9.609037933329655061e+03
1.252964537500000006e+04 9.657502835077624695e+03
