1.138059698199999912e+04 1.927698974454380709e-01
1.138559698199999912e+04 1.940231216675348536e-01
1.139059698199999912e+04 1.904294390739806886e-01
1.139559698199999912e+04 1.988889313213670351e-01
1.140059698199999912e+04 1.988993957853439076e-01
1.140559698199999912e+04 1.876246913986526765e-01
1.141059698199999912e+04 1.833399716444897853e-01
1.141559698199999912e+04 1.914985665199566145e-01
1.142059698199999912e+04 1.880895582692855006e-01
1.142559698199999912e+04 1.940735406300869159e-01
1.143059698199999912e+04 2.036966735854017219e-01
1.143559698199999912e+04 1.926299816177570734e-01
1.144059698199999912e+04 1.961986180597621587e-01
1.144559698199999912e+04 1.974971213906535072e-01
1.145059698199999912e+04 2.035709652183612384e-01
1.145559698199999912e+04 1.828937880933992066e-01
1.146059698199999912e+04 1.950137278109277672e-01
1.146559698199999912e+04 2.013931869687531351e-01
1.147059698199999912e+04 2.090100240741181448e-01
1.147559698199999912e+04 1.981476404961984294e-01
1.148059698199999912e+04 1.892901340548802935e-01
1.148559698199999912e+04 2.075742590499563556e-01
1.149059698199999912e+04 1.998795156053206068e-01
1.149559698199999912e+04 1.971714899474130700e-01
1.150059698199999912e+04 2.022482506357426157e-01
1.150559698199999912e+04 2.067174581494801711e-01
1.151059698199999912e+04 2.053359541355169182e-01
1.151559698199999912e+04 1.958592432439050512e-01
1.152059698199999912e+04 2.194944482052647861e-01
1.152559698199999912e+04 2.247847278570033192e-01
1.153059698199999912e+04 2.236710444458878677e-01
1.153400000000000000e+04 2.140875867986098691e-01
1.153500000000000000e+04 2.214964941916663377e-01
1.153600000000000000e+04 2.240659708222935975e-01
1.153700000000000000e+04 2.291972494944643501e-01
1.153800000000000000e+04 2.309488630185031477e-01
1.153900000000000000e+04 2.224286296490246284e-01
1.154000000000000000e+04 2.292046710592795800e-01
1.154100000000000000e+04 2.331872070127320173e-01
1.154120000000000073e+04 2.405098296516266776e-01
1.154139999999999964e+04 2.350995376043689411e-01
1.154160000000000036e+04 2.366761443589850966e-01
1.154179999999999927e+04 2.331294276924787690e-01
1.154200000000000000e+04 2.411829385810191073e-01
1.154220000000000073e+04 2.346137463594351880e-01
1.154239999999999964e+04 2.276230404513893135e-01
1.154260000000000036e+04 2.428672035339293489e-01
1.154279999999999927e+04 2.378682244985423633e-01
1.154300000000000000e+04 2.302642290403809910e-01
1.154320000000000073e+04 2.307731300023256882e-01
1.154339999999999964e+04 2.365139506497336286e-01
1.154360000000000036e+04 2.384815029494141980e-01
1.154379999999999927e+04 2.368689740286006873e-01
1.154400000000000000e+04 2.380810554004089696e-01
1.154420000000000073e+04 2.465496743582790695e-01
1.154439999999999964e+04 2.438753237074892943e-01
1.154460000000000036e+04 2.381354061302775604e-01
1.154479999999999927e+04 2.436342236669095385e-01
1.154500000000000000e+04 2.300436990753865762e-01
1.154520000000000073e+04 2.407529863874495746e-01
1.154539999999999964e+04 2.511714848897774743e-01
1.154560000000000036e+04 2.376347266856189966e-01
1.154579999999999927e+04 2.334697117847113479e-01
1.154600000000000000e+04 2.356363320106570902e-01
1.154620000000000073e+04 2.330956010640544973e-01
1.154639999999999964e+04 2.358040741417034847e-01
1.154660000000000036e+04 2.391827875459582309e-01
1.154679999999999927e+04 2.326085028517730080e-01
1.154700000000000000e+04 2.423620736611577231e-01
1.154720000000000073e+04 2.484280381530531157e-01
1.154739999999999964e+04 2.378959451477272447e-01
1.154760000000000036e+04 2.556354943727367490e-01
1.154779999999999927e+04 2.482785430254957348e-01
1.154800000000000000e+04 2.528348805496560270e-01
1.154820000000000073e+04 2.421481092514446432e-01
1.154839999999999964e+04 2.527453838269955733e-01
1.154860000000000036e+04 2.403324736395037464e-01
1.154879999999999927e+04 2.548041118169905306e-01
1.154900000000000000e+04 2.504691231908025006e-01
1.154920000000000073e+04 2.529357753932577890e-01
1.154939999999999964e+04 2.420064397502571241e-01
1.154960000000000036e+04 2.448212372451692709e-01
1.154979999999999927e+04 2.567439244401880649e-01
1.155000000000000000e+04 2.466669681618570142e-01
1.155020000000000073e+04 2.565677450545499338e-01
1.155039999999999964e+04 2.445292294128576793e-01
1.155060000000000036e+04 2.615186057473162795e-01
1.155079999999999927e+04 2.471546988315375393e-01
1.155100000000000000e+04 2.612079025193911330e-01
1.155120000000000073e+04 2.624497458465587241e-01
1.155139999999999964e+04 2.542214505677781178e-01
1.155160000000000036e+04 2.648270295232372784e-01
1.155179999999999927e+04 2.631382065001089399e-01
1.155200000000000000e+04 2.592552491313312446e-01
1.155220000000000073e+04 2.567176573372333959e-01
1.155239999999999964e+04 2.503445736990881354e-01
1.155260000000000036e+04 2.672987866685420655e-01
1.155279999999999927e+04 2.566181653678342167e-01
1.155300000000000000e+04 2.709524691205194569e-01
1.155320000000000073e+04 2.680511775990813139e-01
1.155339999999999964e+04 2.758326620896603965e-01
1.155360000000000036e+04 2.719672540886688972e-01
1.155379999999999927e+04 2.724352982042884119e-01
1.155400000000000000e+04 2.815112645007471492e-01
1.155420000000000073e+04 2.813431423897816974e-01
1.155439999999999964e+04 2.812462405655979381e-01
1.155460000000000036e+04 2.830895787250291562e-01
1.155479999999999927e+04 2.729517533980868604e-01
1.155500000000000000e+04 2.912165011300653084e-01
1.155520000000000073e+04 2.915813842934414368e-01
1.155539999999999964e+04 2.814863441101907449e-01
1.155560000000000036e+04 2.898074000141733775e-01
1.155579999999999927e+04 2.932512984375513776e-01
1.155600000000000000e+04 2.954247716032844528e-01
1.155620000000000073e+04 3.007828804831596536e-01
1.155639999999999964e+04 3.107162583507541709e-01
1.155660000000000036e+04 3.109963555579021710e-01
1.155679999999999927e+04 2.975399043290200551e-01
1.155700000000000000e+04 3.143668999145096676e-01
1.155720000000000073e+04 3.227481336963558545e-01
1.155739999999999964e+04 3.197685264154844220e-01
1.155760000000000036e+04 3.291233333985325027e-01
1.155779999999999927e+04 3.377756203199464013e-01
1.155800000000000000e+04 3.344058554334216060e-01
1.155820000000000073e+04 3.332508570378014401e-01
1.155839999999999964e+04 3.435196158832425906e-01
1.155860000000000036e+04 3.414942794503186274e-01
1.155879999999999927e+04 3.459598737051515771e-01
1.155900000000000000e+04 3.490754674923767786e-01
1.155920000000000073e+04 3.673661190774826779e-01
1.155939999999999964e+04 3.586384494442876880e-01
1.155960000000000036e+04 3.802972779593250530e-01
1.155979999999999927e+04 3.808564714162684384e-01
1.156000000000000000e+04 3.748303042351939784e-01
1.156020000000000073e+04 3.947153624555890805e-01
1.156039999999999964e+04 3.865602272151353880e-01
1.156060000000000036e+04 4.142532264560211952e-01
1.156079999999999927e+04 4.260437510172853659e-01
1.156100000000000000e+04 4.267282321376709153e-01
1.156120000000000073e+04 4.416996572196619786e-01
1.156139999999999964e+04 4.676178546319021967e-01
1.156160000000000036e+04 4.631698198991568427e-01
1.156179999999999927e+04 4.746655758720825791e-01
1.156200000000000000e+04 5.079997004729885912e-01
1.156220000000000073e+04 5.289131765281663844e-01
1.156239999999999964e+04 5.324125603470037937e-01
1.156260000000000036e+04 5.578330585146542564e-01
1.156279999999999927e+04 5.814452406633444648e-01
1.156300000000000000e+04 5.898673073210883855e-01
1.156320000000000073e+04 6.138346011026331039e-01
1.156339999999999964e+04 6.503556740005589365e-01
1.156360000000000036e+04 6.803883598099588204e-01
1.156379999999999927e+04 7.001628973244659049e-01
1.156400000000000000e+04 7.185075786594309344e-01
1.156420000000000073e+04 7.678119164990129253e-01
1.156439999999999964e+04 7.797554970510678363e-01
1.156460000000000036e+04 8.101924724725572124e-01
1.156479999999999927e+04 8.461099882724256727e-01
1.156500000000000000e+04 8.827530856605398935e-01
1.156520000000000073e+04 9.055651790649006383e-01
1.156539999999999964e+04 9.303987963239902514e-01
1.156560000000000036e+04 9.551946869112825089e-01
1.156579999999999927e+04 9.765798759772034154e-01
1.156600000000000000e+04 1.003827823388453666e+00
1.156620000000000073e+04 1.002154409691941472e+00
1.156639999999999964e+04 1.034464994660760695e+00
1.156660000000000036e+04 1.054322375917276178e+00
1.156679999999999927e+04 1.058977070792038067e+00
1.156700000000000000e+04 1.081710097926175784e+00
1.156720000000000073e+04 1.088180868718491068e+00
1.156739999999999964e+04 1.109585177287894409e+00
1.156760000000000036e+04 1.113177532377140233e+00
1.156779999999999927e+04 1.104880895370301763e+00
1.156800000000000000e+04 1.109461463619482835e+00
1.156820000000000073e+04 1.111176727904777284e+00
1.156839999999999964e+04 1.109691525988828698e+00
1.156860000000000036e+04 1.111738434537199893e+00
1.156879999999999927e+04 1.102417637019149410e+00
1.156900000000000000e+04 1.096266020714127265e+00
1.156920000000000073e+04 1.105431803643084576e+00
1.156939999999999964e+04 1.100919242850087354e+00
1.156960000000000036e+04 1.084203065648675191e+00
1.156979999999999927e+04 1.088817134984168211e+00
1.157000000000000000e+04 1.070455967937026687e+00
1.157020000000000073e+04 1.069368242734692664e+00
1.157039999999999964e+04 1.065787541556795004e+00
1.157060000000000036e+04 1.051146398613091559e+00
1.157079999999999927e+04 1.045959773206559751e+00
1.157100000000000000e+04 1.030519464768105520e+00
1.157120000000000073e+04 1.024499667965004912e+00
1.157139999999999964e+04 1.015787797267228676e+00
1.157160000000000036e+04 1.003801998707923859e+00
1.157179999999999927e+04 1.000761151197980370e+00
1.157200000000000000e+04 9.838925261078010909e-01
1.157220000000000073e+04 9.836948896312747159e-01
1.157239999999999964e+04 9.778347099222550742e-01
1.157260000000000036e+04 9.708777702694696421e-01
1.157279999999999927e+04 9.649310113036984049e-01
1.157300000000000000e+04 9.607184475177272809e-01
1.157320000000000073e+04 9.583921602951563923e-01
1.157339999999999964e+04 9.555358063306929051e-01
1.157360000000000036e+04 9.406634473144472874e-01
1.157379999999999927e+04 9.317012267061559605e-01
1.157400000000000000e+04 9.280110731766185728e-01
1.157420000000000073e+04 9.283398788076923092e-01
1.157439999999999964e+04 9.253035442834433022e-01
1.157460000000000036e+04 9.184810381967762893e-01
1.157479999999999927e+04 9.116269358913635656e-01
1.157500000000000000e+04 9.144453206285030333e-01
1.157520000000000073e+04 9.160027784782934779e-01
1.157539999999999964e+04 9.167816168979675551e-01
1.157560000000000036e+04 9.063215832965504370e-01
1.157579999999999927e+04 9.049524751765071207e-01
1.157600000000000000e+04 8.996107955968966063e-01
1.157620000000000073e+04 9.042841722835851526e-01
1.157639999999999964e+04 8.981854709036829476e-01
1.157660000000000036e+04 9.059294461737107396e-01
1.157679999999999927e+04 8.890351883339816519e-01
1.157700000000000000e+04 8.979076057113506426e-01
1.157720000000000073e+04 9.016154147080452930e-01
1.157739999999999964e+04 9.010056803222891153e-01
1.157760000000000036e+04 9.181851339446992499e-01
1.157779999999999927e+04 9.019043573232310429e-01
1.157800000000000000e+04 8.926515766951935715e-01
1.157820000000000073e+04 8.990547536189673616e-01
1.157839999999999964e+04 8.872675959028485382e-01
1.157860000000000036e+04 9.001238774915889529e-01
1.157879999999999927e+04 8.954883705744522970e-01
1.157900000000000000e+04 9.079725107758092051e-01
1.157920000000000073e+04 8.984387872585626322e-01
1.157939999999999964e+04 9.017572025613768139e-01
1.157960000000000036e+04 8.984035174842837090e-01
1.157979999999999927e+04 9.147313618342163277e-01
1.158000000000000000e+04 9.023823180911036967e-01
1.158020000000000073e+04 9.159921786890824480e-01
1.158039999999999964e+04 9.102315854865377087e-01
1.158060000000000036e+04 9.087236937606922860e-01
1.158079999999999927e+04 9.080334096330375804e-01
1.158100000000000000e+04 9.069788431485540370e-01
1.158120000000000073e+04 8.924453437088611940e-01
1.158139999999999964e+04 9.027917763523910510e-01
1.158160000000000036e+04 9.098631087614379442e-01
1.158179999999999927e+04 9.040278424033890703e-01
1.158200000000000000e+04 8.945738794781205039e-01
1.158220000000000073e+04 9.027909117167535191e-01
1.158239999999999964e+04 9.143221382635356997e-01
1.158260000000000036e+04 9.103444736294171724e-01
1.158279999999999927e+04 8.994096776314413066e-01
1.158300000000000000e+04 9.059705843318855978e-01
1.158320000000000073e+04 8.962177952265143466e-01
1.158339999999999964e+04 8.856836713468559941e-01
1.158360000000000036e+04 8.904939101617965758e-01
1.158379999999999927e+04 9.064544805717227316e-01
1.158400000000000000e+04 8.935564753896383383e-01
1.158420000000000073e+04 8.925305353316311807e-01
1.158439999999999964e+04 8.916865378055102154e-01
1.158460000000000036e+04 9.052618793608220304e-01
1.158479999999999927e+04 9.031628043856174681e-01
1.158500000000000000e+04 9.062204469518413408e-01
1.158520000000000073e+04 8.887122582826195716e-01
1.158539999999999964e+04 8.923038034808500329e-01
1.158560000000000036e+04 8.790204414022286805e-01
1.158579999999999927e+04 8.992177905538812910e-01
1.158600000000000000e+04 8.815864567837620180e-01
1.158620000000000073e+04 8.902844836364854908e-01
1.158639999999999964e+04 8.813412264477972213e-01
1.158660000000000036e+04 8.849610433002681464e-01
1.158679999999999927e+04 8.839815259990649876e-01
1.158700000000000000e+04 8.843840254805729328e-01
1.158720000000000073e+04 8.857187678981902623e-01
1.158739999999999964e+04 8.863952284181833008e-01
1.158760000000000036e+04 8.967969152161429092e-01
1.158779999999999927e+04 8.837631122910443171e-01
1.158800000000000000e+04 8.943440158475661761e-01
1.158820000000000073e+04 9.019814982398766112e-01
1.158839999999999964e+04 8.895738283237980548e-01
1.158860000000000036e+04 8.891749624664148088e-01
1.158879999999999927e+04 8.933164568936318162e-01
1.158900000000000000e+04 9.071105866088768899e-01
1.158920000000000073e+04 8.992916484161674884e-01
1.158939999999999964e+04 8.958945999967138363e-01
1.158960000000000036e+04 9.035194254717300311e-01
1.158979999999999927e+04 8.951183441161546517e-01
1.159000000000000000e+04 9.076159543063272439e-01
1.159020000000000073e+04 9.068279876904682402e-01
1.159039999999999964e+04 9.046054479396474779e-01
1.159060000000000036e+04 9.019612226423674439e-01
1.159079999999999927e+04 9.030845787756706100e-01
1.159100000000000000e+04 9.141645060056113881e-01
1.159120000000000073e+04 9.201409103783869670e-01
1.159139999999999964e+04 9.089727451680711390e-01
1.159160000000000036e+04 9.192785698627847779e-01
1.159179999999999927e+04 9.029861164362605885e-01
1.159200000000000000e+04 9.158364945757547781e-01
1.159220000000000073e+04 9.216927921284026048e-01
1.159239999999999964e+04 9.171384391633782274e-01
1.159260000000000036e+04 9.193472894983826249e-01
1.159279999999999927e+04 9.210815160788150546e-01
1.159300000000000000e+04 9.295253696580775271e-01
1.159320000000000073e+04 9.287096228465907544e-01
1.159339999999999964e+04 9.162944959351457808e-01
1.159360000000000036e+04 9.168067005109424850e-01
1.159379999999999927e+04 9.289805936750799020e-01
1.159400000000000000e+04 9.365557932406399777e-01
1.159420000000000073e+04 9.148780616729659254e-01
1.159439999999999964e+04 9.323778445897987766e-01
1.159460000000000036e+04 9.320588350277746459e-01
1.159479999999999927e+04 9.438442525196338861e-01
1.159500000000000000e+04 9.328883218542941558e-01
1.159520000000000073e+04 9.376911104479412895e-01
1.159539999999999964e+04 9.362946384635830732e-01
1.159560000000000036e+04 9.206185397627979494e-01
1.159579999999999927e+04 9.411617338037390201e-01
1.159600000000000000e+04 9.368820117774822043e-01
1.159620000000000073e+04 9.369538100286344262e-01
1.159639999999999964e+04 9.600868569070410974e-01
1.159660000000000036e+04 9.179238733642058889e-01
1.159679999999999927e+04 9.443578661275376929e-01
1.159700000000000000e+04 9.289470175685208275e-01
1.159770000000000073e+04 9.288393235153853400e-01
1.159839999999999964e+04 9.228348107299551017e-01
1.159910000000000036e+04 9.162956749243967858e-01
1.159979999999999927e+04 9.113760984449926772e-01
1.160050000000000000e+04 9.141669563755633332e-01
1.160120000000000073e+04 8.985548857141194556e-01
1.160189999999999964e+04 9.117232738678057169e-01
1.160260000000000036e+04 9.017915999713908004e-01
1.160329999999999927e+04 8.950566904557363257e-01
1.160499369499999921e+04 8.955729305386759265e-01
1.160599958300000071e+04 9.063178095568101833e-01
1.160701766200000020e+04 8.931455936435194198e-01
1.160804793299999983e+04 8.995666115715774680e-01
1.160909039599999960e+04 8.931814907224968625e-01
1.161014505099999951e+04 9.067285582310538050e-01
1.161121189799999956e+04 9.102315854457698752e-01
1.161229093699999976e+04 9.236504949980002266e-01
1.161338216699999975e+04 9.149877995828230581e-01
1.161448559000000023e+04 9.266560800777002838e-01
1.161560120400000051e+04 9.287543608998043432e-01
1.161672901099999945e+04 9.430309672135492871e-01
1.161786900900000001e+04 9.336143236807199486e-01
1.161902119900000071e+04 9.479128663194038573e-01
1.162018558200000007e+04 9.438419764386517530e-01
1.162136215599999923e+04 9.467801945523609541e-01
1.162255092200000036e+04 9.473095933533514090e-01
1.162375187899999946e+04 9.482022392592486248e-01
1.162496502900000087e+04 9.449327851510915810e-01
1.162619037100000060e+04 9.442977187111392112e-01
1.162742790400000013e+04 9.513802795740554652e-01
1.162867763000000014e+04 9.440788476179402533e-01
1.162993954699999995e+04 9.415216066858667077e-01
1.163121365700000024e+04 9.296583506013592624e-01
1.163249995800000033e+04 9.237233876683353939e-01
1.163379845100000057e+04 9.344480919286077825e-01
1.163510913599999913e+04 9.314087833525052096e-01
1.163643201299999964e+04 9.323571847284279901e-01
1.163776708200000030e+04 9.152045213232455900e-01
1.163911434200000076e+04 9.154868570380506609e-01
1.164047379499999988e+04 9.034535309353294297e-01
1.164184543999999914e+04 9.093485393188696086e-01
1.164322927600000003e+04 9.160892498161234965e-01
1.164462530499999957e+04 9.041510808222974482e-01
1.164603352500000074e+04 9.112808846585540579e-01
1.164745393700000022e+04 9.037270367499928847e-01
1.164888654099999985e+04 9.069259998677985379e-01
1.165033133699999962e+04 8.968627537216158352e-01
1.165178832499999953e+04 9.071468479340942803e-01
1.165325750499999958e+04 8.873816942518647499e-01
1.165473887699999977e+04 9.083319759399189897e-01
1.165623243999999977e+04 9.015513893814717239e-01
1.165773819600000024e+04 9.233827471534589160e-01
1.165925614300000052e+04 9.230429945733463759e-01
1.166078628299999946e+04 9.235672454088035277e-01
1.166232861400000002e+04 9.332847865143837351e-01
1.166388313700000072e+04 9.174508543037900310e-01
1.166544985199999974e+04 9.379819476559210223e-01
1.166702875900000072e+04 9.333684284512927531e-01
1.166861985800000002e+04 9.258030685776157398e-01
1.167022314899999947e+04 9.362130952151300756e-01
1.167183863200000087e+04 9.210254895959949506e-01
1.167346630700000060e+04 9.227771879218823470e-01
1.167510617300000013e+04 9.250732377127079964e-01
1.167675823200000013e+04 9.263009701854408862e-01
1.167842248199999995e+04 9.232277185327479874e-01
1.168009892399999990e+04 9.391755555463560112e-01
1.168178755799999999e+04 9.297747276645903503e-01
1.168348838500000056e+04 9.352587357961615888e-01
1.168520140299999912e+04 9.297182624665688566e-01
1.168692661299999963e+04 9.213963287332112007e-01
1.168866401399999995e+04 9.360556102986551386e-01
1.169041360800000075e+04 9.203897585772491396e-01
1.169217539399999987e+04 9.332787966494588971e-01
1.169394937100000061e+04 9.230909993677104408e-01
1.169573554100000001e+04 9.454766817906206100e-01
1.169753390199999922e+04 9.365841580451402804e-01
1.169934445500000038e+04 9.296866270216794792e-01
1.170116720100000020e+04 9.355044667173919581e-01
1.170300213799999983e+04 9.196718215931797280e-01
1.170484926699999960e+04 9.288203261776785125e-01
1.170670858799999951e+04 9.257020365456720690e-01
1.170858009999999922e+04 9.263023900016131851e-01
1.171046380499999941e+04 9.327294654039346433e-01
1.171235970199999974e+04 9.307855946932495073e-01
1.171426778999999988e+04 9.285482793841725035e-01
1.171618807100000049e+04 9.171062919760617493e-01
1.171812054300000091e+04 9.239034296618529041e-01
1.172006520699999965e+04 9.314317398561223760e-01
1.172202206400000068e+04 9.349572081474918361e-01
1.172399111199999970e+04 9.283943483889002257e-01
1.172597235200000068e+04 9.552124292479605705e-01
1.172796578399999999e+04 9.510554959237073058e-01
1.172997140700000091e+04 9.454933385221834241e-01
1.173198922300000049e+04 9.429919713346117671e-01
1.173401923100000022e+04 9.434911010014864763e-01
1.173606142999999975e+04 9.388410182831208317e-01
1.173811582199999975e+04 9.466682652677073095e-01
1.174018240499999956e+04 9.488573047874474531e-01
1.174226117999999951e+04 9.389260837234837398e-01
1.174435214799999994e+04 9.504488047830591535e-01
1.174645530700000018e+04 9.468461988911228699e-01
1.174857065800000055e+04 9.365292831909957094e-01
1.175069820099999924e+04 9.438338476439122049e-01
1.175283793499999956e+04 9.471172167223769200e-01
1.175498986200000036e+04 9.635040704257911148e-01
1.175715398099999948e+04 9.543790815785668791e-01
1.175933029100000022e+04 9.395468362243447613e-01
1.176151879399999962e+04 9.517499947925266435e-01
1.176371948800000064e+04 9.362074367453010471e-01
1.176593237399999998e+04 9.532817653871176189e-01
1.176815745299999980e+04 9.409219270466383511e-01
1.177039472299999943e+04 9.428881953181056375e-01
1.177264418499999920e+04 9.515124770881611127e-01
1.177490583800000059e+04 9.331480403269752921e-01
1.177717968400000063e+04 9.321853133949252745e-01
1.177946572200000082e+04 9.372058038900500376e-01
1.178176395199999934e+04 9.492509985963387686e-01
1.178407437299999947e+04 9.316528737255355130e-01
1.178639698700000008e+04 9.237350434218860595e-01
1.178873179200000050e+04 9.417077303702533486e-01
1.179107878899999923e+04 9.498508343208191818e-01
1.179343797799999993e+04 9.549125248055474469e-01
1.179580935900000077e+04 9.451401197506502649e-01
1.179819293199999993e+04 9.474948991858888059e-01
1.180058869699999923e+04 9.601677666897266983e-01
1.180299665400000049e+04 9.412878794923005277e-01
1.180541680300000007e+04 9.537261696364214281e-01
1.180784914299999946e+04 9.589190285847793982e-01
1.181029367599999932e+04 9.633500576596207843e-01
1.181275040000000081e+04 9.583772879304557346e-01
1.181521931699999914e+04 9.633680994035301870e-01
1.181770042500000091e+04 9.465536787878569003e-01
1.182019372499999918e+04 9.594456854993425043e-01
1.182269921699999941e+04 9.669334411208104774e-01
1.182521690099999978e+04 9.558258047366149368e-01
1.182774677700000029e+04 9.629087235385158650e-01
1.183028884499999913e+04 9.640149103506824302e-01
1.183284310499999992e+04 9.577074758120939224e-01
1.183540955600000052e+04 9.602481896975250120e-01
1.183798819999999978e+04 9.509670376044840889e-01
1.184057903500000066e+04 9.558153551205961218e-01
1.184318206199999986e+04 9.604072323441416037e-01
1.184579728199999954e+04 9.582150950663430589e-01
1.184842469300000084e+04 9.521364091926575179e-01
1.185106429600000047e+04 9.580216071858457250e-01
1.185371609100000023e+04 9.613954920160701079e-01
1.185638007800000014e+04 9.436919230275555570e-01
1.185905625599999985e+04 9.660234442977160274e-01
1.186174462700000004e+04 9.558525545132868784e-01
1.186444519000000037e+04 9.625656505426017917e-01
1.186715794400000050e+04 9.676241974492323372e-01
1.186988289099999929e+04 9.513159340228670713e-01
1.187262002899999970e+04 9.571467848172122705e-01
1.187536935900000026e+04 9.612668062878121367e-01
1.187813088099999914e+04 9.591211519575499889e-01
1.188090459499999997e+04 9.781494805088010169e-01
1.188369050099999913e+04 9.615828029372310848e-01
1.188648859900000025e+04 9.647878329682697540e-01
1.188929888899999969e+04 9.717908568569180172e-01
1.189212137099999927e+04 9.623221311533519673e-01
1.189495604400000047e+04 9.693368382211213774e-01
1.189780291000000034e+04 9.750858904890727930e-01
1.190066196700000000e+04 9.710238757624479744e-01
1.190353321700000015e+04 9.723906976132731250e-01
1.190641665800000010e+04 9.695706858371652137e-01
1.190931229100000019e+04 9.614004490257341828e-01
1.191222011600000042e+04 9.735571840051919779e-01
1.191514013300000079e+04 9.831990993450150373e-01
1.191807234199999948e+04 9.710719214728991133e-01
1.192101674300000013e+04 9.726399799367090315e-01
1.192397333500000059e+04 9.755395774992157154e-01
1.192694211999999970e+04 9.625110981978473035e-01
1.192992309600000044e+04 9.869594440787694545e-01
1.193291626499999984e+04 9.943821070648473093e-01
1.193592162500000086e+04 1.060169624074105865e+00
1.193893917700000020e+04 1.159547715414547042e+00
1.194196892099999968e+04 1.318248186488703455e+00
1.194501085799999964e+04 1.378082411023445530e+00
1.194806498500000089e+04 1.308851686158725158e+00
1.195113130500000079e+04 1.165106217951850320e+00
1.195420981700000084e+04 1.046930272109511284e+00
1.195730052099999921e+04 1.003911283888970329e+00
1.196040341599999920e+04 9.820692194712705714e-01
1.196351850399999967e+04 9.659432686151673275e-01
1.196664578299999994e+04 9.727714414259546194e-01
1.196978525500000069e+04 9.799304019509602615e-01
1.197293691799999942e+04 9.847880218978699585e-01
1.197610077300000012e+04 9.828379058551033332e-01
1.197927681999999913e+04 9.925946440755762934e-01
1.198246505900000011e+04 9.705323402288907886e-01
1.198566548999999941e+04 9.867812703809812902e-01
1.198887811200000033e+04 9.732924580884777521e-01
1.199210292699999991e+04 9.915001504113587494e-01
1.199533993399999963e+04 9.859652615460382519e-01
1.199858913199999915e+04 9.898462839256212398e-01
1.200185052299999916e+04 9.809014285875493622e-01
1.200512410500000078e+04 9.962110395509544691e-01
1.200840987900000073e+04 9.938112267838155045e-01
1.201170784500000082e+04 9.900050080922540019e-01
1.201501800299999923e+04 9.853322356679113936e-01
1.201834035299999960e+04 9.894477792636072744e-01
1.202167489500000011e+04 9.809347350176628177e-01
1.202502162900000076e+04 9.923016155493605828e-01
1.202838055399999939e+04 9.982223156208851478e-01
1.203175167200000033e+04 9.942275841046364082e-01
1.203513498199999958e+04 9.822463032807928762e-01
1.203853048300000046e+04 9.899946154378119756e-01
1.204193817599999966e+04 9.797565504639672573e-01
1.204535806100000082e+04 9.937107028900480366e-01
1.204879013900000064e+04 9.933418891131212680e-01
1.205223440800000026e+04 9.785819843773866378e-01
1.205569086799999968e+04 9.844091541643381627e-01
1.205915952099999959e+04 9.920868803744697928e-01
1.206264036599999963e+04 9.934850795164416049e-01
1.206613340299999982e+04 9.867634946707207755e-01
1.206963863099999980e+04 9.985597035153782608e-01
1.207315605200000027e+04 9.988360576307716565e-01
1.207668566400000054e+04 9.966960688422843440e-01
1.208022746799999913e+04 9.934368180529332681e-01
1.208378146500000003e+04 1.006331771084219895e+00
1.208734765300000072e+04 1.010525115541268004e+00
1.209092603299999973e+04 9.970358902848155402e-01
1.209451660500000071e+04 9.959442177847485089e-01
1.209811936900000001e+04 1.003864787705837314e+00
1.210173432399999911e+04 9.983152857194805829e-01
1.210536147200000050e+04 9.997198987888040733e-01
1.210900081099999989e+04 1.006146713998468334e+00
1.211265234299999975e+04 9.877684832166070406e-01
1.211631606599999941e+04 1.011149881367971348e+00
1.211999198199999955e+04 1.002314640233395115e+00
1.212368008899999950e+04 9.988812088065582850e-01
1.212738038799999958e+04 1.001009185988640748e+00
1.213109287899999981e+04 1.001818768170740004e+00
1.213481756200000018e+04 9.907081748396860954e-01
1.213855443700000069e+04 1.014164266560273919e+00
1.214230350299999918e+04 1.004552275052765342e+00
1.214606476199999997e+04 1.006662114915740647e+00
1.214983821300000091e+04 1.011009422023864124e+00
1.215362385499999982e+04 9.988912389696812388e-01
1.215742168900000070e+04 1.010140712353284176e+00
1.216123171600000023e+04 1.005920695746457483e+00
1.216505393399999957e+04 1.013824662387042830e+00
1.216888834400000087e+04 9.944041978572801810e-01
1.217273494600000049e+04 1.009483506056051860e+00
1.217659374000000025e+04 1.007641263324021041e+00
1.218046472600000016e+04 1.015596207548410179e+00
1.218434790299999986e+04 1.016337384753766004e+00
1.218824327300000004e+04 1.008646845546595117e+00
1.219215083500000037e+04 1.009097709699650736e+00
1.219607058800000050e+04 1.014258340411620773e+00
1.220000253300000077e+04 1.009593870123330905e+00
1.220394667099999970e+04 1.021576228490345351e+00
1.220790300000000025e+04 1.013283011792875277e+00
1.221187152099999912e+04 9.968427850886338870e-01
1.221585223399999995e+04 1.014210550871173622e+00
1.221984513899999911e+04 1.009717316640783347e+00
1.222385023600000022e+04 1.006060246962209748e+00
1.222786752399999932e+04 1.009770065431747854e+00
1.223189700500000072e+04 1.018654997401146289e+00
1.223593867800000044e+04 1.027403632577606807e+00
1.223999254199999996e+04 1.021238581725224082e+00
1.224405859799999962e+04 1.014794106104492499e+00
1.224813684699999976e+04 1.023036133058404129e+00
1.225222728699999971e+04 1.017046753725314279e+00
1.225632991899999979e+04 1.016233725773607821e+00
1.226044474300000002e+04 1.013105182885550626e+00
1.226457175900000038e+04 1.009433928413602910e+00
1.226871096700000089e+04 1.019470327277619104e+00
1.227286236599999938e+04 1.024220754210124262e+00
1.227702595800000017e+04 1.022637665080352365e+00
1.228120174199999929e+04 1.021605804268605366e+00
1.228538971700000002e+04 1.018799732222474441e+00
1.228958988400000089e+04 1.030708017191105386e+00
1.229380224400000043e+04 1.018485052475995856e+00
1.229802679499999977e+04 1.034454112090697375e+00
1.230226353799999924e+04 1.022054298540904238e+00
1.230651247300000068e+04 1.024642698355449966e+00
1.231077360000000044e+04 1.020707547516782387e+00
1.231504691900000034e+04 1.028000486261529955e+00
1.231933242900000005e+04 1.038411376235521821e+00
1.232363013200000023e+04 1.036002345562482052e+00
1.232794002600000022e+04 1.039637026765172223e+00
1.233226211300000068e+04 1.037304386073444329e+00
1.233659639099999913e+04 1.025898680323892753e+00
1.234094286099999954e+04 1.032048444558304023e+00
1.234530152400000043e+04 1.029179488086869876e+00
1.234967237799999930e+04 1.044640255822803399e+00
1.235405542400000013e+04 1.027217103785386776e+00
1.235845066199999928e+04 1.041381184658295433e+00
1.236285809100000006e+04 1.042709064185127099e+00
1.236727771299999949e+04 1.049664961783574935e+00
1.237170952700000089e+04 1.034690299597652574e+00
1.237615353200000027e+04 1.043262434887966661e+00
1.238060973000000013e+04 1.054498972951815494e+00
1.238507811899999979e+04 1.034804801350791781e+00
1.238955869999999959e+04 1.029463388239072463e+00
1.239405147299999953e+04 1.026852118433650318e+00
1.239855643799999962e+04 1.045766417047733876e+00
1.240307359499999984e+04 1.028452867482114064e+00
1.240760294400000021e+04 1.039344614538875833e+00
1.241214448500000071e+04 1.045825904631822345e+00
1.241669821799999954e+04 1.044371165319953665e+00
1.242126414199999999e+04 1.048110751447603795e+00
1.242584225899999910e+04 1.048234627414252440e+00
1.243043256699999984e+04 1.055653810573129014e+00
1.243503506799999923e+04 1.040984084272885246e+00
1.243964976000000024e+04 1.043389971507542535e+00
1.244427664399999958e+04 1.043510903978639881e+00
1.244891572000000087e+04 1.055409728075291875e+00
1.245356698800000049e+04 1.056487233125355640e+00
1.245823044800000025e+04 1.054085665563258223e+00
1.246290610000000015e+04 1.059400039354393863e+00
1.246759394299999985e+04 1.043699905813052276e+00
1.247229397900000004e+04 1.064031329464489639e+00
1.247700620600000002e+04 1.063481347191192139e+00
1.248173062600000048e+04 1.058914228791167478e+00
1.248646723700000075e+04 1.066541540984159653e+00
1.249121603999999934e+04 1.043530592489033237e+00
1.249597703600000023e+04 1.052426556585818407e+00
1.250075022299999910e+04 1.051599062686961572e+00
1.250553560199999993e+04 1.060379409389623273e+00
1.251033317200000056e+04 1.048641378211884412e+00
1.251514293499999985e+04 1.062286334061157911e+00
1.251996488999999929e+04 1.066920909911862614e+00
1.252479903700000068e+04 1.063028272618824710e+00
1.252964537500000006e+04 1.060877320987661632e+00
