1.138059698199999912e+04 1.693699522130173996e-01
1.138559698199999912e+04 1.948427328845384610e-01
1.139059698199999912e+04 1.972768913274599301e-01
1.139559698199999912e+04 2.054558150727895660e-01
1.140059698199999912e+04 1.926615534459523993e-01
1.140559698199999912e+04 1.962265709035348749e-01
1.141059698199999912e+04 1.870525325643792869e-01
1.141559698199999912e+04 1.966331462460198243e-01
1.142059698199999912e+04 1.888768470117117571e-01
1.142559698199999912e+04 2.031249173007945441e-01
1.143059698199999912e+04 1.900042294772192331e-01
1.143559698199999912e+04 2.010221378307499862e-01
1.144059698199999912e+04 1.960898475801068908e-01
1.144559698199999912e+04 2.126956407745362321e-01
1.145059698199999912e+04 1.969818139874419671e-01
1.145559698199999912e+04 1.738943142023885724e-01
1.146059698199999912e+04 2.166992048211890676e-01
1.146559698199999912e+04 1.873814779850367929e-01
1.147059698199999912e+04 1.916396352026654981e-01
1.147559698199999912e+04 1.933027116950151170e-01
1.148059698199999912e+04 2.213307808111001085e-01
1.148559698199999912e+04 1.736935692090733341e-01
1.149059698199999912e+04 2.477514885116298138e-01
1.149559698199999912e+04 2.200431366618053886e-01
1.150059698199999912e+04 2.096659127085249708e-01
1.150559698199999912e+04 2.072351686780313784e-01
1.151059698199999912e+04 2.134811630524331427e-01
1.151559698199999912e+04 2.183570406683267850e-01
1.152059698199999912e+04 2.222193129700034964e-01
1.152559698199999912e+04 2.236510020739135851e-01
1.153059698199999912e+04 2.203989716496164153e-01
1.153400000000000000e+04 2.192344572849124207e-01
1.153500000000000000e+04 2.207964794033855094e-01
1.153600000000000000e+04 2.214108597289516089e-01
1.153700000000000000e+04 2.407567602082597569e-01
1.153800000000000000e+04 2.345424370224699073e-01
1.153900000000000000e+04 1.867777726948156858e-01
1.154000000000000000e+04 2.377236171795190645e-01
1.154100000000000000e+04 2.327174964816445535e-01
1.154120000000000073e+04 2.301660602001991962e-01
1.154139999999999964e+04 2.248367898004788590e-01
1.154160000000000036e+04 2.467839012064947934e-01
1.154179999999999927e+04 2.456759100416958941e-01
1.154200000000000000e+04 2.207050486122576483e-01
1.154220000000000073e+04 2.374146481543565335e-01
1.154239999999999964e+04 2.201263936213723182e-01
1.154260000000000036e+04 2.140325589772657522e-01
1.154279999999999927e+04 2.243511811932963618e-01
1.154300000000000000e+04 2.452809351278487093e-01
1.154320000000000073e+04 2.472993273249577129e-01
1.154339999999999964e+04 2.415679047084184350e-01
1.154360000000000036e+04 2.453185630944082207e-01
1.154379999999999927e+04 2.426535188033773771e-01
1.154400000000000000e+04 2.270374305144325644e-01
1.154420000000000073e+04 2.407578701812317645e-01
1.154439999999999964e+04 2.475416522763681237e-01
1.154460000000000036e+04 2.472649111866240534e-01
1.154479999999999927e+04 2.535850645473861631e-01
1.154500000000000000e+04 2.470089929355898384e-01
1.154520000000000073e+04 2.428655290136896572e-01
1.154539999999999964e+04 2.534643027332949550e-01
1.154560000000000036e+04 2.387777158084996576e-01
1.154579999999999927e+04 2.271237210098089321e-01
1.154600000000000000e+04 2.378942432222208025e-01
1.154620000000000073e+04 2.303235818470358576e-01
1.154639999999999964e+04 2.318861632738832002e-01
1.154660000000000036e+04 2.397471407793181630e-01
1.154679999999999927e+04 2.313666683489303821e-01
1.154700000000000000e+04 2.379873453574410103e-01
1.154720000000000073e+04 2.159435215882341275e-01
1.154739999999999964e+04 2.471390300097136561e-01
1.154760000000000036e+04 2.451280166382220072e-01
1.154779999999999927e+04 2.334202008335508893e-01
1.154800000000000000e+04 2.548292570480198971e-01
1.154820000000000073e+04 2.596941906268165901e-01
1.154839999999999964e+04 2.245546885453363894e-01
1.154860000000000036e+04 2.373294824912284273e-01
1.154879999999999927e+04 2.379815113230975554e-01
1.154900000000000000e+04 2.362572410907878007e-01
1.154920000000000073e+04 2.605950205625802152e-01
1.154939999999999964e+04 2.474645675013576462e-01
1.154960000000000036e+04 2.473568212368333907e-01
1.154979999999999927e+04 2.248451158888468970e-01
1.155000000000000000e+04 2.620394005041488672e-01
1.155020000000000073e+04 2.361902379494311421e-01
1.155039999999999964e+04 2.548297963664193366e-01
1.155060000000000036e+04 2.594860639918073475e-01
1.155079999999999927e+04 2.745432091610483516e-01
1.155100000000000000e+04 2.392495168819126772e-01
1.155120000000000073e+04 2.162832455209617033e-01
1.155139999999999964e+04 2.615951097758230648e-01
1.155160000000000036e+04 2.857398097446371965e-01
1.155179999999999927e+04 2.784986299293849554e-01
1.155200000000000000e+04 2.658924905231834779e-01
1.155220000000000073e+04 2.568927895623395186e-01
1.155239999999999964e+04 2.751217909439399589e-01
1.155260000000000036e+04 2.513891023696042670e-01
1.155279999999999927e+04 2.740571784306523040e-01
1.155300000000000000e+04 2.772948629826517686e-01
1.155320000000000073e+04 2.845643864872457462e-01
1.155339999999999964e+04 3.093608850482977846e-01
1.155360000000000036e+04 2.794961247589227704e-01
1.155379999999999927e+04 2.676661561739188122e-01
1.155400000000000000e+04 2.760872386867100903e-01
1.155420000000000073e+04 2.545131659385050926e-01
1.155439999999999964e+04 2.694315616081031095e-01
1.155460000000000036e+04 2.741686794775331504e-01
1.155479999999999927e+04 2.763279725287239308e-01
1.155500000000000000e+04 2.880849209396147970e-01
1.155520000000000073e+04 2.759448604081088385e-01
1.155539999999999964e+04 3.040598789421550818e-01
1.155560000000000036e+04 2.915010300336045579e-01
1.155579999999999927e+04 2.933947347165677955e-01
1.155600000000000000e+04 2.918137435235571009e-01
1.155620000000000073e+04 3.006202427019711854e-01
1.155639999999999964e+04 3.122321062434926797e-01
1.155660000000000036e+04 2.914895522841461362e-01
1.155679999999999927e+04 2.975121005812308983e-01
1.155700000000000000e+04 3.058499207259816610e-01
1.155720000000000073e+04 2.948966553301268223e-01
1.155739999999999964e+04 3.057389736854141393e-01
1.155760000000000036e+04 3.149684151154927281e-01
1.155779999999999927e+04 3.359503935157407972e-01
1.155800000000000000e+04 3.309521116335113478e-01
1.155820000000000073e+04 3.342058999944489961e-01
1.155839999999999964e+04 3.480686711006569234e-01
1.155860000000000036e+04 3.385874653828876424e-01
1.155879999999999927e+04 3.512038465891002548e-01
1.155900000000000000e+04 3.500796891663329746e-01
1.155920000000000073e+04 3.602126175676548803e-01
1.155939999999999964e+04 3.562341437975132807e-01
1.155960000000000036e+04 3.358947769398151206e-01
1.155979999999999927e+04 3.755335591431861464e-01
1.156000000000000000e+04 4.042343268498921338e-01
1.156020000000000073e+04 4.050005405497136279e-01
1.156039999999999964e+04 4.144819897330474512e-01
1.156060000000000036e+04 4.270458075485066840e-01
1.156079999999999927e+04 4.211399687598651465e-01
1.156100000000000000e+04 4.335651578424279950e-01
1.156120000000000073e+04 4.322868045963746964e-01
1.156139999999999964e+04 4.497023645385032076e-01
1.156160000000000036e+04 4.752041338145680527e-01
1.156179999999999927e+04 4.986794691783955069e-01
1.156200000000000000e+04 4.958042148816004802e-01
1.156220000000000073e+04 5.090812267887115938e-01
1.156239999999999964e+04 5.323942745984344693e-01
1.156260000000000036e+04 5.591557847866693853e-01
1.156279999999999927e+04 5.521493973250897191e-01
1.156300000000000000e+04 5.631989542950684990e-01
1.156320000000000073e+04 6.095691370643862017e-01
1.156339999999999964e+04 6.249174174682268212e-01
1.156360000000000036e+04 6.616763159221558110e-01
1.156379999999999927e+04 6.942164172396722011e-01
1.156400000000000000e+04 7.183227474922182498e-01
1.156420000000000073e+04 7.741700890955375280e-01
1.156439999999999964e+04 7.879603314613973231e-01
1.156460000000000036e+04 8.166768045399573905e-01
1.156479999999999927e+04 8.523587305337982922e-01
1.156500000000000000e+04 8.562097732064271050e-01
1.156520000000000073e+04 9.140456217982215747e-01
1.156539999999999964e+04 9.264753477414034988e-01
1.156560000000000036e+04 9.612743828146005365e-01
1.156579999999999927e+04 9.614287975126755148e-01
1.156600000000000000e+04 9.784355786278917666e-01
1.156620000000000073e+04 1.031007986568778234e+00
1.156639999999999964e+04 1.041734440354632696e+00
1.156660000000000036e+04 1.040153583614091382e+00
1.156679999999999927e+04 1.054901794759917300e+00
1.156700000000000000e+04 1.094625931069319380e+00
1.156720000000000073e+04 1.073118987091620236e+00
1.156739999999999964e+04 1.120182687716473779e+00
1.156760000000000036e+04 1.089803805634835365e+00
1.156779999999999927e+04 1.116951925615738306e+00
1.156800000000000000e+04 1.105953603150376274e+00
1.156820000000000073e+04 1.120045604628813196e+00
1.156839999999999964e+04 1.105281974395123878e+00
1.156860000000000036e+04 1.108132129693748080e+00
1.156879999999999927e+04 1.108237205804208036e+00
1.156900000000000000e+04 1.090213431301150004e+00
1.156920000000000073e+04 1.111381719338302432e+00
1.156939999999999964e+04 1.089448322973740169e+00
1.156960000000000036e+04 1.086607560263697314e+00
1.156979999999999927e+04 1.068839104112546901e+00
1.157000000000000000e+04 1.039332044146123790e+00
1.157020000000000073e+04 1.064968027195621225e+00
1.157039999999999964e+04 1.093529653093655352e+00
1.157060000000000036e+04 1.062249244894161615e+00
1.157079999999999927e+04 1.042542917527627955e+00
1.157100000000000000e+04 1.030454682755247209e+00
1.157120000000000073e+04 1.026171850166976540e+00
1.157139999999999964e+04 1.024793658319524736e+00
1.157160000000000036e+04 9.926144611351536140e-01
1.157179999999999927e+04 1.017423635022190576e+00
1.157200000000000000e+04 1.004530891574711537e+00
1.157220000000000073e+04 9.970469820399169292e-01
1.157239999999999964e+04 9.858827609106962653e-01
1.157260000000000036e+04 9.729241158031363135e-01
1.157279999999999927e+04 9.759257869005191210e-01
1.157300000000000000e+04 9.693453621341636683e-01
1.157320000000000073e+04 9.501661116584386724e-01
1.157339999999999964e+04 9.415312161121531798e-01
1.157360000000000036e+04 9.465755436620364449e-01
1.157379999999999927e+04 9.614962039451067088e-01
1.157400000000000000e+04 9.180626319916039835e-01
1.157420000000000073e+04 9.113834792132360363e-01
1.157439999999999964e+04 9.300239442646706101e-01
1.157460000000000036e+04 9.245198558652339971e-01
1.157479999999999927e+04 9.230067182836969586e-01
1.157500000000000000e+04 9.209846585998497925e-01
1.157520000000000073e+04 9.116537514135250042e-01
1.157539999999999964e+04 9.333005709573304332e-01
1.157560000000000036e+04 8.880037570878097641e-01
1.157579999999999927e+04 8.963352324048425857e-01
1.157600000000000000e+04 9.045995901732638567e-01
1.157620000000000073e+04 8.817370019393667713e-01
1.157639999999999964e+04 9.016262814383146917e-01
1.157660000000000036e+04 9.249775763237673143e-01
1.157679999999999927e+04 9.016953657945397937e-01
1.157700000000000000e+04 9.035949441967323637e-01
1.157720000000000073e+04 8.820711380182305605e-01
1.157739999999999964e+04 8.911930955537402665e-01
1.157760000000000036e+04 8.943322951551492261e-01
1.157779999999999927e+04 8.950796035273078655e-01
1.157800000000000000e+04 9.173627880286160385e-01
1.157820000000000073e+04 9.074423651622567366e-01
1.157839999999999964e+04 8.841734866698311990e-01
1.157860000000000036e+04 9.040973064605308807e-01
1.157879999999999927e+04 9.081614329680215425e-01
1.157900000000000000e+04 9.174273158846105725e-01
1.157920000000000073e+04 9.241425047358207134e-01
1.157939999999999964e+04 8.885028006854590599e-01
1.157960000000000036e+04 8.915723425558178539e-01
1.157979999999999927e+04 8.852635781995782382e-01
1.158000000000000000e+04 9.013654460568704119e-01
1.158020000000000073e+04 9.097589264466070524e-01
1.158039999999999964e+04 9.182705640983920281e-01
1.158060000000000036e+04 9.043321508282011756e-01
1.158079999999999927e+04 9.010479619504162541e-01
1.158100000000000000e+04 9.063534586169025298e-01
1.158120000000000073e+04 8.942282786461724919e-01
1.158139999999999964e+04 9.336723610012854779e-01
1.158160000000000036e+04 8.817358995485985451e-01
1.158179999999999927e+04 9.069259763829248255e-01
1.158200000000000000e+04 9.323430247097294066e-01
1.158220000000000073e+04 9.032481266850729273e-01
1.158239999999999964e+04 8.998848630148812422e-01
1.158260000000000036e+04 8.967550782421047639e-01
1.158279999999999927e+04 8.973400136138155458e-01
1.158300000000000000e+04 9.183994546482874277e-01
1.158320000000000073e+04 8.681131905725193443e-01
1.158339999999999964e+04 9.187308905956083072e-01
1.158360000000000036e+04 8.771700585784379944e-01
1.158379999999999927e+04 8.919340123753407568e-01
1.158400000000000000e+04 8.895076352554762700e-01
1.158420000000000073e+04 9.023703655389675449e-01
1.158439999999999964e+04 8.716229138496023321e-01
1.158460000000000036e+04 8.984748015991961267e-01
1.158479999999999927e+04 9.199447300596836907e-01
1.158500000000000000e+04 8.719652220045205349e-01
1.158520000000000073e+04 8.924421887201769987e-01
1.158539999999999964e+04 8.810848062247746970e-01
1.158560000000000036e+04 8.954266197286645523e-01
1.158579999999999927e+04 8.892522455293823125e-01
1.158600000000000000e+04 8.807884986057386012e-01
1.158620000000000073e+04 8.955419113010967269e-01
1.158639999999999964e+04 9.139399858283032696e-01
1.158660000000000036e+04 8.863953561447700524e-01
1.158679999999999927e+04 8.997529174616700764e-01
1.158700000000000000e+04 8.706776451684079543e-01
1.158720000000000073e+04 8.762027119554703924e-01
1.158739999999999964e+04 8.967379000381923149e-01
1.158760000000000036e+04 9.115854935134841686e-01
1.158779999999999927e+04 8.963432823035806241e-01
1.158800000000000000e+04 8.884791643646876569e-01
1.158820000000000073e+04 8.935347990194196788e-01
1.158839999999999964e+04 8.758054615278768607e-01
1.158860000000000036e+04 9.025230672747436289e-01
1.158879999999999927e+04 9.071372729766014054e-01
1.158900000000000000e+04 8.926752350909120670e-01
1.158920000000000073e+04 8.914350271783624269e-01
1.158939999999999964e+04 9.032578675402619384e-01
1.158960000000000036e+04 8.941172084116422170e-01
1.158979999999999927e+04 9.018377836815664184e-01
1.159000000000000000e+04 9.319859514461741323e-01
1.159020000000000073e+04 9.005752121067106541e-01
1.159039999999999964e+04 9.017731661617991445e-01
1.159060000000000036e+04 8.987990326042206712e-01
1.159079999999999927e+04 9.195368075618400860e-01
1.159100000000000000e+04 9.079490882665472995e-01
1.159120000000000073e+04 9.026311839719046715e-01
1.159139999999999964e+04 9.316929353069481889e-01
1.159160000000000036e+04 9.357706600304123157e-01
1.159179999999999927e+04 9.091247421478313440e-01
1.159200000000000000e+04 8.940268923469676388e-01
1.159220000000000073e+04 9.358661650843534963e-01
1.159239999999999964e+04 9.139549246978032615e-01
1.159260000000000036e+04 9.367879599518439404e-01
1.159279999999999927e+04 8.984131939507680187e-01
1.159300000000000000e+04 9.398674912524035419e-01
1.159320000000000073e+04 9.132275296927556685e-01
1.159339999999999964e+04 9.419229704109212120e-01
1.159360000000000036e+04 9.316946693281012992e-01
1.159379999999999927e+04 9.199683874332518219e-01
1.159400000000000000e+04 9.277462344698237384e-01
1.159420000000000073e+04 9.434185515781048359e-01
1.159439999999999964e+04 9.373065835477047969e-01
1.159460000000000036e+04 9.438007216018956536e-01
1.159479999999999927e+04 9.616090113751094570e-01
1.159500000000000000e+04 9.138841862320514764e-01
1.159520000000000073e+04 9.574431942098183823e-01
1.159539999999999964e+04 9.367619017996194897e-01
1.159560000000000036e+04 9.229252412197852529e-01
1.159579999999999927e+04 9.174099744459939254e-01
1.159600000000000000e+04 9.327698476826584706e-01
1.159620000000000073e+04 9.462016606371179694e-01
1.159639999999999964e+04 9.311224708641272496e-01
1.159660000000000036e+04 9.532963962002840574e-01
1.159679999999999927e+04 9.123060035006869128e-01
1.159700000000000000e+04 9.307707033739104352e-01
1.159770000000000073e+04 9.094981558280746947e-01
1.159839999999999964e+04 9.281878804131844518e-01
1.159910000000000036e+04 9.315214408577644489e-01
1.159979999999999927e+04 9.094940795796134791e-01
1.160050000000000000e+04 8.758053104301569691e-01
1.160120000000000073e+04 9.118207000848790322e-01
1.160189999999999964e+04 9.125745958628697085e-01
1.160260000000000036e+04 9.102757578041278386e-01
1.160329999999999927e+04 9.200054414880676212e-01
1.160499369499999921e+04 8.838516818813582088e-01
1.160599958300000071e+04 9.070332575736105296e-01
1.160701766200000020e+04 9.133750487965895948e-01
1.160804793299999983e+04 8.724427963131839991e-01
1.160909039599999960e+04 9.026733703566724998e-01
1.161014505099999951e+04 8.944934113262409392e-01
1.161121189799999956e+04 9.043536030396525094e-01
1.161229093699999976e+04 9.156618166097255651e-01
1.161338216699999975e+04 9.094538145493733516e-01
1.161448559000000023e+04 9.126629171394140538e-01
1.161560120400000051e+04 9.285481927096544963e-01
1.161672901099999945e+04 9.189915324455437684e-01
1.161786900900000001e+04 9.235505598088715740e-01
1.161902119900000071e+04 9.521642918943636902e-01
1.162018558200000007e+04 9.292751152824842986e-01
1.162136215599999923e+04 9.564560102857140311e-01
1.162255092200000036e+04 9.530828178676075124e-01
1.162375187899999946e+04 9.225454027292687709e-01
1.162496502900000087e+04 9.363508424664130914e-01
1.162619037100000060e+04 9.593537335169113334e-01
1.162742790400000013e+04 9.268553582648108025e-01
1.162867763000000014e+04 9.308186565002479762e-01
1.162993954699999995e+04 9.419023680135903964e-01
1.163121365700000024e+04 9.436670965370543840e-01
1.163249995800000033e+04 9.263983642726534296e-01
1.163379845100000057e+04 9.195526788764957216e-01
1.163510913599999913e+04 9.450460473202318967e-01
1.163643201299999964e+04 9.462468413049900384e-01
1.163776708200000030e+04 9.329495611569783575e-01
1.163911434200000076e+04 9.182589641471936570e-01
1.164047379499999988e+04 9.036125259142792077e-01
1.164184543999999914e+04 9.005621273695004758e-01
1.164322927600000003e+04 9.164249194551790101e-01
1.164462530499999957e+04 9.131790680270885918e-01
1.164603352500000074e+04 9.262621686780321273e-01
1.164745393700000022e+04 9.140580843419096047e-01
1.164888654099999985e+04 8.838573657492075908e-01
1.165033133699999962e+04 9.193867057444879975e-01
1.165178832499999953e+04 8.927293347845640659e-01
1.165325750499999958e+04 9.027818997079306573e-01
1.165473887699999977e+04 9.130929239838316835e-01
1.165623243999999977e+04 9.404940205632051908e-01
1.165773819600000024e+04 9.581139608917302875e-01
1.165925614300000052e+04 9.260634634601692117e-01
1.166078628299999946e+04 9.177965553819362743e-01
1.166232861400000002e+04 9.301537882370277677e-01
1.166388313700000072e+04 9.363217544860306107e-01
1.166544985199999974e+04 9.214352781484671517e-01
1.166702875900000072e+04 9.517821684907808999e-01
1.166861985800000002e+04 9.306291326602849079e-01
1.167022314899999947e+04 9.352423780981348189e-01
1.167183863200000087e+04 9.379146579110605453e-01
1.167346630700000060e+04 9.343293668816963216e-01
1.167510617300000013e+04 9.409117691216523083e-01
1.167675823200000013e+04 9.214137272381259791e-01
1.167842248199999995e+04 9.228117769198463938e-01
1.168009892399999990e+04 9.154614997538337295e-01
1.168178755799999999e+04 9.376567361464479555e-01
1.168348838500000056e+04 9.436083985921399631e-01
1.168520140299999912e+04 9.400111683059589884e-01
1.168692661299999963e+04 9.572064021762454189e-01
1.168866401399999995e+04 9.341073774409277553e-01
1.169041360800000075e+04 9.429009070380380830e-01
1.169217539399999987e+04 9.186296632129529183e-01
1.169394937100000061e+04 9.272064770024376346e-01
1.169573554100000001e+04 9.413467622628624021e-01
1.169753390199999922e+04 9.420346602837736949e-01
1.169934445500000038e+04 9.248814073020370508e-01
1.170116720100000020e+04 9.257587430267683049e-01
1.170300213799999983e+04 9.045054870910389511e-01
1.170484926699999960e+04 9.201092801886231465e-01
1.170670858799999951e+04 9.366534208375090209e-01
1.170858009999999922e+04 9.324424708384752014e-01
1.171046380499999941e+04 9.308520779865616657e-01
1.171235970199999974e+04 9.264011453954031916e-01
1.171426778999999988e+04 9.266461257127477369e-01
1.171618807100000049e+04 9.194216299184664321e-01
1.171812054300000091e+04 9.402353926179567445e-01
1.172006520699999965e+04 9.381139665478526179e-01
1.172202206400000068e+04 9.411269047561420242e-01
1.172399111199999970e+04 9.289355879609131339e-01
1.172597235200000068e+04 9.086738951699453448e-01
1.172796578399999999e+04 9.557514320601405711e-01
1.172997140700000091e+04 9.346885493588124039e-01
1.173198922300000049e+04 9.305399596537650142e-01
1.173401923100000022e+04 9.545686333848129035e-01
1.173606142999999975e+04 9.400040252613300895e-01
1.173811582199999975e+04 9.608160492092160387e-01
1.174018240499999956e+04 9.556199168591671400e-01
1.174226117999999951e+04 9.569980983054312551e-01
1.174435214799999994e+04 9.292098149122162143e-01
1.174645530700000018e+04 9.647121180328824819e-01
1.174857065800000055e+04 9.533641890613023806e-01
1.175069820099999924e+04 9.446777770498296922e-01
1.175283793499999956e+04 9.519688116289142243e-01
1.175498986200000036e+04 9.258197413015386568e-01
1.175715398099999948e+04 9.561853310934339545e-01
1.175933029100000022e+04 9.345367571412255270e-01
1.176151879399999962e+04 9.296431197217616127e-01
1.176371948800000064e+04 9.258347499252038704e-01
1.176593237399999998e+04 9.611972235194830017e-01
1.176815745299999980e+04 9.354675412442057247e-01
1.177039472299999943e+04 9.647852824752157774e-01
1.177264418499999920e+04 9.349055343315583189e-01
1.177490583800000059e+04 9.184103470065098085e-01
1.177717968400000063e+04 9.263947698398898867e-01
1.177946572200000082e+04 9.583695699323016015e-01
1.178176395199999934e+04 9.398987433535965774e-01
1.178407437299999947e+04 9.345864032734773064e-01
1.178639698700000008e+04 9.456110144804635853e-01
1.178873179200000050e+04 9.520539121005668903e-01
1.179107878899999923e+04 9.629590664007628975e-01
1.179343797799999993e+04 9.729719572718978915e-01
1.179580935900000077e+04 9.654507760954523787e-01
1.179819293199999993e+04 9.940400054844977795e-01
1.180058869699999923e+04 1.085898275014263614e+00
1.180299665400000049e+04 1.207483468497080326e+00
1.180541680300000007e+04 1.297866174156631525e+00
1.180784914299999946e+04 1.343280776435420432e+00
1.181029367599999932e+04 1.318622486475199418e+00
1.181275040000000081e+04 1.207452583513090483e+00
1.181521931699999914e+04 1.097764986038179069e+00
1.181770042500000091e+04 1.010309798659043246e+00
1.182019372499999918e+04 9.796466317711978178e-01
1.182269921699999941e+04 9.558028316231156341e-01
1.182521690099999978e+04 9.759128633899114558e-01
1.182774677700000029e+04 9.769865726839518372e-01
1.183028884499999913e+04 9.353587771745408563e-01
1.183284310499999992e+04 9.472042514449917627e-01
1.183540955600000052e+04 9.383343646675856853e-01
1.183798819999999978e+04 9.486304376318920317e-01
1.184057903500000066e+04 9.560906046007572323e-01
1.184318206199999986e+04 9.360966518255946500e-01
1.184579728199999954e+04 9.443561673980642723e-01
1.184842469300000084e+04 9.422903934232356171e-01
1.185106429600000047e+04 9.593399541123249774e-01
1.185371609100000023e+04 9.574060489861137002e-01
1.185638007800000014e+04 9.478929536423678082e-01
1.185905625599999985e+04 9.604441622304137338e-01
1.186174462700000004e+04 9.506080359572667282e-01
1.186444519000000037e+04 9.558547088698523542e-01
1.186715794400000050e+04 9.825150130729152220e-01
1.186988289099999929e+04 9.793885286990807737e-01
1.187262002899999970e+04 9.440565612849991517e-01
1.187536935900000026e+04 9.747608227121484781e-01
1.187813088099999914e+04 9.757914569761004797e-01
1.188090459499999997e+04 9.502232730559855289e-01
1.188369050099999913e+04 9.788611709284394946e-01
1.188648859900000025e+04 9.899428504793228445e-01
1.188929888899999969e+04 9.548231589853791723e-01
1.189212137099999927e+04 9.579382956798168092e-01
1.189495604400000047e+04 9.861765585754845853e-01
1.189780291000000034e+04 9.766482024525843242e-01
1.190066196700000000e+04 9.809698454800835909e-01
1.190353321700000015e+04 9.777561617633937496e-01
1.190641665800000010e+04 9.786501559126271621e-01
1.190931229100000019e+04 9.535141659467226694e-01
1.191222011600000042e+04 9.858391624631391847e-01
1.191514013300000079e+04 9.872462084995181630e-01
1.191807234199999948e+04 9.677662415463886836e-01
1.192101674300000013e+04 9.704731889131028577e-01
1.192397333500000059e+04 9.494711040197874041e-01
1.192694211999999970e+04 9.778402859688954951e-01
1.192992309600000044e+04 9.788525742955778153e-01
1.193291626499999984e+04 9.705799607311146326e-01
1.193592162500000086e+04 9.876186089949001712e-01
1.193893917700000020e+04 9.685066582156212078e-01
1.194196892099999968e+04 9.813837070866604506e-01
1.194501085799999964e+04 9.596455168807798142e-01
1.194806498500000089e+04 9.742021106865980107e-01
1.195113130500000079e+04 9.731042630034042462e-01
1.195420981700000084e+04 9.787083284026260044e-01
1.195730052099999921e+04 9.711515337877507648e-01
1.196040341599999920e+04 9.758138300053078584e-01
1.196351850399999967e+04 9.905953391215491788e-01
1.196664578299999994e+04 9.744253801014027827e-01
1.196978525500000069e+04 9.589582034918696651e-01
1.197293691799999942e+04 1.006879535625173849e+00
1.197610077300000012e+04 1.002368740915104972e+00
1.197927681999999913e+04 9.662475786483091245e-01
1.198246505900000011e+04 9.936030513777179829e-01
1.198566548999999941e+04 9.788183495124481714e-01
1.198887811200000033e+04 9.895361045699749836e-01
1.199210292699999991e+04 9.903137932855914372e-01
1.199533993399999963e+04 9.833720670487791082e-01
1.199858913199999915e+04 9.760812268829611726e-01
1.200185052299999916e+04 9.773187564802815475e-01
1.200512410500000078e+04 9.746550607905684060e-01
1.200840987900000073e+04 9.750709592170895279e-01
1.201170784500000082e+04 9.850320619856558491e-01
1.201501800299999923e+04 9.763131780709455310e-01
1.201834035299999960e+04 9.948803081709073348e-01
1.202167489500000011e+04 1.006435927494113480e+00
1.202502162900000076e+04 9.783389928030917781e-01
1.202838055399999939e+04 9.901129952806839718e-01
1.203175167200000033e+04 9.937340976406217052e-01
1.203513498199999958e+04 9.938394878949116107e-01
1.203853048300000046e+04 9.885433483373200492e-01
1.204193817599999966e+04 9.990034448640509046e-01
1.204535806100000082e+04 9.964268576960209067e-01
1.204879013900000064e+04 9.730737937830817863e-01
1.205223440800000026e+04 1.003575724935060975e+00
1.205569086799999968e+04 1.004749549079626991e+00
1.205915952099999959e+04 9.834735369571869779e-01
1.206264036599999963e+04 9.960947502584835966e-01
1.206613340299999982e+04 1.004608548809884150e+00
1.206963863099999980e+04 9.929653616773400637e-01
1.207315605200000027e+04 1.011959261024661494e+00
1.207668566400000054e+04 1.030791180767306470e+00
1.208022746799999913e+04 9.877830821974119546e-01
1.208378146500000003e+04 9.799341370490780578e-01
1.208734765300000072e+04 1.003267145149812523e+00
1.209092603299999973e+04 1.010382172933123490e+00
1.209451660500000071e+04 9.969862850602478899e-01
1.209811936900000001e+04 1.020595822519144491e+00
1.210173432399999911e+04 9.822501596536452606e-01
1.210536147200000050e+04 1.010285296996190185e+00
1.210900081099999989e+04 9.926294138963680513e-01
1.211265234299999975e+04 1.024815202166345696e+00
1.211631606599999941e+04 1.029622482299443309e+00
1.211999198199999955e+04 9.911898174270570294e-01
1.212368008899999950e+04 9.941180125380416621e-01
1.212738038799999958e+04 1.013536159172619522e+00
1.213109287899999981e+04 9.967156640950292079e-01
1.213481756200000018e+04 1.002071185938842479e+00
1.213855443700000069e+04 1.004160466714643096e+00
1.214230350299999918e+04 9.776706081092831901e-01
1.214606476199999997e+04 1.003401700412824837e+00
1.214983821300000091e+04 9.948623965823105708e-01
1.215362385499999982e+04 9.991331100025194756e-01
1.215742168900000070e+04 1.026861207267734999e+00
1.216123171600000023e+04 9.903668530400565606e-01
1.216505393399999957e+04 1.019225276588845208e+00
1.216888834400000087e+04 1.005274851822091975e+00
1.217273494600000049e+04 1.006294104955285373e+00
1.217659374000000025e+04 1.022766956264497207e+00
1.218046472600000016e+04 1.017313008842785305e+00
1.218434790299999986e+04 1.020986704782222310e+00
1.218824327300000004e+04 1.026961972361514208e+00
1.219215083500000037e+04 1.009440994939164282e+00
1.219607058800000050e+04 1.006542919262295444e+00
1.220000253300000077e+04 1.000771152603532776e+00
1.220394667099999970e+04 1.004308407827954719e+00
1.220790300000000025e+04 1.056697671844003761e+00
1.221187152099999912e+04 1.034223634351417509e+00
1.221585223399999995e+04 9.980890076282887824e-01
1.221984513899999911e+04 9.985898726832768135e-01
1.222385023600000022e+04 1.024036035723491223e+00
1.222786752399999932e+04 1.025923677918335608e+00
1.223189700500000072e+04 1.025501425850022352e+00
1.223593867800000044e+04 1.014667860424627532e+00
1.223999254199999996e+04 1.017331072870416131e+00
1.224405859799999962e+04 1.023537880094671726e+00
1.224813684699999976e+04 1.021068027929778133e+00
1.225222728699999971e+04 9.894804261293307368e-01
1.225632991899999979e+04 1.017861593732307890e+00
1.226044474300000002e+04 1.009306032679235798e+00
1.226457175900000038e+04 1.023996362277243888e+00
1.226871096700000089e+04 1.063529520671729012e+00
1.227286236599999938e+04 1.028217046198747875e+00
1.227702595800000017e+04 1.018963302472978727e+00
1.228120174199999929e+04 1.037257992139930751e+00
1.228538971700000002e+04 1.032038197465742213e+00
1.228958988400000089e+04 1.032314699976618844e+00
1.229380224400000043e+04 1.036016297998746838e+00
1.229802679499999977e+04 1.057570138307120100e+00
1.230226353799999924e+04 1.013329245531464418e+00
1.230651247300000068e+04 1.036416626578127387e+00
1.231077360000000044e+04 1.018033859255067730e+00
1.231504691900000034e+04 1.039169876001014403e+00
1.231933242900000005e+04 1.018927720980137952e+00
1.232363013200000023e+04 1.026648302136229818e+00
1.232794002600000022e+04 1.028771219107948554e+00
1.233226211300000068e+04 1.047206562455710532e+00
1.233659639099999913e+04 1.046268260335524225e+00
1.234094286099999954e+04 1.017081512462523873e+00
1.234530152400000043e+04 1.035345042514341340e+00
1.234967237799999930e+04 1.025592665323514119e+00
1.235405542400000013e+04 1.018071845844985113e+00
1.235845066199999928e+04 1.032183900197158222e+00
1.236285809100000006e+04 1.032249753976728801e+00
1.236727771299999949e+04 1.070611109504338909e+00
1.237170952700000089e+04 1.043526507005474890e+00
1.237615353200000027e+04 1.019242440917593528e+00
1.238060973000000013e+04 1.030869369776060251e+00
1.238507811899999979e+04 1.053233622443691564e+00
1.238955869999999959e+04 1.069030269688992840e+00
1.239405147299999953e+04 1.017902651107295497e+00
1.239855643799999962e+04 1.014784697515321632e+00
1.240307359499999984e+04 1.067418166344807240e+00
1.240760294400000021e+04 1.047321458323732690e+00
1.241214448500000071e+04 1.030767167296451348e+00
1.241669821799999954e+04 1.050495263232534837e+00
1.242126414199999999e+04 1.008647675191727711e+00
1.242584225899999910e+04 1.046741575833766147e+00
1.243043256699999984e+04 1.051336701081009961e+00
1.243503506799999923e+04 1.060385800511501442e+00
1.243964976000000024e+04 1.034032914458374197e+00
1.244427664399999958e+04 1.050050287286147466e+00
1.244891572000000087e+04 1.036837982261317403e+00
1.245356698800000049e+04 1.053788233314668421e+00
1.245823044800000025e+04 1.038555754021291078e+00
1.246290610000000015e+04 1.045548019646243887e+00
1.246759394299999985e+04 1.038064115509436114e+00
1.247229397900000004e+04 1.061503285803062191e+00
1.247700620600000002e+04 1.064822867623829605e+00
1.248173062600000048e+04 1.050568063480763259e+00
1.248646723700000075e+04 1.054728658218160753e+00
1.249121603999999934e+04 1.034937155309439971e+00
1.249597703600000023e+04 1.051907683672703486e+00
1.250075022299999910e+04 1.055997016285491918e+00
1.250553560199999993e+04 1.091690483566057246e+00
1.251033317200000056e+04 1.040510435601392558e+00
1.251514293499999985e+04 1.077324017811045476e+00
1.251996488999999929e+04 1.071237728019122315e+00
1.252479903700000068e+04 1.062100530167492396e+00
1.252964537500000006e+04 1.083275916127550476e+00
