1.138059698199999912e+04 1.619669222485932147e-01
1.138559698199999912e+04 1.981862140197372113e-01
1.139059698199999912e+04 2.018853029074884897e-01
1.139559698199999912e+04 2.138129467758032587e-01
1.140059698199999912e+04 1.948977753423500325e-01
1.140559698199999912e+04 1.997038396306724528e-01
1.141059698199999912e+04 1.861795415913964635e-01
1.141559698199999912e+04 1.997711956011158640e-01
1.142059698199999912e+04 1.882016621061043671e-01
1.142559698199999912e+04 2.083290474669429182e-01
1.143059698199999912e+04 1.890666826077365414e-01
1.143559698199999912e+04 2.046237779815868463e-01
1.144059698199999912e+04 1.971440323134626971e-01
1.144559698199999912e+04 2.208002293285215023e-01
1.145059698199999912e+04 1.977999850271356663e-01
1.145559698199999912e+04 1.640815174541207511e-01
1.146059698199999912e+04 2.254888404043135230e-01
1.146559698199999912e+04 1.827989952540672869e-01
1.147059698199999912e+04 1.885557025018231858e-01
1.147559698199999912e+04 1.905258850404956961e-01
1.148059698199999912e+04 2.306119287362407289e-01
1.148559698199999912e+04 1.613520234607171144e-01
1.149059698199999912e+04 2.677697130472458387e-01
1.149559698199999912e+04 2.272175546272302005e-01
1.150059698199999912e+04 2.116719402176996945e-01
1.150559698199999912e+04 2.074818274703991994e-01
1.151059698199999912e+04 2.157701714340068688e-01
1.151559698199999912e+04 2.220438215098706203e-01
1.152059698199999912e+04 2.266187542169701141e-01
1.152559698199999912e+04 2.274497050335582693e-01
1.153059698199999912e+04 2.212835530447004595e-01
1.153400000000000000e+04 2.183216410218456471e-01
1.153500000000000000e+04 2.201567734784228569e-01
1.153600000000000000e+04 2.204929787899536919e-01
1.153700000000000000e+04 2.479947637522108284e-01
1.153800000000000000e+04 2.384503594326814191e-01
1.153900000000000000e+04 1.689565266074914696e-01
1.154000000000000000e+04 2.419946980379477086e-01
1.154100000000000000e+04 2.341443198047199747e-01
1.154120000000000073e+04 2.302790786165623271e-01
1.154139999999999964e+04 2.226750059230468148e-01
1.154160000000000036e+04 2.539165517682862583e-01
1.154179999999999927e+04 2.517212844315335762e-01
1.154200000000000000e+04 2.161750429953190888e-01
1.154220000000000073e+04 2.401343385650445139e-01
1.154239999999999964e+04 2.143707177159162869e-01
1.154260000000000036e+04 2.057676051857408595e-01
1.154279999999999927e+04 2.207114586491357722e-01
1.154300000000000000e+04 2.507910932361356871e-01
1.154320000000000073e+04 2.533651098792525369e-01
1.154339999999999964e+04 2.449272609624481012e-01
1.154360000000000036e+04 2.499789074859407600e-01
1.154379999999999927e+04 2.460278834158031724e-01
1.154400000000000000e+04 2.232949680687882632e-01
1.154420000000000073e+04 2.436104099599019635e-01
1.154439999999999964e+04 2.526568651077968908e-01
1.154460000000000036e+04 2.520946875877093651e-01
1.154479999999999927e+04 2.610839714844964687e-01
1.154500000000000000e+04 2.515521362502082803e-01
1.154520000000000073e+04 2.452134839837774860e-01
1.154539999999999964e+04 2.602273069017363993e-01
1.154560000000000036e+04 2.387987195988199585e-01
1.154579999999999927e+04 2.218858341102906973e-01
1.154600000000000000e+04 2.370720548722182186e-01
1.154620000000000073e+04 2.259235070828022052e-01
1.154639999999999964e+04 2.279126054174707428e-01
1.154660000000000036e+04 2.390329478268884977e-01
1.154679999999999927e+04 2.266685585858638774e-01
1.154700000000000000e+04 2.362646538533564600e-01
1.154720000000000073e+04 2.044736121507983451e-01
1.154739999999999964e+04 2.486159053917544881e-01
1.154760000000000036e+04 2.452994253330000318e-01
1.154779999999999927e+04 2.285604803871058577e-01
1.154800000000000000e+04 2.590408951770064028e-01
1.154820000000000073e+04 2.656143747413360345e-01
1.154839999999999964e+04 2.148308347169549382e-01
1.154860000000000036e+04 2.327958752110623475e-01
1.154879999999999927e+04 2.334064624849510328e-01
1.154900000000000000e+04 2.306307188861586310e-01
1.154920000000000073e+04 2.658408650498972348e-01
1.154939999999999964e+04 2.464193372637536461e-01
1.154960000000000036e+04 2.458751474280311544e-01
1.154979999999999927e+04 2.126716384429696571e-01
1.155000000000000000e+04 2.660845970679169281e-01
1.155020000000000073e+04 2.287119170470969520e-01
1.155039999999999964e+04 2.553341345164976683e-01
1.155060000000000036e+04 2.613247865736110231e-01
1.155079999999999927e+04 2.830376399079080341e-01
1.155100000000000000e+04 2.313356769494093745e-01
1.155120000000000073e+04 1.978537165643395879e-01
1.155139999999999964e+04 2.628510251642580675e-01
1.155160000000000036e+04 2.969295172706685193e-01
1.155179999999999927e+04 2.862350330627033146e-01
1.155200000000000000e+04 2.673010300187066424e-01
1.155220000000000073e+04 2.539892575133950725e-01
1.155239999999999964e+04 2.801982614390717274e-01
1.155260000000000036e+04 2.455198140570212517e-01
1.155279999999999927e+04 2.770968113204549943e-01
1.155300000000000000e+04 2.805114168335314240e-01
1.155320000000000073e+04 2.911882986754381619e-01
1.155339999999999964e+04 3.264273966937968896e-01
1.155360000000000036e+04 2.820118622509949491e-01
1.155379999999999927e+04 2.646401319320800805e-01
1.155400000000000000e+04 2.760300622904721113e-01
1.155420000000000073e+04 2.437386555337513749e-01
1.155439999999999964e+04 2.652579450669416139e-01
1.155460000000000036e+04 2.717472828489488901e-01
1.155479999999999927e+04 2.731989934040821577e-01
1.155500000000000000e+04 2.891112741660781804e-01
1.155520000000000073e+04 2.709783744772392700e-01
1.155539999999999964e+04 3.110355876091765448e-01
1.155560000000000036e+04 2.915863026276585002e-01
1.155579999999999927e+04 2.934195761525584256e-01
1.155600000000000000e+04 2.898785452456890122e-01
1.155620000000000073e+04 3.016520244590537581e-01
1.155639999999999964e+04 3.173790528562132618e-01
1.155660000000000036e+04 2.862342827674805856e-01
1.155679999999999927e+04 2.935394022416991655e-01
1.155700000000000000e+04 3.040532600592785184e-01
1.155720000000000073e+04 2.866931076941675594e-01
1.155739999999999964e+04 3.007699214418211309e-01
1.155760000000000036e+04 3.121056235695416903e-01
1.155779999999999927e+04 3.413862756871217652e-01
1.155800000000000000e+04 3.326257794097610687e-01
1.155820000000000073e+04 3.354536784091467494e-01
1.155839999999999964e+04 3.533541792984042917e-01
1.155860000000000036e+04 3.377971962395657779e-01
1.155879999999999927e+04 3.536555927683398548e-01
1.155900000000000000e+04 3.494953016990378081e-01
1.155920000000000073e+04 3.618915000509353996e-01
1.155939999999999964e+04 3.526985848882366326e-01
1.155960000000000036e+04 3.209501239061204325e-01
1.155979999999999927e+04 3.747502968783067989e-01
1.156000000000000000e+04 4.130183518351061567e-01
1.156020000000000073e+04 4.107309399374866610e-01
1.156039999999999964e+04 4.204511971024612604e-01
1.156060000000000036e+04 4.346769061791141420e-01
1.156079999999999927e+04 4.217168467820713862e-01
1.156100000000000000e+04 4.348078345149550272e-01
1.156120000000000073e+04 4.285187963860617177e-01
1.156139999999999964e+04 4.477858218774918853e-01
1.156160000000000036e+04 4.790125832066666756e-01
1.156179999999999927e+04 5.061003863379502921e-01
1.156200000000000000e+04 4.949671962092779820e-01
1.156220000000000073e+04 5.063324221238137968e-01
1.156239999999999964e+04 5.324135193648946718e-01
1.156260000000000036e+04 5.628647232656091015e-01
1.156279999999999927e+04 5.432876534297707005e-01
1.156300000000000000e+04 5.490969248252268731e-01
1.156320000000000073e+04 6.061936091966699802e-01
1.156339999999999964e+04 6.174210776786880350e-01
1.156360000000000036e+04 6.585573523620703584e-01
1.156379999999999927e+04 6.933101786222560792e-01
1.156400000000000000e+04 7.155371417251498167e-01
1.156420000000000073e+04 7.830947656374861454e-01
1.156439999999999964e+04 7.899644622843990938e-01
1.156460000000000036e+04 8.185174808709174687e-01
1.156479999999999927e+04 8.561747347095535199e-01
1.156500000000000000e+04 8.492006529944962079e-01
1.156520000000000073e+04 9.204198676846789828e-01
1.156539999999999964e+04 9.259957102911454685e-01
1.156560000000000036e+04 9.653790694776173131e-01
1.156579999999999927e+04 9.548233023766937722e-01
1.156600000000000000e+04 9.688663793519873835e-01
1.156620000000000073e+04 1.036012630022709047e+00
1.156639999999999964e+04 1.044023804341804418e+00
1.156660000000000036e+04 1.034583692092381213e+00
1.156679999999999927e+04 1.049528958580950855e+00
1.156700000000000000e+04 1.101512706867126878e+00
1.156720000000000073e+04 1.065777016306874048e+00
1.156739999999999964e+04 1.130244342021935688e+00
1.156760000000000036e+04 1.084232707744951618e+00
1.156779999999999927e+04 1.120837399353810104e+00
1.156800000000000000e+04 1.103893956742383775e+00
1.156820000000000073e+04 1.123710716122635844e+00
1.156839999999999964e+04 1.101893920511958669e+00
1.156860000000000036e+04 1.107085625667776352e+00
1.156879999999999927e+04 1.108440689733763751e+00
1.156900000000000000e+04 1.084004117554134172e+00
1.156920000000000073e+04 1.115882729404978901e+00
1.156939999999999964e+04 1.086240179148762364e+00
1.156960000000000036e+04 1.085146614918395036e+00
1.156979999999999927e+04 1.062669962192907880e+00
1.157000000000000000e+04 1.023524274766240305e+00
1.157020000000000073e+04 1.063731995413984777e+00
1.157039999999999964e+04 1.108293273661920209e+00
1.157060000000000036e+04 1.067005320792776324e+00
1.157079999999999927e+04 1.042356545739010487e+00
1.157100000000000000e+04 1.028768989913587895e+00
1.157120000000000073e+04 1.026237922622022625e+00
1.157139999999999964e+04 1.028082181236683157e+00
1.157160000000000036e+04 9.852813391625853123e-01
1.157179999999999927e+04 1.024194111215918079e+00
1.157200000000000000e+04 1.008847532088555710e+00
1.157220000000000073e+04 1.001378858094486013e+00
1.157239999999999964e+04 9.884935757681400093e-01
1.157260000000000036e+04 9.729586772297517117e-01
1.157279999999999927e+04 9.799731045365723814e-01
1.157300000000000000e+04 9.728925748218729685e-01
1.157320000000000073e+04 9.478982234996692346e-01
1.157339999999999964e+04 9.379119342252814073e-01
1.157360000000000036e+04 9.471055392040960141e-01
1.157379999999999927e+04 9.709182803125253614e-01
1.157400000000000000e+04 9.103472410773880696e-01
1.157420000000000073e+04 9.022622598134146799e-01
1.157439999999999964e+04 9.309325429641890359e-01
1.157460000000000036e+04 9.247266050617916067e-01
1.157479999999999927e+04 9.239640536060740317e-01
1.157500000000000000e+04 9.223739632227904162e-01
1.157520000000000073e+04 9.101699793888341494e-01
1.157539999999999964e+04 9.423430778619218406e-01
1.157560000000000036e+04 8.780488094683810418e-01
1.157579999999999927e+04 8.911253974545524370e-01
1.157600000000000000e+04 9.038449998479091141e-01
1.157620000000000073e+04 8.715161772383609451e-01
1.157639999999999964e+04 9.004215031423550286e-01
1.157660000000000036e+04 9.350627558520974159e-01
1.157679999999999927e+04 9.016957314348659214e-01
1.157700000000000000e+04 9.048828019556224289e-01
1.157720000000000073e+04 8.741943292832421442e-01
1.157739999999999964e+04 8.872710185111003511e-01
1.157760000000000036e+04 8.918903870041059445e-01
1.157779999999999927e+04 8.929889678683841092e-01
1.157800000000000000e+04 9.250996040871332093e-01
1.157820000000000073e+04 9.107278618816538884e-01
1.157839999999999964e+04 8.771986106357122503e-01
1.157860000000000036e+04 9.054662927654806293e-01
1.157879999999999927e+04 9.110754390297373106e-01
1.157900000000000000e+04 9.242845235742486176e-01
1.157920000000000073e+04 9.337043022118697300e-01
1.157939999999999964e+04 8.821101638175031789e-01
1.157960000000000036e+04 8.864329177615268840e-01
1.157979999999999927e+04 8.773766682539679840e-01
1.158000000000000000e+04 8.997671904421576938e-01
1.158020000000000073e+04 9.124631043559318089e-01
1.158039999999999964e+04 9.241745936130782990e-01
1.158060000000000036e+04 9.036993657159723137e-01
1.158079999999999927e+04 8.989142206756002285e-01
1.158100000000000000e+04 9.071161434978446403e-01
1.158120000000000073e+04 8.889235990012039901e-01
1.158139999999999964e+04 9.463403941949861675e-01
1.158160000000000036e+04 8.716794239871197281e-01
1.158179999999999927e+04 9.078833679512984256e-01
1.158200000000000000e+04 9.445998453192315791e-01
1.158220000000000073e+04 9.031079176452713186e-01
1.158239999999999964e+04 8.985329078244608247e-01
1.158260000000000036e+04 8.943722651670424906e-01
1.158279999999999927e+04 8.960433498015548670e-01
1.158300000000000000e+04 9.266468028049265060e-01
1.158320000000000073e+04 8.543273749661077776e-01
1.158339999999999964e+04 9.279611746674606421e-01
1.158360000000000036e+04 8.682226031359944196e-01
1.158379999999999927e+04 8.900972018437854905e-01
1.158400000000000000e+04 8.866695548808684046e-01
1.158420000000000073e+04 9.057855373808592070e-01
1.158439999999999964e+04 8.615970494536621116e-01
1.158460000000000036e+04 9.011092546893554323e-01
1.158479999999999927e+04 9.321778736990284919e-01
1.158500000000000000e+04 8.633773318826412080e-01
1.158520000000000073e+04 8.933960981509084798e-01
1.158539999999999964e+04 8.768023498651780212e-01
1.158560000000000036e+04 8.978280671020578696e-01
1.158579999999999927e+04 8.891519252787958294e-01
1.158600000000000000e+04 8.766260035020394525e-01
1.158620000000000073e+04 8.983183109055410398e-01
1.158639999999999964e+04 9.248052746164424631e-01
1.158660000000000036e+04 8.849960862719932209e-01
1.158679999999999927e+04 9.039484561539800067e-01
1.158700000000000000e+04 8.624993577875326167e-01
1.158720000000000073e+04 8.700925783888439069e-01
1.158739999999999964e+04 8.994072475753616125e-01
1.158760000000000036e+04 9.204706775833844112e-01
1.158779999999999927e+04 8.982908356899876878e-01
1.158800000000000000e+04 8.863151504290798233e-01
1.158820000000000073e+04 8.932884440893197331e-01
1.158839999999999964e+04 8.678766182375475813e-01
1.158860000000000036e+04 9.059923398401928951e-01
1.158879999999999927e+04 9.123119772110874770e-01
1.158900000000000000e+04 8.896467467094740789e-01
1.158920000000000073e+04 8.882942092774095411e-01
1.158939999999999964e+04 9.046379205564725190e-01
1.158960000000000036e+04 8.911771857188113266e-01
1.158979999999999927e+04 9.011733412340571236e-01
1.159000000000000000e+04 9.446305684480272857e-01
1.159020000000000073e+04 8.987950242809764623e-01
1.159039999999999964e+04 8.993068541973862073e-01
1.159060000000000036e+04 8.945533248936446968e-01
1.159079999999999927e+04 9.238425146203703697e-01
1.159100000000000000e+04 9.065653080700835087e-01
1.159120000000000073e+04 8.983682217434304507e-01
1.159139999999999964e+04 9.395394980250481032e-01
1.159160000000000036e+04 9.442193554459894500e-01
1.159179999999999927e+04 9.051566170109098808e-01
1.159200000000000000e+04 8.822753805899133939e-01
1.159220000000000073e+04 9.417762131730816888e-01
1.159239999999999964e+04 9.094632788396416201e-01
1.159260000000000036e+04 9.413610420462895645e-01
1.159279999999999927e+04 8.860171921418464880e-01
1.159300000000000000e+04 9.450632783919458157e-01
1.159320000000000073e+04 9.054918245545772182e-01
1.159339999999999964e+04 9.461201516349792007e-01
1.159360000000000036e+04 9.314863897465019971e-01
1.159379999999999927e+04 9.138075998421536505e-01
1.159400000000000000e+04 9.249446422344773655e-01
1.159420000000000073e+04 9.473345755439583904e-01
1.159439999999999964e+04 9.376533970826804731e-01
1.159460000000000036e+04 9.470864477642947366e-01
1.159479999999999927e+04 9.734479581285723215e-01
1.159500000000000000e+04 9.039605607500271756e-01
1.159520000000000073e+04 9.670703723420008835e-01
1.159539999999999964e+04 9.370892598178839350e-01
1.159560000000000036e+04 9.170854313651525258e-01
1.159579999999999927e+04 9.089160399383452438e-01
1.159600000000000000e+04 9.312875383601519896e-01
1.159620000000000073e+04 9.515440023444169393e-01
1.159639999999999964e+04 9.300145705608167113e-01
1.159660000000000036e+04 9.622577578431068535e-01
1.159679999999999927e+04 9.030592664665062497e-01
1.159700000000000000e+04 9.303664062728783657e-01
1.159770000000000073e+04 9.014641086196449882e-01
1.159839999999999964e+04 9.300787146655834503e-01
1.159910000000000036e+04 9.366211353983597832e-01
1.159979999999999927e+04 9.065501323248479348e-01
1.160050000000000000e+04 8.594351508018271968e-01
1.160120000000000073e+04 9.126714095175683106e-01
1.160189999999999964e+04 9.148797341945018591e-01
1.160260000000000036e+04 9.123745007808199414e-01
1.160329999999999927e+04 9.272073980987269870e-01
1.160499369499999921e+04 8.768591883299986511e-01
1.160599958300000071e+04 9.107937814508497709e-01
1.160701766200000020e+04 9.202738682368103440e-01
1.160804793299999983e+04 8.610713490357748690e-01
1.160909039599999960e+04 9.041870049411169230e-01
1.161014505099999951e+04 8.909333371543910474e-01
1.161121189799999956e+04 9.033804563145617639e-01
1.161229093699999976e+04 9.173156816846840256e-01
1.161338216699999975e+04 9.059655494989747870e-01
1.161448559000000023e+04 9.080052472753793458e-01
1.161560120400000051e+04 9.282420769852732789e-01
1.161672901099999945e+04 9.117821702152110186e-01
1.161786900900000001e+04 9.163385297118540329e-01
1.161902119900000071e+04 9.557894197341824105e-01
1.162018558200000007e+04 9.216529207479821073e-01
1.162136215599999923e+04 9.599774586879081806e-01
1.162255092200000036e+04 9.553403345634561283e-01
1.162375187899999946e+04 9.113413002627216430e-01
1.162496502900000087e+04 9.315769679551383353e-01
1.162619037100000060e+04 9.660706708782109686e-01
1.162742790400000013e+04 9.201909634922862402e-01
1.162867763000000014e+04 9.273177120099422854e-01
1.162993954699999995e+04 9.440827386924747211e-01
1.163121365700000024e+04 9.478095761401768016e-01
1.163249995800000033e+04 9.241674394171123241e-01
1.163379845100000057e+04 9.151824744290824043e-01
1.163510913599999913e+04 9.530766561201775566e-01
1.163643201299999964e+04 9.562095723270698233e-01
1.163776708200000030e+04 9.382278245953611373e-01
1.163911434200000076e+04 9.180321749339230841e-01
1.164047379499999988e+04 8.978802919715634934e-01
1.164184543999999914e+04 8.946798696641123927e-01
1.164322927600000003e+04 9.188439304218491976e-01
1.164462530499999957e+04 9.149442360209065761e-01
1.164603352500000074e+04 9.340558760719821496e-01
1.164745393700000022e+04 9.172211266354941550e-01
1.164888654099999985e+04 8.737707643127905488e-01
1.165033133699999962e+04 9.249885256044108051e-01
1.165178832499999953e+04 8.857175007385293952e-01
1.165325750499999958e+04 8.995294871643149115e-01
1.165473887699999977e+04 9.137232331375094718e-01
1.165623243999999977e+04 9.518368089756051864e-01
1.165773819600000024e+04 9.762897338646316925e-01
1.165925614300000052e+04 9.288397430342291150e-01
1.166078628299999946e+04 9.157027899621567046e-01
1.166232861400000002e+04 9.324555042888551526e-01
1.166388313700000072e+04 9.407783379051697370e-01
1.166544985199999974e+04 9.184499981125558987e-01
1.166702875900000072e+04 9.617850163897597726e-01
1.166861985800000002e+04 9.309969190435826158e-01
1.167022314899999947e+04 9.372392108966300928e-01
1.167183863200000087e+04 9.409289554353724716e-01
1.167346630700000060e+04 9.358257202997867230e-01
1.167510617300000013e+04 9.449567266123383158e-01
1.167675823200000013e+04 9.164925871676899982e-01
1.167842248199999995e+04 9.182363022200090708e-01
1.168009892399999990e+04 9.075391058351724993e-01
1.168178755799999999e+04 9.391799781994100149e-01
1.168348838500000056e+04 9.472007575774386012e-01
1.168520140299999912e+04 9.416125674507455079e-01
1.168692661299999963e+04 9.662683498918746006e-01
1.168866401399999995e+04 9.328263468414492721e-01
1.169041360800000075e+04 9.457467734510578428e-01
1.169217539399999987e+04 9.106384631379613737e-01
1.169394937100000061e+04 9.235279279393608931e-01
1.169573554100000001e+04 9.443041064596001677e-01
1.169753390199999922e+04 9.459178171525981504e-01
1.169934445500000038e+04 9.217213207551533394e-01
1.170116720100000020e+04 9.239470976592757401e-01
1.170300213799999983e+04 8.937869188438721801e-01
1.170484926699999960e+04 9.165067065916466804e-01
1.170670858799999951e+04 9.406987938577070496e-01
1.170858009999999922e+04 9.345322521696725060e-01
1.171046380499999941e+04 9.324651767348322018e-01
1.171235970199999974e+04 9.252245729741521707e-01
1.171426778999999988e+04 9.251886182883077847e-01
1.171618807100000049e+04 9.138442486279649835e-01
1.171812054300000091e+04 9.429933533870132889e-01
1.172006520699999965e+04 9.391471139990991146e-01
1.172202206400000068e+04 9.425805898560181140e-01
1.172399111199999970e+04 9.241179514034694176e-01
1.172597235200000068e+04 8.938429434062781231e-01
1.172796578399999999e+04 9.608890538531733583e-01
1.172997140700000091e+04 9.301369325345270056e-01
1.173198922300000049e+04 9.236326694552082772e-01
1.173401923100000022e+04 9.572402802084163387e-01
1.173606142999999975e+04 9.360333906035116502e-01
1.173811582199999975e+04 9.658181331986784857e-01
1.174018240499999956e+04 9.579767027779734212e-01
1.174226117999999951e+04 9.598782847451691191e-01
1.174435214799999994e+04 9.196582022026756897e-01
1.174645530700000018e+04 9.712342734240781983e-01
1.174857065800000055e+04 9.543599020442122827e-01
1.175069820099999924e+04 9.422254852432740968e-01
1.175283793499999956e+04 9.532349961412577288e-01
1.175498986200000036e+04 9.160317674567010071e-01
1.175715398099999948e+04 9.607858475482974336e-01
1.175933029100000022e+04 9.315229831531025573e-01
1.176151879399999962e+04 9.261801028394910373e-01
1.176371948800000064e+04 9.232347991527154463e-01
1.176593237399999998e+04 9.771214177123620503e-01
1.176815745299999980e+04 9.434924745983699346e-01
1.177039472299999943e+04 9.894353408374226833e-01
1.177264418499999920e+04 9.507314361262830804e-01
1.177490583800000059e+04 9.315172967852731745e-01
1.177717968400000063e+04 9.482033956538659103e-01
1.177946572200000082e+04 1.000272263544830897e+00
1.178176395199999934e+04 9.793981504981493780e-01
1.178407437299999947e+04 9.782469797696726754e-01
1.178639698700000008e+04 1.000470995570958088e+00
1.178873179200000050e+04 1.015815014685995443e+00
1.179107878899999923e+04 1.036311553164132482e+00
1.179343797799999993e+04 1.050236120023595232e+00
1.179580935900000077e+04 1.022069092186831174e+00
1.179819293199999993e+04 1.010268449699243343e+00
1.180058869699999923e+04 1.034933589622803574e+00
1.180299665400000049e+04 1.053911025040447758e+00
1.180541680300000007e+04 1.033735434116005436e+00
1.180784914299999946e+04 1.035753995277834738e+00
1.181029367599999932e+04 1.063637811556366053e+00
1.181275040000000081e+04 1.055220413027945003e+00
1.181521931699999914e+04 1.054442800479558962e+00
1.181770042500000091e+04 1.034401429203351430e+00
1.182019372499999918e+04 1.039244716808951807e+00
1.182269921699999941e+04 1.018396145733933666e+00
1.182521690099999978e+04 1.046196320108892408e+00
1.182774677700000029e+04 1.041336766197726860e+00
1.183028884499999913e+04 9.744489200142945062e-01
1.183284310499999992e+04 9.844498779175573366e-01
1.183540955600000052e+04 9.649857917449783384e-01
1.183798819999999978e+04 9.739117885148121934e-01
1.184057903500000066e+04 9.789285107252324591e-01
1.184318206199999986e+04 9.453223718640438866e-01
1.184579728199999954e+04 9.523403270025224687e-01
1.184842469300000084e+04 9.459993208706836132e-01
1.185106429600000047e+04 9.673925901762037149e-01
1.185371609100000023e+04 9.621168180496617595e-01
1.185638007800000014e+04 9.457776671833091342e-01
1.185905625599999985e+04 9.623365148636470190e-01
1.186174462700000004e+04 9.469090783362418273e-01
1.186444519000000037e+04 9.529975042846631217e-01
1.186715794400000050e+04 9.909945236658068701e-01
1.186988289099999929e+04 9.853790602424959966e-01
1.187262002899999970e+04 9.335088384327964173e-01
1.187536935900000026e+04 9.770800759922767531e-01
1.187813088099999914e+04 9.778441400871704658e-01
1.188090459499999997e+04 9.401232281543026037e-01
1.188369050099999913e+04 9.807714283054850268e-01
1.188648859900000025e+04 9.962136188118914104e-01
1.188929888899999969e+04 9.446960706482901982e-01
1.189212137099999927e+04 9.490321125317783268e-01
1.189495604400000047e+04 9.891289769350481986e-01
1.189780291000000034e+04 9.749827759764265744e-01
1.190066196700000000e+04 9.809946231099295755e-01
1.190353321700000015e+04 9.764551120163293962e-01
1.190641665800000010e+04 9.776276845895708334e-01
1.190931229100000019e+04 9.419089742848567592e-01
1.191222011600000042e+04 9.887937610353704221e-01
1.191514013300000079e+04 9.909230111628091198e-01
1.191807234199999948e+04 9.628157376940521539e-01
1.192101674300000013e+04 9.666358288974684632e-01
1.192397333500000059e+04 9.364613878659953095e-01
1.192694211999999970e+04 9.773714095948431435e-01
1.192992309600000044e+04 9.787091347721286194e-01
1.193291626499999984e+04 9.665085805005056985e-01
1.193592162500000086e+04 9.908095223719715072e-01
1.193893917700000020e+04 9.627040712846017811e-01
1.194196892099999968e+04 9.810740124750187974e-01
1.194501085799999964e+04 9.495686839107252419e-01
1.194806498500000089e+04 9.702167123829023021e-01
1.195113130500000079e+04 9.681613913635981339e-01
1.195420981700000084e+04 9.761909434155405796e-01
1.195730052099999921e+04 9.649474641382079776e-01
1.196040341599999920e+04 9.710417823731957165e-01
1.196351850399999967e+04 9.916769325518831613e-01
1.196664578299999994e+04 9.677146260800016941e-01
1.196978525500000069e+04 9.450265370509307594e-01
1.197293691799999942e+04 1.013542881549083230e+00
1.197610077300000012e+04 1.006737970264668602e+00
1.197927681999999913e+04 9.541527320109842725e-01
1.198246505900000011e+04 9.936572552472943132e-01
1.198566548999999941e+04 9.715104770954186009e-01
1.198887811200000033e+04 9.869066816031719647e-01
1.199210292699999991e+04 9.878410272422782912e-01
1.199533993399999963e+04 9.776180278578540106e-01
1.199858913199999915e+04 9.669184137279929203e-01
1.200185052299999916e+04 9.686962757625884324e-01
1.200512410500000078e+04 9.646130233986526248e-01
1.200840987900000073e+04 9.655145893318266559e-01
1.201170784500000082e+04 9.801421145030062565e-01
1.201501800299999923e+04 9.674040302479830489e-01
1.201834035299999960e+04 9.945287079211113657e-01
1.202167489500000011e+04 1.010999599966185603e+00
1.202502162900000076e+04 9.701638447401375043e-01
1.202838055399999939e+04 9.869405386612262188e-01
1.203175167200000033e+04 9.921275806136561348e-01
1.203513498199999958e+04 9.920290026378478787e-01
1.203853048300000046e+04 9.842648547043021390e-01
1.204193817599999966e+04 9.987884926453316492e-01
1.204535806100000082e+04 9.945771164222593219e-01
1.204879013900000064e+04 9.606193801303025692e-01
1.205223440800000026e+04 1.004035100974198125e+00
1.205569086799999968e+04 1.005285814474048633e+00
1.205915952099999959e+04 9.738308846328198598e-01
1.206264036599999963e+04 9.913415076005062110e-01
1.206613340299999982e+04 1.003786865887943414e+00
1.206963863099999980e+04 9.866225598580078415e-01
1.207315605200000027e+04 1.013462084022162202e+00
1.207668566400000054e+04 1.040192377006343927e+00
1.208022746799999913e+04 9.777902395953699255e-01
1.208378146500000003e+04 9.662486019029020712e-01
1.208734765300000072e+04 9.999008981902015591e-01
1.209092603299999973e+04 1.009547541904773471e+00
1.209451660500000071e+04 9.902622443057776946e-01
1.209811936900000001e+04 1.024186179837843325e+00
1.210173432399999911e+04 9.686459192832664877e-01
1.210536147200000050e+04 1.009130270004245267e+00
1.210900081099999989e+04 9.834558639873255403e-01
1.211265234299999975e+04 1.029895751705503626e+00
1.211631606599999941e+04 1.036345061830172831e+00
1.211999198199999955e+04 9.809181259388594087e-01
1.212368008899999950e+04 9.851437049725735307e-01
1.212738038799999958e+04 1.013185270637947388e+00
1.213109287899999981e+04 9.886654806861612244e-01
1.213481756200000018e+04 9.960839188801449140e-01
1.213855443700000069e+04 9.985709562749818247e-01
1.214230350299999918e+04 9.600895115564264115e-01
1.214606476199999997e+04 9.974960078052287349e-01
1.214983821300000091e+04 9.847650372669701779e-01
1.215362385499999982e+04 9.902062027273699218e-01
1.215742168900000070e+04 1.029799364895398028e+00
1.216123171600000023e+04 9.766722079437929471e-01
1.216505393399999957e+04 1.018212590551624386e+00
1.216888834400000087e+04 9.975114984974527976e-01
1.217273494600000049e+04 9.984873858885880971e-01
1.217659374000000025e+04 1.021498541732621890e+00
1.218046472600000016e+04 1.013238272608158574e+00
1.218434790299999986e+04 1.018290139012535844e+00
1.218824327300000004e+04 1.026669876621733035e+00
1.219215083500000037e+04 1.001123308359961106e+00
1.219607058800000050e+04 9.964594860466781112e-01
1.220000253300000077e+04 9.877419332846728572e-01
1.220394667099999970e+04 9.928360753632476943e-01
1.220790300000000025e+04 1.068383392588251990e+00
1.221187152099999912e+04 1.035394557947047600e+00
1.221585223399999995e+04 9.832669579701019957e-01
1.221984513899999911e+04 9.839037667054737479e-01
1.222385023600000022e+04 1.020399019501679660e+00
1.222786752399999932e+04 1.022648420939362701e+00
1.223189700500000072e+04 1.022195824457633906e+00
1.223593867800000044e+04 1.006381548499977630e+00
1.223999254199999996e+04 1.009800121886486268e+00
1.224405859799999962e+04 1.018752399022310851e+00
1.224813684699999976e+04 1.014754546704208282e+00
1.225222728699999971e+04 9.689586218365771053e-01
1.225632991899999979e+04 1.009525975903219575e+00
1.226044474300000002e+04 9.971089520481466462e-01
1.226457175900000038e+04 1.018067471277810165e+00
1.226871096700000089e+04 1.074829424534042621e+00
1.227286236599999938e+04 1.023386917055790990e+00
1.227702595800000017e+04 1.009906130223099607e+00
1.228120174199999929e+04 1.035751246850802554e+00
1.228538971700000002e+04 1.027790837266500112e+00
1.228958988400000089e+04 1.027640647232535009e+00
1.229380224400000043e+04 1.032447900370567329e+00
1.229802679499999977e+04 1.062869119608462753e+00
1.230226353799999924e+04 9.989963169245226204e-01
1.230651247300000068e+04 1.031902382986085609e+00
1.231077360000000044e+04 1.004872705326161686e+00
1.231504691900000034e+04 1.035073515278964296e+00
1.231933242900000005e+04 1.005728268885652366e+00
1.232363013200000023e+04 1.016486918667420358e+00
1.232794002600000022e+04 1.019318234617886398e+00
1.233226211300000068e+04 1.045521183956672262e+00
1.233659639099999913e+04 1.044186997973071573e+00
1.234094286099999954e+04 1.001656066889450081e+00
1.234530152400000043e+04 1.027869645175173652e+00
1.234967237799999930e+04 1.013374956052477405e+00
1.235405542400000013e+04 1.002436684119836663e+00
1.235845066199999928e+04 1.022905635013024783e+00
1.236285809100000006e+04 1.022365277973757314e+00
1.236727771299999949e+04 1.077492616252301305e+00
1.237170952700000089e+04 1.038110326506325176e+00
1.237615353200000027e+04 1.002654247626996176e+00
1.238060973000000013e+04 1.019232244907535501e+00
1.238507811899999979e+04 1.051300130134348088e+00
1.238955869999999959e+04 1.073609980323767976e+00
1.239405147299999953e+04 9.998548892318126491e-01
1.239855643799999962e+04 9.948853623892013331e-01
1.240307359499999984e+04 1.070526139003037835e+00
1.240760294400000021e+04 1.041279946940079082e+00
1.241214448500000071e+04 1.016949308256643425e+00
1.241669821799999954e+04 1.045254041875733897e+00
1.242126414199999999e+04 9.838760710038958468e-01
1.242584225899999910e+04 1.038143898668254517e+00
1.243043256699999984e+04 1.044687121699049204e+00
1.243503506799999923e+04 1.057355893887720777e+00
1.243964976000000024e+04 1.019045144214745235e+00
1.244427664399999958e+04 1.041774142994658536e+00
1.244891572000000087e+04 1.022301285681101346e+00
1.245356698800000049e+04 1.046462118778845873e+00
1.245823044800000025e+04 1.024110767503258135e+00
1.246290610000000015e+04 1.034050823971131461e+00
1.246759394299999985e+04 1.022908024190447795e+00
1.247229397900000004e+04 1.056422144660918105e+00
1.247700620600000002e+04 1.060968734466612773e+00
1.248173062600000048e+04 1.039948809715299349e+00
1.248646723700000075e+04 1.045738991591504519e+00
1.249121603999999934e+04 1.016762140495837352e+00
1.249597703600000023e+04 1.040746139613502041e+00
1.250075022299999910e+04 1.046320963009352845e+00
1.250553560199999993e+04 1.098382180992537593e+00
1.251033317200000056e+04 1.024213099176416231e+00
1.251514293499999985e+04 1.076811231322408302e+00
1.251996488999999929e+04 1.067804643477736404e+00
1.252479903700000068e+04 1.054217294636637048e+00
1.252964537500000006e+04 1.084427715126673242e+00
