1.138059698199999912e+04 -1.645782198992412848e+00
1.138559698199999912e+04 -1.628281777550082188e+00
1.139059698199999912e+04 -1.542250948670791821e+00
1.139559698199999912e+04 -1.495132356742548518e+00
1.140059698199999912e+04 -1.431446734192212356e+00
1.140559698199999912e+04 -1.364871672923199553e+00
1.141059698199999912e+04 -1.324410088606603253e+00
1.141559698199999912e+04 -1.293366742117548540e+00
1.142059698199999912e+04 -1.254294626251359679e+00
1.142559698199999912e+04 -1.152480908894701672e+00
1.143059698199999912e+04 -1.136750870783921119e+00
1.143559698199999912e+04 -1.086755431674497174e+00
1.144059698199999912e+04 -1.036635123507659406e+00
1.144559698199999912e+04 -9.830066636460329521e-01
1.145059698199999912e+04 -9.372023084251006608e-01
1.145559698199999912e+04 -8.924356012422567375e-01
1.146059698199999912e+04 -8.413560245127869042e-01
1.146559698199999912e+04 -7.835703067945348765e-01
1.147059698199999912e+04 -7.399278281886754183e-01
1.147559698199999912e+04 -6.914669272729092597e-01
1.148059698199999912e+04 -6.294325149091811733e-01
1.148559698199999912e+04 -5.834971597951843503e-01
1.149059698199999912e+04 -5.081789231352267233e-01
1.149559698199999912e+04 -5.146606420957027250e-01
1.150059698199999912e+04 -4.117011401642164392e-01
1.150559698199999912e+04 -3.581870461800134020e-01
1.151059698199999912e+04 -3.526961080323116615e-01
1.151559698199999912e+04 -2.771564455600690202e-01
1.152059698199999912e+04 -2.254617275734872028e-01
1.152559698199999912e+04 -1.871924143825667020e-01
1.153059698199999912e+04 -1.253142141422293188e-01
1.153400000000000000e+04 -9.311765278956982139e-02
1.153500000000000000e+04 -4.254157820453602357e-02
1.153600000000000000e+04 -4.264584543905677871e-02
1.153700000000000000e+04 -2.706434850575978324e-02
1.153800000000000000e+04 -2.342263636857500053e-02
1.153900000000000000e+04 -3.787773079533973686e-02
1.154000000000000000e+04 -1.839008948692558154e-02
1.154100000000000000e+04 7.029454735372836494e-03
1.154120000000000073e+04 -1.427826388313244155e-02
1.154139999999999964e+04 1.432334797734077791e-02
1.154160000000000036e+04 4.104798042955853932e-03
1.154179999999999927e+04 5.577938967700729611e-03
1.154200000000000000e+04 2.148232822704784772e-02
1.154220000000000073e+04 2.014817452596895375e-02
1.154239999999999964e+04 1.280298019400119558e-02
1.154260000000000036e+04 3.542147437331957804e-02
1.154279999999999927e+04 6.268611184623490429e-03
1.154300000000000000e+04 3.207647580287242839e-02
1.154320000000000073e+04 3.451951094531577335e-02
1.154339999999999964e+04 2.437705592701369661e-02
1.154360000000000036e+04 3.599528105980048798e-02
1.154379999999999927e+04 1.637122745179597771e-02
1.154400000000000000e+04 4.892619048709678786e-02
1.154420000000000073e+04 3.441030081761564663e-02
1.154439999999999964e+04 3.340680188550151919e-02
1.154460000000000036e+04 5.754197125258983525e-02
1.154479999999999927e+04 3.554763495104193427e-02
1.154500000000000000e+04 2.787305330542344528e-02
1.154520000000000073e+04 2.861877678956378790e-02
1.154539999999999964e+04 6.122004282608597969e-02
1.154560000000000036e+04 3.758990998670996841e-02
1.154579999999999927e+04 8.183447398109611193e-02
1.154600000000000000e+04 3.149007333419340249e-02
1.154620000000000073e+04 8.632448716617752149e-02
1.154639999999999964e+04 6.833963435497864003e-02
1.154660000000000036e+04 6.658344520971207214e-02
1.154679999999999927e+04 6.296757709865744013e-02
1.154700000000000000e+04 7.795356809068026971e-02
1.154720000000000073e+04 7.382450942727808441e-02
1.154739999999999964e+04 9.363531902609062429e-02
1.154760000000000036e+04 8.285784052810651890e-02
1.154779999999999927e+04 8.498455316175956842e-02
1.154800000000000000e+04 8.081845092469217007e-02
1.154820000000000073e+04 8.807403991076687144e-02
1.154839999999999964e+04 9.524635774685796807e-02
1.154860000000000036e+04 7.035747542603032478e-02
1.154879999999999927e+04 7.811137328207928832e-02
1.154900000000000000e+04 1.097260583445443249e-01
1.154920000000000073e+04 1.036185602158505581e-01
1.154939999999999964e+04 1.017469309663523447e-01
1.154960000000000036e+04 1.074208303606677961e-01
1.154979999999999927e+04 1.155643278877182545e-01
1.155000000000000000e+04 1.058983356452720681e-01
1.155020000000000073e+04 1.047143500430381124e-01
1.155039999999999964e+04 1.208487475492142360e-01
1.155060000000000036e+04 1.082227440947703401e-01
1.155079999999999927e+04 1.294804547709224041e-01
1.155100000000000000e+04 1.039242702207517910e-01
1.155120000000000073e+04 1.445020157442870601e-01
1.155139999999999964e+04 1.397214612620845953e-01
1.155160000000000036e+04 1.404663628818600685e-01
1.155179999999999927e+04 1.530704347157666456e-01
1.155200000000000000e+04 1.661815412978762674e-01
1.155220000000000073e+04 1.598751960476343381e-01
1.155239999999999964e+04 1.225520984598287150e-01
1.155260000000000036e+04 1.332633123172177747e-01
1.155279999999999927e+04 1.469133380867183036e-01
1.155300000000000000e+04 1.607634824535268403e-01
1.155320000000000073e+04 1.691558159278313545e-01
1.155339999999999964e+04 1.551796467294184190e-01
1.155360000000000036e+04 1.727510339555576313e-01
1.155379999999999927e+04 1.623542310474642980e-01
1.155400000000000000e+04 1.680695013505067170e-01
1.155420000000000073e+04 1.616321078290179625e-01
1.155439999999999964e+04 1.703616142105889852e-01
1.155460000000000036e+04 1.672065172691032942e-01
1.155479999999999927e+04 1.781608863825343003e-01
1.155500000000000000e+04 2.106614672245791520e-01
1.155520000000000073e+04 1.862736774290937591e-01
1.155539999999999964e+04 2.390843377873277387e-01
1.155560000000000036e+04 2.144166516947956791e-01
1.155579999999999927e+04 2.141663262749394225e-01
1.155600000000000000e+04 2.045446392412687553e-01
1.155620000000000073e+04 2.302503949417039619e-01
1.155639999999999964e+04 2.169021262439732589e-01
1.155660000000000036e+04 2.312672269238220113e-01
1.155679999999999927e+04 2.701694762108983738e-01
1.155700000000000000e+04 2.387969542893529362e-01
1.155720000000000073e+04 2.615327083139261100e-01
1.155739999999999964e+04 2.414131809792065819e-01
1.155760000000000036e+04 2.571453059420814036e-01
1.155779999999999927e+04 2.864313944099877163e-01
1.155800000000000000e+04 2.586884696604653255e-01
1.155820000000000073e+04 2.986917782525417286e-01
1.155839999999999964e+04 2.901415074273325789e-01
1.155860000000000036e+04 2.787521441333133398e-01
1.155879999999999927e+04 3.026077548449740973e-01
1.155900000000000000e+04 3.150336326046185298e-01
1.155920000000000073e+04 3.171988891593805482e-01
1.155939999999999964e+04 2.965996605293173549e-01
1.155960000000000036e+04 3.156526140578127526e-01
1.155979999999999927e+04 3.320067247499275398e-01
1.156000000000000000e+04 3.435321787046732855e-01
1.156020000000000073e+04 3.628055038639986241e-01
1.156039999999999964e+04 3.676051401914331995e-01
1.156060000000000036e+04 3.574542573069246498e-01
1.156079999999999927e+04 3.932110054436493973e-01
1.156100000000000000e+04 4.093206547019256902e-01
1.156120000000000073e+04 4.206272439732828827e-01
1.156139999999999964e+04 4.430805557488397550e-01
1.156160000000000036e+04 4.542504262100329759e-01
1.156179999999999927e+04 4.663842381385269187e-01
1.156200000000000000e+04 4.767840368297771025e-01
1.156220000000000073e+04 4.743250386039211675e-01
1.156239999999999964e+04 5.223549468767901827e-01
1.156260000000000036e+04 5.397179205192768059e-01
1.156279999999999927e+04 5.639272382876576728e-01
1.156300000000000000e+04 5.673323030497106068e-01
1.156320000000000073e+04 5.942272482608403905e-01
1.156339999999999964e+04 6.504258428124143343e-01
1.156360000000000036e+04 6.641721540684843994e-01
1.156379999999999927e+04 7.037073843039467480e-01
1.156400000000000000e+04 7.249944363719406093e-01
1.156420000000000073e+04 7.564576603750839956e-01
1.156439999999999964e+04 8.004286728845019239e-01
1.156460000000000036e+04 8.113586428911705450e-01
1.156479999999999927e+04 8.530622615750105275e-01
1.156500000000000000e+04 8.755728933714633788e-01
1.156520000000000073e+04 9.056180646857744376e-01
1.156539999999999964e+04 9.372276852087755294e-01
1.156560000000000036e+04 9.710469272983255351e-01
1.156579999999999927e+04 9.876278013613208895e-01
1.156600000000000000e+04 1.037338963374327294e+00
1.156620000000000073e+04 1.029260830934181969e+00
1.156639999999999964e+04 1.057906669754928197e+00
1.156660000000000036e+04 1.072532631901642164e+00
1.156679999999999927e+04 1.114968840027134700e+00
1.156700000000000000e+04 1.111727106618835004e+00
1.156720000000000073e+04 1.135860562627790893e+00
1.156739999999999964e+04 1.110809736319408270e+00
1.156760000000000036e+04 1.141944871556945129e+00
1.156779999999999927e+04 1.158394621599984298e+00
1.156800000000000000e+04 1.151606299347602835e+00
1.156820000000000073e+04 1.168408271205986004e+00
1.156839999999999964e+04 1.149609619081964684e+00
1.156860000000000036e+04 1.175866766541761921e+00
1.156879999999999927e+04 1.187471539852029911e+00
1.156900000000000000e+04 1.149021054058407598e+00
1.156920000000000073e+04 1.146894192617831099e+00
1.156939999999999964e+04 1.170639828068355870e+00
1.156960000000000036e+04 1.167602211189772810e+00
1.156979999999999927e+04 1.133313178859601589e+00
1.157000000000000000e+04 1.128949625123690792e+00
1.157020000000000073e+04 1.125648670042641575e+00
1.157039999999999964e+04 1.105414772974837589e+00
1.157060000000000036e+04 1.104586111477614985e+00
1.157079999999999927e+04 1.096830256540820336e+00
1.157100000000000000e+04 1.093389639162072990e+00
1.157120000000000073e+04 1.097308075824410256e+00
1.157139999999999964e+04 1.094384640302442646e+00
1.157160000000000036e+04 1.106378430972433380e+00
1.157179999999999927e+04 1.066076350584539645e+00
1.157200000000000000e+04 1.088176836320704499e+00
1.157220000000000073e+04 1.066050514298543472e+00
1.157239999999999964e+04 1.063038784324588537e+00
1.157260000000000036e+04 1.067915381095264404e+00
1.157279999999999927e+04 1.038961542896152501e+00
1.157300000000000000e+04 1.056354246511361561e+00
1.157320000000000073e+04 1.049285088261800780e+00
1.157339999999999964e+04 1.050206453548753416e+00
1.157360000000000036e+04 1.045074593304213373e+00
1.157379999999999927e+04 1.071953924785981282e+00
1.157400000000000000e+04 1.026294049896730121e+00
1.157420000000000073e+04 1.026256264246203642e+00
1.157439999999999964e+04 1.023004256233424281e+00
1.157460000000000036e+04 1.022013198763980446e+00
1.157479999999999927e+04 1.019666776150932597e+00
1.157500000000000000e+04 1.043967688943975514e+00
1.157520000000000073e+04 1.046313875100578938e+00
1.157539999999999964e+04 1.018638615698335581e+00
1.157560000000000036e+04 1.014535326662231896e+00
1.157579999999999927e+04 1.032226390386145942e+00
1.157600000000000000e+04 1.018259525166836266e+00
1.157620000000000073e+04 1.035148673191148339e+00
1.157639999999999964e+04 1.030749913156407294e+00
1.157660000000000036e+04 1.006834036412968647e+00
1.157679999999999927e+04 1.050717340014784673e+00
1.157700000000000000e+04 1.055149106717160112e+00
1.157720000000000073e+04 1.022907970362268992e+00
1.157739999999999964e+04 1.028226978831535687e+00
1.157760000000000036e+04 1.039354730916685954e+00
1.157779999999999927e+04 1.041976877675341973e+00
1.157800000000000000e+04 1.048590286198634480e+00
1.157820000000000073e+04 1.069423675817931629e+00
1.157839999999999964e+04 1.040976319868921696e+00
1.157860000000000036e+04 1.035476483335135756e+00
1.157879999999999927e+04 1.030001736064496409e+00
1.157900000000000000e+04 1.041355142957161473e+00
1.157920000000000073e+04 1.053634543089434716e+00
1.157939999999999964e+04 1.081274085716408706e+00
1.157960000000000036e+04 1.051479013722313116e+00
1.157979999999999927e+04 1.063628612822735686e+00
1.158000000000000000e+04 1.064220062685951484e+00
1.158020000000000073e+04 1.081600091853684997e+00
1.158039999999999964e+04 1.103436353791720004e+00
1.158060000000000036e+04 1.063863661157789187e+00
1.158079999999999927e+04 1.066530413441826530e+00
1.158100000000000000e+04 1.088546924259555793e+00
1.158120000000000073e+04 1.087073470425873989e+00
1.158139999999999964e+04 1.104134143256179090e+00
1.158160000000000036e+04 1.087922461561517062e+00
1.158179999999999927e+04 1.077210877013882850e+00
1.158200000000000000e+04 1.092310729786522661e+00
1.158220000000000073e+04 1.100332044370424089e+00
1.158239999999999964e+04 1.097700755384300342e+00
1.158260000000000036e+04 1.094549014032206502e+00
1.158279999999999927e+04 1.102429033330544872e+00
1.158300000000000000e+04 1.105389406513685335e+00
1.158320000000000073e+04 1.109713223634296808e+00
1.158339999999999964e+04 1.100279811802989949e+00
1.158360000000000036e+04 1.090386470562960453e+00
1.158379999999999927e+04 1.095462838923611848e+00
1.158400000000000000e+04 1.111969575441511315e+00
1.158420000000000073e+04 1.084696538939392108e+00
1.158439999999999964e+04 1.102667184466421313e+00
1.158460000000000036e+04 1.092416434299495309e+00
1.158479999999999927e+04 1.100089915749114633e+00
1.158500000000000000e+04 1.118352650369460299e+00
1.158520000000000073e+04 1.104249486143642045e+00
1.158539999999999964e+04 1.104685331399352544e+00
1.158560000000000036e+04 1.086470699122290995e+00
1.158579999999999927e+04 1.117107663700697140e+00
1.158600000000000000e+04 1.118398363487699276e+00
1.158620000000000073e+04 1.140530877523036724e+00
1.158639999999999964e+04 1.108454312720478230e+00
1.158660000000000036e+04 1.117850299251318846e+00
1.158679999999999927e+04 1.121008291302985072e+00
1.158700000000000000e+04 1.140219059864936657e+00
1.158720000000000073e+04 1.119901069224436219e+00
1.158739999999999964e+04 1.127824722528796952e+00
1.158760000000000036e+04 1.135210234328709156e+00
1.158779999999999927e+04 1.131763875779444373e+00
1.158800000000000000e+04 1.126391361675729064e+00
1.158820000000000073e+04 1.137991563988817845e+00
1.158839999999999964e+04 1.151759006829573329e+00
1.158860000000000036e+04 1.125680556835779722e+00
1.158879999999999927e+04 1.144507495127587093e+00
1.158900000000000000e+04 1.138988988532410485e+00
1.158920000000000073e+04 1.166251383674585584e+00
1.158939999999999964e+04 1.132217926465204139e+00
1.158960000000000036e+04 1.148168204473124066e+00
1.158979999999999927e+04 1.165721935915599250e+00
1.159000000000000000e+04 1.184325106205734279e+00
1.159020000000000073e+04 1.164824625639526934e+00
1.159039999999999964e+04 1.162781850796116512e+00
1.159060000000000036e+04 1.199565955753872259e+00
1.159079999999999927e+04 1.156897702297593256e+00
1.159100000000000000e+04 1.149727247847383893e+00
1.159120000000000073e+04 1.189451699984625854e+00
1.159139999999999964e+04 1.180157892918200835e+00
1.159160000000000036e+04 1.177679003159759485e+00
1.159179999999999927e+04 1.204978750795961062e+00
1.159200000000000000e+04 1.202983826563553071e+00
1.159220000000000073e+04 1.195811120845710729e+00
1.159239999999999964e+04 1.189418371931346918e+00
1.159260000000000036e+04 1.223635667691338913e+00
1.159279999999999927e+04 1.222427240602900644e+00
1.159300000000000000e+04 1.215837336845027483e+00
1.159320000000000073e+04 1.247298812970036641e+00
1.159339999999999964e+04 1.210679776603909685e+00
1.159360000000000036e+04 1.206066105389724363e+00
1.159379999999999927e+04 1.221300605303354825e+00
1.159400000000000000e+04 1.232453815778980166e+00
1.159420000000000073e+04 1.238979465201449637e+00
1.159439999999999964e+04 1.236193395382042093e+00
1.159460000000000036e+04 1.246275613347093580e+00
1.159479999999999927e+04 1.224580161480338658e+00
1.159500000000000000e+04 1.265247501979911648e+00
1.159520000000000073e+04 1.245587995830473416e+00
1.159539999999999964e+04 1.264481313114424799e+00
1.159560000000000036e+04 1.255809286855601226e+00
1.159579999999999927e+04 1.259850247386021582e+00
1.159600000000000000e+04 1.262963596909227659e+00
1.159620000000000073e+04 1.261313638834960837e+00
1.159639999999999964e+04 1.265469950514755970e+00
1.159660000000000036e+04 1.276448952501117340e+00
1.159679999999999927e+04 1.262805461797495976e+00
1.159700000000000000e+04 1.270430880198760271e+00
1.159770000000000073e+04 1.262268907671681983e+00
1.159839999999999964e+04 1.286757945950752768e+00
1.159910000000000036e+04 1.260513180843350733e+00
1.159979999999999927e+04 1.297917098040658024e+00
1.160050000000000000e+04 1.275965611983430392e+00
1.160120000000000073e+04 1.260875286322787225e+00
1.160189999999999964e+04 1.286929337991164157e+00
1.160260000000000036e+04 1.280871357815193345e+00
1.160329999999999927e+04 1.307171716836505126e+00
1.160499369499999921e+04 1.299313208346876802e+00
1.160599958300000071e+04 1.311304763996332223e+00
1.160701766200000020e+04 1.301060402659904192e+00
1.160804793299999983e+04 1.332164469001571261e+00
1.160909039599999960e+04 1.317708646416203111e+00
1.161014505099999951e+04 1.345474075338099818e+00
1.161121189799999956e+04 1.396770122695108363e+00
1.161229093699999976e+04 1.420260129907238822e+00
1.161338216699999975e+04 1.442759393434606352e+00
1.161448559000000023e+04 1.457445505578279565e+00
1.161560120400000051e+04 1.512127083607668343e+00
1.161672901099999945e+04 1.563690555363588031e+00
1.161786900900000001e+04 1.606652723537390415e+00
1.161902119900000071e+04 1.710308129856379145e+00
1.162018558200000007e+04 1.771541884739249451e+00
1.162136215599999923e+04 1.825178594251975372e+00
1.162255092200000036e+04 1.887208098735124517e+00
1.162375187899999946e+04 1.933736786978914157e+00
1.162496502900000087e+04 1.925434130799862142e+00
1.162619037100000060e+04 1.947703867683495016e+00
1.162742790400000013e+04 1.917818922518431002e+00
1.162867763000000014e+04 1.872081761730354010e+00
1.162993954699999995e+04 1.833280982046363139e+00
1.163121365700000024e+04 1.811644968091650432e+00
1.163249995800000033e+04 1.751028664625975395e+00
1.163379845100000057e+04 1.700824669250905918e+00
1.163510913599999913e+04 1.694485548042436784e+00
1.163643201299999964e+04 1.693826168422394751e+00
1.163776708200000030e+04 1.684133057804892974e+00
1.163911434200000076e+04 1.675550061250630662e+00
1.164047379499999988e+04 1.673058876078913570e+00
1.164184543999999914e+04 1.700747721413107261e+00
1.164322927600000003e+04 1.706640966365926992e+00
1.164462530499999957e+04 1.725405910556824018e+00
1.164603352500000074e+04 1.735214292446379591e+00
1.164745393700000022e+04 1.753308199193856165e+00
1.164888654099999985e+04 1.745286810527500343e+00
1.165033133699999962e+04 1.785515314248035335e+00
1.165178832499999953e+04 1.786299757241569086e+00
1.165325750499999958e+04 1.828534940870208736e+00
1.165473887699999977e+04 1.806559909247009710e+00
1.165623243999999977e+04 1.858298128785602188e+00
1.165773819600000024e+04 1.854215204666691985e+00
1.165925614300000052e+04 1.860241882122505963e+00
1.166078628299999946e+04 1.880525735054371816e+00
1.166232861400000002e+04 1.900613398043380586e+00
1.166388313700000072e+04 1.927733049580601099e+00
1.166544985199999974e+04 1.946605301480056394e+00
1.166702875900000072e+04 1.948220264793107059e+00
1.166861985800000002e+04 1.972256672167727931e+00
1.167022314899999947e+04 2.019195131306509516e+00
1.167183863200000087e+04 2.029930398168250161e+00
1.167346630700000060e+04 2.028101942944787961e+00
1.167510617300000013e+04 2.039766151705456831e+00
1.167675823200000013e+04 2.058082900464746956e+00
1.167842248199999995e+04 2.082126915013795099e+00
1.168009892399999990e+04 2.076361529121726779e+00
1.168178755799999999e+04 2.104699805323902329e+00
1.168348838500000056e+04 2.103389096309848050e+00
1.168520140299999912e+04 2.150002028513191554e+00
1.168692661299999963e+04 2.171010966801094177e+00
1.168866401399999995e+04 2.172884277176092560e+00
1.169041360800000075e+04 2.218314234426848941e+00
1.169217539399999987e+04 2.197244498277717728e+00
1.169394937100000061e+04 2.210475982857092792e+00
1.169573554100000001e+04 2.250858330978931399e+00
1.169753390199999922e+04 2.278781406259618780e+00
1.169934445500000038e+04 2.304374522350538523e+00
1.170116720100000020e+04 2.290693584099409374e+00
1.170300213799999983e+04 2.329109850602155696e+00
1.170484926699999960e+04 2.331606285160661152e+00
1.170670858799999951e+04 2.347585129729152342e+00
1.170858009999999922e+04 2.381071044440520534e+00
1.171046380499999941e+04 2.396126567916383010e+00
1.171235970199999974e+04 2.385985455252194409e+00
1.171426778999999988e+04 2.448179675955597823e+00
1.171618807100000049e+04 2.468048599294998979e+00
1.171812054300000091e+04 2.461551330321973818e+00
1.172006520699999965e+04 2.496856684184692199e+00
1.172202206400000068e+04 2.519795189458435836e+00
1.172399111199999970e+04 2.538145960231470433e+00
1.172597235200000068e+04 2.548986385370307417e+00
1.172796578399999999e+04 2.569264760344394993e+00
1.172997140700000091e+04 2.599022752264183111e+00
1.173198922300000049e+04 2.636952445453192073e+00
1.173401923100000022e+04 2.650984311275926597e+00
1.173606142999999975e+04 2.659194165901360485e+00
1.173811582199999975e+04 2.696239828770392144e+00
1.174018240499999956e+04 2.667669982147754748e+00
1.174226117999999951e+04 2.744272177623641618e+00
1.174435214799999994e+04 2.725749680548652076e+00
1.174645530700000018e+04 2.765628901404232121e+00
1.174857065800000055e+04 2.778093611282788089e+00
1.175069820099999924e+04 2.796972132993394311e+00
1.175283793499999956e+04 2.852555505104615641e+00
1.175498986200000036e+04 2.851937063358374935e+00
1.175715398099999948e+04 2.884932581926856088e+00
1.175933029100000022e+04 2.899497367194843633e+00
1.176151879399999962e+04 2.928204927535801971e+00
1.176371948800000064e+04 2.943187697698008698e+00
1.176593237399999998e+04 2.945311569148236774e+00
1.176815745299999980e+04 2.997520803722499849e+00
1.177039472299999943e+04 2.998579534130334068e+00
1.177264418499999920e+04 3.005118917545050117e+00
1.177490583800000059e+04 3.043082464572650636e+00
1.177717968400000063e+04 3.092320006431783952e+00
1.177946572200000082e+04 3.105530079763552997e+00
1.178176395199999934e+04 3.112689689223615552e+00
1.178407437299999947e+04 3.135881807408147370e+00
1.178639698700000008e+04 3.160643495736452202e+00
1.178873179200000050e+04 3.218675075894329218e+00
1.179107878899999923e+04 3.219837375461104934e+00
1.179343797799999993e+04 3.244641486741497438e+00
1.179580935900000077e+04 3.278397646020782652e+00
1.179819293199999993e+04 3.293240484799721202e+00
1.180058869699999923e+04 3.312106900706369927e+00
1.180299665400000049e+04 3.339096018957548040e+00
1.180541680300000007e+04 3.367179367122672851e+00
1.180784914299999946e+04 3.393137206778717996e+00
1.181029367599999932e+04 3.430792787943505395e+00
1.181275040000000081e+04 3.447644913108569575e+00
1.181521931699999914e+04 3.482960592031013380e+00
1.181770042500000091e+04 3.497139471945664990e+00
1.182019372499999918e+04 3.524470149966164367e+00
1.182269921699999941e+04 3.520513802411766591e+00
1.182521690099999978e+04 3.584881983179836862e+00
1.182774677700000029e+04 3.602130734642911669e+00
1.183028884499999913e+04 3.634971518899740683e+00
1.183284310499999992e+04 3.605697856624081155e+00
1.183540955600000052e+04 3.699381455308043520e+00
1.183798819999999978e+04 3.692844173831214327e+00
1.184057903500000066e+04 3.735624033428491586e+00
1.184318206199999986e+04 3.730802032654751521e+00
1.184579728199999954e+04 3.780772029722116123e+00
1.184842469300000084e+04 3.783007876280740867e+00
1.185106429600000047e+04 3.815598986295061223e+00
1.185371609100000023e+04 3.877226331948846472e+00
1.185638007800000014e+04 3.876127240021369769e+00
1.185905625599999985e+04 3.908618803615296677e+00
1.186174462700000004e+04 3.944704668198885766e+00
1.186444519000000037e+04 3.967932943553106995e+00
1.186715794400000050e+04 3.989962573782281474e+00
1.186988289099999929e+04 4.021643905220796178e+00
1.187262002899999970e+04 4.078472450624341050e+00
1.187536935900000026e+04 4.073047239971476330e+00
1.187813088099999914e+04 4.105503817110925269e+00
1.188090459499999997e+04 4.146564268727595426e+00
1.188369050099999913e+04 4.176541924014885332e+00
1.188648859900000025e+04 4.206742517902505085e+00
1.188929888899999969e+04 4.228959993429100450e+00
1.189212137099999927e+04 4.232746656659734263e+00
1.189495604400000047e+04 4.300958396716592524e+00
1.189780291000000034e+04 4.291696323820589853e+00
1.190066196700000000e+04 4.340775422861192112e+00
1.190353321700000015e+04 4.354524596552264093e+00
1.190641665800000010e+04 4.393091236229327734e+00
1.190931229100000019e+04 4.426115787633846388e+00
1.191222011600000042e+04 4.454500570231549439e+00
1.191514013300000079e+04 4.484777830293005252e+00
1.191807234199999948e+04 4.530483513151636998e+00
1.192101674300000013e+04 4.543956110006094562e+00
1.192397333500000059e+04 4.563434305380759781e+00
1.192694211999999970e+04 4.609864101518951429e+00
1.192992309600000044e+04 4.642978023999595472e+00
1.193291626499999984e+04 4.639907612171979778e+00
1.193592162500000086e+04 4.695815163323256769e+00
1.193893917700000020e+04 4.728491524232309118e+00
1.194196892099999968e+04 4.745348620459941991e+00
1.194501085799999964e+04 4.799129771810612510e+00
1.194806498500000089e+04 4.809258715777554372e+00
1.195113130500000079e+04 4.844701279041287556e+00
1.195420981700000084e+04 4.871385195409123625e+00
1.195730052099999921e+04 4.905559046866379447e+00
1.196040341599999920e+04 4.922517456638397348e+00
1.196351850399999967e+04 4.950390376885727584e+00
1.196664578299999994e+04 5.024998221370651663e+00
1.196978525500000069e+04 5.023276716380413731e+00
1.197293691799999942e+04 5.054185504903522030e+00
1.197610077300000012e+04 5.070283271961899985e+00
1.197927681999999913e+04 5.123913926749763093e+00
1.198246505900000011e+04 5.146183431047997026e+00
1.198566548999999941e+04 5.220973564114657073e+00
1.198887811200000033e+04 5.244408194600922890e+00
1.199210292699999991e+04 5.253452090271036212e+00
1.199533993399999963e+04 5.326911062489551263e+00
1.199858913199999915e+04 5.342086553796391080e+00
1.200185052299999916e+04 5.356512070570409456e+00
1.200512410500000078e+04 5.359550819832498370e+00
1.200840987900000073e+04 5.457988839883889831e+00
1.201170784500000082e+04 5.439312812605418657e+00
1.201501800299999923e+04 5.469103691770052400e+00
1.201834035299999960e+04 5.538458020379382063e+00
1.202167489500000011e+04 5.591804274039613887e+00
1.202502162900000076e+04 5.611159095249897533e+00
1.202838055399999939e+04 5.633770458948331061e+00
1.203175167200000033e+04 5.667890402417734563e+00
1.203513498199999958e+04 5.705762107376005865e+00
1.203853048300000046e+04 5.738564874744016109e+00
1.204193817599999966e+04 5.767212266840849644e+00
1.204535806100000082e+04 5.799956363016417704e+00
1.204879013900000064e+04 5.832406845241341564e+00
1.205223440800000026e+04 5.858550536202807635e+00
1.205569086799999968e+04 5.900560168705916375e+00
1.205915952099999959e+04 5.917237372806768647e+00
1.206264036599999963e+04 5.975624000910734424e+00
1.206613340299999982e+04 5.997758246245534330e+00
1.206963863099999980e+04 6.031905876303156333e+00
1.207315605200000027e+04 6.086055320036060756e+00
1.207668566400000054e+04 6.139056547849072842e+00
1.208022746799999913e+04 6.168507117954611374e+00
1.208378146500000003e+04 6.169926224325712916e+00
1.208734765300000072e+04 6.213590619351459843e+00
1.209092603299999973e+04 6.277410188208335740e+00
1.209451660500000071e+04 6.286434113638804000e+00
1.209811936900000001e+04 6.333202559692949762e+00
1.210173432399999911e+04 6.380381768603815118e+00
1.210536147200000050e+04 6.395471047511736451e+00
1.210900081099999989e+04 6.447041076371018420e+00
1.211265234299999975e+04 6.463549860855806628e+00
1.211631606599999941e+04 6.511323989206598384e+00
1.211999198199999955e+04 6.560601378204710343e+00
1.212368008899999950e+04 6.570866195303003643e+00
1.212738038799999958e+04 6.635899787211345213e+00
1.213109287899999981e+04 6.667064819061296888e+00
1.213481756200000018e+04 6.712822030930589712e+00
1.213855443700000069e+04 6.746709693402363150e+00
1.214230350299999918e+04 6.800416983633281731e+00
1.214606476199999997e+04 6.820155259274960358e+00
1.214983821300000091e+04 6.850992682528008082e+00
1.215362385499999982e+04 6.898001534689816694e+00
1.215742168900000070e+04 6.942670536387992364e+00
1.216123171600000023e+04 6.974796419598984443e+00
1.216505393399999957e+04 7.013050189386428990e+00
1.216888834400000087e+04 7.042248712951977296e+00
1.217273494600000049e+04 7.082248133722115035e+00
1.217659374000000025e+04 7.112196627936837601e+00
1.218046472600000016e+04 7.195323370487299641e+00
1.218434790299999986e+04 7.193124266013638746e+00
1.218824327300000004e+04 7.240139314673461612e+00
1.219215083500000037e+04 7.279304918321988005e+00
1.219607058800000050e+04 7.341808499459354209e+00
1.220000253300000077e+04 7.365384002608175606e+00
1.220394667099999970e+04 7.426097376933567418e+00
1.220790300000000025e+04 7.439100877371741305e+00
1.221187152099999912e+04 7.493081397744994376e+00
1.221585223399999995e+04 7.517237778563397477e+00
1.221984513899999911e+04 7.598523490879683706e+00
1.222385023600000022e+04 7.592810915297142138e+00
1.222786752399999932e+04 7.654670661410185595e+00
1.223189700500000072e+04 7.698968625096157758e+00
1.223593867800000044e+04 7.736600270890697573e+00
1.223999254199999996e+04 7.769667627759773154e+00
1.224405859799999962e+04 7.810982235679015062e+00
1.224813684699999976e+04 7.855012126409770978e+00
1.225222728699999971e+04 7.893580914440164520e+00
1.225632991899999979e+04 7.950774865172185457e+00
1.226044474300000002e+04 8.009209383923865389e+00
1.226457175900000038e+04 8.012557269196246779e+00
1.226871096700000089e+04 8.043256485830305280e+00
1.227286236599999938e+04 8.103437872765445249e+00
1.227702595800000017e+04 8.182175932657568040e+00
1.228120174199999929e+04 8.178198424811288447e+00
1.228538971700000002e+04 8.254742786947632638e+00
1.228958988400000089e+04 8.298380682723104584e+00
1.229380224400000043e+04 8.310663844999476524e+00
1.229802679499999977e+04 8.369888963899493106e+00
1.230226353799999924e+04 8.426809484256159166e+00
1.230651247300000068e+04 8.442301986412436676e+00
1.231077360000000044e+04 8.488315899136896547e+00
1.231504691900000034e+04 8.526373769310058748e+00
1.231933242900000005e+04 8.563367717377232680e+00
1.232363013200000023e+04 8.612140399377551603e+00
1.232794002600000022e+04 8.647663665246941633e+00
1.233226211300000068e+04 8.709098176372343403e+00
1.233659639099999913e+04 8.741114509799407628e+00
1.234094286099999954e+04 8.799237924849251158e+00
1.234530152400000043e+04 8.818230622294699117e+00
1.234967237799999930e+04 8.888874390922705260e+00
1.235405542400000013e+04 8.939708840985996829e+00
1.235845066199999928e+04 8.944131123100753200e+00
1.236285809100000006e+04 9.022298072115713552e+00
1.236727771299999949e+04 9.078743702432094054e+00
1.237170952700000089e+04 9.089787875986120369e+00
1.237615353200000027e+04 9.174913953043652981e+00
1.238060973000000013e+04 9.202430168849224046e+00
1.238507811899999979e+04 9.231886328273997577e+00
1.238955869999999959e+04 9.286655492810517387e+00
1.239405147299999953e+04 9.339824419145170253e+00
1.239855643799999962e+04 9.379101218670754747e+00
1.240307359499999984e+04 9.431306781091855385e+00
1.240760294400000021e+04 9.456761971680570866e+00
1.241214448500000071e+04 9.518106359779423542e+00
1.241669821799999954e+04 9.541957855628924179e+00
1.242126414199999999e+04 9.607691505462947035e+00
1.242584225899999910e+04 9.643976124498653490e+00
1.243043256699999984e+04 9.692266240745922801e+00
1.243503506799999923e+04 9.766346166727052136e+00
1.243964976000000024e+04 9.810939815619864390e+00
1.244427664399999958e+04 9.851265918525260901e+00
1.244891572000000087e+04 9.874833935081559488e+00
1.245356698800000049e+04 9.932640759847510381e+00
1.245823044800000025e+04 1.000112858727570142e+01
1.246290610000000015e+04 1.003323720530926266e+01
1.246759394299999985e+04 1.011089605521227419e+01
1.247229397900000004e+04 1.013178828633093254e+01
1.247700620600000002e+04 1.017652244557348595e+01
1.248173062600000048e+04 1.021766494141209058e+01
1.248646723700000075e+04 1.027149669475705629e+01
1.249121603999999934e+04 1.031578203184327691e+01
1.249597703600000023e+04 1.037632026228537718e+01
1.250075022299999910e+04 1.042808156368693950e+01
1.250553560199999993e+04 1.045043313895108206e+01
1.251033317200000056e+04 1.049134108519759501e+01
1.251514293499999985e+04 1.053351800847004682e+01
1.251996488999999929e+04 1.061455414592675162e+01
1.252479903700000068e+04 1.064130875206814864e+01
1.252964537500000006e+04 1.067588262913788810e+01
