1.138059698199999912e+04 1.805621409466997840e-01
1.138559698199999912e+04 1.924202143599823001e-01
1.139059698199999912e+04 1.831958675783906809e-01
1.139559698199999912e+04 1.801824350709412825e-01
1.140059698199999912e+04 1.861824082678186776e-01
1.140559698199999912e+04 2.002151628662542926e-01
1.141059698199999912e+04 1.990593041901096705e-01
1.141559698199999912e+04 1.945879361099021321e-01
1.142059698199999912e+04 1.830143609772180435e-01
1.142559698199999912e+04 1.931539306523795130e-01
1.143059698199999912e+04 1.972147547315867278e-01
1.143559698199999912e+04 1.970136908019811672e-01
1.144059698199999912e+04 1.837231803417163356e-01
1.144559698199999912e+04 1.909279044972704009e-01
1.145059698199999912e+04 1.972499584792956617e-01
1.145559698199999912e+04 2.021730586466167212e-01
1.146059698199999912e+04 1.840036599662444872e-01
1.146559698199999912e+04 1.988065677693008348e-01
1.147059698199999912e+04 2.016879072270487960e-01
1.147559698199999912e+04 2.074403982410514269e-01
1.148059698199999912e+04 2.070886062394159677e-01
1.148559698199999912e+04 2.073169869736979642e-01
1.149059698199999912e+04 1.987394722793143775e-01
1.149559698199999912e+04 1.921955333735236304e-01
1.150059698199999912e+04 2.038504297444337365e-01
1.150559698199999912e+04 2.149340460979173306e-01
1.151059698199999912e+04 2.191776098935089567e-01
1.151559698199999912e+04 2.160593626050623106e-01
1.152059698199999912e+04 2.162544841200600421e-01
1.152559698199999912e+04 2.185833740680444282e-01
1.153059698199999912e+04 2.153056385131306150e-01
1.153400000000000000e+04 2.210674733159650740e-01
1.153500000000000000e+04 2.344539923062400610e-01
1.153600000000000000e+04 2.175819837908300469e-01
1.153700000000000000e+04 2.362350395166207817e-01
1.153800000000000000e+04 2.240885150175243312e-01
1.153900000000000000e+04 2.366956537210766764e-01
1.154000000000000000e+04 2.188915834431593155e-01
1.154100000000000000e+04 2.340781924165871442e-01
1.154120000000000073e+04 2.253215990973022886e-01
1.154139999999999964e+04 2.204157271032671228e-01
1.154160000000000036e+04 2.327240968928928622e-01
1.154179999999999927e+04 2.395414319205320941e-01
1.154200000000000000e+04 2.255596320551731815e-01
1.154220000000000073e+04 2.213915117746879380e-01
1.154239999999999964e+04 2.329516377509918690e-01
1.154260000000000036e+04 2.325402982726494094e-01
1.154279999999999927e+04 2.368320488614356900e-01
1.154300000000000000e+04 2.399111271420082681e-01
1.154320000000000073e+04 2.336830361469397210e-01
1.154339999999999964e+04 2.473127446963091502e-01
1.154360000000000036e+04 2.368262804076730066e-01
1.154379999999999927e+04 2.331025987362534413e-01
1.154400000000000000e+04 2.247611680670960899e-01
1.154420000000000073e+04 2.329544994869090502e-01
1.154439999999999964e+04 2.341225003551708483e-01
1.154460000000000036e+04 2.434669547695140768e-01
1.154479999999999927e+04 2.403173581969282602e-01
1.154500000000000000e+04 2.290264926993697825e-01
1.154520000000000073e+04 2.391897371703247677e-01
1.154539999999999964e+04 2.432900422355726289e-01
1.154560000000000036e+04 2.497299173870922429e-01
1.154579999999999927e+04 2.454891248366932177e-01
1.154600000000000000e+04 2.454238284078146259e-01
1.154620000000000073e+04 2.410597795713738944e-01
1.154639999999999964e+04 2.439300334327262343e-01
1.154660000000000036e+04 2.504047229509981931e-01
1.154679999999999927e+04 2.331127212952165129e-01
1.154700000000000000e+04 2.398332955004232880e-01
1.154720000000000073e+04 2.368262715225777360e-01
1.154739999999999964e+04 2.468104495562552791e-01
1.154760000000000036e+04 2.536331448450280246e-01
1.154779999999999927e+04 2.406049732996252688e-01
1.154800000000000000e+04 2.291381879994317805e-01
1.154820000000000073e+04 2.438494920788956410e-01
1.154839999999999964e+04 2.531537239545555984e-01
1.154860000000000036e+04 2.516205680853357829e-01
1.154879999999999927e+04 2.516033834667355529e-01
1.154900000000000000e+04 2.473392490966502544e-01
1.154920000000000073e+04 2.402434391186223372e-01
1.154939999999999964e+04 2.537193373177043521e-01
1.154960000000000036e+04 2.452423198979105379e-01
1.154979999999999927e+04 2.677362658478090185e-01
1.155000000000000000e+04 2.571881769994228684e-01
1.155020000000000073e+04 2.493368963894218304e-01
1.155039999999999964e+04 2.497643765405535010e-01
1.155060000000000036e+04 2.549994172505297696e-01
1.155079999999999927e+04 2.540334226010803054e-01
1.155100000000000000e+04 2.651184651291165761e-01
1.155120000000000073e+04 2.594072766123063367e-01
1.155139999999999964e+04 2.539799736314760081e-01
1.155160000000000036e+04 2.738904992129340688e-01
1.155179999999999927e+04 2.616756680231641652e-01
1.155200000000000000e+04 2.683136441507891212e-01
1.155220000000000073e+04 2.594907566524409237e-01
1.155239999999999964e+04 2.664551350752437098e-01
1.155260000000000036e+04 2.670318171930608497e-01
1.155279999999999927e+04 2.543679323920409741e-01
1.155300000000000000e+04 2.842519554054806497e-01
1.155320000000000073e+04 2.788164786444249366e-01
1.155339999999999964e+04 2.683767981286988569e-01
1.155360000000000036e+04 2.664240487282372727e-01
1.155379999999999927e+04 2.771249863490107268e-01
1.155400000000000000e+04 2.770421091366137567e-01
1.155420000000000073e+04 2.814859155694620640e-01
1.155439999999999964e+04 2.803832767715572216e-01
1.155460000000000036e+04 2.833456958679439475e-01
1.155479999999999927e+04 2.936143420692110539e-01
1.155500000000000000e+04 2.899094645744021981e-01
1.155520000000000073e+04 2.800677412187012050e-01
1.155539999999999964e+04 2.979675357588535412e-01
1.155560000000000036e+04 3.028628051093333884e-01
1.155579999999999927e+04 3.153580845719709536e-01
1.155600000000000000e+04 2.885739233403122328e-01
1.155620000000000073e+04 3.001526702830032423e-01
1.155639999999999964e+04 2.863782544348206782e-01
1.155660000000000036e+04 3.073345872624604902e-01
1.155679999999999927e+04 3.028323129051330720e-01
1.155700000000000000e+04 3.233816147484879777e-01
1.155720000000000073e+04 3.081767178885735925e-01
1.155739999999999964e+04 3.053879978748046398e-01
1.155760000000000036e+04 3.183015664595525984e-01
1.155779999999999927e+04 3.101521598041284133e-01
1.155800000000000000e+04 3.325174675994828077e-01
1.155820000000000073e+04 3.172189156159561652e-01
1.155839999999999964e+04 3.364773475706634986e-01
1.155860000000000036e+04 3.260974943991611363e-01
1.155879999999999927e+04 3.435755720468982033e-01
1.155900000000000000e+04 3.628935241214337748e-01
1.155920000000000073e+04 3.590344844619591802e-01
1.155939999999999964e+04 3.583262816808394091e-01
1.155960000000000036e+04 3.694663184744226836e-01
1.155979999999999927e+04 3.775186841664273096e-01
1.156000000000000000e+04 3.877973302566788405e-01
1.156020000000000073e+04 3.827003151154190763e-01
1.156039999999999964e+04 4.052119994546920512e-01
1.156060000000000036e+04 3.911867950284808049e-01
1.156079999999999927e+04 4.155484437035439904e-01
1.156100000000000000e+04 4.274492157048790375e-01
1.156120000000000073e+04 4.452309304078899133e-01
1.156139999999999964e+04 4.542380443863421879e-01
1.156160000000000036e+04 4.569367335251995899e-01
1.156179999999999927e+04 4.751775861521786992e-01
1.156200000000000000e+04 4.991123910703552657e-01
1.156220000000000073e+04 5.147705028015349127e-01
1.156239999999999964e+04 5.283753298164897139e-01
1.156260000000000036e+04 5.474958213556452291e-01
1.156279999999999927e+04 5.769751507446383432e-01
1.156300000000000000e+04 5.914244537671323743e-01
1.156320000000000073e+04 6.165861324100236907e-01
1.156339999999999964e+04 6.568606180662661664e-01
1.156360000000000036e+04 6.588542140989175344e-01
1.156379999999999927e+04 6.834359499608297916e-01
1.156400000000000000e+04 7.300300864750864926e-01
1.156420000000000073e+04 7.493464103263616227e-01
1.156439999999999964e+04 7.812291149408328028e-01
1.156460000000000036e+04 8.071028726442209811e-01
1.156479999999999927e+04 8.419389393572670466e-01
1.156500000000000000e+04 8.830604928148807486e-01
1.156520000000000073e+04 9.052060279362239559e-01
1.156539999999999964e+04 9.334976743641310026e-01
1.156560000000000036e+04 9.421751602117932611e-01
1.156579999999999927e+04 9.683043302381384443e-01
1.156600000000000000e+04 9.802950721561718428e-01
1.156620000000000073e+04 1.014070203275801996e+00
1.156639999999999964e+04 1.043146759011948088e+00
1.156660000000000036e+04 1.056231645314174239e+00
1.156679999999999927e+04 1.065415783427672958e+00
1.156700000000000000e+04 1.078879535663198608e+00
1.156720000000000073e+04 1.084825299208547200e+00
1.156739999999999964e+04 1.098843261051880793e+00
1.156760000000000036e+04 1.107586411089412692e+00
1.156779999999999927e+04 1.096914207974686528e+00
1.156800000000000000e+04 1.112582005278853536e+00
1.156820000000000073e+04 1.118148004493782377e+00
1.156839999999999964e+04 1.109944773856194944e+00
1.156860000000000036e+04 1.115241282500038400e+00
1.156879999999999927e+04 1.127167600616142407e+00
1.156900000000000000e+04 1.103375077356721912e+00
1.156920000000000073e+04 1.103842706011019859e+00
1.156939999999999964e+04 1.091445881059504908e+00
1.156960000000000036e+04 1.091030151816362537e+00
1.156979999999999927e+04 1.085803281165484746e+00
1.157000000000000000e+04 1.076180633504934203e+00
1.157020000000000073e+04 1.060551054869617538e+00
1.157039999999999964e+04 1.061534446640545637e+00
1.157060000000000036e+04 1.061507961397462063e+00
1.157079999999999927e+04 1.045917482451896863e+00
1.157100000000000000e+04 1.040760554320104392e+00
1.157120000000000073e+04 1.024218807435230305e+00
1.157139999999999964e+04 1.022408406662063118e+00
1.157160000000000036e+04 1.010908101946508042e+00
1.157179999999999927e+04 9.953986568547137370e-01
1.157200000000000000e+04 9.968263214952555185e-01
1.157220000000000073e+04 9.802275962968451939e-01
1.157239999999999964e+04 9.754240581679145539e-01
1.157260000000000036e+04 9.739638335736128250e-01
1.157279999999999927e+04 9.686629102304726846e-01
1.157300000000000000e+04 9.529084015187171408e-01
1.157320000000000073e+04 9.623720657023293601e-01
1.157339999999999964e+04 9.534402943739188618e-01
1.157360000000000036e+04 9.402827135927699365e-01
1.157379999999999927e+04 9.293849273994907456e-01
1.157400000000000000e+04 9.342256191471771665e-01
1.157420000000000073e+04 9.286256840202207208e-01
1.157439999999999964e+04 9.285250574436503257e-01
1.157460000000000036e+04 9.212995182972475439e-01
1.157479999999999927e+04 9.066994360876307057e-01
1.157500000000000000e+04 9.149147947665368097e-01
1.157520000000000073e+04 9.126289810229627486e-01
1.157539999999999964e+04 9.170492202191705688e-01
1.157560000000000036e+04 9.053464144838743177e-01
1.157579999999999927e+04 9.194416265866358629e-01
1.157600000000000000e+04 8.927880366313656335e-01
1.157620000000000073e+04 9.135844959916099572e-01
1.157639999999999964e+04 9.025087191309498769e-01
1.157660000000000036e+04 9.079137528520898615e-01
1.157679999999999927e+04 9.019587917389785270e-01
1.157700000000000000e+04 9.082925591512550634e-01
1.157720000000000073e+04 8.968463430658234481e-01
1.157739999999999964e+04 8.921220315369748910e-01
1.157760000000000036e+04 9.093702401922089118e-01
1.157779999999999927e+04 8.986951819891734194e-01
1.157800000000000000e+04 9.011414781430955312e-01
1.157820000000000073e+04 9.082692474788744974e-01
1.157839999999999964e+04 8.924233486983830232e-01
1.157860000000000036e+04 9.048072013730417140e-01
1.157879999999999927e+04 8.971727647174788656e-01
1.157900000000000000e+04 9.007159970815289407e-01
1.157920000000000073e+04 9.027461695744429804e-01
1.157939999999999964e+04 8.921739132516203208e-01
1.157960000000000036e+04 8.974110131377909250e-01
1.157979999999999927e+04 9.120451952261741102e-01
1.158000000000000000e+04 9.107462916218175275e-01
1.158020000000000073e+04 9.028640284410415218e-01
1.158039999999999964e+04 9.062760352901547689e-01
1.158060000000000036e+04 9.033461492159688966e-01
1.158079999999999927e+04 9.148763124808750868e-01
1.158100000000000000e+04 9.028631283163903731e-01
1.158120000000000073e+04 9.074044422840690238e-01
1.158139999999999964e+04 9.126622451026022986e-01
1.158160000000000036e+04 8.986237416969413694e-01
1.158179999999999927e+04 9.151643904315666100e-01
1.158200000000000000e+04 8.937061152144943899e-01
1.158220000000000073e+04 9.144425577814437878e-01
1.158239999999999964e+04 8.999361405171836248e-01
1.158260000000000036e+04 9.000259836129470559e-01
1.158279999999999927e+04 8.867469600626091131e-01
1.158300000000000000e+04 8.962294407261616191e-01
1.158320000000000073e+04 8.915538057275775863e-01
1.158339999999999964e+04 8.932772948883381803e-01
1.158360000000000036e+04 8.959465841948429654e-01
1.158379999999999927e+04 9.022629332327151142e-01
1.158400000000000000e+04 8.968925252036532569e-01
1.158420000000000073e+04 8.963477681735656510e-01
1.158439999999999964e+04 8.861748024367739340e-01
1.158460000000000036e+04 8.859707605084514714e-01
1.158479999999999927e+04 9.043595664170135384e-01
1.158500000000000000e+04 8.857580265922714302e-01
1.158520000000000073e+04 9.012866370736055677e-01
1.158539999999999964e+04 8.885722926887719142e-01
1.158560000000000036e+04 8.895421716606610740e-01
1.158579999999999927e+04 8.964014588074967760e-01
1.158600000000000000e+04 8.984862232082938549e-01
1.158620000000000073e+04 8.880152593962779006e-01
1.158639999999999964e+04 8.862529275392486694e-01
1.158660000000000036e+04 8.886527975227921372e-01
1.158679999999999927e+04 8.921223510884339625e-01
1.158700000000000000e+04 8.947689355505916708e-01
1.158720000000000073e+04 8.894826064335490390e-01
1.158739999999999964e+04 8.944801876539540952e-01
1.158760000000000036e+04 9.023733814302165035e-01
1.158779999999999927e+04 8.940579251972257113e-01
1.158800000000000000e+04 8.949751506416950830e-01
1.158820000000000073e+04 8.830230219118038182e-01
1.158839999999999964e+04 8.749055341673680486e-01
1.158860000000000036e+04 8.968383372478069271e-01
1.158879999999999927e+04 8.942564623475626195e-01
1.158900000000000000e+04 8.953726202976747262e-01
1.158920000000000073e+04 8.996340017951911516e-01
1.158939999999999964e+04 8.991559354028768603e-01
1.158960000000000036e+04 9.079797875819065611e-01
1.158979999999999927e+04 9.033504891112966728e-01
1.159000000000000000e+04 8.977221464922285898e-01
1.159020000000000073e+04 9.108564842294659680e-01
1.159039999999999964e+04 9.052335761603553799e-01
1.159060000000000036e+04 9.114175148579044539e-01
1.159079999999999927e+04 9.059196201797652392e-01
1.159100000000000000e+04 9.059583984365637832e-01
1.159120000000000073e+04 9.122107213143073601e-01
1.159139999999999964e+04 9.134762822277365801e-01
1.159160000000000036e+04 9.194270884356597895e-01
1.159179999999999927e+04 9.155821617209036756e-01
1.159200000000000000e+04 9.071655959657368706e-01
1.159220000000000073e+04 9.189100865389110417e-01
1.159239999999999964e+04 9.289387075034021279e-01
1.159260000000000036e+04 9.237745866220123947e-01
1.159279999999999927e+04 9.240005546431120376e-01
1.159300000000000000e+04 9.343340258322001546e-01
1.159320000000000073e+04 9.250753782911893541e-01
1.159339999999999964e+04 9.211117710233682754e-01
1.159360000000000036e+04 9.303842261780395084e-01
1.159379999999999927e+04 9.298304837811242063e-01
1.159400000000000000e+04 9.266921173954356661e-01
1.159420000000000073e+04 9.326953484349279622e-01
1.159439999999999964e+04 9.392441996043395802e-01
1.159460000000000036e+04 9.356398456847754286e-01
1.159479999999999927e+04 9.363536242935337484e-01
1.159500000000000000e+04 9.481169860483676937e-01
1.159520000000000073e+04 9.326629766692023926e-01
1.159539999999999964e+04 9.372442801622421493e-01
1.159560000000000036e+04 9.318497582517691891e-01
1.159579999999999927e+04 9.299775236297479486e-01
1.159600000000000000e+04 9.313382528205038646e-01
1.159620000000000073e+04 9.301166083445284727e-01
1.159639999999999964e+04 9.353796651967888343e-01
1.159660000000000036e+04 9.486328599867661637e-01
1.159679999999999927e+04 9.274507008159643684e-01
1.159700000000000000e+04 9.280521946422222168e-01
1.159770000000000073e+04 9.264117202908273008e-01
1.159839999999999964e+04 9.258918013792093449e-01
1.159910000000000036e+04 9.210600212110744422e-01
1.159979999999999927e+04 9.242183832754032879e-01
1.160050000000000000e+04 8.950766522593124330e-01
1.160120000000000073e+04 8.925300281347905429e-01
1.160189999999999964e+04 9.030889828124610830e-01
1.160260000000000036e+04 9.122756754445467964e-01
1.160329999999999927e+04 8.920394085241082349e-01
1.160499369499999921e+04 8.778561340520085743e-01
1.160599958300000071e+04 9.015660520658569377e-01
1.160701766200000020e+04 8.985417240422931551e-01
1.160804793299999983e+04 8.895316355093799698e-01
1.160909039599999960e+04 8.914179754731422767e-01
1.161014505099999951e+04 8.947609064705323023e-01
1.161121189799999956e+04 9.062487140894944782e-01
1.161229093699999976e+04 9.065065347328540302e-01
1.161338216699999975e+04 9.196263553498539300e-01
1.161448559000000023e+04 9.022500802116140139e-01
1.161560120400000051e+04 9.221395720796868867e-01
1.161672901099999945e+04 9.262541300813647016e-01
1.161786900900000001e+04 9.368180338291387521e-01
1.161902119900000071e+04 9.390250742496002445e-01
1.162018558200000007e+04 9.507173730229381281e-01
1.162136215599999923e+04 9.343450834888955558e-01
1.162255092200000036e+04 9.469891403414968378e-01
1.162375187899999946e+04 9.503225863440024623e-01
1.162496502900000087e+04 9.585990288335521914e-01
1.162619037100000060e+04 9.394731623134418008e-01
1.162742790400000013e+04 9.426960990088695258e-01
1.162867763000000014e+04 9.247570986763085088e-01
1.162993954699999995e+04 9.189316801072661134e-01
1.163121365700000024e+04 9.386657095661805617e-01
1.163249995800000033e+04 9.298447002022836028e-01
1.163379845100000057e+04 9.359942968807182240e-01
1.163510913599999913e+04 9.158266991138956925e-01
1.163643201299999964e+04 9.257572951139092510e-01
1.163776708200000030e+04 9.323337571213210495e-01
1.163911434200000076e+04 9.199842835476226277e-01
1.164047379499999988e+04 9.167262424313231683e-01
1.164184543999999914e+04 9.121264807235658356e-01
1.164322927600000003e+04 8.983043430594187528e-01
1.164462530499999957e+04 9.167726665396302987e-01
1.164603352500000074e+04 9.026127888644800423e-01
1.164745393700000022e+04 9.085412524812306323e-01
1.164888654099999985e+04 8.938539954631080642e-01
1.165033133699999962e+04 8.966426928167469113e-01
1.165178832499999953e+04 9.164975402813466676e-01
1.165325750499999958e+04 9.056957021106422090e-01
1.165473887699999977e+04 9.196935515200029831e-01
1.165623243999999977e+04 9.123038747167971918e-01
1.165773819600000024e+04 9.022697990418077074e-01
1.165925614300000052e+04 9.238372535611143466e-01
1.166078628299999946e+04 9.162483627171437162e-01
1.166232861400000002e+04 9.275885403099748405e-01
1.166388313700000072e+04 9.241986980761922599e-01
1.166544985199999974e+04 9.151885688197578528e-01
1.166702875900000072e+04 9.280491573845653930e-01
1.166861985800000002e+04 9.426550829756761285e-01
1.167022314899999947e+04 9.317615298594981166e-01
1.167183863200000087e+04 9.282904274894198116e-01
1.167346630700000060e+04 9.359376248229831496e-01
1.167510617300000013e+04 9.307482924652004108e-01
1.167675823200000013e+04 9.314166904119790535e-01
1.167842248199999995e+04 9.229848034759557951e-01
1.168009892399999990e+04 9.323230600794938372e-01
1.168178755799999999e+04 9.387404128172253115e-01
1.168348838500000056e+04 9.270254540532889553e-01
1.168520140299999912e+04 9.435366986720677973e-01
1.168692661299999963e+04 9.333725126071538147e-01
1.168866401399999995e+04 9.280352682704007261e-01
1.169041360800000075e+04 9.405467354357734955e-01
1.169217539399999987e+04 9.317675868275016038e-01
1.169394937100000061e+04 9.378306156525401116e-01
1.169573554100000001e+04 9.296896606793494389e-01
1.169753390199999922e+04 9.298566696103152118e-01
1.169934445500000038e+04 9.323729872662835927e-01
1.170116720100000020e+04 9.287657512117077907e-01
1.170300213799999983e+04 9.117111289856741907e-01
1.170484926699999960e+04 9.172886808673211823e-01
1.170670858799999951e+04 9.307560200860722777e-01
1.170858009999999922e+04 9.235581869825097989e-01
1.171046380499999941e+04 9.202878691645034470e-01
1.171235970199999974e+04 9.163006436993520465e-01
1.171426778999999988e+04 9.190688680753535955e-01
1.171618807100000049e+04 9.145646742054183154e-01
1.171812054300000091e+04 9.298521546613537359e-01
1.172006520699999965e+04 9.281363365790401554e-01
1.172202206400000068e+04 9.276147944546100366e-01
1.172399111199999970e+04 9.357514476968684658e-01
1.172597235200000068e+04 9.410278363018516057e-01
1.172796578399999999e+04 9.550510538923120407e-01
1.172997140700000091e+04 9.308495109836195658e-01
1.173198922300000049e+04 9.505240751997903192e-01
1.173401923100000022e+04 9.517018241368158105e-01
1.173606142999999975e+04 9.400381932898992376e-01
1.173811582199999975e+04 9.475393813519557007e-01
1.174018240499999956e+04 9.439017808979972557e-01
1.174226117999999951e+04 9.488141168617684196e-01
1.174435214799999994e+04 9.585877916848227764e-01
1.174645530700000018e+04 9.521167621792859803e-01
1.174857065800000055e+04 9.532679534994538129e-01
1.175069820099999924e+04 9.468130099245922748e-01
1.175283793499999956e+04 9.397021321167632335e-01
1.175498986200000036e+04 9.489838624037129078e-01
1.175715398099999948e+04 9.588820550505423590e-01
1.175933029100000022e+04 9.382190128444234389e-01
1.176151879399999962e+04 9.410745171339603976e-01
1.176371948800000064e+04 9.478003769277228985e-01
1.176593237399999998e+04 9.389611263106201200e-01
1.176815745299999980e+04 9.386955766891713626e-01
1.177039472299999943e+04 9.406025243624874799e-01
1.177264418499999920e+04 9.328688769134225733e-01
1.177490583800000059e+04 9.353165006967506523e-01
1.177717968400000063e+04 9.467359328535805973e-01
1.177946572200000082e+04 9.321921988711112661e-01
1.178176395199999934e+04 9.309895165688701901e-01
1.178407437299999947e+04 9.378132587948818655e-01
1.178639698700000008e+04 9.484238728108629335e-01
1.178873179200000050e+04 9.434688469529796118e-01
1.179107878899999923e+04 9.428107065743767112e-01
1.179343797799999993e+04 9.469055098803712545e-01
1.179580935900000077e+04 9.362558397069288274e-01
1.179819293199999993e+04 9.537717362881588112e-01
1.180058869699999923e+04 9.548307006581817635e-01
1.180299665400000049e+04 9.514043954265394287e-01
1.180541680300000007e+04 9.633855828282562594e-01
1.180784914299999946e+04 9.497897111097799439e-01
1.181029367599999932e+04 9.680513893127425940e-01
1.181275040000000081e+04 9.629789397191028666e-01
1.181521931699999914e+04 9.607982025974751705e-01
1.181770042500000091e+04 9.636528182307272372e-01
1.182019372499999918e+04 9.632623850524940634e-01
1.182269921699999941e+04 9.722449357602386266e-01
1.182521690099999978e+04 9.551719930574911199e-01
1.182774677700000029e+04 9.572181156388240852e-01
1.183028884499999913e+04 9.680979330051120435e-01
1.183284310499999992e+04 9.559550271772758734e-01
1.183540955600000052e+04 9.653054272631823585e-01
1.183798819999999978e+04 9.694080522748945716e-01
1.184057903500000066e+04 9.544633046094859186e-01
1.184318206199999986e+04 9.609000664006347447e-01
1.184579728199999954e+04 9.491360316926512608e-01
1.184842469300000084e+04 9.614274360829179189e-01
1.185106429600000047e+04 9.578498684918578254e-01
1.185371609100000023e+04 9.597221104660467184e-01
1.185638007800000014e+04 9.534200798556115020e-01
1.185905625599999985e+04 9.464880300188063256e-01
1.186174462700000004e+04 9.616678727386852588e-01
1.186444519000000037e+04 9.453249262705550882e-01
1.186715794400000050e+04 9.571324826462540569e-01
1.186988289099999929e+04 9.673372349307909346e-01
1.187262002899999970e+04 9.633904168767474241e-01
1.187536935900000026e+04 9.767618980827219577e-01
1.187813088099999914e+04 9.716512613392264130e-01
1.188090459499999997e+04 9.616018653521463122e-01
1.188369050099999913e+04 9.677069205106465510e-01
1.188648859900000025e+04 9.683080017029108699e-01
1.188929888899999969e+04 9.594151994044883835e-01
1.189212137099999927e+04 9.641352946491661413e-01
1.189495604400000047e+04 9.681933169726774091e-01
1.189780291000000034e+04 9.587818392519462662e-01
1.190066196700000000e+04 9.736586117748204927e-01
1.190353321700000015e+04 9.713122575918562429e-01
1.190641665800000010e+04 9.616491589531548367e-01
1.190931229100000019e+04 9.746912921549190090e-01
1.191222011600000042e+04 9.762883837890838912e-01
1.191514013300000079e+04 9.726152392143518899e-01
1.191807234199999948e+04 9.686994094262287858e-01
1.192101674300000013e+04 9.751724824810700243e-01
1.192397333500000059e+04 9.753951971896650530e-01
1.192694211999999970e+04 9.728451382087379695e-01
1.192992309600000044e+04 9.652150734014746103e-01
1.193291626499999984e+04 9.733575946615744545e-01
1.193592162500000086e+04 9.803228435180743050e-01
1.193893917700000020e+04 9.690021193363289598e-01
1.194196892099999968e+04 9.880941453935121466e-01
1.194501085799999964e+04 9.701309995939163544e-01
1.194806498500000089e+04 9.747528907373024243e-01
1.195113130500000079e+04 9.708614381117380843e-01
1.195420981700000084e+04 9.771334947455155850e-01
1.195730052099999921e+04 9.642025249530551401e-01
1.196040341599999920e+04 9.738528013939123928e-01
1.196351850399999967e+04 9.715859795812057387e-01
1.196664578299999994e+04 9.814138661924578511e-01
1.196978525500000069e+04 9.881045332605800091e-01
1.197293691799999942e+04 9.871154995166758761e-01
1.197610077300000012e+04 9.668012577853172251e-01
1.197927681999999913e+04 9.982963034066546504e-01
1.198246505900000011e+04 9.860931730848517818e-01
1.198566548999999941e+04 9.804077673599722598e-01
1.198887811200000033e+04 9.869741537303481360e-01
1.199210292699999991e+04 9.874580522911385883e-01
1.199533993399999963e+04 9.820002787727867277e-01
1.199858913199999915e+04 9.883105999860771762e-01
1.200185052299999916e+04 9.826776019950937968e-01
1.200512410500000078e+04 9.845470609368894843e-01
1.200840987900000073e+04 9.818412320803160398e-01
1.201170784500000082e+04 9.760385515549780955e-01
1.201501800299999923e+04 9.872396287739783061e-01
1.201834035299999960e+04 9.894854773990514607e-01
1.202167489500000011e+04 9.893980579653781637e-01
1.202502162900000076e+04 9.920548014070748044e-01
1.202838055399999939e+04 9.890429799190314508e-01
1.203175167200000033e+04 9.831211709551958000e-01
1.203513498199999958e+04 9.931167132366266470e-01
1.203853048300000046e+04 9.780874418901941425e-01
1.204193817599999966e+04 9.824752167955482784e-01
1.204535806100000082e+04 9.830666413763303746e-01
1.204879013900000064e+04 9.977021485308655846e-01
1.205223440800000026e+04 9.980650811189092364e-01
1.205569086799999968e+04 9.958325014780325946e-01
1.205915952099999959e+04 1.001473529816578889e+00
1.206264036599999963e+04 9.894783055328870702e-01
1.206613340299999982e+04 9.975563611281774712e-01
1.206963863099999980e+04 9.949981311533601103e-01
1.207315605200000027e+04 1.002960490998146437e+00
1.207668566400000054e+04 9.972436180013622975e-01
1.208022746799999913e+04 9.960057105049666681e-01
1.208378146500000003e+04 1.002814217102492300e+00
1.208734765300000072e+04 1.005127283611640276e+00
1.209092603299999973e+04 9.957558815011519071e-01
1.209451660500000071e+04 9.997616626851072441e-01
1.209811936900000001e+04 9.931302731556052033e-01
1.210173432399999911e+04 9.834911473860471487e-01
1.210536147200000050e+04 1.002074109167477634e+00
1.210900081099999989e+04 1.005241015515953906e+00
1.211265234299999975e+04 1.002810070841638090e+00
1.211631606599999941e+04 9.885131746165312094e-01
1.211999198199999955e+04 9.993808206945973271e-01
1.212368008899999950e+04 9.863650093747489134e-01
1.212738038799999958e+04 1.011115325430741452e+00
1.213109287899999981e+04 9.945558517491414063e-01
1.213481756200000018e+04 1.011396581307753673e+00
1.213855443700000069e+04 1.010360832771365791e+00
1.214230350299999918e+04 9.980275617677071276e-01
1.214606476199999997e+04 9.957465353180545709e-01
1.214983821300000091e+04 1.006845012153785079e+00
1.215362385499999982e+04 1.000116210208470635e+00
1.215742168900000070e+04 1.007570859497427085e+00
1.216123171600000023e+04 1.004430084866758000e+00
1.216505393399999957e+04 9.956208259805177097e-01
1.216888834400000087e+04 9.936890435152402334e-01
1.217273494600000049e+04 1.011740195250428576e+00
1.217659374000000025e+04 1.007927094181372496e+00
1.218046472600000016e+04 1.008770604844352770e+00
1.218434790299999986e+04 1.017901652167641169e+00
1.218824327300000004e+04 1.021677127107119443e+00
1.219215083500000037e+04 1.012143049363578129e+00
1.219607058800000050e+04 1.012665577222943591e+00
1.220000253300000077e+04 1.019269492463433791e+00
1.220394667099999970e+04 1.006344171732065584e+00
1.220790300000000025e+04 1.017386329805262113e+00
1.221187152099999912e+04 1.020802631561494866e+00
1.221585223399999995e+04 1.021518966527318106e+00
1.221984513899999911e+04 1.003495365301760867e+00
1.222385023600000022e+04 1.012086243157959364e+00
1.222786752399999932e+04 1.012258013560902059e+00
1.223189700500000072e+04 1.018589041230711922e+00
1.223593867800000044e+04 1.021530200120734699e+00
1.223999254199999996e+04 1.029436942838749536e+00
1.224405859799999962e+04 1.015566736446115392e+00
1.224813684699999976e+04 1.016431337992505624e+00
1.225222728699999971e+04 1.028190755006192836e+00
1.225632991899999979e+04 1.023099675446054624e+00
1.226044474300000002e+04 1.029882632624139926e+00
1.226457175900000038e+04 1.023568998144158915e+00
1.226871096700000089e+04 1.014155932080089917e+00
1.227286236599999938e+04 1.013891240591764165e+00
1.227702595800000017e+04 1.012559557325859005e+00
1.228120174199999929e+04 1.029073320699304128e+00
1.228538971700000002e+04 1.033585493850537107e+00
1.228958988400000089e+04 1.039356615724563282e+00
1.229380224400000043e+04 1.034722067781390642e+00
1.229802679499999977e+04 1.052760251767219879e+00
1.230226353799999924e+04 1.119320572682789949e+00
1.230651247300000068e+04 1.300210718868716864e+00
1.231077360000000044e+04 1.435695957021489999e+00
1.231504691900000034e+04 1.310339720390745422e+00
1.231933242900000005e+04 1.123975137190295293e+00
1.232363013200000023e+04 1.049599081168542059e+00
1.232794002600000022e+04 1.036183507390353142e+00
1.233226211300000068e+04 1.042618833880555318e+00
1.233659639099999913e+04 1.042514953906496844e+00
1.234094286099999954e+04 1.038109697645512863e+00
1.234530152400000043e+04 1.040442909718075182e+00
1.234967237799999930e+04 1.038984221660628204e+00
1.235405542400000013e+04 1.032312783846976112e+00
1.235845066199999928e+04 1.040431255348458928e+00
1.236285809100000006e+04 1.026863756618719536e+00
1.236727771299999949e+04 1.044291438978872666e+00
1.237170952700000089e+04 1.029253687178542265e+00
1.237615353200000027e+04 1.040307910917166456e+00
1.238060973000000013e+04 1.032839385855633951e+00
1.238507811899999979e+04 1.042916606891637121e+00
1.238955869999999959e+04 1.039861709620011121e+00
1.239405147299999953e+04 1.028828091968072123e+00
1.239855643799999962e+04 1.043743628176603266e+00
1.240307359499999984e+04 1.037494276638915469e+00
1.240760294400000021e+04 1.048027453473857395e+00
1.241214448500000071e+04 1.042805790876251137e+00
1.241669821799999954e+04 1.045827549215606167e+00
1.242126414199999999e+04 1.038530524776536401e+00
1.242584225899999910e+04 1.042612468431493911e+00
1.243043256699999984e+04 1.043618004251963827e+00
1.243503506799999923e+04 1.053515275573974508e+00
1.243964976000000024e+04 1.059698861037462025e+00
1.244427664399999958e+04 1.043285689117242621e+00
1.244891572000000087e+04 1.057118332534066507e+00
1.245356698800000049e+04 1.035220616965967899e+00
1.245823044800000025e+04 1.042687770784034962e+00
1.246290610000000015e+04 1.044560381033362573e+00
1.246759394299999985e+04 1.042491355862950275e+00
1.247229397900000004e+04 1.041512739848376556e+00
1.247700620600000002e+04 1.055790644517591526e+00
1.248173062600000048e+04 1.052335666510213041e+00
1.248646723700000075e+04 1.056827069926465246e+00
1.249121603999999934e+04 1.059789078390746875e+00
1.249597703600000023e+04 1.057899389119969724e+00
1.250075022299999910e+04 1.061248925879565874e+00
1.250553560199999993e+04 1.054900020523046988e+00
1.251033317200000056e+04 1.047693391013986730e+00
1.251514293499999985e+04 1.064366663523744982e+00
1.251996488999999929e+04 1.053346298851239871e+00
1.252479903700000068e+04 1.051731620508010501e+00
1.252964537500000006e+04 1.057679310496034031e+00
