1.138059698199999912e+04 -1.628545304857892173e+00
1.138559698199999912e+04 -1.504572910252220064e+00
1.139059698199999912e+04 -1.541709008523147517e+00
1.139559698199999912e+04 -1.462891559090077287e+00
1.140059698199999912e+04 -1.438257881284574102e+00
1.140559698199999912e+04 -1.393912426454554820e+00
1.141059698199999912e+04 -1.308185154207313960e+00
1.141559698199999912e+04 -1.299695276453021187e+00
1.142059698199999912e+04 -1.229703452635649619e+00
1.142559698199999912e+04 -1.176990462203143739e+00
1.143059698199999912e+04 -1.160710820782464570e+00
1.143559698199999912e+04 -1.052588700528702903e+00
1.144059698199999912e+04 -1.042360679479270580e+00
1.144559698199999912e+04 -1.011926435038592809e+00
1.145059698199999912e+04 -9.166201276071856974e-01
1.145559698199999912e+04 -9.156067438942078196e-01
1.146059698199999912e+04 -8.328037060605684161e-01
1.146559698199999912e+04 -7.834323781427694477e-01
1.147059698199999912e+04 -6.947888046919508120e-01
1.147559698199999912e+04 -6.651497414208412673e-01
1.148059698199999912e+04 -6.317738299815696124e-01
1.148559698199999912e+04 -5.516410705663020719e-01
1.149059698199999912e+04 -4.808651470991307519e-01
1.149559698199999912e+04 -4.586138202052780777e-01
1.150059698199999912e+04 -4.264644517101599530e-01
1.150559698199999912e+04 -4.208863470066249723e-01
1.151059698199999912e+04 -3.608616481366093698e-01
1.151559698199999912e+04 -2.829803639457826314e-01
1.152059698199999912e+04 -2.414263908245340151e-01
1.152559698199999912e+04 -1.741683761646043993e-01
1.153059698199999912e+04 -1.125761520102231961e-01
1.153400000000000000e+04 -5.938550977978152012e-02
1.153500000000000000e+04 -6.925950895132171325e-02
1.153600000000000000e+04 -3.875871296884328410e-02
1.153700000000000000e+04 -4.244754586244153804e-02
1.153800000000000000e+04 -1.018417019192950912e-01
1.153900000000000000e+04 -5.476988751649364273e-02
1.154000000000000000e+04 -1.611383683934577982e-02
1.154100000000000000e+04 -4.164857487555986837e-02
1.154120000000000073e+04 2.343198039326735427e-02
1.154139999999999964e+04 5.746342783141872301e-02
1.154160000000000036e+04 4.964651041814421850e-02
1.154179999999999927e+04 3.378091947213418544e-03
1.154200000000000000e+04 6.326438085476362994e-02
1.154220000000000073e+04 1.914243854632519115e-02
1.154239999999999964e+04 6.128770183709220110e-03
1.154260000000000036e+04 -1.885432236021916674e-03
1.154279999999999927e+04 1.076966719255231797e-02
1.154300000000000000e+04 1.009859345126690178e-02
1.154320000000000073e+04 3.220503024952875437e-02
1.154339999999999964e+04 3.422708460948381548e-02
1.154360000000000036e+04 3.158249164750043247e-02
1.154379999999999927e+04 4.883781326587827154e-02
1.154400000000000000e+04 7.736302087390867221e-02
1.154420000000000073e+04 6.986007532272131559e-02
1.154439999999999964e+04 -1.078124939199781585e-02
1.154460000000000036e+04 -4.544702799799066328e-02
1.154479999999999927e+04 7.766617800219599577e-02
1.154500000000000000e+04 4.377110600900513404e-05
1.154520000000000073e+04 4.239969704936014105e-02
1.154539999999999964e+04 1.229705698138786052e-02
1.154560000000000036e+04 -7.083033638386693198e-03
1.154579999999999927e+04 7.627706479864254652e-02
1.154600000000000000e+04 8.662697998966462087e-02
1.154620000000000073e+04 4.285393478056148675e-02
1.154639999999999964e+04 -2.432542142461643908e-02
1.154660000000000036e+04 4.900396714862981229e-02
1.154679999999999927e+04 8.408721613949701745e-02
1.154700000000000000e+04 2.120130135032313734e-02
1.154720000000000073e+04 8.069663593626952292e-02
1.154739999999999964e+04 7.781976963974043815e-02
1.154760000000000036e+04 1.013392652880054645e-01
1.154779999999999927e+04 8.704395795353847554e-02
1.154800000000000000e+04 5.215342261911867783e-02
1.154820000000000073e+04 1.303066150491589414e-01
1.154839999999999964e+04 8.549130869201751470e-02
1.154860000000000036e+04 9.310466917759468997e-02
1.154879999999999927e+04 6.446527023883516505e-02
1.154900000000000000e+04 8.407555599213775710e-02
1.154920000000000073e+04 7.060593849148436019e-02
1.154939999999999964e+04 9.830581701529206295e-02
1.154960000000000036e+04 1.664510240760191939e-01
1.154979999999999927e+04 6.323264353191537790e-02
1.155000000000000000e+04 5.749001275162182734e-02
1.155020000000000073e+04 1.664515476309461062e-01
1.155039999999999964e+04 1.108854882853008150e-01
1.155060000000000036e+04 9.860369594240794844e-02
1.155079999999999927e+04 1.598419049944942438e-01
1.155100000000000000e+04 1.065363937794116533e-01
1.155120000000000073e+04 1.934883998898904167e-01
1.155139999999999964e+04 1.566542172704275815e-01
1.155160000000000036e+04 1.200203233606736697e-01
1.155179999999999927e+04 2.141751774821772925e-01
1.155200000000000000e+04 1.221287083890824632e-01
1.155220000000000073e+04 1.715246957495857871e-01
1.155239999999999964e+04 1.584219053524309473e-01
1.155260000000000036e+04 1.960769709086691015e-01
1.155279999999999927e+04 2.096531040029632753e-01
1.155300000000000000e+04 1.615104877601762356e-01
1.155320000000000073e+04 1.358892275901863456e-01
1.155339999999999964e+04 1.811654806596543210e-01
1.155360000000000036e+04 1.466906506970983570e-01
1.155379999999999927e+04 2.425537264760181111e-01
1.155400000000000000e+04 1.812704941248161894e-01
1.155420000000000073e+04 1.684671429068661241e-01
1.155439999999999964e+04 1.895486701365495241e-01
1.155460000000000036e+04 1.392747745158667561e-01
1.155479999999999927e+04 1.580285931902473129e-01
1.155500000000000000e+04 2.376409027767267534e-01
1.155520000000000073e+04 1.766750261643418030e-01
1.155539999999999964e+04 1.663548719437893952e-01
1.155560000000000036e+04 2.261693039214084933e-01
1.155579999999999927e+04 2.526728315384379475e-01
1.155600000000000000e+04 2.413376212795144693e-01
1.155620000000000073e+04 2.550466462737833728e-01
1.155639999999999964e+04 1.986652435762110702e-01
1.155660000000000036e+04 1.803320122958035898e-01
1.155679999999999927e+04 2.867009112611931254e-01
1.155700000000000000e+04 2.289516594877336053e-01
1.155720000000000073e+04 2.369228430730319634e-01
1.155739999999999964e+04 2.971575146403352408e-01
1.155760000000000036e+04 2.768952482904754042e-01
1.155779999999999927e+04 2.776883133041401774e-01
1.155800000000000000e+04 3.423601130591626962e-01
1.155820000000000073e+04 2.512934170138255152e-01
1.155839999999999964e+04 3.124722646054713948e-01
1.155860000000000036e+04 2.885193001278517633e-01
1.155879999999999927e+04 3.031490766888135791e-01
1.155900000000000000e+04 3.544987377326686562e-01
1.155920000000000073e+04 3.261733096196803849e-01
1.155939999999999964e+04 3.369978177810520337e-01
1.155960000000000036e+04 3.628731074564855996e-01
1.155979999999999927e+04 3.227956236592609551e-01
1.156000000000000000e+04 3.154970893912691365e-01
1.156020000000000073e+04 3.180193257074965252e-01
1.156039999999999964e+04 2.970378475192786971e-01
1.156060000000000036e+04 4.471716943243235765e-01
1.156079999999999927e+04 3.497337144756201832e-01
1.156100000000000000e+04 3.931983291668673663e-01
1.156120000000000073e+04 4.032843156391681116e-01
1.156139999999999964e+04 4.387544099389201202e-01
1.156160000000000036e+04 4.709504838283430361e-01
1.156179999999999927e+04 4.898254766720110953e-01
1.156200000000000000e+04 4.575610450333914558e-01
1.156220000000000073e+04 4.915478925193471071e-01
1.156239999999999964e+04 5.261902086620513508e-01
1.156260000000000036e+04 5.282270902624748299e-01
1.156279999999999927e+04 6.158356864532802399e-01
1.156300000000000000e+04 6.020256209928182001e-01
1.156320000000000073e+04 6.346570772733355348e-01
1.156339999999999964e+04 6.587944344924826501e-01
1.156360000000000036e+04 7.053638049583474956e-01
1.156379999999999927e+04 7.005355255487517585e-01
1.156400000000000000e+04 6.796859136853476979e-01
1.156420000000000073e+04 7.698887371272508107e-01
1.156439999999999964e+04 7.648696091681371767e-01
1.156460000000000036e+04 8.001991830111372384e-01
1.156479999999999927e+04 8.720395002916597749e-01
1.156500000000000000e+04 9.248656521931487573e-01
1.156520000000000073e+04 9.123743799136092569e-01
1.156539999999999964e+04 9.522075278392967412e-01
1.156560000000000036e+04 1.026926225265179626e+00
1.156579999999999927e+04 1.002599011697009379e+00
1.156600000000000000e+04 1.110051695345253275e+00
1.156620000000000073e+04 1.061241447330654397e+00
1.156639999999999964e+04 9.995110230930139839e-01
1.156660000000000036e+04 1.104716955197537098e+00
1.156679999999999927e+04 1.108123764811641765e+00
1.156700000000000000e+04 1.153675017217292265e+00
1.156720000000000073e+04 1.144881109170055034e+00
1.156739999999999964e+04 1.126595414928524663e+00
1.156760000000000036e+04 1.095841154907675197e+00
1.156779999999999927e+04 1.138829972355512199e+00
1.156800000000000000e+04 1.121008273754239726e+00
1.156820000000000073e+04 1.133540349042842621e+00
1.156839999999999964e+04 1.177161804984817817e+00
1.156860000000000036e+04 1.214179169315694251e+00
1.156879999999999927e+04 1.169291883000244336e+00
1.156900000000000000e+04 1.112628067939844367e+00
1.156920000000000073e+04 1.168465200485940825e+00
1.156939999999999964e+04 1.191950171137865500e+00
1.156960000000000036e+04 1.124598584045363170e+00
1.156979999999999927e+04 1.135915221537755704e+00
1.157000000000000000e+04 1.135279678342888232e+00
1.157020000000000073e+04 1.102367342359764635e+00
1.157039999999999964e+04 1.146494368863171243e+00
1.157060000000000036e+04 1.113124156577963264e+00
1.157079999999999927e+04 1.125272395951647297e+00
1.157100000000000000e+04 1.073288226325556538e+00
1.157120000000000073e+04 1.082637094281735379e+00
1.157139999999999964e+04 1.116159712164952467e+00
1.157160000000000036e+04 1.071984398008470896e+00
1.157179999999999927e+04 1.139721631882774311e+00
1.157200000000000000e+04 1.060698376537582810e+00
1.157220000000000073e+04 1.076797172119556834e+00
1.157239999999999964e+04 1.096024647713032873e+00
1.157260000000000036e+04 1.009440785692666154e+00
1.157279999999999927e+04 9.935296940358244733e-01
1.157300000000000000e+04 9.982146895801675690e-01
1.157320000000000073e+04 1.090709048706821394e+00
1.157339999999999964e+04 1.024270183347425034e+00
1.157360000000000036e+04 1.129672477431248545e+00
1.157379999999999927e+04 1.018394978221517144e+00
1.157400000000000000e+04 1.041521376988945757e+00
1.157420000000000073e+04 1.087024244797782924e+00
1.157439999999999964e+04 1.101119005660582850e+00
1.157460000000000036e+04 1.101109697759618200e+00
1.157479999999999927e+04 1.070349377650850142e+00
1.157500000000000000e+04 1.062963637849961840e+00
1.157520000000000073e+04 1.047156388044576447e+00
1.157539999999999964e+04 1.053504598069761933e+00
1.157560000000000036e+04 1.006976392518730501e+00
1.157579999999999927e+04 9.973567535615373014e-01
1.157600000000000000e+04 1.025793219621158325e+00
1.157620000000000073e+04 1.020485553719796545e+00
1.157639999999999964e+04 1.012240890362195334e+00
1.157660000000000036e+04 1.051952958230936597e+00
1.157679999999999927e+04 1.062365308213189197e+00
1.157700000000000000e+04 1.033330785096049809e+00
1.157720000000000073e+04 1.082572359406140938e+00
1.157739999999999964e+04 9.940554729502876219e-01
1.157760000000000036e+04 1.028686856264401817e+00
1.157779999999999927e+04 1.012515895633694596e+00
1.157800000000000000e+04 9.748186254957963426e-01
1.157820000000000073e+04 1.038710368226955172e+00
1.157839999999999964e+04 1.039211005231833518e+00
1.157860000000000036e+04 1.098955021196454496e+00
1.157879999999999927e+04 1.070959371881205602e+00
1.157900000000000000e+04 1.016008499098900453e+00
1.157920000000000073e+04 1.118310587427883585e+00
1.157939999999999964e+04 1.098702946753371990e+00
1.157960000000000036e+04 1.078811211231454736e+00
1.157979999999999927e+04 1.052683875020664628e+00
1.158000000000000000e+04 1.031217097670669380e+00
1.158020000000000073e+04 1.052244434143879470e+00
1.158039999999999964e+04 1.106137065763182825e+00
1.158060000000000036e+04 1.136491645723191724e+00
1.158079999999999927e+04 1.126761912573136293e+00
1.158100000000000000e+04 1.057149524965624643e+00
1.158120000000000073e+04 1.038848143155514325e+00
1.158139999999999964e+04 1.083429260736137545e+00
1.158160000000000036e+04 1.018582172043467571e+00
1.158179999999999927e+04 1.093381575241594295e+00
1.158200000000000000e+04 1.079015457360889219e+00
1.158220000000000073e+04 1.068830594966482250e+00
1.158239999999999964e+04 1.031100629225389254e+00
1.158260000000000036e+04 1.105309880326382999e+00
1.158279999999999927e+04 1.069200916631857678e+00
1.158300000000000000e+04 1.048669383273916678e+00
1.158320000000000073e+04 9.910828774356861270e-01
1.158339999999999964e+04 1.090339512957826162e+00
1.158360000000000036e+04 1.154084256535063524e+00
1.158379999999999927e+04 1.150968501531320687e+00
1.158400000000000000e+04 1.079422765801768325e+00
1.158420000000000073e+04 1.075156661447969064e+00
1.158439999999999964e+04 1.113795685286142589e+00
1.158460000000000036e+04 1.063286397027227492e+00
1.158479999999999927e+04 1.110144341819988334e+00
1.158500000000000000e+04 1.127174251529744708e+00
1.158520000000000073e+04 1.144097205981139176e+00
1.158539999999999964e+04 1.100573124414198078e+00
1.158560000000000036e+04 1.098256016410348757e+00
1.158579999999999927e+04 1.076359757336460277e+00
1.158600000000000000e+04 1.080816471736439910e+00
1.158620000000000073e+04 1.102716695140886216e+00
1.158639999999999964e+04 1.125442136208914201e+00
1.158660000000000036e+04 1.146456462714875002e+00
1.158679999999999927e+04 1.089734933177084253e+00
1.158700000000000000e+04 1.170064570922185521e+00
1.158720000000000073e+04 1.111830851839338719e+00
1.158739999999999964e+04 1.123219058829792116e+00
1.158760000000000036e+04 1.100908437527666983e+00
1.158779999999999927e+04 1.045214218987137622e+00
1.158800000000000000e+04 1.163195510815707490e+00
1.158820000000000073e+04 1.160823443962986090e+00
1.158839999999999964e+04 1.127140901494271041e+00
1.158860000000000036e+04 1.142222278588162387e+00
1.158879999999999927e+04 1.160535038542509945e+00
1.158900000000000000e+04 1.094569269505414777e+00
1.158920000000000073e+04 1.131371140715776713e+00
1.158939999999999964e+04 1.180829971420505053e+00
1.158960000000000036e+04 1.112468858399293659e+00
1.158979999999999927e+04 1.170663467966099214e+00
1.159000000000000000e+04 1.115650480729341476e+00
1.159020000000000073e+04 1.181890492410830440e+00
1.159039999999999964e+04 1.169239202908563868e+00
1.159060000000000036e+04 1.117563545355147125e+00
1.159079999999999927e+04 1.217299801481032562e+00
1.159100000000000000e+04 1.154746973398123266e+00
1.159120000000000073e+04 1.155292325876611237e+00
1.159139999999999964e+04 1.194060196746614455e+00
1.159160000000000036e+04 1.231610723466190382e+00
1.159179999999999927e+04 1.159981769301205112e+00
1.159200000000000000e+04 1.201742481273616381e+00
1.159220000000000073e+04 1.218478138307518499e+00
1.159239999999999964e+04 1.231161813445943221e+00
1.159260000000000036e+04 1.217659640705193169e+00
1.159279999999999927e+04 1.200707139939595880e+00
1.159300000000000000e+04 1.188547475218642235e+00
1.159320000000000073e+04 1.224698884541712607e+00
1.159339999999999964e+04 1.188370985936187285e+00
1.159360000000000036e+04 1.126019004431446424e+00
1.159379999999999927e+04 1.246006779007259979e+00
1.159400000000000000e+04 1.264393445654867110e+00
1.159420000000000073e+04 1.153767273123294856e+00
1.159439999999999964e+04 1.204563156719292483e+00
1.159460000000000036e+04 1.262842797320868460e+00
1.159479999999999927e+04 1.313181171086508447e+00
1.159500000000000000e+04 1.245965589811267815e+00
1.159520000000000073e+04 1.221511502241730218e+00
1.159539999999999964e+04 1.242667463355626278e+00
1.159560000000000036e+04 1.298680404190068582e+00
1.159579999999999927e+04 1.231149133055006395e+00
1.159600000000000000e+04 1.227389671144721417e+00
1.159620000000000073e+04 1.238391021236994405e+00
1.159639999999999964e+04 1.223546706618662494e+00
1.159660000000000036e+04 1.262283385522481982e+00
1.159679999999999927e+04 1.316354046988310156e+00
1.159700000000000000e+04 1.271798140912841824e+00
1.159770000000000073e+04 1.254771631901653750e+00
1.159839999999999964e+04 1.256699098823227612e+00
1.159910000000000036e+04 1.215741765620028225e+00
1.159979999999999927e+04 1.303552162498909039e+00
1.160050000000000000e+04 1.273823511304791989e+00
1.160120000000000073e+04 1.274441466086115415e+00
1.160189999999999964e+04 1.395739282104388579e+00
1.160260000000000036e+04 1.300636009811075411e+00
1.160329999999999927e+04 1.269453226775396626e+00
1.160499369499999921e+04 1.293450177935758560e+00
1.160599958300000071e+04 1.356962079930566611e+00
1.160701766200000020e+04 1.330523495489412955e+00
1.160804793299999983e+04 1.287307205238759078e+00
1.160909039599999960e+04 1.380535721485900869e+00
1.161014505099999951e+04 1.339326056105318852e+00
1.161121189799999956e+04 1.442012167413409651e+00
1.161229093699999976e+04 1.430679337979138044e+00
1.161338216699999975e+04 1.394038651465313805e+00
1.161448559000000023e+04 1.470743727107221233e+00
1.161560120400000051e+04 1.445921266307836905e+00
1.161672901099999945e+04 1.490353292534604801e+00
1.161786900900000001e+04 1.493534001041595172e+00
1.161902119900000071e+04 1.463100106111846932e+00
1.162018558200000007e+04 1.484195063739802922e+00
1.162136215599999923e+04 1.555945796508503287e+00
1.162255092200000036e+04 1.520002676216886561e+00
1.162375187899999946e+04 1.529395729056046038e+00
1.162496502900000087e+04 1.521697569880072320e+00
1.162619037100000060e+04 1.578763684199716133e+00
1.162742790400000013e+04 1.645529535383328579e+00
1.162867763000000014e+04 1.546407747631405760e+00
1.162993954699999995e+04 1.595075839584961575e+00
1.163121365700000024e+04 1.653191054116130765e+00
1.163249995800000033e+04 1.611439391654484243e+00
1.163379845100000057e+04 1.640785232587941955e+00
1.163510913599999913e+04 1.598924273570524246e+00
1.163643201299999964e+04 1.660586264639472898e+00
1.163776708200000030e+04 1.649839681105868205e+00
1.163911434200000076e+04 1.701610311021921396e+00
1.164047379499999988e+04 1.719909058413605418e+00
1.164184543999999914e+04 1.779433536608855615e+00
1.164322927600000003e+04 1.720762191755453863e+00
1.164462530499999957e+04 1.724113382970146269e+00
1.164603352500000074e+04 1.733091717707928581e+00
1.164745393700000022e+04 1.726519465390931929e+00
1.164888654099999985e+04 1.764421278334193932e+00
1.165033133699999962e+04 1.757031619351377305e+00
1.165178832499999953e+04 1.789396663977915303e+00
1.165325750499999958e+04 1.845419381704478168e+00
1.165473887699999977e+04 1.781246069957259870e+00
1.165623243999999977e+04 1.873727923809425544e+00
1.165773819600000024e+04 1.897092031400245293e+00
1.165925614300000052e+04 1.865177370025639103e+00
1.166078628299999946e+04 1.813738417926079372e+00
1.166232861400000002e+04 1.883999419144856358e+00
1.166388313700000072e+04 1.966778427263308870e+00
1.166544985199999974e+04 1.938569827852124616e+00
1.166702875900000072e+04 1.921557221532345539e+00
1.166861985800000002e+04 1.955111040571409609e+00
1.167022314899999947e+04 2.018630989021937161e+00
1.167183863200000087e+04 2.024933098914593277e+00
1.167346630700000060e+04 2.013781654186234782e+00
1.167510617300000013e+04 2.026535071220340711e+00
1.167675823200000013e+04 2.042853987573900909e+00
1.167842248199999995e+04 2.041692085511539023e+00
1.168009892399999990e+04 2.146536532354177851e+00
1.168178755799999999e+04 2.097321400139574799e+00
1.168348838500000056e+04 2.169436564462249528e+00
1.168520140299999912e+04 2.199612046246214092e+00
1.168692661299999963e+04 2.203563637165477651e+00
1.168866401399999995e+04 2.182201640856083813e+00
1.169041360800000075e+04 2.250120303516865761e+00
1.169217539399999987e+04 2.292806282162298537e+00
1.169394937100000061e+04 2.340532754443964691e+00
1.169573554100000001e+04 2.480510128845139661e+00
1.169753390199999922e+04 2.530176431480418486e+00
1.169934445500000038e+04 2.695699274543215118e+00
1.170116720100000020e+04 2.679900595152698628e+00
1.170300213799999983e+04 2.693869289453967308e+00
1.170484926699999960e+04 2.645776301185200907e+00
1.170670858799999951e+04 2.556485951400642165e+00
1.170858009999999922e+04 2.521751228188048088e+00
1.171046380499999941e+04 2.441254023731437517e+00
1.171235970199999974e+04 2.470452298271613500e+00
1.171426778999999988e+04 2.393937716641168389e+00
1.171618807100000049e+04 2.457660898031832630e+00
1.171812054300000091e+04 2.538638199055044176e+00
1.172006520699999965e+04 2.457039825140865386e+00
1.172202206400000068e+04 2.489543015554295469e+00
1.172399111199999970e+04 2.552345745093254070e+00
1.172597235200000068e+04 2.562832048463689283e+00
1.172796578399999999e+04 2.590713934005894448e+00
1.172997140700000091e+04 2.616319961575651831e+00
1.173198922300000049e+04 2.642689091756155406e+00
1.173401923100000022e+04 2.681888019071367424e+00
1.173606142999999975e+04 2.678522907522217000e+00
1.173811582199999975e+04 2.677192577137769369e+00
1.174018240499999956e+04 2.730428870976897127e+00
1.174226117999999951e+04 2.794160056806026304e+00
1.174435214799999994e+04 2.745258088591657764e+00
1.174645530700000018e+04 2.736897065985782973e+00
1.174857065800000055e+04 2.831949762620687316e+00
1.175069820099999924e+04 2.810739377800454353e+00
1.175283793499999956e+04 2.761222143568367926e+00
1.175498986200000036e+04 2.887767381988068038e+00
1.175715398099999948e+04 2.861590806280892796e+00
1.175933029100000022e+04 2.897011761325527512e+00
1.176151879399999962e+04 2.933094188568311278e+00
1.176371948800000064e+04 2.948721415582593597e+00
1.176593237399999998e+04 2.987658404688718239e+00
1.176815745299999980e+04 2.968635181563960668e+00
1.177039472299999943e+04 3.023191688228380691e+00
1.177264418499999920e+04 3.017694522059015227e+00
1.177490583800000059e+04 3.074602568949695858e+00
1.177717968400000063e+04 3.092841737999487250e+00
1.177946572200000082e+04 3.061351773527983156e+00
1.178176395199999934e+04 3.155133304976023290e+00
1.178407437299999947e+04 3.122157200866610971e+00
1.178639698700000008e+04 3.193086814178711208e+00
1.178873179200000050e+04 3.202624654737815657e+00
1.179107878899999923e+04 3.278212081411846945e+00
1.179343797799999993e+04 3.230943816859123352e+00
1.179580935900000077e+04 3.252025264213794564e+00
1.179819293199999993e+04 3.289259664366083857e+00
1.180058869699999923e+04 3.305194973922386925e+00
1.180299665400000049e+04 3.369522523204581343e+00
1.180541680300000007e+04 3.312189896770054709e+00
1.180784914299999946e+04 3.357158255262115087e+00
1.181029367599999932e+04 3.383728412185728285e+00
1.181275040000000081e+04 3.479839460518200145e+00
1.181521931699999914e+04 3.532058151520845790e+00
1.181770042500000091e+04 3.494640097296669801e+00
1.182019372499999918e+04 3.517533532531309071e+00
1.182269921699999941e+04 3.550623414053550420e+00
1.182521690099999978e+04 3.612429093215742348e+00
1.182774677700000029e+04 3.565211260870812193e+00
1.183028884499999913e+04 3.629400944254543404e+00
1.183284310499999992e+04 3.679599242375938495e+00
1.183540955600000052e+04 3.687804400030863405e+00
1.183798819999999978e+04 3.701344287635236263e+00
1.184057903500000066e+04 3.754942681477655420e+00
1.184318206199999986e+04 3.651581695128452765e+00
1.184579728199999954e+04 3.795761012459767159e+00
1.184842469300000084e+04 3.774947908535548624e+00
1.185106429600000047e+04 3.760836196944808751e+00
1.185371609100000023e+04 3.868414760878095215e+00
1.185638007800000014e+04 3.926346089200872136e+00
1.185905625599999985e+04 3.900845886308871080e+00
1.186174462700000004e+04 3.965653756484125658e+00
1.186444519000000037e+04 4.016907483947789181e+00
1.186715794400000050e+04 4.033421140387931203e+00
1.186988289099999929e+04 4.073388392778712230e+00
1.187262002899999970e+04 4.070879045467839852e+00
1.187536935900000026e+04 4.076458166892963142e+00
1.187813088099999914e+04 4.047233157939379211e+00
1.188090459499999997e+04 4.123485911774121604e+00
1.188369050099999913e+04 4.132019703907005237e+00
1.188648859900000025e+04 4.265488552616245599e+00
1.188929888899999969e+04 4.214019079544381263e+00
1.189212137099999927e+04 4.252849233939909546e+00
1.189495604400000047e+04 4.297429499135642317e+00
1.189780291000000034e+04 4.309088126911275296e+00
1.190066196700000000e+04 4.395291315742171356e+00
1.190353321700000015e+04 4.343408769172055983e+00
1.190641665800000010e+04 4.400720109720054118e+00
1.190931229100000019e+04 4.395845360267156110e+00
1.191222011600000042e+04 4.404329036649194506e+00
1.191514013300000079e+04 4.457743663885778140e+00
1.191807234199999948e+04 4.506844165822575299e+00
1.192101674300000013e+04 4.522803764654624636e+00
1.192397333500000059e+04 4.542834657365092177e+00
1.192694211999999970e+04 4.547799249829534318e+00
1.192992309600000044e+04 4.623620556597394682e+00
1.193291626499999984e+04 4.604798571061539114e+00
1.193592162500000086e+04 4.713863490507520737e+00
1.193893917700000020e+04 4.721632713508191692e+00
1.194196892099999968e+04 4.698988333790640404e+00
1.194501085799999964e+04 4.769360993746491140e+00
1.194806498500000089e+04 4.785286423705017889e+00
1.195113130500000079e+04 4.854016239478240458e+00
1.195420981700000084e+04 4.920209892059149936e+00
1.195730052099999921e+04 4.840396004461476664e+00
1.196040341599999920e+04 4.941689359941960902e+00
1.196351850399999967e+04 4.964794777676733162e+00
1.196664578299999994e+04 5.026159822678472722e+00
1.196978525500000069e+04 5.042394763611838471e+00
1.197293691799999942e+04 5.041875681135388199e+00
1.197610077300000012e+04 5.089066081879334291e+00
1.197927681999999913e+04 5.105195571511625729e+00
1.198246505900000011e+04 5.201781546282925106e+00
1.198566548999999941e+04 5.198963008388297169e+00
1.198887811200000033e+04 5.296266414925328903e+00
1.199210292699999991e+04 5.260884807649901518e+00
1.199533993399999963e+04 5.271169625133067527e+00
1.199858913199999915e+04 5.276057056823090008e+00
1.200185052299999916e+04 5.298559997778212960e+00
1.200512410500000078e+04 5.339310848194187109e+00
1.200840987900000073e+04 5.435501841918263466e+00
1.201170784500000082e+04 5.476183986910380774e+00
1.201501800299999923e+04 5.437134205894936123e+00
1.201834035299999960e+04 5.555291139662749345e+00
1.202167489500000011e+04 5.541272650252992982e+00
1.202502162900000076e+04 5.597065423271703644e+00
1.202838055399999939e+04 5.681797774370799026e+00
1.203175167200000033e+04 5.690712919746119702e+00
1.203513498199999958e+04 5.684638130908651554e+00
1.203853048300000046e+04 5.697183846821526565e+00
1.204193817599999966e+04 5.688787778127422534e+00
1.204535806100000082e+04 5.773604638302971992e+00
1.204879013900000064e+04 5.825961454099889636e+00
1.205223440800000026e+04 5.834804775753258177e+00
1.205569086799999968e+04 5.899902549991429268e+00
1.205915952099999959e+04 5.943353606673300149e+00
1.206264036599999963e+04 5.969198450843133053e+00
1.206613340299999982e+04 5.988941265277562209e+00
1.206963863099999980e+04 6.053036555656156281e+00
1.207315605200000027e+04 6.098869801174600092e+00
1.207668566400000054e+04 6.082005240491599629e+00
1.208022746799999913e+04 6.204652742026475210e+00
1.208378146500000003e+04 6.188269511945500234e+00
1.208734765300000072e+04 6.227953919098311530e+00
1.209092603299999973e+04 6.288905858648357494e+00
1.209451660500000071e+04 6.308123138326033441e+00
1.209811936900000001e+04 6.369326853827242729e+00
1.210173432399999911e+04 6.382705914106302281e+00
1.210536147200000050e+04 6.387674649921033954e+00
1.210900081099999989e+04 6.458101982551452735e+00
1.211265234299999975e+04 6.442418294474799190e+00
1.211631606599999941e+04 6.523415415477735735e+00
1.211999198199999955e+04 6.555020146162848782e+00
1.212368008899999950e+04 6.585727542663827094e+00
1.212738038799999958e+04 6.625345454391931455e+00
1.213109287899999981e+04 6.602158430052918803e+00
1.213481756200000018e+04 6.686162497625241841e+00
1.213855443700000069e+04 6.746823271206396910e+00
1.214230350299999918e+04 6.787054682799179339e+00
1.214606476199999997e+04 6.782826520042533502e+00
1.214983821300000091e+04 6.900779925398509818e+00
1.215362385499999982e+04 6.866306961645386231e+00
1.215742168900000070e+04 6.968721080213616581e+00
1.216123171600000023e+04 6.988915521467538916e+00
1.216505393399999957e+04 6.990105533800522686e+00
1.216888834400000087e+04 7.113462667163854114e+00
1.217273494600000049e+04 7.050090049444720286e+00
1.217659374000000025e+04 7.163463707504416966e+00
1.218046472600000016e+04 7.205740000670786571e+00
1.218434790299999986e+04 7.187129760055012362e+00
1.218824327300000004e+04 7.297967401879596139e+00
1.219215083500000037e+04 7.280597383680563972e+00
1.219607058800000050e+04 7.339409098464118486e+00
1.220000253300000077e+04 7.378486605352932770e+00
1.220394667099999970e+04 7.404159169027578535e+00
1.220790300000000025e+04 7.476514112280977287e+00
1.221187152099999912e+04 7.516698916194678226e+00
1.221585223399999995e+04 7.468249811814880346e+00
1.221984513899999911e+04 7.613980564296774389e+00
1.222385023600000022e+04 7.551683107653834881e+00
1.222786752399999932e+04 7.686140938541747403e+00
1.223189700500000072e+04 7.729211996546423435e+00
1.223593867800000044e+04 7.693081467300930676e+00
1.223999254199999996e+04 7.758005940634964404e+00
1.224405859799999962e+04 7.774484347793919170e+00
1.224813684699999976e+04 7.846961296806434838e+00
1.225222728699999971e+04 7.884948631692401122e+00
1.225632991899999979e+04 7.964424954579279792e+00
1.226044474300000002e+04 8.023967480240392192e+00
1.226457175900000038e+04 8.068620795533737677e+00
1.226871096700000089e+04 8.042763042076078506e+00
1.227286236599999938e+04 8.097414476114551007e+00
1.227702595800000017e+04 8.088129874739845349e+00
1.228120174199999929e+04 8.161421065005949771e+00
1.228538971700000002e+04 8.265452199584355952e+00
1.228958988400000089e+04 8.331093833871076271e+00
1.229380224400000043e+04 8.275581253944084281e+00
1.229802679499999977e+04 8.341486006039039225e+00
1.230226353799999924e+04 8.403334893652157689e+00
1.230651247300000068e+04 8.457257944288169682e+00
1.231077360000000044e+04 8.463095446747063377e+00
1.231504691900000034e+04 8.549119944522979964e+00
1.231933242900000005e+04 8.561014709246860477e+00
1.232363013200000023e+04 8.620635015838075788e+00
1.232794002600000022e+04 8.683541025472544916e+00
1.233226211300000068e+04 8.708848416973076212e+00
1.233659639099999913e+04 8.736667451872198953e+00
1.234094286099999954e+04 8.792202653216570241e+00
1.234530152400000043e+04 8.836725723129305266e+00
1.234967237799999930e+04 8.871474880807586061e+00
1.235405542400000013e+04 8.919197536547766703e+00
1.235845066199999928e+04 9.027122260618789085e+00
1.236285809100000006e+04 9.036543471221671453e+00
1.236727771299999949e+04 9.051501359626385579e+00
1.237170952700000089e+04 9.130685642434444915e+00
1.237615353200000027e+04 9.140179971063220776e+00
1.238060973000000013e+04 9.237256578289532172e+00
1.238507811899999979e+04 9.254456331752502152e+00
1.238955869999999959e+04 9.283711680216351070e+00
1.239405147299999953e+04 9.347596106790250658e+00
1.239855643799999962e+04 9.323640423748789985e+00
1.240307359499999984e+04 9.384816827808533546e+00
1.240760294400000021e+04 9.428165122556420030e+00
1.241214448500000071e+04 9.520710893463444791e+00
1.241669821799999954e+04 9.621549860538337384e+00
1.242126414199999999e+04 9.686514251920074869e+00
1.242584225899999910e+04 9.678598085915666616e+00
1.243043256699999984e+04 9.719803279496106896e+00
1.243503506799999923e+04 9.686840950808011996e+00
1.243964976000000024e+04 9.777024979740563282e+00
1.244427664399999958e+04 9.815541693348333041e+00
1.244891572000000087e+04 9.868463719750131702e+00
1.245356698800000049e+04 9.931200607831803140e+00
1.245823044800000025e+04 9.967971163277931979e+00
1.246290610000000015e+04 9.962720148194787129e+00
1.246759394299999985e+04 1.010466787701176195e+01
1.247229397900000004e+04 1.008918440629419955e+01
1.247700620600000002e+04 1.018214816507008003e+01
1.248173062600000048e+04 1.029378400882984401e+01
1.248646723700000075e+04 1.023780341739794331e+01
1.249121603999999934e+04 1.023025703764123939e+01
1.249597703600000023e+04 1.035660418334619060e+01
1.250075022299999910e+04 1.045295938031755867e+01
1.250553560199999993e+04 1.052915034006278105e+01
1.251033317200000056e+04 1.046719830966405951e+01
1.251514293499999985e+04 1.057616037566042522e+01
1.251996488999999929e+04 1.059140018902854230e+01
1.252479903700000068e+04 1.065292538084331397e+01
1.252964537500000006e+04 1.079729674715223453e+01
