1.138059698199999912e+04 1.901922986364962820e-01
1.138559698199999912e+04 1.913273906098457433e-01
1.139059698199999912e+04 1.907974092921798093e-01
1.139559698199999912e+04 1.904131900970162938e-01
1.140059698199999912e+04 1.913040820929321206e-01
1.140559698199999912e+04 1.919587986605904018e-01
1.141059698199999912e+04 1.924784827598322867e-01
1.141559698199999912e+04 1.929046265962137130e-01
1.142059698199999912e+04 1.936314774360525515e-01
1.142559698199999912e+04 1.945135794898218973e-01
1.143059698199999912e+04 1.951248591486092199e-01
1.143559698199999912e+04 1.957977399235431015e-01
1.144059698199999912e+04 1.964952584071622543e-01
1.144559698199999912e+04 1.970951941330781332e-01
1.145059698199999912e+04 1.976938293189053897e-01
1.145559698199999912e+04 1.984581366382583700e-01
1.146059698199999912e+04 1.992163802100336834e-01
1.146559698199999912e+04 1.999296110913196534e-01
1.147059698199999912e+04 2.006969990947995719e-01
1.147559698199999912e+04 2.015550807413655221e-01
1.148059698199999912e+04 2.022891366928243895e-01
1.148559698199999912e+04 2.032814775602910240e-01
1.149059698199999912e+04 2.042807121940459492e-01
1.149559698199999912e+04 2.054123882659091571e-01
1.150059698199999912e+04 2.065731317551164903e-01
1.150559698199999912e+04 2.079956773027249184e-01
1.151059698199999912e+04 2.095250597568537321e-01
1.151559698199999912e+04 2.111373427622838528e-01
1.152059698199999912e+04 2.132804123179689593e-01
1.152559698199999912e+04 2.159535855334892840e-01
1.153059698199999912e+04 2.191579092395954942e-01
1.153400000000000000e+04 2.219684094279921749e-01
1.153500000000000000e+04 2.228922391514930879e-01
1.153600000000000000e+04 2.241111443970073003e-01
1.153700000000000000e+04 2.250493618148695363e-01
1.153800000000000000e+04 2.263192249870641659e-01
1.153900000000000000e+04 2.275142993007770731e-01
1.154000000000000000e+04 2.286366825073525011e-01
1.154100000000000000e+04 2.300195959103444598e-01
1.154120000000000073e+04 2.304252537454802574e-01
1.154139999999999964e+04 2.302193749848245319e-01
1.154160000000000036e+04 2.312102973685659923e-01
1.154179999999999927e+04 2.325487551890764448e-01
1.154200000000000000e+04 2.314125963517912610e-01
1.154220000000000073e+04 2.317752928225538245e-01
1.154239999999999964e+04 2.335878524067420137e-01
1.154260000000000036e+04 2.331459684815194722e-01
1.154279999999999927e+04 2.330338031409350530e-01
1.154300000000000000e+04 2.333332237884805371e-01
1.154320000000000073e+04 2.340946089717308443e-01
1.154339999999999964e+04 2.344595525605022157e-01
1.154360000000000036e+04 2.352729917489808087e-01
1.154379999999999927e+04 2.355023176735039914e-01
1.154400000000000000e+04 2.359245999732473009e-01
1.154420000000000073e+04 2.347739590664231490e-01
1.154439999999999964e+04 2.364526746032432347e-01
1.154460000000000036e+04 2.368148609914378644e-01
1.154479999999999927e+04 2.371137040550035935e-01
1.154500000000000000e+04 2.371960593061870071e-01
1.154520000000000073e+04 2.379965198329458409e-01
1.154539999999999964e+04 2.386383021354078759e-01
1.154560000000000036e+04 2.391451447838011668e-01
1.154579999999999927e+04 2.393413271348450444e-01
1.154600000000000000e+04 2.401533941510934911e-01
1.154620000000000073e+04 2.406435599789311930e-01
1.154639999999999964e+04 2.412401709169583741e-01
1.154660000000000036e+04 2.417493212411988557e-01
1.154679999999999927e+04 2.423449570058630875e-01
1.154700000000000000e+04 2.422538844461372687e-01
1.154720000000000073e+04 2.421779054898740569e-01
1.154739999999999964e+04 2.441840312442957184e-01
1.154760000000000036e+04 2.451113158257555436e-01
1.154779999999999927e+04 2.447402530084696881e-01
1.154800000000000000e+04 2.456959818083583325e-01
1.154820000000000073e+04 2.467049719888048664e-01
1.154839999999999964e+04 2.468260320043343947e-01
1.154860000000000036e+04 2.478963707823866325e-01
1.154879999999999927e+04 2.486373094806969830e-01
1.154900000000000000e+04 2.492787809083359118e-01
1.154920000000000073e+04 2.491033682112622771e-01
1.154939999999999964e+04 2.501498600392097482e-01
1.154960000000000036e+04 2.510214442542433866e-01
1.154979999999999927e+04 2.526068857311046800e-01
1.155000000000000000e+04 2.532362364637324448e-01
1.155020000000000073e+04 2.533590849441664239e-01
1.155039999999999964e+04 2.539994819111710544e-01
1.155060000000000036e+04 2.556432478144471387e-01
1.155079999999999927e+04 2.556924679911349862e-01
1.155100000000000000e+04 2.573820849317915993e-01
1.155120000000000073e+04 2.581159596807560686e-01
1.155139999999999964e+04 2.590480342691841575e-01
1.155160000000000036e+04 2.607952936404514532e-01
1.155179999999999927e+04 2.613341060039145458e-01
1.155200000000000000e+04 2.629878417132140989e-01
1.155220000000000073e+04 2.637039812260359994e-01
1.155239999999999964e+04 2.639398095063255067e-01
1.155260000000000036e+04 2.648767380511106162e-01
1.155279999999999927e+04 2.674576559333305958e-01
1.155300000000000000e+04 2.702920136501988924e-01
1.155320000000000073e+04 2.698761005254605716e-01
1.155339999999999964e+04 2.711281959155753540e-01
1.155360000000000036e+04 2.740595429074196288e-01
1.155379999999999927e+04 2.747174044462300513e-01
1.155400000000000000e+04 2.764415485343120205e-01
1.155420000000000073e+04 2.790221736315337542e-01
1.155439999999999964e+04 2.790562076887228016e-01
1.155460000000000036e+04 2.798389316112109837e-01
1.155479999999999927e+04 2.835887613627740000e-01
1.155500000000000000e+04 2.859741767254037614e-01
1.155520000000000073e+04 2.873387731248833177e-01
1.155539999999999964e+04 2.885289742626870879e-01
1.155560000000000036e+04 2.914981613292945695e-01
1.155579999999999927e+04 2.935235825753306771e-01
1.155600000000000000e+04 2.963564395759473724e-01
1.155620000000000073e+04 2.984702107818741901e-01
1.155639999999999964e+04 3.008010875628605585e-01
1.155660000000000036e+04 3.035028870816985913e-01
1.155679999999999927e+04 3.066297320232042600e-01
1.155700000000000000e+04 3.100577806348118193e-01
1.155720000000000073e+04 3.135425261636318739e-01
1.155739999999999964e+04 3.170890786362510760e-01
1.155760000000000036e+04 3.215660410404348468e-01
1.155779999999999927e+04 3.238364920728671881e-01
1.155800000000000000e+04 3.273145528297225493e-01
1.155820000000000073e+04 3.315238801817958492e-01
1.155839999999999964e+04 3.362802200550448761e-01
1.155860000000000036e+04 3.404906320075536952e-01
1.155879999999999927e+04 3.457942957697620612e-01
1.155900000000000000e+04 3.515097367576877629e-01
1.155920000000000073e+04 3.565362530629428428e-01
1.155939999999999964e+04 3.643077580404682769e-01
1.155960000000000036e+04 3.696824670716490346e-01
1.155979999999999927e+04 3.773938801220328987e-01
1.156000000000000000e+04 3.845233891131073500e-01
1.156020000000000073e+04 3.921686318926548287e-01
1.156039999999999964e+04 4.011072474106378571e-01
1.156060000000000036e+04 4.099202917429898285e-01
1.156079999999999927e+04 4.199116949628425854e-01
1.156100000000000000e+04 4.308315203668431348e-01
1.156120000000000073e+04 4.408438342947487709e-01
1.156139999999999964e+04 4.540812789980328557e-01
1.156160000000000036e+04 4.666731602112438315e-01
1.156179999999999927e+04 4.820006975945739791e-01
1.156200000000000000e+04 4.977361217228979395e-01
1.156220000000000073e+04 5.153182074208421115e-01
1.156239999999999964e+04 5.323869601877626589e-01
1.156260000000000036e+04 5.508265882870267971e-01
1.156279999999999927e+04 5.721527497524415695e-01
1.156300000000000000e+04 5.950105438879716990e-01
1.156320000000000073e+04 6.171963461865016543e-01
1.156339999999999964e+04 6.418293261969713059e-01
1.156360000000000036e+04 6.687161563150165744e-01
1.156379999999999927e+04 6.962637849986054173e-01
1.156400000000000000e+04 7.246021099056101367e-01
1.156420000000000073e+04 7.540474149480712596e-01
1.156439999999999964e+04 7.834335669923526702e-01
1.156460000000000036e+04 8.125139936787008077e-01
1.156479999999999927e+04 8.437385918286854913e-01
1.156500000000000000e+04 8.719873153501115359e-01
1.156520000000000073e+04 8.996496319362736749e-01
1.156539999999999964e+04 9.275249960218546752e-01
1.156560000000000036e+04 9.519854571327930337e-01
1.156579999999999927e+04 9.762784470374968882e-01
1.156600000000000000e+04 9.999615546723087389e-01
1.156620000000000073e+04 1.019676836862208447e+00
1.156639999999999964e+04 1.036519613819854024e+00
1.156660000000000036e+04 1.052650723179531456e+00
1.156679999999999927e+04 1.066950220206444699e+00
1.156700000000000000e+04 1.079034011178831465e+00
1.156720000000000073e+04 1.089597254164220708e+00
1.156739999999999964e+04 1.097424882956816505e+00
1.156760000000000036e+04 1.102281122437908989e+00
1.156779999999999927e+04 1.108107560841642414e+00
1.156800000000000000e+04 1.110506326257363563e+00
1.156820000000000073e+04 1.111688967500989111e+00
1.156839999999999964e+04 1.112820200554242467e+00
1.156860000000000036e+04 1.110387483789222252e+00
1.156879999999999927e+04 1.107670306225849277e+00
1.156900000000000000e+04 1.104097866669763839e+00
1.156920000000000073e+04 1.101118242496576416e+00
1.156939999999999964e+04 1.096558450478194002e+00
1.156960000000000036e+04 1.089774613225195532e+00
1.156979999999999927e+04 1.082614949685078098e+00
1.157000000000000000e+04 1.074830947942146508e+00
1.157020000000000073e+04 1.067614550665988205e+00
1.157039999999999964e+04 1.060104965229661911e+00
1.157060000000000036e+04 1.051379235034815673e+00
1.157079999999999927e+04 1.042809753333698408e+00
1.157100000000000000e+04 1.034096806497753374e+00
1.157120000000000073e+04 1.025860604765781670e+00
1.157139999999999964e+04 1.017213798933178870e+00
1.157160000000000036e+04 1.008973595468762197e+00
1.157179999999999927e+04 1.001985677322540624e+00
1.157200000000000000e+04 9.946199057797308063e-01
1.157220000000000073e+04 9.870971435803272964e-01
1.157239999999999964e+04 9.798080609919453954e-01
1.157260000000000036e+04 9.726523440758719774e-01
1.157279999999999927e+04 9.666038798172359447e-01
1.157300000000000000e+04 9.611462921470453891e-01
1.157320000000000073e+04 9.550710377184896682e-01
1.157339999999999964e+04 9.494779696832195137e-01
1.157360000000000036e+04 9.451644132988562541e-01
1.157379999999999927e+04 9.400358772826216125e-01
1.157400000000000000e+04 9.352293825904660629e-01
1.157420000000000073e+04 9.317147651284635179e-01
1.157439999999999964e+04 9.277413261394586996e-01
1.157460000000000036e+04 9.238148510246713130e-01
1.157479999999999927e+04 9.206052203186658733e-01
1.157500000000000000e+04 9.176048992646204105e-01
1.157520000000000073e+04 9.147460244815303065e-01
1.157539999999999964e+04 9.126598090898800919e-01
1.157560000000000036e+04 9.101828890379113357e-01
1.157579999999999927e+04 9.078133379501572842e-01
1.157600000000000000e+04 9.060300950508900497e-01
1.157620000000000073e+04 9.045019534614442414e-01
1.157639999999999964e+04 9.040625912309964152e-01
1.157660000000000036e+04 9.019593525375370069e-01
1.157679999999999927e+04 9.014060016689466881e-01
1.157700000000000000e+04 9.003987838412487177e-01
1.157720000000000073e+04 8.995296245866937213e-01
1.157739999999999964e+04 8.997322466718898903e-01
1.157760000000000036e+04 8.995303146105847469e-01
1.157779999999999927e+04 8.994812698035087317e-01
1.157800000000000000e+04 8.996067281870578913e-01
1.157820000000000073e+04 8.997160406671513844e-01
1.157839999999999964e+04 8.995717697744529673e-01
1.157860000000000036e+04 9.006821971968405061e-01
1.157879999999999927e+04 9.012590040598016383e-01
1.157900000000000000e+04 9.016315428038232938e-01
1.157920000000000073e+04 9.022454884805023445e-01
1.157939999999999964e+04 9.025660476540605659e-01
1.157960000000000036e+04 9.028060679857337067e-01
1.157979999999999927e+04 9.026862254322602919e-01
1.158000000000000000e+04 9.046075876242973823e-01
1.158020000000000073e+04 9.032979368670051024e-01
1.158039999999999964e+04 9.045919032812962390e-01
1.158060000000000036e+04 9.053843861888227762e-01
1.158079999999999927e+04 9.054791711406970922e-01
1.158100000000000000e+04 9.042509836528698219e-01
1.158120000000000073e+04 9.057984570338044605e-01
1.158139999999999964e+04 9.047236197610907249e-01
1.158160000000000036e+04 9.040086445294808204e-01
1.158179999999999927e+04 9.043665563733839230e-01
1.158200000000000000e+04 9.043077209346387368e-01
1.158220000000000073e+04 9.031539207540714154e-01
1.158239999999999964e+04 9.025176885244907687e-01
1.158260000000000036e+04 9.017071736232511459e-01
1.158279999999999927e+04 8.998391834368031361e-01
1.158300000000000000e+04 8.993798333113961485e-01
1.158320000000000073e+04 8.987566131926981727e-01
1.158339999999999964e+04 8.974865006415345681e-01
1.158360000000000036e+04 8.968977461849978461e-01
1.158379999999999927e+04 8.956282484284745493e-01
1.158400000000000000e+04 8.954544432868427606e-01
1.158420000000000073e+04 8.942164719854462929e-01
1.158439999999999964e+04 8.937635364913389946e-01
1.158460000000000036e+04 8.920718013677194635e-01
1.158479999999999927e+04 8.918996812332953272e-01
1.158500000000000000e+04 8.908508119745028875e-01
1.158520000000000073e+04 8.898139747987079406e-01
1.158539999999999964e+04 8.902559934211204951e-01
1.158560000000000036e+04 8.895263229782111036e-01
1.158579999999999927e+04 8.889869697304998430e-01
1.158600000000000000e+04 8.896757416829517151e-01
1.158620000000000073e+04 8.887828652081553038e-01
1.158639999999999964e+04 8.889423124207562754e-01
1.158660000000000036e+04 8.890401621066051918e-01
1.158679999999999927e+04 8.897812973111061119e-01
1.158700000000000000e+04 8.885948169450775813e-01
1.158720000000000073e+04 8.894533059253688645e-01
1.158739999999999964e+04 8.901931220179766235e-01
1.158760000000000036e+04 8.910243570129655621e-01
1.158779999999999927e+04 8.914165687146791139e-01
1.158800000000000000e+04 8.928163110400874070e-01
1.158820000000000073e+04 8.935446159815837452e-01
1.158839999999999964e+04 8.931287729179222534e-01
1.158860000000000036e+04 8.941480333143978498e-01
1.158879999999999927e+04 8.949133159663732462e-01
1.158900000000000000e+04 8.989385533684760565e-01
1.158920000000000073e+04 8.979470522357175799e-01
1.158939999999999964e+04 8.995743559675788426e-01
1.158960000000000036e+04 9.001675804451308993e-01
1.158979999999999927e+04 9.027539935338760868e-01
1.159000000000000000e+04 9.028961326743637494e-01
1.159020000000000073e+04 9.039975383086723548e-01
1.159039999999999964e+04 9.067376572546690383e-01
1.159060000000000036e+04 9.077701610285573430e-01
1.159079999999999927e+04 9.092266752195841129e-01
1.159100000000000000e+04 9.104597915728077639e-01
1.159120000000000073e+04 9.116276825601561384e-01
1.159139999999999964e+04 9.133874174454276185e-01
1.159160000000000036e+04 9.161032954417643870e-01
1.159179999999999927e+04 9.174430884379619622e-01
1.159200000000000000e+04 9.198861797633955950e-01
1.159220000000000073e+04 9.219079395665915611e-01
1.159239999999999964e+04 9.234398756018954435e-01
1.159260000000000036e+04 9.258345303833420692e-01
1.159279999999999927e+04 9.257072689107017638e-01
1.159300000000000000e+04 9.275013321617994189e-01
1.159320000000000073e+04 9.300072638315879381e-01
1.159339999999999964e+04 9.317988701443311594e-01
1.159360000000000036e+04 9.314969295353509038e-01
1.159379999999999927e+04 9.331843897011496969e-01
1.159400000000000000e+04 9.333853703790194745e-01
1.159420000000000073e+04 9.339102088189521478e-01
1.159439999999999964e+04 9.358395111055692883e-01
1.159460000000000036e+04 9.357041920913400368e-01
1.159479999999999927e+04 9.342271514529297827e-01
1.159500000000000000e+04 9.355553993621770204e-01
1.159520000000000073e+04 9.350381289414594344e-01
1.159539999999999964e+04 9.353161513350481959e-01
1.159560000000000036e+04 9.353771253280154241e-01
1.159579999999999927e+04 9.358403288772085826e-01
1.159600000000000000e+04 9.353899668982970095e-01
1.159620000000000073e+04 9.334330262102642495e-01
1.159639999999999964e+04 9.328895857995183061e-01
1.159660000000000036e+04 9.323607004635416917e-01
1.159679999999999927e+04 9.324108319506182463e-01
1.159700000000000000e+04 9.309382499198112226e-01
1.159770000000000073e+04 9.268491176524035202e-01
1.159839999999999964e+04 9.231503747294376172e-01
1.159910000000000036e+04 9.192350077755668813e-01
1.159979999999999927e+04 9.153246350317510993e-01
1.160050000000000000e+04 9.118869654550696424e-01
1.160120000000000073e+04 9.090694306908606581e-01
1.160189999999999964e+04 9.065335627642358007e-01
1.160260000000000036e+04 9.046927360633874038e-01
1.160329999999999927e+04 9.029183317648945550e-01
1.160499369499999921e+04 8.988277327940445982e-01
1.160599958300000071e+04 8.979104131459163529e-01
1.160701766200000020e+04 8.974919023421800146e-01
1.160804793299999983e+04 8.983919289106976347e-01
1.160909039599999960e+04 9.008363298454079571e-01
1.161014505099999951e+04 9.064286115855948456e-01
1.161121189799999956e+04 9.145883781204693364e-01
1.161229093699999976e+04 9.269470916689368511e-01
1.161338216699999975e+04 9.435372007036552100e-01
1.161448559000000023e+04 9.664910747414114933e-01
1.161560120400000051e+04 9.972920549815510460e-01
1.161672901099999945e+04 1.036977645518742497e+00
1.161786900900000001e+04 1.084549458701917990e+00
1.161902119900000071e+04 1.139818076224130339e+00
1.162018558200000007e+04 1.198092829265616555e+00
1.162136215599999923e+04 1.255191922217403055e+00
1.162255092200000036e+04 1.301911908044604216e+00
1.162375187899999946e+04 1.333928553242909931e+00
1.162496502900000087e+04 1.344679951528910733e+00
1.162619037100000060e+04 1.329846489001709431e+00
1.162742790400000013e+04 1.293622460037035626e+00
1.162867763000000014e+04 1.239828811929845509e+00
1.162993954699999995e+04 1.178439307537196168e+00
1.163121365700000024e+04 1.115275151690547917e+00
1.163249995800000033e+04 1.057835763850464073e+00
1.163379845100000057e+04 1.011451331779568141e+00
1.163510913599999913e+04 9.761726430727265535e-01
1.163643201299999964e+04 9.508435063174077717e-01
1.163776708200000030e+04 9.343899133131496892e-01
1.163911434200000076e+04 9.243316577695258607e-01
1.164047379499999988e+04 9.180484102954084014e-01
1.164184543999999914e+04 9.133984992072258224e-01
1.164322927600000003e+04 9.096891014149843802e-01
1.164462530499999957e+04 9.075569902972681069e-01
1.164603352500000074e+04 9.068996249379998043e-01
1.164745393700000022e+04 9.050627287287232869e-01
1.164888654099999985e+04 9.046854841774112366e-01
1.165033133699999962e+04 9.048139088770671412e-01
1.165178832499999953e+04 9.065568198660504118e-01
1.165325750499999958e+04 9.081015318581709961e-01
1.165473887699999977e+04 9.096266256926499594e-01
1.165623243999999977e+04 9.128457848568052313e-01
1.165773819600000024e+04 9.150287448900077392e-01
1.165925614300000052e+04 9.176578433056165052e-01
1.166078628299999946e+04 9.203345851692145141e-01
1.166232861400000002e+04 9.227486774592207341e-01
1.166388313700000072e+04 9.240240607571597042e-01
1.166544985199999974e+04 9.258778491427192003e-01
1.166702875900000072e+04 9.269110768597946803e-01
1.166861985800000002e+04 9.274417024367545004e-01
1.167022314899999947e+04 9.283465805995773090e-01
1.167183863200000087e+04 9.286888567052044019e-01
1.167346630700000060e+04 9.284886511417602684e-01
1.167510617300000013e+04 9.292889783057366460e-01
1.167675823200000013e+04 9.299652331717128684e-01
1.167842248199999995e+04 9.305465620382680214e-01
1.168009892399999990e+04 9.307031795963451870e-01
1.168178755799999999e+04 9.315678289307669502e-01
1.168348838500000056e+04 9.328169109548948290e-01
1.168520140299999912e+04 9.336691234749998625e-01
1.168692661299999963e+04 9.340077662005858983e-01
1.168866401399999995e+04 9.341849054136690533e-01
1.169041360800000075e+04 9.336360731571012872e-01
1.169217539399999987e+04 9.337542291503662106e-01
1.169394937100000061e+04 9.325694066312308905e-01
1.169573554100000001e+04 9.317106916997737187e-01
1.169753390199999922e+04 9.302710891973906548e-01
1.169934445500000038e+04 9.289540636317547007e-01
1.170116720100000020e+04 9.267506883750457058e-01
1.170300213799999983e+04 9.255343074099601219e-01
1.170484926699999960e+04 9.250556091759898347e-01
1.170670858799999951e+04 9.243179366764620042e-01
1.170858009999999922e+04 9.244735057274455770e-01
1.171046380499999941e+04 9.239157899601092572e-01
1.171235970199999974e+04 9.257115742590504848e-01
1.171426778999999988e+04 9.265482717943960278e-01
1.171618807100000049e+04 9.285698048738189048e-01
1.171812054300000091e+04 9.305537327866764130e-01
1.172006520699999965e+04 9.322817526196192084e-01
1.172202206400000068e+04 9.343104116383261770e-01
1.172399111199999970e+04 9.362233430934714384e-01
1.172597235200000068e+04 9.385065880707968988e-01
1.172796578399999999e+04 9.405513356829962035e-01
1.172997140700000091e+04 9.413224257575505405e-01
1.173198922300000049e+04 9.424929673115211015e-01
1.173401923100000022e+04 9.449610863371815661e-01
1.173606142999999975e+04 9.454350193645167932e-01
1.173811582199999975e+04 9.461315526769160655e-01
1.174018240499999956e+04 9.470718361787242578e-01
1.174226117999999951e+04 9.475278399887939740e-01
1.174435214799999994e+04 9.481339430073578711e-01
1.174645530700000018e+04 9.479216884197354531e-01
1.174857065800000055e+04 9.497447902202901249e-01
1.175069820099999924e+04 9.497937905694485705e-01
1.175283793499999956e+04 9.499822891515742329e-01
1.175498986200000036e+04 9.504279352560326410e-01
1.175715398099999948e+04 9.505238018890184160e-01
1.175933029100000022e+04 9.487978039076728765e-01
1.176151879399999962e+04 9.483831898059496002e-01
1.176371948800000064e+04 9.469257121069004635e-01
1.176593237399999998e+04 9.457818940431136356e-01
1.176815745299999980e+04 9.441854381497709614e-01
1.177039472299999943e+04 9.435368192872105597e-01
1.177264418499999920e+04 9.423285974863303549e-01
1.177490583800000059e+04 9.420643060783294720e-01
1.177717968400000063e+04 9.418632419259654887e-01
1.177946572200000082e+04 9.412484343785244567e-01
1.178176395199999934e+04 9.420580807634812981e-01
1.178407437299999947e+04 9.421774828023203874e-01
1.178639698700000008e+04 9.433535694416321782e-01
1.178873179200000050e+04 9.448329371239503338e-01
1.179107878899999923e+04 9.460288899169068122e-01
1.179343797799999993e+04 9.465982336050687840e-01
1.179580935900000077e+04 9.483484686279066711e-01
1.179819293199999993e+04 9.503448780508586546e-01
1.180058869699999923e+04 9.521746212586271740e-01
1.180299665400000049e+04 9.542397018463232294e-01
1.180541680300000007e+04 9.564174783138912339e-01
1.180784914299999946e+04 9.575999499148898364e-01
1.181029367599999932e+04 9.602382903619599563e-01
1.181275040000000081e+04 9.619087520498983412e-01
1.181521931699999914e+04 9.631295242755435471e-01
1.181770042500000091e+04 9.637904841954222368e-01
1.182019372499999918e+04 9.640054150613212025e-01
1.182269921699999941e+04 9.637919567746230376e-01
1.182521690099999978e+04 9.626302193962202880e-01
1.182774677700000029e+04 9.625001359994760364e-01
1.183028884499999913e+04 9.609193954748911359e-01
1.183284310499999992e+04 9.600803364044125932e-01
1.183540955600000052e+04 9.590673760695762606e-01
1.183798819999999978e+04 9.576359486963370582e-01
1.184057903500000066e+04 9.572465648921899550e-01
1.184318206199999986e+04 9.561802252514725042e-01
1.184579728199999954e+04 9.571277331568455171e-01
1.184842469300000084e+04 9.561993494424839701e-01
1.185106429600000047e+04 9.564684455712199052e-01
1.185371609100000023e+04 9.564453435210782395e-01
1.185638007800000014e+04 9.578919995839262347e-01
1.185905625599999985e+04 9.579944628684046171e-01
1.186174462700000004e+04 9.581818129567418740e-01
1.186444519000000037e+04 9.596182541029490976e-01
1.186715794400000050e+04 9.593307901451757491e-01
1.186988289099999929e+04 9.608176069315412793e-01
1.187262002899999970e+04 9.620611287801233980e-01
1.187536935900000026e+04 9.632656018701515332e-01
1.187813088099999914e+04 9.645502635704519268e-01
1.188090459499999997e+04 9.661314620149121790e-01
1.188369050099999913e+04 9.675177189520668408e-01
1.188648859900000025e+04 9.686361416402298197e-01
1.188929888899999969e+04 9.703750407423906710e-01
1.189212137099999927e+04 9.706494991032920128e-01
1.189495604400000047e+04 9.720777442448866879e-01
1.189780291000000034e+04 9.728868711025515648e-01
1.190066196700000000e+04 9.733296214314635098e-01
1.190353321700000015e+04 9.730375944583659065e-01
1.190641665800000010e+04 9.732374038056095245e-01
1.190931229100000019e+04 9.718912833488174696e-01
1.191222011600000042e+04 9.713294867292203705e-01
1.191514013300000079e+04 9.710425566138755071e-01
1.191807234199999948e+04 9.709442507519491228e-01
1.192101674300000013e+04 9.710755242309444535e-01
1.192397333500000059e+04 9.706832665139366600e-01
1.192694211999999970e+04 9.707157336890386290e-01
1.192992309600000044e+04 9.709272160895912052e-01
1.193291626499999984e+04 9.714415631699138132e-01
1.193592162500000086e+04 9.720416713007111742e-01
1.193893917700000020e+04 9.731350076276077399e-01
1.194196892099999968e+04 9.735615831500828987e-01
1.194501085799999964e+04 9.737720792584854124e-01
1.194806498500000089e+04 9.745284052482777737e-01
1.195113130500000079e+04 9.755197895709433187e-01
1.195420981700000084e+04 9.755868831444883815e-01
1.195730052099999921e+04 9.762710079248007045e-01
1.196040341599999920e+04 9.776352684466059761e-01
1.196351850399999967e+04 9.791511741630459786e-01
1.196664578299999994e+04 9.804763686547640633e-01
1.196978525500000069e+04 9.812159316157038624e-01
1.197293691799999942e+04 9.826405726449747302e-01
1.197610077300000012e+04 9.832298964208587844e-01
1.197927681999999913e+04 9.841507541130966041e-01
1.198246505900000011e+04 9.840477497323903977e-01
1.198566548999999941e+04 9.857866274064455148e-01
1.198887811200000033e+04 9.858857184165508158e-01
1.199210292699999991e+04 9.862375739320083934e-01
1.199533993399999963e+04 9.866195832041804170e-01
1.199858913199999915e+04 9.869396183597207717e-01
1.200185052299999916e+04 9.868856020389135120e-01
1.200512410500000078e+04 9.873481027582774461e-01
1.200840987900000073e+04 9.865951322864354722e-01
1.201170784500000082e+04 9.859627587539934179e-01
1.201501800299999923e+04 9.862294100601981528e-01
1.201834035299999960e+04 9.854310701368590442e-01
1.202167489500000011e+04 9.858314258094670324e-01
1.202502162900000076e+04 9.863751258575383929e-01
1.202838055399999939e+04 9.867962541905186402e-01
1.203175167200000033e+04 9.868113951275975237e-01
1.203513498199999958e+04 9.873003070394623659e-01
1.203853048300000046e+04 9.874910541759803762e-01
1.204193817599999966e+04 9.887142260381371894e-01
1.204535806100000082e+04 9.897457179786461889e-01
1.204879013900000064e+04 9.902205299668485061e-01
1.205223440800000026e+04 9.915343237664127063e-01
1.205569086799999968e+04 9.924569064087137571e-01
1.205915952099999959e+04 9.940482019263914282e-01
1.206264036599999963e+04 9.955691545515541474e-01
1.206613340299999982e+04 9.951416200617220209e-01
1.206963863099999980e+04 9.958652225595950869e-01
1.207315605200000027e+04 9.970940835868419283e-01
1.207668566400000054e+04 9.980417837539568016e-01
1.208022746799999913e+04 9.986722349280695576e-01
1.208378146500000003e+04 9.990673086159775895e-01
1.208734765300000072e+04 9.990580028081040842e-01
1.209092603299999973e+04 1.000385552132250666e+00
1.209451660500000071e+04 1.000184737832673143e+00
1.209811936900000001e+04 1.000462160261422540e+00
1.210173432399999911e+04 1.000795378517731482e+00
1.210536147200000050e+04 1.000685512263613131e+00
1.210900081099999989e+04 1.001023088512503323e+00
1.211265234299999975e+04 1.000994717011357782e+00
1.211631606599999941e+04 1.002017915426810513e+00
1.211999198199999955e+04 1.001811177514526419e+00
1.212368008899999950e+04 1.001731648580745038e+00
1.212738038799999958e+04 1.001627316778351373e+00
1.213109287899999981e+04 1.002079022471951575e+00
1.213481756200000018e+04 1.002700318858789741e+00
1.213855443700000069e+04 1.003808732234133583e+00
1.214230350299999918e+04 1.004266009710379493e+00
1.214606476199999997e+04 1.003593410347113357e+00
1.214983821300000091e+04 1.004417974878253794e+00
1.215362385499999982e+04 1.005964897725365459e+00
1.215742168900000070e+04 1.006860941716021918e+00
1.216123171600000023e+04 1.007774662989378012e+00
1.216505393399999957e+04 1.007959026156664883e+00
1.216888834400000087e+04 1.009139640544089112e+00
1.217273494600000049e+04 1.010169938718504801e+00
1.217659374000000025e+04 1.011817041211587664e+00
1.218046472600000016e+04 1.012601893976780909e+00
1.218434790299999986e+04 1.013081358098145257e+00
1.218824327300000004e+04 1.013548616141075831e+00
1.219215083500000037e+04 1.014030984373627708e+00
1.219607058800000050e+04 1.015024926616833190e+00
1.220000253300000077e+04 1.015804969145828851e+00
1.220394667099999970e+04 1.015743752672826794e+00
1.220790300000000025e+04 1.015840534082077307e+00
1.221187152099999912e+04 1.016979681542311997e+00
1.221585223399999995e+04 1.016806967634262371e+00
1.221984513899999911e+04 1.016911377230345082e+00
1.222385023600000022e+04 1.017360200627309696e+00
1.222786752399999932e+04 1.018341800231803429e+00
1.223189700500000072e+04 1.017897117801286777e+00
1.223593867800000044e+04 1.018200051151051611e+00
1.223999254199999996e+04 1.019069132506544184e+00
1.224405859799999962e+04 1.018995394519123687e+00
1.224813684699999976e+04 1.019878055048341725e+00
1.225222728699999971e+04 1.020226902161527782e+00
1.225632991899999979e+04 1.021045267704723258e+00
1.226044474300000002e+04 1.021101528163352867e+00
1.226457175900000038e+04 1.021568960489639855e+00
1.226871096700000089e+04 1.022171354151974354e+00
1.227286236599999938e+04 1.023125907406305046e+00
1.227702595800000017e+04 1.023306983526547587e+00
1.228120174199999929e+04 1.024487234231257649e+00
1.228538971700000002e+04 1.025350976692315896e+00
1.228958988400000089e+04 1.026494656263498229e+00
1.229380224400000043e+04 1.027608910946254062e+00
1.229802679499999977e+04 1.029078516261872078e+00
1.230226353799999924e+04 1.028996721011040894e+00
1.230651247300000068e+04 1.029854866179856332e+00
1.231077360000000044e+04 1.030868063925792333e+00
1.231504691900000034e+04 1.031473731542119410e+00
1.231933242900000005e+04 1.031655323405374469e+00
1.232363013200000023e+04 1.032430556259521959e+00
1.232794002600000022e+04 1.032859433162644613e+00
1.233226211300000068e+04 1.033687470699778066e+00
1.233659639099999913e+04 1.033543873004223235e+00
1.234094286099999954e+04 1.034339843028377892e+00
1.234530152400000043e+04 1.034583978195176668e+00
1.234967237799999930e+04 1.035423276927460945e+00
1.235405542400000013e+04 1.035507336573343373e+00
1.235845066199999928e+04 1.035190482641512144e+00
1.236285809100000006e+04 1.036523514652873734e+00
1.236727771299999949e+04 1.036991063655390732e+00
1.237170952700000089e+04 1.037528225269111148e+00
1.237615353200000027e+04 1.038328132962080819e+00
1.238060973000000013e+04 1.038693822290954305e+00
1.238507811899999979e+04 1.039083245415760137e+00
1.238955869999999959e+04 1.040096711866369539e+00
1.239405147299999953e+04 1.039875070206571772e+00
1.239855643799999962e+04 1.040829414471982073e+00
1.240307359499999984e+04 1.041497571445602066e+00
1.240760294400000021e+04 1.041923692832661175e+00
1.241214448500000071e+04 1.042796607744170601e+00
1.241669821799999954e+04 1.043088442333285126e+00
1.242126414199999999e+04 1.045163667204233482e+00
1.242584225899999910e+04 1.046694811126311242e+00
1.243043256699999984e+04 1.046795023912187483e+00
1.243503506799999923e+04 1.047580841776964089e+00
1.243964976000000024e+04 1.048079560860596171e+00
1.244427664399999958e+04 1.048863166206591258e+00
1.244891572000000087e+04 1.049658935402293158e+00
1.245356698800000049e+04 1.050250113545359465e+00
1.245823044800000025e+04 1.050959998430518683e+00
1.246290610000000015e+04 1.051201901754335921e+00
1.246759394299999985e+04 1.051860271516252388e+00
1.247229397900000004e+04 1.052482359614445029e+00
1.247700620600000002e+04 1.052929774193479551e+00
1.248173062600000048e+04 1.053818527374447589e+00
1.248646723700000075e+04 1.054198904062303876e+00
1.249121603999999934e+04 1.055006129188508224e+00
1.249597703600000023e+04 1.056059442933637849e+00
1.250075022299999910e+04 1.056692557580187763e+00
1.250553560199999993e+04 1.055381675191938262e+00
1.251033317200000056e+04 1.055915771411899406e+00
1.251514293499999985e+04 1.057039115897359549e+00
1.251996488999999929e+04 1.057427116908420395e+00
1.252479903700000068e+04 1.058212556916834357e+00
1.252964537500000006e+04 1.058911759192770585e+00
