1.138059698199999912e+04 -1.833835576072383446e+03
1.138559698199999912e+04 -1.783834372848161365e+03
1.139059698199999912e+04 -1.733838016530754885e+03
1.139559698199999912e+04 -1.683829607038507447e+03
1.140059698199999912e+04 -1.633829646574043409e+03
1.140559698199999912e+04 -1.583840971278430288e+03
1.141059698199999912e+04 -1.533845305998184358e+03
1.141559698199999912e+04 -1.483837197403308892e+03
1.142059698199999912e+04 -1.433840656411559621e+03
1.142559698199999912e+04 -1.383834722429198791e+03
1.143059698199999912e+04 -1.333825149296243353e+03
1.143559698199999912e+04 -1.283836265988211153e+03
1.144059698199999912e+04 -1.233832747351769058e+03
1.144559698199999912e+04 -1.183831498848438287e+03
1.145059698199999912e+04 -1.133825475004610553e+03
1.145559698199999912e+04 -1.083846202181735407e+03
1.146059698199999912e+04 -1.033834132242017859e+03
1.146559698199999912e+04 -9.838278027828600898e+02
1.147059698199999912e+04 -9.338202359457546891e+02
1.147559698199999912e+04 -8.838311483293326773e+02
1.148059698199999912e+04 -8.338400558357739101e+02
1.148559698199999912e+04 -7.838218217107788632e+02
1.149059698199999912e+04 -7.338295664542234817e+02
1.149559698199999912e+04 -6.838323244798814358e+02
1.150059698199999912e+04 -6.338272977191930977e+02
1.150559698199999912e+04 -5.838228785116793915e+02
1.151059698199999912e+04 -5.338243100156932996e+02
1.151559698199999912e+04 -4.838338367265849342e+02
1.152059698199999912e+04 -4.338102515216235702e+02
1.152559698199999912e+04 -3.838050112419718403e+02
1.153059698199999912e+04 -3.338061749253829475e+02
1.153400000000000000e+04 -2.997856124132013633e+02
1.153500000000000000e+04 -2.897782135058083099e+02
1.153600000000000000e+04 -2.797756540291777014e+02
1.153700000000000000e+04 -2.697705327505055379e+02
1.153800000000000000e+04 -2.597687911369815197e+02
1.153900000000000000e+04 -2.497773213703509896e+02
1.154000000000000000e+04 -2.397705553289407305e+02
1.154100000000000000e+04 -2.297665827929872648e+02
1.154120000000000073e+04 -2.277592621703410884e+02
1.154139999999999964e+04 -2.257646744623992561e+02
1.154160000000000036e+04 -2.237630998556373640e+02
1.154179999999999927e+04 -2.217666485723148071e+02
1.154200000000000000e+04 -2.197585970614189819e+02
1.154220000000000073e+04 -2.177651682536332771e+02
1.154239999999999964e+04 -2.157721609595522523e+02
1.154260000000000036e+04 -2.137569187964624291e+02
1.154279999999999927e+04 -2.117619197755087441e+02
1.154300000000000000e+04 -2.097695257709596319e+02
1.154320000000000073e+04 -2.077690188699903899e+02
1.154339999999999964e+04 -2.057632800493539094e+02
1.154360000000000036e+04 -2.037613144970469534e+02
1.154379999999999927e+04 -2.017629290259786785e+02
1.154400000000000000e+04 -1.997617189445995791e+02
1.154420000000000073e+04 -1.977532523256344348e+02
1.154439999999999964e+04 -1.957559286762961506e+02
1.154460000000000036e+04 -1.937616705938660857e+02
1.154479999999999927e+04 -1.917561737763403755e+02
1.154500000000000000e+04 -1.897697663009246014e+02
1.154520000000000073e+04 -1.877590590136052811e+02
1.154539999999999964e+04 -1.857486425151138576e+02
1.154560000000000036e+04 -1.837621812733107447e+02
1.154579999999999927e+04 -1.817663482882225594e+02
1.154600000000000000e+04 -1.797641836679893288e+02
1.154620000000000073e+04 -1.777667263989286823e+02
1.154639999999999964e+04 -1.757640199258619305e+02
1.154660000000000036e+04 -1.737606432124503897e+02
1.154679999999999927e+04 -1.717672194971555086e+02
1.154700000000000000e+04 -1.697574679263388475e+02
1.154720000000000073e+04 -1.677514039618396851e+02
1.154739999999999964e+04 -1.657619380548559036e+02
1.154760000000000036e+04 -1.637442005056236383e+02
1.154779999999999927e+04 -1.617515594569817665e+02
1.154800000000000000e+04 -1.597470051194503355e+02
1.154820000000000073e+04 -1.577576938907412796e+02
1.154839999999999964e+04 -1.557470986161766291e+02
1.154860000000000036e+04 -1.537595135263568693e+02
1.154879999999999927e+04 -1.517450438881902812e+02
1.154900000000000000e+04 -1.497493808768091981e+02
1.154920000000000073e+04 -1.477469162245994596e+02
1.154939999999999964e+04 -1.457578475602533672e+02
1.154960000000000036e+04 -1.437550347627511940e+02
1.154979999999999927e+04 -1.417431140755670924e+02
1.155000000000000000e+04 -1.397531930318381512e+02
1.155020000000000073e+04 -1.377432942549381778e+02
1.155039999999999964e+04 -1.357553347705907925e+02
1.155060000000000036e+04 -1.337383473942490468e+02
1.155079999999999927e+04 -1.317527133011757314e+02
1.155100000000000000e+04 -1.297386620974806135e+02
1.155120000000000073e+04 -1.277374222541461677e+02
1.155139999999999964e+04 -1.257456525494358601e+02
1.155160000000000036e+04 -1.237350489704731302e+02
1.155179999999999927e+04 -1.217367397935071693e+02
1.155200000000000000e+04 -1.197406247508686619e+02
1.155220000000000073e+04 -1.177431643426554899e+02
1.155239999999999964e+04 -1.157495394263045512e+02
1.155260000000000036e+04 -1.137325872133278182e+02
1.155279999999999927e+04 -1.117432698346394488e+02
1.155300000000000000e+04 -1.097289375308794774e+02
1.155320000000000073e+04 -1.077318408223936359e+02
1.155339999999999964e+04 -1.057240613379139802e+02
1.155360000000000036e+04 -1.037279287459076897e+02
1.155379999999999927e+04 -1.017274627018029918e+02
1.155400000000000000e+04 -9.971838873549924642e+01
1.155420000000000073e+04 -9.771855885760294314e+01
1.155439999999999964e+04 -9.571865775943804522e+01
1.155460000000000036e+04 -9.371681642127133216e+01
1.155479999999999927e+04 -9.172695624660919123e+01
1.155500000000000000e+04 -8.970869349886993405e+01
1.155520000000000073e+04 -8.770833061569928191e+01
1.155539999999999964e+04 -8.571842765589344992e+01
1.155560000000000036e+04 -8.371010859998219189e+01
1.155579999999999927e+04 -8.170666670156973055e+01
1.155600000000000000e+04 -7.970449522839670919e+01
1.155620000000000073e+04 -7.769913911950956731e+01
1.155639999999999964e+04 -7.568920774165287924e+01
1.155660000000000036e+04 -7.368892964443845983e+01
1.155679999999999927e+04 -7.170238809567825911e+01
1.155700000000000000e+04 -6.968556310008548849e+01
1.155720000000000073e+04 -6.767718386629637450e+01
1.155739999999999964e+04 -6.568016547358814705e+01
1.155760000000000036e+04 -6.367081266659783267e+01
1.155779999999999927e+04 -6.166216237968733083e+01
1.155800000000000000e+04 -5.966553414456657833e+01
1.155820000000000073e+04 -5.766669114295492449e+01
1.155839999999999964e+04 -5.565642438412039894e+01
1.155860000000000036e+04 -5.365845172054604006e+01
1.155879999999999927e+04 -5.165398812630212433e+01
1.155900000000000000e+04 -4.965087453250762195e+01
1.155920000000000073e+04 -4.763258588091524359e+01
1.155939999999999964e+04 -4.564131555055934797e+01
1.155960000000000036e+04 -4.361965872203703753e+01
1.155979999999999927e+04 -4.161910152859100975e+01
1.156000000000000000e+04 -3.962512969576480515e+01
1.156020000000000073e+04 -3.760524663753713526e+01
1.156039999999999964e+04 -3.561340377278850156e+01
1.156060000000000036e+04 -3.358571277354034379e+01
1.156079999999999927e+04 -3.157392424898998939e+01
1.156100000000000000e+04 -2.957324176786232783e+01
1.156120000000000073e+04 -2.755827234277306204e+01
1.156139999999999964e+04 -2.553235614537173603e+01
1.156160000000000036e+04 -2.353680618009720504e+01
1.156179999999999927e+04 -2.152531242413519408e+01
1.156200000000000000e+04 -1.949198029952701106e+01
1.156220000000000073e+04 -1.747106882346455592e+01
1.156239999999999964e+04 -1.546757143965663417e+01
1.156260000000000036e+04 -1.344215294148170869e+01
1.156279999999999927e+04 -1.141854275934393215e+01
1.156300000000000000e+04 -9.410122692678910994e+00
1.156320000000000073e+04 -7.386157398890090597e+00
1.156339999999999964e+04 -5.349638326003079314e+00
1.156360000000000036e+04 -3.319607640186402975e+00
1.156379999999999927e+04 -1.299835102682810106e+00
1.156400000000000000e+04 7.185075786594309344e-01
1.156420000000000073e+04 2.767809916506288825e+00
1.156439999999999964e+04 4.779751497047429964e+00
1.156460000000000036e+04 6.810186472476194908e+00
1.156479999999999927e+04 8.846101988265150595e+00
1.156500000000000000e+04 1.088274308566053961e+01
1.156520000000000073e+04 1.290555317907217692e+01
1.156539999999999964e+04 1.493038479632035198e+01
1.156560000000000036e+04 1.695517868691491969e+01
1.156579999999999927e+04 1.897656187596992794e+01
1.156600000000000000e+04 2.100380782338845265e+01
1.156620000000000073e+04 2.300213240969921813e+01
1.156639999999999964e+04 2.503444099465712114e+01
1.156660000000000036e+04 2.705429637592091296e+01
1.156679999999999927e+04 2.905894907078476308e+01
1.156700000000000000e+04 3.108168009792617426e+01
1.156720000000000073e+04 3.308814886872576722e+01
1.156739999999999964e+04 3.510955117728425989e+01
1.156760000000000036e+04 3.711314153238078006e+01
1.156779999999999927e+04 3.910484289536302782e+01
1.156800000000000000e+04 4.110942146361948346e+01
1.156820000000000073e+04 4.311113472791205226e+01
1.156839999999999964e+04 4.510964752598518857e+01
1.156860000000000036e+04 4.711169243454083500e+01
1.156879999999999927e+04 4.910236963701187562e+01
1.156900000000000000e+04 5.109621602071412383e+01
1.156920000000000073e+04 5.310537980365035793e+01
1.156939999999999964e+04 5.510086524284645293e+01
1.156960000000000036e+04 5.708414706565231000e+01
1.156979999999999927e+04 5.908875913497688970e+01
1.157000000000000000e+04 6.107039596793702430e+01
1.157020000000000073e+04 6.306930624274196617e+01
1.157039999999999964e+04 6.506572354155315452e+01
1.157060000000000036e+04 6.705108039861673319e+01
1.157079999999999927e+04 6.904589177319928694e+01
1.157100000000000000e+04 7.103044946476811106e+01
1.157120000000000073e+04 7.302442766797227591e+01
1.157139999999999964e+04 7.501571379726358657e+01
1.157160000000000036e+04 7.700372599871155899e+01
1.157179999999999927e+04 7.900068315119069950e+01
1.157200000000000000e+04 8.098381252610779768e+01
1.157220000000000073e+04 8.298361288963855031e+01
1.157239999999999964e+04 8.497775070991862378e+01
1.157260000000000036e+04 8.697079177027310948e+01
1.157279999999999927e+04 8.896484301129642347e+01
1.157300000000000000e+04 9.096062844751772047e+01
1.157320000000000073e+04 9.295830016030242859e+01
1.157339999999999964e+04 9.495544180632705888e+01
1.157360000000000036e+04 9.694056744731808806e+01
1.157379999999999927e+04 9.893160322669888274e+01
1.157400000000000000e+04 1.009279110731766167e+02
1.157420000000000073e+04 1.029282378788149686e+02
1.157439999999999964e+04 1.049251995442798062e+02
1.157460000000000036e+04 1.069183750382004092e+02
1.157479999999999927e+04 1.089115189358840894e+02
1.157500000000000000e+04 1.109143353206285099e+02
1.157520000000000073e+04 1.129158907784855757e+02
1.157539999999999964e+04 1.149166676168943297e+02
1.157560000000000036e+04 1.169062055833001921e+02
1.157579999999999927e+04 1.189048344751692241e+02
1.157600000000000000e+04 1.208994907955968898e+02
1.157620000000000073e+04 1.229041621722908673e+02
1.157639999999999964e+04 1.248980614709000463e+02
1.157660000000000036e+04 1.269058034461773445e+02
1.157679999999999927e+04 1.288889071883266979e+02
1.157700000000000000e+04 1.308977776057113545e+02
1.157720000000000073e+04 1.329014834147153294e+02
1.157739999999999964e+04 1.349008716803186587e+02
1.157760000000000036e+04 1.369180491339483297e+02
1.157779999999999927e+04 1.389017663573159496e+02
1.157800000000000000e+04 1.408925115766951990e+02
1.157820000000000073e+04 1.428989127536262345e+02
1.157839999999999964e+04 1.448871235958991974e+02
1.157860000000000036e+04 1.468999778774952176e+02
1.157879999999999927e+04 1.488953403705671690e+02
1.157900000000000000e+04 1.509078225107758158e+02
1.157920000000000073e+04 1.528982867872658460e+02
1.157939999999999964e+04 1.549016032025577374e+02
1.157960000000000036e+04 1.568982475174879312e+02
1.157979999999999927e+04 1.589145733618269389e+02
1.158000000000000000e+04 1.609022223180911055e+02
1.158020000000000073e+04 1.629158301786963534e+02
1.158039999999999964e+04 1.649100675854828921e+02
1.158060000000000036e+04 1.669085576937643225e+02
1.158079999999999927e+04 1.689078654096257708e+02
1.158100000000000000e+04 1.709068088431485535e+02
1.158120000000000073e+04 1.728922733437161412e+02
1.158139999999999964e+04 1.749026177763487624e+02
1.158160000000000036e+04 1.769096871087650698e+02
1.158179999999999927e+04 1.789038498423961130e+02
1.158200000000000000e+04 1.808943938794781161e+02
1.158220000000000073e+04 1.829026089117240303e+02
1.158239999999999964e+04 1.849141381382598865e+02
1.158260000000000036e+04 1.869101584736330608e+02
1.158279999999999927e+04 1.888992216776241548e+02
1.158300000000000000e+04 1.909057805843318931e+02
1.158320000000000073e+04 1.928960257952337827e+02
1.158339999999999964e+04 1.948854896713432083e+02
1.158360000000000036e+04 1.968902979101654296e+02
1.158379999999999927e+04 1.989062564805644513e+02
1.158400000000000000e+04 2.008933564753896519e+02
1.158420000000000073e+04 2.028923285353389190e+02
1.158439999999999964e+04 2.048914825378018634e+02
1.158460000000000036e+04 2.069050558793644541e+02
1.158479999999999927e+04 2.089029548043783393e+02
1.158500000000000000e+04 2.109060104469518535e+02
1.158520000000000073e+04 2.128885002582898949e+02
1.158539999999999964e+04 2.148920898034772051e+02
1.158560000000000036e+04 2.168788044414058618e+02
1.158579999999999927e+04 2.188989997905466112e+02
1.158600000000000000e+04 2.208813664567837520e+02
1.158620000000000073e+04 2.228900624836437601e+02
1.158639999999999964e+04 2.248811172264441609e+02
1.158660000000000036e+04 2.268847350433039196e+02
1.158679999999999927e+04 2.288837535259917786e+02
1.158700000000000000e+04 2.308841540254805693e+02
1.158720000000000073e+04 2.328854867679054621e+02
1.158739999999999964e+04 2.348861612284145508e+02
1.158760000000000036e+04 2.368965609152197942e+02
1.158779999999999927e+04 2.388835251122837633e+02
1.158800000000000000e+04 2.408941040158475744e+02
1.158820000000000073e+04 2.429017394982471387e+02
1.158839999999999964e+04 2.448893298283201716e+02
1.158860000000000036e+04 2.468889289624700609e+02
1.158879999999999927e+04 2.488930684568863683e+02
1.158900000000000000e+04 2.509068605866088717e+02
1.158920000000000073e+04 2.528990396484234395e+02
1.158939999999999964e+04 2.548956405999930723e+02
1.158960000000000036e+04 2.569032634254753589e+02
1.158979999999999927e+04 2.588948603441089062e+02
1.159000000000000000e+04 2.609073559543063539e+02
1.159020000000000073e+04 2.629065659876977179e+02
1.159039999999999964e+04 2.649043414479360194e+02
1.159060000000000036e+04 2.669016952226460262e+02
1.159079999999999927e+04 2.689028165787684088e+02
1.159100000000000000e+04 2.709138945060055903e+02
1.159120000000000073e+04 2.729198689103856736e+02
1.159139999999999964e+04 2.749086987451644291e+02
1.159160000000000036e+04 2.769190025698664499e+02
1.159179999999999927e+04 2.789027081164289825e+02
1.159200000000000000e+04 2.809155564945757533e+02
1.159220000000000073e+04 2.829214107921357026e+02
1.159239999999999964e+04 2.849168544391597493e+02
1.159260000000000036e+04 2.869190612895019967e+02
1.159279999999999927e+04 2.889207935160715124e+02
1.159300000000000000e+04 2.909292353696581017e+02
1.159320000000000073e+04 2.929284176228538854e+02
1.159339999999999964e+04 2.949160004959314847e+02
1.159360000000000036e+04 2.969165107005146069e+02
1.159379999999999927e+04 2.989286825936678156e+02
1.159400000000000000e+04 3.009362557932406617e+02
1.159420000000000073e+04 3.029145760616802363e+02
1.159439999999999964e+04 3.049320738445861707e+02
1.159460000000000036e+04 3.069317528350314319e+02
1.159479999999999927e+04 3.089435362525123310e+02
1.159500000000000000e+04 3.109325783218542938e+02
1.159520000000000073e+04 3.129373791104551970e+02
1.159539999999999964e+04 3.149359806384599665e+02
1.159560000000000036e+04 3.169203025397664533e+02
1.159579999999999927e+04 3.189408437337964415e+02
1.159600000000000000e+04 3.209365620117774824e+02
1.159620000000000073e+04 3.229366318100359194e+02
1.159639999999999964e+04 3.249597628569034100e+02
1.159660000000000036e+04 3.269175978733678676e+02
1.159679999999999927e+04 3.289440298661202746e+02
1.159700000000000000e+04 3.309286170175685129e+02
1.159770000000000073e+04 3.379285023235226504e+02
1.159839999999999964e+04 3.449224908107263445e+02
1.159910000000000036e+04 3.519159446749280278e+02
1.159979999999999927e+04 3.589110180984376939e+02
1.160050000000000000e+04 3.659138019563755506e+02
1.160120000000000073e+04 3.728981828857213827e+02
1.160189999999999964e+04 3.799113442738641879e+02
1.160260000000000036e+04 3.869014055999750212e+02
1.160329999999999927e+04 3.938946636904484535e+02
1.160499369499999921e+04 4.108321129935807221e+02
1.160599958300000071e+04 4.209017278137339417e+02
1.160701766200000020e+04 4.310693354170255134e+02
1.160804793299999983e+04 4.413784561322398758e+02
1.160909039599999960e+04 4.517966905867585297e+02
1.161014505099999951e+04 4.623567771077161979e+02
1.161121189799999956e+04 4.730287394664613885e+02
1.161229093699999976e+04 4.838325375856255732e+02
1.161338216699999975e+04 4.947361639779103371e+02
1.161448559000000023e+04 5.057820512241800088e+02
1.161560120400000051e+04 5.169402783488649220e+02
1.161672901099999945e+04 5.282326136770980156e+02
1.161786900900000001e+04 5.396231656335908156e+02
1.161902119900000071e+04 5.511593526543364305e+02
1.162018558200000007e+04 5.627991001206193005e+02
1.162136215599999923e+04 5.745677665729846240e+02
1.162255092200000036e+04 5.864559440841369451e+02
1.162375187899999946e+04 5.984663947204638816e+02
1.162496502900000087e+04 6.105946131348697463e+02
1.162619037100000060e+04 6.228473858150071010e+02
1.162742790400000013e+04 6.352297860005353414e+02
1.162867763000000014e+04 6.477197320713192994e+02
1.162993954699999995e+04 6.603363322112153355e+02
1.163121365700000024e+04 6.730655562140337906e+02
1.163249995800000033e+04 6.859226183880916778e+02
1.163379845100000057e+04 6.989182601074243166e+02
1.163510913599999913e+04 7.120220576919837185e+02
1.163643201299999964e+04 7.252517628645948662e+02
1.163776708200000030e+04 7.385852868505062361e+02
1.163911434200000076e+04 7.520581557136256379e+02
1.164047379499999988e+04 7.656406387929841912e+02
1.164184543999999914e+04 7.793629700849103301e+02
1.164322927600000003e+04 7.932080569570564421e+02
1.164462530499999957e+04 8.071563948277680538e+02
1.164603352500000074e+04 8.212457105494158895e+02
1.164745393700000022e+04 8.354422624973822167e+02
1.164888654099999985e+04 8.497714871344562653e+02
1.165033133699999962e+04 8.642093694403478139e+02
1.165178832499999953e+04 8.787895189646793597e+02
1.165325750499999958e+04 8.934615391191977096e+02
1.165473887699999977e+04 9.082961945871676335e+02
1.165623243999999977e+04 9.232250290649791395e+02
1.165773819600000024e+04 9.383044053651958620e+02
1.165925614300000052e+04 9.534835204331485556e+02
1.166078628299999946e+04 9.687854293825733976e+02
1.166232861400000002e+04 9.842184415003745244e+02
1.166388313700000072e+04 9.997478220229409089e+02
1.166544985199999974e+04 1.015435487449133348e+03
1.166702875900000072e+04 1.031219928140868433e+03
1.166861985800000002e+04 1.047123336869997729e+03
1.167022314899999947e+04 1.063166640863719749e+03
1.167183863200000087e+04 1.079306267103284654e+03
1.167346630700000060e+04 1.095584752524857777e+03
1.167510617300000013e+04 1.111985692175984013e+03
1.167675823200000013e+04 1.128507493387866816e+03
1.167842248199999995e+04 1.145146903493712216e+03
1.168009892399999990e+04 1.161927254566305237e+03
1.168178755799999999e+04 1.178804176852084538e+03
1.168348838500000056e+04 1.195817913851951744e+03
1.168520140299999912e+04 1.212942536248427814e+03
1.168692661299999963e+04 1.230186297062599579e+03
1.168866401399999995e+04 1.247574948970158175e+03
1.169041360800000075e+04 1.265055205622504673e+03
1.169217539399999987e+04 1.282685937042708247e+03
1.169394937100000061e+04 1.300415501505663769e+03
1.169573554100000001e+04 1.318299569326380833e+03
1.169753390199999922e+04 1.336274268819017379e+03
1.169934445500000038e+04 1.354372883182475562e+03
1.170116720100000020e+04 1.372606142794709513e+03
1.170300213799999983e+04 1.390939661800211525e+03
1.170484926699999960e+04 1.409420081833503673e+03
1.170670858799999951e+04 1.428010154950660763e+03
1.170858009999999922e+04 1.446725856588993793e+03
1.171046380499999941e+04 1.465569314827348080e+03
1.171235970199999974e+04 1.484526321997670721e+03
1.171426778999999988e+04 1.503604945601482996e+03
1.171618807100000049e+04 1.522796294411270992e+03
1.171812054300000091e+04 1.542127792224240920e+03
1.172006520699999965e+04 1.561581941087782525e+03
1.172202206400000068e+04 1.581154016987514296e+03
1.172399111199999970e+04 1.600837914437265908e+03
1.172597235200000068e+04 1.620677112705734771e+03
1.172796578399999999e+04 1.640607255838083574e+03
1.172997140700000091e+04 1.660657903624461369e+03
1.173198922300000049e+04 1.680833542079109520e+03
1.173401923100000022e+04 1.701134100908693654e+03
1.173606142999999975e+04 1.721551420403980501e+03
1.173811582199999975e+04 1.742103147107045288e+03
1.174018240499999956e+04 1.762771145480733139e+03
1.174226117999999951e+04 1.783548943471918619e+03
1.174435214799999994e+04 1.804470125283302423e+03
1.174645530700000018e+04 1.825498091645822797e+03
1.174857065800000055e+04 1.846641263576616439e+03
1.175069820099999924e+04 1.867923976865626400e+03
1.175283793499999956e+04 1.889324578837367881e+03
1.175498986200000036e+04 1.910860214171809275e+03
1.175715398099999948e+04 1.932492257541763365e+03
1.175933029100000022e+04 1.954240503533316542e+03
1.176151879399999962e+04 1.976137714806848635e+03
1.176371948800000064e+04 1.998129090241871609e+03
1.176593237399999998e+04 2.020275002441646848e+03
1.176815745299999980e+04 2.042513410352514711e+03
1.177039472299999943e+04 2.064888054248082426e+03
1.177264418499999920e+04 2.087391276035230021e+03
1.177490583800000059e+04 2.109989418981952895e+03
1.177717968400000063e+04 2.132726893516561177e+03
1.177946572200000082e+04 2.155592271146678286e+03
1.178176395199999934e+04 2.178586593359069866e+03
1.178407437299999947e+04 2.201673182129990437e+03
1.178639698700000008e+04 2.224891381073552566e+03
1.178873179200000050e+04 2.248257380412455404e+03
1.179107878899999923e+04 2.271735470046422961e+03
1.179343797799999993e+04 2.295332398145024854e+03
1.179580935900000077e+04 2.319036412026168364e+03
1.179819293199999993e+04 2.342874472969865110e+03
1.180058869699999923e+04 2.366844771879711971e+03
1.180299665400000049e+04 2.390905437912957041e+03
1.180541680300000007e+04 2.415119342001607038e+03
1.180784914299999946e+04 2.439447910537149255e+03
1.181029367599999932e+04 2.463897647120892998e+03
1.181275040000000081e+04 2.488459889783938706e+03
1.181521931699999914e+04 2.513154025906224888e+03
1.181770042500000091e+04 2.537948266674547085e+03
1.182019372499999918e+04 2.562894133748241074e+03
1.182269921699999941e+04 2.587956516448944967e+03
1.182521690099999978e+04 2.613122223635724367e+03
1.182774677700000029e+04 2.638428041255771404e+03
1.183028884499999913e+04 2.663849802021892174e+03
1.183284310499999992e+04 2.689386069044761371e+03
1.183540955600000052e+04 2.715053094094142580e+03
1.183798819999999978e+04 2.740830227155602188e+03
1.184057903500000066e+04 2.766743399564777064e+03
1.184318206199999986e+04 2.792778235411722562e+03
1.184579728199999954e+04 2.818928217122241676e+03
1.184842469300000084e+04 2.845196222162271170e+03
1.185106429600000047e+04 2.871598110964230727e+03
1.185371609100000023e+04 2.898119408331108389e+03
1.185638007800000014e+04 2.924741548122248787e+03
1.185905625599999985e+04 2.951525632881736328e+03
1.186174462700000004e+04 2.978399145108243829e+03
1.186444519000000037e+04 3.005411461198646066e+03
1.186715794400000050e+04 3.032544032618014171e+03
1.186988289099999929e+04 3.059777167105105946e+03
1.187262002899999970e+04 3.087154350584524309e+03
1.187536935900000026e+04 3.114651743112700387e+03
1.187813088099999914e+04 3.142264789843138715e+03
1.188090459499999997e+04 3.170020930434558522e+03
1.188369050099999913e+04 3.197863395897918508e+03
1.188648859900000025e+04 3.225847552946980613e+03
1.188929888899999969e+04 3.253957427867963816e+03
1.189212137099999927e+04 3.282172750917436133e+03
1.189495604400000047e+04 3.310526467277785741e+03
1.189780291000000034e+04 3.339000847861392231e+03
1.190066196700000000e+04 3.367587327256092522e+03
1.190353321700000015e+04 3.396301165365444831e+03
1.190641665800000010e+04 3.425132726519258085e+03
1.190931229100000019e+04 3.454080857326117439e+03
1.191222011600000042e+04 3.483171234982849455e+03
1.191514013300000079e+04 3.512381017698022788e+03
1.191807234199999948e+04 3.541690951198047514e+03
1.192101674300000013e+04 3.571136499812508191e+03
1.192397333500000059e+04 3.600705289844155232e+03
1.192694211999999970e+04 3.630380081676994905e+03
1.192992309600000044e+04 3.660214260213122998e+03
1.193291626499999984e+04 3.690153342944413453e+03
1.193592162500000086e+04 3.720272700407832872e+03
1.193893917700000020e+04 3.750547568323646374e+03
1.194196892099999968e+04 3.781003678497275359e+03
1.194501085799999964e+04 3.811482852302439824e+03
1.194806498500000089e+04 3.841954861036317652e+03
1.195113130500000079e+04 3.872474284904909837e+03
1.195420981700000084e+04 3.903141198173947942e+03
1.195730052099999921e+04 3.934005188278671085e+03
1.196040341599999920e+04 3.965012265185303022e+03
1.196351850399999967e+04 3.996146988083571614e+03
1.196664578299999994e+04 4.027426574983595401e+03
1.196978525500000069e+04 4.058828422549408060e+03
1.197293691799999942e+04 4.090349878652712050e+03
1.197610077300000012e+04 4.121986446898125905e+03
1.197927681999999913e+04 4.153756641875866990e+03
1.198246505900000011e+04 4.185616937689639599e+03
1.198566548999999941e+04 4.217637464615475437e+03
1.198887811200000033e+04 4.249750163676972079e+03
1.199210292699999991e+04 4.282016489121140694e+03
1.199533993399999963e+04 4.314380991862202791e+03
1.199858913199999915e+04 4.346876820392597438e+03
1.200185052299999916e+04 4.379481752923348722e+03
1.200512410500000078e+04 4.412232849798509051e+03
1.200840987900000073e+04 4.445088157128001512e+03
1.201170784500000082e+04 4.478063977929650719e+03
1.201501800299999923e+04 4.511160852055630130e+03
1.201834035299999960e+04 4.544388434375729958e+03
1.202167489500000011e+04 4.577725307986068401e+03
1.202502162900000076e+04 4.611203981399266922e+03
1.202838055399999939e+04 4.644799118510074550e+03
1.203175167200000033e+04 4.678506270067387959e+03
1.203513498199999958e+04 4.712327354953456961e+03
1.203853048300000046e+04 4.746290079310612782e+03
1.204193817599999966e+04 4.780356737168700420e+03
1.204535806100000082e+04 4.814569507122288087e+03
1.204879013900000064e+04 4.848889883987729263e+03
1.205223440800000026e+04 4.883317779640299705e+03
1.205569086799999968e+04 4.917888172245480746e+03
1.205915952099999959e+04 4.952582345285160045e+03
1.206264036599999963e+04 4.987392158675852443e+03
1.206613340299999982e+04 5.022315772160638517e+03
1.206963863099999980e+04 5.057379813317203116e+03
1.207315605200000027e+04 5.092554264497113763e+03
1.207668566400000054e+04 5.127848209212207621e+03
1.208022746799999913e+04 5.163262954543364685e+03
1.208378146500000003e+04 5.198815783956434643e+03
1.208734765300000072e+04 5.234481821639018563e+03
1.209092603299999973e+04 5.270252096629952575e+03
1.209451660500000071e+04 5.306156689051741523e+03
1.209811936900000001e+04 5.342192213594015811e+03
1.210173432399999911e+04 5.378336177942470385e+03
1.210536147200000050e+04 5.414609026284073479e+03
1.210900081099999989e+04 5.451008806705887764e+03
1.211265234299999975e+04 5.487505711959784094e+03
1.211631606599999941e+04 5.524166286720702374e+03
1.211999198199999955e+04 5.560916574720408789e+03
1.212368008899999950e+04 5.597794174407911669e+03
1.212738038799999958e+04 5.634799255382104093e+03
1.213109287899999981e+04 5.671924937839378799e+03
1.213481756200000018e+04 5.709160619999221126e+03
1.213855443700000069e+04 5.746552788722196965e+03
1.214230350299999918e+04 5.784033799240014559e+03
1.214606476199999997e+04 5.821648461467295419e+03
1.214983821300000091e+04 5.859387281039902518e+03
1.215362385499999982e+04 5.897231545000418009e+03
1.215742168900000070e+04 5.935221096495470192e+03
1.216123171600000023e+04 5.973317108378589182e+03
1.216505393399999957e+04 6.011547154123042674e+03
1.216888834400000087e+04 6.049871795314425981e+03
1.217273494600000049e+04 6.088352856156600865e+03
1.217659374000000025e+04 6.126938915325926246e+03
1.218046472600000016e+04 6.165656691560289801e+03
1.218434790299999986e+04 6.204489163905722307e+03
1.218824327300000004e+04 6.243435134412817206e+03
1.219215083500000037e+04 6.282511166201353262e+03
1.219607058800000050e+04 6.321713817634537008e+03
1.220000253300000077e+04 6.361028563844801283e+03
1.220394667099999970e+04 6.400481886761776877e+03
1.220790300000000025e+04 6.440036843981795755e+03
1.221187152099999912e+04 6.479705574069869726e+03
1.221585223399999995e+04 6.519530032028530513e+03
1.221984513899999911e+04 6.559454548865242032e+03
1.222385023600000022e+04 6.599501821744604058e+03
1.222786752399999932e+04 6.639678371390185021e+03
1.223189700500000072e+04 6.679982026027358188e+03
1.223593867800000044e+04 6.720407464245801748e+03
1.223999254199999996e+04 6.760939898656304649e+03
1.224405859799999962e+04 6.801593973520120926e+03
1.224813684699999976e+04 6.842384664764585978e+03
1.225222728699999971e+04 6.883283034480852621e+03
1.225632991899999979e+04 6.924308500426581304e+03
1.226044474300000002e+04 6.965453570735455287e+03
1.226457175900000038e+04 7.006720018210827220e+03
1.226871096700000089e+04 7.048122093217616566e+03
1.227286236599999938e+04 7.089640792130543559e+03
1.227702595800000017e+04 7.131275087405501836e+03
1.228120174199999929e+04 7.173031853786841566e+03
1.228538971700000002e+04 7.214908755835052943e+03
1.228958988400000089e+04 7.256922292118360019e+03
1.229380224400000043e+04 7.299033627030040407e+03
1.229802679499999977e+04 7.341295063844137985e+03
1.230226353799999924e+04 7.383650051663153135e+03
1.230651247300000068e+04 7.426141947573632024e+03
1.231077360000000044e+04 7.468749239811520965e+03
1.231504691900000034e+04 7.511489680017074534e+03
1.231933242900000005e+04 7.554355148051946344e+03
1.232363013200000023e+04 7.597329726044245035e+03
1.232794002600000022e+04 7.640432257626507635e+03
1.233226211300000068e+04 7.683650751764950655e+03
1.233659639099999913e+04 7.726982082716404875e+03
1.234094286099999954e+04 7.770452889015943583e+03
1.234530152400000043e+04 7.814036606472851417e+03
1.234967237799999930e+04 7.857760563532036031e+03
1.235405542400000013e+04 7.901573556549546993e+03
1.235845066199999928e+04 7.945540056678030851e+03
1.236285809100000006e+04 7.989615630483275709e+03
1.236727771299999949e+04 8.033818762184648222e+03
1.237170952700000089e+04 8.078121883204336882e+03
1.237615353200000027e+04 8.122570460899570207e+03
1.238060973000000013e+04 8.167143632875652656e+03
1.238507811899999979e+04 8.211807784020158579e+03
1.238955869999999959e+04 8.256608207801235039e+03
1.239405147299999953e+04 8.301533281603698924e+03
1.239855643799999962e+04 8.346601800852664383e+03
1.240307359499999984e+04 8.391756012131530952e+03
1.240760294400000021e+04 8.437060348585100655e+03
1.241214448500000071e+04 8.482482194459789753e+03
1.241669821799999954e+04 8.528018024183134912e+03
1.242126414199999999e+04 8.573680958110027859e+03
1.242584225899999910e+04 8.619462206204814720e+03
1.243043256699999984e+04 8.665372659484901305e+03
1.243503506799999923e+04 8.711382953733585964e+03
1.243964976000000024e+04 8.757532233473910310e+03
1.244427664399999958e+04 8.803801148137534256e+03
1.244891572000000087e+04 8.850203760570884697e+03
1.245356698800000049e+04 8.896717471563250001e+03
1.245823044800000025e+04 8.943349623361085833e+03
1.246290610000000015e+04 8.990111410978355707e+03
1.246759394299999985e+04 9.036974093966382497e+03
1.247229397900000004e+04 9.083994738389674239e+03
1.247700620600000002e+04 9.131116411285131107e+03
1.248173062600000048e+04 9.178355996922535269e+03
1.248646723700000075e+04 9.225729686868620774e+03
1.249121603999999934e+04 9.273194658432083088e+03
1.249597703600000023e+04 9.320813466786228673e+03
1.250075022299999910e+04 9.368544461560448326e+03
1.250553560199999993e+04 9.416406984053368433e+03
1.251033317200000056e+04 9.464370898046498041e+03
1.251514293499999985e+04 9.512482124904709053e+03
1.251996488999999929e+04 9.560706261261004329e+03
1.252479903700000068e+04 9.609043790282255941e+03
1.252964537500000006e+04 9.657504970867237716e+03
