1.138059698199999912e+04 1.923984342891031374e-01
1.138559698199999912e+04 1.935005799855136766e-01
1.139059698199999912e+04 1.924783188191622751e-01
1.139559698199999912e+04 1.933207891594349304e-01
1.140059698199999912e+04 1.940345815067429924e-01
1.140559698199999912e+04 1.929171515530941905e-01
1.141059698199999912e+04 1.926932657452335163e-01
1.141559698199999912e+04 1.941856761388180697e-01
1.142059698199999912e+04 1.942654690516549265e-01
1.142559698199999912e+04 1.958340850952065282e-01
1.143059698199999912e+04 1.976963274632933532e-01
1.143559698199999912e+04 1.966244684484563243e-01
1.144059698199999912e+04 1.976864652058507033e-01
1.144559698199999912e+04 1.983372470478865501e-01
1.145059698199999912e+04 1.996762903811106771e-01
1.145559698199999912e+04 1.972952774842737789e-01
1.146059698199999912e+04 1.996437100952684063e-01
1.146559698199999912e+04 2.011249249635991276e-01
1.147059698199999912e+04 2.028311082312264368e-01
1.147559698199999912e+04 2.019472084738593298e-01
1.148059698199999912e+04 2.012466141667825226e-01
1.148559698199999912e+04 2.046852191862571779e-01
1.149059698199999912e+04 2.043793799852203219e-01
1.149559698199999912e+04 2.049067517868188026e-01
1.150059698199999912e+04 2.065828165454032805e-01
1.150559698199999912e+04 2.083951821250690783e-01
1.151059698199999912e+04 2.094543452723155175e-01
1.151559698199999912e+04 2.094158068851847965e-01
1.152059698199999912e+04 2.146115086948560957e-01
1.152559698199999912e+04 2.176124907547680176e-01
1.153059698199999912e+04 2.201434614109349930e-01
1.153400000000000000e+04 2.211307237575673434e-01
1.153500000000000000e+04 2.229807476175455772e-01
1.153600000000000000e+04 2.243846230817778398e-01
1.153700000000000000e+04 2.259181562044314528e-01
1.153800000000000000e+04 2.272475654757822594e-01
1.153900000000000000e+04 2.270301255019985809e-01
1.154000000000000000e+04 2.289586780637660468e-01
1.154100000000000000e+04 2.307068763149597024e-01
1.154120000000000073e+04 2.321090760676270404e-01
1.154139999999999964e+04 2.311498815246492700e-01
1.154160000000000036e+04 2.322233540559415221e-01
1.154179999999999927e+04 2.328545818170058013e-01
1.154200000000000000e+04 2.330430554969947499e-01
1.154220000000000073e+04 2.324030556185133212e-01
1.154239999999999964e+04 2.329427644965684496e-01
1.154260000000000036e+04 2.347633384516446542e-01
1.154279999999999927e+04 2.339437064134740896e-01
1.154300000000000000e+04 2.331001797673520337e-01
1.154320000000000073e+04 2.338231160043315882e-01
1.154339999999999964e+04 2.349621281056429867e-01
1.154360000000000036e+04 2.359401765442483978e-01
1.154379999999999927e+04 2.359016099391351984e-01
1.154400000000000000e+04 2.364359086466902016e-01
1.154420000000000073e+04 2.366719164409995246e-01
1.154439999999999964e+04 2.377202177554781359e-01
1.154460000000000036e+04 2.371994965827028956e-01
1.154479999999999927e+04 2.382470146357710816e-01
1.154500000000000000e+04 2.363535354026594648e-01
1.154520000000000073e+04 2.385824468828926515e-01
1.154539999999999964e+04 2.406336084851409818e-01
1.154560000000000036e+04 2.391110988884087851e-01
1.154579999999999927e+04 2.386756932062259751e-01
1.154600000000000000e+04 2.396813052625004492e-01
1.154620000000000073e+04 2.397319269415887910e-01
1.154639999999999964e+04 2.406314090088306767e-01
1.154660000000000036e+04 2.415528131426088465e-01
1.154679999999999927e+04 2.411113899866844379e-01
1.154700000000000000e+04 2.424395027800868851e-01
1.154720000000000073e+04 2.432481826636607170e-01
1.154739999999999964e+04 2.434422750641488109e-01
1.154760000000000036e+04 2.467945997493972976e-01
1.154779999999999927e+04 2.454130450969972677e-01
1.154800000000000000e+04 2.468865623939823783e-01
1.154820000000000073e+04 2.462051374349527311e-01
1.154839999999999964e+04 2.478365572314010223e-01
1.154860000000000036e+04 2.469584368819913167e-01
1.154879999999999927e+04 2.496795569815335181e-01
1.154900000000000000e+04 2.496006202481294567e-01
1.154920000000000073e+04 2.498046194312470436e-01
1.154939999999999964e+04 2.491202654335848699e-01
1.154960000000000036e+04 2.502703744119667562e-01
1.154979999999999927e+04 2.533461139493580760e-01
1.155000000000000000e+04 2.524278884595081984e-01
1.155020000000000073e+04 2.539602912362655118e-01
1.155039999999999964e+04 2.527683441047108293e-01
1.155060000000000036e+04 2.566254220271138031e-01
1.155079999999999927e+04 2.545919446763664773e-01
1.155100000000000000e+04 2.580643848694711417e-01
1.155120000000000073e+04 2.588695906144020675e-01
1.155139999999999964e+04 2.584772624507545857e-01
1.155160000000000036e+04 2.615013202075361920e-01
1.155179999999999927e+04 2.617165482672481058e-01
1.155200000000000000e+04 2.625689998570213679e-01
1.155220000000000073e+04 2.628134265419597715e-01
1.155239999999999964e+04 2.620931838146529080e-01
1.155260000000000036e+04 2.653403880984103180e-01
1.155279999999999927e+04 2.660048531619685352e-01
1.155300000000000000e+04 2.704973578496401854e-01
1.155320000000000073e+04 2.697206523093783059e-01
1.155339999999999964e+04 2.719133386910135286e-01
1.155360000000000036e+04 2.738614974079297548e-01
1.155379999999999927e+04 2.744899566598829610e-01
1.155400000000000000e+04 2.772734192386003271e-01
1.155420000000000073e+04 2.794552316606178644e-01
1.155439999999999964e+04 2.794683636459055487e-01
1.155460000000000036e+04 2.804021992010194975e-01
1.155479999999999927e+04 2.821451892395668848e-01
1.155500000000000000e+04 2.868209654053907043e-01
1.155520000000000073e+04 2.880392419188969044e-01
1.155539999999999964e+04 2.875982911341106174e-01
1.155560000000000036e+04 2.913380808556203516e-01
1.155579999999999927e+04 2.935662752877030712e-01
1.155600000000000000e+04 2.963019427915456472e-01
1.155620000000000073e+04 2.988820707484426964e-01
1.155639999999999964e+04 3.023084543446917793e-01
1.155660000000000036e+04 3.046586538093714602e-01
1.155679999999999927e+04 3.053895128297728911e-01
1.155700000000000000e+04 3.107498506251178960e-01
1.155720000000000073e+04 3.149394594831673166e-01
1.155739999999999964e+04 3.175418871569403167e-01
1.155760000000000036e+04 3.227210214656208165e-01
1.155779999999999927e+04 3.259107625185679868e-01
1.155800000000000000e+04 3.283982623758295305e-01
1.155820000000000073e+04 3.318311887774375579e-01
1.155839999999999964e+04 3.373813085291296199e-01
1.155860000000000036e+04 3.406895198406506009e-01
1.155879999999999927e+04 3.458701988130470362e-01
1.155900000000000000e+04 3.512083225219740368e-01
1.155920000000000073e+04 3.581476664217749240e-01
1.155939999999999964e+04 3.635353293745262615e-01
1.155960000000000036e+04 3.712588347963271529e-01
1.155979999999999927e+04 3.779357442457732530e-01
1.156000000000000000e+04 3.831640829383053948e-01
1.156020000000000073e+04 3.925742811856462455e-01
1.156039999999999964e+04 3.990432209029862176e-01
1.156060000000000036e+04 4.105797997598208404e-01
1.156079999999999927e+04 4.208289264458315859e-01
1.156100000000000000e+04 4.302691644111910629e-01
1.156120000000000073e+04 4.409953819907043160e-01
1.156139999999999964e+04 4.560614364317831515e-01
1.156160000000000036e+04 4.661914135069818999e-01
1.156179999999999927e+04 4.809637900075173778e-01
1.156200000000000000e+04 4.992377851253605447e-01
1.156220000000000073e+04 5.172987946113728475e-01
1.156239999999999964e+04 5.324066558596105558e-01
1.156260000000000036e+04 5.518520513224350887e-01
1.156279999999999927e+04 5.735062256679724912e-01
1.156300000000000000e+04 5.942780596554332329e-01
1.156320000000000073e+04 6.167190403511337848e-01
1.156339999999999964e+04 6.430662007101259903e-01
1.156360000000000036e+04 6.704051705937250638e-01
1.156379999999999927e+04 6.968286658587797833e-01
1.156400000000000000e+04 7.237222955521080969e-01
1.156420000000000073e+04 7.560324760597706417e-01
1.156439999999999964e+04 7.828985960945407108e-01
1.156460000000000036e+04 8.121728558975294110e-01
1.156479999999999927e+04 8.440729296631751533e-01
1.156500000000000000e+04 8.735314757708263489e-01
1.156520000000000073e+04 9.004916079128258977e-01
1.156539999999999964e+04 9.279258615222166773e-01
1.156560000000000036e+04 9.524327456629111399e-01
1.156579999999999927e+04 9.763039617061404218e-01
1.156600000000000000e+04 1.000499694186827160e+00
1.156620000000000073e+04 1.017125276784514254e+00
1.156639999999999964e+04 1.036199006360784214e+00
1.156660000000000036e+04 1.052866045114448257e+00
1.156679999999999927e+04 1.065771206122825276e+00
1.156700000000000000e+04 1.079390334496643122e+00
1.156720000000000073e+04 1.089360782943234573e+00
1.156739999999999964e+04 1.099146358655131994e+00
1.156760000000000036e+04 1.103818142163123905e+00
1.156779999999999927e+04 1.107603755272524193e+00
1.156800000000000000e+04 1.110315488545796869e+00
1.156820000000000073e+04 1.111573019935380602e+00
1.156839999999999964e+04 1.112324541078082873e+00
1.156860000000000036e+04 1.110536508773250386e+00
1.156879999999999927e+04 1.106864024156961612e+00
1.156900000000000000e+04 1.102917251334826210e+00
1.156920000000000073e+04 1.101688953720476816e+00
1.156939999999999964e+04 1.097133980062415803e+00
1.156960000000000036e+04 1.088914297465535475e+00
1.156979999999999927e+04 1.083452305115840897e+00
1.157000000000000000e+04 1.074139370212981337e+00
1.157020000000000073e+04 1.067805715904026176e+00
1.157039999999999964e+04 1.060861309242274286e+00
1.157060000000000036e+04 1.051279622470111974e+00
1.157079999999999927e+04 1.043196494245839601e+00
1.157100000000000000e+04 1.033510376853865820e+00
1.157120000000000073e+04 1.025592138182353397e+00
1.157139999999999964e+04 1.016933939502298712e+00
1.157160000000000036e+04 1.008151017122221882e+00
1.157179999999999927e+04 1.001730903159424813e+00
1.157200000000000000e+04 9.929912874808670686e-01
1.157220000000000073e+04 9.865239898331851220e-01
1.157239999999999964e+04 9.794391854985757817e-01
1.157260000000000036e+04 9.723101643233765801e-01
1.157279999999999927e+04 9.662743823713652036e-01
1.157300000000000000e+04 9.609945279471852064e-01
1.157320000000000073e+04 9.554584792365757862e-01
1.157339999999999964e+04 9.502584867573520278e-01
1.157360000000000036e+04 9.444186480720080379e-01
1.157379999999999927e+04 9.387346764272324062e-01
1.157400000000000000e+04 9.340873381782229812e-01
1.157420000000000073e+04 9.311255622072684979e-01
1.157439999999999964e+04 9.272854048216422340e-01
1.157460000000000036e+04 9.229388549584738310e-01
1.157479999999999927e+04 9.192011036544159852e-01
1.157500000000000000e+04 9.170387784371462070e-01
1.157520000000000073e+04 9.148154511016443058e-01
1.157539999999999964e+04 9.131408385557157059e-01
1.157560000000000036e+04 9.095094659848029783e-01
1.157579999999999927e+04 9.072823401280138977e-01
1.157600000000000000e+04 9.049833967420427561e-01
1.157620000000000073e+04 9.043485142910695496e-01
1.157639999999999964e+04 9.030901625968056345e-01
1.157660000000000036e+04 9.024064803507781951e-01
1.157679999999999927e+04 8.994921351770125417e-01
1.157700000000000000e+04 8.999091541687962437e-01
1.157720000000000073e+04 8.996987319258854532e-01
1.157739999999999964e+04 8.997820811882124570e-01
1.157760000000000036e+04 9.020873482745652705e-01
1.157779999999999927e+04 8.996930698280766192e-01
1.157800000000000000e+04 8.984626735902158101e-01
1.157820000000000073e+04 8.994785764200623479e-01
1.157839999999999964e+04 8.976515234409865318e-01
1.157860000000000036e+04 9.004555974475437763e-01
1.157879999999999927e+04 9.002779480028008097e-01
1.157900000000000000e+04 9.023969330793835120e-01
1.157920000000000073e+04 9.015439482059067755e-01
1.157939999999999964e+04 9.022952817382653423e-01
1.157960000000000036e+04 9.020145101443292068e-01
1.157979999999999927e+04 9.042670767841136659e-01
1.158000000000000000e+04 9.041263448581794426e-01
1.158020000000000073e+04 9.049684939104842840e-01
1.158039999999999964e+04 9.052420550434145952e-01
1.158060000000000036e+04 9.057004529161581940e-01
1.158079999999999927e+04 9.056799042880147033e-01
1.158100000000000000e+04 9.044747809510860215e-01
1.158120000000000073e+04 9.036987844544588366e-01
1.158139999999999964e+04 9.042707363669399978e-01
1.158160000000000036e+04 9.046778025006652069e-01
1.158179999999999927e+04 9.041396591899097945e-01
1.158200000000000000e+04 9.027225310878351783e-01
1.158220000000000073e+04 9.029195163034939853e-01
1.158239999999999964e+04 9.040377940407461343e-01
1.158260000000000036e+04 9.027680653387857301e-01
1.158279999999999927e+04 8.995891794274369913e-01
1.158300000000000000e+04 9.001412825884539393e-01
1.158320000000000073e+04 8.981981061723298687e-01
1.158339999999999964e+04 8.955886290547073747e-01
1.158360000000000036e+04 8.957772801968677534e-01
1.158379999999999927e+04 8.969931371969819267e-01
1.158400000000000000e+04 8.949804502050123789e-01
1.158420000000000073e+04 8.937710880060697471e-01
1.158439999999999964e+04 8.932596982950621323e-01
1.158460000000000036e+04 8.937699379572895397e-01
1.158479999999999927e+04 8.933176401486535578e-01
1.158500000000000000e+04 8.928595922079455294e-01
1.158520000000000073e+04 8.894429295883005127e-01
1.158539999999999964e+04 8.903376179098573262e-01
1.158560000000000036e+04 8.877936804287763772e-01
1.158579999999999927e+04 8.902459041565990994e-01
1.158600000000000000e+04 8.882879621316577268e-01
1.158620000000000073e+04 8.887776407718822602e-01
1.158639999999999964e+04 8.876210098930747971e-01
1.158660000000000036e+04 8.882252952798005419e-01
1.158679999999999927e+04 8.887160348799667542e-01
1.158700000000000000e+04 8.877569416842800987e-01
1.158720000000000073e+04 8.886821832220551665e-01
1.158739999999999964e+04 8.894108532228289787e-01
1.158760000000000036e+04 8.916216909244454314e-01
1.158779999999999927e+04 8.900737059212119329e-01
1.158800000000000000e+04 8.927968524665568228e-01
1.158820000000000073e+04 8.945205751331583022e-01
1.158839999999999964e+04 8.923715765524284915e-01
1.158860000000000036e+04 8.931841144223380269e-01
1.158879999999999927e+04 8.944347913394390392e-01
1.158900000000000000e+04 8.998682785744964718e-01
1.158920000000000073e+04 8.978891598635529991e-01
1.158939999999999964e+04 8.987891416688239543e-01
1.158960000000000036e+04 9.003954570908112576e-01
1.158979999999999927e+04 9.013937013767372441e-01
1.159000000000000000e+04 9.033174921751399022e-01
1.159020000000000073e+04 9.041441456035981261e-01
1.159039999999999964e+04 9.061658487666718331e-01
1.159060000000000036e+04 9.066655752079006980e-01
1.159079999999999927e+04 9.080719942680881562e-01
1.159100000000000000e+04 9.107246088707914300e-01
1.159120000000000073e+04 9.125846630123480852e-01
1.159139999999999964e+04 9.124761096325590959e-01
1.159160000000000036e+04 9.162856820592681917e-01
1.159179999999999927e+04 9.150780613070819136e-01
1.159200000000000000e+04 9.190215618864685521e-01
1.159220000000000073e+04 9.215948804434723751e-01
1.159239999999999964e+04 9.222461919378598383e-01
1.159260000000000036e+04 9.246120236882445775e-01
1.159279999999999927e+04 9.247514889396143412e-01
1.159300000000000000e+04 9.275035243542859575e-01
1.159320000000000073e+04 9.295279341217864699e-01
1.159339999999999964e+04 9.292666380203237209e-01
1.159360000000000036e+04 9.290802282371382059e-01
1.159379999999999927e+04 9.322795230522293863e-01
1.159400000000000000e+04 9.335430550790665416e-01
1.159420000000000073e+04 9.308607015620991021e-01
1.159439999999999964e+04 9.350357778442240919e-01
1.159460000000000036e+04 9.348719402983276527e-01
1.159479999999999927e+04 9.353074842164710301e-01
1.159500000000000000e+04 9.348603711725353982e-01
1.159520000000000073e+04 9.351091098273693891e-01
1.159539999999999964e+04 9.351433982075071372e-01
1.159560000000000036e+04 9.329305458518077909e-01
1.159579999999999927e+04 9.362905196697567378e-01
1.159600000000000000e+04 9.352853426811489346e-01
1.159620000000000073e+04 9.336192687456023043e-01
1.159639999999999964e+04 9.364917906748037035e-01
1.159660000000000036e+04 9.299505462986612514e-01
1.159679999999999927e+04 9.338074769172985956e-01
1.159700000000000000e+04 9.303207377103991371e-01
1.159770000000000073e+04 9.267993064123103419e-01
1.159839999999999964e+04 9.227605647677828982e-01
1.159910000000000036e+04 9.184591512630156940e-01
1.159979999999999927e+04 9.143955352702302086e-01
1.160050000000000000e+04 9.118489366699429333e-01
1.160120000000000073e+04 9.071752728849666880e-01
1.160189999999999964e+04 9.068955423273533656e-01
1.160260000000000036e+04 9.038724112767007046e-01
1.160329999999999927e+04 9.013616849232435335e-01
1.160499369499999921e+04 8.978302490649837653e-01
1.160599958300000071e+04 8.984466085587033968e-01
1.160701766200000020e+04 8.958883829002346477e-01
1.160804793299999983e+04 8.970015543341148812e-01
1.160909039599999960e+04 8.970630121470218876e-01
1.161014505099999951e+04 9.017748556244681302e-01
1.161121189799999956e+04 9.056964175153848773e-01
1.161229093699999976e+04 9.122107608472137530e-01
1.161338216699999975e+04 9.155345568357465824e-01
1.161448559000000023e+04 9.221880636633694728e-01
1.161560120400000051e+04 9.276570961750516542e-01
1.161672901099999945e+04 9.348229607743300251e-01
1.161786900900000001e+04 9.373361999019490520e-01
1.161902119900000071e+04 9.429469593879296063e-01
1.162018558200000007e+04 9.444341041550385896e-01
1.162136215599999923e+04 9.465870204926154496e-01
1.162255092200000036e+04 9.461802611908254335e-01
1.162375187899999946e+04 9.461096752349602568e-01
1.162496502900000087e+04 9.450120319587295148e-01
1.162619037100000060e+04 9.424031960004340958e-01
1.162742790400000013e+04 9.413923921726420341e-01
1.162867763000000014e+04 9.375912469417452266e-01
1.162993954699999995e+04 9.357106754199336907e-01
1.163121365700000024e+04 9.316862264285010742e-01
1.163249995800000033e+04 9.283089763097739366e-01
1.163379845100000057e+04 9.280879788811530196e-01
1.163510913599999913e+04 9.255053056787372334e-01
1.163643201299999964e+04 9.229042497268692413e-01
1.163776708200000030e+04 9.180466829537560214e-01
1.163911434200000076e+04 9.160962634272622473e-01
1.164047379499999988e+04 9.124061222418564654e-01
1.164184543999999914e+04 9.108962866891826549e-01
1.164322927600000003e+04 9.093902188271132392e-01
1.164462530499999957e+04 9.061097762239044284e-01
1.164603352500000074e+04 9.066643840082537764e-01
1.164745393700000022e+04 9.040216216787725356e-01
1.164888654099999985e+04 9.041564273762066062e-01
1.165033133699999962e+04 9.028018818601333262e-01
1.165178832499999953e+04 9.057639227344455035e-01
1.165325750499999958e+04 9.042177766324505095e-01
1.165473887699999977e+04 9.085323328542947996e-01
1.165623243999999977e+04 9.102929859361775788e-01
1.165773819600000024e+04 9.152973572610126896e-01
1.165925614300000052e+04 9.174826892041666460e-01
1.166078628299999946e+04 9.198333933183486799e-01
1.166232861400000002e+04 9.232863975460838812e-01
1.166388313700000072e+04 9.220763128663072017e-01
1.166544985199999974e+04 9.266107138206324256e-01
1.166702875900000072e+04 9.268129808340548337e-01
1.166861985800000002e+04 9.261589485695355117e-01
1.167022314899999947e+04 9.284199692567602913e-01
1.167183863200000087e+04 9.265041768727927396e-01
1.167346630700000060e+04 9.265694739102325883e-01
1.167510617300000013e+04 9.275693268524969337e-01
1.167675823200000013e+04 9.283086731436488437e-01
1.167842248199999995e+04 9.283457795755077901e-01
1.168009892399999990e+04 9.307652734234405090e-01
1.168178755799999999e+04 9.301310989503970283e-01
1.168348838500000056e+04 9.319745320732517602e-01
1.168520140299999912e+04 9.318867580785861193e-01
1.168692661299999963e+04 9.309578967700373742e-01
1.168866401399999995e+04 9.332083226320605496e-01
1.169041360800000075e+04 9.304596821016815067e-01
1.169217539399999987e+04 9.324038411642807667e-01
1.169394937100000061e+04 9.299015978823980122e-01
1.169573554100000001e+04 9.323806122890044845e-01
1.169753390199999922e+04 9.298471128995654533e-01
1.169934445500000038e+04 9.277063728730262637e-01
1.170116720100000020e+04 9.266427230427003447e-01
1.170300213799999983e+04 9.232979700524943656e-01
1.170484926699999960e+04 9.241905958846599045e-01
1.170670858799999951e+04 9.230906612301807979e-01
1.170858009999999922e+04 9.232917248087791906e-01
1.171046380499999941e+04 9.237235054102160836e-01
1.171235970199999974e+04 9.249604693418302936e-01
1.171426778999999988e+04 9.253343175572210644e-01
1.171618807100000049e+04 9.253930367275905455e-01
1.171812054300000091e+04 9.280524810613969278e-01
1.172006520699999965e+04 9.305983916160235347e-01
1.172202206400000068e+04 9.328235633726028597e-01
1.172399111199999970e+04 9.334932282487975463e-01
1.172597235200000068e+04 9.392985412263752387e-01
1.172796578399999999e+04 9.404280718982498399e-01
1.172997140700000091e+04 9.402648300079430310e-01
1.173198922300000049e+04 9.408851119428048859e-01
1.173401923100000022e+04 9.430486850572804558e-01
1.173606142999999975e+04 9.427624866044945762e-01
1.173811582199999975e+04 9.444678749754349401e-01
1.174018240499999956e+04 9.455677646688669391e-01
1.174226117999999951e+04 9.445034676133123863e-01
1.174435214799999994e+04 9.466645979446027814e-01
1.174645530700000018e+04 9.459418763009107556e-01
1.174857065800000055e+04 9.459912760824127353e-01
1.175069820099999924e+04 9.470664235486691007e-01
1.175283793499999956e+04 9.476803042681526401e-01
1.175498986200000036e+04 9.504057242933727778e-01
1.175715398099999948e+04 9.491488152035520987e-01
1.175933029100000022e+04 9.455090194285730165e-01
1.176151879399999962e+04 9.468940381553673236e-01
1.176371948800000064e+04 9.433812132379620907e-01
1.176593237399999998e+04 9.448452613570006431e-01
1.176815745299999980e+04 9.416727389679531157e-01
1.177039472299999943e+04 9.413792358684713868e-01
1.177264418499999920e+04 9.415679522838725779e-01
1.177490583800000059e+04 9.386680841297452282e-01
1.177717968400000063e+04 9.383343269008525001e-01
1.177946572200000082e+04 9.385101778321784938e-01
1.178176395199999934e+04 9.409188200945006741e-01
1.178407437299999947e+04 9.384573929968434980e-01
1.178639698700000008e+04 9.382974439735216610e-01
1.178873179200000050e+04 9.421344603455413802e-01
1.179107878899999923e+04 9.443098428268177358e-01
1.179343797799999993e+04 9.455041155748076243e-01
1.179580935900000077e+04 9.455672136758213053e-01
1.179819293199999993e+04 9.475915221237426467e-01
1.180058869699999923e+04 9.509626350228829184e-01
1.180299665400000049e+04 9.499799936066277706e-01
1.180541680300000007e+04 9.536147895087081494e-01
1.180784914299999946e+04 9.553518823748149424e-01
1.181029367599999932e+04 9.582245723232449830e-01
1.181275040000000081e+04 9.589114413567074724e-01
1.181521931699999914e+04 9.606517721172493918e-01
1.181770042500000091e+04 9.587651525920092288e-01
1.182019372499999918e+04 9.607852293989873615e-01
1.182269921699999941e+04 9.616584733171774646e-01
1.182521690099999978e+04 9.590357563519656958e-01
1.182774677700000029e+04 9.599216524510656434e-01
1.183028884499999913e+04 9.587033795256938440e-01
1.183284310499999992e+04 9.570493561535547977e-01
1.183540955600000052e+04 9.565237442805728518e-01
1.183798819999999978e+04 9.539333341310525238e-01
1.184057903500000066e+04 9.542741632624939241e-01
1.184318206199999986e+04 9.539986208010616808e-01
1.184579728199999954e+04 9.544667332978139518e-01
1.184842469300000084e+04 9.527685712429200260e-01
1.185106429600000047e+04 9.538220190155106692e-01
1.185371609100000023e+04 9.542627924017148544e-01
1.185638007800000014e+04 9.529182575253487553e-01
1.185905625599999985e+04 9.562029743733604370e-01
1.186174462700000004e+04 9.548681119480608714e-01
1.186444519000000037e+04 9.570392921361893235e-01
1.186715794400000050e+04 9.574964576288209628e-01
1.186988289099999929e+04 9.563871043243108439e-01
1.187262002899999970e+04 9.582654874876959106e-01
1.187536935900000026e+04 9.598633595842758215e-01
1.187813088099999914e+04 9.606252012393274864e-01
1.188090459499999997e+04 9.646973526407489619e-01
1.188369050099999913e+04 9.634640418482399715e-01
1.188648859900000025e+04 9.648557088707429008e-01
1.188929888899999969e+04 9.673264408839936657e-01
1.189212137099999927e+04 9.661661358672158917e-01
1.189495604400000047e+04 9.683725030931304989e-01
1.189780291000000034e+04 9.698662952638017476e-01
1.190066196700000000e+04 9.696301413570810324e-01
1.190353321700000015e+04 9.695488754294664391e-01
1.190641665800000010e+04 9.692839051132082773e-01
1.190931229100000019e+04 9.669236901331058620e-01
1.191222011600000042e+04 9.681688789664979478e-01
1.191514013300000079e+04 9.692860955658054722e-01
1.191807234199999948e+04 9.674221303904800839e-01
1.192101674300000013e+04 9.677346574335403684e-01
1.192397333500000059e+04 9.678340313278279705e-01
1.192694211999999970e+04 9.664050814028618541e-01
1.192992309600000044e+04 9.732092980155548911e-01
1.193291626499999984e+04 9.894937284798249744e-01
1.193592162500000086e+04 1.046778285854011559e+00
1.193893917700000020e+04 1.160143057882438544e+00
1.194196892099999968e+04 1.303692726024508808e+00
1.194501085799999964e+04 1.369677905417408414e+00
1.194806498500000089e+04 1.301733131752448536e+00
1.195113130500000079e+04 1.159847826740920684e+00
1.195420981700000084e+04 1.044501219222107480e+00
1.195730052099999921e+04 9.928626494616040743e-01
1.196040341599999920e+04 9.772732632342583381e-01
1.196351850399999967e+04 9.736070336383698676e-01
1.196664578299999994e+04 9.753666204116582250e-01
1.196978525500000069e+04 9.769740692608422927e-01
1.197293691799999942e+04 9.788612685836016736e-01
1.197610077300000012e+04 9.790523017790931926e-01
1.197927681999999913e+04 9.812169567276732840e-01
1.198246505900000011e+04 9.779119972786073367e-01
1.198566548999999941e+04 9.817135604429523266e-01
1.198887811200000033e+04 9.798189580711635926e-01
1.199210292699999991e+04 9.827162569574926509e-01
1.199533993399999963e+04 9.822117251497384238e-01
1.199858913199999915e+04 9.830133370117449809e-01
1.200185052299999916e+04 9.816432138483237591e-01
1.200512410500000078e+04 9.842163266399351906e-01
1.200840987900000073e+04 9.831927581604943400e-01
1.201170784500000082e+04 9.820692246070052978e-01
1.201501800299999923e+04 9.815897127833347335e-01
1.201834035299999960e+04 9.814675238921540812e-01
1.202167489500000011e+04 9.805477842914795961e-01
1.202502162900000076e+04 9.826204652265591033e-01
1.202838055399999939e+04 9.838019295448425794e-01
1.203175167200000033e+04 9.832044889675766175e-01
1.203513498199999958e+04 9.818593547496550222e-01
1.203853048300000046e+04 9.831071666632534845e-01
1.204193817599999966e+04 9.826417027343784527e-01
1.204535806100000082e+04 9.855045276798218845e-01
1.204879013900000064e+04 9.858232319897110019e-01
1.205223440800000026e+04 9.847821633468805125e-01
1.205569086799999968e+04 9.863782138848014025e-01
1.205915952099999959e+04 9.888134678196476290e-01
1.206264036599999963e+04 9.902818911444133398e-01
1.206613340299999982e+04 9.889108090963031339e-01
1.206963863099999980e+04 9.911978149789472115e-01
1.207315605200000027e+04 9.922539966757824015e-01
1.207668566400000054e+04 9.927206579819782828e-01
1.208022746799999913e+04 9.927541687479112253e-01
1.208378146500000003e+04 9.949182010923941499e-01
1.208734765300000072e+04 9.954799333911923398e-01
1.209092603299999973e+04 9.946327303184040458e-01
1.209451660500000071e+04 9.942674048655182339e-01
1.209811936900000001e+04 9.956121742368345684e-01
1.210173432399999911e+04 9.950600058979844897e-01
1.210536147200000050e+04 9.951325003429498661e-01
1.210900081099999989e+04 9.963127335542280028e-01
1.211265234299999975e+04 9.935988374938504730e-01
1.211631606599999941e+04 9.978130570916631248e-01
1.211999198199999955e+04 9.963239382188556759e-01
1.212368008899999950e+04 9.957233545461829927e-01
1.212738038799999958e+04 9.959042787441299005e-01
1.213109287899999981e+04 9.963705230369720445e-01
1.213481756200000018e+04 9.952609419353447562e-01
1.213855443700000069e+04 9.995581260915868960e-01
1.214230350299999918e+04 9.985243003126501593e-01
1.214606476199999997e+04 9.982157648575608055e-01
1.214983821300000091e+04 9.995111425188276666e-01
1.215362385499999982e+04 9.990474967178050170e-01
1.215742168900000070e+04 1.001400196725056979e+00
1.216123171600000023e+04 1.001534704738479276e+00
1.216505393399999957e+04 1.002795257591881262e+00
1.216888834400000087e+04 1.000963529683737585e+00
1.217273494600000049e+04 1.003983494958263556e+00
1.217659374000000025e+04 1.005088283155803675e+00
1.218046472600000016e+04 1.006869509667414953e+00
1.218434790299999986e+04 1.007347923255513367e+00
1.218824327300000004e+04 1.006598557516253933e+00
1.219215083500000037e+04 1.007037302159451642e+00
1.219607058800000050e+04 1.008593555368275663e+00
1.220000253300000077e+04 1.008548301588513718e+00
1.220394667099999970e+04 1.010186269658278846e+00
1.220790300000000025e+04 1.009032296881629875e+00
1.221187152099999912e+04 1.007593978112990341e+00
1.221585223399999995e+04 1.009913623237640667e+00
1.221984513899999911e+04 1.009314382019501188e+00
1.222385023600000022e+04 1.009130422451848919e+00
1.222786752399999932e+04 1.010465698353580688e+00
1.223189700500000072e+04 1.011327556223119650e+00
1.223593867800000044e+04 1.012809305199299903e+00
1.223999254199999996e+04 1.012622391560409341e+00
1.224405859799999962e+04 1.011588305150908029e+00
1.224813684699999976e+04 1.013492590773512392e+00
1.225222728699999971e+04 1.012885538981308731e+00
1.225632991899999979e+04 1.013427368145560115e+00
1.226044474300000002e+04 1.012982718065120080e+00
1.226457175900000038e+04 1.012811414092888107e+00
1.226871096700000089e+04 1.014734320775414922e+00
1.227286236599999938e+04 1.016195337236225127e+00
1.227702595800000017e+04 1.016080100276532727e+00
1.228120174199999929e+04 1.016899249883310263e+00
1.228538971700000002e+04 1.017191333461619163e+00
1.228958988400000089e+04 1.019847003615183212e+00
1.229380224400000043e+04 1.018993756586307420e+00
1.229802679499999977e+04 1.022514276225715557e+00
1.230226353799999924e+04 1.020611868612114170e+00
1.230651247300000068e+04 1.021677306212503300e+00
1.231077360000000044e+04 1.021933542735176781e+00
1.231504691900000034e+04 1.023461860205233664e+00
1.231933242900000005e+04 1.025077311573852290e+00
1.232363013200000023e+04 1.025349883027965925e+00
1.232794002600000022e+04 1.026198455014672772e+00
1.233226211300000068e+04 1.026526992115711856e+00
1.233659639099999913e+04 1.024714239265692939e+00
1.234094286099999954e+04 1.026239625194050209e+00
1.234530152400000043e+04 1.025990763826059249e+00
1.234967237799999930e+04 1.028897128051500021e+00
1.235405542400000013e+04 1.026409993686917099e+00
1.235845066199999928e+04 1.028139673710901425e+00
1.236285809100000006e+04 1.029427887612982540e+00
1.236727771299999949e+04 1.030787906727106851e+00
1.237170952700000089e+04 1.029041443406481626e+00
1.237615353200000027e+04 1.030918919801661060e+00
1.238060973000000013e+04 1.032809376827493297e+00
1.238507811899999979e+04 1.030254822548826388e+00
1.238955869999999959e+04 1.030306084618837215e+00
1.239405147299999953e+04 1.029694545442664033e+00
1.239855643799999962e+04 1.033196562120843431e+00
1.240307359499999984e+04 1.031223685287543601e+00
1.240760294400000021e+04 1.033115344339723185e+00
1.241214448500000071e+04 1.034752476081209682e+00
1.241669821799999954e+04 1.034746635690114935e+00
1.242126414199999999e+04 1.037016470648417732e+00
1.242584225899999910e+04 1.038298678392112206e+00
1.243043256699999984e+04 1.039409564055500779e+00
1.243503506799999923e+04 1.037918174716225383e+00
1.243964976000000024e+04 1.038646068122137667e+00
1.244427664399999958e+04 1.039287740321320541e+00
1.244891572000000087e+04 1.041639970014155647e+00
1.245356698800000049e+04 1.042254842253754532e+00
1.245823044800000025e+04 1.042468919269837091e+00
1.246290610000000015e+04 1.043396334421225813e+00
1.246759394299999985e+04 1.041646291218876197e+00
1.247229397900000004e+04 1.045066643935996131e+00
1.247700620600000002e+04 1.045322950755191771e+00
1.248173062600000048e+04 1.045376843111693210e+00
1.248646723700000075e+04 1.046756030601075027e+00
1.249121603999999934e+04 1.044077345580830540e+00
1.249597703600000023e+04 1.046215224437375024e+00
1.250075022299999910e+04 1.046589751889505981e+00
1.250553560199999993e+04 1.046687798495695487e+00
1.251033317200000056e+04 1.045402298952297304e+00
1.251514293499999985e+04 1.048285181696696933e+00
1.251996488999999929e+04 1.049238004152416970e+00
1.252479903700000068e+04 1.049299769446918384e+00
1.252964537500000006e+04 1.049539056466432196e+00
