1.138059698199999912e+04 -1.833872368985590356e+03
1.138559698199999912e+04 -1.783866399537809002e+03
1.139059698199999912e+04 -1.733794367603401497e+03
1.139559698199999912e+04 -1.683811089773553476e+03
1.140059698199999912e+04 -1.633838593341477917e+03
1.140559698199999912e+04 -1.583851111604181369e+03
1.141059698199999912e+04 -1.533906332001504779e+03
1.141559698199999912e+04 -1.483872880664972627e+03
1.142059698199999912e+04 -1.433768911870756028e+03
1.142559698199999912e+04 -1.383878631385418203e+03
1.143059698199999912e+04 -1.333827158415457234e+03
1.143559698199999912e+04 -1.283798205080293883e+03
1.144059698199999912e+04 -1.233875915366102618e+03
1.144559698199999912e+04 -1.183825503268337798e+03
1.145059698199999912e+04 -1.133798867130877625e+03
1.145559698199999912e+04 -1.083830204915111835e+03
1.146059698199999912e+04 -1.033730581517040719e+03
1.146559698199999912e+04 -9.838870588366626180e+02
1.147059698199999912e+04 -9.337918795638249776e+02
1.147559698199999912e+04 -8.838337259334537066e+02
1.148059698199999912e+04 -8.338003211275608919e+02
1.148559698199999912e+04 -7.838108296755655147e+02
1.149059698199999912e+04 -7.338505583609288578e+02
1.149559698199999912e+04 -6.838161522170452145e+02
1.150059698199999912e+04 -6.338873218589939142e+02
1.150559698199999912e+04 -5.838007066191802323e+02
1.151059698199999912e+04 -5.338097940946474864e+02
1.151559698199999912e+04 -4.837964384244465919e+02
1.152059698199999912e+04 -4.337798172852433822e+02
1.152559698199999912e+04 -3.838011097515873757e+02
1.153059698199999912e+04 -3.338055589353789401e+02
1.153400000000000000e+04 -2.998082476789173825e+02
1.153500000000000000e+04 -2.898014857585968684e+02
1.153600000000000000e+04 -2.797345059161316954e+02
1.153700000000000000e+04 -2.697249326943420442e+02
1.153800000000000000e+04 -2.597816678074031529e+02
1.153900000000000000e+04 -2.497706423805889813e+02
1.154000000000000000e+04 -2.398024549305323490e+02
1.154100000000000000e+04 -2.297291315893976389e+02
1.154120000000000073e+04 -2.277462998181789544e+02
1.154139999999999964e+04 -2.257023199278633001e+02
1.154160000000000036e+04 -2.237989867080183330e+02
1.154179999999999927e+04 -2.217803216713210190e+02
1.154200000000000000e+04 -2.197603511988601213e+02
1.154220000000000073e+04 -2.177456153318060785e+02
1.154239999999999964e+04 -2.157736658663539799e+02
1.154260000000000036e+04 -2.137968753227515322e+02
1.154279999999999927e+04 -2.117362263604866541e+02
1.154300000000000000e+04 -2.097414800184315027e+02
1.154320000000000073e+04 -2.077974328424473356e+02
1.154339999999999964e+04 -2.057183882452650039e+02
1.154360000000000036e+04 -2.037239927954300356e+02
1.154379999999999927e+04 -2.017596442794811651e+02
1.154400000000000000e+04 -1.997611185021797837e+02
1.154420000000000073e+04 -1.977458380698556368e+02
1.154439999999999964e+04 -1.957931966914466670e+02
1.154460000000000036e+04 -1.937619509889584606e+02
1.154479999999999927e+04 -1.918372427999302374e+02
1.154500000000000000e+04 -1.897322576144066488e+02
1.154520000000000073e+04 -1.878158983056842146e+02
1.154539999999999964e+04 -1.857091042632297047e+02
1.154560000000000036e+04 -1.837721046720152742e+02
1.154579999999999927e+04 -1.817678078276213114e+02
1.154600000000000000e+04 -1.797814083738121838e+02
1.154620000000000073e+04 -1.777691547600763329e+02
1.154639999999999964e+04 -1.757094525346705609e+02
1.154660000000000036e+04 -1.738442427405579451e+02
1.154679999999999927e+04 -1.717132549316116297e+02
1.154700000000000000e+04 -1.697458685623676899e+02
1.154720000000000073e+04 -1.677994596817747492e+02
1.154739999999999964e+04 -1.657928937631618567e+02
1.154760000000000036e+04 -1.636966622665450473e+02
1.154779999999999927e+04 -1.617878456852448323e+02
1.154800000000000000e+04 -1.597940906881717638e+02
1.154820000000000073e+04 -1.577137457689980522e+02
1.154839999999999964e+04 -1.557412920790387716e+02
1.154860000000000036e+04 -1.537844349865512186e+02
1.154879999999999927e+04 -1.517437078140615085e+02
1.154900000000000000e+04 -1.497860984968430103e+02
1.154920000000000073e+04 -1.477126213246828286e+02
1.154939999999999964e+04 -1.457129432114602423e+02
1.154960000000000036e+04 -1.437304083480485417e+02
1.154979999999999927e+04 -1.417347248658152239e+02
1.155000000000000000e+04 -1.396856244401296863e+02
1.155020000000000073e+04 -1.377465137792014787e+02
1.155039999999999964e+04 -1.357867991127473317e+02
1.155060000000000036e+04 -1.337286550770513998e+02
1.155079999999999927e+04 -1.316719246141162500e+02
1.155100000000000000e+04 -1.297776344400934079e+02
1.155120000000000073e+04 -1.277542754207765938e+02
1.155139999999999964e+04 -1.257264022217852073e+02
1.155160000000000036e+04 -1.237409477183299629e+02
1.155179999999999927e+04 -1.217725662979344463e+02
1.155200000000000000e+04 -1.196980362466313750e+02
1.155220000000000073e+04 -1.176558226539305707e+02
1.155239999999999964e+04 -1.157291511136361493e+02
1.155260000000000036e+04 -1.137663219611444845e+02
1.155279999999999927e+04 -1.117860790955489563e+02
1.155300000000000000e+04 -1.097206629043517694e+02
1.155320000000000073e+04 -1.076917827487235257e+02
1.155339999999999964e+04 -1.057123082146735129e+02
1.155360000000000036e+04 -1.037259197149008401e+02
1.155379999999999927e+04 -1.017455902108396657e+02
1.155400000000000000e+04 -9.976128589403380431e+01
1.155420000000000073e+04 -9.769196794273013040e+01
1.155439999999999964e+04 -9.568919901506868086e+01
1.155460000000000036e+04 -9.377360392218639618e+01
1.155479999999999927e+04 -9.166125464865260142e+01
1.155500000000000000e+04 -8.969405267986289232e+01
1.155520000000000073e+04 -8.766409781121410560e+01
1.155539999999999964e+04 -8.575787005674179397e+01
1.155560000000000036e+04 -8.375572360242752268e+01
1.155579999999999927e+04 -8.171155401791746442e+01
1.155600000000000000e+04 -7.968614945830348972e+01
1.155620000000000073e+04 -7.763923424796955430e+01
1.155639999999999964e+04 -7.567466763965859400e+01
1.155660000000000036e+04 -7.370482845785195991e+01
1.155679999999999927e+04 -7.172884689924552504e+01
1.155700000000000000e+04 -6.964727074955843023e+01
1.155720000000000073e+04 -6.771980235995214059e+01
1.155739999999999964e+04 -6.562644238342869585e+01
1.155760000000000036e+04 -6.368821971377102642e+01
1.155779999999999927e+04 -6.162101118062503957e+01
1.155800000000000000e+04 -5.964911044116472283e+01
1.155820000000000073e+04 -5.767316300313585486e+01
1.155839999999999964e+04 -5.568165324218369960e+01
1.155860000000000036e+04 -5.367126282317685337e+01
1.155879999999999927e+04 -5.163931881631740595e+01
1.155900000000000000e+04 -4.964576792290612417e+01
1.155920000000000073e+04 -4.766398259814337734e+01
1.155939999999999964e+04 -4.564138293971941351e+01
1.155960000000000036e+04 -4.362755199194877065e+01
1.155979999999999927e+04 -4.169629351746540635e+01
1.156000000000000000e+04 -3.959956780924443365e+01
1.156020000000000073e+04 -3.764172633130312562e+01
1.156039999999999964e+04 -3.563880279541777440e+01
1.156060000000000036e+04 -3.364848742840488427e+01
1.156079999999999927e+04 -3.164218835504466654e+01
1.156100000000000000e+04 -2.961608484466682256e+01
1.156120000000000073e+04 -2.758368533712439330e+01
1.156139999999999964e+04 -2.547824095561807312e+01
1.156160000000000036e+04 -2.355151685336489464e+01
1.156179999999999927e+04 -2.151182086968146479e+01
1.156200000000000000e+04 -1.948837307522722639e+01
1.156220000000000073e+04 -1.748012430722761934e+01
1.156239999999999964e+04 -1.547027931926112565e+01
1.156260000000000036e+04 -1.349055879989629858e+01
1.156279999999999927e+04 -1.137758190280868398e+01
1.156300000000000000e+04 -9.342386612696820691e+00
1.156320000000000073e+04 -7.441075084842816878e+00
1.156339999999999964e+04 -5.393632237044842626e+00
1.156360000000000036e+04 -3.340971165878084292e+00
1.156379999999999927e+04 -1.337141295183040590e+00
1.156400000000000000e+04 7.421263913790421274e-01
1.156420000000000073e+04 2.728821470406001648e+00
1.156439999999999964e+04 4.858416987928457331e+00
1.156460000000000036e+04 6.853743031389101681e+00
1.156479999999999927e+04 8.851093162497015499e+00
1.156500000000000000e+04 1.090754731853479065e+01
1.156520000000000073e+04 1.293794085275701100e+01
1.156539999999999964e+04 1.490797849138531106e+01
1.156560000000000036e+04 1.692369950745482754e+01
1.156579999999999927e+04 1.897896695742667461e+01
1.156600000000000000e+04 2.102978460203046396e+01
1.156620000000000073e+04 2.302447123899639791e+01
1.156639999999999964e+04 2.498187582784903071e+01
1.156660000000000036e+04 2.702481863750509916e+01
1.156679999999999927e+04 2.906436014601413831e+01
1.156700000000000000e+04 3.107638330836812202e+01
1.156720000000000073e+04 3.315788489389435512e+01
1.156739999999999964e+04 3.504938673987369668e+01
1.156760000000000036e+04 3.711975637023964936e+01
1.156779999999999927e+04 3.915964547756996694e+01
1.156800000000000000e+04 4.118913872681835642e+01
1.156820000000000073e+04 4.309764053125464756e+01
1.156839999999999964e+04 4.512979701944821898e+01
1.156860000000000036e+04 4.713007531903866720e+01
1.156879999999999927e+04 4.911439287955752064e+01
1.156900000000000000e+04 5.110062433098243417e+01
1.156920000000000073e+04 5.311616639188932965e+01
1.156939999999999964e+04 5.500879928387914219e+01
1.156960000000000036e+04 5.711334231181198362e+01
1.156979999999999927e+04 5.908692716240156528e+01
1.157000000000000000e+04 6.106706545754801851e+01
1.157020000000000073e+04 6.313844628841908246e+01
1.157039999999999964e+04 6.503666440601068643e+01
1.157060000000000036e+04 6.703735256708525014e+01
1.157079999999999927e+04 6.911171984956004621e+01
1.157100000000000000e+04 7.100520809263522892e+01
1.157120000000000073e+04 7.300673518306248866e+01
1.157139999999999964e+04 7.501204752557940481e+01
1.157160000000000036e+04 7.703801670765034260e+01
1.157179999999999927e+04 7.900910498473049870e+01
1.157200000000000000e+04 8.094976940654619568e+01
1.157220000000000073e+04 8.296858331235353035e+01
1.157239999999999964e+04 8.495868814269495317e+01
1.157260000000000036e+04 8.696989176806752653e+01
1.157279999999999927e+04 8.898126511340211664e+01
1.157300000000000000e+04 9.097554098449404592e+01
1.157320000000000073e+04 9.289346629310216485e+01
1.157339999999999964e+04 9.498623391175526365e+01
1.157360000000000036e+04 9.695381621741373124e+01
1.157379999999999927e+04 9.898789159496482171e+01
1.157400000000000000e+04 1.009505143361002411e+02
1.157420000000000073e+04 1.029697574439042711e+02
1.157439999999999964e+04 1.049437962747087454e+02
1.157460000000000036e+04 1.069703358178590378e+02
1.157479999999999927e+04 1.089385855409149286e+02
1.157500000000000000e+04 1.109141035728640645e+02
1.157520000000000073e+04 1.129933405399800534e+02
1.157539999999999964e+04 1.149433378989128158e+02
1.157560000000000036e+04 1.169299387136328079e+02
1.157579999999999927e+04 1.188634901194483859e+02
1.157600000000000000e+04 1.208612891417891575e+02
1.157620000000000073e+04 1.229145182493776929e+02
1.157639999999999964e+04 1.249089787652325327e+02
1.157660000000000036e+04 1.268805630178022170e+02
1.157679999999999927e+04 1.289061609833073874e+02
1.157700000000000000e+04 1.309552913940825078e+02
1.157720000000000073e+04 1.329234831154304572e+02
1.157739999999999964e+04 1.348600790459007044e+02
1.157760000000000036e+04 1.368955321701257617e+02
1.157779999999999927e+04 1.388714629939735232e+02
1.157800000000000000e+04 1.408860386155103015e+02
1.157820000000000073e+04 1.428852483275961163e+02
1.157839999999999964e+04 1.448828843596969023e+02
1.157860000000000036e+04 1.468570641754482153e+02
1.157879999999999927e+04 1.488966896426474875e+02
1.157900000000000000e+04 1.508820647150036507e+02
1.157920000000000073e+04 1.528006310805136820e+02
1.157939999999999964e+04 1.549735174013028995e+02
1.157960000000000036e+04 1.569403599590084468e+02
1.157979999999999927e+04 1.588894949274520343e+02
1.158000000000000000e+04 1.609050993915316212e+02
1.158020000000000073e+04 1.628625553075572725e+02
1.158039999999999964e+04 1.649631598165644846e+02
1.158060000000000036e+04 1.669709315970947898e+02
1.158079999999999927e+04 1.689107383093647741e+02
1.158100000000000000e+04 1.709395313003451236e+02
1.158120000000000073e+04 1.729116975716290767e+02
1.158139999999999964e+04 1.748582516995066385e+02
1.158160000000000036e+04 1.768895690082326553e+02
1.158179999999999927e+04 1.789087579243955020e+02
1.158200000000000000e+04 1.808883843128864726e+02
1.158220000000000073e+04 1.828953987933958842e+02
1.158239999999999964e+04 1.848991680351252853e+02
1.158260000000000036e+04 1.868987199205533045e+02
1.158279999999999927e+04 1.889014611732412732e+02
1.158300000000000000e+04 1.908624554319500248e+02
1.158320000000000073e+04 1.928737305257161836e+02
1.158339999999999964e+04 1.948528005068752691e+02
1.158360000000000036e+04 1.969305687057173202e+02
1.158379999999999927e+04 1.988225004818779098e+02
1.158400000000000000e+04 2.009352094199512351e+02
1.158420000000000073e+04 2.029420311341789329e+02
1.158439999999999964e+04 2.048830934135947075e+02
1.158460000000000036e+04 2.068017053018483580e+02
1.158479999999999927e+04 2.088791775724215825e+02
1.158500000000000000e+04 2.108884177726769167e+02
1.158520000000000073e+04 2.128545995768331807e+02
1.158539999999999964e+04 2.148721972368095976e+02
1.158560000000000036e+04 2.169423091312821725e+02
1.158579999999999927e+04 2.189117989382100404e+02
1.158600000000000000e+04 2.208574331629324092e+02
1.158620000000000073e+04 2.228332274984703929e+02
1.158639999999999964e+04 2.248773919612824272e+02
1.158660000000000036e+04 2.268814210171456693e+02
1.158679999999999927e+04 2.289067393175117502e+02
1.158700000000000000e+04 2.308698239485312911e+02
1.158720000000000073e+04 2.329069372600541783e+02
1.158739999999999964e+04 2.349569838114634877e+02
1.158760000000000036e+04 2.369190335001126471e+02
1.158779999999999927e+04 2.388895130076182056e+02
1.158800000000000000e+04 2.408862328349178767e+02
1.158820000000000073e+04 2.428809491260031166e+02
1.158839999999999964e+04 2.449337766548359809e+02
1.158860000000000036e+04 2.468721748281269015e+02
1.158879999999999927e+04 2.488962316191890523e+02
1.158900000000000000e+04 2.509004618093462682e+02
1.158920000000000073e+04 2.528803155935520408e+02
1.158939999999999964e+04 2.548517845654115490e+02
1.158960000000000036e+04 2.569110979074006309e+02
1.158979999999999927e+04 2.589003831011168586e+02
1.159000000000000000e+04 2.609199621239914677e+02
1.159020000000000073e+04 2.628852541181739184e+02
1.159039999999999964e+04 2.649487571999042643e+02
1.159060000000000036e+04 2.668771368159891040e+02
1.159079999999999927e+04 2.689682557471400060e+02
1.159100000000000000e+04 2.708496598327214429e+02
1.159120000000000073e+04 2.729264140850812623e+02
1.159139999999999964e+04 2.749295801136654518e+02
1.159160000000000036e+04 2.768882729176125963e+02
1.159179999999999927e+04 2.789318641103603227e+02
1.159200000000000000e+04 2.809639227248171665e+02
1.159220000000000073e+04 2.828448456980191281e+02
1.159239999999999964e+04 2.849405686052407987e+02
1.159260000000000036e+04 2.868391932844446615e+02
1.159279999999999927e+04 2.888919731540046314e+02
1.159300000000000000e+04 2.909836380384453491e+02
1.159320000000000073e+04 2.929095650532374862e+02
1.159339999999999964e+04 2.948908471549613068e+02
1.159360000000000036e+04 2.969243452907847995e+02
1.159379999999999927e+04 2.990045089966852743e+02
1.159400000000000000e+04 3.008696444582359959e+02
1.159420000000000073e+04 3.028971957457583244e+02
1.159439999999999964e+04 3.049873995412973500e+02
1.159460000000000036e+04 3.069997403129131044e+02
1.159479999999999927e+04 3.089303367723439919e+02
1.159500000000000000e+04 3.108923303997180483e+02
1.159520000000000073e+04 3.130073163420598235e+02
1.159539999999999964e+04 3.149902261717815577e+02
1.159560000000000036e+04 3.169585766620358527e+02
1.159579999999999927e+04 3.189073844929140478e+02
1.159600000000000000e+04 3.209333717990124342e+02
1.159620000000000073e+04 3.229275568765604589e+02
1.159639999999999964e+04 3.249440246954860640e+02
1.159660000000000036e+04 3.269822905658870127e+02
1.159679999999999927e+04 3.289625416754482217e+02
1.159700000000000000e+04 3.308932929144631316e+02
1.159770000000000073e+04 3.379741873796696723e+02
1.159839999999999964e+04 3.449336515105028411e+02
1.159910000000000036e+04 3.519426801348591312e+02
1.159979999999999927e+04 3.589657594877409110e+02
1.160050000000000000e+04 3.658730194845296637e+02
1.160120000000000073e+04 3.729074516160206940e+02
1.160189999999999964e+04 3.798877378619519050e+02
1.160260000000000036e+04 3.868499852846523481e+02
1.160329999999999927e+04 3.939145001670722195e+02
1.160499369499999921e+04 4.109222188397852165e+02
1.160599958300000071e+04 4.208292877683129518e+02
1.160701766200000020e+04 4.310719256685285927e+02
1.160804793299999983e+04 4.413981585135617820e+02
1.160909039599999960e+04 4.518060168219555521e+02
1.161014505099999951e+04 4.623476087068838751e+02
1.161121189799999956e+04 4.729789921285461105e+02
1.161229093699999976e+04 4.838277947965506200e+02
1.161338216699999975e+04 4.947111693543508864e+02
1.161448559000000023e+04 5.057015707584919255e+02
1.161560120400000051e+04 5.169809741186546717e+02
1.161672901099999945e+04 5.282568310935042746e+02
1.161786900900000001e+04 5.396299343270219424e+02
1.161902119900000071e+04 5.511621260303984400e+02
1.162018558200000007e+04 5.628376581551681284e+02
1.162136215599999923e+04 5.745759812856251756e+02
1.162255092200000036e+04 5.864866194506868169e+02
1.162375187899999946e+04 5.984543440420708293e+02
1.162496502900000087e+04 6.106408592444258829e+02
1.162619037100000060e+04 6.228570090007538056e+02
1.162742790400000013e+04 6.352255753262847975e+02
1.162867763000000014e+04 6.476689168184524306e+02
1.162993954699999995e+04 6.603402503301526849e+02
1.163121365700000024e+04 6.730398967368549847e+02
1.163249995800000033e+04 6.859066710873516968e+02
1.163379845100000057e+04 6.988834018782986277e+02
1.163510913599999913e+04 7.119790598652937206e+02
1.163643201299999964e+04 7.253151537275225564e+02
1.163776708200000030e+04 7.386355820249185626e+02
1.163911434200000076e+04 7.521262583649905764e+02
1.164047379499999988e+04 7.656096402397408838e+02
1.164184543999999914e+04 7.793681566545850501e+02
1.164322927600000003e+04 7.931563525910960379e+02
1.164462530499999957e+04 8.071355306533015437e+02
1.164603352500000074e+04 8.212094742775939267e+02
1.164745393700000022e+04 8.354865155199370292e+02
1.164888654099999985e+04 8.497555188265997685e+02
1.165033133699999962e+04 8.642543232388834440e+02
1.165178832499999953e+04 8.788098526367385830e+02
1.165325750499999958e+04 8.935620461898738540e+02
1.165473887699999977e+04 9.082462481972572732e+02
1.165623243999999977e+04 9.232799374119141476e+02
1.165773819600000024e+04 9.383357587150919699e+02
1.165925614300000052e+04 9.534444219892789079e+02
1.166078628299999946e+04 9.688170791129385861e+02
1.166232861400000002e+04 9.842195478814209082e+02
1.166388313700000072e+04 9.997465165151602378e+02
1.166544985199999974e+04 1.015394846077102102e+03
1.166702875900000072e+04 1.031188564199586608e+03
1.166861985800000002e+04 1.047195971412350900e+03
1.167022314899999947e+04 1.063158797998760974e+03
1.167183863200000087e+04 1.079341019797329409e+03
1.167346630700000060e+04 1.095563070930809545e+03
1.167510617300000013e+04 1.111962897456192650e+03
1.167675823200000013e+04 1.128548632546560384e+03
1.167842248199999995e+04 1.145107479326276462e+03
1.168009892399999990e+04 1.161904401126485027e+03
1.168178755799999999e+04 1.178807148503798089e+03
1.168348838500000056e+04 1.195819329453391219e+03
1.168520140299999912e+04 1.212940284155272138e+03
1.168692661299999963e+04 1.230212617846897501e+03
1.168866401399999995e+04 1.247597075549678266e+03
1.169041360800000075e+04 1.265093896347360442e+03
1.169217539399999987e+04 1.282652268839732869e+03
1.169394937100000061e+04 1.300415138108709243e+03
1.169573554100000001e+04 1.318327184336523032e+03
1.169753390199999922e+04 1.336298942146431955e+03
1.169934445500000038e+04 1.354324601185558095e+03
1.170116720100000020e+04 1.372609562637009731e+03
1.170300213799999983e+04 1.390877007811238400e+03
1.170484926699999960e+04 1.409417942722096996e+03
1.170670858799999951e+04 1.428074500628531041e+03
1.170858009999999922e+04 1.446691197132221987e+03
1.171046380499999941e+04 1.465531604101919129e+03
1.171235970199999974e+04 1.484547710397167975e+03
1.171426778999999988e+04 1.503549510161726857e+03
1.171618807100000049e+04 1.522785842247949859e+03
1.171812054300000091e+04 1.542155100460116273e+03
1.172006520699999965e+04 1.561560822403954717e+03
1.172202206400000068e+04 1.581145197293765477e+03
1.172399111199999970e+04 1.600871518546040988e+03
1.172597235200000068e+04 1.620675007250238878e+03
1.172796578399999999e+04 1.640605993019762309e+03
1.172997140700000091e+04 1.660641987101278573e+03
1.173198922300000049e+04 1.680845860262149927e+03
1.173401923100000022e+04 1.701131285372418915e+03
1.173606142999999975e+04 1.721573870651230663e+03
1.173811582199999975e+04 1.742085398992172486e+03
1.174018240499999956e+04 1.762763036676328966e+03
1.174226117999999951e+04 1.783523257718125251e+03
1.174435214799999994e+04 1.804466597921570383e+03
1.174645530700000018e+04 1.825471077856719148e+03
1.174857065800000055e+04 1.846615893722579585e+03
1.175069820099999924e+04 1.867938895621519123e+03
1.175283793499999956e+04 1.889334812221112543e+03
1.175498986200000036e+04 1.910874253123023891e+03
1.175715398099999948e+04 1.932473470087778423e+03
1.175933029100000022e+04 1.954263887544040244e+03
1.176151879399999962e+04 1.976153425054885702e+03
1.176371948800000064e+04 1.998155213402698791e+03
1.176593237399999998e+04 2.020238905786513669e+03
1.176815745299999980e+04 2.042521847116396202e+03
1.177039472299999943e+04 2.064901314989616367e+03
1.177264418499999920e+04 2.087382340784164171e+03
1.177490583800000059e+04 2.109926069415527309e+03
1.177717968400000063e+04 2.132742130055406506e+03
1.177946572200000082e+04 2.155672945509185411e+03
1.178176395199999934e+04 2.178566930364086147e+03
1.178407437299999947e+04 2.201658489552027277e+03
1.178639698700000008e+04 2.224923930648343230e+03
1.178873179200000050e+04 2.248271324940107206e+03
1.179107878899999923e+04 2.271772958872325944e+03
1.179343797799999993e+04 2.295280517181211962e+03
1.179580935900000077e+04 2.319064951967923207e+03
1.179819293199999993e+04 2.342897772408814490e+03
1.180058869699999923e+04 2.366831855442751021e+03
1.180299665400000049e+04 2.390930120280701431e+03
1.180541680300000007e+04 2.415157688904917904e+03
1.180784914299999946e+04 2.439476804385325522e+03
1.181029367599999932e+04 2.463854946508035482e+03
1.181275040000000081e+04 2.488491827693554569e+03
1.181521931699999914e+04 2.513151546820226031e+03
1.181770042500000091e+04 2.537968027498036463e+03
1.182019372499999918e+04 2.562901228679388623e+03
1.182269921699999941e+04 2.587948171249825918e+03
1.182521690099999978e+04 2.613170303227064778e+03
1.182774677700000029e+04 2.638424733069469767e+03
1.183028884499999913e+04 2.663807930662806484e+03
1.183284310499999992e+04 2.689374811870824487e+03
1.183540955600000052e+04 2.715058102430139115e+03
1.183798819999999978e+04 2.740879470320463497e+03
1.184057903500000066e+04 2.766765719155075658e+03
1.184318206199999986e+04 2.792744549838674175e+03
1.184579728199999954e+04 2.819013205121228566e+03
1.184842469300000084e+04 2.845209455681515919e+03
1.185106429600000047e+04 2.871640731375557152e+03
1.185371609100000023e+04 2.898109203503871868e+03
1.185638007800000014e+04 2.924774221269683039e+03
1.185905625599999985e+04 2.951546679164938723e+03
1.186174462700000004e+04 2.978443666936660520e+03
1.186444519000000037e+04 3.005445136097297564e+03
1.186715794400000050e+04 3.032565948037427916e+03
1.186988289099999929e+04 3.059775755646619928e+03
1.187262002899999970e+04 3.087139462318404185e+03
1.187536935900000026e+04 3.114665261877559715e+03
1.187813088099999914e+04 3.142302538148971053e+03
1.188090459499999997e+04 3.170001198412169288e+03
1.188369050099999913e+04 3.197906223391337790e+03
1.188648859900000025e+04 3.225901713108993590e+03
1.188929888899999969e+04 3.253924274978848644e+03
1.189212137099999927e+04 3.282152091264660612e+03
1.189495604400000047e+04 3.310524346247997528e+03
1.189780291000000034e+04 3.339009303106798143e+03
1.190066196700000000e+04 3.367571464452661530e+03
1.190353321700000015e+04 3.396348646241780443e+03
1.190641665800000010e+04 3.425151080930872922e+03
1.190931229100000019e+04 3.454092714421783967e+03
1.191222011600000042e+04 3.483119274092286105e+03
1.191514013300000079e+04 3.512323287446613904e+03
1.191807234199999948e+04 3.541700556374088592e+03
1.192101674300000013e+04 3.571061072213814441e+03
1.192397333500000059e+04 3.600735506559141413e+03
1.192694211999999970e+04 3.630382808602657860e+03
1.192992309600000044e+04 3.660310553564722341e+03
1.193291626499999984e+04 3.690210337830344997e+03
1.193592162500000086e+04 3.720178287907542654e+03
1.193893917700000020e+04 3.750357472599198445e+03
1.194196892099999968e+04 3.780693474183416583e+03
1.194501085799999964e+04 3.811137531907855646e+03
1.194806498500000089e+04 3.841563804086350046e+03
1.195113130500000079e+04 3.872222826781393906e+03
1.195420981700000084e+04 3.903048310407219560e+03
1.195730052099999921e+04 3.933997731308394123e+03
1.196040341599999920e+04 3.965025040612658813e+03
1.196351850399999967e+04 3.996197247871330546e+03
1.196664578299999994e+04 4.027392727996812482e+03
1.196978525500000069e+04 4.058749487683217012e+03
1.197293691799999942e+04 4.090377448804121741e+03
1.197610077300000012e+04 4.121958154041465605e+03
1.197927681999999913e+04 4.153678287002350771e+03
1.198246505900000011e+04 4.185635477429156708e+03
1.198566548999999941e+04 4.217663941870386225e+03
1.198887811200000033e+04 4.249758529448838090e+03
1.199210292699999991e+04 4.281995368816922564e+03
1.199533993399999963e+04 4.314376126621128606e+03
1.199858913199999915e+04 4.346861078472549707e+03
1.200185052299999916e+04 4.379441047046721906e+03
1.200512410500000078e+04 4.412199233664069652e+03
1.200840987900000073e+04 4.445098995732523690e+03
1.201170784500000082e+04 4.478071077121196140e+03
1.201501800299999923e+04 4.511167570036051984e+03
1.201834035299999960e+04 4.544349950375331900e+03
1.202167489500000011e+04 4.577723918255818717e+03
1.202502162900000076e+04 4.611122651553755531e+03
1.202838055399999939e+04 4.644793874045934899e+03
1.203175167200000033e+04 4.678548342829755711e+03
1.203513498199999958e+04 4.712281351911465208e+03
1.203853048300000046e+04 4.746267281953853853e+03
1.204193817599999966e+04 4.780377093564574352e+03
1.204535806100000082e+04 4.814608934749418950e+03
1.204879013900000064e+04 4.848871238223244291e+03
1.205223440800000026e+04 4.883306755664429147e+03
1.205569086799999968e+04 4.917828025704435277e+03
1.205915952099999959e+04 4.952587889219957106e+03
1.206264036599999963e+04 4.987464970718579025e+03
1.206613340299999982e+04 5.022333756686551169e+03
1.206963863099999980e+04 5.057376347196558527e+03
1.207315605200000027e+04 5.092563677948637633e+03
1.207668566400000054e+04 5.127849170751957899e+03
1.208022746799999913e+04 5.163240030943381498e+03
1.208378146500000003e+04 5.198837034084960578e+03
1.208734765300000072e+04 5.234478174962629055e+03
1.209092603299999973e+04 5.270256088476308832e+03
1.209451660500000071e+04 5.306127708837168939e+03
1.209811936900000001e+04 5.342239854143442244e+03
1.210173432399999911e+04 5.378398717943229713e+03
1.210536147200000050e+04 5.414729286620573475e+03
1.210900081099999989e+04 5.451344674458860027e+03
1.211265234299999975e+04 5.487900644784676842e+03
1.211631606599999941e+04 5.524434347858725232e+03
1.211999198199999955e+04 5.561024934082934124e+03
1.212368008899999950e+04 5.597770473220857639e+03
1.212738038799999958e+04 5.634821364876442203e+03
1.213109287899999981e+04 5.671862214294817932e+03
1.213481756200000018e+04 5.709130085834841339e+03
1.213855443700000069e+04 5.746470545105653400e+03
1.214230350299999918e+04 5.784030531931907717e+03
1.214606476199999997e+04 5.821640186364782494e+03
1.214983821300000091e+04 5.859369374363179304e+03
1.215362385499999982e+04 5.897202508641694294e+03
1.215742168900000070e+04 5.935177216027596842e+03
1.216123171600000023e+04 5.973335045947059371e+03
1.216505393399999957e+04 6.011522219941629373e+03
1.216888834400000087e+04 6.049897487930452371e+03
1.217273494600000049e+04 6.088322881713154857e+03
1.217659374000000025e+04 6.126949362270787788e+03
1.218046472600000016e+04 6.165698836705340000e+03
1.218434790299999986e+04 6.204506209922172275e+03
1.218824327300000004e+04 6.243425752096709402e+03
1.219215083500000037e+04 6.282525007646001541e+03
1.219607058800000050e+04 6.321706248704163045e+03
1.220000253300000077e+04 6.361035047876583121e+03
1.220394667099999970e+04 6.400464776641286335e+03
1.220790300000000025e+04 6.440033709700790496e+03
1.221187152099999912e+04 6.479733056888575447e+03
1.221585223399999995e+04 6.519498223143714313e+03
1.221984513899999911e+04 6.559426557632315962e+03
1.222385023600000022e+04 6.599465029075392522e+03
1.222786752399999932e+04 6.639631517214905216e+03
1.223189700500000072e+04 6.679939107165878340e+03
1.223593867800000044e+04 6.720403783700152417e+03
1.223999254199999996e+04 6.760906807221171221e+03
1.224405859799999962e+04 6.801615964012520635e+03
1.224813684699999976e+04 6.842382709008552411e+03
1.225222728699999971e+04 6.883218034845739567e+03
1.225632991899999979e+04 6.924335997260856857e+03
1.226044474300000002e+04 6.965489649355478832e+03
1.226457175900000038e+04 7.006697730485977445e+03
1.226871096700000089e+04 7.048139347715216900e+03
1.227286236599999938e+04 7.089610032188771584e+03
1.227702595800000017e+04 7.131279139569207473e+03
1.228120174199999929e+04 7.172990938903290953e+03
1.228538971700000002e+04 7.214853202254457756e+03
1.228958988400000089e+04 7.256904819759585735e+03
1.229380224400000043e+04 7.299038465496222670e+03
1.229802679499999977e+04 7.341275914482804183e+03
1.230226353799999924e+04 7.383615984802217099e+03
1.230651247300000068e+04 7.426133309107401146e+03
1.231077360000000044e+04 7.468768727439254690e+03
1.231504691900000034e+04 7.511491598377659102e+03
1.231933242900000005e+04 7.554354712981656121e+03
1.232363013200000023e+04 7.597302944597066926e+03
1.232794002600000022e+04 7.640466062863899424e+03
1.233226211300000068e+04 7.683606397703598304e+03
1.233659639099999913e+04 7.727006614718519813e+03
1.234094286099999954e+04 7.770496115596744858e+03
1.234530152400000043e+04 7.814058667371133197e+03
1.234967237799999930e+04 7.857744332060678971e+03
1.235405542400000013e+04 7.901563549042331942e+03
1.235845066199999928e+04 7.945569751208722664e+03
1.236285809100000006e+04 7.989560159734484841e+03
1.236727771299999949e+04 8.033772487717297736e+03
1.237170952700000089e+04 8.078110951587522322e+03
1.237615353200000027e+04 8.122608393137995336e+03
1.238060973000000013e+04 8.167140981100558747e+03
1.238507811899999979e+04 8.211778533884589706e+03
1.238955869999999959e+04 8.256608093516580993e+03
1.239405147299999953e+04 8.301525027273610249e+03
1.239855643799999962e+04 8.346572280077532923e+03
1.240307359499999984e+04 8.391802960993669330e+03
1.240760294400000021e+04 8.437015416894049849e+03
1.241214448500000071e+04 8.482534885810980995e+03
1.241669821799999954e+04 8.528045427464790919e+03
1.242126414199999999e+04 8.573715793374471104e+03
1.242584225899999910e+04 8.619444632327989893e+03
1.243043256699999984e+04 8.665358607452677461e+03
1.243503506799999923e+04 8.711339912811961767e+03
1.243964976000000024e+04 8.757518751210185656e+03
1.244427664399999958e+04 8.803823598295937700e+03
1.244891572000000087e+04 8.850242899343807949e+03
1.245356698800000049e+04 8.896672887707296468e+03
1.245823044800000025e+04 8.943333838276970710e+03
1.246290610000000015e+04 8.990097972543064316e+03
1.246759394299999985e+04 9.036933910719184496e+03
1.247229397900000004e+04 9.084003670993108244e+03
1.247700620600000002e+04 9.131080784071567905e+03
1.248173062600000048e+04 9.178344133812768632e+03
1.248646723700000075e+04 9.225701690818239513e+03
1.249121603999999934e+04 9.273178794972960532e+03
1.249597703600000023e+04 9.320816855667213531e+03
1.250075022299999910e+04 9.368542087347475899e+03
1.250553560199999993e+04 9.416389106900498518e+03
1.251033317200000056e+04 9.464352941934550472e+03
1.251514293499999985e+04 9.512487944527421860e+03
1.251996488999999929e+04 9.560754041039817821e+03
1.252479903700000068e+04 9.609043819606351462e+03
1.252964537500000006e+04 9.657537506183733058e+03
