1.685467997299999843e+04 2.666191056616204827e-02
1.685967997299999843e+04 2.667749101594681094e-02
1.686467997299999843e+04 2.673715137438616163e-02
1.686967997299999843e+04 2.677732473477033998e-02
1.687467997299999843e+04 2.684578687152370732e-02
1.687967997299999843e+04 2.690859249349277990e-02
1.688467997299999843e+04 2.700691695967452968e-02
1.688967997299999843e+04 2.702072108423851995e-02
1.689467997299999843e+04 2.706974877899060924e-02
1.689967997299999843e+04 2.708005562164764873e-02
1.690467997299999843e+04 2.715493563949236688e-02
1.690967997299999843e+04 2.722668651526418196e-02
1.691467997299999843e+04 2.731505212526755960e-02
1.691967997299999843e+04 2.737241401625126538e-02
1.692467997299999843e+04 2.742141812392050529e-02
1.692967997299999843e+04 2.750130230680820215e-02
1.693467997299999843e+04 2.761555433149186223e-02
1.693967997299999843e+04 2.767423567899883474e-02
1.694467997299999843e+04 2.774658546855099037e-02
1.694967997299999843e+04 2.784517532211386315e-02
1.695467997299999843e+04 2.804627550785043083e-02
1.695967997299999843e+04 2.814658387709186027e-02
1.696467997299999843e+04 2.816455763232962248e-02
1.696967997299999843e+04 2.837654192736762532e-02
1.697467997299999843e+04 2.885376868971879089e-02
1.697967997299999843e+04 2.959548425295420102e-02
1.698467997299999843e+04 3.041515847511204462e-02
1.698967997299999843e+04 3.069814105277889754e-02
1.699467997299999843e+04 3.030346341574863961e-02
1.699967997299999843e+04 3.001051433611136993e-02
1.700467997299999843e+04 3.014490399889177552e-02
1.700800000000000000e+04 3.036369344617875776e-02
1.700900000000000000e+04 3.050043705904326163e-02
1.701000000000000000e+04 3.061358801902744342e-02
1.701100000000000000e+04 3.073382251490580641e-02
1.701200000000000000e+04 3.094814804187423496e-02
1.701300000000000000e+04 3.104390005095905569e-02
1.701400000000000000e+04 3.113848081050002436e-02
1.701500000000000000e+04 3.132674582540193042e-02
1.701520000000000073e+04 3.134960239591039199e-02
1.701540000000000146e+04 3.126218679058428984e-02
1.701559999999999854e+04 3.147765450309206181e-02
1.701579999999999927e+04 3.150659362135790897e-02
1.701600000000000000e+04 3.144932691944360426e-02
1.701620000000000073e+04 3.164137174204798009e-02
1.701640000000000146e+04 3.158988975867693672e-02
1.701659999999999854e+04 3.162824223310398142e-02
1.701679999999999927e+04 3.165066689357234897e-02
1.701700000000000000e+04 3.168678287612256006e-02
1.701720000000000073e+04 3.183599384352439610e-02
1.701740000000000146e+04 3.161060739812820986e-02
1.701759999999999854e+04 3.182668286106621336e-02
1.701779999999999927e+04 3.180163751585596277e-02
1.701800000000000000e+04 3.185573096782640112e-02
1.701820000000000073e+04 3.205222821735934091e-02
1.701840000000000146e+04 3.196221494020801135e-02
1.701859999999999854e+04 3.206091209949682441e-02
1.701879999999999927e+04 3.216907317391629051e-02
1.701900000000000000e+04 3.221909314767965049e-02
1.701920000000000073e+04 3.219228845439822684e-02
1.701940000000000146e+04 3.221651773312483868e-02
1.701959999999999854e+04 3.215855672532083598e-02
1.701979999999999927e+04 3.246942673299124671e-02
1.702000000000000000e+04 3.254602502027362232e-02
1.702020000000000073e+04 3.240978453244114377e-02
1.702040000000000146e+04 3.254757587350784465e-02
1.702059999999999854e+04 3.242023035520197327e-02
1.702079999999999927e+04 3.270120741797971631e-02
1.702100000000000000e+04 3.259819015854029112e-02
1.702120000000000073e+04 3.266242089648266345e-02
1.702140000000000146e+04 3.277474385202552853e-02
1.702159999999999854e+04 3.284109500306008067e-02
1.702179999999999927e+04 3.290445546261720755e-02
1.702200000000000000e+04 3.287659773105848504e-02
1.702220000000000073e+04 3.304188999603992205e-02
1.702240000000000146e+04 3.318436841246433233e-02
1.702259999999999854e+04 3.308774897272719062e-02
1.702279999999999927e+04 3.332135790040005596e-02
1.702300000000000000e+04 3.342743763514922917e-02
1.702320000000000073e+04 3.344464336070682164e-02
1.702340000000000146e+04 3.356219644880595321e-02
1.702359999999999854e+04 3.346204630340336716e-02
1.702379999999999927e+04 3.342105157635812118e-02
1.702400000000000000e+04 3.365737169335190904e-02
1.702420000000000073e+04 3.385749849880395623e-02
1.702440000000000146e+04 3.381342844673682069e-02
1.702459999999999854e+04 3.406737867317125024e-02
1.702479999999999927e+04 3.399542151299531079e-02
1.702500000000000000e+04 3.400918227038368657e-02
1.702520000000000073e+04 3.411059383218903451e-02
1.702540000000000146e+04 3.435633518453864998e-02
1.702559999999999854e+04 3.447650276875852127e-02
1.702579999999999927e+04 3.438670696768555968e-02
1.702600000000000000e+04 3.446104889094675494e-02
1.702620000000000073e+04 3.470907803503317512e-02
1.702640000000000146e+04 3.470647128932359549e-02
1.702659999999999854e+04 3.482130107438871636e-02
1.702679999999999927e+04 3.500559384619220116e-02
1.702700000000000000e+04 3.520006443722796530e-02
1.702720000000000073e+04 3.520893840215488790e-02
1.702740000000000146e+04 3.531508890730112454e-02
1.702759999999999854e+04 3.534313052652984094e-02
1.702779999999999927e+04 3.556260579886676848e-02
1.702800000000000000e+04 3.592749576727346378e-02
1.702820000000000073e+04 3.587860280095390292e-02
1.702840000000000146e+04 3.589613600955136874e-02
1.702859999999999854e+04 3.592493051776576851e-02
1.702879999999999927e+04 3.617795963241621920e-02
1.702900000000000000e+04 3.648714890552860746e-02
1.702920000000000073e+04 3.645185961607859404e-02
1.702940000000000146e+04 3.677822400442110756e-02
1.702959999999999854e+04 3.688975291279181223e-02
1.702979999999999927e+04 3.707663702551652202e-02
1.703000000000000000e+04 3.722438606797844746e-02
1.703020000000000073e+04 3.737585369466616542e-02
1.703040000000000146e+04 3.761546500497228718e-02
1.703059999999999854e+04 3.789371812603560541e-02
1.703079999999999927e+04 3.805924197079723487e-02
1.703100000000000000e+04 3.811585954034866358e-02
1.703120000000000073e+04 3.852073052387677138e-02
1.703140000000000146e+04 3.875722493637501209e-02
1.703159999999999854e+04 3.909033090752876000e-02
1.703179999999999927e+04 3.927158490147793918e-02
1.703200000000000000e+04 3.966631643810518415e-02
1.703220000000000073e+04 3.998278585826736675e-02
1.703240000000000146e+04 4.007168355258436399e-02
1.703259999999999854e+04 4.053195448638785559e-02
1.703279999999999927e+04 4.089635881357699815e-02
1.703300000000000000e+04 4.121296473415037021e-02
1.703320000000000073e+04 4.158440871994026344e-02
1.703340000000000146e+04 4.205502479861016052e-02
1.703359999999999854e+04 4.240926932817744299e-02
1.703379999999999927e+04 4.287702461629555595e-02
1.703400000000000000e+04 4.347932827600500122e-02
1.703420000000000073e+04 4.395137957712086374e-02
1.703440000000000146e+04 4.451125008785535020e-02
1.703459999999999854e+04 4.508319664381110758e-02
1.703479999999999927e+04 4.573341559291546621e-02
1.703500000000000000e+04 4.642538775009190377e-02
1.703520000000000073e+04 4.744208750788246609e-02
1.703540000000000146e+04 4.800480410981682045e-02
1.703559999999999854e+04 4.886477697318428182e-02
1.703579999999999927e+04 5.001510059310060319e-02
1.703600000000000000e+04 5.100403726083431455e-02
1.703620000000000073e+04 5.223962464275640205e-02
1.703640000000000146e+04 5.380562073274879065e-02
1.703659999999999854e+04 5.521805136907097233e-02
1.703679999999999927e+04 5.676840278991056310e-02
1.703700000000000000e+04 5.843005646480665949e-02
1.703720000000000073e+04 6.039898133402288316e-02
1.703740000000000146e+04 6.263535802879731385e-02
1.703759999999999854e+04 6.474196451273758757e-02
1.703779999999999927e+04 6.700448421230530138e-02
1.703800000000000000e+04 6.969727768116495970e-02
1.703820000000000073e+04 7.218396629454673641e-02
1.703840000000000146e+04 7.495516628929527192e-02
1.703859999999999854e+04 7.753840522009851355e-02
1.703879999999999927e+04 8.040727404709152593e-02
1.703900000000000000e+04 8.316737918141285657e-02
1.703920000000000073e+04 8.583939735612083899e-02
1.703940000000000146e+04 8.849329487855350784e-02
1.703959999999999854e+04 9.099925668021296987e-02
1.703979999999999927e+04 9.356193725029465780e-02
1.704000000000000000e+04 9.585262733103865063e-02
1.704020000000000073e+04 9.794677665588444326e-02
1.704040000000000146e+04 1.002888628740257471e-01
1.704059999999999854e+04 1.023952961934304767e-01
1.704079999999999927e+04 1.042047379384745120e-01
1.704100000000000000e+04 1.060524996400470932e-01
1.704120000000000073e+04 1.080428938050310150e-01
1.704140000000000146e+04 1.098180582823198859e-01
1.704159999999999854e+04 1.117560123599861260e-01
1.704179999999999927e+04 1.134771967420701300e-01
1.704200000000000000e+04 1.151826578639708193e-01
1.704220000000000073e+04 1.168673885836584991e-01
1.704240000000000146e+04 1.186437568736015552e-01
1.704259999999999854e+04 1.205412426575774715e-01
1.704279999999999927e+04 1.223082680100099906e-01
1.704300000000000000e+04 1.241978438063947587e-01
1.704320000000000073e+04 1.258965784963291534e-01
1.704340000000000146e+04 1.274817053353543839e-01
1.704359999999999854e+04 1.293548909218505405e-01
1.704379999999999927e+04 1.315331207376174705e-01
1.704400000000000000e+04 1.333085191586163287e-01
1.704420000000000073e+04 1.350175497710387473e-01
1.704440000000000146e+04 1.372003847950983846e-01
1.704459999999999854e+04 1.392935611778825244e-01
1.704479999999999927e+04 1.414721349037263431e-01
1.704500000000000000e+04 1.436436793387540212e-01
1.704520000000000073e+04 1.459216774135013994e-01
1.704540000000000146e+04 1.484151348641487289e-01
1.704559999999999854e+04 1.510179033527910830e-01
1.704579999999999927e+04 1.537634558485618530e-01
1.704600000000000000e+04 1.564248051500909398e-01
1.704620000000000073e+04 1.594024153798228038e-01
1.704640000000000146e+04 1.624513490587760067e-01
1.704659999999999854e+04 1.657409281203694462e-01
1.704679999999999927e+04 1.688251347580599637e-01
1.704700000000000000e+04 1.721964373630611445e-01
1.704720000000000073e+04 1.757287382808123966e-01
1.704740000000000146e+04 1.792813718885003516e-01
1.704759999999999854e+04 1.830711582109948443e-01
1.704779999999999927e+04 1.870335150035735972e-01
1.704800000000000000e+04 1.909801027156262099e-01
1.704820000000000073e+04 1.951308683687830448e-01
1.704840000000000146e+04 1.990685468307622497e-01
1.704859999999999854e+04 2.028997621666333018e-01
1.704879999999999927e+04 2.071437773290967510e-01
1.704900000000000000e+04 2.114047803528250613e-01
1.704920000000000073e+04 2.156263848453262855e-01
1.704940000000000146e+04 2.197434743201166218e-01
1.704959999999999854e+04 2.238620032345902122e-01
1.704979999999999927e+04 2.282417313877516118e-01
1.705000000000000000e+04 2.325895939110298738e-01
1.705020000000000073e+04 2.367449583783352574e-01
1.705040000000000146e+04 2.407930811385692871e-01
1.705059999999999854e+04 2.448056703048232530e-01
1.705079999999999927e+04 2.488536372961616394e-01
1.705100000000000000e+04 2.529064277188955989e-01
1.705120000000000073e+04 2.567330556144208353e-01
1.705140000000000146e+04 2.602800971069488267e-01
1.705159999999999854e+04 2.639568045866692025e-01
1.705179999999999927e+04 2.675071739478367960e-01
1.705200000000000000e+04 2.710317762670697572e-01
1.705220000000000073e+04 2.740520761803154626e-01
1.705240000000000146e+04 2.768840276437324888e-01
1.705259999999999854e+04 2.799040137885341895e-01
1.705279999999999927e+04 2.827961631671715437e-01
1.705300000000000000e+04 2.850390385839232099e-01
1.705320000000000073e+04 2.872442127153661540e-01
1.705340000000000146e+04 2.890243035954607187e-01
1.705359999999999854e+04 2.912128460421239962e-01
1.705379999999999927e+04 2.929888058099872628e-01
1.705400000000000000e+04 2.944387890165512944e-01
1.705420000000000073e+04 2.956434457988081910e-01
1.705440000000000146e+04 2.967012692389313644e-01
1.705459999999999854e+04 2.976526398958065367e-01
1.705479999999999927e+04 2.984843114572341971e-01
1.705500000000000000e+04 2.989033152603611243e-01
1.705520000000000073e+04 2.993790227405176418e-01
1.705540000000000146e+04 2.999827436323504459e-01
1.705559999999999854e+04 3.003406055514594719e-01
1.705579999999999927e+04 3.003758102717513645e-01
1.705600000000000000e+04 3.002597313723899819e-01
1.705620000000000073e+04 2.998255830728618343e-01
1.705640000000000146e+04 2.996005608035990919e-01
1.705659999999999854e+04 2.991140643134210242e-01
1.705679999999999927e+04 2.988357620241107182e-01
1.705700000000000000e+04 2.982093199556495877e-01
1.705720000000000073e+04 2.977446351816030456e-01
1.705740000000000146e+04 2.971321533292351491e-01
1.705759999999999854e+04 2.964167691602205834e-01
1.705779999999999927e+04 2.956057532021153511e-01
1.705800000000000000e+04 2.947450942499191262e-01
1.705820000000000073e+04 2.939972418561436207e-01
1.705840000000000146e+04 2.933058656002514031e-01
1.705859999999999854e+04 2.925452389492686489e-01
1.705879999999999927e+04 2.917964941971188386e-01
1.705900000000000000e+04 2.913982190796281513e-01
1.705920000000000073e+04 2.906115904613911227e-01
1.705940000000000146e+04 2.897512755903492998e-01
1.705959999999999854e+04 2.888657611505364153e-01
1.705979999999999927e+04 2.881300755323109586e-01
1.706000000000000000e+04 2.874015416783886612e-01
1.706020000000000073e+04 2.866451850608043861e-01
1.706040000000000146e+04 2.861976022069790959e-01
1.706059999999999854e+04 2.854639747787864335e-01
1.706079999999999927e+04 2.844699167881183377e-01
1.706100000000000000e+04 2.838550905307801187e-01
1.706120000000000073e+04 2.830811897404050259e-01
1.706140000000000146e+04 2.822505459275044259e-01
1.706159999999999854e+04 2.816766189550416466e-01
1.706179999999999927e+04 2.810008501150037530e-01
1.706200000000000000e+04 2.802670414521403752e-01
1.706220000000000073e+04 2.793347391634081744e-01
1.706240000000000146e+04 2.788096781197491603e-01
1.706259999999999854e+04 2.778417407571140973e-01
1.706279999999999927e+04 2.771455257284888285e-01
1.706300000000000000e+04 2.763833020366261994e-01
1.706320000000000073e+04 2.755618970943993773e-01
1.706340000000000146e+04 2.746721912895616069e-01
1.706359999999999854e+04 2.740592466281668860e-01
1.706379999999999927e+04 2.732591648406126339e-01
1.706400000000000000e+04 2.723678691923147044e-01
1.706420000000000073e+04 2.714941194114473544e-01
1.706440000000000146e+04 2.707569310803875084e-01
1.706459999999999854e+04 2.698212749977628722e-01
1.706479999999999927e+04 2.686888742713103850e-01
1.706500000000000000e+04 2.681268695088261378e-01
1.706520000000000073e+04 2.672646422222943463e-01
1.706540000000000146e+04 2.662289414788342468e-01
1.706559999999999854e+04 2.656771052947539680e-01
1.706579999999999927e+04 2.646628680586068927e-01
1.706600000000000000e+04 2.638676412182262010e-01
1.706620000000000073e+04 2.631505175374163619e-01
1.706640000000000146e+04 2.624239350372669088e-01
1.706659999999999854e+04 2.616235447100374034e-01
1.706679999999999927e+04 2.607301305964128124e-01
1.706700000000000000e+04 2.600313802497762894e-01
1.706720000000000073e+04 2.588999614565581919e-01
1.706740000000000146e+04 2.584592050113529438e-01
1.706759999999999854e+04 2.575512150016118218e-01
1.706779999999999927e+04 2.568905782013105044e-01
1.706800000000000000e+04 2.557958506956455325e-01
1.706820000000000073e+04 2.550231648742307122e-01
1.706840000000000146e+04 2.545659630241880467e-01
1.706859999999999854e+04 2.542159225514770138e-01
1.706879999999999927e+04 2.538504239382288197e-01
1.706900000000000000e+04 2.526874934507931103e-01
1.706920000000000073e+04 2.520052447086973957e-01
1.706940000000000146e+04 2.517601249522149476e-01
1.706959999999999854e+04 2.509676152667494886e-01
1.706979999999999927e+04 2.503092118883167849e-01
1.707000000000000000e+04 2.497341706924120219e-01
1.707020000000000073e+04 2.491785246211815352e-01
1.707040000000000146e+04 2.484226881823620448e-01
1.707059999999999854e+04 2.480656181160922624e-01
1.707079999999999927e+04 2.468721938482602574e-01
1.707100000000000000e+04 2.467966872177642101e-01
1.707170000000000073e+04 2.452143387887007475e-01
1.707240000000000146e+04 2.434806938963869904e-01
1.707309999999999854e+04 2.418873586631888895e-01
1.707379999999999927e+04 2.408522678051045474e-01
1.707450000000000000e+04 2.397439889477568087e-01
1.707520000000000073e+04 2.385304935313455055e-01
1.707590000000000146e+04 2.377745318141795960e-01
1.707659999999999854e+04 2.370823982682175868e-01
1.707729999999999927e+04 2.364620358917229326e-01
1.707899369500000103e+04 2.354012356980769161e-01
1.707999958300000071e+04 2.349860826605889852e-01
1.708101766199999838e+04 2.347544283285283584e-01
1.708204793300000165e+04 2.345409441194009903e-01
1.708309039599999960e+04 2.343346951410243129e-01
1.708414505099999951e+04 2.342490241404376339e-01
1.708521189800000138e+04 2.342662621617493390e-01
1.708629093700000158e+04 2.343464125001271381e-01
1.708738216699999975e+04 2.344626659612468467e-01
1.708848559000000023e+04 2.348656832908695147e-01
1.708960120399999869e+04 2.354753059980608521e-01
1.709072901099999945e+04 2.358961146106407503e-01
1.709186900899999819e+04 2.367792916100352474e-01
1.709302119899999889e+04 2.378173198776010466e-01
1.709418558199999825e+04 2.389379279689836377e-01
1.709536215599999923e+04 2.402495349270477865e-01
1.709655092199999854e+04 2.413886622307379604e-01
1.709775187899999946e+04 2.425691934084255874e-01
1.709896502899999905e+04 2.437597465642025452e-01
1.710019037100000060e+04 2.448221030451719349e-01
1.710142790400000013e+04 2.457341471299567814e-01
1.710267762999999832e+04 2.468151847177712799e-01
1.710393954700000177e+04 2.475569613009033776e-01
1.710521365700000024e+04 2.480980891007397438e-01
1.710649995800000033e+04 2.484078380047126666e-01
1.710779845099999875e+04 2.488721287849426089e-01
1.710910913599999913e+04 2.490825015621337957e-01
1.711043201300000146e+04 2.490294852079306120e-01
1.711176708199999848e+04 2.489973082795878534e-01
1.711311434200000076e+04 2.486507297538423644e-01
1.711447379500000170e+04 2.485282436353223601e-01
1.711584544000000096e+04 2.482449302615560294e-01
1.711722927599999821e+04 2.479316457643868099e-01
1.711862530500000139e+04 2.473978005757613563e-01
1.712003352499999892e+04 2.468759160727823643e-01
1.712145393699999840e+04 2.461179420224714198e-01
1.712288654099999985e+04 2.452629377659389098e-01
1.712433133699999962e+04 2.446344661794267183e-01
1.712578832500000135e+04 2.438249495584305093e-01
1.712725750500000140e+04 2.427998036688875372e-01
1.712873887699999977e+04 2.420244490442633734e-01
1.713023243999999977e+04 2.411824732109247582e-01
1.713173819599999842e+04 2.403606592374191997e-01
1.713325614299999870e+04 2.397694235519842176e-01
1.713478628300000128e+04 2.392846180425100833e-01
1.713632861399999820e+04 2.387066963484950899e-01
1.713788313700000072e+04 2.382315969167176362e-01
1.713944985200000156e+04 2.377919076944046972e-01
1.714102875900000072e+04 2.373626573539340812e-01
1.714261985799999820e+04 2.370655328469442324e-01
1.714422314900000129e+04 2.367672907305284069e-01
1.714583863199999905e+04 2.366179051337133910e-01
1.714746630699999878e+04 2.363273824787356092e-01
1.714910617300000013e+04 2.361906387818513142e-01
1.715075823200000013e+04 2.361740017302913497e-01
1.715242248200000176e+04 2.363225748251269465e-01
1.715409892400000172e+04 2.364504511004796583e-01
1.715578755799999999e+04 2.367708710731834809e-01
1.715748838500000056e+04 2.369528007922073742e-01
1.715920140299999912e+04 2.372139786104269787e-01
1.716092661299999963e+04 2.373279564188172097e-01
1.716266401400000177e+04 2.373609010973784794e-01
1.716441360799999893e+04 2.377873361376854899e-01
1.716617539400000169e+04 2.379996961757174789e-01
1.716794937099999879e+04 2.383375439165941467e-01
1.716973554099999819e+04 2.384102055149748822e-01
1.717153390199999922e+04 2.383233238005786070e-01
1.717334445499999856e+04 2.383104386548078601e-01
1.717516720100000020e+04 2.385065100646628355e-01
1.717700213799999983e+04 2.386987343000253337e-01
1.717884926700000142e+04 2.384853376476140929e-01
1.718070858800000133e+04 2.387150542690837651e-01
1.718258009999999922e+04 2.385267519802066749e-01
1.718446380499999941e+04 2.386684983763288637e-01
1.718635970200000156e+04 2.385269535424563991e-01
1.718826779000000170e+04 2.384369117946847638e-01
1.719018807100000049e+04 2.384029147063869702e-01
1.719212054300000091e+04 2.382378123177293361e-01
1.719406520699999965e+04 2.379752955018004656e-01
1.719602206400000068e+04 2.378442784247245256e-01
1.719799111199999970e+04 2.374942973586059436e-01
1.719997235200000068e+04 2.373676210292312849e-01
1.720196578399999999e+04 2.370460419632294535e-01
1.720397140700000091e+04 2.368108664132617391e-01
1.720598922300000049e+04 2.365761166310865748e-01
1.720801923099999840e+04 2.362569548516405826e-01
1.721006143000000156e+04 2.359195282295362406e-01
1.721211582199999975e+04 2.356329389303414845e-01
1.721418240499999956e+04 2.354883562397237229e-01
1.721626118000000133e+04 2.348893737984578955e-01
1.721835214800000176e+04 2.347160635062429668e-01
1.722045530700000018e+04 2.346253577756859665e-01
1.722257065800000055e+04 2.344164284602956727e-01
1.722469820099999924e+04 2.343957141771049191e-01
1.722683793499999956e+04 2.343743473946657552e-01
1.722898986199999854e+04 2.343767211662164118e-01
1.723115398099999948e+04 2.343170600170410289e-01
1.723333029099999840e+04 2.347583739889135268e-01
1.723551879399999962e+04 2.348839235524267932e-01
1.723771948799999882e+04 2.351373531065372446e-01
1.723993237399999998e+04 2.354736298997197885e-01
1.724215745299999980e+04 2.355930086261422418e-01
1.724439472300000125e+04 2.356854486041420060e-01
1.724664418500000102e+04 2.355722899113442126e-01
1.724890583799999877e+04 2.355576482208538436e-01
1.725117968399999882e+04 2.357187434889500555e-01
1.725346572200000082e+04 2.355131754606831496e-01
1.725576395200000115e+04 2.356186128280665371e-01
1.725807437299999947e+04 2.357336874035128593e-01
1.726039698700000008e+04 2.357115217793150364e-01
1.726273179199999868e+04 2.357440604675697104e-01
1.726507878899999923e+04 2.358869828588756878e-01
1.726743797800000175e+04 2.359553700436657075e-01
1.726980935899999895e+04 2.362316988558099129e-01
1.727219293200000175e+04 2.361961302209487357e-01
1.727458869699999923e+04 2.362140121290263184e-01
1.727699665399999867e+04 2.363797334847827780e-01
1.727941680300000007e+04 2.362322027837599481e-01
1.728184914299999946e+04 2.361086755470315490e-01
1.728429367600000114e+04 2.358231692410717173e-01
1.728675040000000081e+04 2.356999181017751521e-01
1.728921931699999914e+04 2.355851173701307422e-01
1.729170042499999909e+04 2.355838427584832917e-01
1.729419372500000100e+04 2.353796352558404081e-01
1.729669921700000123e+04 2.353073649442865289e-01
1.729921690099999978e+04 2.353123417453615029e-01
1.730174677700000029e+04 2.351619102153718333e-01
1.730428884499999913e+04 2.350561191077015222e-01
1.730684310499999992e+04 2.349894074668151811e-01
1.730940955599999870e+04 2.350104920664537744e-01
1.731198819999999978e+04 2.349349381145530991e-01
1.731457903499999884e+04 2.349404581648582568e-01
1.731718206199999986e+04 2.349179309472924082e-01
1.731979728199999954e+04 2.349611755717904149e-01
1.732242469300000084e+04 2.347859041535407532e-01
1.732506429600000047e+04 2.346943442629580989e-01
1.732771609099999841e+04 2.345874198291292290e-01
1.733038007799999832e+04 2.343913845188128342e-01
1.733305625599999985e+04 2.343099871594954697e-01
1.733574462700000004e+04 2.342391466606945083e-01
1.733844518999999855e+04 2.341457086664835430e-01
1.734115794399999868e+04 2.341037237929738113e-01
1.734388289100000111e+04 2.340017735889102224e-01
1.734662002900000152e+04 2.340150744145794992e-01
1.734936935900000026e+04 2.339175727252694459e-01
1.735213088100000095e+04 2.338835393715863464e-01
1.735490459499999997e+04 2.339439877354381747e-01
1.735769050100000095e+04 2.340491622711516895e-01
1.736048859900000025e+04 2.340056989727597181e-01
1.736329888900000151e+04 2.339697476420349864e-01
1.736612137100000109e+04 2.337589918445049930e-01
1.736895604399999866e+04 2.336916050157246127e-01
1.737180290999999852e+04 2.336337740402688323e-01
1.737466196700000000e+04 2.337311428732744556e-01
1.737753321700000015e+04 2.337345117359466151e-01
1.738041665799999828e+04 2.338013976079234002e-01
1.738331229099999837e+04 2.338086635654422485e-01
1.738622011600000042e+04 2.336803199719851842e-01
1.738914013300000079e+04 2.336465413628787402e-01
1.739207234199999948e+04 2.338285762560736170e-01
1.739501674300000013e+04 2.338480062227278333e-01
1.739797333499999877e+04 2.338568082508755697e-01
1.740094211999999970e+04 2.338303971952902793e-01
1.740392309599999862e+04 2.337840895527723839e-01
1.740691626499999984e+04 2.338262238484833389e-01
1.740992162499999904e+04 2.338231273962540768e-01
1.741293917700000020e+04 2.337298832431963791e-01
1.741596892099999968e+04 2.336354448850089249e-01
1.741901085800000146e+04 2.336327858210681119e-01
1.742206498500000089e+04 2.335554600468274233e-01
1.742513130499999897e+04 2.333395559100557848e-01
1.742820981699999902e+04 2.331088864045988696e-01
1.743130052100000103e+04 2.330848612309964762e-01
1.743440341600000102e+04 2.330777318846275203e-01
1.743751850399999967e+04 2.330142176130775566e-01
1.744064578299999994e+04 2.329639336679500961e-01
1.744378525499999887e+04 2.330869182011471308e-01
1.744693691799999942e+04 2.328129724851355775e-01
1.745010077299999830e+04 2.327791749554857237e-01
1.745327681999999913e+04 2.329164969342349401e-01
1.745646505899999829e+04 2.329634346703040870e-01
1.745966548999999941e+04 2.328856490095662646e-01
1.746287811199999851e+04 2.327626399037159843e-01
1.746610292699999991e+04 2.328073169701653511e-01
1.746933993399999963e+04 2.326511993403164447e-01
1.747258913200000097e+04 2.327318730354894505e-01
1.747585052300000098e+04 2.326067026887551625e-01
1.747912410499999896e+04 2.324868106374299859e-01
1.748240987899999891e+04 2.324430268446417147e-01
1.748570784500000082e+04 2.325518285543443087e-01
1.748901800300000104e+04 2.324627478964285676e-01
1.749234035299999960e+04 2.324834702319432678e-01
1.749567489500000011e+04 2.324038647047087236e-01
1.749902162899999894e+04 2.324487895124289494e-01
1.750238055399999939e+04 2.323596224310715275e-01
1.750575167199999851e+04 2.323560404974295557e-01
1.750913498199999958e+04 2.323260082122587944e-01
1.751253048299999864e+04 2.322459277954076196e-01
1.751593817599999966e+04 2.323451894132907980e-01
1.751935806099999900e+04 2.322760014715531118e-01
1.752279013900000064e+04 2.322452022841500485e-01
1.752623440800000026e+04 2.323835399789846434e-01
1.752969086800000150e+04 2.322737304558849802e-01
1.753315952100000140e+04 2.320411599257045099e-01
1.753664036599999963e+04 2.320138964996813769e-01
1.754013340299999982e+04 2.320569592132503134e-01
1.754363863100000162e+04 2.320365097352312111e-01
1.754715605199999845e+04 2.320834396505838670e-01
1.755068566400000054e+04 2.322186042249598792e-01
1.755422746800000095e+04 2.322223254995860464e-01
1.755778146500000003e+04 2.321812293103650837e-01
1.756134765300000072e+04 2.320450594140856526e-01
1.756492603299999973e+04 2.319777660293584343e-01
1.756851660500000071e+04 2.320717479549875839e-01
1.757211936900000001e+04 2.320606890856352356e-01
1.757573432400000092e+04 2.321463387509857534e-01
1.757936147200000050e+04 2.319036648798600275e-01
1.758300081100000170e+04 2.318822912835749872e-01
1.758665234300000157e+04 2.317912104248741056e-01
1.759031606599999941e+04 2.317034690496305449e-01
1.759399198199999955e+04 2.317409087178756155e-01
1.759768008900000132e+04 2.318719756257280329e-01
1.760138038800000140e+04 2.317822610111861525e-01
1.760509287899999981e+04 2.318345224335967292e-01
1.760881756200000018e+04 2.316180507914684661e-01
1.761255443699999887e+04 2.314844620282754117e-01
1.761630350299999918e+04 2.313119072982947055e-01
1.762006476200000179e+04 2.312922431605061446e-01
1.762383821299999909e+04 2.311205362917229944e-01
1.762762385500000164e+04 2.309997108742204153e-01
1.763142168899999888e+04 2.311351205479232895e-01
1.763523171599999841e+04 2.309195433415374976e-01
1.763905393399999957e+04 2.307795338433143995e-01
1.764288834399999905e+04 2.308021888782594289e-01
1.764673494600000049e+04 2.308438759029688425e-01
1.765059374000000025e+04 2.307435598147497546e-01
1.765446472599999834e+04 2.307954717903549779e-01
1.765834790300000168e+04 2.307140318803013179e-01
1.766224327300000004e+04 2.305152071837592853e-01
1.766615083500000037e+04 2.307089800390516865e-01
1.767007058799999868e+04 2.305121058974728410e-01
1.767400253299999895e+04 2.304816244791086655e-01
1.767794667100000152e+04 2.305417093549862739e-01
1.768190299999999843e+04 2.306765801336586874e-01
1.768587152100000094e+04 2.306158412468204133e-01
1.768985223400000177e+04 2.308476431644130578e-01
1.769384513900000093e+04 2.307954803914065434e-01
1.769785023599999840e+04 2.306641370734285879e-01
1.770186752400000114e+04 2.303684388001921990e-01
1.770589700499999890e+04 2.303788296516731393e-01
1.770993867799999862e+04 2.303243248000556576e-01
1.771399254199999996e+04 2.303083344384128650e-01
1.771805859799999962e+04 2.304308839330191649e-01
1.772213684700000158e+04 2.301981622983945708e-01
1.772622728700000152e+04 2.303409101581148921e-01
1.773032991899999979e+04 2.305305805676938491e-01
1.773444474300000002e+04 2.306142309226247300e-01
1.773857175899999856e+04 2.305712347500370463e-01
1.774271096699999907e+04 2.303130858888287613e-01
1.774686236600000120e+04 2.299387044497081811e-01
1.775102595799999835e+04 2.299291253288811843e-01
1.775520174200000110e+04 2.298476199260282293e-01
1.775938971699999820e+04 2.298221594015489311e-01
1.776358988400000089e+04 2.298790767122255996e-01
1.776780224399999861e+04 2.297250040298349505e-01
1.777202679500000158e+04 2.296940629948142631e-01
1.777626353799999924e+04 2.297171105500056265e-01
1.778051247299999886e+04 2.298843838139297546e-01
1.778477360000000044e+04 2.298983989324250576e-01
1.778904691900000034e+04 2.297726285408204783e-01
1.779333242899999823e+04 2.297684157089997237e-01
1.779763013199999841e+04 2.296741478377558043e-01
1.780194002600000022e+04 2.296670158098359227e-01
1.780626211300000068e+04 2.296584732352966729e-01
1.781059639099999913e+04 2.295239809580920665e-01
1.781494286099999954e+04 2.295706634392556955e-01
1.781930152399999861e+04 2.295755846435733605e-01
1.782367237799999930e+04 2.295222206513298779e-01
1.782805542399999831e+04 2.297542217278448207e-01
1.783245066199999928e+04 2.297747253292043434e-01
1.783685809099999824e+04 2.297338788358897488e-01
1.784127771299999949e+04 2.298430879177413844e-01
1.784570952699999907e+04 2.298065466760389475e-01
1.785015353200000027e+04 2.297304007967189143e-01
1.785460973000000013e+04 2.299672829308243849e-01
1.785907811900000161e+04 2.299015765138807676e-01
1.786355870000000141e+04 2.297899907752040116e-01
1.786805147299999953e+04 2.296786866177304154e-01
1.787255643799999962e+04 2.295759828045317863e-01
1.787707359500000166e+04 2.295598915635169435e-01
1.788160294399999839e+04 2.297459097204009870e-01
1.788614448500000071e+04 2.295920121115781476e-01
1.789069821800000136e+04 2.296133745021103345e-01
1.789526414199999999e+04 2.294658168527580755e-01
1.789984225900000092e+04 2.294820013639548573e-01
1.790443256699999984e+04 2.294541100386041088e-01
1.790903506800000105e+04 2.294519777543106709e-01
1.791364976000000024e+04 2.294550654679798352e-01
1.791827664400000140e+04 2.294014868989759925e-01
1.792291572000000087e+04 2.294299653959499530e-01
1.792756698799999867e+04 2.294582918418358319e-01
1.793223044799999843e+04 2.294112460999006287e-01
1.793690610000000015e+04 2.294488967261289758e-01
1.794159394299999985e+04 2.293856027341795722e-01
1.794629397899999822e+04 2.291622142692326392e-01
1.795100620599999820e+04 2.291231066970460806e-01
1.795573062600000048e+04 2.291217510409716829e-01
1.796046723700000075e+04 2.289801943335123546e-01
1.796521603999999934e+04 2.288551191303129506e-01
1.796997703600000023e+04 2.288655467209833871e-01
1.797475022299999910e+04 2.289816651097533740e-01
1.797953560199999993e+04 2.290504541889423207e-01
1.798433317199999874e+04 2.289463324793025722e-01
1.798914293499999985e+04 2.287711060101399463e-01
1.799396488999999929e+04 2.287371645169012369e-01
1.799879903700000068e+04 2.288609167803813682e-01
1.800364537500000006e+04 2.290229156873217764e-01
1.800850390500000140e+04 2.289627895927284496e-01
1.801337462800000139e+04 2.287931330644402128e-01
1.801825754199999938e+04 2.287230447641372677e-01
1.802315264799999932e+04 2.287157906270397001e-01
1.802805994600000122e+04 2.286365718721739826e-01
1.803297943600000144e+04 2.285730678578272168e-01
1.803791111799999999e+04 2.287438889049339674e-01
1.804285499200000049e+04 2.288585142570331854e-01
1.804781105699999898e+04 2.290690750739244053e-01
1.805277931499999977e+04 2.291627261727512965e-01
1.805775976499999888e+04 2.289775938946402578e-01
1.806275240599999961e+04 2.286630496336391483e-01
1.806775723899999866e+04 2.285841456686575623e-01
1.807277426500000001e+04 2.287994293749287811e-01
1.807780348199999935e+04 2.289969805590503227e-01
1.808284489100000064e+04 2.290176301590508834e-01
1.808789849200000026e+04 2.287628409391037343e-01
1.809296428400000150e+04 2.286859740921450834e-01
1.809804226900000140e+04 2.286968174177103630e-01
1.810313244599999962e+04 2.287560575292870713e-01
1.810823481499999980e+04 2.287893012822466154e-01
1.811334937500000160e+04 2.285497073582533900e-01
1.811847612700000172e+04 2.285341598814341624e-01
1.812361507200000051e+04 2.285731775952729583e-01
1.812876620800000092e+04 2.286216235582284595e-01
1.813392953599999964e+04 2.286701532577780915e-01
1.813910505600000033e+04 2.285228667858875962e-01
1.814429276799999934e+04 2.285646118457310694e-01
1.814949267200000031e+04 2.286490224440158314e-01
1.815470476799999960e+04 2.284297864492655095e-01
1.815992905500000052e+04 2.285107340520797226e-01
1.816516553500000009e+04 2.288148876527514586e-01
1.817041420600000129e+04 2.291431814660007393e-01
1.817567507000000114e+04 2.292538030930308668e-01
1.818094812499999898e+04 2.284211605750792740e-01
1.818623337199999878e+04 2.281871665535527838e-01
1.819153081100000054e+04 2.280391199990196849e-01
1.819684044200000062e+04 2.279609349722957201e-01
1.820216226499999902e+04 2.280016798175664716e-01
1.820749627999999939e+04 2.280498989167166479e-01
1.821284248700000171e+04 2.279129302251179656e-01
1.821820088599999872e+04 2.279739253907897278e-01
1.822357147600000098e+04 2.280622005546778241e-01
1.822895425899999827e+04 2.279828056494387634e-01
1.823434923300000082e+04 2.279696124381623834e-01
1.823975639900000169e+04 2.280777547652108328e-01
1.824517575800000122e+04 2.279764729095872244e-01
1.825060730799999874e+04 2.280650250939657842e-01
1.825605104999999821e+04 2.280495401857929594e-01
1.826150698399999965e+04 2.280224427313091162e-01
1.826697510899999907e+04 2.278751597560726982e-01
1.827245542700000078e+04 2.278709844261199435e-01
1.827794793700000082e+04 2.278983911903094683e-01
1.828345263799999884e+04 2.279616943640729310e-01
1.828896953199999916e+04 2.278495300827109438e-01
1.829449861700000110e+04 2.278417043910727913e-01
1.830003989500000171e+04 2.278197768032714787e-01
1.830559336400000029e+04 2.279155427987009375e-01
1.831115902500000084e+04 2.280340782676255340e-01
1.831673687799999971e+04 2.279537942200552947e-01
1.832232692300000053e+04 2.280179933781233126e-01
1.832792915999999968e+04 2.283275856099127865e-01
1.833354358800000045e+04 2.283414730445979535e-01
1.833917020899999989e+04 2.279711744376399785e-01
1.834480902200000128e+04 2.278996206936597380e-01
1.835046002600000065e+04 2.278147003269649085e-01
1.835612322199999835e+04 2.277787144899657001e-01
1.836179861099999835e+04 2.279026721194756522e-01
1.836748619099999996e+04 2.276645556668924208e-01
1.837318596299999990e+04 2.274192901436024594e-01
1.837889792700000180e+04 2.273887126673984904e-01
1.838462208299999838e+04 2.273285040134686297e-01
1.839035843100000056e+04 2.272124049474680552e-01
1.839610697000000073e+04 2.272499666697004872e-01
1.840186770199999955e+04 2.274644440055991201e-01
1.840764062600000034e+04 2.272562850728618578e-01
1.841342574099999911e+04 2.273184263395406912e-01
1.841922304900000017e+04 2.274021322159423819e-01
1.842503254799999922e+04 2.278838305117747987e-01
1.843085423900000023e+04 2.284986838508972773e-01
1.843668812199999957e+04 2.284017379748562171e-01
1.844253419700000086e+04 2.279513729070117567e-01
1.844839246400000047e+04 2.277735166652182230e-01
1.845426292299999841e+04 2.275450755416299764e-01
1.846014557399999831e+04 2.273690708942246452e-01
1.846604041599999982e+04 2.273345230083056168e-01
1.847194745100000000e+04 2.272746084191377414e-01
1.847786667700000180e+04 2.273951866090342389e-01
1.848379809599999862e+04 2.275887865297155643e-01
1.848974170600000070e+04 2.275097939624523002e-01
1.849569750800000111e+04 2.273878487582998986e-01
1.850166550199999983e+04 2.272297177015775715e-01
1.850764568800000052e+04 2.270598704632370568e-01
1.851363806599999953e+04 2.270239842984699552e-01
1.851964263600000049e+04 2.270912335279272887e-01
1.852565939699999944e+04 2.270837574516624269e-01
1.853168835100000069e+04 2.270912235071965435e-01
1.853772949700000026e+04 2.273453110661437515e-01
1.854378283400000146e+04 2.273218422970465502e-01
