1.685467997299999843e+04 2.661879399938468088e-02
1.685967997299999843e+04 2.663434925015683435e-02
1.686467997299999843e+04 2.669391312666477209e-02
1.686967997299999843e+04 2.673402152312758309e-02
1.687467997299999843e+04 2.680237294855163446e-02
1.687967997299999843e+04 2.686507699988855552e-02
1.688467997299999843e+04 2.696324245600904834e-02
1.688967997299999843e+04 2.697702425737699000e-02
1.689467997299999843e+04 2.702597267032845821e-02
1.689967997299999843e+04 2.703626284625761794e-02
1.690467997299999843e+04 2.711102177449376677e-02
1.690967997299999843e+04 2.718265662304032368e-02
1.691467997299999843e+04 2.727087933306951775e-02
1.691967997299999843e+04 2.732814845579459306e-02
1.692467997299999843e+04 2.737707331242486899e-02
1.692967997299999843e+04 2.745682831548684061e-02
1.693467997299999843e+04 2.757187017971652471e-02
1.693967997299999843e+04 2.763211222873928480e-02
1.694467997299999843e+04 2.770435186268365227e-02
1.694967997299999843e+04 2.780279163586651253e-02
1.695467997299999843e+04 2.800358572089503215e-02
1.695967997299999843e+04 2.810374140783554811e-02
1.696467997299999843e+04 2.812168780854968145e-02
1.696967997299999843e+04 2.833334944226700153e-02
1.697467997299999843e+04 2.880984981557061647e-02
1.697967997299999843e+04 2.955043643575336679e-02
1.698467997299999843e+04 3.038254209523298319e-02
1.698967997299999843e+04 3.065141532222641699e-02
1.699467997299999843e+04 3.025733790587127950e-02
1.699967997299999843e+04 2.996483438944573877e-02
1.700467997299999843e+04 3.009901828939123836e-02
1.700800000000000000e+04 3.031747345573834740e-02
1.700900000000000000e+04 3.045400857901414682e-02
1.701000000000000000e+04 3.056698706715033076e-02
1.701100000000000000e+04 3.068703841007119903e-02
1.701200000000000000e+04 3.090103766444113331e-02
1.701300000000000000e+04 3.099664398215554173e-02
1.701400000000000000e+04 3.109108090860127072e-02
1.701500000000000000e+04 3.127905953337820066e-02
1.701520000000000073e+04 3.130188134802253108e-02
1.701540000000000146e+04 3.121459883577221150e-02
1.701559999999999854e+04 3.142973862501308169e-02
1.701579999999999927e+04 3.145863374182245042e-02
1.701600000000000000e+04 3.140145424262613671e-02
1.701620000000000073e+04 3.159320680202415410e-02
1.701640000000000146e+04 3.154180321925620367e-02
1.701659999999999854e+04 3.158009736809114232e-02
1.701679999999999927e+04 3.160248794330186572e-02
1.701700000000000000e+04 3.163854899296714152e-02
1.701720000000000073e+04 3.178753288725319481e-02
1.701740000000000146e+04 3.156248955249552068e-02
1.701759999999999854e+04 3.177823617559924485e-02
1.701779999999999927e+04 3.175322899964092005e-02
1.701800000000000000e+04 3.180724016814728827e-02
1.701820000000000073e+04 3.200343837387675805e-02
1.701840000000000146e+04 3.191356215131452290e-02
1.701859999999999854e+04 3.201210913466431829e-02
1.701879999999999927e+04 3.212010562786826728e-02
1.701900000000000000e+04 3.217004951458302120e-02
1.701920000000000073e+04 3.214328566433044543e-02
1.701940000000000146e+04 3.216747810697176413e-02
1.701959999999999854e+04 3.210960536953991196e-02
1.701979999999999927e+04 3.242000224921523510e-02
1.702000000000000000e+04 3.249648399382201736e-02
1.702020000000000073e+04 3.236045092315215088e-02
1.702040000000000146e+04 3.249803257249642141e-02
1.702059999999999854e+04 3.237088093699044822e-02
1.702079999999999927e+04 3.265143037136067350e-02
1.702100000000000000e+04 3.254856995459254332e-02
1.702120000000000073e+04 3.261270296631274546e-02
1.702140000000000146e+04 3.272485499534905085e-02
1.702159999999999854e+04 3.279110519018121894e-02
1.702179999999999927e+04 3.285436925085916116e-02
1.702200000000000000e+04 3.282655396229658407e-02
1.702220000000000073e+04 3.299159466654441597e-02
1.702240000000000146e+04 3.313385625392421818e-02
1.702259999999999854e+04 3.303738392011318359e-02
1.702279999999999927e+04 3.327063730732367219e-02
1.702300000000000000e+04 3.337655561740013321e-02
1.702320000000000073e+04 3.339373518489538450e-02
1.702340000000000146e+04 3.351110937937726297e-02
1.702359999999999854e+04 3.341111169994913366e-02
1.702379999999999927e+04 3.337017940835593222e-02
1.702400000000000000e+04 3.360613985287008720e-02
1.702420000000000073e+04 3.380596207599152747e-02
1.702440000000000146e+04 3.376195913187159114e-02
1.702459999999999854e+04 3.401552285342168691e-02
1.702479999999999927e+04 3.394367524889753407e-02
1.702500000000000000e+04 3.395741509126044833e-02
1.702520000000000073e+04 3.405867232239406794e-02
1.702540000000000146e+04 3.430403965596760807e-02
1.702559999999999854e+04 3.442402436105251873e-02
1.702579999999999927e+04 3.433436526436700609e-02
1.702600000000000000e+04 3.440859405692736628e-02
1.702620000000000073e+04 3.465624569934654120e-02
1.702640000000000146e+04 3.465364294906514431e-02
1.702659999999999854e+04 3.476829797479437378e-02
1.702679999999999927e+04 3.495231025578882100e-02
1.702700000000000000e+04 3.514648486519283965e-02
1.702720000000000073e+04 3.515534534623848684e-02
1.702740000000000146e+04 3.526133429795397928e-02
1.702759999999999854e+04 3.528933325913263114e-02
1.702779999999999927e+04 3.550847448615268576e-02
1.702800000000000000e+04 3.587280907790202367e-02
1.702820000000000073e+04 3.582399054850515796e-02
1.702840000000000146e+04 3.584149708851376570e-02
1.702859999999999854e+04 3.587024778792132634e-02
1.702879999999999927e+04 3.612289178663239536e-02
1.702900000000000000e+04 3.643161046519685642e-02
1.702920000000000073e+04 3.639637489641583262e-02
1.702940000000000146e+04 3.672224254192249515e-02
1.702959999999999854e+04 3.683360170893267699e-02
1.702979999999999927e+04 3.702020137948423828e-02
1.703000000000000000e+04 3.716772554681914420e-02
1.703020000000000073e+04 3.731896263648243339e-02
1.703040000000000146e+04 3.755820925187210169e-02
1.703059999999999854e+04 3.783603885683203827e-02
1.703079999999999927e+04 3.800131076768152594e-02
1.703100000000000000e+04 3.805784217218205479e-02
1.703120000000000073e+04 3.846209691181282087e-02
1.703140000000000146e+04 3.869823136812808317e-02
1.703159999999999854e+04 3.903083032651311068e-02
1.703179999999999927e+04 3.921180844433178742e-02
1.703200000000000000e+04 3.960593917160681876e-02
1.703220000000000073e+04 3.992192690023408513e-02
1.703240000000000146e+04 4.001068928618804754e-02
1.703259999999999854e+04 4.047025965724422580e-02
1.703279999999999927e+04 4.083410932783129721e-02
1.703300000000000000e+04 4.115023335095961687e-02
1.703320000000000073e+04 4.152111196559185591e-02
1.703340000000000146e+04 4.199101171894591145e-02
1.703359999999999854e+04 4.234471705669295982e-02
1.703379999999999927e+04 4.281176038123052363e-02
1.703400000000000000e+04 4.341314729298698105e-02
1.703420000000000073e+04 4.388448009410553241e-02
1.703440000000000146e+04 4.444349842520765870e-02
1.703459999999999854e+04 4.501457441022760353e-02
1.703479999999999927e+04 4.566380365257090984e-02
1.703500000000000000e+04 4.635472255530913299e-02
1.703520000000000073e+04 4.736987484325995423e-02
1.703540000000000146e+04 4.793173489307411828e-02
1.703559999999999854e+04 4.879039878198233177e-02
1.703579999999999927e+04 4.993897153338508477e-02
1.703600000000000000e+04 5.092640291196504770e-02
1.703620000000000073e+04 5.216010960368952509e-02
1.703640000000000146e+04 5.372372214861997897e-02
1.703659999999999854e+04 5.513400290795215236e-02
1.703679999999999927e+04 5.668199451318947646e-02
1.703700000000000000e+04 5.834111897806049107e-02
1.703720000000000073e+04 6.030704697239704787e-02
1.703740000000000146e+04 6.254001973137215953e-02
1.703759999999999854e+04 6.464341976826067093e-02
1.703779999999999927e+04 6.690249708226134184e-02
1.703800000000000000e+04 6.959204495553741876e-02
1.703820000000000073e+04 7.207412075192481948e-02
1.703840000000000146e+04 7.484464395116438573e-02
1.703859999999999854e+04 7.742871529510103601e-02
1.703879999999999927e+04 8.040080303374104453e-02
1.703900000000000000e+04 8.317901638119401531e-02
1.703920000000000073e+04 8.589687679576880897e-02
1.703940000000000146e+04 8.838869004351296299e-02
1.703959999999999854e+04 9.106590334580891288e-02
1.703979999999999927e+04 9.378291307585598369e-02
1.704000000000000000e+04 9.605815717599025527e-02
1.704020000000000073e+04 9.824351306971335074e-02
1.704040000000000146e+04 1.004726785362570068e-01
1.704059999999999854e+04 1.025908079600843792e-01
1.704079999999999927e+04 1.044688307344641270e-01
1.704100000000000000e+04 1.063849113392189433e-01
1.704120000000000073e+04 1.080918962143183337e-01
1.704140000000000146e+04 1.099125278285696811e-01
1.704159999999999854e+04 1.116815984794364558e-01
1.704179999999999927e+04 1.136315623507828387e-01
1.704200000000000000e+04 1.151601735694911810e-01
1.704220000000000073e+04 1.168481616482347357e-01
1.704240000000000146e+04 1.186445898647371794e-01
1.704259999999999854e+04 1.205404740457972634e-01
1.704279999999999927e+04 1.221307173607485419e-01
1.704300000000000000e+04 1.240736256621032402e-01
1.704320000000000073e+04 1.257269462435094687e-01
1.704340000000000146e+04 1.272941973740258081e-01
1.704359999999999854e+04 1.291612647872407982e-01
1.704379999999999927e+04 1.313715592257515552e-01
1.704400000000000000e+04 1.331183771630882196e-01
1.704420000000000073e+04 1.348128951041159540e-01
1.704440000000000146e+04 1.369975047245242938e-01
1.704459999999999854e+04 1.390849951916924010e-01
1.704479999999999927e+04 1.412622513446073758e-01
1.704500000000000000e+04 1.434275200125639527e-01
1.704520000000000073e+04 1.457019402371129424e-01
1.704540000000000146e+04 1.481911234578310033e-01
1.704559999999999854e+04 1.507930063627030692e-01
1.704579999999999927e+04 1.535325500181502767e-01
1.704600000000000000e+04 1.561874200217968633e-01
1.704620000000000073e+04 1.591600294632111723e-01
1.704640000000000146e+04 1.622081035471213128e-01
1.704659999999999854e+04 1.655051791749051759e-01
1.704679999999999927e+04 1.685709583726758554e-01
1.704700000000000000e+04 1.719372073266024481e-01
1.704720000000000073e+04 1.754628595802337487e-01
1.704740000000000146e+04 1.790087563836036677e-01
1.704759999999999854e+04 1.827927938880249126e-01
1.704779999999999927e+04 1.867511202042291540e-01
1.704800000000000000e+04 1.906914577953301992e-01
1.704820000000000073e+04 1.949403558700450734e-01
1.704840000000000146e+04 1.987666331412091536e-01
1.704859999999999854e+04 2.025912122583238273e-01
1.704879999999999927e+04 2.068286937416629334e-01
1.704900000000000000e+04 2.110831100028248697e-01
1.704920000000000073e+04 2.153459076699432706e-01
1.704940000000000146e+04 2.194682286054912834e-01
1.704959999999999854e+04 2.235213069029263755e-01
1.704979999999999927e+04 2.278943701047232984e-01
1.705000000000000000e+04 2.325235590000737929e-01
1.705020000000000073e+04 2.365123145798631865e-01
1.705040000000000146e+04 2.406145131943860371e-01
1.705059999999999854e+04 2.447510551043392268e-01
1.705079999999999927e+04 2.489057320133249707e-01
1.705100000000000000e+04 2.526706301395021392e-01
1.705120000000000073e+04 2.565436187625896869e-01
1.705140000000000146e+04 2.603632465168458920e-01
1.705159999999999854e+04 2.640350206854902848e-01
1.705179999999999927e+04 2.674434735485543002e-01
1.705200000000000000e+04 2.709020117157545648e-01
1.705220000000000073e+04 2.740151561647613532e-01
1.705240000000000146e+04 2.768749584727144830e-01
1.705259999999999854e+04 2.796744139704478438e-01
1.705279999999999927e+04 2.828732037819002842e-01
1.705300000000000000e+04 2.852704285083938474e-01
1.705320000000000073e+04 2.872426678223520269e-01
1.705340000000000146e+04 2.892820995172598053e-01
1.705359999999999854e+04 2.910913871736972025e-01
1.705379999999999927e+04 2.931191358475754294e-01
1.705400000000000000e+04 2.944789261621855170e-01
1.705420000000000073e+04 2.956792818396148381e-01
1.705440000000000146e+04 2.969740618974136548e-01
1.705459999999999854e+04 2.978886599503800525e-01
1.705479999999999927e+04 2.987902877801455470e-01
1.705500000000000000e+04 2.992114796491124329e-01
1.705520000000000073e+04 2.996465160703434827e-01
1.705540000000000146e+04 3.001615652369403753e-01
1.705559999999999854e+04 3.003288835300487181e-01
1.705579999999999927e+04 3.004497982914398069e-01
1.705600000000000000e+04 3.001338448999155140e-01
1.705620000000000073e+04 3.000106879690334072e-01
1.705640000000000146e+04 2.995662775273543743e-01
1.705659999999999854e+04 2.990255265446686850e-01
1.705679999999999927e+04 2.989545518264588586e-01
1.705700000000000000e+04 2.982593424110620006e-01
1.705720000000000073e+04 2.978290071691298557e-01
1.705740000000000146e+04 2.971758087667143444e-01
1.705759999999999854e+04 2.961726186104272629e-01
1.705779999999999927e+04 2.955682025569247307e-01
1.705800000000000000e+04 2.949884393157437001e-01
1.705820000000000073e+04 2.941912872182311789e-01
1.705840000000000146e+04 2.935758555274872728e-01
1.705859999999999854e+04 2.926779276082787096e-01
1.705879999999999927e+04 2.918496120036817021e-01
1.705900000000000000e+04 2.911272646676189568e-01
1.705920000000000073e+04 2.902807773075231634e-01
1.705940000000000146e+04 2.892878167131945344e-01
1.705959999999999854e+04 2.887344412478992095e-01
1.705979999999999927e+04 2.880187591523692414e-01
1.706000000000000000e+04 2.870960887146368767e-01
1.706020000000000073e+04 2.864250156489172028e-01
1.706040000000000146e+04 2.859043838477515753e-01
1.706059999999999854e+04 2.851381229318247224e-01
1.706079999999999927e+04 2.844834923656702208e-01
1.706100000000000000e+04 2.837253087866700718e-01
1.706120000000000073e+04 2.826428623903831649e-01
1.706140000000000146e+04 2.818019962935581213e-01
1.706159999999999854e+04 2.812406318760730661e-01
1.706179999999999927e+04 2.806656064865333811e-01
1.706200000000000000e+04 2.800489226502880236e-01
1.706220000000000073e+04 2.788873472923316110e-01
1.706240000000000146e+04 2.783630301818563191e-01
1.706259999999999854e+04 2.776783728396478024e-01
1.706279999999999927e+04 2.768326179418469368e-01
1.706300000000000000e+04 2.761207324297079713e-01
1.706320000000000073e+04 2.751164229443414655e-01
1.706340000000000146e+04 2.742280034861713789e-01
1.706359999999999854e+04 2.736193893046351411e-01
1.706379999999999927e+04 2.729510047550350316e-01
1.706400000000000000e+04 2.719368568791754592e-01
1.706420000000000073e+04 2.710551281479576247e-01
1.706440000000000146e+04 2.703193248880405575e-01
1.706459999999999854e+04 2.694227124816653274e-01
1.706479999999999927e+04 2.682543622967341612e-01
1.706500000000000000e+04 2.676932694004646729e-01
1.706520000000000073e+04 2.668324334114351992e-01
1.706540000000000146e+04 2.657984075854213923e-01
1.706559999999999854e+04 2.652485159858574693e-01
1.706579999999999927e+04 2.642348666853083228e-01
1.706600000000000000e+04 2.634494950716499972e-01
1.706620000000000073e+04 2.627517860889573287e-01
1.706640000000000146e+04 2.620151152087197288e-01
1.706659999999999854e+04 2.612007250231138111e-01
1.706679999999999927e+04 2.603465205930373116e-01
1.706700000000000000e+04 2.596859043855411775e-01
1.706720000000000073e+04 2.584812796588873973e-01
1.706740000000000146e+04 2.580412359781982801e-01
1.706759999999999854e+04 2.571347144972259691e-01
1.706779999999999927e+04 2.564757324928144122e-01
1.706800000000000000e+04 2.553821888997842571e-01
1.706820000000000073e+04 2.546107527172772333e-01
1.706840000000000146e+04 2.541542901363789686e-01
1.706859999999999854e+04 2.538059122396073009e-01
1.706879999999999927e+04 2.534656657682751724e-01
1.706900000000000000e+04 2.522788581903782634e-01
1.706920000000000073e+04 2.515977128579453548e-01
1.706940000000000146e+04 2.514009477192589159e-01
1.706959999999999854e+04 2.505617611343715079e-01
1.706979999999999927e+04 2.499044226631630672e-01
1.707000000000000000e+04 2.493303113879670463e-01
1.707020000000000073e+04 2.487755637852370194e-01
1.707040000000000146e+04 2.480209499513357785e-01
1.707059999999999854e+04 2.476644614619921136e-01
1.707079999999999927e+04 2.464729628494313207e-01
1.707100000000000000e+04 2.463975781766856721e-01
1.707170000000000073e+04 2.448177886960814509e-01
1.707240000000000146e+04 2.430869475385091238e-01
1.707309999999999854e+04 2.414961890243192688e-01
1.707379999999999927e+04 2.404627721671201701e-01
1.707450000000000000e+04 2.393562855643413811e-01
1.707520000000000073e+04 2.381447526532456949e-01
1.707590000000000146e+04 2.373900133359793108e-01
1.707659999999999854e+04 2.366989990802143007e-01
1.707729999999999927e+04 2.360796399856434080e-01
1.707899369500000103e+04 2.350205555252582734e-01
1.707999958300000071e+04 2.346060742164600421e-01
1.708101766199999838e+04 2.343756794609824501e-01
1.708204793300000165e+04 2.341807822904954095e-01
1.708309039599999960e+04 2.339829758167614182e-01
1.708414505099999951e+04 2.339180567289998181e-01
1.708521189800000138e+04 2.340720986950731441e-01
1.708629093700000158e+04 2.341866811749689636e-01
1.708738216699999975e+04 2.345085755259723181e-01
1.708848559000000023e+04 2.350226419633725805e-01
1.708960120399999869e+04 2.354185473339300005e-01
1.709072901099999945e+04 2.361388357814533379e-01
1.709186900899999819e+04 2.370226958541459816e-01
1.709302119899999889e+04 2.379041555181012624e-01
1.709418558199999825e+04 2.387172911505069106e-01
1.709536215599999923e+04 2.399914292402314242e-01
1.709655092199999854e+04 2.411194071341710432e-01
1.709775187899999946e+04 2.423221726047272706e-01
1.709896502899999905e+04 2.433958281359869524e-01
1.710019037100000060e+04 2.444551911877333727e-01
1.710142790400000013e+04 2.453631175258826624e-01
1.710267762999999832e+04 2.464571480748455612e-01
1.710393954700000177e+04 2.474220873088749939e-01
1.710521365700000024e+04 2.480409503510598024e-01
1.710649995800000033e+04 2.485546669823928412e-01
1.710779845099999875e+04 2.487896882127656750e-01
1.710910913599999913e+04 2.489644718222540076e-01
1.711043201300000146e+04 2.486870153845692211e-01
1.711176708199999848e+04 2.487021658797390899e-01
1.711311434200000076e+04 2.483758616367831018e-01
1.711447379500000170e+04 2.483455016764845036e-01
1.711584544000000096e+04 2.481457924063894538e-01
1.711722927599999821e+04 2.478113364411013431e-01
1.711862530500000139e+04 2.474399140576053480e-01
1.712003352499999892e+04 2.469107090138809302e-01
1.712145393699999840e+04 2.461745276925202397e-01
1.712288654099999985e+04 2.455699551232854716e-01
1.712433133699999962e+04 2.445705302063138353e-01
1.712578832500000135e+04 2.438321807156709764e-01
1.712725750500000140e+04 2.429950445064449349e-01
1.712873887699999977e+04 2.422669426762810163e-01
1.713023243999999977e+04 2.412035321047040215e-01
1.713173819599999842e+04 2.404570225205643619e-01
1.713325614299999870e+04 2.397112276885800253e-01
1.713478628300000128e+04 2.391700805984295075e-01
1.713632861399999820e+04 2.384489731393811818e-01
1.713788313700000072e+04 2.379629657634311501e-01
1.713944985200000156e+04 2.374436064499693133e-01
1.714102875900000072e+04 2.370069133398671202e-01
1.714261985799999820e+04 2.367045033555072731e-01
1.714422314900000129e+04 2.363884099983386833e-01
1.714583863199999905e+04 2.362375146227361777e-01
1.714746630699999878e+04 2.359452061974982306e-01
1.714910617300000013e+04 2.358086841931315569e-01
1.715075823200000013e+04 2.357920728439623914e-01
1.715242248200000176e+04 2.359404090894708095e-01
1.715409892400000172e+04 2.360690630335878504e-01
1.715578755799999999e+04 2.363880693545413469e-01
1.715748838500000056e+04 2.365696133290501324e-01
1.715920140299999912e+04 2.368303678826902126e-01
1.716092661299999963e+04 2.369441610321499359e-01
1.716266401400000177e+04 2.369770522167215510e-01
1.716441360799999893e+04 2.374027979570123292e-01
1.716617539400000169e+04 2.376148145227407749e-01
1.716794937099999879e+04 2.379544667271122627e-01
1.716973554099999819e+04 2.380890723731602099e-01
1.717153390199999922e+04 2.379382541641502646e-01
1.717334445499999856e+04 2.379250543164679321e-01
1.717516720100000020e+04 2.381210369951834160e-01
1.717700213799999983e+04 2.383168133374906350e-01
1.717884926700000142e+04 2.380996707333719875e-01
1.718070858800000133e+04 2.383290483452060182e-01
1.718258009999999922e+04 2.381410406528460255e-01
1.718446380499999941e+04 2.382826274765968699e-01
1.718635970200000156e+04 2.381412363437364343e-01
1.718826779000000170e+04 2.380872707752884343e-01
1.719018807100000049e+04 2.380842598633049201e-01
1.719212054300000091e+04 2.380887364901802528e-01
1.719406520699999965e+04 2.378499480211870021e-01
1.719602206400000068e+04 2.377523996235310078e-01
1.719799111199999970e+04 2.375471291001580720e-01
1.719997235200000068e+04 2.374616235044223200e-01
1.720196578399999999e+04 2.371376298877478639e-01
1.720397140700000091e+04 2.367328506969199053e-01
1.720598922300000049e+04 2.364445590907483796e-01
1.720801923099999840e+04 2.359690356820438595e-01
1.721006143000000156e+04 2.355652014668336847e-01
1.721211582199999975e+04 2.352745518498032262e-01
1.721418240499999956e+04 2.351542094968164798e-01
1.721626118000000133e+04 2.345318446986909833e-01
1.721835214800000176e+04 2.343587980858074793e-01
1.722045530700000018e+04 2.342682303761539631e-01
1.722257065800000055e+04 2.340596191207208188e-01
1.722469820099999924e+04 2.340389363782011956e-01
1.722683793499999956e+04 2.340176022159046743e-01
1.722898986199999854e+04 2.340199723730373715e-01
1.723115398099999948e+04 2.339604022443363684e-01
1.723333029099999840e+04 2.344010448395443535e-01
1.723551879399999962e+04 2.345264041848750813e-01
1.723771948799999882e+04 2.347794479547043456e-01
1.723993237399999998e+04 2.351152137421134158e-01
1.724215745299999980e+04 2.352344094162117927e-01
1.724439472300000125e+04 2.353267087509155475e-01
1.724664418500000102e+04 2.352137218877832781e-01
1.724890583799999877e+04 2.351991029279459633e-01
1.725117968399999882e+04 2.353599548175119016e-01
1.725346572200000082e+04 2.351546976594739435e-01
1.725576395200000115e+04 2.352599746924000368e-01
1.725807437299999947e+04 2.353748744734713294e-01
1.726039698700000008e+04 2.353527424475058694e-01
1.726273179199999868e+04 2.353852346337177992e-01
1.726507878899999923e+04 2.355284529618732192e-01
1.726743797800000175e+04 2.355977898041751173e-01
1.726980935899999895e+04 2.359514402854980264e-01
1.727219293200000175e+04 2.358226010512873838e-01
1.727458869699999923e+04 2.358765088405709587e-01
1.727699665399999867e+04 2.362430355604293597e-01
1.727941680300000007e+04 2.359750023811389152e-01
1.728184914299999946e+04 2.359976911893369445e-01
1.728429367600000114e+04 2.356521356967500314e-01
1.728675040000000081e+04 2.356627672818055741e-01
1.728921931699999914e+04 2.356760137860146875e-01
1.729170042499999909e+04 2.356316899150271704e-01
1.729419372500000100e+04 2.356240152134400356e-01
1.729669921700000123e+04 2.355026825616142738e-01
1.729921690099999978e+04 2.352838631170499906e-01
1.730174677700000029e+04 2.351680883005417000e-01
1.730428884499999913e+04 2.350438578810150336e-01
1.730684310499999992e+04 2.348673050602196610e-01
1.730940955599999870e+04 2.347411117220302990e-01
1.731198819999999978e+04 2.346705657562750957e-01
1.731457903499999884e+04 2.345711687629296605e-01
1.731718206199999986e+04 2.345380426011904051e-01
1.731979728199999954e+04 2.345960289033762747e-01
1.732242469300000084e+04 2.344910835471638866e-01
1.732506429600000047e+04 2.344135627427852420e-01
1.732771609099999841e+04 2.345383366783676260e-01
1.733038007799999832e+04 2.343268670336520754e-01
1.733305625599999985e+04 2.342527345061303501e-01
1.733574462700000004e+04 2.341478305251242786e-01
1.733844518999999855e+04 2.341032750563860898e-01
1.734115794399999868e+04 2.343441977826488387e-01
1.734388289100000111e+04 2.341208665372060682e-01
1.734662002900000152e+04 2.339097921565445326e-01
1.734936935900000026e+04 2.339292988262245965e-01
1.735213088100000095e+04 2.338742119422911603e-01
1.735490459499999997e+04 2.336777317820217248e-01
1.735769050100000095e+04 2.338855608229620242e-01
1.736048859900000025e+04 2.337882973643342355e-01
1.736329888900000151e+04 2.336855263985808395e-01
1.736612137100000109e+04 2.334040018666405647e-01
1.736895604399999866e+04 2.333359007187910394e-01
1.737180290999999852e+04 2.332781576148210967e-01
1.737466196700000000e+04 2.333753783768047763e-01
1.737753321700000015e+04 2.333787422594457428e-01
1.738041665799999828e+04 2.334474703107769777e-01
1.738331229099999837e+04 2.334541800040860204e-01
1.738622011600000042e+04 2.333258349233770512e-01
1.738914013300000079e+04 2.332909220182133314e-01
1.739207234199999948e+04 2.334726636912260456e-01
1.739501674300000013e+04 2.334920638584696007e-01
1.739797333499999877e+04 2.335008530087832879e-01
1.740094211999999970e+04 2.334762655262444531e-01
1.740392309599999862e+04 2.334468630950743695e-01
1.740691626499999984e+04 2.334895690721077721e-01
1.740992162499999904e+04 2.336946378417148751e-01
1.741293917700000020e+04 2.336530990311230793e-01
1.741596892099999968e+04 2.337503389860465242e-01
1.741901085800000146e+04 2.337560971363674134e-01
1.742206498500000089e+04 2.339031974336165109e-01
1.742513130499999897e+04 2.339556662415014920e-01
1.742820981699999902e+04 2.339854644464344768e-01
1.743130052100000103e+04 2.340145618510921233e-01
1.743440341600000102e+04 2.339215886518005993e-01
1.743751850399999967e+04 2.338856450465582881e-01
1.744064578299999994e+04 2.339759866832324953e-01
1.744378525499999887e+04 2.342758285787814310e-01
1.744693691799999942e+04 2.341873826732392694e-01
1.745010077299999830e+04 2.341576939864539186e-01
1.745327681999999913e+04 2.340988279858130794e-01
1.745646505899999829e+04 2.340442197474015273e-01
1.745966548999999941e+04 2.339260752753992145e-01
1.746287811199999851e+04 2.339105588329515317e-01
1.746610292699999991e+04 2.339282201487781487e-01
1.746933993399999963e+04 2.336927170509482399e-01
1.747258913200000097e+04 2.335772950598337394e-01
1.747585052300000098e+04 2.335251240730231992e-01
1.747912410499999896e+04 2.334045753471961637e-01
1.748240987899999891e+04 2.333968912733999090e-01
1.748570784500000082e+04 2.334065537482258035e-01
1.748901800300000104e+04 2.335434601561652279e-01
1.749234035299999960e+04 2.334830863151230729e-01
1.749567489500000011e+04 2.335443188778279777e-01
1.749902162899999894e+04 2.336116209717823688e-01
1.750238055399999939e+04 2.336031813082173891e-01
1.750575167199999851e+04 2.335689055005006343e-01
1.750913498199999958e+04 2.334511320071357698e-01
1.751253048299999864e+04 2.334321769238883182e-01
1.751593817599999966e+04 2.332813604630452342e-01
1.751935806099999900e+04 2.332026080213323582e-01
1.752279013900000064e+04 2.331080883408794546e-01
1.752623440800000026e+04 2.330252631475554781e-01
1.752969086800000150e+04 2.330318778845448247e-01
1.753315952100000140e+04 2.328965034445968085e-01
1.753664036599999963e+04 2.328572522267431666e-01
1.754013340299999982e+04 2.328031728387232047e-01
1.754363863100000162e+04 2.328298896508216587e-01
1.754715605199999845e+04 2.328287306525608780e-01
1.755068566400000054e+04 2.326799647793603709e-01
1.755422746800000095e+04 2.326072346704755878e-01
1.755778146500000003e+04 2.325612709749582951e-01
1.756134765300000072e+04 2.326041536942276833e-01
1.756492603299999973e+04 2.325815592012571431e-01
1.756851660500000071e+04 2.326499169765726127e-01
1.757211936900000001e+04 2.324664100439071124e-01
1.757573432400000092e+04 2.325735346653703683e-01
1.757936147200000050e+04 2.324984423639848974e-01
1.758300081100000170e+04 2.323252634476268286e-01
1.758665234300000157e+04 2.322358002244910846e-01
1.759031606599999941e+04 2.323281667563994179e-01
1.759399198199999955e+04 2.322619843467234602e-01
1.759768008900000132e+04 2.322911361288854670e-01
1.760138038800000140e+04 2.323601394285522981e-01
1.760509287899999981e+04 2.321799449405701210e-01
1.760881756200000018e+04 2.322077875615784215e-01
1.761255443699999887e+04 2.320483497076560042e-01
1.761630350299999918e+04 2.319896156027315137e-01
1.762006476200000179e+04 2.320605121216312294e-01
1.762383821299999909e+04 2.317900697099096741e-01
1.762762385500000164e+04 2.317142265218902764e-01
1.763142168899999888e+04 2.317666889858699120e-01
1.763523171599999841e+04 2.317381429886055666e-01
1.763905393399999957e+04 2.316575505202249363e-01
1.764288834399999905e+04 2.315516652582296497e-01
1.764673494600000049e+04 2.314772553236165986e-01
1.765059374000000025e+04 2.313721904236613891e-01
1.765446472599999834e+04 2.314056087286215369e-01
1.765834790300000168e+04 2.312561007036568472e-01
1.766224327300000004e+04 2.312440374291866441e-01
1.766615083500000037e+04 2.315343865416430724e-01
1.767007058799999868e+04 2.312527738763612284e-01
1.767400253299999895e+04 2.311222372364332422e-01
1.767794667100000152e+04 2.309508318536293847e-01
1.768190299999999843e+04 2.309832707543992836e-01
1.768587152100000094e+04 2.308297831182755666e-01
1.768985223400000177e+04 2.309849152715970078e-01
1.769384513900000093e+04 2.309302112399617135e-01
1.769785023599999840e+04 2.307752701273204365e-01
1.770186752400000114e+04 2.307567553891724521e-01
1.770589700499999890e+04 2.308187241838104697e-01
1.770993867799999862e+04 2.307906650237267210e-01
1.771399254199999996e+04 2.309958917396088274e-01
1.771805859799999962e+04 2.307855472346266590e-01
1.772213684700000158e+04 2.308957183727594620e-01
1.772622728700000152e+04 2.308190369742663950e-01
1.773032991899999979e+04 2.307394924980830375e-01
1.773444474300000002e+04 2.308673813241926831e-01
1.773857175899999856e+04 2.309003404760662237e-01
1.774271096699999907e+04 2.309876335556138582e-01
1.774686236600000120e+04 2.308709221967063518e-01
1.775102595799999835e+04 2.307543210213785778e-01
1.775520174200000110e+04 2.306239459769215960e-01
1.775938971699999820e+04 2.305517456327828840e-01
1.776358988400000089e+04 2.304031617809338961e-01
1.776780224399999861e+04 2.303236130423468864e-01
1.777202679500000158e+04 2.302883030478250770e-01
1.777626353799999924e+04 2.303577581215667525e-01
1.778051247299999886e+04 2.304641480639610940e-01
1.778477360000000044e+04 2.305341506070371915e-01
1.778904691900000034e+04 2.305960170852084656e-01
1.779333242899999823e+04 2.305870096520568069e-01
1.779763013199999841e+04 2.304562250385753797e-01
1.780194002600000022e+04 2.303485678097540734e-01
1.780626211300000068e+04 2.303235848090033899e-01
1.781059639099999913e+04 2.302028493430399725e-01
1.781494286099999954e+04 2.301654758098348741e-01
1.781930152399999861e+04 2.299441097398137457e-01
1.782367237799999930e+04 2.298775445809250750e-01
1.782805542399999831e+04 2.300813518828928317e-01
1.783245066199999928e+04 2.303415470039882340e-01
1.783685809099999824e+04 2.304367074819235472e-01
1.784127771299999949e+04 2.302089896171571615e-01
1.784570952699999907e+04 2.299491270930368036e-01
1.785015353200000027e+04 2.298451531689507943e-01
1.785460973000000013e+04 2.301083733627651007e-01
1.785907811900000161e+04 2.299280940533867112e-01
1.786355870000000141e+04 2.297922045731527196e-01
1.786805147299999953e+04 2.296778853576749158e-01
1.787255643799999962e+04 2.295759837115490809e-01
1.787707359500000166e+04 2.295598922202919112e-01
1.788160294399999839e+04 2.296956814966634453e-01
1.788614448500000071e+04 2.296213785218829961e-01
1.789069821800000136e+04 2.296452833408830219e-01
1.789526414199999999e+04 2.295326466280226130e-01
1.789984225900000092e+04 2.296076270061432334e-01
1.790443256699999984e+04 2.295876324442151506e-01
1.790903506800000105e+04 2.295016740461348903e-01
1.791364976000000024e+04 2.294550661874164843e-01
1.791827664400000140e+04 2.294014880351854802e-01
1.792291572000000087e+04 2.294049211920133335e-01
1.792756698799999867e+04 2.294088430286222724e-01
1.793223044799999843e+04 2.293722514412033786e-01
1.793690610000000015e+04 2.294307271441097806e-01
1.794159394299999985e+04 2.295425622881392125e-01
1.794629397899999822e+04 2.295498765584179923e-01
1.795100620599999820e+04 2.293848517284084731e-01
1.795573062600000048e+04 2.294278094806299628e-01
1.796046723700000075e+04 2.294961215891564710e-01
1.796521603999999934e+04 2.293886259836716568e-01
1.796997703600000023e+04 2.292174282888659598e-01
1.797475022299999910e+04 2.290855288901255671e-01
1.797953560199999993e+04 2.291815750382674155e-01
1.798433317199999874e+04 2.294065380486308980e-01
1.798914293499999985e+04 2.295302884403241372e-01
1.799396488999999929e+04 2.294985002879064984e-01
1.799879903700000068e+04 2.293851587769720202e-01
1.800364537500000006e+04 2.294110610982005860e-01
1.800850390500000140e+04 2.293266598873735518e-01
1.801337462800000139e+04 2.291113929455807774e-01
1.801825754199999938e+04 2.289733757658872770e-01
1.802315264799999932e+04 2.288950663151756715e-01
1.802805994600000122e+04 2.288328275189467909e-01
1.803297943600000144e+04 2.287673921797673815e-01
1.803791111799999999e+04 2.288278845179829990e-01
1.804285499200000049e+04 2.290409556103984168e-01
1.804781105699999898e+04 2.293634822593577927e-01
1.805277931499999977e+04 2.294608968812503480e-01
1.805775976499999888e+04 2.290537288011198491e-01
1.806275240599999961e+04 2.286630527982694283e-01
1.806775723899999866e+04 2.285841663585530814e-01
1.807277426500000001e+04 2.288249351887590433e-01
1.807780348199999935e+04 2.290282321635156437e-01
1.808284489100000064e+04 2.290387280142186788e-01
1.808789849200000026e+04 2.287629728770970705e-01
1.809296428400000150e+04 2.286898074727128916e-01
1.809804226900000140e+04 2.286977999963059616e-01
1.810313244599999962e+04 2.292098762663644373e-01
1.810823481499999980e+04 2.293473223361976177e-01
1.811334937500000160e+04 2.292611495536330535e-01
1.811847612700000172e+04 2.292000381663457931e-01
1.812361507200000051e+04 2.295884018818923622e-01
1.812876620800000092e+04 2.292302370396969713e-01
1.813392953599999964e+04 2.289363637404125684e-01
1.813910505600000033e+04 2.288944229280239495e-01
1.814429276799999934e+04 2.288467795482730938e-01
1.814949267200000031e+04 2.288050046432157369e-01
1.815470476799999960e+04 2.289123686524635048e-01
1.815992905500000052e+04 2.290109874741263485e-01
1.816516553500000009e+04 2.293358023277851376e-01
1.817041420600000129e+04 2.294163713688771866e-01
1.817567507000000114e+04 2.293939964458639735e-01
1.818094812499999898e+04 2.292419121613451238e-01
1.818623337199999878e+04 2.289106828198847754e-01
1.819153081100000054e+04 2.284542720580552688e-01
1.819684044200000062e+04 2.281412857000782723e-01
1.820216226499999902e+04 2.281735315481074888e-01
1.820749627999999939e+04 2.281491005258596549e-01
1.821284248700000171e+04 2.279817978184437155e-01
1.821820088599999872e+04 2.280438780861314962e-01
1.822357147600000098e+04 2.281059451042800057e-01
1.822895425899999827e+04 2.280124623330262168e-01
1.823434923300000082e+04 2.280189289628620497e-01
1.823975639900000169e+04 2.281987538660206760e-01
1.824517575800000122e+04 2.281935261530439463e-01
1.825060730799999874e+04 2.284339251496485257e-01
1.825605104999999821e+04 2.288234725428700544e-01
1.826150698399999965e+04 2.291299989644570712e-01
1.826697510899999907e+04 2.293734006377801671e-01
1.827245542700000078e+04 2.293602659257908682e-01
1.827794793700000082e+04 2.294802768948209781e-01
1.828345263799999884e+04 2.294028613214419143e-01
1.828896953199999916e+04 2.294012559926310868e-01
1.829449861700000110e+04 2.291749771685092363e-01
1.830003989500000171e+04 2.290568485045403335e-01
1.830559336400000029e+04 2.291394445232003974e-01
1.831115902500000084e+04 2.294008714320162901e-01
1.831673687799999971e+04 2.289440749392012142e-01
1.832232692300000053e+04 2.285633228323741828e-01
1.832792915999999968e+04 2.286773536284586739e-01
1.833354358800000045e+04 2.283414739570899243e-01
1.833917020899999989e+04 2.279711752433236371e-01
1.834480902200000128e+04 2.278996216325368529e-01
1.835046002600000065e+04 2.278147016506475164e-01
1.835612322199999835e+04 2.277796258368934290e-01
1.836179861099999835e+04 2.280001985291136568e-01
1.836748619099999996e+04 2.282206683918678314e-01
1.837318596299999990e+04 2.287697714708972763e-01
1.837889792700000180e+04 2.286268161739544447e-01
1.838462208299999838e+04 2.287045880787870189e-01
1.839035843100000056e+04 2.285252735034143112e-01
1.839610697000000073e+04 2.284135350296926104e-01
1.840186770199999955e+04 2.284662120974584043e-01
1.840764062600000034e+04 2.283831420318633287e-01
1.841342574099999911e+04 2.283315099417238259e-01
1.841922304900000017e+04 2.283856336652761165e-01
1.842503254799999922e+04 2.283702634157562528e-01
1.843085423900000023e+04 2.283255925175352030e-01
1.843668812199999957e+04 2.283446786122104721e-01
1.844253419700000086e+04 2.279940970896209007e-01
1.844839246400000047e+04 2.278113211462369780e-01
1.845426292299999841e+04 2.278128376874350713e-01
1.846014557399999831e+04 2.277655276387521022e-01
1.846604041599999982e+04 2.277292010145553214e-01
1.847194745100000000e+04 2.276984558326146935e-01
1.847786667700000180e+04 2.278688482906891521e-01
1.848379809599999862e+04 2.278999864171643575e-01
1.848974170600000070e+04 2.277463288292931598e-01
1.849569750800000111e+04 2.277046915678765382e-01
1.850166550199999983e+04 2.278016624251388567e-01
1.850764568800000052e+04 2.278748976555730610e-01
1.851363806599999953e+04 2.280260655382025659e-01
1.851964263600000049e+04 2.280749144358942548e-01
1.852565939699999944e+04 2.280263461786231072e-01
1.853168835100000069e+04 2.278110326797213869e-01
1.853772949700000026e+04 2.277000946342394305e-01
1.854378283400000146e+04 2.278256678104501332e-01
