1.138059699999999975e+04 6.004174551804848659e-02
1.138559699999999975e+04 6.013097611106107271e-02
1.139059699999999975e+04 6.005072020718875414e-02
1.139559699999999975e+04 5.980176222748292969e-02
1.140059699999999975e+04 5.968741559326212753e-02
1.140559699999999975e+04 5.995839285460473345e-02
1.141059699999999975e+04 6.003309148961175762e-02
1.141559699999999975e+04 5.990398414570002883e-02
1.142059699999999975e+04 6.016707843815896628e-02
1.142559699999999975e+04 6.040514565974246242e-02
1.143059699999999975e+04 6.060159166650866402e-02
1.143559699999999975e+04 6.092265175359488916e-02
1.144059699999999975e+04 6.121604138752328311e-02
1.144559699999999975e+04 6.154992635651122812e-02
1.145059699999999975e+04 6.157437397988611838e-02
1.145559699999999975e+04 6.141392282198403219e-02
1.146059699999999975e+04 6.156510095601405025e-02
1.146559699999999975e+04 6.184882116698675603e-02
1.147059699999999975e+04 6.256002184279388367e-02
1.147559699999999975e+04 6.254776468756918784e-02
1.148059699999999975e+04 6.291019354794040452e-02
1.148559699999999975e+04 6.307299892634260496e-02
1.149059699999999975e+04 6.447655444807576242e-02
1.149559699999999975e+04 6.393787882869832184e-02
1.150059699999999975e+04 6.321234091287745993e-02
1.150559699999999975e+04 6.357123020800869995e-02
1.151059699999999975e+04 6.382258111813254864e-02
1.151559699999999975e+04 6.420985743072574192e-02
1.152059699999999975e+04 6.471572810205143689e-02
1.152559699999999975e+04 6.580983082563968134e-02
1.153059699999999975e+04 6.710927487586690332e-02
1.153400000000000000e+04 6.739793280391770391e-02
1.153500000000000000e+04 6.751997996130973401e-02
1.153600000000000000e+04 6.777638293558015115e-02
1.153700000000000000e+04 6.764140917756203408e-02
1.153800000000000000e+04 6.800795604227138913e-02
1.153900000000000000e+04 6.790835925580565591e-02
1.154000000000000000e+04 6.833832014853932768e-02
1.154100000000000000e+04 6.861278190374797692e-02
1.154120000000000073e+04 6.910898300245187087e-02
1.154139999999999964e+04 6.943570334921125853e-02
1.154160000000000036e+04 6.729809656981380894e-02
1.154179999999999927e+04 6.788907301158339513e-02
1.154200000000000000e+04 6.765158466586518315e-02
1.154220000000000073e+04 6.848353015738922744e-02
1.154239999999999964e+04 6.871923166885957057e-02
1.154260000000000036e+04 6.901959822555871205e-02
1.154279999999999927e+04 6.891588079729860095e-02
1.154300000000000000e+04 6.853211520891007436e-02
1.154320000000000073e+04 6.899140985577825735e-02
1.154339999999999964e+04 6.750429341880989642e-02
1.154360000000000036e+04 7.055741215999432325e-02
1.154379999999999927e+04 7.038767485488070519e-02
1.154400000000000000e+04 6.905052131635829038e-02
1.154420000000000073e+04 6.886559950011895970e-02
1.154439999999999964e+04 6.924529243798503708e-02
1.154460000000000036e+04 7.010893925889646883e-02
1.154479999999999927e+04 6.878804838680471767e-02
1.154500000000000000e+04 6.952019736907728842e-02
1.154520000000000073e+04 6.990512322118865030e-02
1.154539999999999964e+04 7.010796095325053101e-02
1.154560000000000036e+04 6.892499424940969066e-02
1.154579999999999927e+04 7.017338169155007410e-02
1.154600000000000000e+04 7.012641464535888935e-02
1.154620000000000073e+04 6.932651063281020098e-02
1.154639999999999964e+04 7.000681321467236429e-02
1.154660000000000036e+04 6.998546950391557053e-02
1.154679999999999927e+04 7.018961454467981254e-02
1.154700000000000000e+04 6.962333440543476415e-02
1.154720000000000073e+04 6.903275794590654768e-02
1.154739999999999964e+04 6.935736431343111907e-02
1.154760000000000036e+04 6.973768241423802805e-02
1.154779999999999927e+04 7.017263197642456540e-02
1.154800000000000000e+04 7.002334934904980157e-02
1.154820000000000073e+04 6.964367075575698951e-02
1.154839999999999964e+04 6.968817211234590303e-02
1.154860000000000036e+04 7.032936117815974386e-02
1.154879999999999927e+04 6.988386906601026793e-02
1.154900000000000000e+04 6.916233567428699269e-02
1.154920000000000073e+04 6.907008740507723787e-02
1.154939999999999964e+04 7.016128282910197300e-02
1.154960000000000036e+04 7.074780774295877372e-02
1.154979999999999927e+04 7.033779216634514220e-02
1.155000000000000000e+04 7.054052739240498915e-02
1.155020000000000073e+04 7.111590761623305668e-02
1.155039999999999964e+04 7.088049671538332319e-02
1.155060000000000036e+04 7.091705799232701779e-02
1.155079999999999927e+04 7.078856680822176450e-02
1.155100000000000000e+04 7.073745951271803722e-02
1.155120000000000073e+04 7.176293962722408992e-02
1.155139999999999964e+04 7.151699211816735235e-02
1.155160000000000036e+04 7.066395570390161807e-02
1.155179999999999927e+04 7.155260191375018008e-02
1.155200000000000000e+04 7.185470848883132589e-02
1.155220000000000073e+04 7.209401634336080888e-02
1.155239999999999964e+04 7.151223495144923281e-02
1.155260000000000036e+04 7.190937754786624891e-02
1.155279999999999927e+04 7.224174187959475635e-02
1.155300000000000000e+04 7.173152090242009005e-02
1.155320000000000073e+04 7.351675244472746784e-02
1.155339999999999964e+04 7.278294476187233131e-02
1.155360000000000036e+04 7.339163499519509026e-02
1.155379999999999927e+04 7.299484607935916025e-02
1.155400000000000000e+04 7.445182700270859544e-02
1.155420000000000073e+04 7.370845066316078498e-02
1.155439999999999964e+04 7.366206141032655141e-02
1.155460000000000036e+04 7.395406068806749389e-02
1.155479999999999927e+04 7.437130950049167244e-02
1.155500000000000000e+04 7.513321599609956714e-02
1.155520000000000073e+04 7.506777304254921845e-02
1.155539999999999964e+04 7.518206619459795459e-02
1.155560000000000036e+04 7.638184479230442081e-02
1.155579999999999927e+04 7.592047435600562943e-02
1.155600000000000000e+04 7.639399783077389927e-02
1.155620000000000073e+04 7.734974135055140698e-02
1.155639999999999964e+04 7.651780806650251843e-02
1.155660000000000036e+04 7.710804638448282011e-02
1.155679999999999927e+04 7.839602004774891275e-02
1.155700000000000000e+04 7.794616981972504743e-02
1.155720000000000073e+04 7.817552143836063727e-02
1.155739999999999964e+04 7.963117464536845214e-02
1.155760000000000036e+04 7.964413477200107949e-02
1.155779999999999927e+04 8.008987007442193440e-02
1.155800000000000000e+04 8.140263258377343492e-02
1.155820000000000073e+04 8.150829890620353568e-02
1.155839999999999964e+04 8.251508942412859315e-02
1.155860000000000036e+04 8.227985349002606141e-02
1.155879999999999927e+04 8.257802575059776384e-02
1.155900000000000000e+04 8.326311065939931422e-02
1.155920000000000073e+04 8.503181015135063969e-02
1.155939999999999964e+04 8.604969636112436149e-02
1.155960000000000036e+04 8.604454686977955347e-02
1.155979999999999927e+04 8.735268340580187862e-02
1.156000000000000000e+04 8.893628968834013659e-02
1.156020000000000073e+04 8.966986422121336897e-02
1.156039999999999964e+04 8.933313783533394781e-02
1.156060000000000036e+04 9.215814233416078083e-02
1.156079999999999927e+04 9.349223311133986192e-02
1.156100000000000000e+04 9.473539961140155230e-02
1.156120000000000073e+04 9.668235376792294611e-02
1.156139999999999964e+04 9.815730154527904650e-02
1.156160000000000036e+04 1.001910077004074112e-01
1.156179999999999927e+04 1.016974885807202522e-01
1.156200000000000000e+04 1.045490347101088735e-01
1.156220000000000073e+04 1.063839609065323349e-01
1.156239999999999964e+04 1.090215829576657303e-01
1.156260000000000036e+04 1.112651498975805453e-01
1.156279999999999927e+04 1.142864570005557995e-01
1.156300000000000000e+04 1.171494717125140111e-01
1.156320000000000073e+04 1.203369050870554402e-01
1.156339999999999964e+04 1.243940998669932213e-01
1.156360000000000036e+04 1.276284181607253987e-01
1.156379999999999927e+04 1.323008115469569979e-01
1.156400000000000000e+04 1.355337174007938683e-01
1.156420000000000073e+04 1.388147443823454508e-01
1.156439999999999964e+04 1.440195260564009205e-01
1.156460000000000036e+04 1.482499462723365080e-01
1.156479999999999927e+04 1.514449194408566957e-01
1.156500000000000000e+04 1.551846993516224349e-01
1.156520000000000073e+04 1.584391913967262144e-01
1.156539999999999964e+04 1.626080801514971641e-01
1.156560000000000036e+04 1.662926218795179323e-01
1.156579999999999927e+04 1.687611362082351296e-01
1.156600000000000000e+04 1.714033541946183292e-01
1.156620000000000073e+04 1.747133860342698353e-01
1.156639999999999964e+04 1.762328580456677396e-01
1.156660000000000036e+04 1.793414128788034523e-01
1.156679999999999927e+04 1.805133990084596407e-01
1.156700000000000000e+04 1.817116049278397760e-01
1.156720000000000073e+04 1.830469373748825623e-01
1.156739999999999964e+04 1.848673849979657335e-01
1.156760000000000036e+04 1.857067738740521556e-01
1.156779999999999927e+04 1.862471153781889432e-01
1.156800000000000000e+04 1.866568405126854957e-01
1.156820000000000073e+04 1.867424385864762948e-01
1.156839999999999964e+04 1.874355819294765135e-01
1.156860000000000036e+04 1.867343415586504018e-01
1.156879999999999927e+04 1.865985927917849785e-01
1.156900000000000000e+04 1.862424291956336631e-01
1.156920000000000073e+04 1.856663904582908087e-01
1.156939999999999964e+04 1.849632674599531179e-01
1.156960000000000036e+04 1.839425013985890589e-01
1.156979999999999927e+04 1.833526348109416337e-01
1.157000000000000000e+04 1.818706105893175828e-01
1.157020000000000073e+04 1.812188781064814624e-01
1.157039999999999964e+04 1.800658165142279277e-01
1.157060000000000036e+04 1.790061255148694963e-01
1.157079999999999927e+04 1.779113921969113776e-01
1.157100000000000000e+04 1.761928827076073567e-01
1.157120000000000073e+04 1.755672132511942318e-01
1.157139999999999964e+04 1.743144287844084761e-01
1.157160000000000036e+04 1.732245996110997055e-01
1.157179999999999927e+04 1.726798333700838572e-01
1.157200000000000000e+04 1.713377775323328689e-01
1.157220000000000073e+04 1.704563135162500687e-01
1.157239999999999964e+04 1.694412069318503855e-01
1.157260000000000036e+04 1.680458609765508593e-01
1.157279999999999927e+04 1.676404181649756020e-01
1.157300000000000000e+04 1.669075251595987797e-01
1.157320000000000073e+04 1.663327020679317425e-01
1.157339999999999964e+04 1.654219636037674857e-01
1.157360000000000036e+04 1.644909138281326066e-01
1.157379999999999927e+04 1.635470055849650994e-01
1.157400000000000000e+04 1.633280602507577450e-01
1.157420000000000073e+04 1.629380303960949739e-01
1.157439999999999964e+04 1.626292034040767165e-01
1.157460000000000036e+04 1.619924776313985959e-01
1.157479999999999927e+04 1.614614912735416463e-01
1.157500000000000000e+04 1.611190391537473676e-01
1.157520000000000073e+04 1.608616730122644500e-01
1.157539999999999964e+04 1.603723260703204534e-01
1.157560000000000036e+04 1.602368113227382040e-01
1.157579999999999927e+04 1.598700971553772276e-01
1.157600000000000000e+04 1.598321989089845629e-01
1.157620000000000073e+04 1.594527352146823951e-01
1.157639999999999964e+04 1.592566522258581641e-01
1.157660000000000036e+04 1.593541670187121340e-01
1.157679999999999927e+04 1.588739104307598515e-01
1.157700000000000000e+04 1.588960176072032604e-01
1.157720000000000073e+04 1.587198205501905157e-01
1.157739999999999964e+04 1.591740364276604813e-01
1.157760000000000036e+04 1.590734283444869834e-01
1.157779999999999927e+04 1.589574174194333389e-01
1.157800000000000000e+04 1.587245515959538333e-01
1.157820000000000073e+04 1.583913585640146504e-01
1.157839999999999964e+04 1.585908775410101446e-01
1.157860000000000036e+04 1.590821104871930902e-01
1.157879999999999927e+04 1.589374919785793983e-01
1.157900000000000000e+04 1.591916174436754094e-01
1.157920000000000073e+04 1.587756211670985351e-01
1.157939999999999964e+04 1.592851927947971091e-01
1.157960000000000036e+04 1.591561379346195515e-01
1.157979999999999927e+04 1.592887444954524390e-01
1.158000000000000000e+04 1.593292060064321614e-01
1.158020000000000073e+04 1.593343272305293434e-01
1.158039999999999964e+04 1.594024059128277548e-01
1.158060000000000036e+04 1.593172582307519902e-01
1.158079999999999927e+04 1.595658908435582946e-01
1.158100000000000000e+04 1.595848912642269801e-01
1.158120000000000073e+04 1.595550980294755394e-01
1.158139999999999964e+04 1.598733875551031636e-01
1.158160000000000036e+04 1.592488860508286808e-01
1.158179999999999927e+04 1.595394199364562615e-01
1.158200000000000000e+04 1.590413869844420902e-01
1.158220000000000073e+04 1.590741031262842275e-01
1.158239999999999964e+04 1.594435392250833083e-01
1.158260000000000036e+04 1.594059010627688067e-01
1.158279999999999927e+04 1.594016043007330519e-01
1.158300000000000000e+04 1.590639604971755272e-01
1.158320000000000073e+04 1.586617985589859892e-01
1.158339999999999964e+04 1.585404870078656880e-01
1.158360000000000036e+04 1.584383710181479776e-01
1.158379999999999927e+04 1.587324002924717092e-01
1.158400000000000000e+04 1.586304202989544665e-01
1.158420000000000073e+04 1.585727844799530162e-01
1.158439999999999964e+04 1.582750703509314960e-01
1.158460000000000036e+04 1.580509219797813225e-01
1.158479999999999927e+04 1.578478336126694637e-01
1.158500000000000000e+04 1.578687990708568800e-01
1.158520000000000073e+04 1.578163849706974986e-01
1.158539999999999964e+04 1.575726014609210024e-01
1.158560000000000036e+04 1.581814807035344106e-01
1.158579999999999927e+04 1.574533972794377457e-01
1.158600000000000000e+04 1.576202321840839415e-01
1.158620000000000073e+04 1.575871303788590194e-01
1.158639999999999964e+04 1.575183972797550847e-01
1.158660000000000036e+04 1.580503274037670103e-01
1.158679999999999927e+04 1.577061781448617916e-01
1.158700000000000000e+04 1.573817759823853413e-01
1.158720000000000073e+04 1.578980252459507294e-01
1.158739999999999964e+04 1.579827498211222314e-01
1.158760000000000036e+04 1.579899308268535862e-01
1.158779999999999927e+04 1.577351000794782188e-01
1.158800000000000000e+04 1.583850806966788649e-01
1.158820000000000073e+04 1.580922586386012407e-01
1.158839999999999964e+04 1.585582873818567051e-01
1.158860000000000036e+04 1.587241311501105256e-01
1.158879999999999927e+04 1.588574123313469810e-01
1.158900000000000000e+04 1.591866443047833535e-01
1.158920000000000073e+04 1.590536805459627778e-01
1.158939999999999964e+04 1.585064308652701648e-01
1.158960000000000036e+04 1.589978342558322488e-01
1.158979999999999927e+04 1.592657603094356777e-01
1.159000000000000000e+04 1.595197103709184994e-01
1.159020000000000073e+04 1.601065316478464673e-01
1.159039999999999964e+04 1.598914136333914049e-01
1.159060000000000036e+04 1.604758864690465914e-01
1.159079999999999927e+04 1.600739591336380885e-01
1.159100000000000000e+04 1.600602178697488331e-01
1.159120000000000073e+04 1.610926102981379282e-01
1.159139999999999964e+04 1.606747482375342206e-01
1.159160000000000036e+04 1.606592274631004902e-01
1.159179999999999927e+04 1.612306054918686282e-01
1.159200000000000000e+04 1.614804441676685465e-01
1.159220000000000073e+04 1.614556552510020559e-01
1.159239999999999964e+04 1.621648831072688979e-01
1.159260000000000036e+04 1.629127741347999037e-01
1.159279999999999927e+04 1.629501279608738251e-01
1.159300000000000000e+04 1.622034567417214024e-01
1.159320000000000073e+04 1.628370496820668867e-01
1.159339999999999964e+04 1.631273345585107504e-01
1.159360000000000036e+04 1.627952514568898335e-01
1.159379999999999927e+04 1.637915343714188010e-01
1.159400000000000000e+04 1.640083076628599534e-01
1.159420000000000073e+04 1.639544251351544302e-01
1.159439999999999964e+04 1.638324835249684863e-01
1.159460000000000036e+04 1.633177577038061878e-01
1.159479999999999927e+04 1.630805883761378139e-01
1.159500000000000000e+04 1.637211239890802861e-01
1.159520000000000073e+04 1.635490421072822720e-01
1.159539999999999964e+04 1.636110878178156924e-01
1.159560000000000036e+04 1.638724687707465988e-01
1.159579999999999927e+04 1.638584019491272081e-01
1.159600000000000000e+04 1.635223958699404401e-01
1.159620000000000073e+04 1.631090645982914422e-01
1.159639999999999964e+04 1.630961685002347838e-01
1.159660000000000036e+04 1.635523844943424232e-01
1.159679999999999927e+04 1.637303698162532184e-01
1.159700000000000000e+04 1.630212220256552214e-01
1.159770000000000073e+04 1.625131665929022695e-01
1.159839999999999964e+04 1.621491626258068086e-01
1.159910000000000036e+04 1.614066743034028306e-01
1.159979999999999927e+04 1.607776559762215118e-01
1.160050000000000000e+04 1.607519123846669340e-01
1.160120000000000073e+04 1.603038273003046243e-01
1.160189999999999964e+04 1.600394153621853000e-01
1.160260000000000036e+04 1.596646723066171836e-01
1.160329999999999927e+04 1.594777164957336679e-01
1.160499369499999921e+04 1.592733242810173977e-01
1.160599958300000071e+04 1.587918840923377151e-01
1.160701766200000020e+04 1.587935133433471813e-01
1.160804793299999983e+04 1.587114226443754883e-01
1.160909039599999960e+04 1.590749932681778389e-01
1.161014505099999951e+04 1.592886807138167715e-01
1.161121189799999956e+04 1.596746929387130864e-01
1.161229093699999976e+04 1.604792747479440451e-01
1.161338216699999975e+04 1.611524313847228218e-01
1.161448559000000023e+04 1.620288897395149585e-01
1.161560120400000051e+04 1.627697579948188811e-01
1.161672901099999945e+04 1.635396208134398122e-01
1.161786900900000001e+04 1.644116238901670579e-01
1.161902119900000071e+04 1.650517736387251411e-01
1.162018558200000007e+04 1.655535894492012605e-01
1.162136215599999923e+04 1.654352494931228268e-01
1.162255092200000036e+04 1.656438267961108102e-01
1.162375187899999946e+04 1.655957806379802222e-01
1.162496502900000087e+04 1.651344980177775756e-01
1.162619037100000060e+04 1.653393233633957404e-01
1.162742790400000013e+04 1.650320437570477472e-01
1.162867763000000014e+04 1.646606153795259209e-01
1.162993954699999995e+04 1.642752980890138104e-01
1.163121365700000024e+04 1.636834639114348178e-01
1.163249995800000033e+04 1.634976174679372840e-01
1.163379845100000057e+04 1.630586171604849755e-01
1.163510913599999913e+04 1.629935950062078864e-01
1.163643201299999964e+04 1.624549055720212187e-01
1.163776708200000030e+04 1.623066928111585594e-01
1.163911434200000076e+04 1.620413950771731615e-01
1.164047379499999988e+04 1.614116485497239517e-01
1.164184543999999914e+04 1.615445136469195186e-01
1.164322927600000003e+04 1.611086926265112851e-01
1.164462530499999957e+04 1.607776176789513511e-01
1.164603352500000074e+04 1.604311020129689236e-01
1.164745393700000022e+04 1.602759068883240212e-01
1.164888654099999985e+04 1.602456967354636275e-01
1.165033133699999962e+04 1.606697437959112851e-01
1.165178832499999953e+04 1.604388277343462288e-01
1.165325750499999958e+04 1.607866689558384576e-01
1.165473887699999977e+04 1.611705992457204140e-01
1.165623243999999977e+04 1.614888646953093199e-01
1.165773819600000024e+04 1.618583744464418273e-01
1.165925614300000052e+04 1.621548168610109919e-01
1.166078628299999946e+04 1.624991492001762183e-01
1.166232861400000002e+04 1.626981883388664285e-01
1.166388313700000072e+04 1.631830691340303563e-01
1.166544985199999974e+04 1.631833416763472377e-01
1.166702875900000072e+04 1.634473668818522130e-01
1.166861985800000002e+04 1.635189948891603295e-01
1.167022314899999947e+04 1.635116280257642440e-01
1.167183863200000087e+04 1.636823122842013811e-01
1.167346630700000060e+04 1.640419097522418379e-01
1.167510617300000013e+04 1.637154915483221562e-01
1.167675823200000013e+04 1.638441838506194403e-01
1.167842248199999995e+04 1.640110549308907706e-01
1.168009892399999990e+04 1.641802612298985942e-01
1.168178755799999999e+04 1.641530331728093539e-01
1.168348838500000056e+04 1.641070013260447769e-01
1.168520140299999912e+04 1.642647603221793207e-01
1.168692661299999963e+04 1.643643825533282199e-01
1.168866401399999995e+04 1.644088640379859911e-01
1.169041360800000075e+04 1.643314258164683961e-01
1.169217539399999987e+04 1.644619105477676813e-01
1.169394937100000061e+04 1.643670183296394027e-01
1.169573554100000001e+04 1.639760276952506035e-01
1.169753390199999922e+04 1.637119174982477332e-01
1.169934445500000038e+04 1.636223451276901386e-01
1.170116720100000020e+04 1.636021974615165797e-01
1.170300213799999983e+04 1.631753153246836008e-01
1.170484926699999960e+04 1.630200824590714859e-01
1.170670858799999951e+04 1.629935084654769439e-01
1.170858009999999922e+04 1.634545807652618143e-01
1.171046380499999941e+04 1.633068925312662345e-01
1.171235970199999974e+04 1.634399313429300560e-01
1.171426778999999988e+04 1.636602637937099036e-01
1.171618807100000049e+04 1.638041491903878821e-01
1.171812054300000091e+04 1.638643657144081556e-01
1.172006520699999965e+04 1.643252936179050994e-01
1.172202206400000068e+04 1.650276893421697699e-01
1.172399111199999970e+04 1.653152143902295867e-01
1.172597235200000068e+04 1.656001848024531431e-01
1.172796578399999999e+04 1.658130211654045838e-01
1.172997140700000091e+04 1.659876095765190351e-01
1.173198922300000049e+04 1.658187801318158350e-01
1.173401923100000022e+04 1.661259755592790210e-01
1.173606142999999975e+04 1.661278642473614786e-01
1.173811582199999975e+04 1.668485358480380210e-01
1.174018240499999956e+04 1.668039682479560137e-01
1.174226117999999951e+04 1.668193300566885862e-01
1.174435214799999994e+04 1.673608657383132692e-01
1.174645530700000018e+04 1.671377678851369009e-01
1.174857065800000055e+04 1.672651838651718348e-01
1.175069820099999924e+04 1.673577061072459293e-01
1.175283793499999956e+04 1.673114444550168611e-01
1.175498986200000036e+04 1.672272685348863697e-01
1.175715398099999948e+04 1.674566324992837751e-01
1.175933029100000022e+04 1.674334662055350365e-01
1.176151879399999962e+04 1.670985699048907480e-01
1.176371948800000064e+04 1.671864583429867879e-01
1.176593237399999998e+04 1.669896831051509711e-01
1.176815745299999980e+04 1.663556574506382668e-01
1.177039472299999943e+04 1.663816333654437041e-01
1.177264418499999920e+04 1.661168113706739669e-01
1.177490583800000059e+04 1.662532880760909382e-01
1.177717968400000063e+04 1.663663610021995920e-01
1.177946572200000082e+04 1.661643175701196795e-01
1.178176395199999934e+04 1.662037081265490546e-01
1.178407437299999947e+04 1.665111960246210832e-01
1.178639698700000008e+04 1.664769244999997622e-01
1.178873179200000050e+04 1.671319762438616408e-01
1.179107878899999923e+04 1.669939976162465034e-01
1.179343797799999993e+04 1.677163900949284470e-01
1.179580935900000077e+04 1.680184416696579308e-01
1.179819293199999993e+04 1.683460694606145891e-01
1.180058869699999923e+04 1.685936234718832805e-01
1.180299665400000049e+04 1.685620419918206492e-01
1.180541680300000007e+04 1.687638298761822697e-01
1.180784914299999946e+04 1.693172571074929855e-01
1.181029367599999932e+04 1.693400718322605192e-01
1.181275040000000081e+04 1.694323957129868219e-01
1.181521931699999914e+04 1.693922867646996400e-01
1.181770042500000091e+04 1.697943155076302169e-01
1.182019372499999918e+04 1.698622491401647616e-01
1.182269921699999941e+04 1.699012545062988100e-01
1.182521690099999978e+04 1.696332626345596062e-01
1.182774677700000029e+04 1.695658880999960372e-01
1.183028884499999913e+04 1.692097675224695508e-01
1.183284310499999992e+04 1.691610162712718357e-01
1.183540955600000052e+04 1.694199053707656222e-01
1.183798819999999978e+04 1.696795755378952553e-01
1.184057903500000066e+04 1.694336626635665755e-01
1.184318206199999986e+04 1.693849290455027301e-01
1.184579728199999954e+04 1.691629014742404291e-01
1.184842469300000084e+04 1.691601479869705715e-01
1.185106429600000047e+04 1.690447602263967508e-01
1.185371609100000023e+04 1.691685034428300483e-01
1.185638007800000014e+04 1.691948898320645989e-01
1.185905625599999985e+04 1.696129650883902995e-01
1.186174462700000004e+04 1.698802195064953724e-01
1.186444519000000037e+04 1.699793163715397348e-01
1.186715794400000050e+04 1.697178894083201939e-01
1.186988289099999929e+04 1.694265997615296004e-01
1.187262002899999970e+04 1.700616402197938082e-01
1.187536935900000026e+04 1.700606448669983450e-01
1.187813088099999914e+04 1.699961413407149458e-01
1.188090459499999997e+04 1.703975717057027994e-01
1.188369050099999913e+04 1.705836083157887817e-01
1.188648859900000025e+04 1.713899694062936407e-01
1.188929888899999969e+04 1.711906601111997106e-01
1.189212137099999927e+04 1.713182707781069902e-01
1.189495604400000047e+04 1.711848046953544367e-01
1.189780291000000034e+04 1.711189794789874374e-01
1.190066196700000000e+04 1.716217703673356132e-01
1.190353321700000015e+04 1.716895735171511117e-01
1.190641665800000010e+04 1.716799345384880104e-01
1.190931229100000019e+04 1.718186655182320499e-01
1.191222011600000042e+04 1.725102434104869853e-01
1.191514013300000079e+04 1.725797564434662923e-01
1.191807234199999948e+04 1.726336617165220577e-01
1.192101674300000013e+04 1.725303248293115765e-01
1.192397333500000059e+04 1.719077820019819236e-01
1.192694211999999970e+04 1.718662523781801510e-01
1.192992309600000044e+04 1.719046734252948072e-01
1.193291626499999984e+04 1.718547663568901485e-01
1.193592162500000086e+04 1.716202175562198673e-01
1.193893917700000020e+04 1.719731492872978995e-01
1.194196892099999968e+04 1.718231608442831737e-01
1.194501085799999964e+04 1.725146166367219902e-01
1.194806498500000089e+04 1.726538609926059620e-01
1.195113130500000079e+04 1.724848036097754445e-01
1.195420981700000084e+04 1.724923947773440713e-01
1.195730052099999921e+04 1.724763986318894604e-01
1.196040341599999920e+04 1.726692774099541916e-01
1.196351850399999967e+04 1.726542334172261051e-01
1.196664578299999994e+04 1.729572310526322487e-01
1.196978525500000069e+04 1.729671938078258531e-01
1.197293691799999942e+04 1.729898673481721494e-01
1.197610077300000012e+04 1.732317512551866390e-01
1.197927681999999913e+04 1.733818287587092777e-01
1.198246505900000011e+04 1.733740136770520190e-01
1.198566548999999941e+04 1.738723287636216031e-01
1.198887811200000033e+04 1.738103889498709420e-01
1.199210292699999991e+04 1.736923828002510661e-01
1.199533993399999963e+04 1.738902627145446911e-01
1.199858913199999915e+04 1.739184928090793392e-01
1.200185052299999916e+04 1.737789737130581991e-01
1.200512410500000078e+04 1.741985476747636152e-01
1.200840987900000073e+04 1.743751414761473550e-01
1.201170784500000082e+04 1.746996963541379011e-01
1.201501800299999923e+04 1.751171519597854442e-01
1.201834035299999960e+04 1.752706295529773972e-01
1.202167489500000011e+04 1.751815041730929723e-01
1.202502162900000076e+04 1.750628880879406823e-01
1.202838055399999939e+04 1.752092333561690307e-01
1.203175167200000033e+04 1.753892996734686960e-01
1.203513498199999958e+04 1.759023459387414057e-01
1.203853048300000046e+04 1.763243391325997889e-01
1.204193817599999966e+04 1.775468310388015891e-01
1.204535806100000082e+04 1.780368684379921018e-01
1.204879013900000064e+04 1.778395190800273196e-01
1.205223440800000026e+04 1.779074071931630585e-01
1.205569086799999968e+04 1.779236313781895895e-01
1.205915952099999959e+04 1.768026249737981725e-01
1.206264036599999963e+04 1.762753452034256374e-01
1.206613340299999982e+04 1.761558665054483441e-01
1.206963863099999980e+04 1.763811943096552370e-01
1.207315605200000027e+04 1.762832898802505210e-01
1.207668566400000054e+04 1.761404943999355932e-01
1.208022746799999913e+04 1.760978718259066933e-01
1.208378146500000003e+04 1.762877679094445593e-01
1.208734765300000072e+04 1.765000795625733532e-01
1.209092603299999973e+04 1.763742648744458519e-01
1.209451660500000071e+04 1.764859094770624692e-01
1.209811936900000001e+04 1.768836922366822106e-01
1.210173432399999911e+04 1.767600386193902695e-01
1.210536147200000050e+04 1.770111433496463493e-01
1.210900081099999989e+04 1.775209135580481379e-01
1.211265234299999975e+04 1.780488765973819998e-01
1.211631606599999941e+04 1.780287352622251240e-01
1.211999198199999955e+04 1.779132034457651945e-01
1.212368008899999950e+04 1.773769469411929367e-01
1.212738038799999958e+04 1.769424473007051302e-01
1.213109287899999981e+04 1.770746846090099358e-01
1.213481756200000018e+04 1.775227632100910835e-01
1.213855443700000069e+04 1.776772185391960190e-01
1.214230350299999918e+04 1.778816016008309409e-01
1.214606476199999997e+04 1.782674950652144985e-01
1.214983821300000091e+04 1.782010617270589625e-01
1.215362385499999982e+04 1.783573108981106048e-01
1.215742168900000070e+04 1.784935014443160273e-01
1.216123171600000023e+04 1.786512357047832233e-01
1.216505393399999957e+04 1.787591099325727406e-01
1.216888834400000087e+04 1.789790468179007776e-01
1.217273494600000049e+04 1.794774918067196245e-01
1.217659374000000025e+04 1.801539158352022385e-01
1.218046472600000016e+04 1.804235498727531084e-01
1.218434790299999986e+04 1.807332989015849878e-01
1.218824327300000004e+04 1.804610154766976837e-01
1.219215083500000037e+04 1.802489765207808958e-01
1.219607058800000050e+04 1.805811627019411059e-01
1.220000253300000077e+04 1.807122848464095544e-01
1.220394667099999970e+04 1.811659043578602302e-01
1.220790300000000025e+04 1.807165862849826887e-01
1.221187152099999912e+04 1.810928732572834876e-01
1.221585223399999995e+04 1.812174357597052254e-01
1.221984513899999911e+04 1.812328914140494684e-01
1.222385023600000022e+04 1.811673256639037277e-01
1.222786752399999932e+04 1.812699106181605291e-01
1.223189700500000072e+04 1.817543604901732390e-01
1.223593867800000044e+04 1.824635279834733448e-01
1.223999254199999996e+04 1.851058985126597944e-01
1.224405859799999962e+04 1.853463324675507784e-01
1.224813684699999976e+04 1.826816832418336478e-01
1.225222728699999971e+04 1.816209478352076023e-01
1.225632991899999979e+04 1.818933081149124165e-01
1.226044474300000002e+04 1.818009859702051645e-01
1.226457175900000038e+04 1.819942491889213199e-01
1.226871096700000089e+04 1.817654880075400547e-01
1.227286236599999938e+04 1.818246527745764340e-01
1.227702595800000017e+04 1.827508175098009890e-01
1.228120174199999929e+04 1.830954250232732228e-01
1.228538971700000002e+04 1.828312601280991379e-01
1.228958988400000089e+04 1.825963602226795268e-01
1.229380224400000043e+04 1.825680460719872333e-01
1.229802679499999977e+04 1.837675779869735182e-01
1.230226353799999924e+04 1.842245222289669027e-01
1.230651247300000068e+04 1.837820870152877539e-01
1.231077360000000044e+04 1.836539071428216485e-01
1.231504691900000034e+04 1.835553358866983120e-01
1.231933242900000005e+04 1.836452591557551639e-01
1.232363013200000023e+04 1.840474192118952135e-01
1.232794002600000022e+04 1.838852873251396458e-01
1.233226211300000068e+04 1.842732824283936921e-01
1.233659639099999913e+04 1.847624050972106191e-01
1.234094286099999954e+04 1.853572905497477552e-01
1.234530152400000043e+04 1.879682319067095819e-01
1.234967237799999930e+04 1.877456943330215178e-01
1.235405542400000013e+04 1.865735304323465071e-01
1.235845066199999928e+04 1.851546810750038519e-01
1.236285809100000006e+04 1.846061964713461845e-01
1.236727771299999949e+04 1.848195050553319008e-01
1.237170952700000089e+04 1.849263379290533860e-01
1.237615353200000027e+04 1.848566387732595850e-01
1.238060973000000013e+04 1.848665397269581845e-01
1.238507811899999979e+04 1.848582095227549182e-01
1.238955869999999959e+04 1.848802695892282077e-01
1.239405147299999953e+04 1.849807943214785977e-01
1.239855643799999962e+04 1.851030371442715650e-01
1.240307359499999984e+04 1.853416134154753925e-01
1.240760294400000021e+04 1.855002181176932385e-01
1.241214448500000071e+04 1.857904586709951678e-01
1.241669821799999954e+04 1.865807830357342767e-01
1.242126414199999999e+04 1.872170636532959342e-01
1.242584225899999910e+04 1.870878129392278544e-01
1.243043256699999984e+04 1.869552398408854121e-01
1.243503506799999923e+04 1.867429390664951394e-01
1.243964976000000024e+04 1.866386550530084454e-01
1.244427664399999958e+04 1.868310469927700335e-01
1.244891572000000087e+04 1.870614259831818449e-01
1.245356698800000049e+04 1.870597502638342569e-01
1.245823044800000025e+04 1.869641219059421933e-01
1.246290610000000015e+04 1.875974284116979640e-01
1.246759394299999985e+04 1.886486340254150962e-01
1.247229397900000004e+04 1.885017090553902097e-01
1.247700620600000002e+04 1.891643548350878945e-01
1.248173062600000048e+04 1.896136079820311404e-01
1.248646723700000075e+04 1.878063908321202513e-01
1.249121603999999934e+04 1.880884735755949944e-01
1.249597703600000023e+04 1.889442279265450830e-01
1.250075022299999910e+04 1.893426551257418045e-01
1.250553560199999993e+04 1.891157049760761599e-01
1.251033317200000056e+04 1.892525869995205501e-01
1.251514293499999985e+04 1.891289716804502308e-01
1.251996488999999929e+04 1.887162662370021060e-01
1.252479903700000068e+04 1.888875005716405819e-01
1.252964537500000006e+04 1.891088221255257662e-01
1.253450390499999958e+04 1.893291016494391688e-01
