1.138059699999999975e+04 5.643708646894491504e-02
1.138559699999999975e+04 5.652096002862297408e-02
1.139059699999999975e+04 5.644552235729932005e-02
1.139559699999999975e+04 5.621151079171362447e-02
1.140059699999999975e+04 5.610402906190318367e-02
1.140559699999999975e+04 5.635873796179301232e-02
1.141059699999999975e+04 5.642895200000807437e-02
1.141559699999999975e+04 5.630759573178792388e-02
1.142059699999999975e+04 5.655489492713278166e-02
1.142559699999999975e+04 5.677866959906582855e-02
1.143059699999999975e+04 5.696332180386923932e-02
1.143559699999999975e+04 5.726510673427132048e-02
1.144059699999999975e+04 5.754088245661655859e-02
1.144559699999999975e+04 5.785472234517089613e-02
1.145059699999999975e+04 5.787770224068292113e-02
1.145559699999999975e+04 5.772688391669798802e-02
1.146059699999999975e+04 5.786898594920363015e-02
1.146559699999999975e+04 5.813567277841762138e-02
1.147059699999999975e+04 5.880417589179934290e-02
1.147559699999999975e+04 5.879265459973420649e-02
1.148059699999999975e+04 5.913332470463425472e-02
1.148559699999999975e+04 5.928635591372095892e-02
1.149059699999999975e+04 6.060564773384669729e-02
1.149559699999999975e+04 6.009931199520629486e-02
1.150059699999999975e+04 5.941733242266776516e-02
1.150559699999999975e+04 5.975467546511019357e-02
1.151059699999999975e+04 5.999093628102036141e-02
1.151559699999999975e+04 6.035496211384489690e-02
1.152059699999999975e+04 6.083046239172966441e-02
1.152559699999999975e+04 6.185887969035941403e-02
1.153059699999999975e+04 6.308031015722315171e-02
1.153400000000000000e+04 6.335163665348644835e-02
1.153500000000000000e+04 6.346635614141299397e-02
1.153600000000000000e+04 6.370736561541337495e-02
1.153700000000000000e+04 6.358049509087437823e-02
1.153800000000000000e+04 6.392503607951252609e-02
1.153900000000000000e+04 6.383141890598989510e-02
1.154000000000000000e+04 6.423556714536715617e-02
1.154100000000000000e+04 6.449355179557447748e-02
1.154120000000000073e+04 6.495996303791402859e-02
1.154139999999999964e+04 6.526706864982231848e-02
1.154160000000000036e+04 6.325779480858258197e-02
1.154179999999999927e+04 6.381329161032830988e-02
1.154200000000000000e+04 6.359006104152743755e-02
1.154220000000000073e+04 6.437206000479404888e-02
1.154239999999999964e+04 6.459361107677653868e-02
1.154260000000000036e+04 6.487594486242503899e-02
1.154279999999999927e+04 6.477845426897013703e-02
1.154300000000000000e+04 6.441772844481882809e-02
1.154320000000000073e+04 6.484944904907533059e-02
1.154339999999999964e+04 6.345161299772150709e-02
1.154360000000000036e+04 6.632143526667808042e-02
1.154379999999999927e+04 6.616188835974409765e-02
1.154400000000000000e+04 6.490501216300917364e-02
1.154420000000000073e+04 6.473119235011332018e-02
1.154439999999999964e+04 6.508809021306435905e-02
1.154460000000000036e+04 6.589988726208985403e-02
1.154479999999999927e+04 6.465829725412004791e-02
1.154500000000000000e+04 6.534649108636900183e-02
1.154520000000000073e+04 6.570830758900292334e-02
1.154539999999999964e+04 6.589896778666681776e-02
1.154560000000000036e+04 6.478702152711596218e-02
1.154579999999999927e+04 6.596046093391841336e-02
1.154600000000000000e+04 6.591631359594068984e-02
1.154620000000000073e+04 6.516443253264665725e-02
1.154639999999999964e+04 6.580389254479057648e-02
1.154660000000000036e+04 6.578383022660939938e-02
1.154679999999999927e+04 6.597571923465575527e-02
1.154700000000000000e+04 6.544343622660983573e-02
1.154720000000000073e+04 6.488831554517784928e-02
1.154739999999999964e+04 6.519343388695907071e-02
1.154760000000000036e+04 6.555091925849071410e-02
1.154779999999999927e+04 6.595975623864316906e-02
1.154800000000000000e+04 6.581943592042777125e-02
1.154820000000000073e+04 6.546255166565861927e-02
1.154839999999999964e+04 6.550438136672025180e-02
1.154860000000000036e+04 6.610707606889840160e-02
1.154879999999999927e+04 6.568832945591679406e-02
1.154900000000000000e+04 6.501011396619131577e-02
1.154920000000000073e+04 6.492340393557984035e-02
1.154939999999999964e+04 6.594908844477732901e-02
1.154960000000000036e+04 6.650040082156599697e-02
1.154979999999999927e+04 6.611500089408546554e-02
1.155000000000000000e+04 6.630556474105726850e-02
1.155020000000000073e+04 6.684640149127285547e-02
1.155039999999999964e+04 6.662512369458542527e-02
1.155060000000000036e+04 6.665948997893186845e-02
1.155079999999999927e+04 6.653871287881175933e-02
1.155100000000000000e+04 6.649067385490982363e-02
1.155120000000000073e+04 6.745458837368635552e-02
1.155139999999999964e+04 6.722340652842809239e-02
1.155160000000000036e+04 6.642158292984554069e-02
1.155179999999999927e+04 6.725687846672723236e-02
1.155200000000000000e+04 6.754084781414021466e-02
1.155220000000000073e+04 6.776578860863825826e-02
1.155239999999999964e+04 6.721893497588529720e-02
1.155260000000000036e+04 6.759223476396840347e-02
1.155279999999999927e+04 6.790464530709172664e-02
1.155300000000000000e+04 6.742505589977557112e-02
1.155320000000000073e+04 6.910310948056622160e-02
1.155339999999999964e+04 6.841335659958966420e-02
1.155360000000000036e+04 6.898550357208024786e-02
1.155379999999999927e+04 6.861253624061347534e-02
1.155400000000000000e+04 6.998204602115012940e-02
1.155420000000000073e+04 6.928329893204178414e-02
1.155439999999999964e+04 6.923969470500544732e-02
1.155460000000000036e+04 6.951416354756166649e-02
1.155479999999999927e+04 6.990636245627857015e-02
1.155500000000000000e+04 7.062252721906700503e-02
1.155520000000000073e+04 7.056101320028983215e-02
1.155539999999999964e+04 7.066844466018352977e-02
1.155560000000000036e+04 7.179619348726615224e-02
1.155579999999999927e+04 7.136252183413452355e-02
1.155600000000000000e+04 7.180761691141611391e-02
1.155620000000000073e+04 7.270598152384510904e-02
1.155639999999999964e+04 7.192399411390368313e-02
1.155660000000000036e+04 7.247879693306959192e-02
1.155679999999999927e+04 7.368944595949492027e-02
1.155700000000000000e+04 7.326660288958608547e-02
1.155720000000000073e+04 7.348218518631116636e-02
1.155739999999999964e+04 7.485044696102907680e-02
1.155760000000000036e+04 7.486262901802157033e-02
1.155779999999999927e+04 7.528160421751042830e-02
1.155800000000000000e+04 7.651555386220257327e-02
1.155820000000000073e+04 7.661487642113740115e-02
1.155839999999999964e+04 7.756122337924932497e-02
1.155860000000000036e+04 7.734011004908618314e-02
1.155879999999999927e+04 7.762038127408027455e-02
1.155900000000000000e+04 7.826433650748876314e-02
1.155920000000000073e+04 7.992685056735342186e-02
1.155939999999999964e+04 8.088362707373292215e-02
1.155960000000000036e+04 8.087878674630404052e-02
1.155979999999999927e+04 8.210838815174728578e-02
1.156000000000000000e+04 8.359692122897471878e-02
1.156020000000000073e+04 8.428645496516948277e-02
1.156039999999999964e+04 8.396994428333945382e-02
1.156060000000000036e+04 8.662534711446640001e-02
1.156079999999999927e+04 8.787934457748340644e-02
1.156100000000000000e+04 8.904787648483233897e-02
1.156120000000000073e+04 9.087794349192571119e-02
1.156139999999999964e+04 9.226434151753049040e-02
1.156160000000000036e+04 9.417595230389652627e-02
1.156179999999999927e+04 9.559199030561429944e-02
1.156200000000000000e+04 9.827234132201372041e-02
1.156220000000000073e+04 9.999710614300358347e-02
1.156239999999999964e+04 1.024763761910108401e-01
1.156260000000000036e+04 1.045852486244353563e-01
1.156279999999999927e+04 1.074251688880357297e-01
1.156300000000000000e+04 1.101163000015486504e-01
1.156320000000000073e+04 1.131123730184514370e-01
1.156339999999999964e+04 1.169259904990244125e-01
1.156360000000000036e+04 1.199661335945257368e-01
1.156379999999999927e+04 1.243580157582822865e-01
1.156400000000000000e+04 1.273968312475852738e-01
1.156420000000000073e+04 1.304808789025663773e-01
1.156439999999999964e+04 1.353731868782009906e-01
1.156460000000000036e+04 1.393496300892232698e-01
1.156479999999999927e+04 1.423527902382813182e-01
1.156500000000000000e+04 1.458680490987706579e-01
1.156520000000000073e+04 1.489271548031611547e-01
1.156539999999999964e+04 1.528457606692464610e-01
1.156560000000000036e+04 1.563090977226031519e-01
1.156579999999999927e+04 1.586294125467185012e-01
1.156600000000000000e+04 1.611130026109355851e-01
1.156620000000000073e+04 1.642243138179302342e-01
1.156639999999999964e+04 1.656525629222957985e-01
1.156660000000000036e+04 1.685744929339001441e-01
1.156679999999999927e+04 1.696761178246982138e-01
1.156700000000000000e+04 1.708023883325440195e-01
1.156720000000000073e+04 1.720575530013404852e-01
1.156739999999999964e+04 1.737687084282483196e-01
1.156760000000000036e+04 1.745577039177895196e-01
1.156779999999999927e+04 1.750656054969160769e-01
1.156800000000000000e+04 1.754507324270259683e-01
1.156820000000000073e+04 1.755311915250620247e-01
1.156839999999999964e+04 1.761827214335778824e-01
1.156860000000000036e+04 1.755235806292094469e-01
1.156879999999999927e+04 1.753959816563949725e-01
1.156900000000000000e+04 1.750612006786776975e-01
1.156920000000000073e+04 1.745197449463664341e-01
1.156939999999999964e+04 1.738588345382692801e-01
1.156960000000000036e+04 1.728993510533994860e-01
1.156979999999999927e+04 1.723448976507444552e-01
1.157000000000000000e+04 1.709518480407805352e-01
1.157020000000000073e+04 1.703392429287136633e-01
1.157039999999999964e+04 1.692554064280165638e-01
1.157060000000000036e+04 1.682593348763106178e-01
1.157079999999999927e+04 1.672303248668604025e-01
1.157100000000000000e+04 1.656149875627286883e-01
1.157120000000000073e+04 1.650268807784903424e-01
1.157139999999999964e+04 1.638493083070005352e-01
1.157160000000000036e+04 1.628249079990389259e-01
1.157179999999999927e+04 1.623128473158627072e-01
1.157200000000000000e+04 1.610513629676944558e-01
1.157220000000000073e+04 1.602228184299490654e-01
1.157239999999999964e+04 1.592686546949692028e-01
1.157260000000000036e+04 1.579570794776961051e-01
1.157279999999999927e+04 1.575759778498880270e-01
1.157300000000000000e+04 1.568870847348081687e-01
1.157320000000000073e+04 1.563467716886938197e-01
1.157339999999999964e+04 1.554907101571114947e-01
1.157360000000000036e+04 1.546155567643478779e-01
1.157379999999999927e+04 1.537283168680113332e-01
1.157400000000000000e+04 1.535225161488286694e-01
1.157420000000000073e+04 1.531559020776110391e-01
1.157439999999999964e+04 1.528656158230617679e-01
1.157460000000000036e+04 1.522671164100773966e-01
1.157479999999999927e+04 1.517680083045326589e-01
1.157500000000000000e+04 1.514461156000760089e-01
1.157520000000000073e+04 1.512042006657209059e-01
1.157539999999999964e+04 1.507442320796839041e-01
1.157560000000000036e+04 1.506168530857301124e-01
1.157579999999999927e+04 1.502721549381124677e-01
1.157600000000000000e+04 1.502365319576085545e-01
1.157620000000000073e+04 1.498798496911945277e-01
1.157639999999999964e+04 1.496955387196109155e-01
1.157660000000000036e+04 1.497871991332112573e-01
1.157679999999999927e+04 1.493357751545279499e-01
1.157700000000000000e+04 1.493565551052266072e-01
1.157720000000000073e+04 1.491909362193376554e-01
1.157739999999999964e+04 1.496178828546043948e-01
1.157760000000000036e+04 1.495233148600284001e-01
1.157779999999999927e+04 1.494142687885842702e-01
1.157800000000000000e+04 1.491953832537448177e-01
1.157820000000000073e+04 1.488821937415156782e-01
1.157839999999999964e+04 1.490697344320837392e-01
1.157860000000000036e+04 1.495314757595598010e-01
1.157879999999999927e+04 1.493955395575801148e-01
1.157900000000000000e+04 1.496344083611288178e-01
1.157920000000000073e+04 1.492433868135448483e-01
1.157939999999999964e+04 1.497223658397875412e-01
1.157960000000000036e+04 1.496010589190240880e-01
1.157979999999999927e+04 1.497257043114808284e-01
1.158000000000000000e+04 1.497637366866506059e-01
1.158020000000000073e+04 1.497685504454871475e-01
1.158039999999999964e+04 1.498325419647195123e-01
1.158060000000000036e+04 1.497525062119667016e-01
1.158079999999999927e+04 1.499862119652923265e-01
1.158100000000000000e+04 1.500040716966351273e-01
1.158120000000000073e+04 1.499760670839982435e-01
1.158139999999999964e+04 1.502752478024548255e-01
1.158160000000000036e+04 1.496882387977256368e-01
1.158179999999999927e+04 1.499613302462357578e-01
1.158200000000000000e+04 1.494931970979321290e-01
1.158220000000000073e+04 1.495239491920762887e-01
1.158239999999999964e+04 1.498712058256367052e-01
1.158260000000000036e+04 1.498358273189087653e-01
1.158279999999999927e+04 1.498317884857891524e-01
1.158300000000000000e+04 1.495144154025281058e-01
1.158320000000000073e+04 1.491363976937725155e-01
1.158339999999999964e+04 1.490223691295720354e-01
1.158360000000000036e+04 1.489263837452500794e-01
1.158379999999999927e+04 1.492027607338272110e-01
1.158400000000000000e+04 1.491069032022291907e-01
1.158420000000000073e+04 1.490527276410106572e-01
1.158439999999999964e+04 1.487728870689264404e-01
1.158460000000000036e+04 1.485621955767794655e-01
1.158479999999999927e+04 1.483712997844545134e-01
1.158500000000000000e+04 1.483910065688892055e-01
1.158520000000000073e+04 1.483417391996467161e-01
1.158539999999999964e+04 1.481125914398568610e-01
1.158560000000000036e+04 1.486849160834301797e-01
1.158579999999999927e+04 1.480005437916496469e-01
1.158600000000000000e+04 1.481573626061412075e-01
1.158620000000000073e+04 1.481262481001591191e-01
1.158639999999999964e+04 1.480616414593448615e-01
1.158660000000000036e+04 1.485616366997599413e-01
1.158679999999999927e+04 1.482381487192186431e-01
1.158700000000000000e+04 1.479332223451438055e-01
1.158720000000000073e+04 1.484184781233266470e-01
1.158739999999999964e+04 1.484981161959581242e-01
1.158760000000000036e+04 1.485048660883756533e-01
1.158779999999999927e+04 1.482653342831432297e-01
1.158800000000000000e+04 1.488762927889860088e-01
1.158820000000000073e+04 1.486010505251029179e-01
1.158839999999999964e+04 1.490391008481363744e-01
1.158860000000000036e+04 1.491949880532466022e-01
1.158879999999999927e+04 1.493202675735011420e-01
1.158900000000000000e+04 1.496297338177202674e-01
1.158920000000000073e+04 1.495047526216000955e-01
1.158939999999999964e+04 1.489903575277675418e-01
1.158960000000000036e+04 1.494522591139509360e-01
1.158979999999999927e+04 1.497041000380954501e-01
1.159000000000000000e+04 1.499428039470888929e-01
1.159020000000000073e+04 1.504943949095895184e-01
1.159039999999999964e+04 1.502921916889777554e-01
1.159060000000000036e+04 1.508415752242734387e-01
1.159079999999999927e+04 1.504637779093866978e-01
1.159100000000000000e+04 1.504508616241662655e-01
1.159120000000000073e+04 1.514212734321185028e-01
1.159139999999999964e+04 1.510284980513856290e-01
1.159160000000000036e+04 1.510139090697624198e-01
1.159179999999999927e+04 1.515509839976742490e-01
1.159200000000000000e+04 1.517858233956236869e-01
1.159220000000000073e+04 1.517625226528717119e-01
1.159239999999999964e+04 1.524291714280841814e-01
1.159260000000000036e+04 1.531321621578792258e-01
1.159279999999999927e+04 1.531672734208054110e-01
1.159300000000000000e+04 1.524654291992959820e-01
1.159320000000000073e+04 1.530609838430929681e-01
1.159339999999999964e+04 1.533338412531801143e-01
1.159360000000000036e+04 1.530216950741324355e-01
1.159379999999999927e+04 1.539581652195935735e-01
1.159400000000000000e+04 1.541619243475854106e-01
1.159420000000000073e+04 1.541112767211997303e-01
1.159439999999999964e+04 1.539966559831670856e-01
1.159460000000000036e+04 1.535128321719398392e-01
1.159479999999999927e+04 1.532899015322556346e-01
1.159500000000000000e+04 1.538919820177860887e-01
1.159520000000000073e+04 1.537302311319679038e-01
1.159539999999999964e+04 1.537885519681365110e-01
1.159560000000000036e+04 1.540342406577621115e-01
1.159579999999999927e+04 1.540210183330775473e-01
1.159600000000000000e+04 1.537051847001658644e-01
1.159620000000000073e+04 1.533166680992044117e-01
1.159639999999999964e+04 1.533045462690509342e-01
1.159660000000000036e+04 1.537333728744117445e-01
1.159679999999999927e+04 1.539006727579443901e-01
1.159700000000000000e+04 1.532340992564326376e-01
1.159770000000000073e+04 1.527565453301979181e-01
1.159839999999999964e+04 1.524143946075974809e-01
1.159910000000000036e+04 1.517164821356862536e-01
1.159979999999999927e+04 1.511252274183980115e-01
1.160050000000000000e+04 1.511010292409398492e-01
1.160120000000000073e+04 1.506798452013887180e-01
1.160189999999999964e+04 1.504313072473355273e-01
1.160260000000000036e+04 1.500790619617446697e-01
1.160329999999999927e+04 1.499033298466189990e-01
1.160499369499999921e+04 1.497112075585328161e-01
1.160599958300000071e+04 1.492586705473553099e-01
1.160701766200000020e+04 1.492602014716721270e-01
1.160804793299999983e+04 1.491830386607129189e-01
1.160909039599999960e+04 1.495247816141770103e-01
1.161014505099999951e+04 1.497256399024780027e-01
1.161121189799999956e+04 1.500884774325121906e-01
1.161229093699999976e+04 1.508447553969452237e-01
1.161338216699999975e+04 1.514774983392870866e-01
1.161448559000000023e+04 1.523013375092191479e-01
1.161560120400000051e+04 1.529977269893586511e-01
1.161672901099999945e+04 1.537213704679830650e-01
1.161786900900000001e+04 1.545410223075771583e-01
1.161902119900000071e+04 1.551427404433463331e-01
1.162018558200000007e+04 1.556144298650760927e-01
1.162136215599999923e+04 1.555031950292778964e-01
1.162255092200000036e+04 1.556992508646193041e-01
1.162375187899999946e+04 1.556540898120811756e-01
1.162496502900000087e+04 1.552205011548484503e-01
1.162619037100000060e+04 1.554130301384610280e-01
1.162742790400000013e+04 1.551241987195030592e-01
1.162867763000000014e+04 1.547750696577141483e-01
1.162993954699999995e+04 1.544128854332981471e-01
1.163121365700000024e+04 1.538565826525836733e-01
1.163249995800000033e+04 1.536818937460956991e-01
1.163379845100000057e+04 1.532692492414309271e-01
1.163510913599999913e+04 1.532081308150478605e-01
1.163643201299999964e+04 1.527017820300247686e-01
1.163776708200000030e+04 1.525624673437624146e-01
1.163911434200000076e+04 1.523130970751997160e-01
1.164047379499999988e+04 1.517211580384486558e-01
1.164184543999999914e+04 1.518460464384010500e-01
1.164322927600000003e+04 1.514363903027307334e-01
1.164462530499999957e+04 1.511251917327885441e-01
1.164603352500000074e+04 1.507994794772042346e-01
1.164745393700000022e+04 1.506536016487779461e-01
1.164888654099999985e+04 1.506252051980627449e-01
1.165033133699999962e+04 1.510237942268760070e-01
1.165178832499999953e+04 1.508067414155950803e-01
1.165325750499999958e+04 1.511336996819385992e-01
1.165473887699999977e+04 1.514945803760531784e-01
1.165623243999999977e+04 1.517937384604179651e-01
1.165773819600000024e+04 1.521410643800403251e-01
1.165925614300000052e+04 1.524197096022407716e-01
1.166078628299999946e+04 1.527433696705241817e-01
1.166232861400000002e+04 1.529304593178694438e-01
1.166388313700000072e+04 1.533862298739504526e-01
1.166544985199999974e+04 1.533864860520578466e-01
1.166702875900000072e+04 1.536346602713830889e-01
1.166861985800000002e+04 1.537019880061036292e-01
1.167022314899999947e+04 1.536950634064127297e-01
1.167183863200000087e+04 1.538555004592878084e-01
1.167346630700000060e+04 1.541935091077090980e-01
1.167510617300000013e+04 1.538866876618343038e-01
1.167675823200000013e+04 1.540076538104569459e-01
1.167842248199999995e+04 1.541645066887393778e-01
1.168009892399999990e+04 1.543235545457494751e-01
1.168178755799999999e+04 1.542979611435269238e-01
1.168348838500000056e+04 1.542546928623335645e-01
1.168520140299999912e+04 1.544029806601634747e-01
1.168692661299999963e+04 1.544966219802814122e-01
1.168866401399999995e+04 1.545384329796673506e-01
1.169041360800000075e+04 1.544656438314633840e-01
1.169217539399999987e+04 1.545882947948596375e-01
1.169394937100000061e+04 1.544990995216992680e-01
1.169573554100000001e+04 1.541315823441125332e-01
1.169753390199999922e+04 1.538833282441215422e-01
1.169934445500000038e+04 1.537991334271372468e-01
1.170116720100000020e+04 1.537801953476014560e-01
1.170300213799999983e+04 1.533789414686119457e-01
1.170484926699999960e+04 1.532330281455797361e-01
1.170670858799999951e+04 1.532080495300265910e-01
1.170858009999999922e+04 1.536414409461523412e-01
1.171046380499999941e+04 1.535026192985424198e-01
1.171235970199999974e+04 1.536276710297630743e-01
1.171426778999999988e+04 1.538347756221477292e-01
1.171618807100000049e+04 1.539700227240342889e-01
1.171812054300000091e+04 1.540266241247825740e-01
1.172006520699999965e+04 1.544598798145119245e-01
1.172202206400000068e+04 1.551201065647000166e-01
1.172399111199999970e+04 1.553903697903745718e-01
1.172597235200000068e+04 1.556582317532750614e-01
1.172796578399999999e+04 1.558582903001310416e-01
1.172997140700000091e+04 1.560223971435218404e-01
1.173198922300000049e+04 1.558637035343552468e-01
1.173401923100000022e+04 1.561524562052413745e-01
1.173606142999999975e+04 1.561542315078373044e-01
1.173811582199999975e+04 1.568316369475149519e-01
1.174018240499999956e+04 1.567897449993362335e-01
1.174226117999999951e+04 1.568041845484981212e-01
1.174435214799999994e+04 1.573132086567450294e-01
1.174645530700000018e+04 1.571035046811193880e-01
1.174857065800000055e+04 1.572232711299397512e-01
1.175069820099999924e+04 1.573102387172964356e-01
1.175283793499999956e+04 1.572667544344791835e-01
1.175498986200000036e+04 1.571876320659622295e-01
1.175715398099999948e+04 1.574032259752327911e-01
1.175933029100000022e+04 1.573814504824419536e-01
1.176151879399999962e+04 1.570666599931655194e-01
1.176371948800000064e+04 1.571492719663368232e-01
1.176593237399999998e+04 1.569643102971517434e-01
1.176815745299999980e+04 1.563683489700898044e-01
1.177039472299999943e+04 1.563927653842449583e-01
1.177264418499999920e+04 1.561438421942793753e-01
1.177490583800000059e+04 1.562721254027198969e-01
1.177717968400000063e+04 1.563784098959091484e-01
1.177946572200000082e+04 1.561884963422445205e-01
1.178176395199999934e+04 1.562255220294423708e-01
1.178407437299999947e+04 1.565145495282251886e-01
1.178639698700000008e+04 1.564823355258017634e-01
1.178873179200000050e+04 1.570980607016150554e-01
1.179107878899999923e+04 1.569683657230781237e-01
1.179343797799999993e+04 1.576473885924098428e-01
1.179580935900000077e+04 1.579313056347327604e-01
1.179819293199999993e+04 1.582392630746854156e-01
1.180058869699999923e+04 1.584719539317679116e-01
1.180299665400000049e+04 1.584422683046339264e-01
1.180541680300000007e+04 1.586319421087051540e-01
1.180784914299999946e+04 1.591521445133857737e-01
1.181029367599999932e+04 1.591735900634978496e-01
1.181275040000000081e+04 1.592603717629459126e-01
1.181521931699999914e+04 1.592226711012627027e-01
1.181770042500000091e+04 1.596005640111471946e-01
1.182019372499999918e+04 1.596644192422917996e-01
1.182269921699999941e+04 1.597010829455642045e-01
1.182521690099999978e+04 1.594491802161397409e-01
1.182774677700000029e+04 1.593858505978608398e-01
1.183028884499999913e+04 1.590511100800135746e-01
1.183284310499999992e+04 1.590052856400518966e-01
1.183540955600000052e+04 1.592486321313220654e-01
1.183798819999999978e+04 1.594927127608331274e-01
1.184057903500000066e+04 1.592615635268665453e-01
1.184318206199999986e+04 1.592157556622332826e-01
1.184579728199999954e+04 1.590070575910970119e-01
1.184842469300000084e+04 1.590044694231106948e-01
1.185106429600000047e+04 1.588960090717794760e-01
1.185371609100000023e+04 1.590123232901610451e-01
1.185638007800000014e+04 1.590371255452686095e-01
1.185905625599999985e+04 1.594301012790069749e-01
1.186174462700000004e+04 1.596813108347828192e-01
1.186444519000000037e+04 1.597744583397768814e-01
1.186715794400000050e+04 1.595287263917771481e-01
1.186988289099999929e+04 1.592549245950695413e-01
1.187262002899999970e+04 1.598518398314843492e-01
1.187536935900000026e+04 1.598509042643229128e-01
1.187813088099999914e+04 1.597902732671026005e-01
1.188090459499999997e+04 1.601676033809277810e-01
1.188369050099999913e+04 1.603424711388966306e-01
1.188648859900000025e+04 1.611004216266604394e-01
1.188929888899999969e+04 1.609130780349717627e-01
1.189212137099999927e+04 1.610330274596265543e-01
1.189495604400000047e+04 1.609075741104505353e-01
1.189780291000000034e+04 1.608457007668864791e-01
1.190066196700000000e+04 1.613183061468437263e-01
1.190353321700000015e+04 1.613820387011350721e-01
1.190641665800000010e+04 1.613729784162736824e-01
1.190931229100000019e+04 1.615033805698005698e-01
1.191222011600000042e+04 1.621534389191603975e-01
1.191514013300000079e+04 1.622187786738199244e-01
1.191807234199999948e+04 1.622694477977322247e-01
1.192101674300000013e+04 1.621723152979344107e-01
1.192397333500000059e+04 1.615871475826674564e-01
1.192694211999999970e+04 1.615481108820573386e-01
1.192992309600000044e+04 1.615842249848968570e-01
1.193291626499999984e+04 1.615373140511113248e-01
1.193592162500000086e+04 1.613168465886566372e-01
1.193893917700000020e+04 1.616485897451134801e-01
1.194196892099999968e+04 1.615076060073312447e-01
1.194501085799999964e+04 1.621575496366490232e-01
1.194806498500000089e+04 1.622884343428712128e-01
1.195113130500000079e+04 1.621295264739965325e-01
1.195420981700000084e+04 1.621366619162645240e-01
1.195730052099999921e+04 1.621216260848484803e-01
1.196040341599999920e+04 1.623029252291880997e-01
1.196351850399999967e+04 1.622887844121353451e-01
1.196664578299999994e+04 1.625735913181081682e-01
1.196978525500000069e+04 1.625829559443788541e-01
1.197293691799999942e+04 1.626042682590689570e-01
1.197610077300000012e+04 1.628316304574505824e-01
1.197927681999999913e+04 1.629726979069975878e-01
1.198246505900000011e+04 1.629653520140056100e-01
1.198566548999999941e+04 1.634337503203965869e-01
1.198887811200000033e+04 1.633755291162278522e-01
1.199210292699999991e+04 1.632646075809913999e-01
1.199533993399999963e+04 1.634506075891775934e-01
1.199858913199999915e+04 1.634771428708161889e-01
1.200185052299999916e+04 1.633459999332569357e-01
1.200512410500000078e+04 1.637403844109321660e-01
1.200840987900000073e+04 1.639063762436721305e-01
1.201170784500000082e+04 1.642114461978531892e-01
1.201501800299999923e+04 1.646038394859730136e-01
1.201834035299999960e+04 1.647481028627453548e-01
1.202167489500000011e+04 1.646643281784818114e-01
1.202502162900000076e+04 1.645528333205304450e-01
1.202838055399999939e+04 1.646903926931146955e-01
1.203175167200000033e+04 1.648596485479599527e-01
1.203513498199999958e+04 1.653418936048062782e-01
1.203853048300000046e+04 1.657385520743385743e-01
1.204193817599999966e+04 1.668876505751318295e-01
1.204535806100000082e+04 1.673482681654484550e-01
1.204879013900000064e+04 1.671627670161439372e-01
1.205223440800000026e+04 1.672265794100402103e-01
1.205569086799999968e+04 1.672418295601197369e-01
1.205915952099999959e+04 1.661881237086184349e-01
1.206264036599999963e+04 1.656924996501705494e-01
1.206613340299999982e+04 1.655801939581813820e-01
1.206963863099999980e+04 1.657919940066961695e-01
1.207315605200000027e+04 1.656999673209489377e-01
1.207668566400000054e+04 1.655657446676936928e-01
1.208022746799999913e+04 1.655256810138154844e-01
1.208378146500000003e+04 1.657041765470947392e-01
1.208734765300000072e+04 1.659037418626667371e-01
1.209092603299999973e+04 1.657854805252695907e-01
1.209451660500000071e+04 1.658904224555517726e-01
1.209811936900000001e+04 1.662643239624767844e-01
1.210173432399999911e+04 1.661480940091272229e-01
1.210536147200000050e+04 1.663841234447684947e-01
1.210900081099999989e+04 1.668632891441704791e-01
1.211265234299999975e+04 1.673595554487735670e-01
1.211631606599999941e+04 1.673406233410457411e-01
1.211999198199999955e+04 1.672320275750377450e-01
1.212368008899999950e+04 1.667279657162866469e-01
1.212738038799999958e+04 1.663195516475292624e-01
1.213109287899999981e+04 1.664438499710899078e-01
1.213481756200000018e+04 1.668650277838255036e-01
1.213855443700000069e+04 1.670102102656769727e-01
1.214230350299999918e+04 1.672023230263015858e-01
1.214606476199999997e+04 1.675650490367383838e-01
1.214983821300000091e+04 1.675026040828922202e-01
1.215362385499999982e+04 1.676494726972397320e-01
1.215742168900000070e+04 1.677774869232009358e-01
1.216123171600000023e+04 1.679257514221453584e-01
1.216505393399999957e+04 1.680271493349574374e-01
1.216888834400000087e+04 1.682338820950202429e-01
1.217273494600000049e+04 1.687024025063425525e-01
1.217659374000000025e+04 1.693382168163930501e-01
1.218046472600000016e+04 1.695916631408619923e-01
1.218434790299999986e+04 1.698828161108518198e-01
1.218824327300000004e+04 1.696268794907558886e-01
1.219215083500000037e+04 1.694275705070039661e-01
1.219607058800000050e+04 1.697398135688861776e-01
1.220000253300000077e+04 1.698630636648763848e-01
1.220394667099999970e+04 1.702894497066549939e-01
1.220790300000000025e+04 1.698671068401406969e-01
1.221187152099999912e+04 1.702208030611134237e-01
1.221585223399999995e+04 1.703378873790651615e-01
1.221984513899999911e+04 1.703524151553292842e-01
1.222385023600000022e+04 1.702907857079614118e-01
1.222786752399999932e+04 1.703872118978755346e-01
1.223189700500000072e+04 1.708425773630786459e-01
1.223593867800000044e+04 1.715091699638179312e-01
1.223999254199999996e+04 1.739929034390300666e-01
1.224405859799999962e+04 1.742189000368728202e-01
1.224813684699999976e+04 1.717142207574285373e-01
1.225222728699999971e+04 1.707171662264305723e-01
1.225632991899999979e+04 1.709731777398548480e-01
1.226044474300000002e+04 1.708864016392605822e-01
1.226457175900000038e+04 1.710680639816399840e-01
1.226871096700000089e+04 1.708530368639218644e-01
1.227286236599999938e+04 1.709086496312723080e-01
1.227702595800000017e+04 1.717792112555649453e-01
1.228120174199999929e+04 1.721031299673622672e-01
1.228538971700000002e+04 1.718548244444844386e-01
1.228958988400000089e+04 1.716340269537889596e-01
1.229380224400000043e+04 1.716074126197232874e-01
1.229802679499999977e+04 1.727349295598700762e-01
1.230226353799999924e+04 1.731644407662087382e-01
1.230651247300000068e+04 1.727485664514949726e-01
1.231077360000000044e+04 1.726280799506903496e-01
1.231504691900000034e+04 1.725354265471089887e-01
1.231933242900000005e+04 1.726199534276586511e-01
1.232363013200000023e+04 1.729979702850494294e-01
1.232794002600000022e+04 1.728455721579684468e-01
1.233226211300000068e+04 1.732102733059883715e-01
1.233659639099999913e+04 1.736700301514751132e-01
1.234094286099999954e+04 1.742292014192709237e-01
1.234530152400000043e+04 1.766833934779655224e-01
1.234967237799999930e+04 1.764742161938147591e-01
1.235405542400000013e+04 1.753724242118091525e-01
1.235845066199999928e+04 1.740387567361148247e-01
1.236285809100000006e+04 1.735232009181053303e-01
1.236727771299999949e+04 1.737237033336259395e-01
1.237170952700000089e+04 1.738241223827954318e-01
1.237615353200000027e+04 1.737586076718465877e-01
1.238060973000000013e+04 1.737679142149994582e-01
1.238507811899999979e+04 1.737600841190093115e-01
1.238955869999999959e+04 1.737808197891064221e-01
1.239405147299999953e+04 1.738753094337579519e-01
1.239855643799999962e+04 1.739902133127787798e-01
1.240307359499999984e+04 1.742144664521782238e-01
1.240760294400000021e+04 1.743635491887316480e-01
1.241214448500000071e+04 1.746363648869681262e-01
1.241669821799999954e+04 1.753792414317563719e-01
1.242126414199999999e+04 1.759773223935744979e-01
1.242584225899999910e+04 1.758558313618357183e-01
1.243043256699999984e+04 1.757312174058804077e-01
1.243503506799999923e+04 1.755316622973741025e-01
1.243964976000000024e+04 1.754336390550642055e-01
1.244427664399999958e+04 1.756144805817564936e-01
1.244891572000000087e+04 1.758310285753236779e-01
1.245356698800000049e+04 1.758294534388873398e-01
1.245823044800000025e+04 1.757395662195225250e-01
1.246290610000000015e+04 1.763348516193938009e-01
1.246759394299999985e+04 1.773229471775290556e-01
1.247229397900000004e+04 1.771848429587163654e-01
1.247700620600000002e+04 1.778077061521664837e-01
1.248173062600000048e+04 1.782299880729194819e-01
1.248646723700000075e+04 1.765312688015204245e-01
1.249121603999999934e+04 1.767964164554647333e-01
1.249597703600000023e+04 1.776007948372115841e-01
1.250075022299999910e+04 1.779753020653379314e-01
1.250553560199999993e+04 1.777619770801974752e-01
1.251033317200000056e+04 1.778906413022804389e-01
1.251514293499999985e+04 1.777744473394652913e-01
1.251996488999999929e+04 1.773865190323590246e-01
1.252479903700000068e+04 1.775474731640267201e-01
1.252964537500000006e+04 1.777555074872833318e-01
1.253450390499999958e+04 1.779625623389975153e-01
