1.138046817899999951e+04 6.224092020573644690e-02
1.138546817899999951e+04 6.278688829424591833e-02
1.139046817899999951e+04 6.250175454986044155e-02
1.139546817899999951e+04 6.197807607361742466e-02
1.140046817899999951e+04 6.222420293721275808e-02
1.140546817899999951e+04 6.241362719330941639e-02
1.141046817899999951e+04 6.239168689353600389e-02
1.141546817899999951e+04 6.247609306752015951e-02
1.142046817899999951e+04 6.265409310682372446e-02
1.142546817899999951e+04 6.300830836624252140e-02
1.143046817899999951e+04 6.329073508694468830e-02
1.143546817899999951e+04 6.347106056548723618e-02
1.144046817899999951e+04 6.389329049408501437e-02
1.144546817899999951e+04 6.403869845986726039e-02
1.145046817899999951e+04 6.387204174791208389e-02
1.145546817899999951e+04 6.387011819245948241e-02
1.146046817899999951e+04 6.415318764528818440e-02
1.146546817899999951e+04 6.478141975728758661e-02
1.147046817899999951e+04 6.485517658013426057e-02
1.147546817899999951e+04 6.517223626044230111e-02
1.148046817899999951e+04 6.535979336531366757e-02
1.148546817899999951e+04 6.636580688524035265e-02
1.149046817899999951e+04 6.644892817209102631e-02
1.149546817899999951e+04 6.564674180231719336e-02
1.150046817899999951e+04 6.595957113352150791e-02
1.150546817899999951e+04 6.600984413699290121e-02
1.151046817899999951e+04 6.634528802021900928e-02
1.151546817899999951e+04 6.697042238894831967e-02
1.152046817899999951e+04 6.768068425425496915e-02
1.152546817899999951e+04 6.875028376625400006e-02
1.153046817899999951e+04 6.928520977192427488e-02
1.153400000000000000e+04 6.971191254892475375e-02
1.153500000000000000e+04 6.974610927990725073e-02
1.153600000000000000e+04 6.997239976329924782e-02
1.153700000000000000e+04 6.990254042323926220e-02
1.153800000000000000e+04 7.000669258068495382e-02
1.153900000000000000e+04 7.017079041622793778e-02
1.154000000000000000e+04 7.053527971647874373e-02
1.154100000000000000e+04 7.064960983288839924e-02
1.154120000000000073e+04 7.028820877974409354e-02
1.154139999999999964e+04 7.028092903363435118e-02
1.154160000000000036e+04 7.150704782407925342e-02
1.154179999999999927e+04 7.000801630562707156e-02
1.154200000000000000e+04 7.167491748789936445e-02
1.154220000000000073e+04 7.131424675089656495e-02
1.154239999999999964e+04 7.093196309037008707e-02
1.154260000000000036e+04 7.144404790856095921e-02
1.154279999999999927e+04 7.031178987053801621e-02
1.154300000000000000e+04 7.001893229748762382e-02
1.154320000000000073e+04 6.988506044328687827e-02
1.154339999999999964e+04 7.057602698915807493e-02
1.154360000000000036e+04 7.033082016002234482e-02
1.154379999999999927e+04 7.074118940275626877e-02
1.154400000000000000e+04 7.026497226129932439e-02
1.154420000000000073e+04 7.104977337640716595e-02
1.154439999999999964e+04 7.082905340594600196e-02
1.154460000000000036e+04 7.175806163713922825e-02
1.154479999999999927e+04 7.111064192654463489e-02
1.154500000000000000e+04 7.084961161647804206e-02
1.154520000000000073e+04 7.097676352015530599e-02
1.154539999999999964e+04 6.981798191963424494e-02
1.154560000000000036e+04 7.079201883261111716e-02
1.154579999999999927e+04 7.168229600124614853e-02
1.154600000000000000e+04 7.160125393501834412e-02
1.154620000000000073e+04 7.134625604387503928e-02
1.154639999999999964e+04 7.080014768033977834e-02
1.154660000000000036e+04 7.078615551690597973e-02
1.154679999999999927e+04 7.186675817276931555e-02
1.154700000000000000e+04 7.203451400719054765e-02
1.154720000000000073e+04 7.194597756742718286e-02
1.154739999999999964e+04 7.174055747466309696e-02
1.154760000000000036e+04 7.132372867016689710e-02
1.154779999999999927e+04 7.088210824284715827e-02
1.154800000000000000e+04 7.176652909492303722e-02
1.154820000000000073e+04 7.218065517955694899e-02
1.154839999999999964e+04 7.243294733964411591e-02
1.154860000000000036e+04 7.133349415949474803e-02
1.154879999999999927e+04 7.227611830738385479e-02
1.154900000000000000e+04 7.273573999775251320e-02
1.154920000000000073e+04 7.306141385805087207e-02
1.154939999999999964e+04 7.196656609650727010e-02
1.154960000000000036e+04 7.297482009326497487e-02
1.154979999999999927e+04 7.239024899433486870e-02
1.155000000000000000e+04 7.266519011848444898e-02
1.155020000000000073e+04 7.325436130476659091e-02
1.155039999999999964e+04 7.331500236796388570e-02
1.155060000000000036e+04 7.275847091313621118e-02
1.155079999999999927e+04 7.318409611258051839e-02
1.155100000000000000e+04 7.372469131646881835e-02
1.155120000000000073e+04 7.362021510085403619e-02
1.155139999999999964e+04 7.494529280727099674e-02
1.155160000000000036e+04 7.356919396012337464e-02
1.155179999999999927e+04 7.292677451428797308e-02
1.155200000000000000e+04 7.417977921905594130e-02
1.155220000000000073e+04 7.435936469400933335e-02
1.155239999999999964e+04 7.401123624677651003e-02
1.155260000000000036e+04 7.433065940718165676e-02
1.155279999999999927e+04 7.518142552378399845e-02
1.155300000000000000e+04 7.473283561810760423e-02
1.155320000000000073e+04 7.455846613848279847e-02
1.155339999999999964e+04 7.565138518720086747e-02
1.155360000000000036e+04 7.537293055413096798e-02
1.155379999999999927e+04 7.555182743445759685e-02
1.155400000000000000e+04 7.641336176124573221e-02
1.155420000000000073e+04 7.654465115924891094e-02
1.155439999999999964e+04 7.637347890198102618e-02
1.155460000000000036e+04 7.631286400779974111e-02
1.155479999999999927e+04 7.740715643433111748e-02
1.155500000000000000e+04 7.727772975855204396e-02
1.155520000000000073e+04 7.772348194509851038e-02
1.155539999999999964e+04 7.857831179574883973e-02
1.155560000000000036e+04 7.766617387044898180e-02
1.155579999999999927e+04 7.846080516570222430e-02
1.155600000000000000e+04 7.892964433776980537e-02
1.155620000000000073e+04 7.845586373286179971e-02
1.155639999999999964e+04 7.960605968866628357e-02
1.155660000000000036e+04 8.002172611247967970e-02
1.155679999999999927e+04 8.026354267344648630e-02
1.155700000000000000e+04 7.988068589495972427e-02
1.155720000000000073e+04 8.152324355665850619e-02
1.155739999999999964e+04 8.153317872811485789e-02
1.155760000000000036e+04 8.231639576931726321e-02
1.155779999999999927e+04 8.267399394261187862e-02
1.155800000000000000e+04 8.375689800686203501e-02
1.155820000000000073e+04 8.366718870325860757e-02
1.155839999999999964e+04 8.398245120609723613e-02
1.155860000000000036e+04 8.456120537604497334e-02
1.155879999999999927e+04 8.579554112107065644e-02
1.155900000000000000e+04 8.613230329988078027e-02
1.155920000000000073e+04 8.768211738790859799e-02
1.155939999999999964e+04 8.811023751993402042e-02
1.155960000000000036e+04 8.918666278904674449e-02
1.155979999999999927e+04 8.917924556710585260e-02
1.156000000000000000e+04 9.147736368927358863e-02
1.156020000000000073e+04 9.197625218319610552e-02
1.156039999999999964e+04 9.310317657271693914e-02
1.156060000000000036e+04 9.433824691105130444e-02
1.156079999999999927e+04 9.615897736091517933e-02
1.156100000000000000e+04 9.744917191839301551e-02
1.156120000000000073e+04 9.897270250253012436e-02
1.156139999999999964e+04 1.008794625468147355e-01
1.156160000000000036e+04 1.029782136563855699e-01
1.156179999999999927e+04 1.046747629283527048e-01
1.156200000000000000e+04 1.067224859446739282e-01
1.156220000000000073e+04 1.083547724566951975e-01
1.156239999999999964e+04 1.114556104724897106e-01
1.156260000000000036e+04 1.142705128844258844e-01
1.156279999999999927e+04 1.170338611373536730e-01
1.156300000000000000e+04 1.198861484774130653e-01
1.156320000000000073e+04 1.228565423005837237e-01
1.156339999999999964e+04 1.261925819427535123e-01
1.156360000000000036e+04 1.307638824205369921e-01
1.156379999999999927e+04 1.343615507001073572e-01
1.156400000000000000e+04 1.377885778415947893e-01
1.156420000000000073e+04 1.419456033497314695e-01
1.156439999999999964e+04 1.461525423547097025e-01
1.156460000000000036e+04 1.497296790227916619e-01
1.156479999999999927e+04 1.538250884653961925e-01
1.156500000000000000e+04 1.580756121773083667e-01
1.156520000000000073e+04 1.606031104167869872e-01
1.156539999999999964e+04 1.649016117415148253e-01
1.156560000000000036e+04 1.680903066995975970e-01
1.156579999999999927e+04 1.710126210033620364e-01
1.156600000000000000e+04 1.741405072691464828e-01
1.156620000000000073e+04 1.764482952605197219e-01
1.156639999999999964e+04 1.789838953534456656e-01
1.156660000000000036e+04 1.817753842716436086e-01
1.156679999999999927e+04 1.827846901256331424e-01
1.156700000000000000e+04 1.854268232028233598e-01
1.156720000000000073e+04 1.859908802658844229e-01
1.156739999999999964e+04 1.864810405507384417e-01
1.156760000000000036e+04 1.872077092126807618e-01
1.156779999999999927e+04 1.878547404135035293e-01
1.156800000000000000e+04 1.889914869257832142e-01
1.156820000000000073e+04 1.880855127835674989e-01
1.156839999999999964e+04 1.878251839800820777e-01
1.156860000000000036e+04 1.888714757666597466e-01
1.156879999999999927e+04 1.879519320431347063e-01
1.156900000000000000e+04 1.880050749468093196e-01
1.156920000000000073e+04 1.877067129452167360e-01
1.156939999999999964e+04 1.866603156155959287e-01
1.156960000000000036e+04 1.857307106779677586e-01
1.156979999999999927e+04 1.845371971831227531e-01
1.157000000000000000e+04 1.833401877434410743e-01
1.157020000000000073e+04 1.828490477092746536e-01
1.157039999999999964e+04 1.813047093714894586e-01
1.157060000000000036e+04 1.804357184877951048e-01
1.157079999999999927e+04 1.800965281051060685e-01
1.157100000000000000e+04 1.783645750803511953e-01
1.157120000000000073e+04 1.772588641951099997e-01
1.157139999999999964e+04 1.756047803213306724e-01
1.157160000000000036e+04 1.750455812848543680e-01
1.157179999999999927e+04 1.744378915395140561e-01
1.157200000000000000e+04 1.732762528380408507e-01
1.157220000000000073e+04 1.725715581678433086e-01
1.157239999999999964e+04 1.716801774472226372e-01
1.157260000000000036e+04 1.708664800890837832e-01
1.157279999999999927e+04 1.699036796986603259e-01
1.157300000000000000e+04 1.689279778820713673e-01
1.157320000000000073e+04 1.681336508777624694e-01
1.157339999999999964e+04 1.674850374315202395e-01
1.157360000000000036e+04 1.667464711469588412e-01
1.157379999999999927e+04 1.664358331974362393e-01
1.157400000000000000e+04 1.656452345397925741e-01
1.157420000000000073e+04 1.648103343442008373e-01
1.157439999999999964e+04 1.643096675693433428e-01
1.157460000000000036e+04 1.639953219913393434e-01
1.157479999999999927e+04 1.636573039107692973e-01
1.157500000000000000e+04 1.631248929104342771e-01
1.157520000000000073e+04 1.629682420905922691e-01
1.157539999999999964e+04 1.624196534567179384e-01
1.157560000000000036e+04 1.622196679532601216e-01
1.157579999999999927e+04 1.621439271614666389e-01
1.157600000000000000e+04 1.620726660306848754e-01
1.157620000000000073e+04 1.616191005831875416e-01
1.157639999999999964e+04 1.617763086706825448e-01
1.157660000000000036e+04 1.611824758501626542e-01
1.157679999999999927e+04 1.612014202535275442e-01
1.157700000000000000e+04 1.613948940492754003e-01
1.157720000000000073e+04 1.614846675668369369e-01
1.157739999999999964e+04 1.613099622392218380e-01
1.157760000000000036e+04 1.607602203186234979e-01
1.157779999999999927e+04 1.611304815229681886e-01
1.157800000000000000e+04 1.611822526707719638e-01
1.157820000000000073e+04 1.607711506369621235e-01
1.157839999999999964e+04 1.612476454600226816e-01
1.157860000000000036e+04 1.608062822174029516e-01
1.157879999999999927e+04 1.609570675108702442e-01
1.157900000000000000e+04 1.615752423726962428e-01
1.157920000000000073e+04 1.616876381361559423e-01
1.157939999999999964e+04 1.614724461437002379e-01
1.157960000000000036e+04 1.614745976256430904e-01
1.157979999999999927e+04 1.617131568732558811e-01
1.158000000000000000e+04 1.615718933634229804e-01
1.158020000000000073e+04 1.613193096292013795e-01
1.158039999999999964e+04 1.614280682080491414e-01
1.158060000000000036e+04 1.618380465690796299e-01
1.158079999999999927e+04 1.622949650735398264e-01
1.158100000000000000e+04 1.620072808531027586e-01
1.158120000000000073e+04 1.620769958344410178e-01
1.158139999999999964e+04 1.619937610141299611e-01
1.158160000000000036e+04 1.619800447130001486e-01
1.158179999999999927e+04 1.617854999485684730e-01
1.158200000000000000e+04 1.617042865391196127e-01
1.158220000000000073e+04 1.619381326640501606e-01
1.158239999999999964e+04 1.617277126393124320e-01
1.158260000000000036e+04 1.610164008957024051e-01
1.158279999999999927e+04 1.606650073275117385e-01
1.158300000000000000e+04 1.611495571722268705e-01
1.158320000000000073e+04 1.610958213793960980e-01
1.158339999999999964e+04 1.605693051165305030e-01
1.158360000000000036e+04 1.610182004113178689e-01
1.158379999999999927e+04 1.608055281248682300e-01
1.158400000000000000e+04 1.598503710860200711e-01
1.158420000000000073e+04 1.601337024714133417e-01
1.158439999999999964e+04 1.603490878455201829e-01
1.158460000000000036e+04 1.603920949697480447e-01
1.158479999999999927e+04 1.606316609115289173e-01
1.158500000000000000e+04 1.599816345057219757e-01
1.158520000000000073e+04 1.602521013365531544e-01
1.158539999999999964e+04 1.600364734235276420e-01
1.158560000000000036e+04 1.596466009219705828e-01
1.158579999999999927e+04 1.601659556911438631e-01
1.158600000000000000e+04 1.598920379046189222e-01
1.158620000000000073e+04 1.599095059891746939e-01
1.158639999999999964e+04 1.600473755328079561e-01
1.158660000000000036e+04 1.606078822788791771e-01
1.158679999999999927e+04 1.605059748656655350e-01
1.158700000000000000e+04 1.600190359811672625e-01
1.158720000000000073e+04 1.603065723347670002e-01
1.158739999999999964e+04 1.603814651913184341e-01
1.158760000000000036e+04 1.602672940797984502e-01
1.158779999999999927e+04 1.601170170912477597e-01
1.158800000000000000e+04 1.602803195490445642e-01
1.158820000000000073e+04 1.600786518879447617e-01
1.158839999999999964e+04 1.603861717518371421e-01
1.158860000000000036e+04 1.601299746944809810e-01
1.158879999999999927e+04 1.610575438989941821e-01
1.158900000000000000e+04 1.608242857480536858e-01
1.158920000000000073e+04 1.609286415876453324e-01
1.158939999999999964e+04 1.615223149075647735e-01
1.158960000000000036e+04 1.612634201087591312e-01
1.158979999999999927e+04 1.608789307099516008e-01
1.159000000000000000e+04 1.615268869066343871e-01
1.159020000000000073e+04 1.619840951089353276e-01
1.159039999999999964e+04 1.624909751272908542e-01
1.159060000000000036e+04 1.620947287840033835e-01
1.159079999999999927e+04 1.626457671723151588e-01
1.159100000000000000e+04 1.629460262008888272e-01
1.159120000000000073e+04 1.626232672100243748e-01
1.159139999999999964e+04 1.633192666652945046e-01
1.159160000000000036e+04 1.636503384290501351e-01
1.159179999999999927e+04 1.634974630322998945e-01
1.159200000000000000e+04 1.640669203845666890e-01
1.159220000000000073e+04 1.640674028604148793e-01
1.159239999999999964e+04 1.647152367267742945e-01
1.159260000000000036e+04 1.642773062743238532e-01
1.159279999999999927e+04 1.644437826691475257e-01
1.159300000000000000e+04 1.653931892450098140e-01
1.159320000000000073e+04 1.645712604688839009e-01
1.159339999999999964e+04 1.651426903674226843e-01
1.159360000000000036e+04 1.659215777050300211e-01
1.159379999999999927e+04 1.651067558070843933e-01
1.159400000000000000e+04 1.660249330828708902e-01
1.159420000000000073e+04 1.658501751955153147e-01
1.159439999999999964e+04 1.652989035514612071e-01
1.159460000000000036e+04 1.657183408084074716e-01
1.159479999999999927e+04 1.657745482771263434e-01
1.159500000000000000e+04 1.661016208100172808e-01
1.159520000000000073e+04 1.660986113583014512e-01
1.159539999999999964e+04 1.661595734045695771e-01
1.159560000000000036e+04 1.656364390997297764e-01
1.159579999999999927e+04 1.654629852861173589e-01
1.159600000000000000e+04 1.654703866207500595e-01
1.159620000000000073e+04 1.651027596976533396e-01
1.159639999999999964e+04 1.657920094575368319e-01
1.159660000000000036e+04 1.655585603107725123e-01
1.159679999999999927e+04 1.654876664651696305e-01
1.159700000000000000e+04 1.647624676780896080e-01
1.159770000000000073e+04 1.650305492684194242e-01
1.159839999999999964e+04 1.642657995983437813e-01
1.159910000000000036e+04 1.637188166823339008e-01
1.159979999999999927e+04 1.633474889959760645e-01
1.160050000000000000e+04 1.628751318935557080e-01
1.160120000000000073e+04 1.622975505515207029e-01
1.160189999999999964e+04 1.623107901054577362e-01
1.160260000000000036e+04 1.620828450744612459e-01
1.160329999999999927e+04 1.615959980837350374e-01
1.160499369499999921e+04 1.610179486071180999e-01
1.160599958300000071e+04 1.608790389382767916e-01
1.160701766200000020e+04 1.609178237560692504e-01
1.160804793299999983e+04 1.610849706760259514e-01
1.160909039599999960e+04 1.614708171846076512e-01
1.161014505099999951e+04 1.615577881866506471e-01
1.161121189799999956e+04 1.622984771516575442e-01
1.161229093699999976e+04 1.624461224670190329e-01
1.161338216699999975e+04 1.633097467980554884e-01
1.161448559000000023e+04 1.644505305673444051e-01
1.161560120400000051e+04 1.651658931545917641e-01
1.161672901099999945e+04 1.657748376197982487e-01
1.161786900900000001e+04 1.664224900121949458e-01
1.161902119900000071e+04 1.669122984653709785e-01
1.162018558200000007e+04 1.675705356219668041e-01
1.162136215599999923e+04 1.679133171962205184e-01
1.162255092200000036e+04 1.676361445753036805e-01
1.162375187899999946e+04 1.678224394816914267e-01
1.162496502900000087e+04 1.673779952287078043e-01
1.162619037100000060e+04 1.673417055885971783e-01
1.162742790400000013e+04 1.669313519874610907e-01
1.162867763000000014e+04 1.667033359785613511e-01
1.162993954699999995e+04 1.664873960235324357e-01
1.163121365700000024e+04 1.657940269153454493e-01
1.163249995800000033e+04 1.653737060970772443e-01
1.163379845100000057e+04 1.653317394868740464e-01
1.163510913599999913e+04 1.650391441259979330e-01
1.163643201299999964e+04 1.647969589791848377e-01
1.163776708200000030e+04 1.645052862869111621e-01
1.163911434200000076e+04 1.641207503560852543e-01
1.164047379499999988e+04 1.635402527199981415e-01
1.164184543999999914e+04 1.635511507286593058e-01
1.164322927600000003e+04 1.630811716429771407e-01
1.164462530499999957e+04 1.629705480276888996e-01
1.164603352500000074e+04 1.625596128344430347e-01
1.164745393700000022e+04 1.627937833173956905e-01
1.164888654099999985e+04 1.626677384696858519e-01
1.165033133699999962e+04 1.627341171387418628e-01
1.165178832499999953e+04 1.629719085834169801e-01
1.165325750499999958e+04 1.631282204995514740e-01
1.165473887699999977e+04 1.632125045153915988e-01
1.165623243999999977e+04 1.634937523929285708e-01
1.165773819600000024e+04 1.640679526469155103e-01
1.165925614300000052e+04 1.640266231856593315e-01
1.166078628299999946e+04 1.646174389025081286e-01
1.166232861400000002e+04 1.648125812430389914e-01
1.166388313700000072e+04 1.653840728787964176e-01
1.166544985199999974e+04 1.656744305636081438e-01
1.166702875900000072e+04 1.657830522586721256e-01
1.166861985800000002e+04 1.656469662392633935e-01
1.167022314899999947e+04 1.658631782941218935e-01
1.167183863200000087e+04 1.662309230147793748e-01
1.167346630700000060e+04 1.659491055341452692e-01
1.167510617300000013e+04 1.664667323162289658e-01
1.167675823200000013e+04 1.661648281453374787e-01
1.167842248199999995e+04 1.659817074848564111e-01
1.168009892399999990e+04 1.662253045810863084e-01
1.168178755799999999e+04 1.662088206440571758e-01
1.168348838500000056e+04 1.662949527329173338e-01
1.168520140299999912e+04 1.665333626450364313e-01
1.168692661299999963e+04 1.665067267918511895e-01
1.168866401399999995e+04 1.666701039012215002e-01
1.169041360800000075e+04 1.668595717702006931e-01
1.169217539399999987e+04 1.667320923769472218e-01
1.169394937100000061e+04 1.664894332339294791e-01
1.169573554100000001e+04 1.663562885259095570e-01
1.169753390199999922e+04 1.662272990743362822e-01
1.169934445500000038e+04 1.657778242472806030e-01
1.170116720100000020e+04 1.657945276813786728e-01
1.170300213799999983e+04 1.652792313974671412e-01
1.170484926699999960e+04 1.655680652187835888e-01
1.170670858799999951e+04 1.654324290981430412e-01
1.170858009999999922e+04 1.655685257503988483e-01
1.171046380499999941e+04 1.655870576335637945e-01
1.171235970199999974e+04 1.658127899307334230e-01
1.171426778999999988e+04 1.660564834492067876e-01
1.171618807100000049e+04 1.660920708242448751e-01
1.171812054300000091e+04 1.665464531144485449e-01
1.172006520699999965e+04 1.669677598293746179e-01
1.172202206400000068e+04 1.672643682176986613e-01
1.172399111199999970e+04 1.673241835946809863e-01
1.172597235200000068e+04 1.673843829380035897e-01
1.172796578399999999e+04 1.679864381868830525e-01
1.172997140700000091e+04 1.679509717278183656e-01
1.173198922300000049e+04 1.684927084680722664e-01
1.173401923100000022e+04 1.688319461222723139e-01
1.173606142999999975e+04 1.684728331101477961e-01
1.173811582199999975e+04 1.687764084655059837e-01
1.174018240499999956e+04 1.692779031478472973e-01
1.174226117999999951e+04 1.687222590694520130e-01
1.174435214799999994e+04 1.690927104032290962e-01
1.174645530700000018e+04 1.693574223090321684e-01
1.174857065800000055e+04 1.695832872815301040e-01
1.175069820099999924e+04 1.696886380452748699e-01
1.175283793499999956e+04 1.698872828503516230e-01
1.175498986200000036e+04 1.695912829740653383e-01
1.175715398099999948e+04 1.697855397664107535e-01
1.175933029100000022e+04 1.695480880631749510e-01
1.176151879399999962e+04 1.694725957259543003e-01
1.176371948800000064e+04 1.693194829486455166e-01
1.176593237399999998e+04 1.690025923713774636e-01
1.176815745299999980e+04 1.690032412370147674e-01
1.177039472299999943e+04 1.687034223152144297e-01
1.177264418499999920e+04 1.688209118930235897e-01
1.177490583800000059e+04 1.687468991468546176e-01
1.177717968400000063e+04 1.685047923740759235e-01
1.177946572200000082e+04 1.687624395093000329e-01
1.178176395199999934e+04 1.688088815734646031e-01
1.178407437299999947e+04 1.687107996278539301e-01
1.178639698700000008e+04 1.692531387006097343e-01
1.178873179200000050e+04 1.694247862611791833e-01
1.179107878899999923e+04 1.696137317454037841e-01
1.179343797799999993e+04 1.699436734567926210e-01
1.179580935900000077e+04 1.706084923310994816e-01
1.179819293199999993e+04 1.706144193449632418e-01
1.180058869699999923e+04 1.711521466293953464e-01
1.180299665400000049e+04 1.709789282699858970e-01
1.180541680300000007e+04 1.711022443203121524e-01
1.180784914299999946e+04 1.717572945439822252e-01
1.181029367599999932e+04 1.716863217825644883e-01
1.181275040000000081e+04 1.718664379716949298e-01
1.181521931699999914e+04 1.722288691045439080e-01
1.181770042500000091e+04 1.721321288312760989e-01
1.182019372499999918e+04 1.722263004243295703e-01
1.182269921699999941e+04 1.721676654162444531e-01
1.182521690099999978e+04 1.723139092493812252e-01
1.182774677700000029e+04 1.718552111006032279e-01
1.183028884499999913e+04 1.717705657174282141e-01
1.183284310499999992e+04 1.721302370196680087e-01
1.183540955600000052e+04 1.719826399161671349e-01
1.183798819999999978e+04 1.719538676228481722e-01
1.184057903500000066e+04 1.718163963108653713e-01
1.184318206199999986e+04 1.718246074175567573e-01
1.184579728199999954e+04 1.715092094844867798e-01
1.184842469300000084e+04 1.714041545206083372e-01
1.185106429600000047e+04 1.715427960727725631e-01
1.185371609100000023e+04 1.716062864065526217e-01
1.185638007800000014e+04 1.715950678264386853e-01
1.185905625599999985e+04 1.720941313560700459e-01
1.186174462700000004e+04 1.720919237702568938e-01
1.186444519000000037e+04 1.721187435455725223e-01
1.186715794400000050e+04 1.725346562085238733e-01
1.186988289099999929e+04 1.721502919509033669e-01
1.187262002899999970e+04 1.723657918397885347e-01
1.187536935900000026e+04 1.725871351715774493e-01
1.187813088099999914e+04 1.731132499156892712e-01
1.188090459499999997e+04 1.730683109906459016e-01
1.188369050099999913e+04 1.731244580947104705e-01
1.188648859900000025e+04 1.731820098093174165e-01
1.188929888899999969e+04 1.734721677991830080e-01
1.189212137099999927e+04 1.737373627533164433e-01
1.189495604400000047e+04 1.737168179435509552e-01
1.189780291000000034e+04 1.738967049767082551e-01
1.190066196700000000e+04 1.740649702683994271e-01
1.190353321700000015e+04 1.743413304478440284e-01
1.190641665800000010e+04 1.747776039617241484e-01
1.190931229100000019e+04 1.751038347860795763e-01
1.191222011600000042e+04 1.750302803104675231e-01
1.191514013300000079e+04 1.749711379061391903e-01
1.191807234199999948e+04 1.743396013825231072e-01
1.192101674300000013e+04 1.747104596133807752e-01
1.192397333500000059e+04 1.744337002730066977e-01
1.192694211999999970e+04 1.743146609762247223e-01
1.192992309600000044e+04 1.743214403163836634e-01
1.193291626499999984e+04 1.739580828779462851e-01
1.193592162500000086e+04 1.743876087611042902e-01
1.193893917700000020e+04 1.741520544386007119e-01
1.194196892099999968e+04 1.744093991675192135e-01
1.194501085799999964e+04 1.742792080746814465e-01
1.194806498500000089e+04 1.746514144495325827e-01
1.195113130500000079e+04 1.750337597656352051e-01
1.195420981700000084e+04 1.751451176149901867e-01
1.195730052099999921e+04 1.752362800188668468e-01
1.196040341599999920e+04 1.754223925341436008e-01
1.196351850399999967e+04 1.752806932692330677e-01
1.196664578299999994e+04 1.751241954771050602e-01
1.196978525500000069e+04 1.753086236116199181e-01
1.197293691799999942e+04 1.755354608151414308e-01
1.197610077300000012e+04 1.757947818325517886e-01
1.197927681999999913e+04 1.759349732396418564e-01
1.198246505900000011e+04 1.761354766704330554e-01
1.198566548999999941e+04 1.764328014191017813e-01
1.198887811200000033e+04 1.764055950912127302e-01
1.199210292699999991e+04 1.760946056928981707e-01
1.199533993399999963e+04 1.763012258104522112e-01
1.199858913199999915e+04 1.764469612181808755e-01
1.200185052299999916e+04 1.765995382314517470e-01
1.200512410500000078e+04 1.767984869166313033e-01
1.200840987900000073e+04 1.774037339721855622e-01
1.201170784500000082e+04 1.779035520247870261e-01
1.201501800299999923e+04 1.781188182236676520e-01
1.201834035299999960e+04 1.777352120334534102e-01
1.202167489500000011e+04 1.777151545401919885e-01
1.202502162900000076e+04 1.777989047586437665e-01
1.202838055399999939e+04 1.777475617568386457e-01
1.203175167200000033e+04 1.782328090278455512e-01
1.203513498199999958e+04 1.788890864499927402e-01
1.203853048300000046e+04 1.800698666242007140e-01
1.204193817599999966e+04 1.803015335444042022e-01
1.204535806100000082e+04 1.797824509024988082e-01
1.204879013900000064e+04 1.804954653572625189e-01
1.205223440800000026e+04 1.802269846071766213e-01
1.205569086799999968e+04 1.788931870562204263e-01
1.205915952099999959e+04 1.783929403194576824e-01
1.206264036599999963e+04 1.783080477269542441e-01
1.206613340299999982e+04 1.786931002061289964e-01
1.206963863099999980e+04 1.786016413278412873e-01
1.207315605200000027e+04 1.787766775757470561e-01
1.207668566400000054e+04 1.786034129500326251e-01
1.208022746799999913e+04 1.786897973008887974e-01
1.208378146500000003e+04 1.789826146423217079e-01
1.208734765300000072e+04 1.793580308225963260e-01
1.209092603299999973e+04 1.793245837510840934e-01
1.209451660500000071e+04 1.794615363686475895e-01
1.209811936900000001e+04 1.794929358327252700e-01
1.210173432399999911e+04 1.797920919747506008e-01
1.210536147200000050e+04 1.802587868755775591e-01
1.210900081099999989e+04 1.804834537535152661e-01
1.211265234299999975e+04 1.807723014521723237e-01
1.211631606599999941e+04 1.805579956841345257e-01
1.211999198199999955e+04 1.800653973132142482e-01
1.212368008899999950e+04 1.799595272261396428e-01
1.212738038799999958e+04 1.798714537329328123e-01
1.213109287899999981e+04 1.802553536336466422e-01
1.213481756200000018e+04 1.803872931193044316e-01
1.213855443700000069e+04 1.805406367510194177e-01
1.214230350299999918e+04 1.803736063786888222e-01
1.214606476199999997e+04 1.807281330375309636e-01
1.214983821300000091e+04 1.807211013376220643e-01
1.215362385499999982e+04 1.812374072264146818e-01
1.215742168900000070e+04 1.813507215704923126e-01
1.216123171600000023e+04 1.817956414402273069e-01
1.216505393399999957e+04 1.817051344687064529e-01
1.216888834400000087e+04 1.816095368026227064e-01
1.217273494600000049e+04 1.819919508901955696e-01
1.217659374000000025e+04 1.829518914233154714e-01
1.218046472600000016e+04 1.834518291794802747e-01
1.218434790299999986e+04 1.827271375322138403e-01
1.218824327300000004e+04 1.829422781644773066e-01
1.219215083500000037e+04 1.830824863224687071e-01
1.219607058800000050e+04 1.829719317914809962e-01
1.220000253300000077e+04 1.835891029079704528e-01
1.220394667099999970e+04 1.834700529132234359e-01
1.220790300000000025e+04 1.836528594670901737e-01
1.221187152099999912e+04 1.837282757058999183e-01
1.221585223399999995e+04 1.838557051025940248e-01
1.221984513899999911e+04 1.840114505192987082e-01
1.222385023600000022e+04 1.839660698212525480e-01
1.222786752399999932e+04 1.843482751757070104e-01
1.223189700500000072e+04 1.849189437877465925e-01
1.223593867800000044e+04 1.875326035898938482e-01
1.223999254199999996e+04 1.879177685761915517e-01
1.224405859799999962e+04 1.866536050009312553e-01
1.224813684699999976e+04 1.843768622925644474e-01
1.225222728699999971e+04 1.841868695911226261e-01
1.225632991899999979e+04 1.844578206037462142e-01
1.226044474300000002e+04 1.847902194518790397e-01
1.226457175900000038e+04 1.844980156368208890e-01
1.226871096700000089e+04 1.846619988331465456e-01
1.227286236599999938e+04 1.851672577412579179e-01
1.227702595800000017e+04 1.861072320590396456e-01
1.228120174199999929e+04 1.854671532308408421e-01
1.228538971700000002e+04 1.852247050475459844e-01
1.228958988400000089e+04 1.854847439147535582e-01
1.229380224400000043e+04 1.864266056389980442e-01
1.229802679499999977e+04 1.874185135745393693e-01
1.230226353799999924e+04 1.867883483862957661e-01
1.230651247300000068e+04 1.863015074510749325e-01
1.231077360000000044e+04 1.865104923681715210e-01
1.231504691900000034e+04 1.863807208468309939e-01
1.231933242900000005e+04 1.865367874972514717e-01
1.232363013200000023e+04 1.868693174529919565e-01
1.232794002600000022e+04 1.870628533733509069e-01
1.233226211300000068e+04 1.872491782880902622e-01
1.233659639099999913e+04 1.879145287345379278e-01
1.234094286099999954e+04 1.898173061038834764e-01
1.234530152400000043e+04 1.903705967033262336e-01
1.234967237799999930e+04 1.892669214945513489e-01
1.235405542400000013e+04 1.881570699980951167e-01
1.235845066199999928e+04 1.878248558241941146e-01
1.236285809100000006e+04 1.877175132491127885e-01
1.236727771299999949e+04 1.877314331905011735e-01
1.237170952700000089e+04 1.876468369719266338e-01
1.237615353200000027e+04 1.876307092986110314e-01
1.238060973000000013e+04 1.878093763773867053e-01
1.238507811899999979e+04 1.877729262028465795e-01
1.238955869999999959e+04 1.878672015676199070e-01
1.239405147299999953e+04 1.879987372311706373e-01
1.239855643799999962e+04 1.884179374038058852e-01
1.240307359499999984e+04 1.880469532355230344e-01
1.240760294400000021e+04 1.887231207967842717e-01
1.241214448500000071e+04 1.893146963051487996e-01
1.241669821799999954e+04 1.894338035105307405e-01
1.242126414199999999e+04 1.896655827086077273e-01
1.242584225899999910e+04 1.898002806206870452e-01
1.243043256699999984e+04 1.897681202575958459e-01
1.243503506799999923e+04 1.893482756434282099e-01
1.243964976000000024e+04 1.893548738460380521e-01
1.244427664399999958e+04 1.895664054205317972e-01
1.244891572000000087e+04 1.898272418588785038e-01
1.245356698800000049e+04 1.898130058381378438e-01
1.245823044800000025e+04 1.903652063354664969e-01
1.246290610000000015e+04 1.919781708361982531e-01
1.246759394299999985e+04 1.917094827120423561e-01
1.247229397900000004e+04 1.916896675007280781e-01
1.247700620600000002e+04 1.922566064429055144e-01
1.248173062600000048e+04 1.909762392407218512e-01
1.248646723700000075e+04 1.913063695922202490e-01
1.249121603999999934e+04 1.917231427652610898e-01
1.249597703600000023e+04 1.921278614070920931e-01
1.250075022299999910e+04 1.925163937001889147e-01
1.250553560199999993e+04 1.921194077947660783e-01
1.251033317200000056e+04 1.918745003547905337e-01
1.251514293499999985e+04 1.917133114968119778e-01
1.251996488999999929e+04 1.918717440098341442e-01
1.252479903700000068e+04 1.921971663097158389e-01
1.252964537500000006e+04 1.925131873519821679e-01
1.253450390499999958e+04 1.928459665825512093e-01
