1.138046817899999951e+04 5.105776842787321246e-02
1.138546817899999951e+04 5.150563956869087107e-02
1.139046817899999951e+04 5.127173730320845613e-02
1.139546817899999951e+04 5.084215089398795573e-02
1.140046817899999951e+04 5.104405484982119795e-02
1.140546817899999951e+04 5.119944425273996458e-02
1.141046817899999951e+04 5.118144609327043848e-02
1.141546817899999951e+04 5.125068656959411162e-02
1.142046817899999951e+04 5.139670441847373622e-02
1.142546817899999951e+04 5.168727597056402973e-02
1.143046817899999951e+04 5.191895759520183395e-02
1.143546817899999951e+04 5.206688305286863439e-02
1.144046817899999951e+04 5.241324871079493242e-02
1.144546817899999951e+04 5.253253045734734838e-02
1.145046817899999951e+04 5.239581784237447998e-02
1.145546817899999951e+04 5.239423991495354566e-02
1.146046817899999951e+04 5.262644879949171517e-02
1.146546817899999951e+04 5.314180314482071926e-02
1.147046817899999951e+04 5.320230769406466415e-02
1.147546817899999951e+04 5.346239958239493856e-02
1.148046817899999951e+04 5.361625731670915940e-02
1.148546817899999951e+04 5.444151510616267176e-02
1.149046817899999951e+04 5.450970155893353208e-02
1.149546817899999951e+04 5.385164827507568641e-02
1.150046817899999951e+04 5.410826991283904791e-02
1.150546817899999951e+04 5.414951009140250848e-02
1.151046817899999951e+04 5.442468301265226266e-02
1.151546817899999951e+04 5.493749620866024419e-02
1.152046817899999951e+04 5.552014158845727798e-02
1.152546817899999951e+04 5.639756027644937664e-02
1.153046817899999951e+04 5.683637221667298817e-02
1.153400000000000000e+04 5.718640694484089515e-02
1.153500000000000000e+04 5.721445952348461900e-02
1.153600000000000000e+04 5.740009147482279250e-02
1.153700000000000000e+04 5.734278432568956640e-02
1.153800000000000000e+04 5.742822305119428539e-02
1.153900000000000000e+04 5.756283679472929543e-02
1.154000000000000000e+04 5.786183670959957337e-02
1.154100000000000000e+04 5.795562471886458317e-02
1.154120000000000073e+04 5.765915844090735431e-02
1.154139999999999964e+04 5.765318679015987713e-02
1.154160000000000036e+04 5.865900231874943832e-02
1.154179999999999927e+04 5.742930969543615788e-02
1.154200000000000000e+04 5.879671000163363970e-02
1.154220000000000073e+04 5.850084285953334462e-02
1.154239999999999964e+04 5.818724615742590367e-02
1.154260000000000036e+04 5.860732194786370808e-02
1.154279999999999927e+04 5.767850268735612296e-02
1.154300000000000000e+04 5.743826434363829420e-02
1.154320000000000073e+04 5.732844602015709640e-02
1.154339999999999964e+04 5.789526295744208684e-02
1.154360000000000036e+04 5.769411376216844467e-02
1.154379999999999927e+04 5.803074974076022352e-02
1.154400000000000000e+04 5.764009708875908466e-02
1.154420000000000073e+04 5.828388883741003612e-02
1.154439999999999964e+04 5.810282676895192622e-02
1.154460000000000036e+04 5.886491527112138605e-02
1.154479999999999927e+04 5.833382077450147141e-02
1.154500000000000000e+04 5.811969114661427738e-02
1.154520000000000073e+04 5.822399707794297108e-02
1.154539999999999964e+04 5.727341989570661207e-02
1.154560000000000036e+04 5.807244643984463967e-02
1.154579999999999927e+04 5.880276278083185204e-02
1.154600000000000000e+04 5.873628197428764491e-02
1.154620000000000073e+04 5.852710090156049844e-02
1.154639999999999964e+04 5.807911470541050197e-02
1.154660000000000036e+04 5.806763664202635455e-02
1.154679999999999927e+04 5.895408172468911273e-02
1.154700000000000000e+04 5.909169598672840001e-02
1.154720000000000073e+04 5.901906733979628283e-02
1.154739999999999964e+04 5.885055615944775886e-02
1.154760000000000036e+04 5.850862117364543508e-02
1.154779999999999927e+04 5.814634900869961737e-02
1.154800000000000000e+04 5.887186133587892639e-02
1.154820000000000073e+04 5.921157921495637938e-02
1.154839999999999964e+04 5.941854069549399459e-02
1.154860000000000036e+04 5.851663204742012236e-02
1.154879999999999927e+04 5.928988995268189705e-02
1.154900000000000000e+04 5.966692904335810926e-02
1.154920000000000073e+04 5.993408733882528427e-02
1.154939999999999964e+04 5.903595663050552333e-02
1.154960000000000036e+04 5.986305234043154400e-02
1.154979999999999927e+04 5.938351420293776217e-02
1.155000000000000000e+04 5.960905520593415274e-02
1.155020000000000073e+04 6.009236693334266827e-02
1.155039999999999964e+04 6.014211229021636240e-02
1.155060000000000036e+04 5.968557573415499140e-02
1.155079999999999927e+04 6.003472661916178094e-02
1.155100000000000000e+04 6.047819029389478462e-02
1.155120000000000073e+04 6.039248586622590620e-02
1.155139999999999964e+04 6.147947987879719134e-02
1.155160000000000036e+04 6.035063192962741851e-02
1.155179999999999927e+04 5.982363935033498809e-02
1.155200000000000000e+04 6.085151015459938639e-02
1.155220000000000073e+04 6.099882851414821505e-02
1.155239999999999964e+04 6.071325017659900264e-02
1.155260000000000036e+04 6.097528086674864484e-02
1.155279999999999927e+04 6.167318536759539005e-02
1.155300000000000000e+04 6.130519600639300348e-02
1.155320000000000073e+04 6.116215642007506031e-02
1.155339999999999964e+04 6.205870493785611841e-02
1.155360000000000036e+04 6.183028174165976221e-02
1.155379999999999927e+04 6.197703527756782960e-02
1.155400000000000000e+04 6.268377314139303436e-02
1.155420000000000073e+04 6.279147307909838105e-02
1.155439999999999964e+04 6.265105627962909429e-02
1.155460000000000036e+04 6.260133243824450577e-02
1.155479999999999927e+04 6.349900760462770521e-02
1.155500000000000000e+04 6.339283563135235389e-02
1.155520000000000073e+04 6.375849720781581742e-02
1.155539999999999964e+04 6.445973526903382711e-02
1.155560000000000036e+04 6.371148599214404573e-02
1.155579999999999927e+04 6.436334170907978547e-02
1.155600000000000000e+04 6.474794208115061678e-02
1.155620000000000073e+04 6.435928809745003476e-02
1.155639999999999964e+04 6.530282231425232897e-02
1.155660000000000036e+04 6.564380384921290890e-02
1.155679999999999927e+04 6.584217191392860435e-02
1.155700000000000000e+04 6.552810501940445342e-02
1.155720000000000073e+04 6.687553579643755464e-02
1.155739999999999964e+04 6.688368582538178897e-02
1.155760000000000036e+04 6.752617811998196107e-02
1.155779999999999927e+04 6.781952474992297697e-02
1.155800000000000000e+04 6.870785778737265037e-02
1.155820000000000073e+04 6.863426704980078730e-02
1.155839999999999964e+04 6.889288469049049957e-02
1.155860000000000036e+04 6.936765103086471596e-02
1.155879999999999927e+04 7.038020724989604848e-02
1.155900000000000000e+04 7.065646160955046939e-02
1.155920000000000073e+04 7.192781240399631626e-02
1.155939999999999964e+04 7.227900998514710795e-02
1.155960000000000036e+04 7.316202826888683342e-02
1.155979999999999927e+04 7.315594380872095237e-02
1.156000000000000000e+04 7.504114695010810632e-02
1.156020000000000073e+04 7.545039756406256293e-02
1.156039999999999964e+04 7.637484153018096744e-02
1.156060000000000036e+04 7.738800033397497113e-02
1.156079999999999927e+04 7.888159059087401781e-02
1.156100000000000000e+04 7.993996916165535538e-02
1.156120000000000073e+04 8.118975903433829633e-02
1.156139999999999964e+04 8.275392149314253487e-02
1.156160000000000036e+04 8.447557903990837724e-02
1.156179999999999927e+04 8.586730040860840463e-02
1.156200000000000000e+04 8.754709832195996244e-02
1.156220000000000073e+04 8.888610330283369665e-02
1.156239999999999964e+04 9.142979754288634020e-02
1.156260000000000036e+04 9.373893168375331542e-02
1.156279999999999927e+04 9.600577470174466443e-02
1.156300000000000000e+04 9.834557666292681466e-02
1.156320000000000073e+04 1.007822642803797575e-01
1.156339999999999964e+04 1.035189002100568023e-01
1.156360000000000036e+04 1.072688511974756731e-01
1.156379999999999927e+04 1.102201075848869838e-01
1.156400000000000000e+04 1.130313828170147195e-01
1.156420000000000073e+04 1.164414938014941003e-01
1.156439999999999964e+04 1.198925500393827476e-01
1.156460000000000036e+04 1.228269638557107496e-01
1.156479999999999927e+04 1.261865296362606192e-01
1.156500000000000000e+04 1.296733395109157527e-01
1.156520000000000073e+04 1.317467088689363852e-01
1.156539999999999964e+04 1.352728760141514996e-01
1.156560000000000036e+04 1.378886414611773525e-01
1.156579999999999927e+04 1.402858882201437618e-01
1.156600000000000000e+04 1.428517708097170602e-01
1.156620000000000073e+04 1.447449064382163864e-01
1.156639999999999964e+04 1.468249219960944818e-01
1.156660000000000036e+04 1.491148494958238480e-01
1.156679999999999927e+04 1.499428080445480982e-01
1.156700000000000000e+04 1.521102153013024205e-01
1.156720000000000073e+04 1.525729252283086479e-01
1.156739999999999964e+04 1.529750158561238027e-01
1.156760000000000036e+04 1.535711201505841894e-01
1.156779999999999927e+04 1.541018958598522892e-01
1.156800000000000000e+04 1.550343972374173263e-01
1.156820000000000073e+04 1.542912041308244775e-01
1.156839999999999964e+04 1.540776499702918301e-01
1.156860000000000036e+04 1.549359491026340296e-01
1.156879999999999927e+04 1.541816245814844888e-01
1.156900000000000000e+04 1.542252190560068625e-01
1.156920000000000073e+04 1.539804653190689487e-01
1.156939999999999964e+04 1.531220796415743435e-01
1.156960000000000036e+04 1.523595016855637807e-01
1.156979999999999927e+04 1.513804329967272655e-01
1.157000000000000000e+04 1.503984965132954543e-01
1.157020000000000073e+04 1.499956022065400685e-01
1.157039999999999964e+04 1.487287432034676282e-01
1.157060000000000036e+04 1.480158884699356858e-01
1.157079999999999927e+04 1.477376422223207197e-01
1.157100000000000000e+04 1.463168782514766841e-01
1.157120000000000073e+04 1.454098362366704755e-01
1.157139999999999964e+04 1.440529502610934653e-01
1.157160000000000036e+04 1.435942254557300291e-01
1.157179999999999927e+04 1.430957225098961338e-01
1.157200000000000000e+04 1.421428015118384180e-01
1.157220000000000073e+04 1.415647230247079613e-01
1.157239999999999964e+04 1.408335013428083649e-01
1.157260000000000036e+04 1.401660052478296559e-01
1.157279999999999927e+04 1.393761962443104130e-01
1.157300000000000000e+04 1.385758038688836846e-01
1.157320000000000073e+04 1.379241977640747185e-01
1.157339999999999964e+04 1.373921240933739241e-01
1.157360000000000036e+04 1.367862598787352724e-01
1.157379999999999927e+04 1.365314358766687164e-01
1.157400000000000000e+04 1.358828882175928954e-01
1.157420000000000073e+04 1.351979989082241762e-01
1.157439999999999964e+04 1.347872895501575630e-01
1.157460000000000036e+04 1.345294240898794458e-01
1.157479999999999927e+04 1.342521394888142039e-01
1.157500000000000000e+04 1.338153895593086340e-01
1.157520000000000073e+04 1.336868850092460814e-01
1.157539999999999964e+04 1.332368641603859927e-01
1.157560000000000036e+04 1.330728110917114015e-01
1.157579999999999927e+04 1.330106790449094856e-01
1.157600000000000000e+04 1.329522217869064937e-01
1.157620000000000073e+04 1.325801508112089688e-01
1.157639999999999964e+04 1.327091124988445114e-01
1.157660000000000036e+04 1.322219767135837665e-01
1.157679999999999927e+04 1.322375173003419724e-01
1.157700000000000000e+04 1.323962286424575086e-01
1.157720000000000073e+04 1.324698720853117739e-01
1.157739999999999964e+04 1.323265569785406492e-01
1.157760000000000036e+04 1.318755900632087308e-01
1.157779999999999927e+04 1.321793244834126857e-01
1.157800000000000000e+04 1.322217936582958386e-01
1.157820000000000073e+04 1.318845564745685373e-01
1.157839999999999964e+04 1.322754369688900200e-01
1.157860000000000036e+04 1.319133757714064936e-01
1.157879999999999927e+04 1.320370686691549611e-01
1.157900000000000000e+04 1.325441728405632180e-01
1.157920000000000073e+04 1.326363738657816982e-01
1.157939999999999964e+04 1.324598465479292497e-01
1.157960000000000036e+04 1.324616114668081546e-01
1.157979999999999927e+04 1.326573075093074594e-01
1.158000000000000000e+04 1.325414255510150574e-01
1.158020000000000073e+04 1.323342248771823271e-01
1.158039999999999964e+04 1.324234422314914672e-01
1.158060000000000036e+04 1.327597576374517363e-01
1.158079999999999927e+04 1.331345792012583740e-01
1.158100000000000000e+04 1.328985847005278165e-01
1.158120000000000073e+04 1.329557736246281818e-01
1.158139999999999964e+04 1.328874940469387256e-01
1.158160000000000036e+04 1.328762421972515539e-01
1.158179999999999927e+04 1.327166523391008213e-01
1.158200000000000000e+04 1.326500309696356517e-01
1.158220000000000073e+04 1.328418607312723543e-01
1.158239999999999964e+04 1.326692479804878477e-01
1.158260000000000036e+04 1.320857413178098960e-01
1.158279999999999927e+04 1.317974844891453556e-01
1.158300000000000000e+04 1.321949727344089998e-01
1.158320000000000073e+04 1.321508919105336965e-01
1.158339999999999964e+04 1.317189775880196478e-01
1.158360000000000036e+04 1.320872175301424645e-01
1.158379999999999927e+04 1.319127571829944168e-01
1.158400000000000000e+04 1.311292181610165253e-01
1.158420000000000073e+04 1.313616419652067768e-01
1.158439999999999964e+04 1.315383279032651398e-01
1.158460000000000036e+04 1.315736077070688570e-01
1.158479999999999927e+04 1.317701295839626419e-01
1.158500000000000000e+04 1.312368968177619055e-01
1.158520000000000073e+04 1.314587674600785905e-01
1.158539999999999964e+04 1.312818825537879486e-01
1.158560000000000036e+04 1.309620604884074724e-01
1.158579999999999927e+04 1.313881000630294227e-01
1.158600000000000000e+04 1.311633985171108685e-01
1.158620000000000073e+04 1.311777280248003774e-01
1.158639999999999964e+04 1.312908258386765170e-01
1.158660000000000036e+04 1.317506233888091072e-01
1.158679999999999927e+04 1.316670262231038890e-01
1.158700000000000000e+04 1.312675782006905434e-01
1.158720000000000073e+04 1.315034513898520885e-01
1.158739999999999964e+04 1.315648878454295234e-01
1.158760000000000036e+04 1.314712304487697381e-01
1.158779999999999927e+04 1.313479545166633955e-01
1.158800000000000000e+04 1.314819155691411834e-01
1.158820000000000073e+04 1.313164825853859186e-01
1.158839999999999964e+04 1.315687487280062795e-01
1.158860000000000036e+04 1.313585839763078966e-01
1.158879999999999927e+04 1.321194919496150866e-01
1.158900000000000000e+04 1.319281445115316198e-01
1.158920000000000073e+04 1.320137502062212198e-01
1.158939999999999964e+04 1.325007551227768421e-01
1.158960000000000036e+04 1.322883773030366916e-01
1.158979999999999927e+04 1.319729710506273856e-01
1.159000000000000000e+04 1.325045056427510137e-01
1.159020000000000073e+04 1.328795648586456879e-01
1.159039999999999964e+04 1.332953710882426868e-01
1.159060000000000036e+04 1.329703203969239689e-01
1.159079999999999927e+04 1.334223508331109087e-01
1.159100000000000000e+04 1.336686607527541870e-01
1.159120000000000073e+04 1.334038935661182868e-01
1.159139999999999964e+04 1.339748391665348259e-01
1.159160000000000036e+04 1.342464255150568331e-01
1.159179999999999927e+04 1.341210180583645439e-01
1.159200000000000000e+04 1.345881580281449441e-01
1.159220000000000073e+04 1.345885538080227595e-01
1.159239999999999964e+04 1.351199879429922368e-01
1.159260000000000036e+04 1.347607427790138424e-01
1.159279999999999927e+04 1.348973074391881799e-01
1.159300000000000000e+04 1.356761291353561771e-01
1.159320000000000073e+04 1.350018806584713515e-01
1.159339999999999964e+04 1.354706387515742239e-01
1.159360000000000036e+04 1.361095792737227472e-01
1.159379999999999927e+04 1.354411607562100439e-01
1.159400000000000000e+04 1.361943642560857759e-01
1.159420000000000073e+04 1.360510060379536701e-01
1.159439999999999964e+04 1.355987842255576559e-01
1.159460000000000036e+04 1.359428590047605523e-01
1.159479999999999927e+04 1.359889673380826614e-01
1.159500000000000000e+04 1.362572729932663151e-01
1.159520000000000073e+04 1.362548042640328583e-01
1.159539999999999964e+04 1.363048129345465487e-01
1.159560000000000036e+04 1.358756728603313646e-01
1.159579999999999927e+04 1.357333844155982627e-01
1.159600000000000000e+04 1.357394559396029043e-01
1.159620000000000073e+04 1.354378823684418420e-01
1.159639999999999964e+04 1.360032910150298369e-01
1.159660000000000036e+04 1.358117868719234400e-01
1.159679999999999927e+04 1.357536308850889328e-01
1.159700000000000000e+04 1.351587323185063916e-01
1.159770000000000073e+04 1.353786461401269570e-01
1.159839999999999964e+04 1.347513028856321127e-01
1.159910000000000036e+04 1.343025990364258293e-01
1.159979999999999927e+04 1.339979894941068506e-01
1.160050000000000000e+04 1.336105030397876092e-01
1.160120000000000073e+04 1.331366985255609536e-01
1.160189999999999964e+04 1.331475590498358841e-01
1.160260000000000036e+04 1.329605698812552084e-01
1.160329999999999927e+04 1.325611970532392936e-01
1.160499369499999921e+04 1.320870084307786685e-01
1.160599958300000071e+04 1.319730572667865420e-01
1.160701766200000020e+04 1.320048733207949687e-01
1.160804793299999983e+04 1.321419880122563506e-01
1.160909039599999960e+04 1.324585073690816017e-01
1.161014505099999951e+04 1.325298517395356312e-01
1.161121189799999956e+04 1.331374571766357762e-01
1.161229093699999976e+04 1.332585742759682113e-01
1.161338216699999975e+04 1.339670268223800975e-01
1.161448559000000023e+04 1.349028402209069555e-01
1.161560120400000051e+04 1.354896701426829553e-01
1.161672901099999945e+04 1.359892026907353335e-01
1.161786900900000001e+04 1.365204883182248863e-01
1.161902119900000071e+04 1.369222907066557360e-01
1.162018558200000007e+04 1.374622592686870481e-01
1.162136215599999923e+04 1.377434517585833240e-01
1.162255092200000036e+04 1.375160804102336654e-01
1.162375187899999946e+04 1.376689029324211777e-01
1.162496502900000087e+04 1.373043144406232985e-01
1.162619037100000060e+04 1.372745452655659837e-01
1.162742790400000013e+04 1.369379220614029558e-01
1.162867763000000014e+04 1.367508749314087779e-01
1.162993954699999995e+04 1.365737340491874341e-01
1.163121365700000024e+04 1.360049461588853370e-01
1.163249995800000033e+04 1.356601466251359800e-01
1.163379845100000057e+04 1.356257204002981331e-01
1.163510913599999913e+04 1.353856971762382178e-01
1.163643201299999964e+04 1.351870266361609452e-01
1.163776708200000030e+04 1.349477602182356795e-01
1.163911434200000076e+04 1.346323158423271549e-01
1.164047379499999988e+04 1.341561192440508810e-01
1.164184543999999914e+04 1.341650592033915013e-01
1.164322927600000003e+04 1.337795237245268110e-01
1.164462530499999957e+04 1.336887764905228815e-01
1.164603352500000074e+04 1.333516761526694072e-01
1.164745393700000022e+04 1.335437720335118372e-01
1.164888654099999985e+04 1.334403743104851103e-01
1.165033133699999962e+04 1.334948263928221746e-01
1.165178832499999953e+04 1.336898926402273757e-01
1.165325750499999958e+04 1.338181191819260984e-01
1.165473887699999977e+04 1.338872594358276602e-01
1.165623243999999977e+04 1.341179740318251823e-01
1.165773819600000024e+04 1.345890047286734947e-01
1.165925614300000052e+04 1.345551011116344342e-01
1.166078628299999946e+04 1.350397618863079241e-01
1.166232861400000002e+04 1.351998419730378598e-01
1.166388313700000072e+04 1.356686507168621270e-01
1.166544985199999974e+04 1.359068383440052152e-01
1.166702875900000072e+04 1.359959434141905787e-01
1.166861985800000002e+04 1.358843086840346714e-01
1.167022314899999947e+04 1.360616728453381830e-01
1.167183863200000087e+04 1.363633429746255454e-01
1.167346630700000060e+04 1.361321611194975523e-01
1.167510617300000013e+04 1.365567831738201121e-01
1.167675823200000013e+04 1.363091237128803146e-01
1.167842248199999995e+04 1.361589053057915555e-01
1.168009892399999990e+04 1.363587340305971174e-01
1.168178755799999999e+04 1.363452118373864319e-01
1.168348838500000056e+04 1.364158681225995651e-01
1.168520140299999912e+04 1.366114416819047550e-01
1.168692661299999963e+04 1.365895916289452394e-01
1.168866401399999995e+04 1.367236139292218877e-01
1.169041360800000075e+04 1.368790391010976382e-01
1.169217539399999987e+04 1.367744645967935990e-01
1.169394937100000061e+04 1.365754052975004795e-01
1.169573554100000001e+04 1.364661833963565218e-01
1.169753390199999922e+04 1.363603701562697834e-01
1.169934445500000038e+04 1.359916548167491579e-01
1.170116720100000020e+04 1.360053570635104958e-01
1.170300213799999983e+04 1.355826467627281040e-01
1.170484926699999960e+04 1.358195842982630741e-01
1.170670858799999951e+04 1.357083186252975304e-01
1.170858009999999922e+04 1.358199620788628215e-01
1.171046380499999941e+04 1.358351642542458826e-01
1.171235970199999974e+04 1.360203380378838256e-01
1.171426778999999988e+04 1.362202458684406425e-01
1.171618807100000049e+04 1.362494390743841099e-01
1.171812054300000091e+04 1.366221801188080009e-01
1.172006520699999965e+04 1.369677884469257256e-01
1.172202206400000068e+04 1.372111036584649502e-01
1.172399111199999970e+04 1.372601716833785623e-01
1.172597235200000068e+04 1.373095547038044317e-01
1.172796578399999999e+04 1.378034355321230975e-01
1.172997140700000091e+04 1.377743415144728756e-01
1.173198922300000049e+04 1.382187415805568309e-01
1.173401923100000022e+04 1.384970266351694124e-01
1.173606142999999975e+04 1.382024373470600309e-01
1.173811582199999975e+04 1.384514677094266510e-01
1.174018240499999956e+04 1.388628562256385979e-01
1.174226117999999951e+04 1.384070476231441804e-01
1.174435214799999994e+04 1.387109380229327726e-01
1.174645530700000018e+04 1.389280877693384597e-01
1.174857065800000055e+04 1.391133703939445576e-01
1.175069820099999924e+04 1.391997922274951782e-01
1.175283793499999956e+04 1.393627454827834899e-01
1.175498986200000036e+04 1.391199294531237640e-01
1.175715398099999948e+04 1.392792831213460480e-01
1.175933029100000022e+04 1.390844956024452905e-01
1.176151879399999962e+04 1.390225673691589392e-01
1.176371948800000064e+04 1.388969651683650830e-01
1.176593237399999998e+04 1.386370119795230782e-01
1.176815745299999980e+04 1.386375442547847225e-01
1.177039472299999943e+04 1.383915953730894544e-01
1.177264418499999920e+04 1.384879749838894281e-01
1.177490583800000059e+04 1.384272604885204982e-01
1.177717968400000063e+04 1.382286542611183000e-01
1.177946572200000082e+04 1.384400084838510736e-01
1.178176395199999934e+04 1.384781061062676788e-01
1.178407437299999947e+04 1.383976471250920048e-01
1.178639698700000008e+04 1.388425412839044970e-01
1.178873179200000050e+04 1.389833479094218227e-01
1.179107878899999923e+04 1.391383441492573814e-01
1.179343797799999993e+04 1.394090029449527313e-01
1.179580935900000077e+04 1.399543696590065944e-01
1.179819293199999993e+04 1.399592316093642985e-01
1.180058869699999923e+04 1.404003429136606584e-01
1.180299665400000049e+04 1.402582479915538693e-01
1.180541680300000007e+04 1.403594076057753104e-01
1.180784914299999946e+04 1.408967618662256838e-01
1.181029367599999932e+04 1.408385413675612152e-01
1.181275040000000081e+04 1.409862953027464505e-01
1.181521931699999914e+04 1.412836066485254893e-01
1.181770042500000091e+04 1.412042482430828083e-01
1.182019372499999918e+04 1.412814995230668447e-01
1.182269921699999941e+04 1.412333997876115133e-01
1.182521690099999978e+04 1.413533672249916995e-01
1.182774677700000029e+04 1.409770857698171842e-01
1.183028884499999913e+04 1.409076490650217062e-01
1.183284310499999992e+04 1.412026963481499420e-01
1.183540955600000052e+04 1.410816187844724234e-01
1.183798819999999978e+04 1.410580161580072267e-01
1.184057903500000066e+04 1.409452450343843533e-01
1.184318206199999986e+04 1.409519807986485407e-01
1.184579728199999954e+04 1.406932520707485090e-01
1.184842469300000084e+04 1.406070728488242327e-01
1.185106429600000047e+04 1.407208039712165570e-01
1.185371609100000023e+04 1.407728866720407146e-01
1.185638007800000014e+04 1.407636837888839587e-01
1.185905625599999985e+04 1.411730779705235028e-01
1.186174462700000004e+04 1.411712670288469140e-01
1.186444519000000037e+04 1.411932679427070625e-01
1.186715794400000050e+04 1.415344514089992012e-01
1.186988289099999929e+04 1.412191478732478245e-01
1.187262002899999970e+04 1.413959277755612864e-01
1.187536935900000026e+04 1.415775011847045517e-01
1.187813088099999914e+04 1.420090861406995142e-01
1.188090459499999997e+04 1.419722216148299188e-01
1.188369050099999913e+04 1.420182804701534685e-01
1.188648859900000025e+04 1.420654915645014615e-01
1.188929888899999969e+04 1.423035153798030139e-01
1.189212137099999927e+04 1.425210613698655593e-01
1.189495604400000047e+04 1.425042079466362632e-01
1.189780291000000034e+04 1.426517737296604249e-01
1.190066196700000000e+04 1.427898059168674350e-01
1.190353321700000015e+04 1.430165110224812797e-01
1.190641665800000010e+04 1.433743969998968470e-01
1.190931229100000019e+04 1.436420122370444530e-01
1.191222011600000042e+04 1.435816736681951311e-01
1.191514013300000079e+04 1.435331577010716120e-01
1.191807234199999948e+04 1.430150926311245796e-01
1.192101674300000013e+04 1.433193168312583143e-01
1.192397333500000059e+04 1.430922842817219098e-01
1.192694211999999970e+04 1.429946333995842089e-01
1.192992309600000044e+04 1.430001946407946090e-01
1.193291626499999984e+04 1.427021235271183075e-01
1.193592162500000086e+04 1.430544742788173451e-01
1.193893917700000020e+04 1.428612432190549120e-01
1.194196892099999968e+04 1.430723494827779996e-01
1.194501085799999964e+04 1.429655504777341546e-01
1.194806498500000089e+04 1.432708805807304531e-01
1.195113130500000079e+04 1.435845279394986074e-01
1.195420981700000084e+04 1.436758775510594277e-01
1.195730052099999921e+04 1.437506603561303498e-01
1.196040341599999920e+04 1.439033330329208826e-01
1.196351850399999967e+04 1.437870936159510171e-01
1.196664578299999994e+04 1.436587145918500341e-01
1.196978525500000069e+04 1.438100055650101960e-01
1.197293691799999942e+04 1.439960857342469369e-01
1.197610077300000012e+04 1.442088132005081014e-01
1.197927681999999913e+04 1.443238157049289150e-01
1.198246505900000011e+04 1.444882936092111159e-01
1.198566548999999941e+04 1.447321964639834702e-01
1.198887811200000033e+04 1.447098784161463814e-01
1.199210292699999991e+04 1.444547661257672144e-01
1.199533993399999963e+04 1.446242617809002373e-01
1.199858913199999915e+04 1.447438122719274523e-01
1.200185052299999916e+04 1.448689750953908173e-01
1.200512410500000078e+04 1.450321776275067809e-01
1.200840987900000073e+04 1.455286766219275330e-01
1.201170784500000082e+04 1.459386896148246460e-01
1.201501800299999923e+04 1.461152777271323977e-01
1.201834035299999960e+04 1.458005960533867162e-01
1.202167489500000011e+04 1.457841426926622663e-01
1.202502162900000076e+04 1.458528456544780916e-01
1.202838055399999939e+04 1.458107284627908617e-01
1.203175167200000033e+04 1.462087888944808567e-01
1.203513498199999958e+04 1.467471489650409022e-01
1.203853048300000046e+04 1.477157714510819175e-01
1.204193817599999966e+04 1.479058132290208827e-01
1.204535806100000082e+04 1.474799968874392075e-01
1.204879013900000064e+04 1.480649003137454733e-01
1.205223440800000026e+04 1.478446588664570349e-01
1.205569086799999968e+04 1.467505116567171808e-01
1.205915952099999959e+04 1.463401468921268489e-01
1.206264036599999963e+04 1.462705074102485792e-01
1.206613340299999982e+04 1.465863754996572232e-01
1.206963863099999980e+04 1.465113495481139838e-01
1.207315605200000027e+04 1.466549361300461263e-01
1.207668566400000054e+04 1.465128028255120174e-01
1.208022746799999913e+04 1.465836660239625000e-01
1.208378146500000003e+04 1.468238713393607009e-01
1.208734765300000072e+04 1.471318345593113086e-01
1.209092603299999973e+04 1.471043971018399232e-01
1.209451660500000071e+04 1.472167427200468670e-01
1.209811936900000001e+04 1.472425004830583972e-01
1.210173432399999911e+04 1.474879056691784651e-01
1.210536147200000050e+04 1.478707470575442162e-01
1.210900081099999989e+04 1.480550468762438787e-01
1.211265234299999975e+04 1.482919958009446815e-01
1.211631606599999941e+04 1.481161954515622659e-01
1.211999198199999955e+04 1.477121048173155315e-01
1.212368008899999950e+04 1.476252569561883055e-01
1.212738038799999958e+04 1.475530080955143597e-01
1.213109287899999981e+04 1.478679307100531637e-01
1.213481756200000018e+04 1.479761639291318209e-01
1.213855443700000069e+04 1.481019554644183445e-01
1.214230350299999918e+04 1.479649363152869546e-01
1.214606476199999997e+04 1.482557633038309453e-01
1.214983821300000091e+04 1.482499950222326279e-01
1.215362385499999982e+04 1.486735335250534140e-01
1.215742168900000070e+04 1.487664881278501772e-01
1.216123171600000023e+04 1.491314669688457162e-01
1.216505393399999957e+04 1.490572218711089802e-01
1.216888834400000087e+04 1.489788008772547634e-01
1.217273494600000049e+04 1.492925052294869215e-01
1.217659374000000025e+04 1.500799690921624241e-01
1.218046472600000016e+04 1.504900805480841042e-01
1.218434790299999986e+04 1.498955975935619966e-01
1.218824327300000004e+04 1.500720820148578327e-01
1.219215083500000037e+04 1.501870976890580245e-01
1.219607058800000050e+04 1.500964070286087693e-01
1.220000253300000077e+04 1.506026878140431235e-01
1.220394667099999970e+04 1.505050280971510779e-01
1.220790300000000025e+04 1.506549888039438179e-01
1.221187152099999912e+04 1.507168546730911496e-01
1.221585223399999995e+04 1.508213881778265320e-01
1.221984513899999911e+04 1.509491500279800391e-01
1.222385023600000022e+04 1.509119231001880279e-01
1.222786752399999932e+04 1.512254555965258096e-01
1.223189700500000072e+04 1.516935891681066573e-01
1.223593867800000044e+04 1.538376391038160373e-01
1.223999254199999996e+04 1.541535979214527230e-01
1.224405859799999962e+04 1.531165702511807503e-01
1.224813684699999976e+04 1.512489014944101984e-01
1.225222728699999971e+04 1.510930474525584155e-01
1.225632991899999979e+04 1.513153172608830699e-01
1.226044474300000002e+04 1.515879933650527700e-01
1.226457175900000038e+04 1.513482916051591687e-01
1.226871096700000089e+04 1.514828110705358499e-01
1.227286236599999938e+04 1.518972873469541796e-01
1.227702595800000017e+04 1.526683715078906434e-01
1.228120174199999929e+04 1.521432989484284570e-01
1.228538971700000002e+04 1.519444127177159709e-01
1.228958988400000089e+04 1.521577290726175424e-01
1.229380224400000043e+04 1.529303615732986177e-01
1.229802679499999977e+04 1.537440481721025209e-01
1.230226353799999924e+04 1.532271068861427443e-01
1.230651247300000068e+04 1.528277379356285104e-01
1.231077360000000044e+04 1.529991739032001696e-01
1.231504691900000034e+04 1.528927205563160863e-01
1.231933242900000005e+04 1.530207464480199397e-01
1.232363013200000023e+04 1.532935290666092298e-01
1.232794002600000022e+04 1.534522909905967347e-01
1.233226211300000068e+04 1.536051373937727393e-01
1.233659639099999913e+04 1.541509410784019096e-01
1.234094286099999954e+04 1.557118371143956514e-01
1.234530152400000043e+04 1.561657150837327812e-01
1.234967237799999930e+04 1.552603429710834038e-01
1.235405542400000013e+04 1.543499042971535062e-01
1.235845066199999928e+04 1.540773807972734832e-01
1.236285809100000006e+04 1.539893250381671463e-01
1.236727771299999949e+04 1.540007439297444713e-01
1.237170952700000089e+04 1.539313475429936739e-01
1.237615353200000027e+04 1.539181176017915820e-01
1.238060973000000013e+04 1.540646826145904147e-01
1.238507811899999979e+04 1.540347816265120184e-01
1.238955869999999959e+04 1.541121180545196312e-01
1.239405147299999953e+04 1.542200200250545827e-01
1.239855643799999962e+04 1.545639003573754666e-01
1.240307359499999984e+04 1.542595728119792731e-01
1.240760294400000021e+04 1.548142501565044626e-01
1.241214448500000071e+04 1.552995348027219336e-01
1.241669821799999954e+04 1.553972411850578494e-01
1.242126414199999999e+04 1.555873749337913781e-01
1.242584225899999910e+04 1.556978706626951925e-01
1.243043256699999984e+04 1.556714887182636953e-01
1.243503506799999923e+04 1.553270797871347531e-01
1.243964976000000024e+04 1.553324924865789602e-01
1.244427664399999958e+04 1.555060170674062714e-01
1.244891572000000087e+04 1.557199876417647011e-01
1.245356698800000049e+04 1.557083094858545680e-01
1.245823044800000025e+04 1.561612932196542458e-01
1.246290610000000015e+04 1.574844480035611782e-01
1.246759394299999985e+04 1.572640364387580536e-01
1.247229397900000004e+04 1.572477814549625152e-01
1.247700620600000002e+04 1.577128556198748033e-01
1.248173062600000048e+04 1.566625386427817346e-01
1.248646723700000075e+04 1.569333527473134593e-01
1.249121603999999934e+04 1.572752421327107408e-01
1.249597703600000023e+04 1.576072427779581231e-01
1.250075022299999910e+04 1.579259654325551598e-01
1.250553560199999993e+04 1.576003081605607259e-01
1.251033317200000056e+04 1.573994045179848422e-01
1.251514293499999985e+04 1.572671773191397226e-01
1.251996488999999929e+04 1.573971434015901394e-01
1.252479903700000068e+04 1.576640953600552675e-01
1.252964537500000006e+04 1.579233352599723750e-01
1.253450390499999958e+04 1.581963222953547410e-01
