# Facility: NSLS-II
# Beamline: QAS
# Year: 2023
# Cycle: 3
# SAF: 312215
# PI: Reece
# Proposal: 313586
# Scan ID: 271177
# UID: 2733bad5-e9ff-4e8e-b81c-4370e3c69832
# Comment: 
# Start time: 10/18/2023  21:24:21
# Stop time: 10/18/2023  21:24:53
# Total time: 00:31
# Trajectory name: Pt-L3-30s-11564.txt
# Element: Platinum ( 78)
# Edge: L3
# E0: 11564
# Reference Foil Element: Pt
# Keithley Gains I0: 1E6 V/A It: 1E6 V/A Iref: 1E7 V/A PIPS: 1E8 V/A 
# Ion Chamber Gas Flow Rates: I0: 0.00 sccm He + 189.60 sccm N2 + 9.80 sccm Ar 
# Ion Chamber Gas Flow Rates: It&Iref: 39.70 sccm N2 + 60.10 sccm Ar
# Incident Beam Path Vertical: 31.75 mm
# Incident Slits Positions B: TOP: 2.0 mm Bottom: 1.0 mm Inboard: 0.57675 mm Outboard: 1.57675 mm
# Sample Stage Positions: Rotation: 45.0 deg Horizontal: -10.11 mm Vertical: 15.39 mm Beam Direction: 0.00 mm
# PerkinElmer Vertical Position: 500.00 mm
# Linkam Oven Temperature : 3.03 C and Ramp Rate: 20.00 C/min.
# Front End Mirror Horizontal Positions: Up: -14.00 mm Down: -14.00 mm
#
# energy  i0  it  ir  iff  aux1  aux2  aux3  aux4
11380.468179 4.202616e-01 7.178654e-03 1.173835e-02 2.611695e-02 2.553167e-05 -1.540964e-05 6.691875e-06 2.776513e-05
11385.468179 8.252559e-01 1.407198e-02 2.306190e-02 5.182250e-02 4.252156e-05 -3.133009e-05 9.745467e-06 5.932313e-05
11390.468179 8.313485e-01 1.427521e-02 2.341758e-02 5.189267e-02 3.919423e-05 -3.896409e-05 4.976831e-06 4.538384e-05
11395.468179 8.386560e-01 1.468899e-02 2.397480e-02 5.191037e-02 2.595604e-05 -4.863484e-05 2.151228e-05 5.336499e-05
11400.468179 8.372553e-01 1.478129e-02 2.417683e-02 5.194383e-02 3.067517e-05 -5.287460e-05 1.761077e-05 6.732432e-05
11405.468179 8.354369e-01 1.505457e-02 2.462385e-02 5.198604e-02 3.626330e-05 -4.826494e-05 7.849496e-06 5.883128e-05
11410.468179 8.325715e-01 1.507397e-02 2.465143e-02 5.192403e-02 3.968004e-05 -3.589277e-05 2.557226e-06 4.979651e-05
11415.468179 8.245489e-01 1.496565e-02 2.459484e-02 5.174592e-02 3.592883e-05 -3.366290e-05 3.778913e-06 2.948428e-05
11420.468179 8.239316e-01 1.506754e-02 2.473601e-02 5.160433e-02 3.684333e-05 -4.131247e-05 -3.247772e-06 4.396595e-05
11425.468179 8.314723e-01 1.543621e-02 2.525870e-02 5.211051e-02 3.818327e-05 -3.882739e-05 -6.962844e-06 5.393625e-05
11430.468179 8.325345e-01 1.563587e-02 2.562111e-02 5.261711e-02 3.819672e-05 -4.079982e-05 1.245889e-06 5.113266e-05
11435.468179 8.309652e-01 1.574346e-02 2.584460e-02 5.267316e-02 3.507807e-05 -3.885064e-05 1.310746e-05 5.402895e-05
11440.468179 8.300168e-01 1.589000e-02 2.607961e-02 5.317364e-02 2.779398e-05 -4.148142e-05 1.302384e-05 5.266418e-05
11445.468179 8.291107e-01 1.592733e-02 2.624360e-02 5.297099e-02 3.034424e-05 -3.547695e-05 1.257663e-05 5.611576e-05
11450.468179 8.276595e-01 1.609226e-02 2.650228e-02 5.269705e-02 4.038927e-05 -2.147024e-05 3.950698e-08 5.222495e-05
11455.468179 8.269906e-01 1.625417e-02 2.676838e-02 5.268498e-02 3.818550e-05 -2.790585e-05 -1.276503e-06 4.450355e-05
11460.468179 8.258113e-01 1.615265e-02 2.666884e-02 5.276155e-02 3.943338e-05 -4.112650e-05 1.626308e-06 5.059998e-05
11465.468179 8.242337e-01 1.589843e-02 2.641197e-02 5.331580e-02 4.149667e-05 -4.615500e-05 1.169582e-06 4.438062e-05
11470.468179 8.235492e-01 1.600997e-02 2.659959e-02 5.333102e-02 4.832729e-05 -4.546883e-05 -2.440093e-06 5.294267e-05
11475.468179 8.220457e-01 1.639105e-02 2.720854e-02 5.356463e-02 4.609036e-05 -3.935207e-05 -1.064167e-05 5.412110e-05
11480.468179 8.217161e-01 1.662634e-02 2.753052e-02 5.357231e-02 4.097470e-05 -4.125024e-05 -1.116657e-06 5.096568e-05
11485.468179 8.213221e-01 1.682649e-02 2.783198e-02 5.432004e-02 3.859648e-05 -4.961760e-05 6.354369e-06 4.912446e-05
11490.468179 8.202721e-01 1.696191e-02 2.803708e-02 5.463700e-02 3.829064e-05 -4.299621e-05 5.900515e-07 4.406308e-05
11495.468179 8.192524e-01 1.703145e-02 2.814159e-02 5.361660e-02 4.424044e-05 -3.214297e-05 -2.814007e-06 5.709665e-05
11500.468179 8.181468e-01 1.729024e-02 2.858242e-02 5.391670e-02 4.841580e-05 -3.326984e-05 2.104869e-07 5.543786e-05
11505.468179 8.166805e-01 1.748744e-02 2.887971e-02 5.407968e-02 4.467136e-05 -4.378218e-05 7.763977e-06 5.804175e-05
11510.468179 8.156507e-01 1.754305e-02 2.893928e-02 5.385978e-02 3.633697e-05 -4.031376e-05 8.391577e-06 6.502472e-05
11515.468179 8.145970e-01 1.750948e-02 2.894727e-02 5.446099e-02 3.103655e-05 -4.273004e-05 -1.625116e-06 6.024174e-05
11520.468179 8.146892e-01 1.764744e-02 2.910573e-02 5.488998e-02 3.537967e-05 -4.373351e-05 -3.290853e-07 6.597831e-05
11525.468179 8.134479e-01 1.773764e-02 2.912900e-02 6.072994e-02 3.963221e-05 -5.312533e-05 -5.810762e-06 6.264348e-05
11530.468179 8.128009e-01 1.786557e-02 2.923720e-02 8.119584e-02 4.968445e-05 -5.579638e-05 -2.351403e-06 5.691669e-05
11534.000000 8.118822e-01 1.784098e-02 2.914642e-02 8.455113e-02 5.590092e-05 -5.611431e-05 5.100959e-06 5.470836e-05
11535.000000 8.125743e-01 1.783841e-02 2.906144e-02 8.164474e-02 5.942577e-05 -5.598723e-05 2.324624e-06 5.137864e-05
11536.000000 8.117552e-01 1.772508e-02 2.897872e-02 7.760101e-02 6.495645e-05 -5.306810e-05 -6.462072e-06 3.866529e-05
11537.000000 8.123302e-01 1.760034e-02 2.877309e-02 7.357419e-02 5.236887e-05 -5.404514e-05 2.688965e-06 4.349793e-05
11538.000000 8.132946e-01 1.765475e-02 2.867750e-02 7.184942e-02 4.308591e-05 -5.162719e-05 6.387804e-06 4.696824e-05
11539.000000 8.120812e-01 1.776169e-02 2.887329e-02 6.871385e-02 4.673253e-05 -5.914747e-05 -1.303279e-06 3.042426e-05
11540.000000 8.110153e-01 1.794935e-02 2.897433e-02 6.236195e-02 4.595998e-05 -4.600402e-05 2.529824e-06 5.064978e-05
11541.000000 8.116246e-01 1.818082e-02 2.910854e-02 5.893376e-02 5.269071e-05 -4.791398e-05 -3.821686e-06 5.830528e-05
11541.200000 8.101162e-01 1.820675e-02 2.904907e-02 5.847374e-02 4.399004e-05 -4.593159e-05 -6.144300e-06 6.190780e-05
11541.400000 8.115451e-01 1.817025e-02 2.924228e-02 5.790406e-02 6.990676e-05 -5.352909e-05 9.383737e-07 7.159238e-05
11541.600000 8.092137e-01 1.829000e-02 2.939544e-02 5.743263e-02 5.582195e-05 -5.666675e-05 -1.400294e-05 4.884576e-05
11541.800000 8.064103e-01 1.807498e-02 2.897189e-02 5.444516e-02 6.057418e-05 -4.329533e-05 -6.205491e-06 3.845510e-05
11542.000000 8.163836e-01 1.834423e-02 2.940000e-02 5.843332e-02 5.108025e-05 -4.011741e-05 6.962663e-06 2.131673e-05
11542.200000 8.082142e-01 1.825852e-02 2.920090e-02 5.817309e-02 2.454704e-05 -4.198660e-05 -1.593728e-05 3.802012e-05
11542.400000 8.182760e-01 1.839101e-02 2.945046e-02 5.882894e-02 3.883205e-05 -3.773997e-05 -1.015974e-05 4.946487e-05
11542.600000 7.998252e-01 1.815605e-02 2.900990e-02 5.854507e-02 2.862645e-05 -4.077489e-05 -8.487116e-06 3.645643e-05
11542.800000 8.078405e-01 1.814758e-02 2.895552e-02 5.579602e-02 4.470369e-05 -4.414098e-05 -2.709355e-06 4.716142e-05
11543.000000 8.154925e-01 1.848801e-02 2.957320e-02 5.619530e-02 4.825060e-05 -4.265912e-05 1.409259e-05 5.967141e-05
11543.200000 8.069067e-01 1.825631e-02 2.909569e-02 5.518668e-02 3.553678e-05 -5.171864e-05 -1.324599e-06 5.394300e-05
11543.400000 8.127313e-01 1.839773e-02 2.943942e-02 5.734220e-02 5.649725e-05 -4.887482e-05 1.066852e-05 5.195004e-05
11543.600000 8.070241e-01 1.837529e-02 2.889369e-02 5.609812e-02 6.053950e-05 -4.829445e-05 1.251137e-05 4.675877e-05
11543.800000 8.088692e-01 1.826585e-02 2.911387e-02 5.916801e-02 6.528963e-05 -4.830789e-05 8.143169e-06 3.115849e-05
11544.000000 8.087034e-01 1.846899e-02 2.901517e-02 5.692697e-02 6.254898e-05 -4.637903e-05 9.883095e-06 2.768363e-05
11544.200000 8.163394e-01 1.845876e-02 2.958971e-02 5.766694e-02 6.218424e-05 -4.923514e-05 -8.348663e-06 2.986740e-05
11544.400000 8.084511e-01 1.844439e-02 2.923132e-02 5.682709e-02 4.216036e-05 -4.880235e-05 -2.209992e-06 1.151018e-05
11544.600000 8.117851e-01 1.850029e-02 2.941108e-02 5.844629e-02 4.857156e-05 -4.983874e-05 6.023775e-07 1.917580e-05
11544.800000 8.219050e-01 1.862157e-02 2.990688e-02 5.955698e-02 6.195225e-05 -4.231307e-05 -1.308069e-05 2.040719e-05
11545.000000 8.101626e-01 1.844780e-02 2.927376e-02 5.645140e-02 5.495629e-05 -3.375742e-05 5.703718e-06 3.585745e-05
11545.200000 8.038621e-01 1.813959e-02 2.881727e-02 5.679283e-02 7.069324e-05 -2.549640e-05 -1.663502e-06 2.819946e-05
11545.400000 8.098026e-01 1.846949e-02 2.911011e-02 5.571902e-02 5.100017e-05 -2.537540e-05 -1.785895e-05 2.347413e-05
11545.600000 8.108063e-01 1.833659e-02 2.877778e-02 5.551894e-02 5.261293e-05 -2.118198e-05 -1.550101e-05 3.861196e-05
11545.800000 8.106825e-01 1.847851e-02 2.917307e-02 5.802577e-02 4.762919e-05 -1.926323e-05 -4.429214e-07 4.822746e-05
11546.000000 8.137293e-01 1.851038e-02 2.901895e-02 5.917516e-02 5.161869e-05 -1.353061e-05 3.631887e-06 2.697914e-05
11546.200000 8.112706e-01 1.842351e-02 2.913062e-02 5.495035e-02 4.690779e-05 -2.419120e-05 -1.352878e-07 -4.041819e-06
11546.400000 8.169919e-01 1.862255e-02 2.943762e-02 5.958388e-02 4.463051e-05 -2.686044e-05 -3.402176e-06 -2.468365e-06
11546.600000 8.066094e-01 1.829543e-02 2.867822e-02 5.771488e-02 5.423744e-05 -3.182686e-05 -1.540167e-06 6.283574e-06
11546.800000 8.078959e-01 1.847408e-02 2.917431e-02 5.723595e-02 3.640879e-05 -1.558444e-05 2.186211e-06 2.681004e-05
11547.000000 8.129453e-01 1.848352e-02 2.888422e-02 5.840679e-02 4.609168e-05 -1.505172e-05 7.667096e-06 4.704492e-05
11547.200000 8.068355e-01 1.846079e-02 2.880081e-02 5.866498e-02 3.544230e-05 -1.497404e-05 1.395699e-05 4.559775e-05
11547.400000 8.094838e-01 1.848595e-02 2.874375e-02 5.959926e-02 5.387208e-05 -2.259524e-05 1.598874e-05 5.837630e-05
11547.600000 8.123826e-01 1.857042e-02 2.889085e-02 5.727449e-02 4.618018e-05 -2.181234e-05 1.471295e-05 5.505801e-05
11547.800000 8.066067e-01 1.844263e-02 2.878822e-02 5.709662e-02 5.286020e-05 -2.314024e-05 1.575802e-05 5.790795e-05
11548.000000 8.139348e-01 1.855175e-02 2.866419e-02 5.627913e-02 5.141050e-05 -2.008345e-05 2.220622e-05 6.578467e-05
11548.200000 8.064428e-01 1.849602e-02 2.873109e-02 5.801435e-02 3.970555e-05 -1.704118e-05 3.234498e-05 5.412999e-05
11548.400000 8.081739e-01 1.847726e-02 2.868258e-02 5.921405e-02 5.450012e-05 -2.005933e-05 1.577475e-05 4.080387e-05
11548.600000 8.150543e-01 1.875216e-02 2.876392e-02 5.873682e-02 3.258908e-05 -1.730120e-05 4.685277e-06 4.163877e-05
11548.800000 8.071886e-01 1.841228e-02 2.855803e-02 5.913354e-02 4.843055e-05 -2.902984e-06 8.383057e-06 4.540712e-05
11549.000000 8.116102e-01 1.872750e-02 2.893095e-02 5.902797e-02 4.290881e-05 -8.363328e-06 -4.260779e-06 4.634061e-05
11549.200000 8.028908e-01 1.838640e-02 2.855804e-02 5.805559e-02 5.589576e-05 -8.214445e-06 -2.084685e-06 4.656999e-05
11549.400000 8.141284e-01 1.877191e-02 2.883457e-02 5.698210e-02 4.645613e-05 -8.269992e-06 8.627413e-06 4.213990e-05
11549.600000 8.130431e-01 1.868323e-02 2.879654e-02 6.008435e-02 5.220665e-05 -1.621410e-05 6.051862e-06 3.552869e-05
11549.800000 8.083007e-01 1.859852e-02 2.841110e-02 5.751968e-02 4.993457e-05 -2.383754e-05 -6.016838e-06 3.915410e-05
11550.000000 8.046487e-01 1.848968e-02 2.830911e-02 5.891552e-02 4.032456e-05 -2.500898e-05 -6.605300e-06 4.787552e-05
11550.200000 8.057648e-01 1.847263e-02 2.838132e-02 5.876030e-02 3.986879e-05 -2.277459e-05 1.334157e-06 5.513669e-05
11550.400000 8.070412e-01 1.865840e-02 2.847425e-02 5.994059e-02 3.515357e-05 -2.220954e-05 9.834903e-06 4.427107e-05
11550.600000 8.129038e-01 1.864386e-02 2.848758e-02 6.090344e-02 3.324290e-05 -3.234327e-05 9.455144e-06 6.076518e-05
11550.800000 8.104399e-01 1.876981e-02 2.864042e-02 5.889346e-02 2.977941e-05 -2.315161e-05 2.075685e-05 5.921743e-05
11551.000000 8.145778e-01 1.875058e-02 2.833115e-02 5.952923e-02 5.183801e-05 -2.861392e-05 8.192788e-06 5.483719e-05
11551.200000 8.068962e-01 1.866191e-02 2.817230e-02 5.681546e-02 5.033858e-05 -2.265856e-05 6.246495e-06 4.096430e-05
11551.400000 8.122833e-01 1.865009e-02 2.812654e-02 6.067817e-02 5.024156e-05 -2.327335e-05 1.736351e-05 4.343454e-05
11551.600000 8.069091e-01 1.871546e-02 2.777735e-02 5.989975e-02 3.894974e-05 -2.357267e-05 4.150479e-06 3.089804e-05
11551.800000 8.086166e-01 1.862461e-02 2.786469e-02 5.813028e-02 4.955670e-05 -3.042476e-05 5.400230e-06 2.591953e-05
11552.000000 8.091837e-01 1.869603e-02 2.812323e-02 5.799143e-02 4.390082e-05 -2.585532e-05 -1.966903e-06 -1.035003e-05
11552.200000 8.133304e-01 1.867153e-02 2.790197e-02 6.131705e-02 4.768489e-05 -2.706138e-05 5.349206e-06 2.759579e-05
11552.400000 8.085969e-01 1.869811e-02 2.775087e-02 6.096418e-02 3.973773e-05 -2.467733e-05 -1.785508e-05 3.141056e-05
11552.600000 8.114600e-01 1.865246e-02 2.784806e-02 6.066884e-02 5.522525e-05 -1.612594e-05 5.776568e-06 3.679878e-05
11552.800000 8.110638e-01 1.876402e-02 2.764981e-02 6.002868e-02 4.716242e-05 -2.349421e-05 1.250382e-06 3.546588e-05
11553.000000 8.084603e-01 1.863524e-02 2.758029e-02 6.001205e-02 5.588235e-05 -2.427131e-05 1.106576e-05 4.315036e-05
11553.200000 8.063053e-01 1.864322e-02 2.739144e-02 5.876103e-02 3.986887e-05 -2.667534e-05 1.278399e-05 4.261805e-05
11553.400000 8.079702e-01 1.861498e-02 2.750137e-02 6.050988e-02 4.530229e-05 -2.892491e-05 1.020937e-05 1.491392e-05
11553.600000 8.099667e-01 1.873127e-02 2.717668e-02 6.236609e-02 4.054369e-05 -2.283071e-05 2.197201e-05 3.676700e-05
11553.800000 8.096622e-01 1.862546e-02 2.724475e-02 6.184993e-02 5.271622e-05 -1.663713e-05 1.352656e-05 3.757568e-05
11554.000000 8.076156e-01 1.870448e-02 2.707990e-02 6.280230e-02 4.847294e-05 -2.161058e-05 2.299432e-05 3.232373e-05
11554.200000 8.100029e-01 1.864630e-02 2.688173e-02 6.133516e-02 5.205956e-05 -1.198640e-05 2.482170e-05 4.663087e-05
11554.400000 8.073765e-01 1.868068e-02 2.671183e-02 6.014945e-02 3.836854e-05 -8.081400e-06 2.178361e-05 5.090128e-05
11554.600000 8.080367e-01 1.856405e-02 2.663873e-02 6.061202e-02 5.090554e-05 -1.463867e-05 1.330463e-05 4.879313e-05
11554.800000 8.065191e-01 1.865093e-02 2.653556e-02 6.354630e-02 5.033578e-05 -1.703285e-05 1.527967e-05 4.833203e-05
11555.000000 8.082927e-01 1.856342e-02 2.650685e-02 6.238481e-02 4.898936e-05 -1.694312e-05 2.113874e-05 1.285722e-05
11555.200000 8.096808e-01 1.875660e-02 2.627221e-02 6.337175e-02 3.387079e-05 -1.498567e-05 1.947255e-05 1.386654e-05
11555.400000 8.094629e-01 1.862529e-02 2.615344e-02 6.397062e-02 3.860443e-05 -1.489894e-05 2.721908e-05 4.603529e-05
11555.600000 8.081381e-01 1.873415e-02 2.609234e-02 6.124832e-02 3.119302e-05 -2.387304e-05 1.965291e-05 4.874225e-05
11555.800000 8.146882e-01 1.873383e-02 2.594034e-02 6.278851e-02 3.970042e-05 -2.748695e-05 1.307701e-05 4.282855e-05
11556.000000 8.031965e-01 1.854191e-02 2.552755e-02 6.431959e-02 2.495898e-05 -2.632561e-05 2.000799e-05 3.829092e-05
11556.200000 8.100234e-01 1.862820e-02 2.556516e-02 6.334670e-02 3.506939e-05 -2.862341e-05 2.613227e-05 2.810635e-05
11556.400000 8.087221e-01 1.870455e-02 2.535724e-02 6.253081e-02 3.386548e-05 -2.415439e-05 1.984234e-05 2.219305e-05
11556.600000 8.091453e-01 1.863845e-02 2.514975e-02 6.514269e-02 4.175877e-05 -2.799442e-05 2.061430e-05 3.161676e-05
11556.800000 8.092866e-01 1.861832e-02 2.492854e-02 6.579118e-02 3.602621e-05 -2.895237e-05 9.979316e-06 3.987141e-05
11557.000000 8.089615e-01 1.865180e-02 2.484703e-02 6.390303e-02 3.874949e-05 -2.567241e-05 1.131101e-05 2.008131e-05
11557.200000 8.079667e-01 1.857337e-02 2.473456e-02 6.572190e-02 5.517142e-05 -2.443075e-05 1.662412e-05 -4.588492e-06
11557.400000 8.050817e-01 1.856280e-02 2.417506e-02 6.642441e-02 4.653437e-05 -1.606567e-05 1.924931e-05 2.589344e-05
11557.600000 8.078784e-01 1.856508e-02 2.422111e-02 6.701257e-02 5.773680e-05 -1.602024e-05 3.030316e-05 4.274912e-05
11557.800000 8.101205e-01 1.874247e-02 2.404836e-02 6.646033e-02 4.969928e-05 -1.045834e-05 3.159706e-05 3.721046e-05
11558.000000 8.084088e-01 1.859983e-02 2.371505e-02 6.667401e-02 5.909622e-05 -2.672711e-05 1.592025e-05 4.308909e-05
11558.200000 8.073982e-01 1.869914e-02 2.347793e-02 6.664938e-02 5.260497e-05 -2.085130e-05 1.607099e-05 1.581613e-05
11558.400000 8.086911e-01 1.864560e-02 2.279744e-02 6.757441e-02 7.076106e-05 -9.161619e-06 1.563851e-05 4.283953e-05
11558.600000 8.095936e-01 1.878729e-02 2.297950e-02 6.844190e-02 4.743248e-05 -1.855422e-05 1.481704e-05 4.055387e-05
11558.800000 8.078832e-01 1.865363e-02 2.271563e-02 7.017543e-02 4.430460e-05 -3.006579e-05 3.023599e-05 3.897882e-05
11559.000000 8.097364e-01 1.874819e-02 2.226407e-02 6.993823e-02 4.244379e-05 -3.335435e-05 1.568247e-05 3.315407e-05
11559.200000 8.114322e-01 1.871924e-02 2.199407e-02 7.060091e-02 4.547510e-05 -3.240127e-05 2.243629e-05 1.917355e-05
11559.400000 8.078455e-01 1.866996e-02 2.157968e-02 7.159473e-02 5.370801e-05 -3.116685e-05 2.124826e-05 2.694364e-05
11559.600000 8.075279e-01 1.868965e-02 2.115891e-02 7.304036e-02 5.196934e-05 -3.478299e-05 1.108396e-05 3.009639e-05
11559.800000 8.118696e-01 1.871373e-02 2.088142e-02 7.096947e-02 5.083367e-05 -3.361852e-05 1.004450e-05 2.399267e-05
11560.000000 8.070345e-01 1.872793e-02 2.039384e-02 7.440260e-02 4.010721e-05 -4.093389e-05 1.132812e-05 2.508937e-05
11560.200000 8.084804e-01 1.865384e-02 1.987091e-02 7.571995e-02 5.582425e-05 -3.537587e-05 1.892206e-05 3.494313e-05
11560.400000 8.092249e-01 1.868350e-02 1.947312e-02 7.608852e-02 4.693001e-05 -3.369418e-05 9.403842e-06 3.332387e-05
11560.600000 8.111439e-01 1.872553e-02 1.898285e-02 7.534716e-02 5.018110e-05 -2.949128e-05 1.643424e-05 2.959396e-05
11560.800000 8.097108e-01 1.867452e-02 1.848221e-02 7.926424e-02 5.751015e-05 -3.303832e-05 1.580593e-05 2.315290e-05
11561.000000 8.041066e-01 1.860652e-02 1.776652e-02 7.805832e-02 4.084577e-05 -2.680199e-05 1.954411e-05 1.491006e-05
11561.200000 8.057215e-01 1.852037e-02 1.743427e-02 7.885534e-02 5.009139e-05 -2.425767e-05 1.468302e-05 6.054332e-06
11561.400000 8.104457e-01 1.866233e-02 1.674362e-02 8.277402e-02 5.320995e-05 -2.223796e-05 1.868658e-05 1.274851e-05
11561.600000 8.076306e-01 1.866987e-02 1.620116e-02 8.276307e-02 4.336427e-05 -3.210388e-05 2.181577e-05 2.521256e-05
11561.800000 8.087016e-01 1.856798e-02 1.539698e-02 8.570346e-02 5.393237e-05 -3.206878e-05 2.893922e-05 3.690782e-05
11562.000000 8.078224e-01 1.857818e-02 1.481233e-02 8.556100e-02 4.767265e-05 -2.791385e-05 1.622385e-05 4.297565e-05
11562.200000 8.088561e-01 1.862380e-02 1.428434e-02 8.833235e-02 3.994306e-05 -2.599908e-05 2.855962e-05 5.010552e-05
11562.400000 8.114415e-01 1.859925e-02 1.374951e-02 8.967483e-02 4.917600e-05 -2.867492e-05 2.173318e-05 4.757461e-05
11562.600000 8.048303e-01 1.849677e-02 1.265466e-02 9.230538e-02 4.340566e-05 -2.610742e-05 1.315937e-05 5.052390e-05
11562.800000 8.084616e-01 1.862185e-02 1.207117e-02 9.624225e-02 5.145507e-05 -2.185832e-05 1.424082e-05 6.826345e-05
11563.000000 8.067520e-01 1.858114e-02 1.150444e-02 9.675140e-02 4.234758e-05 -3.180653e-05 1.587831e-05 7.307123e-05
11563.200000 8.096562e-01 1.869539e-02 1.078601e-02 1.009580e-01 5.062456e-05 -2.604041e-05 1.746461e-05 7.137047e-05
11563.400000 8.082625e-01 1.864617e-02 1.023041e-02 1.007492e-01 5.570239e-05 -1.979846e-05 7.202877e-06 6.790467e-05
11563.600000 8.107595e-01 1.869526e-02 9.528299e-03 1.066118e-01 6.029952e-05 -2.141311e-05 1.569356e-05 7.068493e-05
11563.800000 8.022338e-01 1.848064e-02 8.803282e-03 1.076628e-01 5.801935e-05 -2.488601e-05 1.712339e-05 6.311045e-05
11564.000000 8.080342e-01 1.858494e-02 8.446345e-03 1.111446e-01 4.526108e-05 -2.904809e-05 1.207791e-05 6.582385e-05
11564.200000 8.066011e-01 1.860404e-02 7.735215e-03 1.157007e-01 3.515567e-05 -1.758595e-05 6.953708e-06 6.193242e-05
11564.400000 8.090410e-01 1.865500e-02 7.383650e-03 1.186678e-01 3.842732e-05 -2.417892e-05 7.345054e-06 5.889413e-05
11564.600000 8.089510e-01 1.860381e-02 6.850201e-03 1.218721e-01 5.053005e-05 -2.263885e-05 1.783962e-05 5.387201e-05
11564.800000 8.084950e-01 1.862414e-02 6.422887e-03 1.248041e-01 4.082487e-05 -2.704975e-05 2.660699e-05 5.460217e-05
11565.000000 8.084999e-01 1.860838e-02 6.212678e-03 1.287207e-01 3.862497e-05 -3.980369e-05 2.746049e-05 4.935192e-05
11565.200000 8.102447e-01 1.859035e-02 5.799143e-03 1.341890e-01 4.057025e-05 -3.329696e-05 1.361173e-05 4.794951e-05
11565.400000 8.044127e-01 1.849598e-02 5.593723e-03 1.327115e-01 4.621185e-05 -3.283703e-05 1.081649e-05 4.644832e-05
11565.600000 8.059164e-01 1.853882e-02 5.421618e-03 1.361774e-01 3.974781e-05 -3.795614e-05 1.615192e-05 4.271175e-05
11565.800000 8.095379e-01 1.856456e-02 4.935702e-03 1.413358e-01 4.203716e-05 -3.526117e-05 2.563161e-05 4.156051e-05
11566.000000 8.058286e-01 1.847232e-02 5.069975e-03 1.425285e-01 4.019183e-05 -3.736433e-05 1.286947e-05 3.584202e-05
11566.200000 8.097416e-01 1.859118e-02 4.962896e-03 1.454529e-01 4.067417e-05 -4.287335e-05 1.568690e-05 3.428035e-05
11566.400000 8.052347e-01 1.848261e-02 5.082339e-03 1.450768e-01 3.434788e-05 -4.366899e-05 1.207144e-05 3.051785e-05
11566.600000 8.097858e-01 1.856816e-02 4.797282e-03 1.498460e-01 3.563686e-05 -4.480271e-05 1.502977e-05 4.898632e-05
11566.800000 8.021849e-01 1.833665e-02 4.903924e-03 1.500743e-01 2.564176e-05 -4.737640e-05 2.186134e-05 5.134156e-05
11567.000000 8.090491e-01 1.848102e-02 4.843779e-03 1.523734e-01 2.698605e-05 -5.424121e-05 1.041288e-05 5.609635e-05
11567.200000 8.069793e-01 1.842133e-02 4.869840e-03 1.536191e-01 2.384981e-05 -4.385723e-05 1.161131e-05 5.059023e-05
11567.400000 8.066926e-01 1.840580e-02 4.810576e-03 1.532279e-01 2.347945e-05 -3.953832e-05 1.487881e-05 2.088132e-05
11567.600000 8.073120e-01 1.838138e-02 4.758494e-03 1.551440e-01 2.990043e-05 -3.266178e-05 2.303689e-05 2.970126e-05
11567.800000 8.086748e-01 1.839966e-02 4.896860e-03 1.552253e-01 3.330359e-05 -3.005113e-05 2.166021e-05 4.329240e-05
11568.000000 8.049892e-01 1.833329e-02 4.867356e-03 1.530021e-01 3.951547e-05 -3.218419e-05 2.037382e-05 2.277073e-05
11568.200000 8.069757e-01 1.836252e-02 4.962912e-03 1.552044e-01 4.946910e-05 -2.794926e-05 2.328192e-05 2.312813e-05
11568.400000 8.085990e-01 1.841300e-02 5.130769e-03 1.550796e-01 4.947261e-05 -3.829326e-05 2.652790e-05 1.682189e-05
11568.600000 8.065756e-01 1.836579e-02 5.411489e-03 1.555413e-01 4.307174e-05 -3.330749e-05 1.712101e-05 4.791447e-06
11568.800000 8.084786e-01 1.843235e-02 5.314826e-03 1.548897e-01 4.267479e-05 -3.087617e-05 2.617381e-05 9.674331e-06
11569.000000 8.089674e-01 1.845124e-02 5.389390e-03 1.550512e-01 3.322058e-05 -3.230495e-05 3.103299e-05 -1.368143e-06
11569.200000 8.063562e-01 1.839456e-02 5.532288e-03 1.535877e-01 3.271141e-05 -3.020728e-05 3.924747e-05 1.452390e-05
11569.400000 8.083400e-01 1.847738e-02 5.547671e-03 1.528967e-01 2.679140e-05 -3.158668e-05 3.141320e-05 1.467554e-05
11569.600000 8.075552e-01 1.848801e-02 5.632513e-03 1.511411e-01 2.797002e-05 -2.485748e-05 2.749015e-05 1.135467e-05
11569.800000 8.064122e-01 1.843138e-02 5.795172e-03 1.520303e-01 2.334120e-05 -2.202303e-05 2.877672e-05 7.215696e-06
11570.000000 8.073053e-01 1.852842e-02 5.939252e-03 1.501076e-01 3.083987e-05 -2.615599e-05 3.176223e-05 1.726870e-05
11570.200000 8.082892e-01 1.854171e-02 5.716859e-03 1.509413e-01 3.843181e-05 -2.644747e-05 2.050539e-05 2.189631e-05
11570.400000 8.070381e-01 1.855271e-02 5.868451e-03 1.494057e-01 3.823505e-05 -1.756024e-05 1.551874e-05 1.304208e-05
11570.600000 8.064712e-01 1.856228e-02 6.084732e-03 1.475333e-01 3.028688e-05 -2.425053e-07 3.069539e-05 1.659556e-05
11570.800000 8.077944e-01 1.859380e-02 6.217673e-03 1.462350e-01 3.808213e-05 -1.614533e-06 3.347865e-05 1.759871e-05
11571.000000 8.076739e-01 1.859839e-02 6.237692e-03 1.465803e-01 3.098217e-05 -1.719730e-05 3.277745e-05 2.017785e-05
11571.200000 8.069674e-01 1.862261e-02 6.241272e-03 1.448209e-01 2.124560e-05 -1.827125e-05 2.320456e-05 1.831361e-05
11571.400000 8.073503e-01 1.863794e-02 6.246375e-03 1.442287e-01 2.119949e-05 -2.649328e-05 1.679895e-05 1.038970e-05
11571.600000 8.062150e-01 1.862215e-02 6.375340e-03 1.429553e-01 2.291724e-05 -2.233781e-05 2.701884e-05 1.801446e-05
11571.800000 8.072487e-01 1.866192e-02 6.268847e-03 1.415850e-01 3.508208e-05 -1.610988e-05 3.039456e-05 2.128132e-05
11572.000000 8.067032e-01 1.866994e-02 6.486266e-03 1.410255e-01 3.615570e-05 -1.738162e-05 2.975503e-05 2.655756e-05
11572.200000 8.071974e-01 1.870250e-02 6.573363e-03 1.404841e-01 3.580526e-05 -2.681143e-05 3.103717e-05 1.436305e-05
11572.400000 8.051527e-01 1.864489e-02 6.561639e-03 1.389244e-01 3.494689e-05 -2.948030e-05 3.655962e-05 1.674018e-05
11572.600000 8.071187e-01 1.870411e-02 6.666780e-03 1.382001e-01 3.809937e-05 -2.245524e-05 2.146210e-05 2.320677e-05
11572.800000 8.062987e-01 1.877873e-02 6.858367e-03 1.373513e-01 3.955082e-05 -2.796663e-05 1.347896e-05 1.729861e-05
11573.000000 8.066331e-01 1.879545e-02 6.940384e-03 1.375792e-01 3.212937e-05 -3.017953e-05 5.036975e-06 2.059274e-05
11573.200000 8.048989e-01 1.875108e-02 6.921029e-03 1.357922e-01 2.340242e-05 -2.471955e-05 1.101425e-05 1.653948e-05
11573.400000 8.066313e-01 1.880329e-02 6.979530e-03 1.354591e-01 3.674128e-05 -3.580590e-05 2.517010e-05 2.996347e-05
11573.600000 8.059302e-01 1.879129e-02 6.989588e-03 1.346862e-01 4.588122e-05 -2.880215e-05 9.267596e-06 2.090102e-05
11573.800000 8.049137e-01 1.873930e-02 6.949773e-03 1.341545e-01 4.672047e-05 -3.398675e-05 1.780716e-05 1.879608e-05
11574.000000 8.055675e-01 1.877502e-02 7.114422e-03 1.349222e-01 4.519440e-05 -3.070080e-05 1.886396e-05 2.566047e-05
11574.200000 8.064266e-01 1.884113e-02 7.132827e-03 1.347032e-01 3.892275e-05 -3.400560e-05 1.046772e-05 3.924330e-05
11574.400000 8.046614e-01 1.880963e-02 6.984656e-03 1.331453e-01 3.298731e-05 -2.803653e-05 3.703380e-06 2.663547e-05
11574.600000 8.068402e-01 1.888942e-02 7.111047e-03 1.332075e-01 3.457673e-05 -2.916101e-05 7.505376e-06 3.053019e-05
11574.800000 8.056032e-01 1.886690e-02 7.260672e-03 1.334781e-01 3.108293e-05 -2.244218e-05 -1.703791e-07 3.687101e-05
11575.000000 8.054740e-01 1.885122e-02 7.246543e-03 1.326626e-01 3.323099e-05 -2.415887e-05 -3.314837e-06 4.622257e-05
11575.200000 8.058919e-01 1.887678e-02 7.164128e-03 1.316773e-01 3.395867e-05 -3.011779e-05 -9.271421e-06 4.354832e-05
11575.400000 8.069747e-01 1.892595e-02 7.201194e-03 1.315234e-01 2.044364e-05 -3.305518e-05 -3.898497e-06 3.412314e-05
11575.600000 8.067756e-01 1.894282e-02 7.271941e-03 1.309474e-01 1.724626e-05 -4.050245e-05 -1.123879e-05 3.926142e-05
11575.800000 8.075051e-01 1.893438e-02 7.295355e-03 1.315687e-01 3.056383e-05 -3.303625e-05 3.473099e-07 5.662116e-05
11576.000000 8.039013e-01 1.883198e-02 7.169406e-03 1.301431e-01 3.118767e-05 -2.880690e-05 1.074594e-06 5.098716e-05
11576.200000 8.055638e-01 1.886024e-02 7.300660e-03 1.304441e-01 3.347961e-05 -2.941603e-05 -1.697590e-05 3.918119e-05
11576.400000 8.052562e-01 1.886165e-02 7.165350e-03 1.304738e-01 4.370375e-05 -3.376124e-05 -8.820860e-06 4.283465e-05
11576.600000 8.055684e-01 1.894341e-02 7.190217e-03 1.297846e-01 4.935519e-05 -3.742125e-05 -3.520654e-06 4.561923e-05
11576.800000 8.065038e-01 1.891542e-02 7.146636e-03 1.304189e-01 4.395358e-05 -3.938754e-05 -2.588992e-07 5.131635e-05
11577.000000 8.062523e-01 1.895141e-02 7.155030e-03 1.296492e-01 3.537012e-05 -3.799406e-05 5.479572e-06 6.332363e-05
11577.200000 8.071289e-01 1.892907e-02 7.044679e-03 1.304174e-01 3.418450e-05 -3.488615e-05 1.569013e-05 5.634938e-05
11577.400000 8.062208e-01 1.894809e-02 7.184696e-03 1.311135e-01 3.555709e-05 -3.341144e-05 1.335609e-05 4.635771e-05
11577.600000 8.043568e-01 1.895119e-02 7.065475e-03 1.301976e-01 3.253453e-05 -3.257989e-05 1.099676e-05 4.521631e-05
11577.800000 8.050577e-01 1.896475e-02 7.155278e-03 1.314152e-01 2.354547e-05 -2.827435e-05 1.419014e-05 5.520798e-05
11578.000000 8.054873e-01 1.896265e-02 7.019878e-03 1.298520e-01 2.644967e-05 -2.635931e-05 9.670023e-06 3.897970e-05
11578.200000 8.049421e-01 1.893879e-02 7.033625e-03 1.295169e-01 3.706933e-05 -3.148213e-05 5.682576e-06 4.593283e-05
11578.400000 8.056010e-01 1.896736e-02 6.868497e-03 1.307052e-01 4.169702e-05 -3.584601e-05 2.700688e-06 3.652321e-05
11578.600000 8.053939e-01 1.896715e-02 6.974959e-03 1.298720e-01 4.052811e-05 -3.332394e-05 5.364695e-06 3.001148e-05
11578.800000 8.062627e-01 1.899598e-02 6.912674e-03 1.305205e-01 2.920501e-05 -3.074091e-05 7.734431e-06 4.022479e-05
11579.000000 8.057499e-01 1.901561e-02 6.981684e-03 1.301913e-01 2.245781e-05 -2.961503e-05 6.947185e-06 3.823990e-05
11579.200000 8.053202e-01 1.898184e-02 6.926469e-03 1.306327e-01 2.013497e-05 -2.960135e-05 -1.205025e-05 4.574040e-05
11579.400000 8.060385e-01 1.899645e-02 6.820043e-03 1.308537e-01 1.838175e-05 -3.207956e-05 -7.996103e-07 5.905421e-05
11579.600000 8.050200e-01 1.894394e-02 6.801414e-03 1.304063e-01 1.559103e-05 -3.508297e-05 3.033470e-06 5.987732e-05
11579.800000 8.057686e-01 1.898266e-02 6.738601e-03 1.311553e-01 1.916735e-05 -3.002906e-05 1.336684e-05 5.117456e-05
11580.000000 8.059613e-01 1.899912e-02 6.815094e-03 1.307860e-01 3.075095e-05 -2.832022e-05 8.757259e-06 1.618497e-05
11580.200000 8.053379e-01 1.905109e-02 6.854022e-03 1.299669e-01 1.939638e-05 -2.765932e-05 1.322868e-05 3.461972e-05
11580.400000 8.043823e-01 1.898506e-02 6.728235e-03 1.301580e-01 1.585618e-05 -2.741135e-05 2.109877e-05 5.084511e-05
11580.600000 8.057044e-01 1.902365e-02 6.782320e-03 1.310519e-01 2.399785e-05 -3.544348e-05 2.463880e-05 5.489673e-05
11580.800000 8.052289e-01 1.903648e-02 6.602747e-03 1.308782e-01 2.968810e-05 -4.452715e-05 2.831308e-05 5.491338e-05
11581.000000 8.059023e-01 1.907262e-02 6.725650e-03 1.307768e-01 3.001720e-05 -3.792259e-05 2.950775e-05 5.363075e-05
11581.200000 8.053796e-01 1.904438e-02 6.937992e-03 1.316762e-01 1.746262e-05 -4.206859e-05 1.376428e-05 5.031368e-05
11581.400000 8.010426e-01 1.897212e-02 6.987415e-03 1.310986e-01 1.835227e-05 -3.469542e-05 1.000524e-05 4.247038e-05
11581.600000 8.052753e-01 1.909954e-02 6.982947e-03 1.311857e-01 2.279406e-05 -2.962621e-05 2.293330e-06 5.693568e-05
11581.800000 8.061475e-01 1.911016e-02 6.900310e-03 1.310831e-01 3.188316e-05 -2.748130e-05 2.314256e-06 4.209662e-05
11582.000000 8.052894e-01 1.911644e-02 6.814212e-03 1.306495e-01 2.386651e-05 -2.013639e-05 4.165840e-06 5.569131e-05
11582.200000 8.048835e-01 1.913721e-02 6.979867e-03 1.289891e-01 2.120905e-05 -2.711569e-05 1.697228e-05 5.630238e-05
11582.400000 8.058829e-01 1.916139e-02 6.978025e-03 1.307871e-01 2.107093e-05 -2.971497e-05 1.239211e-05 5.915267e-05
11582.600000 8.046785e-01 1.913490e-02 7.025806e-03 1.308665e-01 2.119867e-05 -2.998087e-05 3.090986e-07 5.436737e-05
11582.800000 8.050923e-01 1.916524e-02 7.060664e-03 1.303244e-01 2.844075e-05 -1.769331e-05 1.392655e-05 4.126052e-05
11583.000000 8.050854e-01 1.916120e-02 7.051135e-03 1.303407e-01 2.437049e-05 -2.484024e-05 2.014523e-05 5.327863e-05
11583.200000 8.058809e-01 1.917912e-02 7.089501e-03 1.300124e-01 2.288632e-05 -3.498763e-05 2.806317e-05 5.223947e-05
11583.400000 8.043055e-01 1.912940e-02 7.183769e-03 1.293433e-01 1.992433e-05 -3.288893e-05 2.940658e-05 4.339840e-05
11583.600000 8.048544e-01 1.915999e-02 7.208681e-03 1.312783e-01 1.896150e-05 -3.690443e-05 3.859872e-05 5.715243e-05
11583.800000 8.041660e-01 1.915546e-02 7.074364e-03 1.291301e-01 1.804339e-05 -3.608759e-05 2.984461e-05 4.309680e-05
11584.000000 8.061974e-01 1.913377e-02 7.211539e-03 1.305485e-01 1.959506e-05 -2.815888e-05 1.409085e-05 4.746370e-05
11584.200000 8.014294e-01 1.899259e-02 7.161714e-03 1.284135e-01 2.826650e-05 -2.583121e-05 8.315708e-06 5.197260e-05
11584.400000 8.063304e-01 1.915973e-02 7.174014e-03 1.306411e-01 2.818391e-05 -3.697979e-05 1.710266e-05 4.705978e-05
11584.600000 8.057002e-01 1.911811e-02 7.261616e-03 1.300134e-01 2.693372e-05 -4.282985e-05 3.050701e-05 5.133977e-05
11584.800000 8.022409e-01 1.901779e-02 7.262907e-03 1.274568e-01 2.172146e-05 -4.523704e-05 2.297687e-05 4.576848e-05
11585.000000 8.039422e-01 1.911104e-02 7.202985e-03 1.288824e-01 2.786920e-05 -4.288574e-05 2.215036e-05 5.124021e-05
11585.200000 8.037883e-01 1.914999e-02 7.423415e-03 1.301864e-01 2.382441e-05 -3.298617e-05 1.099916e-05 5.331478e-05
11585.400000 8.057408e-01 1.918242e-02 7.363638e-03 1.296755e-01 1.769641e-05 -3.327819e-05 5.319051e-06 4.105532e-05
11585.600000 8.052546e-01 1.916109e-02 7.382452e-03 1.281868e-01 1.020156e-05 -4.470032e-05 2.039085e-05 4.147295e-05
11585.800000 8.044903e-01 1.909003e-02 7.389026e-03 1.285677e-01 5.122038e-06 -4.227896e-05 2.618889e-05 4.035403e-05
11586.000000 8.051201e-01 1.913097e-02 7.429554e-03 1.295780e-01 6.934234e-06 -3.990405e-05 3.571757e-05 4.610406e-05
11586.200000 8.050308e-01 1.918500e-02 7.531373e-03 1.307230e-01 5.359554e-06 -3.241159e-05 3.019131e-05 4.687452e-05
11586.400000 8.066693e-01 1.920145e-02 7.411303e-03 1.302908e-01 1.385361e-05 -3.436873e-05 2.899095e-05 3.782294e-05
11586.600000 8.008004e-01 1.907627e-02 7.520204e-03 1.285798e-01 1.946215e-05 -3.326640e-05 2.399250e-05 2.855959e-05
11586.800000 8.046473e-01 1.922807e-02 7.502267e-03 1.283508e-01 1.725924e-05 -3.639083e-05 2.077258e-05 4.809783e-05
11587.000000 8.056681e-01 1.926927e-02 7.471112e-03 1.286298e-01 1.955138e-05 -3.671416e-05 2.789901e-05 5.209215e-05
11587.200000 8.043737e-01 1.917574e-02 7.469082e-03 1.293153e-01 2.483820e-05 -3.694145e-05 2.221076e-05 5.255789e-05
11587.400000 8.043636e-01 1.916096e-02 7.319441e-03 1.295860e-01 2.055774e-05 -3.995591e-05 3.212406e-05 4.678824e-05
11587.600000 8.036681e-01 1.918829e-02 7.216118e-03 1.287831e-01 2.049276e-05 -3.298003e-05 3.077653e-05 4.679609e-05
11587.800000 8.029991e-01 1.915058e-02 7.313021e-03 1.297721e-01 2.738524e-05 -3.584818e-05 2.624258e-05 2.150686e-05
11588.000000 8.034611e-01 1.907307e-02 7.184190e-03 1.299990e-01 3.346352e-05 -3.797978e-05 2.154826e-05 1.897551e-05
11588.200000 8.039982e-01 1.910837e-02 7.442628e-03 1.312220e-01 3.410838e-05 -3.481500e-05 1.908853e-05 3.762272e-05
11588.400000 8.066801e-01 1.918796e-02 7.340343e-03 1.312549e-01 2.726234e-05 -2.479143e-05 1.080637e-05 4.961738e-05
11588.600000 8.035717e-01 1.914547e-02 7.320711e-03 1.307034e-01 3.236476e-05 -2.960272e-05 4.539607e-06 4.347934e-05
11588.800000 8.057178e-01 1.921244e-02 7.326320e-03 1.313057e-01 3.895453e-05 -3.844725e-05 4.113330e-06 3.896144e-05
11589.000000 8.015369e-01 1.907524e-02 7.230804e-03 1.286548e-01 3.795189e-05 -3.776479e-05 -4.437945e-06 4.433184e-05
11589.200000 8.059280e-01 1.922303e-02 7.322940e-03 1.321539e-01 3.728110e-05 -3.179019e-05 -7.401040e-07 3.745209e-05
11589.400000 8.002073e-01 1.910520e-02 7.070063e-03 1.291436e-01 3.357916e-05 -1.851347e-05 -2.427838e-05 3.909219e-05
11589.600000 8.031105e-01 1.912336e-02 7.049563e-03 1.319424e-01 3.782318e-05 -2.912584e-05 -2.663040e-05 3.053900e-05
11589.800000 8.054780e-01 1.922663e-02 7.326728e-03 1.310829e-01 3.577677e-05 -3.095547e-05 -2.274470e-05 1.591447e-05
11590.000000 8.040475e-01 1.922851e-02 7.216840e-03 1.305849e-01 3.758188e-05 -3.142137e-05 -3.128498e-05 3.413453e-05
11590.200000 8.014740e-01 1.912318e-02 7.321753e-03 1.306781e-01 4.064321e-05 -4.118068e-05 -3.777212e-05 4.188784e-05
11590.400000 8.048668e-01 1.926300e-02 7.207270e-03 1.311675e-01 4.798409e-05 -3.167012e-05 -2.729724e-05 4.317286e-05
11590.600000 8.007655e-01 1.923138e-02 7.033535e-03 1.301099e-01 4.061792e-05 -2.764885e-05 -1.649308e-05 4.985801e-05
11590.800000 8.055426e-01 1.934429e-02 7.156937e-03 1.316969e-01 3.576234e-05 -2.571896e-05 -8.771369e-06 5.970421e-05
11591.000000 8.029147e-01 1.928498e-02 7.023236e-03 1.320611e-01 3.776880e-05 -2.780631e-05 -2.033853e-05 5.055829e-05
11591.200000 8.055665e-01 1.936674e-02 7.093767e-03 1.314010e-01 3.877577e-05 -2.580682e-05 -2.170334e-05 4.464273e-05
11591.400000 8.003038e-01 1.928527e-02 6.775196e-03 1.337257e-01 3.448740e-05 -3.006616e-05 -1.344434e-05 6.239329e-05
11591.600000 8.051234e-01 1.940166e-02 6.941166e-03 1.348620e-01 4.521507e-05 -2.808274e-05 -2.314291e-05 5.883008e-05
11591.800000 8.015537e-01 1.931642e-02 6.854650e-03 1.318350e-01 3.903590e-05 -2.862532e-05 -1.469245e-05 6.852675e-05
11592.000000 8.045488e-01 1.941513e-02 6.870866e-03 1.320757e-01 3.887659e-05 -3.293353e-05 8.967682e-07 6.501659e-05
11592.200000 8.055747e-01 1.937768e-02 6.840136e-03 1.342802e-01 5.206975e-05 -3.325411e-05 4.908274e-06 5.814836e-05
11592.400000 8.008191e-01 1.936948e-02 6.901285e-03 1.322902e-01 4.172415e-05 -2.733430e-05 9.778636e-06 3.262622e-05
11592.600000 8.101296e-01 1.957625e-02 6.698266e-03 1.337729e-01 4.057568e-05 -1.287359e-05 1.801885e-05 3.849372e-05
11592.800000 7.999330e-01 1.929881e-02 6.451333e-03 1.326729e-01 4.108614e-05 -1.757044e-05 9.385323e-06 3.005089e-05
11593.000000 8.029986e-01 1.942338e-02 6.737225e-03 1.344670e-01 3.921479e-05 -1.460966e-05 -3.564392e-06 5.041076e-05
11593.200000 8.004912e-01 1.929976e-02 6.545188e-03 1.328035e-01 5.263508e-05 -1.292990e-05 7.125800e-06 4.894083e-05
11593.400000 7.993030e-01 1.929065e-02 6.617318e-03 1.339824e-01 5.015426e-05 -1.770900e-05 1.577599e-05 5.864129e-05
11593.600000 8.053726e-01 1.944215e-02 6.348147e-03 1.369594e-01 4.608903e-05 -7.520522e-06 1.641701e-05 6.312379e-05
11593.800000 8.035846e-01 1.934628e-02 6.364601e-03 1.350044e-01 5.436245e-05 -8.700611e-06 8.884734e-06 6.128449e-05
11594.000000 8.051133e-01 1.948043e-02 6.445036e-03 1.356894e-01 4.733341e-05 -1.132997e-05 1.737037e-05 7.762814e-05
11594.200000 7.981510e-01 1.923910e-02 6.086179e-03 1.347190e-01 5.114807e-05 -2.079103e-05 -2.560938e-06 7.232689e-05
11594.400000 8.028882e-01 1.946677e-02 6.496560e-03 1.360499e-01 3.901238e-05 -2.028326e-05 -7.766392e-07 7.375234e-05
11594.600000 8.020373e-01 1.937438e-02 6.579965e-03 1.374746e-01 4.545125e-05 -2.043218e-05 1.927828e-07 7.861690e-05
11594.800000 8.045749e-01 1.941025e-02 6.555665e-03 1.397975e-01 4.246850e-05 -2.057362e-05 -4.515483e-06 7.486778e-05
11595.000000 8.029636e-01 1.943452e-02 6.572772e-03 1.374810e-01 3.142128e-05 -2.968865e-05 5.580556e-06 8.511459e-05
11595.200000 7.978845e-01 1.924575e-02 6.375688e-03 1.357919e-01 3.692292e-05 -3.479806e-05 1.645402e-05 8.850180e-05
11595.400000 8.035572e-01 1.947954e-02 6.682136e-03 1.374005e-01 3.633925e-05 -3.427261e-05 1.018316e-05 7.088498e-05
11595.600000 8.030765e-01 1.935366e-02 6.651293e-03 1.394735e-01 4.169621e-05 -2.812915e-05 8.397854e-07 6.426290e-05
11595.800000 7.953149e-01 1.928796e-02 6.290353e-03 1.368655e-01 3.048751e-05 -2.502967e-05 -8.251557e-06 7.214316e-05
11596.000000 8.080544e-01 1.952761e-02 6.472595e-03 1.366707e-01 3.741351e-05 -1.543911e-05 3.724129e-06 7.162135e-05
11596.200000 8.005345e-01 1.941216e-02 6.759920e-03 1.392657e-01 2.895199e-05 -1.580668e-05 9.324693e-06 7.280554e-05
11596.400000 8.051696e-01 1.947851e-02 6.504799e-03 1.419663e-01 3.848827e-05 -2.040602e-05 1.236022e-05 7.246707e-05
11596.600000 7.983634e-01 1.931898e-02 6.352292e-03 1.378030e-01 4.392246e-05 -1.725415e-05 1.056521e-05 5.783832e-05
11596.800000 8.026533e-01 1.940603e-02 6.653878e-03 1.406070e-01 4.849286e-05 -1.719365e-05 1.411742e-05 6.202308e-05
11597.000000 8.021850e-01 1.944266e-02 6.726943e-03 1.399935e-01 3.737912e-05 -2.241039e-05 1.697270e-05 5.706953e-05
11597.700000 8.019732e-01 1.949997e-02 6.848127e-03 1.423762e-01 3.206949e-05 -2.119190e-05 2.311286e-05 7.187515e-05
11598.400000 8.009190e-01 1.946238e-02 7.011828e-03 1.445277e-01 3.502150e-05 -2.440244e-05 1.061640e-05 6.841829e-05
11599.100000 8.008582e-01 1.945849e-02 6.948810e-03 1.481128e-01 3.960165e-05 -2.652669e-05 7.110577e-06 5.894906e-05
11599.800000 8.006585e-01 1.950231e-02 7.089911e-03 1.518066e-01 3.570234e-05 -3.135229e-05 -4.109961e-06 3.536660e-05
11600.500000 8.003995e-01 1.952260e-02 7.126980e-03 1.553898e-01 3.292861e-05 -3.142605e-05 -1.019816e-05 4.565764e-05
11601.200000 8.002433e-01 1.956324e-02 7.138841e-03 1.579892e-01 2.855521e-05 -3.133820e-05 -2.715399e-06 5.050160e-05
11601.900000 8.003950e-01 1.957108e-02 7.239166e-03 1.622986e-01 3.065905e-05 -3.292799e-05 1.254410e-06 6.530826e-05
11602.600000 7.998048e-01 1.954641e-02 7.254831e-03 1.655875e-01 3.273488e-05 -3.264086e-05 4.696527e-07 5.982952e-05
11603.300000 7.998175e-01 1.954417e-02 7.171797e-03 1.690132e-01 3.483846e-05 -3.197655e-05 9.316185e-06 5.166146e-05
11604.993695 7.996263e-01 1.946479e-02 7.281671e-03 1.744653e-01 3.077874e-05 -3.624676e-05 1.147126e-06 5.329970e-05
11605.999583 8.001892e-01 1.945385e-02 7.407547e-03 1.757501e-01 2.787498e-05 -3.655703e-05 1.746426e-06 6.081553e-05
11607.017662 7.989834e-01 1.942216e-02 7.378941e-03 1.758734e-01 3.091865e-05 -2.832348e-05 1.312529e-07 4.675203e-05
11608.047933 7.988742e-01 1.942232e-02 7.440081e-03 1.775941e-01 2.389500e-05 -3.861062e-05 6.519768e-07 5.947785e-05
11609.090396 7.991783e-01 1.943235e-02 7.351073e-03 1.800539e-01 2.110797e-05 -3.223755e-05 3.562911e-06 6.027102e-05
11610.145051 7.976291e-01 1.947335e-02 7.280629e-03 1.813735e-01 2.397050e-05 -3.009998e-05 7.073016e-06 5.182978e-05
11611.211898 7.997944e-01 1.960062e-02 7.389915e-03 1.835069e-01 3.019517e-05 -2.360741e-05 -4.618618e-06 5.748887e-05
11612.290937 7.988612e-01 1.965456e-02 7.283697e-03 1.838334e-01 3.050395e-05 -2.298247e-05 -1.146652e-06 5.631773e-05
11613.382167 7.983741e-01 1.972121e-02 7.170492e-03 1.824237e-01 3.672396e-05 -1.780067e-05 8.913380e-06 5.531944e-05
11614.485590 7.982758e-01 1.973908e-02 7.047722e-03 1.804364e-01 3.133268e-05 -2.619341e-05 1.395662e-05 5.714937e-05
11615.601204 7.981188e-01 1.972952e-02 7.040730e-03 1.765911e-01 3.269976e-05 -2.133912e-05 1.221823e-05 5.162712e-05
11616.729011 7.984520e-01 1.970400e-02 6.959438e-03 1.714768e-01 2.939115e-05 -2.151253e-05 1.684185e-05 5.788920e-05
11617.869009 7.977831e-01 1.974110e-02 6.935344e-03 1.645552e-01 3.055548e-05 -2.682822e-05 1.148586e-05 6.210728e-05
11619.021199 7.976070e-01 1.974667e-02 6.755326e-03 1.601808e-01 3.871925e-05 -2.355746e-05 -1.847550e-06 6.776196e-05
11620.185582 7.968063e-01 1.974797e-02 6.728476e-03 1.541855e-01 3.744208e-05 -2.343754e-05 -5.692442e-06 7.438503e-05
11621.362156 7.967627e-01 1.976918e-02 6.778744e-03 1.500613e-01 3.368782e-05 -1.727755e-05 -8.053413e-06 5.987069e-05
11622.550922 7.962643e-01 1.972985e-02 6.770290e-03 1.458175e-01 3.277995e-05 -1.822930e-05 -4.178127e-06 4.137895e-05
11623.751879 7.956959e-01 1.970338e-02 6.730588e-03 1.418259e-01 4.169168e-05 -2.979718e-05 8.912658e-06 5.441088e-05
11624.965029 7.954857e-01 1.975235e-02 6.865318e-03 1.408108e-01 3.398089e-05 -3.188397e-05 1.909372e-05 6.068259e-05
11626.190371 7.956222e-01 1.982965e-02 6.943479e-03 1.379025e-01 2.502168e-05 -3.447285e-05 1.132508e-05 6.288332e-05
11627.427904 7.961002e-01 1.982370e-02 6.956537e-03 1.386023e-01 3.277355e-05 -2.895141e-05 8.976086e-06 7.002574e-05
11628.677630 7.954718e-01 1.977478e-02 7.056888e-03 1.352433e-01 1.461900e-05 -3.097134e-05 3.810660e-06 6.639145e-05
11629.939547 7.941583e-01 1.967827e-02 6.975754e-03 1.354826e-01 2.017711e-05 -2.935457e-05 1.358610e-05 5.527352e-05
11631.213657 7.947606e-01 1.973703e-02 7.017988e-03 1.342953e-01 1.817587e-05 -2.823045e-05 1.549935e-05 7.650783e-05
11632.499958 7.947195e-01 1.979829e-02 7.054882e-03 1.341681e-01 2.109741e-05 -2.853197e-05 1.623273e-05 6.466886e-05
11633.798451 7.946218e-01 1.984541e-02 7.120239e-03 1.343652e-01 2.293197e-05 -3.207303e-05 1.521400e-05 5.767938e-05
11635.109136 7.936763e-01 1.987285e-02 7.235365e-03 1.333918e-01 1.869230e-05 -3.077368e-05 7.900752e-06 4.957239e-05
11636.432013 7.935518e-01 1.994289e-02 7.244314e-03 1.338888e-01 2.173236e-05 -2.269303e-05 6.405025e-06 4.589254e-05
11637.767082 7.930568e-01 2.000905e-02 7.338205e-03 1.329074e-01 3.166034e-05 -2.353947e-05 5.325296e-06 5.140414e-05
11639.114342 7.921873e-01 2.012025e-02 7.475230e-03 1.324895e-01 2.473088e-05 -2.412307e-05 3.055751e-06 4.416679e-05
11640.473795 7.925149e-01 2.025842e-02 7.588381e-03 1.323304e-01 2.335028e-05 -2.991318e-05 1.428130e-05 4.413773e-05
11641.845440 7.925281e-01 2.026812e-02 7.734730e-03 1.313017e-01 2.989037e-05 -2.729595e-05 2.817181e-05 5.484347e-05
11643.229276 7.925639e-01 2.032590e-02 7.758474e-03 1.304437e-01 2.830985e-05 -2.088628e-05 2.965365e-05 7.318964e-05
11644.625305 7.923882e-01 2.045458e-02 7.788269e-03 1.287322e-01 2.236277e-05 -3.036905e-05 1.939793e-05 7.129869e-05
11646.033525 7.927773e-01 2.045941e-02 7.752030e-03 1.299099e-01 2.778647e-05 -3.923700e-05 1.677024e-05 6.517590e-05
11647.453937 7.925973e-01 2.046934e-02 7.815303e-03 1.299287e-01 3.715307e-05 -3.240710e-05 2.640309e-05 7.028457e-05
11648.886541 7.922658e-01 2.052283e-02 7.830458e-03 1.293054e-01 3.630111e-05 -3.277052e-05 1.841712e-05 6.842251e-05
11650.331337 7.922143e-01 2.054897e-02 7.857589e-03 1.294517e-01 4.067527e-05 -3.083669e-05 8.664322e-06 5.930659e-05
11651.788325 7.928719e-01 2.061138e-02 7.847064e-03 1.287386e-01 2.671170e-05 -2.764180e-05 1.630783e-05 6.005229e-05
11653.257505 7.901559e-01 2.053803e-02 7.759788e-03 1.296488e-01 3.022829e-05 -2.721001e-05 1.901710e-05 7.033144e-05
11654.738877 7.911086e-01 2.054705e-02 7.650453e-03 1.306549e-01 3.546581e-05 -3.711719e-05 2.839744e-05 7.567129e-05
11656.232440 7.892431e-01 2.046058e-02 7.652714e-03 1.294022e-01 3.855771e-05 -3.693596e-05 2.338460e-05 7.251322e-05
11657.738196 7.874464e-01 2.034421e-02 7.554992e-03 1.294785e-01 4.548287e-05 -4.485397e-05 1.034133e-05 6.764806e-05
11659.256143 7.890215e-01 2.039507e-02 7.411894e-03 1.302106e-01 3.796677e-05 -4.999694e-05 7.474377e-06 7.484328e-05
11660.786283 7.893033e-01 2.053841e-02 7.443978e-03 1.303647e-01 3.370697e-05 -5.322948e-05 1.641550e-05 7.970225e-05
11662.328614 7.887988e-01 2.067720e-02 7.452546e-03 1.301564e-01 3.089705e-05 -4.750519e-05 -7.418813e-06 7.459325e-05
11663.883137 7.892734e-01 2.076967e-02 7.445928e-03 1.311178e-01 3.677276e-05 -5.270102e-05 -1.774171e-05 6.468222e-05
11665.449852 7.893202e-01 2.088442e-02 7.473328e-03 1.313129e-01 3.283320e-05 -5.375881e-05 -5.986665e-06 6.372404e-05
11667.028759 7.881077e-01 2.097546e-02 7.477314e-03 1.309818e-01 2.586555e-05 -5.181118e-05 -1.352136e-06 5.577271e-05
11668.619858 7.875531e-01 2.102500e-02 7.517785e-03 1.313038e-01 2.756969e-05 -4.034467e-05 -2.569729e-06 5.614931e-05
11670.223149 7.868048e-01 2.103210e-02 7.525923e-03 1.314083e-01 2.641473e-05 -3.237665e-05 -3.090790e-06 4.996398e-05
11671.838632 7.846477e-01 2.100542e-02 7.623986e-03 1.314087e-01 2.433178e-05 -4.669966e-05 -5.134500e-06 4.739111e-05
11673.466307 7.860029e-01 2.115498e-02 7.657534e-03 1.314219e-01 1.778424e-05 -4.310346e-05 1.910817e-06 6.272654e-05
11675.106173 7.879536e-01 2.136193e-02 7.632383e-03 1.317265e-01 2.597798e-05 -4.496515e-05 7.400952e-06 6.105586e-05
11676.758232 7.862552e-01 2.147328e-02 7.786730e-03 1.315998e-01 3.482590e-05 -4.318465e-05 1.576773e-05 7.142034e-05
11678.422482 7.869886e-01 2.154443e-02 7.762789e-03 1.313130e-01 3.038427e-05 -4.175930e-05 1.883531e-05 6.667234e-05
11680.098924 7.851849e-01 2.143189e-02 7.753339e-03 1.306385e-01 2.357850e-05 -5.038756e-05 1.404661e-05 5.479271e-05
11681.787558 7.855740e-01 2.147234e-02 7.738612e-03 1.315991e-01 2.377248e-05 -4.182372e-05 4.925971e-06 5.710795e-05
11683.488385 7.863037e-01 2.161868e-02 7.749234e-03 1.314849e-01 1.780958e-05 -3.362256e-05 1.505854e-05 6.954401e-05
11685.201403 7.855417e-01 2.172703e-02 7.753311e-03 1.313593e-01 2.331753e-05 -3.919218e-05 1.005915e-05 7.154177e-05
11686.926613 7.845245e-01 2.184547e-02 7.786401e-03 1.313518e-01 1.889783e-05 -4.045717e-05 1.198204e-05 6.478640e-05
11688.664014 7.825819e-01 2.194152e-02 7.843225e-03 1.312945e-01 1.396027e-05 -4.229633e-05 5.148676e-06 6.779232e-05
11690.413608 7.843612e-01 2.214584e-02 7.885083e-03 1.312889e-01 1.102642e-05 -4.112652e-05 5.385724e-07 6.473819e-05
11692.175394 7.832515e-01 2.219802e-02 7.844089e-03 1.304898e-01 7.910579e-06 -5.063348e-05 4.004405e-06 7.320910e-05
11693.949371 7.832284e-01 2.220122e-02 7.899749e-03 1.312527e-01 1.841428e-05 -5.106926e-05 3.242467e-06 7.274283e-05
11695.735541 7.826864e-01 2.215444e-02 8.017689e-03 1.305287e-01 2.770443e-05 -4.889542e-05 7.713644e-06 7.676014e-05
11697.533902 7.831125e-01 2.220207e-02 8.081906e-03 1.308487e-01 2.926948e-05 -4.306910e-05 -6.804718e-06 6.426493e-05
11699.344455 7.829362e-01 2.228475e-02 8.181216e-03 1.298399e-01 2.477283e-05 -4.474556e-05 -1.753578e-05 6.274791e-05
11701.167201 7.800719e-01 2.222023e-02 8.156380e-03 1.300891e-01 1.796095e-05 -4.316119e-05 -1.762771e-05 7.193493e-05
11703.002138 7.797695e-01 2.216500e-02 8.377183e-03 1.297395e-01 1.572875e-05 -3.613536e-05 -4.868350e-06 8.325713e-05
11704.849267 7.806391e-01 2.222170e-02 8.407838e-03 1.297464e-01 1.388181e-05 -2.941511e-05 1.291232e-05 6.875277e-05
11706.708588 7.813470e-01 2.233707e-02 8.457704e-03 1.294723e-01 2.347144e-05 -2.725262e-05 6.334609e-06 4.711878e-05
11708.580100 7.817239e-01 2.232774e-02 8.471222e-03 1.299177e-01 2.390363e-05 -3.763403e-05 -3.737646e-06 5.214386e-05
11710.463805 7.806526e-01 2.221828e-02 8.492267e-03 1.297457e-01 3.299230e-05 -4.720927e-05 9.300417e-07 6.018308e-05
11712.359702 7.801928e-01 2.224765e-02 8.420027e-03 1.293003e-01 2.683599e-05 -4.487091e-05 1.103412e-05 5.682348e-05
11714.267790 7.800658e-01 2.242273e-02 8.339122e-03 1.299052e-01 2.144488e-05 -3.980550e-05 2.017583e-05 7.069988e-05
11716.188071 7.798846e-01 2.259257e-02 8.455370e-03 1.292632e-01 3.345798e-05 -4.692087e-05 1.254561e-05 6.191771e-05
11718.120543 7.800250e-01 2.265737e-02 8.394681e-03 1.297227e-01 2.710317e-05 -5.014150e-05 -8.210842e-06 6.651322e-05
11720.065207 7.794104e-01 2.266897e-02 8.445397e-03 1.301607e-01 2.161220e-05 -5.117087e-05 -1.264203e-05 4.608191e-05
11722.022064 7.787990e-01 2.281409e-02 8.384021e-03 1.307491e-01 1.986086e-05 -4.024056e-05 -5.285352e-06 6.139884e-05
11723.991112 7.782024e-01 2.297679e-02 8.395580e-03 1.300907e-01 1.593930e-05 -3.698197e-05 9.367978e-06 7.904081e-05
11725.972352 7.787352e-01 2.304234e-02 8.364087e-03 1.306929e-01 3.118331e-05 -3.960056e-05 9.510068e-07 7.090240e-05
11727.965784 7.778430e-01 2.297648e-02 8.264366e-03 1.310314e-01 2.786472e-05 -4.022221e-05 7.845924e-06 6.792686e-05
11729.971407 7.771540e-01 2.299191e-02 8.276930e-03 1.317577e-01 2.808590e-05 -4.419666e-05 8.086549e-06 6.837864e-05
11731.989223 7.761109e-01 2.309936e-02 8.285128e-03 1.310112e-01 2.136849e-05 -4.611048e-05 -4.661777e-06 6.525354e-05
11734.019231 7.761231e-01 2.326781e-02 8.299026e-03 1.318944e-01 1.640724e-05 -4.762999e-05 -5.028154e-06 6.038115e-05
11736.061430 7.761738e-01 2.340949e-02 8.428217e-03 1.314694e-01 1.749836e-05 -5.092173e-05 -4.261542e-06 4.551212e-05
11738.115822 7.748529e-01 2.342459e-02 8.369045e-03 1.316028e-01 1.621628e-05 -5.257954e-05 -5.473411e-06 5.404826e-05
11740.182405 7.748782e-01 2.347498e-02 8.416871e-03 1.313798e-01 2.283272e-05 -4.734028e-05 4.550512e-06 6.934409e-05
11742.261180 7.721266e-01 2.346323e-02 8.450042e-03 1.301385e-01 2.556583e-05 -4.025067e-05 8.661142e-06 6.711580e-05
11744.352148 7.716054e-01 2.347757e-02 8.492935e-03 1.309710e-01 3.752243e-05 -3.471288e-05 6.486605e-06 5.566535e-05
11746.455307 7.730823e-01 2.344275e-02 8.501290e-03 1.315259e-01 4.669770e-05 -3.977764e-05 -1.198796e-05 6.080623e-05
11748.570658 7.736748e-01 2.347031e-02 8.309592e-03 1.318042e-01 3.654178e-05 -4.130192e-05 -8.093392e-06 5.573159e-05
11750.698201 7.739253e-01 2.367409e-02 8.464669e-03 1.312708e-01 3.129716e-05 -3.927160e-05 -5.851047e-06 5.425123e-05
11752.837935 7.722129e-01 2.375946e-02 8.525611e-03 1.316098e-01 2.996686e-05 -3.800515e-05 5.831919e-07 5.526074e-05
11754.989862 7.730818e-01 2.383004e-02 8.462178e-03 1.313369e-01 3.502886e-05 -3.081073e-05 -6.128550e-07 4.787810e-05
11757.153981 7.726952e-01 2.394801e-02 8.517924e-03 1.321257e-01 3.665001e-05 -3.048325e-05 -3.129452e-06 4.847568e-05
11759.330291 7.694311e-01 2.394259e-02 8.585551e-03 1.307658e-01 3.710022e-05 -3.962530e-05 1.974285e-06 5.813377e-05
11761.518794 7.675710e-01 2.397306e-02 8.588050e-03 1.295050e-01 1.979151e-05 -4.533305e-05 -1.172329e-05 5.906050e-05
11763.719488 7.696635e-01 2.416410e-02 8.729016e-03 1.305767e-01 1.942045e-05 -3.991178e-05 -8.054210e-06 6.823174e-05
11765.932374 7.692488e-01 2.418766e-02 8.921403e-03 1.302964e-01 1.838705e-05 -5.012503e-05 -2.540296e-06 6.766543e-05
11768.157453 7.686799e-01 2.414950e-02 9.035550e-03 1.298348e-01 2.532951e-05 -5.116210e-05 -4.905030e-06 6.108176e-05
11770.394723 7.687868e-01 2.415718e-02 8.995247e-03 1.300481e-01 2.516409e-05 -4.717478e-05 -1.188338e-05 5.973863e-05
11772.644185 7.672628e-01 2.427233e-02 9.117452e-03 1.306992e-01 2.558513e-05 -4.185888e-05 -9.383256e-06 6.147922e-05
11774.905838 7.689665e-01 2.451709e-02 9.179242e-03 1.301934e-01 2.956719e-05 -4.158602e-05 -9.556187e-06 5.824827e-05
11777.179684 7.660366e-01 2.454388e-02 9.178863e-03 1.307187e-01 2.317958e-05 -3.778484e-05 -2.571206e-06 5.330262e-05
11779.465722 7.691882e-01 2.470918e-02 9.242722e-03 1.337270e-01 2.153148e-05 -4.211914e-05 -1.363437e-06 5.791261e-05
11781.763952 7.683025e-01 2.481250e-02 9.322872e-03 1.337648e-01 2.844622e-05 -4.648059e-05 6.508716e-06 6.529408e-05
11784.074373 7.687796e-01 2.491698e-02 9.288406e-03 1.336361e-01 4.106040e-05 -4.762472e-05 4.843784e-06 6.553706e-05
11786.396987 7.663135e-01 2.486099e-02 9.400736e-03 1.321854e-01 4.592601e-05 -4.610344e-05 -2.507649e-07 5.072524e-05
11788.731792 7.664999e-01 2.490464e-02 9.368022e-03 1.339798e-01 3.767523e-05 -5.144599e-05 -3.110200e-06 2.934368e-05
11791.078789 7.662245e-01 2.496541e-02 9.390829e-03 1.411789e-01 4.037192e-05 -5.876376e-05 -4.213821e-06 4.251080e-05
11793.437978 7.654147e-01 2.496173e-02 9.416239e-03 1.505510e-01 3.789100e-05 -4.981719e-05 -1.163994e-05 6.443805e-05
11795.809359 7.606075e-01 2.470652e-02 9.386662e-03 1.611040e-01 3.227935e-05 -4.385953e-05 2.767008e-06 6.833108e-05
11798.192932 7.620282e-01 2.458266e-02 9.309380e-03 1.650989e-01 3.864449e-05 -3.527871e-05 3.086940e-06 6.676395e-05
11800.588697 7.641574e-01 2.464111e-02 9.206656e-03 1.604676e-01 4.204174e-05 -3.685605e-05 3.197956e-06 6.031938e-05
11802.996654 7.637564e-01 2.457021e-02 9.134030e-03 1.536129e-01 4.248285e-05 -4.995927e-05 7.388276e-06 4.463739e-05
11805.416803 7.646258e-01 2.473662e-02 9.129002e-03 1.472647e-01 4.900531e-05 -4.754872e-05 5.957675e-06 6.410961e-05
11807.849143 7.640933e-01 2.500471e-02 9.150853e-03 1.417089e-01 4.845599e-05 -4.434585e-05 -2.935209e-06 7.062513e-05
11810.293676 7.621735e-01 2.519456e-02 9.092824e-03 1.373477e-01 5.581152e-05 -3.892127e-05 -8.551056e-06 5.525524e-05
11812.750400 7.609839e-01 2.533934e-02 9.058679e-03 1.344624e-01 4.989782e-05 -3.558335e-05 3.324621e-06 5.313759e-05
11815.219317 7.616484e-01 2.544502e-02 9.066220e-03 1.332476e-01 4.073295e-05 -3.102282e-05 3.789451e-06 7.330410e-05
11817.700425 7.601735e-01 2.543459e-02 9.116743e-03 1.317475e-01 3.918826e-05 -3.589616e-05 1.918037e-06 7.663011e-05
11820.193725 7.601944e-01 2.548839e-02 9.180890e-03 1.315811e-01 2.925429e-05 -3.668541e-05 -1.747125e-05 7.430571e-05
11822.699217 7.592795e-01 2.553256e-02 9.168816e-03 1.307913e-01 2.398460e-05 -3.636852e-05 -1.733346e-05 7.846959e-05
11825.216901 7.591787e-01 2.558832e-02 9.294450e-03 1.302096e-01 3.102217e-05 -4.341441e-05 1.899561e-07 7.239077e-05
11827.746777 7.616548e-01 2.566010e-02 9.344622e-03 1.307877e-01 3.587888e-05 -3.844991e-05 -1.047234e-05 7.249363e-05
11830.288845 7.604352e-01 2.572031e-02 9.442975e-03 1.304588e-01 3.554668e-05 -2.841439e-05 -1.256431e-05 7.330623e-05
11832.843105 7.582728e-01 2.587052e-02 9.638080e-03 1.306673e-01 2.927312e-05 -3.261172e-05 -1.974724e-06 6.814013e-05
11835.409556 7.573010e-01 2.614135e-02 9.699462e-03 1.301646e-01 3.220436e-05 -3.518618e-05 6.423581e-06 8.070597e-05
11837.988200 7.546341e-01 2.611322e-02 9.827965e-03 1.300061e-01 3.260523e-05 -3.282608e-05 4.966804e-06 7.962899e-05
11840.579035 7.549448e-01 2.619012e-02 9.882108e-03 1.296279e-01 3.827351e-05 -4.076558e-05 -5.639264e-06 8.775358e-05
11843.182062 7.564993e-01 2.634627e-02 9.935306e-03 1.298646e-01 3.468878e-05 -5.053318e-05 -1.586325e-05 7.245375e-05
11845.797282 7.572723e-01 2.648217e-02 1.002946e-02 1.308649e-01 3.469361e-05 -5.417399e-05 -1.242684e-05 7.321523e-05
11848.424693 7.568999e-01 2.661453e-02 1.015137e-02 1.301265e-01 3.603638e-05 -5.579237e-05 -1.717429e-05 6.822688e-05
11851.064296 7.553027e-01 2.670689e-02 1.019127e-02 1.297017e-01 4.206391e-05 -5.781996e-05 -1.371992e-05 6.797291e-05
11853.716091 7.522938e-01 2.669227e-02 1.014837e-02 1.295304e-01 4.126908e-05 -4.760220e-05 -1.504562e-05 5.497645e-05
11856.380078 7.544868e-01 2.687337e-02 1.010504e-02 1.296976e-01 3.815503e-05 -4.701421e-05 -1.155587e-05 6.965906e-05
11859.056256 7.552586e-01 2.696516e-02 1.010389e-02 1.303096e-01 3.445982e-05 -5.393226e-05 -1.669915e-05 6.232741e-05
11861.744627 7.535052e-01 2.690881e-02 1.019847e-02 1.302729e-01 2.749422e-05 -5.078722e-05 -5.030514e-06 5.013157e-05
11864.445190 7.512959e-01 2.690250e-02 1.026287e-02 1.295532e-01 3.087153e-05 -4.626824e-05 -1.535033e-06 6.003427e-05
11867.157944 7.541330e-01 2.715456e-02 1.041153e-02 1.301712e-01 3.335735e-05 -4.966704e-05 -2.109673e-06 6.306924e-05
11869.882891 7.542380e-01 2.749699e-02 1.052814e-02 1.297556e-01 3.170719e-05 -5.460932e-05 -4.767309e-06 5.819158e-05
11872.620029 7.547580e-01 2.769774e-02 1.050925e-02 1.302800e-01 3.382104e-05 -5.840062e-05 2.861715e-06 5.327764e-05
11875.369359 7.524856e-01 2.761886e-02 1.048662e-02 1.308020e-01 3.600833e-05 -5.692257e-05 1.035032e-05 6.511689e-05
11878.130881 7.531479e-01 2.782260e-02 1.058616e-02 1.303214e-01 2.952868e-05 -4.059519e-05 -1.387516e-06 6.910760e-05
11880.904595 7.525726e-01 2.793637e-02 1.044116e-02 1.312596e-01 2.740031e-05 -4.023024e-05 -1.988971e-05 5.674491e-05
11883.690501 7.508099e-01 2.796425e-02 1.046844e-02 1.295256e-01 3.539459e-05 -3.944988e-05 -2.056586e-05 5.125291e-05
11886.488599 7.506066e-01 2.810113e-02 1.045867e-02 1.294938e-01 4.030664e-05 -3.838711e-05 -1.399071e-05 5.873172e-05
11889.298889 7.498283e-01 2.800040e-02 1.039632e-02 1.300234e-01 4.351045e-05 -4.570519e-05 -6.044020e-06 5.914740e-05
11892.121371 7.484576e-01 2.790928e-02 1.030436e-02 1.299684e-01 4.851492e-05 -4.470153e-05 -1.424126e-05 4.387846e-05
11894.956044 7.441330e-01 2.787060e-02 1.031912e-02 1.294271e-01 4.229179e-05 -4.078748e-05 -1.823572e-05 4.666121e-05
11897.802910 7.411002e-01 2.799701e-02 1.034373e-02 1.289881e-01 4.877068e-05 -4.727038e-05 -7.361798e-06 5.625812e-05
11900.661967 7.474516e-01 2.846632e-02 1.052726e-02 1.298434e-01 4.104988e-05 -5.227745e-05 -1.938781e-06 5.633323e-05
11903.533217 7.490978e-01 2.853967e-02 1.053978e-02 1.304324e-01 3.269365e-05 -5.423619e-05 -1.619321e-06 4.483831e-05
11906.416658 7.477772e-01 2.847590e-02 1.057603e-02 1.307137e-01 3.045352e-05 -5.516254e-05 -2.899743e-06 5.067682e-05
11909.312291 7.467425e-01 2.854873e-02 1.075127e-02 1.309019e-01 3.339693e-05 -4.749948e-05 -1.176965e-05 5.113569e-05
11912.220116 7.455633e-01 2.829026e-02 1.083793e-02 1.306417e-01 3.653571e-05 -4.511649e-05 -1.112377e-05 5.687861e-05
11915.140133 7.455915e-01 2.798577e-02 1.072670e-02 1.305808e-01 3.278662e-05 -3.810031e-05 -7.334942e-06 5.023149e-05
11918.072342 7.447105e-01 2.791941e-02 1.075635e-02 1.300074e-01 3.658988e-05 -4.591595e-05 -1.926548e-06 5.593059e-05
11921.016743 7.382504e-01 2.803064e-02 1.091288e-02 1.287674e-01 4.580940e-05 -3.462289e-05 -1.153054e-05 5.082163e-05
11923.973335 7.382235e-01 2.834721e-02 1.104655e-02 1.283310e-01 4.705932e-05 -3.800296e-05 -2.181807e-05 4.920675e-05
11926.942120 7.424255e-01 2.867994e-02 1.116733e-02 1.290118e-01 4.617856e-05 -4.493707e-05 -1.101798e-05 5.746399e-05
11929.923096 7.428198e-01 2.894193e-02 1.127629e-02 1.299138e-01 4.144287e-05 -4.499637e-05 -9.389364e-06 4.609182e-05
11932.916265 7.424899e-01 2.906817e-02 1.125834e-02 1.291577e-01 3.775077e-05 -4.038510e-05 -8.283826e-06 4.814230e-05
11935.921625 7.411602e-01 2.912951e-02 1.127100e-02 1.293485e-01 2.177383e-05 -3.146677e-05 -3.917592e-06 5.549343e-05
11938.939177 7.425091e-01 2.933521e-02 1.134318e-02 1.298963e-01 2.467640e-05 -4.346839e-05 -1.077434e-05 5.110827e-05
11941.968921 7.412103e-01 2.931153e-02 1.134205e-02 1.299623e-01 3.500200e-05 -4.217402e-05 -1.736360e-05 4.447261e-05
11945.010858 7.389573e-01 2.929726e-02 1.134387e-02 1.292700e-01 3.297827e-05 -3.926153e-05 -1.119403e-05 5.119556e-05
11948.064985 7.402304e-01 2.941149e-02 1.138468e-02 1.292695e-01 2.037907e-05 -3.619804e-05 -1.038379e-05 5.474940e-05
11951.131305 7.390106e-01 2.950207e-02 1.151342e-02 1.298054e-01 3.040444e-05 -4.322245e-05 -1.230848e-05 5.684528e-05
11954.209817 7.387546e-01 2.963556e-02 1.156095e-02 1.292940e-01 3.071597e-05 -4.082698e-05 3.727091e-06 5.644141e-05
11957.300521 7.382568e-01 2.985968e-02 1.173250e-02 1.290261e-01 2.531191e-05 -3.861366e-05 -7.942572e-06 4.682531e-05
11960.403416 7.378705e-01 3.012814e-02 1.177440e-02 1.297141e-01 1.930731e-05 -3.936468e-05 -3.266745e-07 3.414978e-05
11963.518504 7.393844e-01 3.047388e-02 1.187227e-02 1.295430e-01 4.091326e-05 -3.131742e-05 8.162576e-06 4.823862e-05
11966.645783 7.383567e-01 3.064791e-02 1.189597e-02 1.291353e-01 4.532440e-05 -2.205642e-05 7.432191e-06 5.023659e-05
11969.785255 7.372640e-01 3.082682e-02 1.191059e-02 1.287477e-01 3.035287e-05 -1.693587e-05 -5.788304e-07 4.963369e-05
11972.936918 7.366352e-01 3.077406e-02 1.178333e-02 1.285523e-01 2.803390e-05 -1.365679e-05 -7.533220e-06 5.005392e-05
11976.100773 7.368503e-01 3.086386e-02 1.187827e-02 1.298074e-01 2.568910e-05 -1.946318e-05 1.045040e-06 5.327923e-05
11979.276820 7.356004e-01 3.117808e-02 1.196592e-02 1.291901e-01 2.405174e-05 -2.536629e-05 1.938249e-06 5.431667e-05
11982.465059 7.346155e-01 3.151074e-02 1.209867e-02 1.291750e-01 1.699093e-05 -1.795544e-05 8.068448e-06 5.231112e-05
11985.665490 7.342907e-01 3.163311e-02 1.216329e-02 1.294849e-01 1.842752e-05 -2.550151e-05 -1.042119e-06 5.383035e-05
11988.878112 7.338944e-01 3.179541e-02 1.219808e-02 1.295346e-01 1.868737e-05 -2.753150e-05 -6.663989e-06 5.599286e-05
11992.102927 7.334359e-01 3.188804e-02 1.217225e-02 1.293764e-01 9.273897e-06 -2.187775e-05 -3.650318e-06 5.114598e-05
11995.339934 7.317952e-01 3.177152e-02 1.223488e-02 1.291923e-01 1.030615e-05 -2.136341e-05 -8.346302e-06 4.672297e-05
11998.589132 7.325972e-01 3.189709e-02 1.228533e-02 1.288508e-01 2.262658e-05 -4.030557e-05 -6.912710e-06 4.165989e-05
12001.850523 7.325805e-01 3.192368e-02 1.237414e-02 1.290902e-01 2.120107e-05 -4.255605e-05 -1.552527e-06 3.861694e-05
12005.124105 7.308026e-01 3.192148e-02 1.247123e-02 1.293689e-01 2.619780e-05 -4.043232e-05 -4.760743e-06 5.288519e-05
12008.409879 7.314953e-01 3.190938e-02 1.253260e-02 1.303954e-01 3.012135e-05 -4.727103e-05 -8.392696e-06 5.143275e-05
12011.707845 7.301654e-01 3.195332e-02 1.263251e-02 1.318756e-01 2.349384e-05 -4.774873e-05 -9.512035e-06 3.857938e-05
12015.018003 7.294779e-01 3.206060e-02 1.278265e-02 1.332085e-01 2.834312e-05 -3.791020e-05 -1.276127e-05 3.153381e-05
12018.340353 7.287713e-01 3.212767e-02 1.283774e-02 1.326248e-01 2.523361e-05 -4.021508e-05 1.429834e-06 5.103811e-05
12021.674895 7.283851e-01 3.218791e-02 1.291715e-02 1.316073e-01 2.285478e-05 -5.083453e-05 -2.289599e-06 5.739349e-05
12025.021629 7.265061e-01 3.204389e-02 1.294163e-02 1.299519e-01 2.895388e-05 -4.925098e-05 -9.356837e-06 5.894779e-05
12028.380554 7.267921e-01 3.184761e-02 1.289255e-02 1.291417e-01 3.492989e-05 -4.704868e-05 3.224920e-06 5.763756e-05
12031.751672 7.260608e-01 3.172737e-02 1.282667e-02 1.290069e-01 2.630848e-05 -4.335090e-05 -1.802632e-06 3.761781e-05
12035.134982 7.267395e-01 3.153440e-02 1.279891e-02 1.302441e-01 3.448059e-05 -4.084785e-05 -7.567198e-06 4.904018e-05
12038.530483 7.252119e-01 3.125992e-02 1.274550e-02 1.314732e-01 3.459701e-05 -3.707455e-05 -1.924459e-05 5.038282e-05
12041.938176 7.250283e-01 3.132932e-02 1.275182e-02 1.311248e-01 3.244551e-05 -3.931174e-05 -2.264206e-05 4.750083e-05
12045.358061 7.189813e-01 3.145052e-02 1.276851e-02 1.291696e-01 2.397983e-05 -3.449144e-05 -8.535352e-06 5.377122e-05
12048.790139 7.129185e-01 3.159407e-02 1.280807e-02 1.283235e-01 2.397819e-05 -3.894418e-05 -1.610375e-05 5.628551e-05
12052.234408 7.212083e-01 3.236975e-02 1.306931e-02 1.302283e-01 2.158340e-05 -3.931806e-05 -1.249159e-05 4.969287e-05
12055.690868 7.218879e-01 3.273692e-02 1.313780e-02 1.295248e-01 2.874907e-05 -3.448709e-05 -1.540047e-05 4.899157e-05
12059.159521 7.226261e-01 3.332535e-02 1.338009e-02 1.291265e-01 2.584938e-05 -3.166333e-05 -1.360250e-05 2.716096e-05
12062.640366 7.219881e-01 3.385301e-02 1.346521e-02 1.290717e-01 4.090517e-05 -3.208937e-05 -1.090028e-05 3.140417e-05
12066.133403 7.221070e-01 3.434099e-02 1.372523e-02 1.294603e-01 3.403327e-05 -3.284381e-05 -1.084740e-05 2.746260e-05
12069.638631 7.211206e-01 3.448392e-02 1.373178e-02 1.285454e-01 2.276152e-05 -3.847587e-05 -1.860390e-06 4.245341e-05
12073.156052 7.202282e-01 3.453319e-02 1.376667e-02 1.283831e-01 1.969787e-05 -4.609118e-05 -7.679995e-06 5.464732e-05
12076.685664 7.204417e-01 3.461668e-02 1.383847e-02 1.283666e-01 1.179128e-05 -4.238966e-05 -5.869600e-06 5.399925e-05
12080.227468 7.194381e-01 3.459818e-02 1.387159e-02 1.283214e-01 1.563975e-05 -3.803827e-05 -1.913917e-05 5.355381e-05
12083.781465 7.181178e-01 3.473263e-02 1.389286e-02 1.280272e-01 1.412816e-05 -3.202263e-05 -2.839067e-06 6.697051e-05
12087.347653 7.174772e-01 3.504483e-02 1.410605e-02 1.289138e-01 2.076930e-05 -2.968742e-05 -9.415321e-06 4.533815e-05
12090.926033 7.175170e-01 3.524494e-02 1.423647e-02 1.287084e-01 2.261747e-05 -3.744788e-05 -7.667271e-07 4.635831e-05
12094.516605 7.170051e-01 3.538908e-02 1.430647e-02 1.280707e-01 2.306193e-05 -4.526193e-05 -5.632521e-06 5.271307e-05
12098.119369 7.159206e-01 3.547377e-02 1.440060e-02 1.283130e-01 2.406032e-05 -3.664256e-05 -2.106218e-05 5.765813e-05
12101.734324 7.156702e-01 3.555732e-02 1.447275e-02 1.289082e-01 2.296108e-05 -3.421810e-05 -2.544054e-05 6.368028e-05
12105.361472 7.140995e-01 3.578402e-02 1.457790e-02 1.285766e-01 3.309730e-05 -3.815391e-05 -2.420313e-05 5.842357e-05
12109.000811 7.134835e-01 3.610244e-02 1.479846e-02 1.286817e-01 3.492964e-05 -4.148052e-05 -2.084209e-05 6.910380e-05
12112.652343 7.141103e-01 3.632965e-02 1.492344e-02 1.295520e-01 3.352679e-05 -3.391152e-05 -1.808229e-05 6.655217e-05
12116.316066 7.112737e-01 3.629535e-02 1.498037e-02 1.286851e-01 3.337357e-05 -4.372355e-05 -2.587053e-05 5.980011e-05
12119.991982 7.110987e-01 3.643621e-02 1.511372e-02 1.283755e-01 3.954623e-05 -4.857876e-05 -3.161801e-05 5.671772e-05
12123.680089 7.121966e-01 3.668729e-02 1.523846e-02 1.283427e-01 4.650865e-05 -4.710660e-05 -2.330000e-05 4.041465e-05
12127.380388 7.103485e-01 3.668096e-02 1.527413e-02 1.271182e-01 3.935129e-05 -4.044534e-05 -1.773795e-05 4.743962e-05
12131.092879 7.102878e-01 3.670141e-02 1.532126e-02 1.277002e-01 3.163957e-05 -4.106709e-05 -1.467564e-05 6.000521e-05
12134.817562 7.101803e-01 3.684061e-02 1.541972e-02 1.279924e-01 3.267491e-05 -3.432209e-05 -1.262836e-05 5.338801e-05
12138.554437 7.092004e-01 3.701086e-02 1.550866e-02 1.277123e-01 2.340997e-05 -3.375275e-05 -1.671164e-05 5.231847e-05
12142.303503 7.082242e-01 3.723285e-02 1.562770e-02 1.279754e-01 2.182578e-05 -3.049326e-05 -2.540852e-05 5.382818e-05
12146.064762 7.085029e-01 3.725983e-02 1.564015e-02 1.280906e-01 2.640194e-05 -3.461464e-05 -4.117273e-05 5.244282e-05
12149.838213 7.071786e-01 3.744274e-02 1.577158e-02 1.279155e-01 3.035321e-05 -2.891209e-05 -2.369645e-05 4.332922e-05
12153.623855 7.065729e-01 3.780020e-02 1.586021e-02 1.284449e-01 2.960463e-05 -3.474890e-05 -2.441976e-05 3.631266e-05
12157.421689 7.070079e-01 3.806178e-02 1.599104e-02 1.286486e-01 2.897784e-05 -3.370546e-05 -2.066301e-05 4.553889e-05
12161.231716 7.057973e-01 3.799164e-02 1.591245e-02 1.295313e-01 3.121443e-05 -3.769736e-05 -8.656866e-06 3.947215e-05
12165.053934 7.055517e-01 3.813234e-02 1.596893e-02 1.290952e-01 3.511571e-05 -2.987072e-05 -1.123153e-05 4.043939e-05
12168.888344 7.045875e-01 3.842496e-02 1.610544e-02 1.294167e-01 3.725786e-05 -2.595415e-05 -1.105197e-05 3.820310e-05
12172.734946 7.014086e-01 3.849566e-02 1.607479e-02 1.294541e-01 3.378885e-05 -3.049423e-05 -1.611236e-05 5.423721e-05
12176.593740 7.027140e-01 3.874503e-02 1.619649e-02 1.299471e-01 3.763599e-05 -2.778321e-05 -8.457770e-06 6.081101e-05
12180.464726 7.021466e-01 3.873757e-02 1.626517e-02 1.296728e-01 3.403216e-05 -3.282775e-05 2.560504e-06 5.335135e-05
12184.347903 7.019409e-01 3.903655e-02 1.633486e-02 1.284631e-01 1.846546e-05 -3.424771e-05 -4.202042e-07 4.440106e-05
12188.243273 7.004570e-01 3.929350e-02 1.642425e-02 1.283765e-01 2.685888e-05 -2.193066e-05 -1.469953e-05 6.097301e-05
12192.150835 7.006986e-01 3.948642e-02 1.655003e-02 1.289974e-01 3.336294e-05 -2.474385e-05 -2.894080e-05 5.587571e-05
12196.070588 6.994039e-01 3.952749e-02 1.664341e-02 1.277061e-01 3.477450e-05 -2.801250e-05 -2.477454e-05 5.743212e-05
12200.002533 6.995861e-01 3.974177e-02 1.676612e-02 1.286901e-01 2.399228e-05 -3.097405e-05 -1.884421e-05 5.688577e-05
12203.946671 6.985276e-01 3.984443e-02 1.685114e-02 1.306954e-01 2.529954e-05 -2.887027e-05 -3.031119e-05 4.541655e-05
12207.903000 6.976760e-01 3.981513e-02 1.694497e-02 1.313044e-01 2.449994e-05 -2.196138e-05 -3.941580e-05 5.375107e-05
12211.871521 6.969422e-01 4.016430e-02 1.716868e-02 1.300442e-01 2.834308e-05 -2.164257e-05 -3.638896e-05 5.148678e-05
12215.852234 6.958800e-01 4.055051e-02 1.737317e-02 1.287725e-01 2.937053e-05 -3.274927e-05 -2.342096e-05 5.547962e-05
12219.845139 6.947573e-01 4.058398e-02 1.749148e-02 1.288439e-01 3.110832e-05 -3.161613e-05 -2.409512e-05 6.169292e-05
12223.850236 6.944245e-01 4.051809e-02 1.754627e-02 1.285713e-01 2.670214e-05 -2.918983e-05 -2.806250e-05 5.332176e-05
12227.867524 6.947983e-01 4.057238e-02 1.761491e-02 1.281901e-01 2.679515e-05 -2.716902e-05 -2.852722e-05 5.482712e-05
12231.897005 6.930454e-01 4.059489e-02 1.764127e-02 1.277006e-01 3.549095e-05 -3.408719e-05 -2.959336e-05 4.387184e-05
12235.938678 6.925744e-01 4.071665e-02 1.772375e-02 1.304624e-01 3.883057e-05 -3.920892e-05 -2.409899e-05 6.934490e-05
12239.992542 6.920927e-01 4.072959e-02 1.781008e-02 1.551337e-01 3.684378e-05 -3.352277e-05 -2.463033e-05 3.637967e-05
12244.058598 6.925069e-01 4.099293e-02 1.793974e-02 1.978348e-01 3.291830e-05 -4.118926e-05 -2.876405e-05 4.134668e-05
12248.136847 6.917947e-01 4.107212e-02 1.799755e-02 2.025151e-01 5.403228e-05 -4.344145e-05 -2.774872e-06 5.420590e-05
12252.227287 6.865186e-01 4.065516e-02 1.793629e-02 1.768904e-01 4.201819e-05 -3.327843e-05 -1.105279e-07 4.808444e-05
12256.329919 6.750125e-01 3.976805e-02 1.770726e-02 1.444780e-01 3.521193e-05 -3.300325e-05 -1.705263e-05 4.372208e-05
12260.444743 6.851112e-01 4.025635e-02 1.798223e-02 1.306834e-01 3.380560e-05 -4.008931e-05 -1.627726e-05 5.337067e-05
12264.571759 6.865246e-01 3.963955e-02 1.777304e-02 1.277449e-01 3.440880e-05 -4.333175e-05 -1.733936e-05 3.483278e-05
12268.710967 6.877567e-01 3.995319e-02 1.794739e-02 1.279194e-01 2.831038e-05 -4.533541e-05 -4.294268e-06 4.212127e-05
12272.862366 6.874429e-01 4.123701e-02 1.846456e-02 1.285550e-01 4.129276e-05 -4.127637e-05 -1.733116e-06 6.955221e-05
12277.025958 6.866549e-01 4.221527e-02 1.885171e-02 1.278316e-01 3.929748e-05 -3.173737e-05 -6.770560e-07 7.949480e-05
12281.201742 6.858778e-01 4.273394e-02 1.908144e-02 1.271230e-01 3.354512e-05 -3.317196e-05 -1.622118e-06 6.959763e-05
12285.389717 6.845118e-01 4.306688e-02 1.913021e-02 1.267878e-01 3.290841e-05 -3.155007e-05 4.869654e-06 5.414166e-05
12289.589884 6.832531e-01 4.317716e-02 1.921034e-02 1.267063e-01 4.496684e-05 -2.982116e-05 -2.082645e-05 4.160625e-05
12293.802244 6.826739e-01 4.274007e-02 1.908685e-02 1.275869e-01 3.964702e-05 -2.731493e-05 -4.592516e-06 6.585888e-05
12298.026795 6.698186e-01 4.091533e-02 1.832809e-02 1.283261e-01 4.178798e-05 -3.221568e-05 -2.179648e-06 6.102112e-05
12302.263538 6.728958e-01 4.159663e-02 1.859038e-02 1.446531e-01 3.841080e-05 -2.885192e-05 4.297445e-06 4.656134e-05
12306.512473 6.808547e-01 4.306950e-02 1.920452e-02 1.654794e-01 3.885098e-05 -2.712358e-05 -1.624163e-06 5.988827e-05
12310.773600 6.801515e-01 4.344401e-02 1.942424e-02 1.595500e-01 3.024796e-05 -2.709014e-05 4.835597e-07 7.112755e-05
12315.046919 6.794327e-01 4.368289e-02 1.959161e-02 1.381385e-01 3.309939e-05 -2.943694e-05 -6.508444e-06 4.720664e-05
12319.332429 6.793199e-01 4.399598e-02 1.972572e-02 1.293544e-01 3.309771e-05 -2.333996e-05 -3.912809e-06 5.045194e-05
12323.630132 6.794262e-01 4.388696e-02 1.978768e-02 1.286669e-01 4.472478e-05 -2.064208e-05 -7.549558e-06 6.044410e-05
12327.940026 6.788036e-01 4.420597e-02 2.002264e-02 1.349466e-01 4.427144e-05 -1.242888e-05 -3.593004e-06 5.021144e-05
12332.262113 6.780130e-01 4.445303e-02 2.019597e-02 1.424971e-01 3.165719e-05 -1.177481e-05 -1.296524e-05 5.808639e-05
12336.596391 6.779609e-01 4.453863e-02 2.029846e-02 1.394317e-01 2.840506e-05 -2.049918e-05 -1.492730e-05 5.892266e-05
12340.942861 6.771527e-01 4.456702e-02 2.040351e-02 1.305919e-01 2.608548e-05 -1.648643e-05 -1.328753e-05 7.004672e-05
12345.301524 6.762815e-01 4.431945e-02 2.043554e-02 1.290975e-01 2.376358e-05 -1.368699e-05 -2.037252e-05 6.241351e-05
12349.672378 6.751408e-01 4.447082e-02 2.053415e-02 1.277427e-01 2.694820e-05 -2.779736e-05 -1.149810e-05 6.485686e-05
12354.055424 6.731739e-01 4.491238e-02 2.076129e-02 1.265293e-01 2.382567e-05 -3.722379e-05 -5.085239e-06 5.709863e-05
12358.450662 6.739362e-01 4.502820e-02 2.093332e-02 1.264909e-01 3.048361e-05 -4.220909e-05 -4.443308e-06 4.973649e-05
12362.858091 6.731000e-01 4.501074e-02 2.095421e-02 1.265572e-01 4.068699e-05 -2.788445e-05 -1.058006e-05 6.693794e-05
12367.277713 6.714839e-01 4.501920e-02 2.104129e-02 1.260599e-01 2.776810e-05 -2.781577e-05 -1.693747e-05 6.323836e-05
12371.709527 6.719500e-01 4.545820e-02 2.131995e-02 1.257968e-01 2.291439e-05 -3.906364e-05 -1.505217e-05 5.832911e-05
12376.153532 6.714331e-01 4.613811e-02 2.163845e-02 1.258959e-01 9.971058e-06 -3.244126e-05 -6.518177e-06 5.710444e-05
12380.609730 6.704348e-01 4.645846e-02 2.181946e-02 1.259856e-01 6.644338e-06 -2.890910e-05 -6.059887e-06 6.062489e-05
12385.078119 6.701261e-01 4.668309e-02 2.200159e-02 1.259980e-01 1.297941e-05 -3.541884e-05 -1.858675e-06 6.846912e-05
12389.558700 6.691601e-01 4.700433e-02 2.218073e-02 1.257858e-01 2.343155e-05 -3.641090e-05 -1.526380e-05 7.180790e-05
12394.051473 6.683522e-01 4.700043e-02 2.225223e-02 1.259809e-01 2.966194e-05 -3.764587e-05 -2.231328e-05 7.127355e-05
12398.556438 6.673581e-01 4.691212e-02 2.236057e-02 1.258412e-01 3.077285e-05 -4.291189e-05 -1.794919e-05 6.105422e-05
12403.073595 6.666757e-01 4.725458e-02 2.249119e-02 1.251883e-01 2.957201e-05 -4.039723e-05 -1.435921e-05 5.815324e-05
12407.602944 6.658906e-01 4.756115e-02 2.267102e-02 1.255210e-01 2.640157e-05 -5.367938e-05 -1.615790e-05 5.984626e-05
12412.144485 6.652964e-01 4.783781e-02 2.279286e-02 1.252407e-01 3.122757e-05 -5.517417e-05 -2.551669e-05 6.151299e-05
12416.698218 6.633359e-01 4.796855e-02 2.286142e-02 1.254124e-01 3.358492e-05 -4.574944e-05 -2.571240e-05 6.103226e-05
12421.264142 6.608497e-01 4.821788e-02 2.310571e-02 1.251015e-01 3.955046e-05 -4.450933e-05 -1.288192e-05 6.233817e-05
12425.842259 6.615741e-01 4.866344e-02 2.333616e-02 1.254991e-01 4.251447e-05 -5.360633e-05 -4.707993e-06 6.643658e-05
12430.432567 6.626590e-01 4.909705e-02 2.349458e-02 1.257803e-01 3.964636e-05 -5.034985e-05 -1.161417e-05 6.923463e-05
12435.035068 6.617829e-01 4.945633e-02 2.369561e-02 1.257837e-01 4.400187e-05 -5.250061e-05 -5.983891e-06 6.856377e-05
12439.649760 6.608823e-01 4.968930e-02 2.384865e-02 1.254457e-01 5.283791e-05 -4.698936e-05 5.809039e-06 6.451286e-05
12444.276644 6.597275e-01 4.982399e-02 2.398719e-02 1.253159e-01 5.331730e-05 -4.982897e-05 1.528270e-05 6.455694e-05
12448.915720 6.585769e-01 4.991107e-02 2.407346e-02 1.251571e-01 4.752923e-05 -5.308922e-05 1.101456e-05 6.332642e-05
12453.566988 6.592257e-01 5.020864e-02 2.425423e-02 1.252425e-01 4.588536e-05 -6.030161e-05 1.644733e-05 7.060074e-05
12458.230448 6.584535e-01 5.033753e-02 2.438860e-02 1.254002e-01 4.563486e-05 -5.721503e-05 1.478786e-05 6.947770e-05
12462.906100 6.578698e-01 5.053580e-02 2.452091e-02 1.258807e-01 4.603197e-05 -5.703946e-05 1.639776e-05 5.799701e-05
12467.593943 6.576466e-01 5.073469e-02 2.471530e-02 1.279383e-01 3.693572e-05 -5.556609e-05 -6.031420e-06 6.913622e-05
12472.293979 6.561423e-01 5.104051e-02 2.492204e-02 1.302586e-01 4.466271e-05 -4.661766e-05 -6.881088e-06 7.613619e-05
12477.006206 6.556792e-01 5.141817e-02 2.518364e-02 1.270705e-01 4.127619e-05 -4.234345e-05 5.626423e-06 7.865100e-05
12481.730626 6.556080e-01 5.181267e-02 2.543326e-02 1.249479e-01 3.073703e-05 -4.534361e-05 6.443390e-06 7.682366e-05
12486.467237 6.548433e-01 5.207968e-02 2.565889e-02 1.252847e-01 2.974687e-05 -4.385371e-05 1.107107e-05 6.412611e-05
12491.216040 6.540870e-01 5.222921e-02 2.583948e-02 1.266237e-01 2.778032e-05 -3.930208e-05 1.039750e-05 5.794342e-05
12495.977036 6.524532e-01 5.232414e-02 2.602546e-02 1.285545e-01 3.067518e-05 -3.285380e-05 -3.395395e-06 6.421423e-05
12500.750223 6.496337e-01 5.220384e-02 2.606220e-02 1.284708e-01 2.632013e-05 -3.127187e-05 3.040799e-06 6.485489e-05
12505.535602 6.514229e-01 5.249775e-02 2.627129e-02 1.261623e-01 2.695751e-05 -3.803722e-05 -7.173162e-08 7.342148e-05
12510.333172 6.518111e-01 5.274319e-02 2.648622e-02 1.250812e-01 3.171694e-05 -4.183165e-05 1.450553e-05 8.520333e-05
12515.142935 6.512217e-01 5.289353e-02 2.665138e-02 1.248274e-01 3.932251e-05 -4.687692e-05 8.651820e-06 7.391217e-05
12519.964890 6.503639e-01 5.255062e-02 2.659338e-02 1.246194e-01 4.280194e-05 -4.920400e-05 1.403388e-05 8.521176e-05
12524.799037 6.496433e-01 5.200830e-02 2.637992e-02 1.248862e-01 3.762960e-05 -5.438491e-05 8.365786e-06 7.270097e-05
12529.645375 6.433486e-01 5.168720e-02 2.630078e-02 1.238776e-01 3.914323e-05 -5.671607e-05 -4.664741e-06 7.192384e-05
12534.503905 3.323266e-01 2.677670e-02 1.361643e-02 6.407373e-02 2.164734e-05 -2.859050e-05 -2.411274e-06 4.014643e-05
12539.374628 6.478063e-03 5.214200e-04 2.652476e-04 1.252545e-03 4.120340e-07 -5.530840e-07 -2.304908e-08 7.899501e-07
