# Facility: NSLS-II
# Beamline: QAS
# Year: 2023
# Cycle: 3
# SAF: 312215
# PI: Reece
# Proposal: 313586
# Scan ID: 271205
# UID: 2a0320e8-2f1c-4276-903c-6669b6e67713
# Comment: 
# Start time: 10/18/2023  21:42:32
# Stop time: 10/18/2023  21:43:04
# Total time: 00:31
# Trajectory name: Pt-L3-30s-11564.txt
# Element: Platinum ( 78)
# Edge: L3
# E0: 11564
# Reference Foil Element: Pt
# Keithley Gains I0: 1E6 V/A It: 1E6 V/A Iref: 1E7 V/A PIPS: 1E8 V/A 
# Ion Chamber Gas Flow Rates: I0: 0.00 sccm He + 189.70 sccm N2 + 9.80 sccm Ar 
# Ion Chamber Gas Flow Rates: It&Iref: 39.70 sccm N2 + 60.10 sccm Ar
# Incident Beam Path Vertical: 31.75 mm
# Incident Slits Positions B: TOP: 2.0 mm Bottom: 1.0 mm Inboard: 0.57675 mm Outboard: 1.57675 mm
# Sample Stage Positions: Rotation: 30.0 deg Horizontal: -10.11 mm Vertical: 15.39 mm Beam Direction: 0.00 mm
# PerkinElmer Vertical Position: 500.00 mm
# Linkam Oven Temperature : 3.03 C and Ramp Rate: 20.00 C/min.
# Front End Mirror Horizontal Positions: Up: -14.00 mm Down: -14.00 mm
#
# energy  i0  it  ir  iff  aux1  aux2  aux3  aux4
11380.468179 4.205163e-01 -1.430312e-03 8.650161e-04 2.398079e-02 1.776682e-05 -2.529758e-05 2.515540e-06 3.211854e-05
11385.468179 8.262472e-01 -2.838133e-03 1.720404e-03 4.746757e-02 4.257818e-05 -5.677440e-05 1.523264e-05 7.241128e-05
11390.468179 8.320161e-01 -2.849233e-03 1.754182e-03 4.768797e-02 3.704115e-05 -5.618009e-05 2.075192e-05 7.667889e-05
11395.468179 8.395838e-01 -2.843544e-03 1.747436e-03 4.785276e-02 3.599438e-05 -5.414686e-05 2.098135e-05 7.927643e-05
11400.468179 8.379125e-01 -2.842966e-03 1.730792e-03 4.783473e-02 3.771935e-05 -5.017579e-05 8.743187e-06 6.903171e-05
11405.468179 8.359277e-01 -2.828750e-03 1.747857e-03 4.790733e-02 3.270667e-05 -4.687618e-05 6.422116e-06 6.058424e-05
11410.468179 8.335639e-01 -2.847627e-03 1.712933e-03 4.790972e-02 3.726054e-05 -3.353884e-05 1.306861e-05 5.683017e-05
11415.468179 8.254690e-01 -2.847342e-03 1.731323e-03 4.738322e-02 3.233878e-05 -3.783200e-05 1.443601e-05 5.385505e-05
11420.468179 8.252563e-01 -2.850778e-03 1.729901e-03 4.768354e-02 4.200125e-05 -3.829332e-05 -4.191045e-06 5.274101e-05
11425.468179 8.327346e-01 -2.848971e-03 1.774481e-03 4.820506e-02 2.967454e-05 -4.103494e-05 -9.617506e-08 5.008677e-05
11430.468179 8.335164e-01 -2.854213e-03 1.723273e-03 4.843814e-02 2.665524e-05 -3.647167e-05 -1.049757e-06 5.006697e-05
11435.468179 8.319643e-01 -2.857966e-03 1.758680e-03 4.873517e-02 3.617402e-05 -4.156145e-05 2.438542e-06 6.369539e-05
11440.468179 8.312598e-01 -2.866176e-03 1.728113e-03 4.891735e-02 4.135018e-05 -4.762107e-05 -9.570924e-07 6.300607e-05
11445.468179 8.298296e-01 -2.863319e-03 1.717274e-03 4.876726e-02 3.347976e-05 -3.990368e-05 -2.551695e-06 5.675811e-05
11450.468179 8.282956e-01 -2.863634e-03 1.722016e-03 4.865087e-02 3.913638e-05 -4.321942e-05 -9.049545e-06 6.315106e-05
11455.468179 8.272755e-01 -2.859310e-03 1.716488e-03 4.857253e-02 3.632208e-05 -4.568568e-05 -4.021812e-06 6.367313e-05
11460.468179 8.265205e-01 -2.858921e-03 1.717369e-03 4.904556e-02 3.143052e-05 -4.806444e-05 -1.942709e-06 6.905344e-05
11465.468179 8.249995e-01 -2.855432e-03 1.715652e-03 4.895069e-02 3.514419e-05 -4.202251e-05 -2.842826e-06 6.041600e-05
11470.468179 8.243331e-01 -2.859158e-03 1.738415e-03 4.889689e-02 3.789444e-05 -4.196584e-05 -9.660891e-06 6.405326e-05
11475.468179 8.239383e-01 -2.869416e-03 1.745419e-03 4.903680e-02 3.502387e-05 -4.128697e-05 -5.915908e-06 6.421544e-05
11480.468179 8.232565e-01 -2.872870e-03 1.762227e-03 4.905163e-02 3.475254e-05 -3.310312e-05 -5.234343e-06 6.575159e-05
11485.468179 8.220084e-01 -2.871306e-03 1.737897e-03 4.930314e-02 3.664921e-05 -3.682569e-05 -6.556429e-06 6.226752e-05
11490.468179 8.211407e-01 -2.869305e-03 1.746764e-03 4.957503e-02 4.543645e-05 -3.546486e-05 -8.678041e-06 6.127264e-05
11495.468179 8.199373e-01 -2.869013e-03 1.716441e-03 4.964993e-02 4.752940e-05 -3.406994e-05 -9.168498e-06 4.997065e-05
11500.468179 8.188044e-01 -2.878466e-03 1.758341e-03 4.950757e-02 4.107638e-05 -3.769270e-05 -4.494867e-06 5.289576e-05
11505.468179 8.178505e-01 -2.880011e-03 1.740288e-03 4.967265e-02 4.172209e-05 -3.374079e-05 -3.219078e-06 5.292005e-05
11510.468179 8.167404e-01 -2.870743e-03 1.701503e-03 4.975647e-02 4.570810e-05 -3.697326e-05 2.099804e-07 4.189318e-05
11515.468179 8.159416e-01 -2.854503e-03 1.738221e-03 4.979947e-02 4.105896e-05 -3.318843e-05 -1.914710e-06 2.886529e-05
11520.468179 8.156528e-01 -2.866246e-03 1.703455e-03 5.004025e-02 3.112451e-05 -3.552828e-05 4.862622e-06 3.109727e-05
11525.468179 8.146752e-01 -2.877949e-03 1.721889e-03 5.007210e-02 3.511907e-05 -3.686772e-05 9.307466e-06 4.438562e-05
11530.468179 8.132545e-01 -2.865112e-03 1.739622e-03 5.060184e-02 3.514014e-05 -3.241116e-05 8.998786e-06 4.391776e-05
11534.000000 8.128209e-01 -2.860800e-03 1.721480e-03 5.100209e-02 4.072335e-05 -3.946143e-05 2.929153e-06 3.782771e-05
11535.000000 8.129903e-01 -2.865990e-03 1.685012e-03 5.065734e-02 4.912882e-05 -4.175743e-05 1.114227e-05 3.412607e-05
11536.000000 8.122396e-01 -2.873826e-03 1.723650e-03 5.165666e-02 4.607820e-05 -3.983086e-05 1.494576e-05 2.381152e-05
11537.000000 8.131840e-01 -2.876152e-03 1.748343e-03 5.156897e-02 3.771707e-05 -3.472723e-05 4.266739e-06 1.982856e-05
11538.000000 8.123414e-01 -2.847278e-03 1.592106e-03 5.120142e-02 3.617144e-05 -3.064965e-05 4.773047e-06 3.856212e-05
11539.000000 8.121545e-01 -2.865173e-03 1.736685e-03 5.085713e-02 4.227286e-05 -1.629194e-05 4.762842e-07 4.008250e-05
11540.000000 8.106854e-01 -2.856862e-03 1.782400e-03 5.188378e-02 3.705489e-05 -1.417281e-05 5.848392e-06 3.996703e-05
11541.000000 8.117665e-01 -2.865822e-03 1.737358e-03 5.128953e-02 3.983057e-05 -1.388742e-05 -1.503270e-06 4.269153e-05
11541.200000 8.071602e-01 -2.752705e-03 1.931405e-03 5.197614e-02 4.576904e-05 -1.091700e-05 -1.393664e-05 3.375062e-05
11541.400000 8.107989e-01 -2.922207e-03 1.688811e-03 5.466019e-02 5.484069e-05 -2.127485e-05 -3.216522e-06 1.724362e-05
11541.600000 8.106711e-01 -2.747257e-03 1.718241e-03 5.044734e-02 4.337317e-05 -2.771787e-05 -1.909455e-05 -1.667422e-05
11541.800000 8.043862e-01 -2.861802e-03 1.680622e-03 4.872328e-02 5.109648e-05 -2.371965e-05 -5.112506e-06 -1.318675e-05
11542.000000 8.184874e-01 -2.883826e-03 1.747596e-03 5.204860e-02 5.561334e-05 -2.405561e-05 -4.703929e-06 2.079479e-05
11542.200000 8.076270e-01 -2.783817e-03 1.916581e-03 5.157158e-02 5.361616e-05 -1.433536e-05 5.930184e-06 3.007857e-05
11542.400000 8.123801e-01 -2.933310e-03 1.925886e-03 5.245305e-02 5.906503e-05 -2.189966e-05 3.525965e-06 3.538626e-05
11542.600000 8.140065e-01 -2.777413e-03 1.803054e-03 5.241692e-02 5.107601e-05 -2.259688e-05 1.149932e-05 3.580179e-05
11542.800000 8.151653e-01 -2.959093e-03 1.668354e-03 5.098258e-02 7.175365e-05 -2.857208e-05 6.424967e-06 3.135790e-05
11543.000000 8.071076e-01 -2.818185e-03 1.538750e-03 5.214355e-02 5.043721e-05 -2.539569e-05 -1.270798e-05 -5.918215e-06
11543.200000 8.098081e-01 -2.808811e-03 1.866085e-03 5.061227e-02 4.920442e-05 -2.385296e-05 -4.179008e-05 -2.172527e-06
11543.400000 8.064759e-01 -2.837601e-03 1.807386e-03 5.133612e-02 5.390257e-05 -2.051289e-05 -2.558004e-05 -2.923247e-06
11543.600000 8.129708e-01 -2.799097e-03 1.622817e-03 5.202458e-02 2.897347e-05 -2.992759e-05 -4.907703e-06 7.652193e-06
11543.800000 8.114493e-01 -2.964042e-03 1.790091e-03 5.246706e-02 3.999148e-05 -2.657399e-05 -2.680559e-07 2.048139e-05
11544.000000 8.112510e-01 -2.780388e-03 2.078033e-03 5.551647e-02 2.426911e-05 -2.665869e-05 -1.268855e-06 3.046495e-05
11544.200000 8.152358e-01 -2.883969e-03 1.820515e-03 5.298542e-02 4.719459e-05 -2.889016e-05 -1.981027e-05 2.677886e-05
11544.400000 8.096010e-01 -2.781549e-03 1.869935e-03 5.062972e-02 4.872435e-05 -3.376969e-05 2.330038e-07 3.090409e-05
11544.600000 8.152594e-01 -2.822784e-03 1.866868e-03 5.284022e-02 4.479850e-05 -3.410329e-05 2.837385e-06 3.039784e-05
11544.800000 8.064341e-01 -2.817776e-03 1.585685e-03 5.247272e-02 4.147370e-05 -3.651087e-05 8.062068e-06 3.417563e-05
11545.000000 8.111279e-01 -2.766825e-03 1.778186e-03 5.038306e-02 4.273492e-05 -3.207853e-05 1.416727e-05 3.238601e-05
11545.200000 8.117641e-01 -2.913330e-03 1.582722e-03 5.142599e-02 5.077488e-05 -3.131327e-05 1.793626e-07 1.958615e-05
11545.400000 8.130100e-01 -2.786691e-03 1.951147e-03 5.248436e-02 3.542247e-05 -2.926606e-05 -3.120771e-06 2.736012e-05
11545.600000 8.149135e-01 -2.943866e-03 1.814618e-03 5.244334e-02 4.366748e-05 -2.953949e-05 -3.466324e-06 1.736902e-05
11545.800000 8.045326e-01 -2.749341e-03 1.862913e-03 5.118702e-02 4.487673e-05 -2.611926e-05 -1.086872e-06 8.023186e-06
11546.000000 8.088183e-01 -2.836193e-03 1.817823e-03 5.187882e-02 4.504135e-05 -3.785360e-05 -4.532710e-06 2.502192e-05
11546.200000 8.161774e-01 -2.853228e-03 1.906771e-03 5.323477e-02 4.026148e-05 -4.512147e-05 -1.675759e-05 8.371609e-06
11546.400000 8.170817e-01 -2.748778e-03 1.677324e-03 5.248479e-02 5.030254e-05 -3.983794e-05 1.557358e-06 3.167069e-05
11546.600000 8.170693e-01 -2.917024e-03 1.617839e-03 5.415514e-02 5.509438e-05 -3.058918e-05 1.744402e-05 4.564024e-05
11546.800000 8.075185e-01 -2.757590e-03 1.700621e-03 5.407881e-02 3.758207e-05 -3.031103e-05 -1.960844e-05 2.579683e-05
11547.000000 8.133382e-01 -2.949903e-03 1.763000e-03 5.186470e-02 4.614336e-05 -4.055761e-05 -1.892519e-06 3.362982e-05
11547.200000 8.074613e-01 -2.776316e-03 1.595180e-03 5.199994e-02 4.092475e-05 -4.870991e-05 -1.544514e-05 1.515917e-05
11547.400000 8.136430e-01 -2.822701e-03 1.814762e-03 5.245247e-02 3.658891e-05 -4.908245e-05 -2.518185e-05 1.234765e-05
11547.600000 8.055269e-01 -2.799403e-03 1.871191e-03 5.247122e-02 4.453203e-05 -4.172051e-05 -5.538784e-06 1.615354e-05
11547.800000 8.116685e-01 -2.798416e-03 1.715270e-03 5.348842e-02 4.478897e-05 -4.447083e-05 -3.471913e-06 2.741479e-05
11548.000000 8.089852e-01 -2.911402e-03 1.638920e-03 5.343924e-02 4.979486e-05 -3.636816e-05 1.276088e-06 3.233075e-05
11548.200000 8.128660e-01 -2.799529e-03 1.922372e-03 5.384741e-02 4.378443e-05 -2.564438e-05 5.892241e-06 3.588372e-05
11548.400000 8.103994e-01 -2.940613e-03 1.455069e-03 5.180974e-02 5.462229e-05 -3.191589e-05 -2.067125e-05 1.246262e-05
11548.600000 8.101993e-01 -2.790132e-03 2.059883e-03 5.364722e-02 3.929167e-05 -4.123812e-05 -1.012993e-05 1.919368e-05
11548.800000 8.072318e-01 -2.934967e-03 1.760243e-03 5.478367e-02 6.329418e-05 -4.600274e-05 -9.331457e-06 2.834595e-05
11549.000000 8.113986e-01 -2.755569e-03 1.767561e-03 5.393188e-02 5.603570e-05 -4.378992e-05 3.217118e-06 4.784774e-05
11549.200000 8.054630e-01 -2.892586e-03 1.573747e-03 5.326140e-02 6.681117e-05 -4.833346e-05 9.579399e-06 5.265818e-05
11549.400000 8.124040e-01 -2.836869e-03 1.800036e-03 5.244030e-02 5.909274e-05 -4.738052e-05 1.308736e-06 3.812868e-05
11549.600000 8.149491e-01 -2.875588e-03 1.734413e-03 5.469296e-02 6.083587e-05 -3.841371e-05 1.624536e-05 3.904589e-05
11549.800000 8.078127e-01 -2.848543e-03 1.707704e-03 5.381848e-02 4.945542e-05 -4.053175e-05 2.145586e-06 3.375390e-05
11550.000000 8.100088e-01 -2.811399e-03 1.851777e-03 5.316428e-02 4.722805e-05 -4.866040e-05 -7.854910e-06 1.609086e-05
11550.200000 8.123665e-01 -2.879756e-03 1.678133e-03 5.383282e-02 5.089581e-05 -4.600179e-05 -1.835495e-05 2.949194e-05
11550.400000 8.092883e-01 -2.770616e-03 1.875583e-03 5.170918e-02 5.160755e-05 -4.306186e-05 -7.374257e-06 3.490881e-05
11550.600000 8.130963e-01 -2.937527e-03 1.792362e-03 5.278365e-02 5.519727e-05 -3.233789e-05 1.106200e-05 2.646338e-05
11550.800000 8.114154e-01 -2.764025e-03 1.572116e-03 5.308163e-02 4.776482e-05 -3.253461e-05 6.182736e-06 3.199049e-05
11551.000000 8.051048e-01 -2.903233e-03 1.605797e-03 5.472095e-02 6.366637e-05 -3.002840e-05 1.714814e-06 4.320707e-05
11551.200000 8.154464e-01 -2.796633e-03 1.893423e-03 5.356492e-02 5.552777e-05 -4.468017e-05 6.799264e-06 3.622357e-05
11551.400000 8.101417e-01 -2.876214e-03 1.949203e-03 5.384959e-02 6.670940e-05 -3.037913e-05 -7.120009e-06 2.574633e-05
11551.600000 8.133093e-01 -2.772992e-03 1.699533e-03 5.428008e-02 4.876866e-05 -3.479795e-05 -6.815413e-06 1.457160e-05
11551.800000 8.074818e-01 -2.902724e-03 1.322142e-03 5.340164e-02 6.251999e-05 -4.340254e-05 -5.364623e-06 1.707851e-05
11552.000000 8.127684e-01 -2.766319e-03 1.809938e-03 5.509944e-02 5.543196e-05 -3.463049e-05 2.968733e-06 2.718987e-05
11552.200000 8.067531e-01 -2.906070e-03 1.691846e-03 5.260932e-02 7.306233e-05 -4.731675e-05 -5.335656e-06 3.008743e-05
11552.400000 8.109382e-01 -2.765053e-03 1.763285e-03 5.543479e-02 5.858538e-05 -3.472614e-05 3.925755e-06 3.106329e-05
11552.600000 8.124182e-01 -2.932973e-03 1.406566e-03 5.461531e-02 6.498014e-05 -2.162822e-05 2.631471e-06 3.307554e-05
11552.800000 8.042110e-01 -2.815405e-03 1.589047e-03 5.238725e-02 5.972112e-05 -2.586503e-05 7.625044e-06 4.335330e-05
11553.000000 8.052875e-01 -2.877900e-03 1.365276e-03 5.430567e-02 7.141579e-05 -3.227451e-05 -1.240832e-05 3.405928e-05
11553.200000 8.122363e-01 -2.757894e-03 1.573775e-03 5.487055e-02 6.962072e-05 -2.915911e-05 4.038809e-06 4.107955e-05
11553.400000 8.133168e-01 -2.885704e-03 1.642361e-03 5.431172e-02 6.698277e-05 -2.447299e-05 1.031538e-05 4.630189e-05
11553.600000 8.094915e-01 -2.746749e-03 2.092809e-03 5.673074e-02 5.306275e-05 -2.953947e-05 5.928075e-06 5.567149e-05
11553.800000 8.097436e-01 -2.885717e-03 1.773848e-03 5.496046e-02 6.183899e-05 -3.180113e-05 -1.052563e-05 5.379654e-05
11554.000000 8.126369e-01 -2.816557e-03 1.834003e-03 5.594967e-02 4.664283e-05 -2.964366e-05 -3.928508e-06 5.765545e-05
11554.200000 8.066206e-01 -2.895730e-03 1.658722e-03 5.352368e-02 5.780113e-05 -3.848926e-05 -1.324914e-05 4.055938e-05
11554.400000 8.110416e-01 -2.799414e-03 1.846324e-03 5.546112e-02 5.171121e-05 -3.361698e-05 -9.077859e-06 4.323885e-05
11554.600000 8.101191e-01 -2.917887e-03 1.650149e-03 5.648514e-02 5.454650e-05 -2.954692e-05 -4.933513e-06 5.146485e-05
11554.800000 8.069110e-01 -2.774471e-03 1.591359e-03 5.570740e-02 4.671868e-05 -2.256628e-05 1.720483e-07 6.624411e-05
11555.000000 8.123252e-01 -2.916263e-03 1.655221e-03 5.704047e-02 5.979028e-05 -2.262498e-05 9.850386e-06 6.238010e-05
11555.200000 8.090043e-01 -2.786915e-03 1.859021e-03 5.488374e-02 5.296540e-05 -2.261842e-05 6.603199e-06 5.842734e-05
11555.400000 8.134079e-01 -2.922257e-03 1.791203e-03 5.813402e-02 4.989631e-05 -2.651351e-05 7.484220e-06 5.898724e-05
11555.600000 8.062939e-01 -2.744414e-03 2.038743e-03 5.574901e-02 4.886214e-05 -3.226800e-05 1.571608e-05 5.320965e-05
11555.800000 8.082590e-01 -2.852314e-03 1.821909e-03 5.639335e-02 5.028800e-05 -2.641921e-05 1.442558e-05 2.954208e-05
11556.000000 8.122723e-01 -2.834116e-03 1.724065e-03 5.672922e-02 4.053736e-05 -2.843657e-05 1.592063e-05 4.807569e-05
11556.200000 8.093373e-01 -2.853075e-03 1.695634e-03 5.676333e-02 3.792446e-05 -3.317201e-05 1.774507e-05 4.902041e-05
11556.400000 8.082234e-01 -2.846140e-03 1.697808e-03 5.687261e-02 3.838597e-05 -3.314024e-05 -2.668541e-09 3.930370e-05
11556.600000 8.061379e-01 -2.805935e-03 1.559551e-03 5.679177e-02 4.380205e-05 -3.966574e-05 4.007893e-06 3.595555e-05
11556.800000 8.149092e-01 -2.867514e-03 1.681743e-03 5.758930e-02 4.858318e-05 -3.672868e-05 1.600055e-05 2.838579e-05
11557.000000 8.060899e-01 -2.763114e-03 1.386110e-03 5.658451e-02 4.016725e-05 -3.987153e-05 2.745654e-05 4.087391e-05
11557.200000 8.106303e-01 -2.877862e-03 1.730691e-03 5.875182e-02 4.582797e-05 -3.811765e-05 1.860421e-05 5.024441e-05
11557.400000 8.071697e-01 -2.795777e-03 2.067294e-03 5.958803e-02 4.192395e-05 -2.836688e-05 3.466361e-06 4.626753e-05
11557.600000 8.115499e-01 -2.912382e-03 1.751250e-03 5.970297e-02 5.565577e-05 -2.920566e-05 -1.330235e-05 3.232256e-05
11557.800000 8.098320e-01 -2.770092e-03 1.847010e-03 5.770917e-02 5.597621e-05 -3.683188e-05 -1.851430e-05 3.433165e-05
11558.000000 8.122603e-01 -2.898144e-03 1.838055e-03 5.989071e-02 6.957583e-05 -4.117113e-05 -1.716821e-05 4.293503e-05
11558.200000 8.086487e-01 -2.800435e-03 1.705308e-03 6.063055e-02 4.875953e-05 -3.533041e-05 1.954898e-06 4.760853e-05
11558.400000 8.099248e-01 -2.874024e-03 1.765338e-03 5.980914e-02 6.088465e-05 -3.629205e-05 5.842779e-06 3.545684e-05
11558.600000 8.094302e-01 -2.782829e-03 1.851727e-03 6.024165e-02 4.455656e-05 -3.972551e-05 6.556497e-06 4.123222e-05
11558.800000 8.085823e-01 -2.869369e-03 1.741791e-03 6.232594e-02 4.905180e-05 -2.993737e-05 2.652736e-07 4.491873e-05
11559.000000 8.106341e-01 -2.828994e-03 1.669000e-03 6.148307e-02 3.835320e-05 -3.476098e-05 1.911864e-06 4.497182e-05
11559.200000 8.085085e-01 -2.795600e-03 1.796808e-03 6.107663e-02 3.743140e-05 -2.973754e-05 -7.462038e-06 3.347281e-05
11559.400000 8.115388e-01 -2.829472e-03 1.774945e-03 6.210594e-02 4.791712e-05 -2.922166e-05 1.234166e-05 3.346773e-05
11559.600000 8.127273e-01 -2.801266e-03 1.570109e-03 6.302185e-02 4.551836e-05 -3.747494e-05 8.187902e-06 4.501703e-05
11559.800000 8.074557e-01 -2.859685e-03 1.924735e-03 6.424977e-02 5.455635e-05 -4.000765e-05 -8.532011e-06 3.917010e-05
11560.000000 8.121672e-01 -2.826335e-03 1.938640e-03 6.372113e-02 4.234872e-05 -4.436672e-05 -7.312046e-07 4.243710e-05
11560.200000 8.052492e-01 -2.865115e-03 1.753684e-03 6.522659e-02 5.407983e-05 -3.553839e-05 5.364601e-07 4.762749e-05
11560.400000 8.108855e-01 -2.844218e-03 1.918400e-03 6.628277e-02 6.241398e-05 -3.118506e-05 2.354948e-07 3.432441e-05
11560.600000 8.068022e-01 -2.762887e-03 1.700223e-03 6.771122e-02 4.971392e-05 -3.529606e-05 -4.084486e-06 3.446604e-05
11560.800000 8.088339e-01 -2.878597e-03 1.801630e-03 6.714256e-02 6.184563e-05 -2.765913e-05 1.648143e-05 4.108472e-05
11561.000000 8.141703e-01 -2.832074e-03 1.731890e-03 6.799587e-02 5.994161e-05 -3.034129e-05 2.176095e-05 3.455833e-05
11561.200000 8.033031e-01 -2.848711e-03 1.493671e-03 6.897121e-02 6.516733e-05 -2.610399e-05 5.355759e-06 2.062685e-05
11561.400000 8.110122e-01 -2.872292e-03 1.712307e-03 6.874023e-02 5.152951e-05 -2.283378e-05 -4.859856e-07 1.654498e-05
11561.600000 8.051674e-01 -2.806305e-03 1.883479e-03 7.121864e-02 4.797929e-05 -2.964666e-05 7.976232e-06 2.280498e-05
11561.800000 8.107654e-01 -2.902374e-03 1.669668e-03 7.417173e-02 5.782266e-05 -2.253395e-05 6.867397e-06 2.696772e-05
11562.000000 8.114403e-01 -2.864696e-03 1.797878e-03 7.383920e-02 6.237498e-05 -2.303431e-05 1.406912e-05 3.739790e-05
11562.200000 8.062181e-01 -2.805721e-03 1.759023e-03 7.489236e-02 5.088381e-05 -3.358036e-05 6.152259e-06 3.330391e-05
11562.400000 8.077093e-01 -2.875028e-03 1.857836e-03 7.607947e-02 4.986935e-05 -3.691311e-05 8.837708e-06 2.991966e-05
11562.600000 8.131431e-01 -2.886188e-03 1.888537e-03 7.776270e-02 5.232098e-05 -3.916278e-05 1.003076e-06 3.274307e-05
11562.800000 8.076834e-01 -2.809487e-03 1.931381e-03 7.994839e-02 5.264442e-05 -3.900380e-05 7.362814e-06 3.601392e-05
11563.000000 8.077144e-01 -2.858374e-03 1.972796e-03 8.243580e-02 4.632772e-05 -4.280864e-05 1.061568e-05 2.880334e-05
11563.200000 8.118743e-01 -2.860277e-03 1.796449e-03 8.295532e-02 4.669493e-05 -3.690092e-05 1.726166e-05 4.829591e-05
11563.400000 8.096782e-01 -2.808245e-03 1.759345e-03 8.616521e-02 3.576734e-05 -3.903425e-05 1.218978e-05 4.844146e-05
11563.600000 8.082256e-01 -2.797836e-03 1.670928e-03 8.718804e-02 2.609070e-05 -4.380324e-05 5.423907e-06 3.253456e-05
11563.800000 8.085902e-01 -2.839505e-03 1.646358e-03 9.075885e-02 1.894412e-05 -4.324081e-05 1.899747e-05 3.977614e-05
11564.000000 8.112165e-01 -2.846104e-03 1.854657e-03 9.169935e-02 3.128052e-05 -4.503614e-05 2.069243e-05 4.136670e-05
11564.200000 8.102939e-01 -2.836579e-03 1.844947e-03 9.479812e-02 2.505278e-05 -3.661439e-05 3.632824e-05 4.530264e-05
11564.400000 8.113704e-01 -2.844844e-03 1.756386e-03 9.703989e-02 3.164276e-05 -3.857798e-05 2.343930e-05 4.721429e-05
11564.600000 8.088320e-01 -2.870529e-03 1.674371e-03 9.900111e-02 3.792053e-05 -4.745896e-05 1.661470e-05 4.465968e-05
11564.800000 8.122107e-01 -2.831052e-03 1.806773e-03 1.018708e-01 4.415298e-05 -4.462202e-05 2.863140e-05 4.840547e-05
11565.000000 8.016588e-01 -2.797931e-03 1.618602e-03 1.037957e-01 4.076727e-05 -3.871972e-05 1.379780e-05 5.005037e-05
11565.200000 8.094813e-01 -2.843669e-03 1.680977e-03 1.074044e-01 3.365970e-05 -4.818799e-05 -1.729488e-05 3.544421e-05
11565.400000 8.078703e-01 -2.816053e-03 1.833886e-03 1.083496e-01 3.813148e-05 -4.490581e-05 -7.976099e-06 2.565835e-05
11565.600000 8.094106e-01 -2.821942e-03 2.066700e-03 1.114898e-01 4.430918e-05 -3.674136e-05 3.932423e-06 3.531050e-05
11565.800000 8.108582e-01 -2.855505e-03 1.840486e-03 1.142191e-01 4.643460e-05 -3.498915e-05 5.609319e-06 3.537428e-05
11566.000000 8.061193e-01 -2.809960e-03 1.800174e-03 1.146250e-01 4.107391e-05 -3.675376e-05 -1.382984e-06 3.028478e-05
11566.200000 8.061203e-01 -2.836916e-03 1.941872e-03 1.163754e-01 3.823786e-05 -3.549540e-05 -1.661974e-05 3.585578e-05
11566.400000 8.094160e-01 -2.838913e-03 1.839671e-03 1.183846e-01 4.654791e-05 -2.659072e-05 -1.528377e-05 2.767789e-05
11566.600000 8.085508e-01 -2.832363e-03 1.856160e-03 1.201435e-01 4.050350e-05 -1.738709e-05 -1.377112e-05 3.791457e-05
11566.800000 8.067403e-01 -2.867332e-03 1.670604e-03 1.207293e-01 5.075191e-05 -1.873231e-05 -1.161245e-05 3.485065e-05
11567.000000 8.098182e-01 -2.846928e-03 1.605918e-03 1.236344e-01 5.486290e-05 -1.961223e-05 -1.389630e-05 4.874313e-05
11567.200000 8.057666e-01 -2.833245e-03 1.635402e-03 1.230568e-01 5.085128e-05 -1.594564e-05 -2.183775e-05 5.040287e-05
11567.400000 8.114293e-01 -2.835885e-03 1.792100e-03 1.218601e-01 5.513811e-05 -9.244953e-06 -1.047006e-05 4.438704e-05
11567.600000 8.066376e-01 -2.824656e-03 1.732423e-03 1.225943e-01 3.820118e-05 -1.519215e-05 -1.259585e-05 5.683932e-05
11567.800000 8.098545e-01 -2.888287e-03 1.761972e-03 1.249096e-01 2.309302e-05 -2.572976e-05 -2.129511e-05 4.460668e-05
11568.000000 8.087324e-01 -2.856325e-03 1.584732e-03 1.252072e-01 2.040633e-05 -2.518111e-05 -3.395046e-05 4.350609e-05
11568.200000 8.101396e-01 -2.858282e-03 1.680153e-03 1.239032e-01 2.515879e-05 -2.267060e-05 -3.686965e-05 3.779310e-05
11568.400000 8.085654e-01 -2.848350e-03 1.942847e-03 1.241608e-01 2.303468e-05 -1.728616e-05 -3.633131e-05 3.214522e-05
11568.600000 8.099739e-01 -2.841142e-03 1.650199e-03 1.259277e-01 2.703031e-05 -1.793518e-05 -2.878374e-05 2.123637e-05
11568.800000 8.082505e-01 -2.831085e-03 1.841143e-03 1.248960e-01 3.263861e-05 -2.777077e-05 -3.128127e-05 1.217755e-05
11569.000000 8.083506e-01 -2.852374e-03 1.850619e-03 1.243466e-01 3.513244e-05 -2.196391e-05 -2.754250e-05 3.321485e-05
11569.200000 8.078523e-01 -2.837094e-03 1.829428e-03 1.242110e-01 2.746846e-05 -1.568762e-05 -8.356267e-06 3.810439e-05
11569.400000 8.072316e-01 -2.844657e-03 1.589512e-03 1.247067e-01 2.539609e-05 -1.788982e-05 -1.367816e-05 3.048700e-05
11569.600000 8.088463e-01 -2.861179e-03 1.737686e-03 1.232097e-01 1.810317e-05 -1.924706e-05 -1.616583e-05 2.911701e-05
11569.800000 8.077549e-01 -2.836785e-03 1.870141e-03 1.214791e-01 2.315059e-05 -1.312857e-05 -2.063036e-05 2.598945e-05
11570.000000 8.081705e-01 -2.860311e-03 1.883279e-03 1.213403e-01 2.317775e-05 -1.384997e-05 -2.236171e-05 3.686091e-05
11570.200000 8.074154e-01 -2.814595e-03 1.777497e-03 1.216462e-01 1.745988e-05 -2.488913e-05 -5.233825e-06 4.109403e-05
11570.400000 8.077682e-01 -2.851390e-03 1.913497e-03 1.208296e-01 1.391063e-05 -1.739009e-05 -1.867374e-05 5.112351e-05
11570.600000 8.091658e-01 -2.839637e-03 1.739904e-03 1.192999e-01 2.317264e-05 -2.487236e-05 -2.642331e-05 2.697089e-05
11570.800000 8.076031e-01 -2.826702e-03 1.626725e-03 1.196378e-01 2.934784e-05 -2.730025e-05 -7.198384e-06 3.872190e-05
11571.000000 8.094352e-01 -2.839488e-03 1.874879e-03 1.189664e-01 3.227118e-05 -1.900730e-05 -7.244403e-06 4.512146e-05
11571.200000 8.055936e-01 -2.860327e-03 1.704134e-03 1.179478e-01 3.248493e-05 -2.047314e-05 -3.227261e-06 2.715357e-05
11571.400000 8.075099e-01 -2.846367e-03 1.789291e-03 1.170809e-01 3.334056e-05 -2.535558e-05 -7.528643e-06 3.025953e-05
11571.600000 8.084869e-01 -2.823785e-03 1.830636e-03 1.167137e-01 1.824986e-05 -2.878177e-05 -2.927829e-06 4.378556e-05
11571.800000 8.073900e-01 -2.840897e-03 1.810388e-03 1.155888e-01 1.719046e-05 -3.077095e-05 -1.316936e-05 4.613498e-05
11572.000000 8.102655e-01 -2.849771e-03 1.671619e-03 1.158354e-01 2.127349e-05 -3.167274e-05 -1.940279e-06 5.771773e-05
11572.200000 8.061815e-01 -2.840096e-03 1.410773e-03 1.158273e-01 3.592526e-05 -2.660104e-05 1.512996e-05 6.754701e-05
11572.400000 8.089896e-01 -2.868713e-03 1.743288e-03 1.138290e-01 3.854575e-05 -2.965835e-05 4.913082e-06 4.648915e-05
11572.600000 8.070516e-01 -2.851787e-03 1.719919e-03 1.129128e-01 4.565077e-05 -1.786740e-05 2.949263e-06 4.122252e-05
11572.800000 8.083558e-01 -2.904993e-03 1.819023e-03 1.124102e-01 4.209380e-05 -1.560095e-05 9.300841e-06 4.504125e-05
11573.000000 8.085183e-01 -2.877084e-03 1.740546e-03 1.120604e-01 3.336435e-05 -1.588939e-05 2.698320e-05 5.772942e-05
11573.200000 8.046604e-01 -2.853767e-03 1.656317e-03 1.107039e-01 3.527818e-05 -3.077219e-05 1.386493e-05 6.042346e-05
11573.400000 8.074816e-01 -2.866727e-03 1.599538e-03 1.102066e-01 3.320416e-05 -3.156939e-05 6.941419e-07 6.138548e-05
11573.600000 8.078334e-01 -2.845361e-03 1.769975e-03 1.105660e-01 2.733873e-05 -2.781379e-05 -1.860875e-06 5.149260e-05
11573.800000 8.079901e-01 -2.814757e-03 1.785698e-03 1.099705e-01 2.619248e-05 -3.464280e-05 -4.783951e-06 5.881144e-05
11574.000000 8.079127e-01 -2.860568e-03 1.858342e-03 1.097680e-01 3.382689e-05 -4.026383e-05 -3.517768e-06 6.096805e-05
11574.200000 8.047853e-01 -2.872198e-03 1.987034e-03 1.092157e-01 3.032330e-05 -4.692305e-05 -1.412190e-05 4.151778e-05
11574.400000 8.084024e-01 -2.861458e-03 1.746471e-03 1.091887e-01 2.846085e-05 -4.505146e-05 -7.159833e-06 6.675794e-05
11574.600000 8.073515e-01 -2.868253e-03 1.777331e-03 1.085702e-01 3.561635e-05 -3.710030e-05 -1.617871e-06 6.760839e-05
11574.800000 8.078664e-01 -2.861420e-03 1.856467e-03 1.087107e-01 3.477094e-05 -2.860666e-05 -1.722038e-05 6.817396e-05
11575.000000 8.070298e-01 -2.847943e-03 1.767334e-03 1.081803e-01 2.611729e-05 -2.573549e-05 -5.653711e-06 9.097757e-05
11575.200000 8.069567e-01 -2.874440e-03 1.853461e-03 1.085574e-01 1.982263e-05 -2.010626e-05 -1.219423e-05 7.040382e-05
11575.400000 8.069833e-01 -2.865612e-03 1.709696e-03 1.072893e-01 2.566539e-05 -3.335146e-05 -7.009047e-06 8.554444e-05
11575.600000 8.073681e-01 -2.832571e-03 1.836587e-03 1.071500e-01 2.665735e-05 -3.697491e-05 -1.045448e-05 8.693287e-05
11575.800000 8.064357e-01 -2.821654e-03 1.661569e-03 1.074274e-01 2.870524e-05 -3.651426e-05 -1.119965e-05 8.415101e-05
11576.000000 8.063722e-01 -2.861443e-03 1.714692e-03 1.076444e-01 3.208699e-05 -2.740074e-05 -1.559550e-05 7.840433e-05
11576.200000 8.083493e-01 -2.824293e-03 1.692621e-03 1.077935e-01 2.984662e-05 -2.443542e-05 -1.500130e-05 6.922605e-05
11576.400000 8.071488e-01 -2.839257e-03 1.704741e-03 1.070587e-01 3.500805e-05 -2.521273e-05 -1.149996e-05 7.983322e-05
11576.600000 8.067206e-01 -2.815027e-03 1.775592e-03 1.072437e-01 3.274947e-05 -3.456636e-05 7.763759e-07 8.493819e-05
11576.800000 8.057042e-01 -2.831795e-03 1.803210e-03 1.071989e-01 2.691669e-05 -3.893281e-05 5.479818e-07 7.377811e-05
11577.000000 8.059538e-01 -2.794970e-03 1.892856e-03 1.059202e-01 2.431857e-05 -3.999841e-05 -9.339610e-06 7.735838e-05
11577.200000 8.087637e-01 -2.838401e-03 1.797400e-03 1.070584e-01 3.077810e-05 -4.502638e-05 -6.392270e-06 7.915348e-05
11577.400000 8.061654e-01 -2.808242e-03 1.644929e-03 1.069399e-01 3.683679e-05 -4.199491e-05 -9.843933e-06 6.560724e-05
11577.600000 8.066371e-01 -2.831334e-03 1.751913e-03 1.064700e-01 3.884247e-05 -3.526153e-05 -1.742208e-05 7.022227e-05
11577.800000 8.061621e-01 -2.839741e-03 1.757263e-03 1.066981e-01 2.991395e-05 -4.303300e-05 -1.236363e-05 6.804816e-05
11578.000000 8.059937e-01 -2.869784e-03 1.768444e-03 1.065955e-01 2.097580e-05 -4.678522e-05 -1.311605e-05 7.463369e-05
11578.200000 8.053488e-01 -2.827418e-03 1.563946e-03 1.061611e-01 2.820225e-05 -5.138943e-05 -2.019350e-05 8.855946e-05
11578.400000 8.047715e-01 -2.814932e-03 1.711408e-03 1.070271e-01 2.848857e-05 -4.249600e-05 -1.332045e-05 9.291384e-05
11578.600000 8.073918e-01 -2.831784e-03 1.793412e-03 1.070557e-01 3.393005e-05 -4.485550e-05 -5.065289e-06 8.275439e-05
11578.800000 8.066771e-01 -2.846405e-03 1.917731e-03 1.070733e-01 3.921708e-05 -4.430290e-05 -4.716636e-06 8.790087e-05
11579.000000 8.065188e-01 -2.865783e-03 1.926502e-03 1.074734e-01 3.671999e-05 -4.591071e-05 -1.066642e-05 8.214207e-05
11579.200000 8.068325e-01 -2.840378e-03 1.843634e-03 1.072693e-01 3.253438e-05 -3.891829e-05 -8.667340e-06 7.914141e-05
11579.400000 8.058051e-01 -2.867490e-03 1.626064e-03 1.071284e-01 3.862847e-05 -3.763678e-05 -2.333682e-06 9.222312e-05
11579.600000 8.034787e-01 -2.885757e-03 1.659543e-03 1.064099e-01 3.845472e-05 -3.183137e-05 -8.841692e-06 9.050098e-05
11579.800000 8.063421e-01 -2.862025e-03 1.752957e-03 1.080593e-01 3.620797e-05 -3.614101e-05 5.775107e-06 9.182252e-05
11580.000000 8.050207e-01 -2.860280e-03 1.730191e-03 1.065542e-01 3.357443e-05 -2.772601e-05 8.082284e-06 6.925684e-05
11580.200000 8.059539e-01 -2.848570e-03 1.739710e-03 1.061855e-01 3.350564e-05 -2.579436e-05 1.024071e-05 8.545122e-05
11580.400000 8.065341e-01 -2.865992e-03 1.780755e-03 1.060844e-01 3.465717e-05 -2.690519e-05 2.123797e-05 8.924861e-05
11580.600000 8.075327e-01 -2.875469e-03 1.625131e-03 1.073107e-01 4.482521e-05 -2.557290e-05 4.690505e-06 8.545119e-05
11580.800000 8.085122e-01 -2.884430e-03 1.839332e-03 1.072059e-01 4.109529e-05 -1.488332e-05 -2.898712e-06 6.760441e-05
11581.000000 8.057559e-01 -2.865251e-03 1.768435e-03 1.080701e-01 3.897787e-05 -2.006454e-05 -1.292653e-05 5.275122e-05
11581.200000 8.040625e-01 -2.842033e-03 1.722578e-03 1.061833e-01 3.970636e-05 -2.254250e-05 4.868979e-06 6.894956e-05
11581.400000 8.062736e-01 -2.855559e-03 1.756523e-03 1.081454e-01 3.182816e-05 -1.601079e-05 1.483817e-06 6.528782e-05
11581.600000 8.064108e-01 -2.845500e-03 1.767338e-03 1.090057e-01 3.074973e-05 -2.502296e-05 -5.957340e-06 5.625966e-05
11581.800000 8.060772e-01 -2.836487e-03 1.871740e-03 1.086331e-01 3.784457e-05 -2.900043e-05 -1.994755e-06 4.445494e-05
11582.000000 8.053324e-01 -2.822637e-03 1.824918e-03 1.065492e-01 4.187335e-05 -3.267963e-05 7.428977e-07 4.206990e-05
11582.200000 8.058451e-01 -2.830409e-03 1.687244e-03 1.063960e-01 4.046281e-05 -3.292757e-05 5.249377e-06 6.188431e-05
11582.400000 8.070940e-01 -2.860270e-03 1.901758e-03 1.066007e-01 3.366597e-05 -2.585477e-05 6.356398e-06 7.292822e-05
11582.600000 8.043968e-01 -2.837015e-03 1.868866e-03 1.056456e-01 3.621795e-05 -3.944736e-05 -1.110567e-05 6.872873e-05
11582.800000 8.065491e-01 -2.847637e-03 1.719970e-03 1.072688e-01 3.640248e-05 -2.980980e-05 4.512844e-06 7.675309e-05
11583.000000 8.051252e-01 -2.860968e-03 1.814459e-03 1.065254e-01 3.258495e-05 -2.985768e-05 -3.525348e-06 6.996974e-05
11583.200000 8.056614e-01 -2.857440e-03 1.652658e-03 1.067543e-01 3.271135e-05 -2.500008e-05 -4.329093e-06 6.674823e-05
11583.400000 8.078707e-01 -2.870393e-03 1.817288e-03 1.060143e-01 3.795395e-05 -3.224961e-05 1.172535e-05 7.125096e-05
11583.600000 8.010845e-01 -2.806889e-03 1.834087e-03 1.065747e-01 4.077419e-05 -2.193047e-05 1.762334e-05 7.630378e-05
11583.800000 8.075085e-01 -2.826805e-03 1.825506e-03 1.077313e-01 3.870687e-05 -2.042036e-05 8.890591e-06 8.585380e-05
11584.000000 8.057479e-01 -2.815898e-03 1.662615e-03 1.058136e-01 3.329052e-05 -2.212399e-05 -4.408643e-06 8.637845e-05
11584.200000 8.055006e-01 -2.874812e-03 1.691891e-03 1.045803e-01 3.486308e-05 -2.531317e-05 -4.186709e-06 8.178326e-05
11584.400000 8.068958e-01 -2.831939e-03 1.724155e-03 1.063329e-01 3.794294e-05 -1.731822e-05 3.440910e-07 7.628022e-05
11584.600000 8.023857e-01 -2.842723e-03 1.749791e-03 1.056470e-01 2.888066e-05 -2.278164e-05 -5.252802e-06 6.843207e-05
11584.800000 8.021071e-01 -2.814703e-03 1.675324e-03 1.067339e-01 3.326566e-05 -2.285640e-05 -4.972205e-06 5.893089e-05
11585.000000 8.072482e-01 -2.873302e-03 1.760709e-03 1.055383e-01 4.528986e-05 -2.147079e-05 -4.830680e-06 5.514222e-05
11585.200000 8.032226e-01 -2.871268e-03 1.778828e-03 1.060639e-01 4.513978e-05 -2.765561e-05 -5.410276e-06 5.297920e-05
11585.400000 8.061593e-01 -2.870175e-03 1.884721e-03 1.068224e-01 4.194358e-05 -2.530888e-05 -2.761897e-05 5.822957e-05
11585.600000 8.071044e-01 -2.861300e-03 1.870698e-03 1.067076e-01 4.388445e-05 -2.544309e-05 -1.740434e-05 5.371812e-05
11585.800000 8.032905e-01 -2.892880e-03 1.516319e-03 1.052309e-01 3.317001e-05 -1.737946e-05 -1.526502e-05 6.518267e-05
11586.000000 8.061212e-01 -2.888580e-03 1.584968e-03 1.065786e-01 3.272718e-05 -2.303081e-05 -8.715426e-06 6.365122e-05
11586.200000 8.057225e-01 -2.886390e-03 1.488339e-03 1.056649e-01 3.056667e-05 -2.335653e-05 -1.411415e-05 4.803248e-05
11586.400000 8.034438e-01 -2.882878e-03 1.653329e-03 1.062736e-01 4.569185e-05 -1.806214e-05 -1.166187e-05 7.628976e-05
11586.600000 8.063858e-01 -2.854905e-03 1.766157e-03 1.078801e-01 4.862197e-05 -1.131951e-05 -2.536104e-06 8.816872e-05
11586.800000 8.068860e-01 -2.893354e-03 1.617405e-03 1.051553e-01 5.404757e-05 -1.878741e-05 -2.555937e-06 8.481755e-05
11587.000000 8.012662e-01 -2.868445e-03 1.522658e-03 1.051519e-01 4.866968e-05 -2.193346e-05 4.669969e-06 7.748388e-05
11587.200000 8.045161e-01 -2.882380e-03 1.771244e-03 1.070158e-01 4.189013e-05 -2.516953e-05 -6.374710e-06 7.026151e-05
11587.400000 8.068740e-01 -2.882259e-03 1.954703e-03 1.069997e-01 4.131223e-05 -2.100150e-05 -6.070184e-06 7.293270e-05
11587.600000 8.047180e-01 -2.859452e-03 1.717017e-03 1.063384e-01 4.532599e-05 -2.772462e-05 -1.033742e-05 7.187654e-05
11587.800000 8.056153e-01 -2.873857e-03 1.748745e-03 1.061669e-01 4.111653e-05 -2.758096e-05 -1.594884e-05 7.711745e-05
11588.000000 8.058430e-01 -2.892863e-03 1.630824e-03 1.064823e-01 4.942292e-05 -2.770448e-05 -2.428752e-05 8.145282e-05
11588.200000 8.024511e-01 -2.879598e-03 1.746069e-03 1.049009e-01 4.767796e-05 -3.451953e-05 -1.124966e-05 7.948609e-05
11588.400000 8.042604e-01 -2.895729e-03 1.776747e-03 1.072312e-01 4.727020e-05 -3.876699e-05 -1.851146e-05 8.052383e-05
11588.600000 8.038454e-01 -2.893361e-03 1.522144e-03 1.069561e-01 3.983297e-05 -3.663478e-05 -2.002644e-05 6.089573e-05
11588.800000 8.054928e-01 -2.904937e-03 1.635109e-03 1.071232e-01 3.342394e-05 -2.792815e-05 -1.224652e-05 7.963494e-05
11589.000000 8.043983e-01 -2.891691e-03 1.918649e-03 1.062860e-01 2.718645e-05 -2.966410e-05 -1.388820e-05 8.563888e-05
11589.200000 8.046525e-01 -2.856980e-03 1.788463e-03 1.050548e-01 3.941801e-05 -2.904942e-05 -4.177337e-06 7.216972e-05
11589.400000 8.048399e-01 -2.860835e-03 1.823197e-03 1.059328e-01 4.209699e-05 -3.354665e-05 7.555677e-07 7.230664e-05
11589.600000 8.029958e-01 -2.929484e-03 1.813088e-03 1.066524e-01 3.848766e-05 -4.228415e-05 3.031231e-06 7.554733e-05
11589.800000 8.021277e-01 -2.873737e-03 1.844565e-03 1.068748e-01 3.038651e-05 -4.146750e-05 -1.374853e-05 7.354821e-05
11590.000000 8.043105e-01 -2.847264e-03 1.737789e-03 1.069709e-01 4.312581e-05 -2.642881e-05 -2.635459e-05 6.802369e-05
11590.200000 8.032216e-01 -2.883908e-03 1.680970e-03 1.070445e-01 4.654137e-05 -2.251706e-05 -2.007796e-05 6.703250e-05
11590.400000 8.058598e-01 -2.892710e-03 1.725030e-03 1.081313e-01 5.221137e-05 -3.085186e-05 -1.542364e-05 7.807848e-05
11590.600000 8.062302e-01 -2.833268e-03 1.874842e-03 1.084300e-01 3.926476e-05 -2.551700e-05 -1.350455e-05 7.774794e-05
11590.800000 8.027317e-01 -2.859973e-03 1.690895e-03 1.085093e-01 4.043516e-05 -2.447825e-05 -7.566253e-06 8.228295e-05
11591.000000 8.037375e-01 -2.885966e-03 1.821661e-03 1.085080e-01 3.664636e-05 -2.415606e-05 -3.573558e-05 8.562162e-05
11591.200000 7.999593e-01 -2.838064e-03 1.792716e-03 1.075022e-01 2.627624e-05 -1.515863e-05 -3.609992e-05 8.965047e-05
11591.400000 8.096756e-01 -2.843661e-03 1.791984e-03 1.092502e-01 3.078354e-05 -2.227059e-05 -1.901745e-05 9.108216e-05
11591.600000 7.989401e-01 -2.845501e-03 1.855353e-03 1.066834e-01 3.471712e-05 -3.097857e-05 -2.743521e-05 8.361889e-05
11591.800000 8.072615e-01 -2.855220e-03 1.715039e-03 1.104827e-01 3.441192e-05 -3.051333e-05 -1.818394e-05 7.756067e-05
11592.000000 8.004799e-01 -2.818754e-03 1.849118e-03 1.085007e-01 4.087277e-05 -2.006054e-05 -9.883980e-06 7.806673e-05
11592.200000 8.060211e-01 -2.895924e-03 1.744849e-03 1.093153e-01 4.751824e-05 -1.497584e-05 1.097456e-05 9.303241e-05
11592.400000 8.039979e-01 -2.790447e-03 1.767305e-03 1.085558e-01 4.642223e-05 -2.424234e-05 -2.897904e-06 8.003518e-05
11592.600000 8.028971e-01 -2.822564e-03 1.798209e-03 1.088200e-01 4.354049e-05 -2.643984e-05 -1.332026e-05 6.859926e-05
11592.800000 8.071543e-01 -2.884576e-03 1.699949e-03 1.083787e-01 4.077088e-05 -2.186294e-05 -1.230125e-05 8.413957e-05
11593.000000 8.050511e-01 -2.818440e-03 1.802538e-03 1.086714e-01 3.747522e-05 -2.096951e-05 -6.716199e-06 8.221041e-05
11593.200000 8.026356e-01 -2.914675e-03 1.539465e-03 1.108268e-01 5.170606e-05 -2.917253e-05 -6.171145e-06 7.587362e-05
11593.400000 7.985397e-01 -2.798881e-03 1.577368e-03 1.084415e-01 4.139305e-05 -2.455908e-05 -1.212125e-05 7.523996e-05
11593.600000 8.041349e-01 -2.878421e-03 1.700024e-03 1.110594e-01 4.522272e-05 -2.900040e-05 -2.789672e-05 4.398752e-05
11593.800000 8.023106e-01 -2.874704e-03 1.708288e-03 1.118585e-01 4.248411e-05 -3.077902e-05 -1.820606e-05 7.075046e-05
11594.000000 8.062177e-01 -2.864532e-03 1.728824e-03 1.110195e-01 4.084280e-05 -3.049038e-05 -1.660875e-05 7.203630e-05
11594.200000 7.985657e-01 -2.903105e-03 1.679489e-03 1.096599e-01 4.670325e-05 -2.471016e-05 -3.178859e-05 6.765005e-05
11594.400000 8.061540e-01 -2.823231e-03 1.894517e-03 1.092587e-01 4.854235e-05 -2.462888e-05 -2.103625e-05 7.244230e-05
11594.600000 8.020533e-01 -2.900498e-03 1.737316e-03 1.088321e-01 5.400716e-05 -2.581614e-05 -1.994182e-05 7.353148e-05
11594.800000 8.046893e-01 -2.887344e-03 1.897923e-03 1.106499e-01 4.662919e-05 -1.586214e-05 -5.853802e-06 7.406654e-05
11595.000000 8.005998e-01 -2.898615e-03 1.631895e-03 1.096907e-01 5.245142e-05 -1.925274e-05 -1.300755e-05 7.974477e-05
11595.200000 8.028203e-01 -2.891432e-03 1.612537e-03 1.103977e-01 4.741236e-05 -1.312212e-05 -1.069206e-05 7.576226e-05
11595.400000 8.034776e-01 -2.829634e-03 1.938260e-03 1.083194e-01 3.384449e-05 -1.187590e-05 -2.355180e-05 7.350270e-05
11595.600000 8.091540e-01 -2.933885e-03 1.566261e-03 1.110327e-01 4.121657e-05 -2.319813e-05 -1.820746e-05 4.576099e-05
11595.800000 7.917982e-01 -2.767050e-03 1.766881e-03 1.079146e-01 2.333424e-05 -2.660426e-05 1.296519e-05 8.140127e-05
11596.000000 8.030827e-01 -2.915228e-03 1.630878e-03 1.090723e-01 3.443864e-05 -2.945436e-05 -2.324858e-06 6.896508e-05
11596.200000 8.013764e-01 -2.807916e-03 1.766448e-03 1.095058e-01 1.506337e-05 -2.696606e-05 5.770327e-06 4.385560e-05
11596.400000 8.032952e-01 -2.901430e-03 1.814111e-03 1.085105e-01 2.767984e-05 -2.811970e-05 -8.190028e-06 7.049793e-05
11596.600000 8.047816e-01 -2.804015e-03 1.883586e-03 1.090746e-01 1.656231e-05 -2.972025e-05 -1.583157e-05 8.333921e-05
11596.800000 8.020028e-01 -2.859122e-03 1.749201e-03 1.084342e-01 3.102310e-05 -3.192146e-05 -1.628538e-05 9.298850e-05
11597.000000 8.031364e-01 -2.851891e-03 1.677767e-03 1.085988e-01 3.147880e-05 -2.563809e-05 -1.776232e-05 8.267452e-05
11597.700000 8.019188e-01 -2.845934e-03 1.766146e-03 1.088778e-01 3.030084e-05 -6.716850e-06 -1.001526e-05 6.856612e-05
11598.400000 8.013794e-01 -2.839856e-03 1.766266e-03 1.082442e-01 3.775051e-05 -5.778390e-06 -6.990603e-06 6.695506e-05
11599.100000 8.008514e-01 -2.832664e-03 1.792899e-03 1.086121e-01 4.723722e-05 -1.883462e-05 -1.595736e-05 7.559291e-05
11599.800000 8.021073e-01 -2.847077e-03 1.827517e-03 1.071593e-01 3.913814e-05 -2.785398e-05 -9.379932e-06 8.139272e-05
11600.500000 8.010846e-01 -2.840134e-03 1.757276e-03 1.068819e-01 3.445115e-05 -2.584821e-05 -6.304095e-06 8.242293e-05
11601.200000 8.016555e-01 -2.839761e-03 1.743456e-03 1.066878e-01 3.213925e-05 -2.673209e-05 -2.388377e-05 6.403824e-05
11601.900000 8.022534e-01 -2.866245e-03 1.788965e-03 1.064049e-01 3.081522e-05 -2.535651e-05 -2.266003e-05 6.139526e-05
11602.600000 8.010254e-01 -2.874826e-03 1.762655e-03 1.061860e-01 3.712582e-05 -2.880899e-05 -2.252096e-05 6.335653e-05
11603.300000 8.013560e-01 -2.867723e-03 1.808041e-03 1.066381e-01 3.410221e-05 -3.866913e-05 -2.355518e-05 6.268663e-05
11604.993695 8.003819e-01 -2.835591e-03 1.748581e-03 1.063438e-01 4.365338e-05 -2.988320e-05 1.388988e-06 4.911375e-05
11605.999583 8.005451e-01 -2.847550e-03 1.671574e-03 1.064763e-01 4.498509e-05 -2.494016e-05 -1.025350e-05 5.699923e-05
11607.017662 8.003632e-01 -2.841508e-03 1.738448e-03 1.062725e-01 4.781411e-05 -2.917180e-05 -3.329319e-06 6.477321e-05
11608.047933 8.009681e-01 -2.845753e-03 1.690452e-03 1.061454e-01 3.891857e-05 -3.505835e-05 7.439898e-06 7.657014e-05
11609.090396 8.001917e-01 -2.844536e-03 1.693026e-03 1.060994e-01 3.778495e-05 -3.985093e-05 -3.140986e-06 7.503488e-05
11610.145051 8.001963e-01 -2.843103e-03 1.778410e-03 1.059072e-01 3.454415e-05 -2.847436e-05 1.439825e-06 7.213355e-05
11611.211898 7.996757e-01 -2.831996e-03 1.783847e-03 1.062710e-01 3.811134e-05 -2.175369e-05 -1.233019e-06 7.476090e-05
11612.290937 7.996468e-01 -2.838648e-03 1.686951e-03 1.064468e-01 4.207592e-05 -1.913266e-05 -1.161458e-05 7.307621e-05
11613.382167 7.986259e-01 -2.854933e-03 1.802482e-03 1.077154e-01 3.196690e-05 -1.495915e-05 -1.911840e-05 7.829415e-05
11614.485590 7.982561e-01 -2.839294e-03 1.767123e-03 1.073208e-01 2.886033e-05 -2.154301e-05 -1.773285e-05 8.314941e-05
11615.601204 7.982455e-01 -2.826970e-03 1.767897e-03 1.087182e-01 3.164149e-05 -2.624336e-05 -1.671793e-05 6.110877e-05
11616.729011 7.979526e-01 -2.832401e-03 1.793832e-03 1.084399e-01 3.810036e-05 -2.655229e-05 8.996369e-06 7.137266e-05
11617.869009 7.982289e-01 -2.823867e-03 1.733217e-03 1.090558e-01 4.392872e-05 -1.884492e-05 -2.665582e-06 6.920576e-05
11619.021199 7.977008e-01 -2.826350e-03 1.714503e-03 1.093725e-01 3.221053e-05 -2.493438e-05 2.024465e-08 4.946504e-05
11620.185582 7.985100e-01 -2.818827e-03 1.776883e-03 1.105796e-01 3.064557e-05 -3.058262e-05 -5.344638e-06 7.175355e-05
11621.362156 7.971135e-01 -2.828682e-03 1.844264e-03 1.101520e-01 4.020217e-05 -2.341117e-05 -5.040845e-06 6.405500e-05
11622.550922 7.969208e-01 -2.819248e-03 1.766849e-03 1.102662e-01 3.608647e-05 -1.482871e-05 -9.305782e-06 7.655450e-05
11623.751879 7.965077e-01 -2.841045e-03 1.755762e-03 1.100385e-01 3.969103e-05 -2.677085e-05 -1.316379e-05 7.996759e-05
11624.965029 7.959457e-01 -2.848153e-03 1.775096e-03 1.087468e-01 3.632120e-05 -3.426426e-05 -2.099357e-05 6.561757e-05
11626.190371 7.970724e-01 -2.829949e-03 1.781369e-03 1.099075e-01 3.967999e-05 -4.732167e-05 -6.301455e-06 7.971113e-05
11627.427904 7.960529e-01 -2.830127e-03 1.758703e-03 1.092678e-01 4.155949e-05 -3.975104e-05 -8.971345e-06 7.666990e-05
11628.677630 7.957276e-01 -2.805838e-03 1.798422e-03 1.092304e-01 3.507079e-05 -4.278649e-05 -8.298316e-06 7.475437e-05
11629.939547 7.958968e-01 -2.817497e-03 1.785536e-03 1.090682e-01 3.294449e-05 -3.965281e-05 -6.283885e-06 6.851915e-05
11631.213657 7.951486e-01 -2.801869e-03 1.733904e-03 1.087292e-01 3.967243e-05 -3.732101e-05 -1.508043e-06 8.192827e-05
11632.499958 7.942475e-01 -2.807510e-03 1.715486e-03 1.080097e-01 3.852720e-05 -4.153096e-05 -1.529250e-06 7.809685e-05
11633.798451 7.943275e-01 -2.837034e-03 1.757073e-03 1.075894e-01 4.114981e-05 -4.228304e-05 -1.314548e-07 7.399179e-05
11635.109136 7.943216e-01 -2.830602e-03 1.711601e-03 1.072314e-01 3.792708e-05 -3.860032e-05 1.239265e-05 8.636059e-05
11636.432013 7.927794e-01 -2.825764e-03 1.629710e-03 1.070586e-01 3.831689e-05 -4.326440e-05 1.289659e-05 6.103347e-05
11637.767082 7.942021e-01 -2.793242e-03 1.760924e-03 1.066039e-01 3.733840e-05 -4.003540e-05 2.743359e-06 6.368076e-05
11639.114342 7.938079e-01 -2.840331e-03 1.688069e-03 1.065448e-01 4.150049e-05 -3.828546e-05 -5.526304e-06 6.931177e-05
11640.473795 7.930487e-01 -2.832647e-03 1.802065e-03 1.065971e-01 4.200341e-05 -2.853109e-05 -1.747265e-05 6.293684e-05
11641.845440 7.938233e-01 -2.805519e-03 1.737026e-03 1.067379e-01 5.255607e-05 -3.196626e-05 -2.165161e-06 7.090777e-05
11643.229276 7.938195e-01 -2.815698e-03 1.683861e-03 1.066116e-01 4.627229e-05 -3.319313e-05 2.826942e-06 7.013654e-05
11644.625305 7.938331e-01 -2.831669e-03 1.813123e-03 1.057306e-01 4.458863e-05 -3.288920e-05 -6.564623e-06 6.618353e-05
11646.033525 7.921169e-01 -2.820104e-03 1.679883e-03 1.056803e-01 4.785554e-05 -3.602348e-05 -1.022453e-05 6.968586e-05
11647.453937 7.930247e-01 -2.843649e-03 1.693524e-03 1.051390e-01 4.659880e-05 -2.935452e-05 -9.348989e-06 7.743689e-05
11648.886541 7.925615e-01 -2.830183e-03 1.792642e-03 1.062571e-01 4.594782e-05 -3.520235e-05 -1.838934e-05 7.527237e-05
11650.331337 7.922032e-01 -2.824307e-03 1.724813e-03 1.060797e-01 4.044221e-05 -3.761618e-05 -9.813851e-06 7.333542e-05
11651.788325 7.921728e-01 -2.787143e-03 1.780786e-03 1.054358e-01 3.272573e-05 -3.377920e-05 -1.793545e-06 6.742892e-05
11653.257505 7.912830e-01 -2.804292e-03 1.738212e-03 1.061120e-01 4.204146e-05 -3.655838e-05 2.455458e-06 6.589718e-05
11654.738877 7.913581e-01 -2.818250e-03 1.731510e-03 1.062724e-01 5.215997e-05 -3.092163e-05 -1.610455e-05 6.068396e-05
11656.232440 7.903787e-01 -2.814859e-03 1.803850e-03 1.062002e-01 5.205008e-05 -2.308815e-05 -1.514794e-05 4.818117e-05
11657.738196 7.881717e-01 -2.802349e-03 1.725006e-03 1.065032e-01 5.707983e-05 -3.190762e-05 -6.820815e-06 6.649815e-05
11659.256143 7.896176e-01 -2.800064e-03 1.745423e-03 1.063661e-01 5.488280e-05 -3.681456e-05 -1.339012e-05 5.910044e-05
11660.786283 7.893432e-01 -2.816772e-03 1.684183e-03 1.068342e-01 5.256692e-05 -3.635326e-05 -1.305128e-05 6.297689e-05
11662.328614 7.893132e-01 -2.828481e-03 1.642529e-03 1.068845e-01 5.304381e-05 -2.643866e-05 -2.378008e-05 4.820998e-05
11663.883137 7.895255e-01 -2.828977e-03 1.719971e-03 1.070540e-01 5.202568e-05 -2.685978e-05 -1.091338e-05 5.667870e-05
11665.449852 7.896096e-01 -2.823431e-03 1.702190e-03 1.067251e-01 5.628296e-05 -2.442836e-05 -8.589511e-06 6.581343e-05
11667.028759 7.893971e-01 -2.820295e-03 1.742291e-03 1.073703e-01 4.570892e-05 -2.753391e-05 -6.748896e-06 6.406538e-05
11668.619858 7.876340e-01 -2.829626e-03 1.731090e-03 1.066000e-01 3.981241e-05 -3.026560e-05 -7.901773e-06 5.530599e-05
11670.223149 7.868777e-01 -2.843254e-03 1.772900e-03 1.069287e-01 4.327030e-05 -4.576556e-05 -1.200232e-06 5.765571e-05
11671.838632 7.857196e-01 -2.828354e-03 1.743801e-03 1.073235e-01 4.365403e-05 -3.793427e-05 8.931706e-07 5.234536e-05
11673.466307 7.850606e-01 -2.817952e-03 1.740934e-03 1.069561e-01 4.812934e-05 -2.564268e-05 -2.181760e-06 5.291095e-05
11675.106173 7.875262e-01 -2.839973e-03 1.752969e-03 1.084435e-01 3.993122e-05 -1.688515e-05 -3.538522e-06 4.559479e-05
11676.758232 7.867155e-01 -2.837560e-03 1.725631e-03 1.069995e-01 4.780819e-05 -1.042927e-05 -3.055133e-06 5.599578e-05
11678.422482 7.868771e-01 -2.823988e-03 1.751229e-03 1.073193e-01 5.971460e-05 -2.289903e-05 -3.984046e-06 6.155266e-05
11680.098924 7.870834e-01 -2.801511e-03 1.779254e-03 1.075470e-01 5.711469e-05 -2.731976e-05 3.030488e-06 7.220413e-05
11681.787558 7.861759e-01 -2.829033e-03 1.720096e-03 1.082559e-01 4.552070e-05 -2.932641e-05 1.174381e-06 6.312379e-05
11683.488385 7.851303e-01 -2.848575e-03 1.679782e-03 1.076591e-01 4.710672e-05 -2.015364e-05 1.483800e-06 4.287824e-05
11685.201403 7.859251e-01 -2.833478e-03 1.758502e-03 1.076763e-01 5.050671e-05 -2.444847e-05 -1.564931e-05 6.094799e-05
11686.926613 7.864962e-01 -2.806030e-03 1.795749e-03 1.079255e-01 6.070728e-05 -3.270710e-05 -1.737963e-05 5.756786e-05
11688.664014 7.844060e-01 -2.821968e-03 1.796298e-03 1.078875e-01 5.389092e-05 -2.662140e-05 -3.745153e-06 6.282004e-05
11690.413608 7.850877e-01 -2.845625e-03 1.707133e-03 1.072890e-01 5.537367e-05 -2.701534e-05 -1.655256e-06 6.619549e-05
11692.175394 7.844090e-01 -2.831226e-03 1.781926e-03 1.079615e-01 5.155202e-05 -3.982523e-05 -9.772601e-06 5.905240e-05
11693.949371 7.837163e-01 -2.833142e-03 1.681561e-03 1.071662e-01 4.483580e-05 -3.942920e-05 -1.705772e-05 6.028479e-05
11695.735541 7.830431e-01 -2.838917e-03 1.781272e-03 1.071798e-01 5.791760e-05 -3.379254e-05 -1.325339e-05 5.746306e-05
11697.533902 7.834186e-01 -2.827909e-03 1.797033e-03 1.072241e-01 5.653420e-05 -4.565559e-05 -7.915174e-06 5.731383e-05
11699.344455 7.830621e-01 -2.821063e-03 1.793457e-03 1.066221e-01 5.065678e-05 -4.667898e-05 -4.710983e-06 5.406334e-05
11701.167201 7.822779e-01 -2.847109e-03 1.761114e-03 1.063288e-01 4.357329e-05 -4.454495e-05 3.325962e-06 5.035936e-05
11703.002138 7.799863e-01 -2.839409e-03 1.744699e-03 1.066826e-01 4.475903e-05 -3.752890e-05 2.320324e-07 5.357378e-05
11704.849267 7.813863e-01 -2.808469e-03 1.837051e-03 1.065342e-01 4.144120e-05 -3.713823e-05 -1.026021e-05 5.438191e-05
11706.708588 7.812259e-01 -2.807910e-03 1.837422e-03 1.067345e-01 3.157223e-05 -4.560904e-05 -4.531919e-07 6.732922e-05
11708.580100 7.803411e-01 -2.829703e-03 1.685727e-03 1.065380e-01 2.893682e-05 -4.088577e-05 -5.428531e-06 7.090607e-05
11710.463805 7.815203e-01 -2.821098e-03 1.674268e-03 1.058524e-01 4.192837e-05 -2.393342e-05 -8.471234e-06 6.813478e-05
11712.359702 7.818233e-01 -2.823915e-03 1.707569e-03 1.060339e-01 4.294211e-05 -2.226685e-05 -1.311486e-05 4.122934e-05
11714.267790 7.812286e-01 -2.820685e-03 1.795828e-03 1.065333e-01 3.690632e-05 -3.037583e-05 -6.717287e-06 5.829191e-05
11716.188071 7.806641e-01 -2.815253e-03 1.756006e-03 1.064025e-01 3.276612e-05 -3.745006e-05 -1.057501e-05 6.125616e-05
11718.120543 7.805734e-01 -2.823072e-03 1.773604e-03 1.071512e-01 3.422540e-05 -4.977437e-05 -6.532350e-06 5.233747e-05
11720.065207 7.802410e-01 -2.814498e-03 1.736024e-03 1.074669e-01 3.537342e-05 -5.057597e-05 -6.452911e-06 6.877624e-05
11722.022064 7.794159e-01 -2.840718e-03 1.720764e-03 1.080769e-01 3.514353e-05 -4.010195e-05 -1.185071e-05 6.794744e-05
11723.991112 7.793623e-01 -2.818910e-03 1.743798e-03 1.083782e-01 3.319108e-05 -3.691830e-05 -5.583045e-06 7.238197e-05
11725.972352 7.790858e-01 -2.834177e-03 1.737028e-03 1.079873e-01 4.034637e-05 -3.114828e-05 -1.473117e-06 7.037087e-05
11727.965784 7.784568e-01 -2.840364e-03 1.808467e-03 1.079324e-01 4.295736e-05 -3.117145e-05 5.937572e-07 7.807503e-05
11729.971407 7.778248e-01 -2.812594e-03 1.846364e-03 1.080723e-01 3.753760e-05 -2.446783e-05 4.770790e-06 7.770862e-05
11731.989223 7.777104e-01 -2.810441e-03 1.763180e-03 1.077584e-01 4.969939e-05 -3.145444e-05 2.462832e-06 7.952461e-05
11734.019231 7.763171e-01 -2.832526e-03 1.767476e-03 1.078674e-01 5.242453e-05 -3.500208e-05 6.855188e-06 8.165595e-05
11736.061430 7.771206e-01 -2.850552e-03 1.723487e-03 1.072030e-01 6.363992e-05 -2.876013e-05 -1.268782e-05 6.436206e-05
11738.115822 7.762243e-01 -2.859413e-03 1.785116e-03 1.072461e-01 6.373603e-05 -3.062880e-05 -4.847835e-06 6.314160e-05
11740.182405 7.753149e-01 -2.851391e-03 1.755482e-03 1.072544e-01 5.634658e-05 -3.216503e-05 -1.105768e-05 7.210452e-05
11742.261180 7.721989e-01 -2.842712e-03 1.834836e-03 1.072754e-01 4.305112e-05 -3.297705e-05 -2.626772e-05 7.221768e-05
11744.352148 7.716671e-01 -2.842002e-03 1.752811e-03 1.068257e-01 4.546345e-05 -3.237532e-05 -2.046104e-05 7.437891e-05
11746.455307 7.727483e-01 -2.861465e-03 1.700713e-03 1.067974e-01 4.394896e-05 -2.738888e-05 -5.928666e-06 7.375749e-05
11748.570658 7.738850e-01 -2.852603e-03 1.772426e-03 1.077811e-01 4.173498e-05 -2.683708e-05 -5.749608e-06 7.888340e-05
11750.698201 7.739227e-01 -2.826191e-03 1.772880e-03 1.087905e-01 5.150384e-05 -2.515692e-05 -1.338017e-05 7.728642e-05
11752.837935 7.740096e-01 -2.820645e-03 1.814988e-03 1.081494e-01 5.636602e-05 -2.816239e-05 -8.126572e-06 8.648381e-05
11754.989862 7.731215e-01 -2.850951e-03 1.742817e-03 1.078147e-01 4.913193e-05 -2.033563e-05 -1.756244e-05 7.707438e-05
11757.153981 7.711227e-01 -2.840875e-03 1.787569e-03 1.075752e-01 5.503010e-05 -2.118013e-05 -2.210153e-05 7.529777e-05
11759.330291 7.705458e-01 -2.838048e-03 1.748696e-03 1.083229e-01 5.513867e-05 -3.470454e-05 -1.360726e-05 7.951425e-05
11761.518794 7.677568e-01 -2.840313e-03 1.739793e-03 1.070740e-01 6.102620e-05 -3.679233e-05 -1.022564e-05 8.362435e-05
11763.719488 7.699359e-01 -2.857610e-03 1.725947e-03 1.076164e-01 6.033255e-05 -3.592426e-05 -1.274621e-05 8.679387e-05
11765.932374 7.703822e-01 -2.832070e-03 1.729700e-03 1.074267e-01 5.810257e-05 -2.782779e-05 -1.696258e-05 7.279283e-05
11768.157453 7.697912e-01 -2.815659e-03 1.761961e-03 1.067275e-01 4.752961e-05 -3.713524e-05 -1.712957e-05 6.770745e-05
11770.394723 7.701106e-01 -2.829504e-03 1.707048e-03 1.065482e-01 5.397217e-05 -3.256783e-05 -8.193310e-06 7.358358e-05
11772.644185 7.706381e-01 -2.857616e-03 1.765597e-03 1.067803e-01 5.376347e-05 -3.496480e-05 -1.296735e-05 7.091366e-05
11774.905838 7.708630e-01 -2.840233e-03 1.790749e-03 1.072705e-01 4.953668e-05 -2.784239e-05 -1.107064e-05 5.757693e-05
11777.179684 7.684217e-01 -2.862656e-03 1.701761e-03 1.067903e-01 5.789937e-05 -2.093661e-05 3.883807e-06 7.025553e-05
11779.465722 7.691822e-01 -2.827860e-03 1.731998e-03 1.072589e-01 6.051348e-05 -1.846955e-05 -4.471591e-06 7.995832e-05
11781.763952 7.694275e-01 -2.841507e-03 1.737944e-03 1.080196e-01 5.063080e-05 -1.919468e-05 -8.993259e-06 7.567072e-05
11784.074373 7.676815e-01 -2.841260e-03 1.730455e-03 1.079541e-01 5.514438e-05 -2.638027e-05 -4.645069e-06 7.683478e-05
11786.396987 7.674704e-01 -2.858211e-03 1.717182e-03 1.080334e-01 5.521690e-05 -2.683230e-05 -6.163203e-06 8.390646e-05
11788.731792 7.670773e-01 -2.848007e-03 1.777002e-03 1.076005e-01 4.659523e-05 -3.922855e-05 -4.189645e-05 6.868698e-05
11791.078789 7.658790e-01 -2.867241e-03 1.818979e-03 1.086236e-01 4.377718e-05 -2.972769e-05 -2.828316e-05 5.248256e-05
11793.437978 7.660056e-01 -2.835963e-03 1.802567e-03 1.082752e-01 5.755309e-05 -2.750446e-05 -1.813432e-05 6.790229e-05
11795.809359 7.633463e-01 -2.836861e-03 1.704250e-03 1.079024e-01 6.044776e-05 -3.418210e-05 -2.005245e-05 5.998119e-05
11798.192932 7.620765e-01 -2.857805e-03 1.654139e-03 1.071815e-01 5.378286e-05 -2.918940e-05 -1.319059e-05 6.859319e-05
11800.588697 7.644718e-01 -2.847472e-03 1.731273e-03 1.070106e-01 5.532017e-05 -3.226593e-05 -2.293464e-05 5.961349e-05
11802.996654 7.614375e-01 -2.847467e-03 1.698981e-03 1.070117e-01 5.041308e-05 -4.628684e-05 -1.530386e-05 6.508011e-05
11805.416803 7.648596e-01 -2.845930e-03 1.717405e-03 1.077702e-01 4.967234e-05 -4.334948e-05 -1.369181e-05 6.557563e-05
11807.849143 7.632229e-01 -2.871193e-03 1.729211e-03 1.075599e-01 5.554430e-05 -3.186802e-05 -1.337161e-06 6.763851e-05
11810.293676 7.623621e-01 -2.887533e-03 1.774896e-03 1.074789e-01 6.111691e-05 -2.547875e-05 -1.288811e-05 8.128838e-05
11812.750400 7.592837e-01 -2.867170e-03 1.779482e-03 1.069037e-01 6.522080e-05 -1.739518e-05 -1.343829e-05 8.883237e-05
11815.219317 7.616543e-01 -2.862457e-03 1.751429e-03 1.078539e-01 6.131835e-05 -2.121124e-05 -1.321257e-05 7.766946e-05
11817.700425 7.595278e-01 -2.870671e-03 1.734796e-03 1.073086e-01 6.469089e-05 -2.342331e-05 -1.792339e-05 8.005766e-05
11820.193725 7.612193e-01 -2.848388e-03 1.780719e-03 1.079984e-01 5.855596e-05 -2.541160e-05 -1.733352e-05 8.278685e-05
11822.699217 7.591563e-01 -2.859680e-03 1.721007e-03 1.083602e-01 5.047177e-05 -3.179954e-05 -1.597578e-05 1.003816e-04
11825.216901 7.602863e-01 -2.853748e-03 1.761187e-03 1.078939e-01 5.774471e-05 -2.961969e-05 -2.051945e-05 8.654867e-05
11827.746777 7.616777e-01 -2.849439e-03 1.727967e-03 1.083421e-01 6.598712e-05 -3.039663e-05 -1.394718e-05 8.934045e-05
11830.288845 7.605894e-01 -2.837207e-03 1.694970e-03 1.078421e-01 6.578336e-05 -3.318235e-05 -6.647884e-06 1.019729e-04
11832.843105 7.583745e-01 -2.863307e-03 1.727966e-03 1.073917e-01 6.357807e-05 -4.539896e-05 -4.137870e-06 1.015325e-04
11835.409556 7.590315e-01 -2.836191e-03 1.802766e-03 1.080447e-01 4.911109e-05 -4.140611e-05 -2.427849e-07 9.674566e-05
11837.988200 7.542651e-01 -2.824472e-03 1.732489e-03 1.069711e-01 4.377071e-05 -2.887015e-05 5.312254e-06 8.920009e-05
11840.579035 7.537169e-01 -2.827242e-03 1.779368e-03 1.070652e-01 4.189293e-05 -2.467236e-05 -9.073209e-06 8.067127e-05
11843.182062 7.569197e-01 -2.837539e-03 1.725511e-03 1.079048e-01 4.860033e-05 -2.668768e-05 -1.203169e-06 8.947751e-05
11845.797282 7.574276e-01 -2.849151e-03 1.726857e-03 1.072952e-01 5.368327e-05 -2.616258e-05 -8.127090e-06 8.928079e-05
11848.424693 7.571447e-01 -2.845495e-03 1.796312e-03 1.068323e-01 5.584913e-05 -2.408021e-05 -1.153753e-05 9.501501e-05
11851.064296 7.564337e-01 -2.856888e-03 1.736022e-03 1.066339e-01 5.322544e-05 -2.860712e-05 4.379156e-06 9.928969e-05
11853.716091 7.505823e-01 -2.861924e-03 1.769195e-03 1.068544e-01 4.405366e-05 -2.562828e-05 -4.246983e-06 8.800055e-05
11856.380078 7.536651e-01 -2.849991e-03 1.780880e-03 1.067079e-01 4.185219e-05 -2.601674e-05 -5.010070e-06 8.960396e-05
11859.056256 7.546375e-01 -2.849942e-03 1.784368e-03 1.073407e-01 4.722229e-05 -2.278207e-05 -6.675973e-06 8.528464e-05
11861.744627 7.537134e-01 -2.848381e-03 1.799161e-03 1.075699e-01 5.510876e-05 -2.122796e-05 -1.011967e-05 7.350013e-05
11864.445190 7.535485e-01 -2.866512e-03 1.715869e-03 1.074985e-01 4.879785e-05 -2.731387e-05 -1.414410e-05 8.820977e-05
11867.157944 7.534985e-01 -2.878813e-03 1.723818e-03 1.079162e-01 4.791441e-05 -2.725624e-05 -1.827127e-05 6.159690e-05
11869.882891 7.545871e-01 -2.873926e-03 1.762075e-03 1.075323e-01 4.320754e-05 -2.364043e-05 -8.685214e-06 6.302241e-05
11872.620029 7.539567e-01 -2.880950e-03 1.737022e-03 1.070161e-01 3.260279e-05 -2.459973e-05 -1.900625e-05 7.675474e-05
11875.369359 7.536317e-01 -2.845639e-03 1.780903e-03 1.084585e-01 3.632985e-05 -2.400583e-05 -1.737437e-05 9.410852e-05
11878.130881 7.536147e-01 -2.843438e-03 1.754839e-03 1.078025e-01 3.796934e-05 -2.391123e-05 -1.080177e-05 9.278432e-05
11880.904595 7.520890e-01 -2.862098e-03 1.743112e-03 1.087064e-01 4.601497e-05 -1.806009e-05 -1.570558e-05 8.234072e-05
11883.690501 7.513579e-01 -2.851660e-03 1.723359e-03 1.079656e-01 3.734784e-05 -2.368267e-05 -6.922804e-06 1.028787e-04
11886.488599 7.519001e-01 -2.866456e-03 1.723936e-03 1.076020e-01 2.466500e-05 -3.563902e-05 -1.008816e-05 9.398669e-05
11889.298889 7.497517e-01 -2.861460e-03 1.703942e-03 1.082938e-01 3.348703e-05 -3.913002e-05 -1.199223e-05 9.146858e-05
11892.121371 7.497075e-01 -2.839013e-03 1.764171e-03 1.086006e-01 3.148962e-05 -3.744746e-05 -1.745296e-06 8.731038e-05
11894.956044 7.457061e-01 -2.859070e-03 1.693804e-03 1.080985e-01 3.501880e-05 -3.487823e-05 -1.354568e-05 9.747518e-05
11897.802910 7.413404e-01 -2.852466e-03 1.763765e-03 1.073216e-01 3.273506e-05 -3.135009e-05 -2.162752e-05 9.750006e-05
11900.661967 7.468774e-01 -2.854810e-03 1.766291e-03 1.080509e-01 3.507675e-05 -3.555681e-05 -2.104304e-05 1.060766e-04
11903.533217 7.479201e-01 -2.852240e-03 1.744492e-03 1.081113e-01 3.241836e-05 -3.867635e-05 -1.517115e-05 8.706764e-05
11906.416658 7.470826e-01 -2.848515e-03 1.794675e-03 1.071420e-01 2.704329e-05 -3.918579e-05 -1.759438e-05 9.439890e-05
11909.312291 7.468080e-01 -2.868337e-03 1.779803e-03 1.076289e-01 2.861049e-05 -3.537538e-05 -2.606538e-05 9.167595e-05
11912.220116 7.453533e-01 -2.876556e-03 1.761482e-03 1.075612e-01 2.783254e-05 -2.927070e-05 -3.075202e-05 8.440627e-05
11915.140133 7.459093e-01 -2.861238e-03 1.738900e-03 1.076380e-01 4.003940e-05 -3.096361e-05 -2.080736e-05 9.418850e-05
11918.072342 7.442528e-01 -2.884117e-03 1.748580e-03 1.084314e-01 4.483122e-05 -3.862521e-05 -2.553994e-05 9.015035e-05
11921.016743 7.379310e-01 -2.878684e-03 1.768040e-03 1.072871e-01 3.155072e-05 -3.388818e-05 -2.194120e-05 8.733984e-05
11923.973335 7.385925e-01 -2.871661e-03 1.781325e-03 1.066440e-01 3.328595e-05 -3.426783e-05 -1.786717e-05 8.813102e-05
11926.942120 7.431326e-01 -2.868946e-03 1.792405e-03 1.072079e-01 3.668893e-05 -2.627352e-05 -2.558713e-05 8.272123e-05
11929.923096 7.426953e-01 -2.859571e-03 1.778464e-03 1.076393e-01 3.633704e-05 -3.220513e-05 -1.862443e-05 8.832419e-05
11932.916265 7.422415e-01 -2.877894e-03 1.749070e-03 1.074282e-01 4.155288e-05 -3.544862e-05 -1.255479e-05 9.570709e-05
11935.921625 7.419270e-01 -2.869520e-03 1.721394e-03 1.080965e-01 4.095421e-05 -3.540054e-05 -2.691017e-05 9.049319e-05
11938.939177 7.422684e-01 -2.863953e-03 1.743989e-03 1.078834e-01 4.438364e-05 -2.998380e-05 -4.328769e-06 9.371359e-05
11941.968921 7.407772e-01 -2.855212e-03 1.711381e-03 1.075269e-01 3.728752e-05 -3.628409e-05 3.845473e-07 9.727010e-05
11945.010858 7.398989e-01 -2.863360e-03 1.716005e-03 1.073193e-01 3.181785e-05 -3.280654e-05 -2.368908e-05 8.927021e-05
11948.064985 7.397034e-01 -2.863240e-03 1.721964e-03 1.077327e-01 3.061547e-05 -3.271770e-05 -1.452303e-05 7.144715e-05
11951.131305 7.394827e-01 -2.853160e-03 1.739660e-03 1.077734e-01 4.420654e-05 -3.595537e-05 -7.701325e-06 8.861409e-05
11954.209817 7.395781e-01 -2.876569e-03 1.790657e-03 1.088506e-01 4.653736e-05 -4.496088e-05 -1.316989e-05 8.899488e-05
11957.300521 7.406288e-01 -2.862241e-03 1.747662e-03 1.090490e-01 3.933852e-05 -4.692125e-05 -1.125651e-05 8.992378e-05
11960.403416 7.401284e-01 -2.856657e-03 1.785026e-03 1.081789e-01 4.212498e-05 -3.503747e-05 -2.158176e-05 8.374598e-05
11963.518504 7.387817e-01 -2.846179e-03 1.807948e-03 1.075132e-01 4.015318e-05 -3.028258e-05 -1.811140e-05 7.909489e-05
11966.645783 7.381200e-01 -2.847857e-03 1.751896e-03 1.081523e-01 3.589961e-05 -2.242463e-05 -9.108394e-06 9.138501e-05
11969.785255 7.372402e-01 -2.839088e-03 1.729890e-03 1.079293e-01 3.982326e-05 -1.919810e-05 -1.637354e-05 8.778000e-05
11972.936918 7.370807e-01 -2.858653e-03 1.781182e-03 1.081674e-01 3.368472e-05 -2.496619e-05 -2.745519e-05 7.854232e-05
11976.100773 7.366665e-01 -2.866161e-03 1.735293e-03 1.084755e-01 3.234746e-05 -2.777207e-05 -7.775005e-06 7.959375e-05
11979.276820 7.363115e-01 -2.867374e-03 1.771759e-03 1.087852e-01 3.652825e-05 -3.218665e-05 -1.490794e-05 7.384018e-05
11982.465059 7.356253e-01 -2.848080e-03 1.793361e-03 1.084890e-01 3.770418e-05 -3.861664e-05 -1.569135e-05 8.217452e-05
11985.665490 7.347984e-01 -2.830344e-03 1.786353e-03 1.082784e-01 4.138603e-05 -3.237893e-05 -6.576524e-06 8.082659e-05
11988.878112 7.349021e-01 -2.844786e-03 1.751928e-03 1.085170e-01 4.455244e-05 -3.922937e-05 -2.156637e-05 8.558936e-05
11992.102927 7.338575e-01 -2.830988e-03 1.760877e-03 1.082906e-01 5.084613e-05 -4.390891e-05 -2.642996e-05 8.160790e-05
11995.339934 7.332791e-01 -2.849461e-03 1.777931e-03 1.092801e-01 5.778213e-05 -4.036976e-05 -2.839718e-05 8.295314e-05
11998.589132 7.331430e-01 -2.860771e-03 1.786465e-03 1.109400e-01 5.241731e-05 -4.105018e-05 -3.871852e-05 7.077768e-05
12001.850523 7.321419e-01 -2.831260e-03 1.793295e-03 1.127500e-01 3.981837e-05 -3.890510e-05 -2.833989e-05 8.516729e-05
12005.124105 7.313368e-01 -2.823759e-03 1.803521e-03 1.123719e-01 3.371257e-05 -3.542213e-05 -1.432309e-05 9.542668e-05
12008.409879 7.306052e-01 -2.830177e-03 1.773384e-03 1.103439e-01 2.555513e-05 -3.137183e-05 -2.928363e-05 6.301761e-05
12011.707845 7.303598e-01 -2.842996e-03 1.770866e-03 1.090708e-01 3.075434e-05 -3.289179e-05 -3.228716e-05 5.537903e-05
12015.018003 7.299796e-01 -2.831114e-03 1.755483e-03 1.079697e-01 2.358040e-05 -2.028975e-05 -3.376444e-05 7.863139e-05
12018.340353 7.291948e-01 -2.838364e-03 1.755042e-03 1.081561e-01 2.868983e-05 -1.364378e-05 -1.278781e-05 8.394771e-05
12021.674895 7.287440e-01 -2.855236e-03 1.746533e-03 1.112968e-01 2.588276e-05 -1.644573e-05 -3.118196e-05 7.818174e-05
12025.021629 7.279092e-01 -2.844652e-03 1.745799e-03 1.190226e-01 2.678370e-05 -2.693650e-05 -3.069604e-05 9.084422e-05
12028.380554 7.271041e-01 -2.852471e-03 1.737545e-03 1.274669e-01 2.851249e-05 -3.559156e-05 -3.212286e-05 8.520274e-05
12031.751672 7.271194e-01 -2.864867e-03 1.719524e-03 1.284666e-01 3.723229e-05 -3.500023e-05 -2.233479e-05 7.639863e-05
12035.134982 7.270886e-01 -2.859953e-03 1.744100e-03 1.214043e-01 4.009532e-05 -3.497475e-05 -1.776323e-05 9.206654e-05
12038.530483 7.253889e-01 -2.857100e-03 1.708212e-03 1.123385e-01 3.471057e-05 -2.511593e-05 -2.033120e-05 8.947167e-05
12041.938176 7.247412e-01 -2.870405e-03 1.716196e-03 1.070888e-01 3.939927e-05 -2.894424e-05 -2.683617e-05 7.480525e-05
12045.358061 7.195543e-01 -2.849724e-03 1.726111e-03 1.068619e-01 4.536680e-05 -2.180007e-05 -2.863240e-05 5.600804e-05
12048.790139 7.133977e-01 -2.847672e-03 1.768521e-03 1.060232e-01 3.921133e-05 -2.727170e-05 -2.542707e-05 7.931558e-05
12052.234408 7.224636e-01 -2.871100e-03 1.760185e-03 1.074126e-01 2.238763e-05 -3.521096e-05 -2.986692e-05 8.253677e-05
12055.690868 7.233088e-01 -2.833630e-03 1.764765e-03 1.080006e-01 2.345766e-05 -2.986325e-05 -3.317880e-05 8.318069e-05
12059.159521 7.232067e-01 -2.851751e-03 1.768267e-03 1.084191e-01 3.408016e-05 -2.241405e-05 -2.206595e-05 1.033553e-04
12062.640366 7.228897e-01 -2.859256e-03 1.733653e-03 1.101067e-01 3.915638e-05 -1.521884e-05 -1.575653e-05 9.632045e-05
12066.133403 7.217576e-01 -2.831071e-03 1.763666e-03 1.113343e-01 4.495027e-05 -2.342734e-05 -1.763791e-05 9.154381e-05
12069.638631 7.208133e-01 -2.829375e-03 1.761695e-03 1.111074e-01 5.007223e-05 -1.997262e-05 -1.153466e-05 9.289953e-05
12073.156052 7.213405e-01 -2.848978e-03 1.760241e-03 1.096722e-01 4.247539e-05 -1.612741e-05 -4.571442e-06 9.390098e-05
12076.685664 7.202568e-01 -2.831176e-03 1.739313e-03 1.085136e-01 4.609610e-05 -1.918872e-05 -1.122964e-05 8.845187e-05
12080.227468 7.194614e-01 -2.834002e-03 1.730089e-03 1.088275e-01 6.125118e-05 -1.030911e-05 -1.915192e-05 8.369762e-05
12083.781465 7.186681e-01 -2.845385e-03 1.717869e-03 1.079288e-01 5.259513e-05 -1.019817e-05 -1.048201e-05 9.561803e-05
12087.347653 7.180225e-01 -2.842110e-03 1.762129e-03 1.088250e-01 4.987174e-05 -1.968765e-05 -3.703475e-06 7.922925e-05
12090.926033 7.174083e-01 -2.854390e-03 1.753645e-03 1.089696e-01 4.536760e-05 -2.118407e-05 -1.063230e-05 7.001550e-05
12094.516605 7.174294e-01 -2.861115e-03 1.725885e-03 1.078871e-01 5.187808e-05 -1.021715e-05 -1.996148e-05 6.250640e-05
12098.119369 7.166104e-01 -2.844892e-03 1.726814e-03 1.079534e-01 6.020919e-05 -1.125970e-06 -1.658123e-05 6.045126e-05
12101.734324 7.154568e-01 -2.834056e-03 1.803312e-03 1.079629e-01 5.959519e-05 -7.596962e-06 -1.640200e-05 7.652862e-05
12105.361472 7.149654e-01 -2.857899e-03 1.789438e-03 1.075098e-01 5.550156e-05 -1.582303e-05 -1.174411e-05 7.882266e-05
12109.000811 7.135729e-01 -2.829846e-03 1.780670e-03 1.078593e-01 5.772814e-05 -1.435837e-05 -2.089180e-05 7.397936e-05
12112.652343 7.134682e-01 -2.829644e-03 1.759074e-03 1.078435e-01 5.319684e-05 -8.882125e-06 -2.085360e-05 7.826540e-05
12116.316066 7.117490e-01 -2.862870e-03 1.756313e-03 1.080492e-01 4.944484e-05 -6.789518e-06 -2.949801e-05 7.333006e-05
12119.991982 7.111522e-01 -2.827914e-03 1.763032e-03 1.076859e-01 4.683415e-05 -1.507409e-05 -2.453987e-05 6.549076e-05
12123.680089 7.122138e-01 -2.841365e-03 1.719070e-03 1.075233e-01 4.351945e-05 -1.703408e-05 -2.249587e-05 5.956108e-05
12127.380388 7.106613e-01 -2.860964e-03 1.755783e-03 1.076494e-01 4.775058e-05 -1.824726e-05 -3.355901e-05 6.217784e-05
12131.092879 7.109997e-01 -2.855532e-03 1.733934e-03 1.075513e-01 4.168497e-05 -6.899473e-06 -3.369814e-05 5.285783e-05
12134.817562 7.101068e-01 -2.850705e-03 1.760986e-03 1.078550e-01 4.242172e-05 -2.299746e-05 -3.597381e-05 6.055426e-05
12138.554437 7.082993e-01 -2.849831e-03 1.776298e-03 1.072443e-01 5.065760e-05 -3.104505e-05 -3.097008e-05 6.905853e-05
12142.303503 7.086694e-01 -2.847557e-03 1.778690e-03 1.075270e-01 5.289893e-05 -3.037146e-05 -3.020512e-05 7.551567e-05
12146.064762 7.085159e-01 -2.857012e-03 1.816936e-03 1.081772e-01 5.030813e-05 -2.036595e-05 -2.458555e-05 7.151191e-05
12149.838213 7.085858e-01 -2.842382e-03 1.757062e-03 1.078979e-01 4.195761e-05 -2.564068e-05 -2.421277e-05 7.232664e-05
12153.623855 7.075655e-01 -2.855609e-03 1.769767e-03 1.076261e-01 4.394568e-05 -3.270932e-05 -2.856162e-05 7.324806e-05
12157.421689 7.069860e-01 -2.859973e-03 1.773049e-03 1.079014e-01 4.990396e-05 -2.323126e-05 -3.144213e-05 6.630738e-05
12161.231716 7.062264e-01 -2.844582e-03 1.808152e-03 1.077608e-01 5.293875e-05 -2.553030e-05 -2.415385e-05 7.111821e-05
12165.053934 7.057548e-01 -2.836898e-03 1.752893e-03 1.082140e-01 4.785539e-05 -4.043173e-05 -1.540858e-05 7.267622e-05
12168.888344 7.043439e-01 -2.840928e-03 1.759286e-03 1.098673e-01 3.789309e-05 -3.300430e-05 -1.169028e-05 8.721451e-05
12172.734946 7.022526e-01 -2.848539e-03 1.780824e-03 1.182373e-01 3.881280e-05 -2.141706e-05 -2.248288e-05 8.972742e-05
12176.593740 7.031941e-01 -2.844747e-03 1.727759e-03 1.288240e-01 4.323772e-05 -8.597742e-06 -2.690258e-05 8.778881e-05
12180.464726 7.022570e-01 -2.857067e-03 1.694854e-03 1.298750e-01 5.329481e-05 -8.261469e-06 -2.142218e-05 9.462416e-05
12184.347903 7.024482e-01 -2.843194e-03 1.809486e-03 1.246017e-01 5.057488e-05 -1.559882e-05 -2.632472e-05 9.932299e-05
12188.243273 7.006655e-01 -2.833880e-03 1.764009e-03 1.160328e-01 4.229109e-05 -1.008262e-05 -4.540451e-05 9.084685e-05
12192.150835 7.013922e-01 -2.844189e-03 1.763393e-03 1.089982e-01 3.850311e-05 -1.290605e-05 -3.950158e-05 7.683114e-05
12196.070588 6.996789e-01 -2.851921e-03 1.809725e-03 1.081799e-01 3.928302e-05 -9.134849e-06 -2.724434e-05 8.562804e-05
12200.002533 6.990947e-01 -2.844493e-03 1.798300e-03 1.082517e-01 4.370750e-05 -8.412236e-06 -2.535114e-05 6.699819e-05
12203.946671 6.993516e-01 -2.839038e-03 1.796880e-03 1.080009e-01 4.011897e-05 -6.345470e-06 -3.756657e-05 7.516480e-05
12207.903000 6.979985e-01 -2.831060e-03 1.781816e-03 1.073650e-01 4.580499e-05 3.588029e-06 -4.320321e-05 8.262453e-05
12211.871521 6.968978e-01 -2.832427e-03 1.779388e-03 1.081013e-01 4.831067e-05 6.449336e-06 -3.219256e-05 8.559514e-05
12215.852234 6.963813e-01 -2.846257e-03 1.773190e-03 1.079731e-01 5.722525e-05 -4.438893e-06 -4.170829e-05 7.312068e-05
12219.845139 6.951621e-01 -2.853824e-03 1.746437e-03 1.076415e-01 5.581089e-05 -7.797654e-06 -3.995828e-05 8.356701e-05
12223.850236 6.957733e-01 -2.854681e-03 1.728359e-03 1.076915e-01 5.634228e-05 -6.806183e-06 -3.277278e-05 1.026155e-04
12227.867524 6.958432e-01 -2.847134e-03 1.810023e-03 1.078198e-01 5.616859e-05 -1.302246e-05 -2.425031e-05 1.093200e-04
12231.897005 6.932144e-01 -2.827708e-03 1.720923e-03 1.075872e-01 6.432330e-05 -1.207471e-05 -1.398209e-05 1.075990e-04
12235.938678 6.939357e-01 -2.840875e-03 1.723297e-03 1.073606e-01 6.393708e-05 -2.386289e-05 -5.282843e-06 1.066719e-04
12239.992542 6.928797e-01 -2.851301e-03 1.781508e-03 1.077952e-01 6.914340e-05 -1.734126e-05 -1.171647e-05 1.072139e-04
12244.058598 6.932620e-01 -2.862758e-03 1.743194e-03 1.072352e-01 6.805499e-05 -1.000057e-05 -8.525068e-06 8.513597e-05
12248.136847 6.922737e-01 -2.848290e-03 1.721079e-03 1.077552e-01 6.759753e-05 -1.875285e-05 -1.166113e-05 7.467654e-05
12252.227287 6.862338e-01 -2.833550e-03 1.727279e-03 1.066783e-01 5.913720e-05 -1.842733e-05 -1.492792e-05 8.430048e-05
12256.329919 6.748983e-01 -2.838588e-03 1.784270e-03 1.055078e-01 6.421628e-05 -1.366276e-05 -6.288817e-06 7.979649e-05
12260.444743 6.855012e-01 -2.845934e-03 1.786084e-03 1.075557e-01 5.495484e-05 -1.602523e-05 -1.161282e-06 7.307280e-05
12264.571759 6.868828e-01 -2.858112e-03 1.736654e-03 1.093185e-01 4.751980e-05 -1.721505e-05 -1.973787e-06 6.558565e-05
12268.710967 6.871261e-01 -2.845189e-03 1.757611e-03 1.093696e-01 4.307281e-05 -1.583156e-05 -7.833276e-06 5.694634e-05
12272.862366 6.870877e-01 -2.850401e-03 1.748387e-03 1.082618e-01 4.329632e-05 -1.372236e-05 -1.471573e-05 7.410825e-05
12277.025958 6.874454e-01 -2.851050e-03 1.799121e-03 1.081118e-01 4.433153e-05 -1.312742e-05 4.750262e-06 7.004400e-05
12281.201742 6.864103e-01 -2.842010e-03 1.783610e-03 1.081645e-01 4.433504e-05 -9.974208e-06 3.810726e-06 8.141313e-05
12285.389717 6.854931e-01 -2.829442e-03 1.773223e-03 1.092587e-01 3.226152e-05 -1.241507e-05 -3.194803e-07 9.509666e-05
12289.589884 6.838395e-01 -2.841674e-03 1.682685e-03 1.089778e-01 4.425289e-05 -1.385400e-05 -2.680769e-06 9.502458e-05
12293.802244 6.831012e-01 -2.834517e-03 1.769809e-03 1.083132e-01 5.562665e-05 -1.843311e-05 -5.093350e-06 9.448269e-05
12298.026795 6.703462e-01 -2.851927e-03 1.791985e-03 1.060335e-01 5.477635e-05 -1.644793e-05 -3.929926e-06 9.937531e-05
12302.263538 6.731007e-01 -2.833698e-03 1.751081e-03 1.062679e-01 4.937097e-05 -2.066265e-05 3.979305e-06 9.957216e-05
12306.512473 6.814323e-01 -2.831599e-03 1.773455e-03 1.073340e-01 4.622028e-05 -1.311124e-05 1.507480e-06 9.902046e-05
12310.773600 6.812724e-01 -2.833668e-03 1.737973e-03 1.076277e-01 4.792503e-05 -1.436596e-05 6.255090e-06 1.009493e-04
12315.046919 6.807004e-01 -2.842543e-03 1.721748e-03 1.072546e-01 4.667139e-05 -1.076813e-05 1.292497e-05 1.039941e-04
12319.332429 6.799963e-01 -2.833743e-03 1.747684e-03 1.076439e-01 4.918244e-05 -1.554002e-05 4.607452e-06 1.000881e-04
12323.630132 6.791194e-01 -2.831049e-03 1.786186e-03 1.073478e-01 4.509941e-05 -1.221013e-05 -4.079835e-06 8.261688e-05
12327.940026 6.793429e-01 -2.831235e-03 1.775686e-03 1.073568e-01 3.713179e-05 -1.754799e-05 -6.903603e-06 8.197581e-05
12332.262113 6.787621e-01 -2.806552e-03 1.708428e-03 1.079671e-01 3.714705e-05 -2.058876e-05 -4.298112e-06 8.284236e-05
12336.596391 6.782450e-01 -2.807040e-03 1.766224e-03 1.076044e-01 3.736801e-05 -2.073296e-05 -1.655117e-05 7.893780e-05
12340.942861 6.777701e-01 -2.839538e-03 1.742752e-03 1.078163e-01 3.510998e-05 -1.432943e-05 -2.917071e-05 8.347873e-05
12345.301524 6.767599e-01 -2.840570e-03 1.713866e-03 1.081426e-01 4.457406e-05 -6.126233e-06 -1.656019e-05 8.856942e-05
12349.672378 6.755266e-01 -2.835778e-03 1.818240e-03 1.079085e-01 4.663709e-05 -1.180515e-05 -1.762922e-05 7.267962e-05
12354.055424 6.740404e-01 -2.846806e-03 1.801871e-03 1.075750e-01 5.223050e-05 -8.119873e-06 -2.393357e-05 8.420595e-05
12358.450662 6.745002e-01 -2.850664e-03 1.751291e-03 1.075863e-01 5.046768e-05 -8.439814e-06 -1.632033e-05 8.651256e-05
12362.858091 6.739134e-01 -2.832527e-03 1.717946e-03 1.069085e-01 4.141225e-05 -3.608580e-06 -3.116596e-06 8.772608e-05
12367.277713 6.718849e-01 -2.831360e-03 1.734642e-03 1.078536e-01 3.366661e-05 -1.002432e-05 -3.748577e-06 9.553125e-05
12371.709527 6.726051e-01 -2.831350e-03 1.740241e-03 1.081508e-01 3.815430e-05 -1.021601e-05 -5.016806e-06 9.787750e-05
12376.153532 6.717557e-01 -2.828787e-03 1.761623e-03 1.078457e-01 3.563697e-05 -1.482839e-05 -7.218833e-06 9.867493e-05
12380.609730 6.709420e-01 -2.838408e-03 1.747137e-03 1.074933e-01 3.900956e-05 -1.564775e-05 -4.594198e-06 1.062263e-04
12385.078119 6.704434e-01 -2.846095e-03 1.753657e-03 1.075378e-01 4.358512e-05 -2.241414e-05 -7.973194e-06 1.082546e-04
12389.558700 6.700140e-01 -2.845833e-03 1.764217e-03 1.079515e-01 4.293375e-05 -2.185211e-05 4.745178e-06 1.068573e-04
12394.051473 6.693957e-01 -2.842694e-03 1.813473e-03 1.083649e-01 4.453471e-05 -1.653196e-05 9.779904e-07 1.026875e-04
12398.556438 6.685832e-01 -2.828368e-03 1.767948e-03 1.079803e-01 4.370409e-05 -1.399172e-05 -9.838330e-06 1.009985e-04
12403.073595 6.672250e-01 -2.818852e-03 1.794468e-03 1.080024e-01 3.773616e-05 -1.659538e-05 -1.321560e-05 8.436331e-05
12407.602944 6.670780e-01 -2.835607e-03 1.778252e-03 1.122935e-01 3.603212e-05 -2.460053e-05 -1.885924e-05 8.680393e-05
12412.144485 6.653744e-01 -2.839625e-03 1.748559e-03 1.189534e-01 3.573298e-05 -3.075410e-05 -1.289523e-05 8.889920e-05
12416.698218 6.634785e-01 -2.845829e-03 1.740703e-03 1.160347e-01 4.863061e-05 -2.914447e-05 -1.671006e-05 8.545470e-05
12421.264142 6.609946e-01 -2.836145e-03 1.729590e-03 1.114890e-01 5.492125e-05 -1.642828e-05 -1.657470e-05 9.654446e-05
12425.842259 6.625991e-01 -2.835386e-03 1.731495e-03 1.081403e-01 4.998964e-05 -2.006886e-05 -1.020960e-05 8.867238e-05
12430.432567 6.634064e-01 -2.844523e-03 1.744818e-03 1.076713e-01 4.672417e-05 -1.697865e-05 2.933774e-07 9.245322e-05
12435.035068 6.621383e-01 -2.844311e-03 1.728801e-03 1.069358e-01 4.694999e-05 -1.241425e-05 -1.125542e-05 9.053421e-05
12439.649760 6.613202e-01 -2.848200e-03 1.791509e-03 1.073540e-01 4.601441e-05 -1.299404e-05 -1.176369e-05 9.304376e-05
12444.276644 6.604912e-01 -2.844686e-03 1.805020e-03 1.074284e-01 4.237479e-05 -6.322058e-06 -2.779736e-06 9.327368e-05
12448.915720 6.590258e-01 -2.837671e-03 1.797651e-03 1.075386e-01 3.718696e-05 -8.311513e-06 -2.338975e-06 8.454788e-05
12453.566988 6.595105e-01 -2.839171e-03 1.756466e-03 1.078668e-01 4.519519e-05 -2.006608e-05 1.228255e-06 9.116784e-05
12458.230448 6.591150e-01 -2.837709e-03 1.759823e-03 1.076813e-01 4.932692e-05 -1.327401e-05 -5.816194e-06 7.866205e-05
12462.906100 6.584389e-01 -2.827428e-03 1.776308e-03 1.076081e-01 4.763446e-05 -1.204510e-05 -7.606274e-06 9.300209e-05
12467.593943 6.578532e-01 -2.826105e-03 1.755048e-03 1.077189e-01 5.350021e-05 -1.611816e-05 -3.841167e-06 9.292523e-05
12472.293979 6.563474e-01 -2.827995e-03 1.779094e-03 1.075003e-01 4.903209e-05 -1.795984e-05 -1.666011e-06 8.567960e-05
12477.006206 6.558797e-01 -2.808397e-03 1.800764e-03 1.072131e-01 4.008780e-05 -2.440926e-05 -8.946213e-06 8.327663e-05
12481.730626 6.560486e-01 -2.828043e-03 1.748161e-03 1.073067e-01 3.685402e-05 -2.640961e-05 -7.870198e-06 9.502847e-05
12486.467237 6.552133e-01 -2.826353e-03 1.758675e-03 1.071471e-01 3.849513e-05 -2.435742e-05 -8.630609e-06 1.027458e-04
12491.216040 6.543192e-01 -2.861837e-03 1.752016e-03 1.073936e-01 3.338614e-05 -1.861123e-05 -8.397158e-06 9.870406e-05
12495.977036 6.525141e-01 -2.856486e-03 1.757968e-03 1.072645e-01 3.692257e-05 -1.627341e-05 -2.274343e-06 8.503570e-05
12500.750223 6.498511e-01 -2.833995e-03 1.747237e-03 1.068560e-01 3.647770e-05 -1.953625e-05 1.458979e-05 1.055676e-04
12505.535602 6.518454e-01 -2.837016e-03 1.745015e-03 1.069042e-01 2.855711e-05 -2.173571e-05 5.943115e-06 1.028709e-04
12510.333172 6.521934e-01 -2.829550e-03 1.772895e-03 1.077256e-01 3.455409e-05 -1.837739e-05 7.595988e-06 1.008061e-04
12515.142935 6.515563e-01 -2.834018e-03 1.756067e-03 1.080484e-01 3.963137e-05 -1.592768e-06 9.486893e-06 1.016764e-04
12519.964890 6.507877e-01 -2.843582e-03 1.736386e-03 1.074950e-01 3.522418e-05 -1.080118e-05 -6.029541e-06 1.159264e-04
12524.799037 6.500039e-01 -2.852747e-03 1.769915e-03 1.072496e-01 3.805732e-05 -1.409138e-05 -9.492706e-06 1.189733e-04
12529.645375 6.436161e-01 -2.827523e-03 1.754613e-03 1.068430e-01 4.653944e-05 -9.992196e-06 -1.587640e-05 1.120212e-04
12534.503905 3.324521e-01 -1.458174e-03 9.318686e-04 5.510117e-02 2.527158e-05 -4.554492e-06 -7.427352e-06 5.619277e-05
12539.374628 6.484358e-03 -2.844454e-05 1.832922e-05 1.073708e-03 4.914391e-07 -1.134744e-07 -8.973451e-08 1.076501e-06
