# Facility: NSLS-II
# Beamline: QAS
# Year: 2023
# Cycle: 3
# SAF: 312215
# PI: Reece
# Proposal: 313586
# Scan ID: 271241
# UID: 537c3b5d-233c-43d5-9f7e-b6148b9dcc32
# Comment: 
# Start time: 10/18/2023  22:23:08
# Stop time: 10/18/2023  22:23:40
# Total time: 00:31
# Trajectory name: Pt-L3-30s-11564.txt
# Element: Platinum ( 78)
# Edge: L3
# E0: 11564
# Reference Foil Element: Pt
# Keithley Gains I0: 1E6 V/A It: 1E6 V/A Iref: 1E7 V/A PIPS: 1E8 V/A 
# Ion Chamber Gas Flow Rates: I0: 0.00 sccm He + 189.60 sccm N2 + 9.80 sccm Ar 
# Ion Chamber Gas Flow Rates: It&Iref: 39.70 sccm N2 + 60.10 sccm Ar
# Incident Beam Path Vertical: 31.75 mm
# Incident Slits Positions B: TOP: 2.0 mm Bottom: 1.0 mm Inboard: 0.57675 mm Outboard: 1.57675 mm
# Sample Stage Positions: Rotation: 35.0 deg Horizontal: -10.11 mm Vertical: 15.39 mm Beam Direction: 0.00 mm
# PerkinElmer Vertical Position: 500.00 mm
# Linkam Oven Temperature : 3.03 C and Ramp Rate: 20.00 C/min.
# Front End Mirror Horizontal Positions: Up: -14.00 mm Down: -14.00 mm
#
# energy  i0  it  ir  iff  aux1  aux2  aux3  aux4
11380.596982 4.190836e-01 -1.426729e-03 8.501710e-04 2.455026e-02 1.332316e-05 -1.624576e-05 -6.493343e-06 3.614004e-05
11385.596982 8.235052e-01 -2.841386e-03 1.725294e-03 4.828287e-02 2.883978e-05 -3.721064e-05 -2.208626e-05 6.428719e-05
11390.596982 8.301931e-01 -2.859064e-03 1.730956e-03 4.888493e-02 2.759246e-05 -4.615782e-05 -2.818735e-05 6.041117e-05
11395.596982 8.372896e-01 -2.852947e-03 1.732091e-03 4.965127e-02 2.361741e-05 -5.157834e-05 -2.374127e-05 4.708003e-05
11400.596982 8.354771e-01 -2.854718e-03 1.722568e-03 5.007357e-02 2.864603e-05 -4.690089e-05 -1.878332e-05 4.603510e-05
11405.596982 8.337115e-01 -2.856180e-03 1.722886e-03 4.974296e-02 2.671473e-05 -4.459103e-05 -2.345284e-05 5.722503e-05
11410.596982 8.312461e-01 -2.836977e-03 1.757467e-03 4.947810e-02 2.557145e-05 -4.522357e-05 -2.407580e-05 5.687703e-05
11415.596982 8.228101e-01 -2.840725e-03 1.737138e-03 4.885210e-02 2.736172e-05 -4.518938e-05 -2.494135e-05 5.128397e-05
11420.596982 8.234759e-01 -2.850534e-03 1.748502e-03 4.886389e-02 2.821910e-05 -3.819728e-05 -2.675989e-05 6.494891e-05
11425.596982 8.299890e-01 -2.841919e-03 1.748262e-03 4.935503e-02 2.957000e-05 -3.623721e-05 -2.220500e-05 5.843234e-05
11430.596982 8.309562e-01 -2.846967e-03 1.736550e-03 4.954077e-02 2.894413e-05 -4.294414e-05 -1.655395e-05 6.181951e-05
11435.596982 8.293945e-01 -2.837445e-03 1.704510e-03 4.944709e-02 3.189763e-05 -4.853322e-05 -6.660114e-06 6.291104e-05
11440.596982 8.283523e-01 -2.842817e-03 1.719808e-03 4.959645e-02 3.387382e-05 -3.725368e-05 -1.073701e-05 7.084926e-05
11445.596982 8.276320e-01 -2.853340e-03 1.712030e-03 4.965543e-02 4.431725e-05 -3.234079e-05 -1.368694e-05 6.326688e-05
11450.596982 8.263520e-01 -2.845937e-03 1.734820e-03 4.990640e-02 4.076367e-05 -3.594144e-05 -2.149744e-05 6.787413e-05
11455.596982 8.247659e-01 -2.837800e-03 1.728540e-03 5.023699e-02 3.195449e-05 -4.491629e-05 -1.999871e-05 6.682830e-05
11460.596982 8.239078e-01 -2.835431e-03 1.743162e-03 5.019371e-02 2.527277e-05 -3.893967e-05 -1.877432e-05 6.686249e-05
11465.596982 8.227591e-01 -2.839064e-03 1.779424e-03 5.000000e-02 2.770689e-05 -4.295977e-05 -2.408753e-05 6.963130e-05
11470.596982 8.215459e-01 -2.848584e-03 1.748153e-03 4.983800e-02 2.239943e-05 -4.414520e-05 -1.724338e-05 5.593618e-05
11475.596982 8.209243e-01 -2.846171e-03 1.773140e-03 5.003221e-02 3.289846e-05 -4.327876e-05 -1.417425e-05 5.922672e-05
11480.596982 8.202958e-01 -2.845635e-03 1.732357e-03 5.017988e-02 2.614561e-05 -4.404440e-05 -1.763799e-05 7.027937e-05
11485.596982 8.194239e-01 -2.834805e-03 1.741096e-03 5.038894e-02 2.008107e-05 -3.978559e-05 -1.108169e-05 6.815096e-05
11490.596982 8.181582e-01 -2.835415e-03 1.707238e-03 5.084576e-02 2.392125e-05 -3.327944e-05 -5.747865e-06 7.249393e-05
11495.596982 8.175170e-01 -2.846329e-03 1.716189e-03 5.075781e-02 2.839241e-05 -4.383347e-05 -1.710735e-05 7.654968e-05
11500.596982 8.161266e-01 -2.833773e-03 1.673982e-03 5.054928e-02 2.669653e-05 -4.387746e-05 -1.827345e-05 6.295357e-05
11505.596982 8.153365e-01 -2.840508e-03 1.720459e-03 5.068732e-02 1.750868e-05 -3.944354e-05 -1.940626e-05 5.826372e-05
11510.596982 8.143196e-01 -2.857726e-03 1.754149e-03 5.064316e-02 2.254422e-05 -4.238907e-05 -2.327689e-05 5.926666e-05
11515.596982 8.137183e-01 -2.841883e-03 1.762167e-03 5.109474e-02 1.984491e-05 -4.134456e-05 -2.559375e-05 6.313448e-05
11520.596982 8.132550e-01 -2.857268e-03 1.773520e-03 5.128796e-02 2.430774e-05 -3.685219e-05 -2.442301e-05 6.746543e-05
11525.596982 8.121724e-01 -2.857334e-03 1.746928e-03 5.188594e-02 3.077890e-05 -4.061411e-05 -1.994098e-05 6.024834e-05
11530.596982 8.113979e-01 -2.840796e-03 1.743469e-03 5.233293e-02 2.781397e-05 -3.517799e-05 -1.285337e-05 6.713432e-05
11534.000000 8.108880e-01 -2.846931e-03 1.742592e-03 5.276646e-02 4.676394e-05 -3.269925e-05 -1.265172e-05 6.569896e-05
11535.000000 8.102283e-01 -2.842446e-03 1.789838e-03 5.255538e-02 4.390650e-05 -4.017988e-05 -1.040765e-05 6.097830e-05
11536.000000 8.112502e-01 -2.829521e-03 1.785783e-03 5.219847e-02 4.090923e-05 -3.882949e-05 -1.610277e-05 3.868737e-05
11537.000000 8.103401e-01 -2.829548e-03 1.733680e-03 5.248976e-02 4.200198e-05 -3.202560e-05 -7.281618e-06 7.406328e-05
11538.000000 8.096796e-01 -2.846006e-03 1.732591e-03 5.280837e-02 3.235400e-05 -3.090113e-05 -1.190338e-05 8.297258e-05
11539.000000 8.094447e-01 -2.845723e-03 1.669016e-03 5.314916e-02 3.125026e-05 -2.937976e-05 -7.704677e-06 9.316986e-05
11540.000000 8.088743e-01 -2.850472e-03 1.713255e-03 5.293011e-02 3.270446e-05 -3.004916e-05 -1.941272e-05 8.108662e-05
11541.000000 8.100519e-01 -2.843850e-03 1.745272e-03 5.358911e-02 3.236149e-05 -2.750355e-05 -2.489129e-05 6.952023e-05
11541.200000 8.123802e-01 -2.780299e-03 1.749621e-03 5.097280e-02 3.034777e-05 -2.742351e-05 -2.243526e-05 7.620778e-05
11541.400000 8.012793e-01 -2.933729e-03 1.691488e-03 5.460567e-02 4.756006e-05 -2.659399e-05 7.693094e-07 9.691900e-05
11541.600000 8.115800e-01 -2.779232e-03 1.857883e-03 5.159223e-02 3.603154e-05 -1.444040e-05 -2.124333e-05 8.796845e-05
11541.800000 8.076774e-01 -2.880173e-03 1.615678e-03 5.536026e-02 4.488012e-05 -1.835307e-05 -2.226596e-05 9.704372e-05
11542.000000 8.050964e-01 -2.857667e-03 1.765618e-03 5.400645e-02 4.245413e-05 -2.565673e-05 -2.126806e-05 8.932838e-05
11542.200000 8.085025e-01 -2.795208e-03 1.653502e-03 5.303348e-02 2.895394e-05 -2.569658e-05 -2.355582e-05 7.271479e-05
11542.400000 8.101428e-01 -2.927235e-03 1.754687e-03 5.364925e-02 3.863283e-05 -3.142276e-05 -2.711230e-05 8.010029e-05
11542.600000 8.094746e-01 -2.761196e-03 1.663655e-03 5.229031e-02 2.255568e-05 -3.530258e-05 -1.990043e-05 8.512315e-05
11542.800000 8.085521e-01 -2.875088e-03 1.722026e-03 5.264166e-02 3.483621e-05 -3.272732e-05 -2.735937e-05 9.010208e-05
11543.000000 8.116000e-01 -2.820411e-03 1.851718e-03 5.366071e-02 3.759767e-05 -2.536120e-05 -3.942998e-05 8.792770e-05
11543.200000 8.057908e-01 -2.806314e-03 1.755888e-03 5.294704e-02 4.004040e-05 -1.543872e-05 -4.490613e-05 7.546853e-05
11543.400000 8.157401e-01 -2.932859e-03 1.882720e-03 5.398323e-02 4.676785e-05 -2.381150e-05 -2.893443e-05 8.166104e-05
11543.600000 8.074819e-01 -2.729188e-03 1.943536e-03 5.249702e-02 3.374782e-05 -2.778467e-05 -4.788396e-05 6.555392e-05
11543.800000 8.066932e-01 -2.893297e-03 1.627059e-03 5.398178e-02 4.200899e-05 -3.074778e-05 -3.618965e-05 6.537941e-05
11544.000000 8.089939e-01 -2.757993e-03 1.783919e-03 5.575981e-02 3.081947e-05 -3.014865e-05 -1.144089e-05 7.730769e-05
11544.200000 8.120000e-01 -2.939377e-03 1.788771e-03 5.457193e-02 4.309648e-05 -2.556840e-05 -1.284982e-05 7.818501e-05
11544.400000 8.030481e-01 -2.830767e-03 1.613932e-03 5.055034e-02 3.253274e-05 -2.470914e-05 -2.129533e-05 5.755793e-05
11544.600000 8.091232e-01 -2.863990e-03 1.854299e-03 5.255022e-02 3.045404e-05 -2.480546e-05 -1.692631e-05 7.234865e-05
11544.800000 8.038272e-01 -2.883904e-03 1.647663e-03 5.602064e-02 1.698703e-05 -1.286310e-05 -4.939449e-06 8.277721e-05
11545.000000 8.076074e-01 -2.735987e-03 1.586875e-03 5.488481e-02 1.867988e-05 -2.782477e-05 -3.425894e-05 7.389987e-05
11545.200000 8.154491e-01 -2.928459e-03 1.739310e-03 5.532986e-02 3.395306e-05 -3.259539e-05 -2.504194e-05 7.490588e-05
11545.400000 7.885241e-01 -2.722009e-03 1.783544e-03 5.103613e-02 2.421951e-05 -3.300961e-05 -1.917687e-05 8.202927e-05
11545.600000 8.128808e-01 -2.926802e-03 1.734694e-03 5.302534e-02 4.312629e-05 -2.754036e-05 -1.364403e-05 8.676354e-05
11545.800000 8.080271e-01 -2.751862e-03 1.781516e-03 5.365084e-02 3.316477e-05 -2.450303e-05 -1.878794e-05 8.336650e-05
11546.000000 8.096172e-01 -2.855605e-03 1.895906e-03 5.337776e-02 3.148877e-05 -2.317597e-05 -1.290864e-05 8.469254e-05
11546.200000 8.122435e-01 -2.875018e-03 1.858320e-03 5.454492e-02 3.461551e-05 -2.490304e-05 -2.696111e-05 7.847636e-05
11546.400000 8.039897e-01 -2.768698e-03 1.633579e-03 5.321532e-02 3.349139e-05 -1.409686e-05 -5.988424e-06 8.145821e-05
11546.600000 8.118246e-01 -2.907855e-03 1.568499e-03 5.514797e-02 4.220850e-05 -1.731578e-05 -1.007850e-05 7.808094e-05
11546.800000 8.029020e-01 -2.750534e-03 1.640922e-03 5.448999e-02 3.549530e-05 -2.339934e-05 -1.018739e-05 8.429214e-05
11547.000000 8.101558e-01 -2.948192e-03 1.654869e-03 5.358831e-02 4.117927e-05 -1.890189e-05 1.209832e-06 7.934317e-05
11547.200000 8.094327e-01 -2.767786e-03 1.686299e-03 5.412492e-02 3.471997e-05 -1.873019e-05 -1.069309e-05 8.909849e-05
11547.400000 8.139983e-01 -2.912771e-03 1.724210e-03 5.313381e-02 4.310196e-05 -1.145345e-05 -1.431900e-05 9.706917e-05
11547.600000 8.015710e-01 -2.823634e-03 1.858378e-03 5.206250e-02 3.652289e-05 -1.388447e-05 -2.126818e-05 7.858285e-05
11547.800000 8.094139e-01 -2.807658e-03 1.753459e-03 5.473037e-02 3.532891e-05 -2.381119e-05 -5.025242e-06 8.245601e-05
11548.000000 8.089681e-01 -2.909800e-03 1.788960e-03 5.696692e-02 3.860570e-05 -2.769103e-05 -4.562031e-05 6.079609e-05
11548.200000 8.107059e-01 -2.767586e-03 1.737113e-03 5.385223e-02 1.953423e-05 -2.630716e-05 -3.461918e-05 7.531736e-05
11548.400000 8.090609e-01 -2.904280e-03 1.511417e-03 5.509215e-02 3.144946e-05 -3.252810e-05 -1.320552e-05 8.556551e-05
11548.600000 8.093393e-01 -2.804023e-03 1.561031e-03 5.595889e-02 3.028071e-05 -3.323244e-05 -1.338955e-05 7.358456e-05
11548.800000 8.074009e-01 -2.929465e-03 1.784252e-03 5.458401e-02 3.715685e-05 -3.162224e-05 -2.239123e-05 9.057198e-05
11549.000000 8.081530e-01 -2.780205e-03 1.736774e-03 5.366758e-02 2.302695e-05 -3.392949e-05 -1.216079e-05 9.684452e-05
11549.200000 8.113426e-01 -2.893609e-03 1.611451e-03 5.594538e-02 3.052841e-05 -3.462238e-05 -1.906329e-05 8.441200e-05
11549.400000 8.082507e-01 -2.811635e-03 1.672432e-03 5.737366e-02 2.695844e-05 -3.764794e-05 -2.135996e-06 8.210299e-05
11549.600000 8.086505e-01 -2.833842e-03 1.934338e-03 5.380875e-02 3.208791e-05 -2.730620e-05 -1.764089e-05 8.902767e-05
11549.800000 8.145777e-01 -2.933416e-03 1.706249e-03 5.581764e-02 2.112283e-05 -2.367965e-05 -1.948970e-05 8.594554e-05
11550.000000 7.967535e-01 -2.800062e-03 2.067933e-03 5.469468e-02 2.551162e-05 -2.100061e-05 -1.855200e-05 8.267639e-05
11550.200000 8.117343e-01 -2.843204e-03 1.706469e-03 5.643033e-02 3.800590e-05 -1.985613e-05 -2.495601e-05 8.164242e-05
11550.400000 8.075142e-01 -2.798608e-03 1.659843e-03 5.522111e-02 3.949019e-05 -2.590571e-05 -1.974319e-05 7.727951e-05
11550.600000 8.096944e-01 -2.866491e-03 1.779973e-03 5.510350e-02 4.216002e-05 -1.518179e-05 -1.231214e-05 9.231675e-05
11550.800000 8.081253e-01 -2.730671e-03 1.819006e-03 5.591968e-02 3.391978e-05 -1.929728e-05 1.256188e-06 1.061146e-04
11551.000000 8.101688e-01 -2.890129e-03 1.581289e-03 5.469141e-02 4.062746e-05 -1.804732e-05 -9.109021e-06 9.476283e-05
11551.200000 8.085620e-01 -2.766668e-03 1.600258e-03 5.462271e-02 2.539988e-05 -2.567602e-05 -1.323187e-05 1.010117e-04
11551.400000 8.052833e-01 -2.873489e-03 1.644373e-03 5.579428e-02 3.425672e-05 -2.921120e-05 -1.555306e-05 9.987570e-05
11551.600000 8.125171e-01 -2.738310e-03 1.843325e-03 5.614983e-02 3.114873e-05 -2.419489e-05 -2.093479e-05 9.058896e-05
11551.800000 8.101250e-01 -2.910227e-03 1.726079e-03 5.529270e-02 4.994581e-05 -2.510433e-05 -2.280873e-05 8.354142e-05
11552.000000 8.081955e-01 -2.788442e-03 1.671227e-03 5.531704e-02 3.756617e-05 -3.300225e-05 -4.580990e-05 8.305396e-05
11552.200000 8.053275e-01 -2.877131e-03 1.827419e-03 5.811005e-02 4.467856e-05 -3.369931e-05 -3.832552e-05 7.306712e-05
11552.400000 8.107982e-01 -2.785830e-03 1.582387e-03 5.662278e-02 3.837604e-05 -2.907264e-05 -2.720694e-05 8.188720e-05
11552.600000 8.048242e-01 -2.857846e-03 1.668905e-03 5.560566e-02 4.860831e-05 -3.154659e-05 -2.422367e-05 9.161698e-05
11552.800000 8.046908e-01 -2.744861e-03 1.683593e-03 5.565183e-02 4.460425e-05 -3.464217e-05 -1.877188e-05 9.281823e-05
11553.000000 8.088001e-01 -2.930698e-03 1.833016e-03 5.650031e-02 5.545784e-05 -2.416013e-05 -1.998351e-05 8.861366e-05
11553.200000 8.104211e-01 -2.844750e-03 1.889148e-03 5.709888e-02 3.164588e-05 -1.862896e-05 -2.619254e-05 8.774801e-05
11553.400000 8.021263e-01 -2.921013e-03 1.853977e-03 5.399235e-02 3.681326e-05 -3.049775e-05 -1.948209e-05 9.208313e-05
11553.600000 8.134254e-01 -2.778307e-03 1.795453e-03 5.736067e-02 4.287777e-05 -2.607965e-05 -1.255506e-05 9.344437e-05
11553.800000 8.055810e-01 -2.884354e-03 1.555892e-03 5.681196e-02 6.416555e-05 -1.748897e-05 -3.171161e-05 8.102732e-05
11554.000000 8.106102e-01 -2.780830e-03 1.818705e-03 5.819546e-02 5.568038e-05 -2.519120e-05 -3.334780e-05 7.917021e-05
11554.200000 8.084630e-01 -2.900003e-03 2.069836e-03 5.633431e-02 5.323036e-05 -3.145182e-05 -3.934036e-05 6.959361e-05
11554.400000 8.089246e-01 -2.756113e-03 1.810377e-03 5.777021e-02 4.163128e-05 -2.506441e-05 -4.339084e-05 7.674120e-05
11554.600000 8.077588e-01 -2.862374e-03 1.845518e-03 5.940924e-02 4.219431e-05 -1.831500e-05 -2.229267e-05 8.097337e-05
11554.800000 8.075762e-01 -2.778474e-03 1.931908e-03 5.647014e-02 4.513482e-05 -1.193532e-05 -2.169476e-05 7.758421e-05
11555.000000 8.093491e-01 -2.873987e-03 1.727406e-03 5.789167e-02 5.003896e-05 -1.843136e-05 -1.876698e-05 8.599353e-05
11555.200000 8.100419e-01 -2.830987e-03 1.839599e-03 5.918435e-02 3.958204e-05 -3.741958e-05 -2.239970e-05 8.954974e-05
11555.400000 8.057663e-01 -2.856454e-03 1.702407e-03 5.801834e-02 4.221665e-05 -3.320624e-05 -3.768792e-05 7.172035e-05
11555.600000 8.049624e-01 -2.805365e-03 1.689946e-03 5.871088e-02 3.393290e-05 -2.801401e-05 -2.995962e-05 8.227032e-05
11555.800000 8.011136e-01 -2.818448e-03 1.431462e-03 5.950156e-02 4.121923e-05 -1.895722e-05 -2.321565e-05 9.154110e-05
11556.000000 8.126747e-01 -2.837008e-03 1.867223e-03 5.778923e-02 4.730940e-05 -2.279601e-05 -2.703480e-05 8.667620e-05
11556.200000 8.116672e-01 -2.801426e-03 1.742672e-03 5.951234e-02 4.670391e-05 -2.823472e-05 -2.339008e-05 8.447797e-05
11556.400000 8.025231e-01 -2.799249e-03 1.602304e-03 5.892957e-02 5.160251e-05 -2.342770e-05 -3.582952e-05 7.308374e-05
11556.600000 8.133178e-01 -2.834453e-03 1.638272e-03 6.084744e-02 4.275940e-05 -1.787033e-05 -5.234170e-05 7.147229e-05
11556.800000 8.077898e-01 -2.864054e-03 1.643272e-03 6.158937e-02 4.278596e-05 -2.175872e-05 -3.276737e-05 8.122544e-05
11557.000000 8.046650e-01 -2.808785e-03 1.454125e-03 5.938752e-02 4.036664e-05 -2.266147e-05 -2.642850e-05 8.564080e-05
11557.200000 8.092032e-01 -2.919385e-03 1.744743e-03 6.067105e-02 4.839057e-05 -3.177608e-05 -4.433122e-05 9.062118e-05
11557.400000 8.085198e-01 -2.761969e-03 1.805267e-03 6.326666e-02 4.397355e-05 -2.325431e-05 -3.867778e-05 7.789144e-05
11557.600000 8.077603e-01 -2.882526e-03 1.788579e-03 6.082090e-02 5.778490e-05 -2.410233e-05 -3.823422e-05 6.928453e-05
11557.800000 8.089464e-01 -2.762847e-03 1.807849e-03 6.179502e-02 4.771354e-05 -2.997169e-05 -3.996739e-05 6.321923e-05
11558.000000 8.068326e-01 -2.895325e-03 1.558873e-03 6.210754e-02 4.483886e-05 -2.381808e-05 -2.338840e-05 7.157136e-05
11558.200000 8.030764e-01 -2.754812e-03 1.822106e-03 6.143583e-02 3.776149e-05 -2.743518e-05 -1.582174e-05 7.644424e-05
11558.400000 8.092845e-01 -2.916724e-03 1.690414e-03 6.271570e-02 4.485332e-05 -3.915409e-05 -1.513037e-05 8.315516e-05
11558.600000 8.096855e-01 -2.820607e-03 1.563111e-03 6.481700e-02 3.355876e-05 -4.199056e-05 -1.857225e-05 9.130221e-05
11558.800000 8.005196e-01 -2.874469e-03 1.639252e-03 6.289622e-02 4.159188e-05 -3.751779e-05 -2.021718e-05 8.925921e-05
11559.000000 8.077524e-01 -2.808412e-03 1.860286e-03 6.240914e-02 2.477404e-05 -2.270224e-05 -3.616297e-05 8.124691e-05
11559.200000 8.075581e-01 -2.784915e-03 1.835450e-03 6.504341e-02 4.112542e-05 -3.168220e-05 -3.559959e-05 7.328134e-05
11559.400000 8.073774e-01 -2.829777e-03 1.717523e-03 6.705537e-02 4.864789e-05 -3.240590e-05 -2.611191e-05 8.461780e-05
11559.600000 8.054400e-01 -2.773133e-03 1.619581e-03 6.687241e-02 4.528368e-05 -2.470415e-05 -3.187407e-05 7.536966e-05
11559.800000 8.050300e-01 -2.870551e-03 1.963258e-03 6.700133e-02 5.229384e-05 -2.556481e-05 -2.837548e-05 5.646239e-05
11560.000000 8.071841e-01 -2.762389e-03 1.842673e-03 6.622532e-02 4.140211e-05 -2.667125e-05 -1.636863e-05 8.266534e-05
11560.200000 8.122061e-01 -2.833823e-03 1.801746e-03 6.815370e-02 4.116873e-05 -1.791291e-05 -2.030305e-05 9.494678e-05
11560.400000 8.045465e-01 -2.765992e-03 2.001488e-03 6.994029e-02 3.454048e-05 -9.886611e-06 -3.762729e-05 9.191446e-05
11560.600000 8.126350e-01 -2.866117e-03 1.876191e-03 7.053991e-02 3.349541e-05 -1.998137e-05 -3.513028e-05 8.205192e-05
11560.800000 8.017466e-01 -2.841078e-03 1.565316e-03 7.085236e-02 4.214608e-05 -2.099948e-05 -3.592963e-05 7.315564e-05
11561.000000 8.067268e-01 -2.763301e-03 1.778315e-03 7.078413e-02 3.779458e-05 -2.012184e-05 -3.394645e-05 6.870971e-05
11561.200000 8.064277e-01 -2.812695e-03 1.810580e-03 7.144618e-02 4.538994e-05 -1.309343e-05 -5.077254e-05 6.641076e-05
11561.400000 8.111026e-01 -2.822156e-03 1.728966e-03 7.435680e-02 4.244117e-05 -1.742662e-05 -2.880254e-05 8.278551e-05
11561.600000 8.002118e-01 -2.739136e-03 1.634873e-03 7.400817e-02 3.948327e-05 -1.572380e-05 -1.901477e-05 8.703531e-05
11561.800000 8.072821e-01 -2.837006e-03 1.983010e-03 7.657116e-02 5.585351e-05 -1.709447e-05 -2.249762e-05 8.342925e-05
11562.000000 8.088776e-01 -2.795862e-03 1.813791e-03 7.731258e-02 4.940913e-05 -1.745524e-05 -3.331601e-05 8.419228e-05
11562.200000 8.050036e-01 -2.810040e-03 1.674017e-03 8.171578e-02 3.616241e-05 -1.740337e-05 -3.974710e-05 7.866243e-05
11562.400000 8.061038e-01 -2.863422e-03 1.713338e-03 8.112328e-02 4.305349e-05 -1.373659e-05 -4.557036e-05 6.939462e-05
11562.600000 8.056418e-01 -2.802539e-03 1.722607e-03 8.303816e-02 3.112992e-05 -1.950896e-05 -3.253376e-05 7.614667e-05
11562.800000 8.091102e-01 -2.806984e-03 1.708025e-03 8.446668e-02 2.432380e-05 -2.840129e-05 -3.559283e-05 7.863628e-05
11563.000000 8.031888e-01 -2.785025e-03 1.639991e-03 8.640524e-02 3.501344e-05 -2.715613e-05 -3.762381e-05 7.067346e-05
11563.200000 8.071908e-01 -2.786465e-03 1.753201e-03 8.894025e-02 3.189117e-05 -2.906322e-05 -2.558098e-05 7.759603e-05
11563.400000 8.045422e-01 -2.794007e-03 1.747203e-03 9.103413e-02 2.662801e-05 -3.480712e-05 -1.793933e-05 7.447655e-05
11563.600000 8.070273e-01 -2.811605e-03 1.561665e-03 9.343969e-02 3.056347e-05 -3.004037e-05 -1.375762e-05 7.272667e-05
11563.800000 8.053703e-01 -2.850703e-03 1.676399e-03 9.671687e-02 3.589774e-05 -2.263741e-05 -2.013013e-05 6.383094e-05
11564.000000 8.077169e-01 -2.812294e-03 1.666877e-03 9.913516e-02 3.219189e-05 -2.159232e-05 -2.703563e-05 5.381745e-05
11564.200000 8.065703e-01 -2.797444e-03 1.788190e-03 1.014684e-01 3.712984e-05 -2.195139e-05 -2.346820e-05 7.180518e-05
11564.400000 8.058045e-01 -2.803130e-03 1.802264e-03 1.051618e-01 3.877886e-05 -1.713265e-05 -2.737683e-05 7.654077e-05
11564.600000 8.067419e-01 -2.868932e-03 1.561267e-03 1.071508e-01 4.799435e-05 -1.668559e-05 -1.812263e-05 8.439560e-05
11564.800000 8.075300e-01 -2.843196e-03 1.677142e-03 1.116293e-01 3.859090e-05 -2.768199e-05 -2.804062e-05 8.244502e-05
11565.000000 8.057499e-01 -2.851203e-03 1.615013e-03 1.144273e-01 3.474438e-05 -2.765620e-05 -2.548943e-05 7.012584e-05
11565.200000 8.077551e-01 -2.781804e-03 1.820124e-03 1.152327e-01 2.760092e-05 -2.315518e-05 -2.742613e-05 7.302668e-05
11565.400000 8.056378e-01 -2.848923e-03 1.811359e-03 1.179670e-01 3.442289e-05 -3.057306e-05 -1.832679e-05 6.824679e-05
11565.600000 8.063679e-01 -2.851077e-03 1.767000e-03 1.203400e-01 2.950332e-05 -4.581496e-05 -2.361329e-05 4.977880e-05
11565.800000 8.041587e-01 -2.839359e-03 1.803978e-03 1.226114e-01 2.519733e-05 -5.582325e-05 -3.670808e-05 4.593556e-05
11566.000000 8.054550e-01 -2.842792e-03 1.796891e-03 1.255365e-01 2.464961e-05 -5.352181e-05 -4.109120e-05 4.855076e-05
11566.200000 8.042136e-01 -2.848930e-03 1.708947e-03 1.298869e-01 3.122101e-05 -4.991928e-05 -3.038417e-05 5.035373e-05
11566.400000 8.058942e-01 -2.819248e-03 1.582114e-03 1.288872e-01 3.600796e-05 -5.482876e-05 -3.693411e-05 5.537292e-05
11566.600000 8.025823e-01 -2.810300e-03 1.582650e-03 1.304352e-01 2.939733e-05 -5.184864e-05 -1.571213e-05 4.413706e-05
11566.800000 8.075610e-01 -2.837218e-03 1.759062e-03 1.335864e-01 2.516091e-05 -5.307667e-05 -2.175969e-05 5.316609e-05
11567.000000 8.031210e-01 -2.806713e-03 1.706965e-03 1.329760e-01 2.089943e-05 -5.036241e-05 -2.410441e-05 4.387449e-05
11567.200000 8.065565e-01 -2.828409e-03 1.709296e-03 1.334467e-01 2.342693e-05 -4.058292e-05 -2.017736e-05 4.282549e-05
11567.400000 8.066020e-01 -2.812126e-03 1.672083e-03 1.351023e-01 2.465048e-05 -3.826114e-05 -2.577440e-05 3.125005e-05
11567.600000 8.077725e-01 -2.800140e-03 1.850412e-03 1.365469e-01 2.602343e-05 -4.369913e-05 -1.200262e-05 3.940799e-05
11567.800000 8.072887e-01 -2.807241e-03 1.728457e-03 1.368055e-01 2.272685e-05 -4.806441e-05 -3.399077e-06 5.813360e-05
11568.000000 8.071545e-01 -2.807482e-03 1.616782e-03 1.365875e-01 3.076806e-05 -4.169652e-05 2.028854e-06 7.316338e-05
11568.200000 8.046536e-01 -2.833117e-03 1.563314e-03 1.366201e-01 3.531090e-05 -4.081379e-05 -5.801328e-07 6.838505e-05
11568.400000 8.071311e-01 -2.816460e-03 1.772960e-03 1.355674e-01 3.008975e-05 -4.930615e-05 4.686571e-07 6.948270e-05
11568.600000 8.061658e-01 -2.831427e-03 1.833508e-03 1.361654e-01 3.210443e-05 -5.361300e-05 -1.813386e-06 5.536411e-05
11568.800000 8.060149e-01 -2.827492e-03 1.770522e-03 1.367475e-01 3.663868e-05 -4.574879e-05 -6.258598e-06 6.260437e-05
11569.000000 8.049188e-01 -2.806492e-03 1.738844e-03 1.367074e-01 3.260736e-05 -4.256640e-05 -1.500865e-05 6.673911e-05
11569.200000 8.049113e-01 -2.791167e-03 1.728251e-03 1.365498e-01 3.156727e-05 -4.054401e-05 -2.300695e-05 6.964319e-05
11569.400000 8.069532e-01 -2.829730e-03 1.653046e-03 1.348574e-01 2.503481e-05 -4.500636e-05 -1.760116e-05 5.974832e-05
11569.600000 8.069117e-01 -2.840762e-03 1.769986e-03 1.349514e-01 3.126565e-05 -5.044260e-05 -6.886178e-06 6.864871e-05
11569.800000 8.072820e-01 -2.808297e-03 1.784515e-03 1.344659e-01 3.837914e-05 -4.967525e-05 -1.341645e-05 5.104602e-05
11570.000000 8.003327e-01 -2.831870e-03 1.991744e-03 1.325805e-01 2.824433e-05 -5.139705e-05 -1.273356e-06 7.770330e-05
11570.200000 8.071624e-01 -2.850735e-03 1.679373e-03 1.342122e-01 2.472271e-05 -4.553854e-05 -3.728665e-06 7.216990e-05
11570.400000 8.063128e-01 -2.857166e-03 1.797596e-03 1.333092e-01 3.482330e-05 -4.540149e-05 -1.740005e-05 6.704956e-05
11570.600000 8.078384e-01 -2.840142e-03 1.760980e-03 1.310747e-01 4.284472e-05 -4.938292e-05 -3.700763e-05 7.156265e-05
11570.800000 7.972755e-01 -2.820105e-03 1.525197e-03 1.277320e-01 4.579378e-05 -3.800039e-05 -3.569808e-05 8.447815e-05
11571.000000 8.068993e-01 -2.863220e-03 1.630708e-03 1.291300e-01 4.218282e-05 -4.259895e-05 -2.106671e-05 7.751188e-05
11571.200000 8.052431e-01 -2.855510e-03 1.657266e-03 1.287114e-01 3.390951e-05 -4.946368e-05 -2.747116e-05 7.865784e-05
11571.400000 8.045823e-01 -2.881970e-03 1.702300e-03 1.275937e-01 3.434225e-05 -5.226537e-05 -2.620955e-05 7.850373e-05
11571.600000 8.055513e-01 -2.858498e-03 1.781330e-03 1.266469e-01 2.997382e-05 -5.323476e-05 -4.472694e-05 7.878750e-05
11571.800000 8.059735e-01 -2.846796e-03 1.769338e-03 1.256814e-01 2.938780e-05 -4.635598e-05 -5.144960e-05 7.209594e-05
11572.000000 8.013356e-01 -2.826133e-03 1.858572e-03 1.243843e-01 3.127498e-05 -4.533745e-05 -4.659478e-05 6.849645e-05
11572.200000 8.075099e-01 -2.872037e-03 1.881357e-03 1.252087e-01 3.576676e-05 -4.761624e-05 -3.715887e-05 6.266519e-05
11572.400000 8.046977e-01 -2.871245e-03 1.677126e-03 1.234485e-01 3.505306e-05 -4.773202e-05 -4.067567e-05 6.133717e-05
11572.600000 8.051635e-01 -2.903596e-03 1.731294e-03 1.227841e-01 3.925298e-05 -4.611393e-05 -3.354675e-05 5.847179e-05
11572.800000 8.046590e-01 -2.836488e-03 1.728884e-03 1.234609e-01 3.758873e-05 -4.654008e-05 -2.706674e-05 5.646909e-05
11573.000000 8.051209e-01 -2.836994e-03 1.826137e-03 1.212725e-01 3.854160e-05 -4.218542e-05 -3.329645e-05 5.572238e-05
11573.200000 8.057199e-01 -2.916150e-03 1.847508e-03 1.205691e-01 3.297641e-05 -2.745677e-05 -3.280721e-05 6.163840e-05
11573.400000 8.034360e-01 -2.846937e-03 1.770453e-03 1.210848e-01 2.561838e-05 -2.239383e-05 -2.438605e-05 5.590854e-05
11573.600000 8.053008e-01 -2.863812e-03 1.538405e-03 1.208160e-01 3.160130e-05 -1.302649e-05 -2.033697e-05 6.537923e-05
11573.800000 8.046966e-01 -2.830386e-03 1.654493e-03 1.198554e-01 2.683032e-05 -1.540559e-05 -3.368723e-05 6.860692e-05
11574.000000 8.041858e-01 -2.852083e-03 1.732826e-03 1.197504e-01 3.431048e-05 -3.074551e-05 -3.465517e-05 6.482162e-05
11574.200000 8.053416e-01 -2.845392e-03 1.728872e-03 1.189809e-01 2.525409e-05 -2.757976e-05 -3.540959e-05 7.425975e-05
11574.400000 8.053409e-01 -2.846319e-03 1.738548e-03 1.188172e-01 3.184012e-05 -2.447506e-05 -3.040670e-05 7.172254e-05
11574.600000 8.047633e-01 -2.828935e-03 1.717038e-03 1.187362e-01 2.968548e-05 -3.777814e-05 -1.355306e-05 7.431790e-05
11574.800000 8.048361e-01 -2.826173e-03 1.743645e-03 1.185210e-01 2.791610e-05 -4.865546e-05 -9.410701e-06 7.590281e-05
11575.000000 8.040753e-01 -2.843927e-03 1.814336e-03 1.183332e-01 2.775608e-05 -4.323103e-05 -5.793569e-06 7.157257e-05
11575.200000 8.046064e-01 -2.838604e-03 1.807954e-03 1.176484e-01 3.466091e-05 -4.161983e-05 -1.670123e-05 6.985363e-05
11575.400000 8.049123e-01 -2.832794e-03 1.660110e-03 1.175330e-01 4.319572e-05 -4.054432e-05 -1.973294e-05 6.476003e-05
11575.600000 8.019218e-01 -2.854039e-03 1.706251e-03 1.168943e-01 3.588020e-05 -4.000221e-05 -1.178716e-05 7.111100e-05
11575.800000 8.058324e-01 -2.822515e-03 1.662241e-03 1.165212e-01 3.539287e-05 -4.193047e-05 -1.486538e-05 6.455967e-05
11576.000000 8.049985e-01 -2.826419e-03 1.556563e-03 1.164218e-01 3.419792e-05 -3.307017e-05 -4.941003e-06 8.180185e-05
11576.200000 8.048640e-01 -2.872780e-03 1.568179e-03 1.170062e-01 3.730977e-05 -3.784058e-05 -1.170578e-05 9.364400e-05
11576.400000 8.028846e-01 -2.899471e-03 1.579115e-03 1.165353e-01 4.763097e-05 -4.123488e-05 -1.013546e-05 7.809424e-05
11576.600000 8.059479e-01 -2.876730e-03 1.876904e-03 1.163732e-01 2.855011e-05 -4.134780e-05 -2.560686e-05 7.423748e-05
11576.800000 8.036770e-01 -2.872994e-03 1.928547e-03 1.163632e-01 2.492036e-05 -4.274706e-05 -3.883890e-05 8.336828e-05
11577.000000 8.046969e-01 -2.876374e-03 1.735551e-03 1.163950e-01 2.585906e-05 -3.603010e-05 -2.726241e-05 7.885022e-05
11577.200000 8.026662e-01 -2.841860e-03 1.821813e-03 1.161168e-01 2.296826e-05 -3.279195e-05 -3.078804e-05 6.776224e-05
11577.400000 8.044046e-01 -2.819346e-03 1.775921e-03 1.166008e-01 1.378285e-05 -3.416454e-05 -2.437878e-05 6.046769e-05
11577.600000 8.040119e-01 -2.815920e-03 1.683383e-03 1.162420e-01 1.402506e-05 -3.655777e-05 -1.552583e-05 5.767911e-05
11577.800000 8.038914e-01 -2.818257e-03 1.788848e-03 1.166423e-01 1.759765e-05 -4.221691e-05 -2.116153e-05 7.125304e-05
11578.000000 8.043139e-01 -2.828898e-03 1.777080e-03 1.170063e-01 2.071503e-05 -3.865467e-05 4.931202e-07 7.988430e-05
11578.200000 8.060020e-01 -2.854843e-03 1.675940e-03 1.174654e-01 2.586741e-05 -3.558032e-05 -2.072559e-05 8.638744e-05
11578.400000 8.020462e-01 -2.861581e-03 1.668835e-03 1.161625e-01 3.410540e-05 -3.803107e-05 -3.177189e-05 8.461495e-05
11578.600000 8.059356e-01 -2.836120e-03 1.806492e-03 1.169044e-01 3.429507e-05 -3.193157e-05 -7.725282e-06 8.503029e-05
11578.800000 8.048603e-01 -2.888103e-03 1.796550e-03 1.159020e-01 3.409215e-05 -3.181750e-05 -1.222057e-05 8.215653e-05
11579.000000 8.039348e-01 -2.870037e-03 1.759133e-03 1.159782e-01 2.853877e-05 -3.681321e-05 -1.418145e-05 8.214965e-05
11579.200000 8.043059e-01 -2.829743e-03 1.771144e-03 1.172051e-01 3.811554e-05 -3.002249e-05 -1.220533e-05 8.808809e-05
11579.400000 8.038958e-01 -2.810160e-03 1.687829e-03 1.161929e-01 4.542690e-05 -2.344367e-05 -8.205103e-06 9.075085e-05
11579.600000 8.042831e-01 -2.862857e-03 1.744274e-03 1.167713e-01 5.224271e-05 -2.761416e-05 -1.945541e-05 7.442432e-05
11579.800000 8.042761e-01 -2.826715e-03 1.713000e-03 1.173372e-01 5.381617e-05 -3.774495e-05 -1.918814e-05 8.463269e-05
11580.000000 8.034705e-01 -2.856928e-03 1.865447e-03 1.167643e-01 4.974407e-05 -3.414312e-05 -6.769744e-06 8.389316e-05
11580.200000 7.982511e-01 -2.835219e-03 1.847028e-03 1.165204e-01 5.564705e-05 -4.356892e-05 -7.284975e-06 9.145272e-05
11580.400000 8.055136e-01 -2.880207e-03 1.770346e-03 1.168298e-01 4.919771e-05 -3.924841e-05 -1.224619e-05 6.879992e-05
11580.600000 8.027189e-01 -2.836302e-03 1.666726e-03 1.170959e-01 3.281046e-05 -3.159729e-05 -1.415486e-05 8.402681e-05
11580.800000 8.053408e-01 -2.846358e-03 1.677489e-03 1.182647e-01 3.325509e-05 -2.756912e-05 8.169777e-08 9.630771e-05
11581.000000 7.997112e-01 -2.821640e-03 1.737275e-03 1.162428e-01 4.280164e-05 -2.419138e-05 -5.356161e-06 8.779559e-05
11581.200000 8.033679e-01 -2.872795e-03 1.861801e-03 1.156407e-01 5.303300e-05 -3.118780e-05 9.283287e-06 8.072346e-05
11581.400000 8.043270e-01 -2.852251e-03 1.714729e-03 1.165353e-01 4.801285e-05 -3.984380e-05 6.297121e-06 7.143699e-05
11581.600000 8.036081e-01 -2.847587e-03 1.725951e-03 1.160246e-01 3.968124e-05 -3.894290e-05 2.626650e-06 7.297606e-05
11581.800000 8.019812e-01 -2.819809e-03 1.642199e-03 1.165537e-01 4.003872e-05 -4.212385e-05 5.679293e-06 8.197816e-05
11582.000000 8.063229e-01 -2.876665e-03 1.774861e-03 1.167231e-01 4.082724e-05 -4.203258e-05 -2.404935e-05 6.897132e-05
11582.200000 7.985525e-01 -2.818153e-03 1.829327e-03 1.170628e-01 4.989533e-05 -4.363945e-05 -1.165477e-05 8.214595e-05
11582.400000 8.061293e-01 -2.860030e-03 1.711420e-03 1.160270e-01 4.103884e-05 -3.845328e-05 -2.065720e-05 7.480816e-05
11582.600000 7.998510e-01 -2.875779e-03 1.863652e-03 1.158778e-01 4.398399e-05 -3.032122e-05 -1.444901e-05 8.113400e-05
11582.800000 8.052406e-01 -2.835263e-03 1.959733e-03 1.161815e-01 4.325562e-05 -2.962776e-05 -1.593633e-05 7.337636e-05
11583.000000 8.041339e-01 -2.849574e-03 1.755889e-03 1.158495e-01 3.995560e-05 -3.718677e-05 -3.103213e-05 7.124347e-05
11583.200000 8.029412e-01 -2.846644e-03 1.678573e-03 1.150677e-01 4.016758e-05 -3.360512e-05 -2.224349e-05 7.681298e-05
11583.400000 8.034960e-01 -2.850994e-03 1.690033e-03 1.158474e-01 4.251668e-05 -2.051346e-05 -2.106482e-05 8.061894e-05
11583.600000 8.048753e-01 -2.832796e-03 1.663598e-03 1.170120e-01 3.856656e-05 -2.779849e-05 -2.905630e-05 6.296972e-05
11583.800000 7.995235e-01 -2.837246e-03 1.591471e-03 1.158903e-01 3.170106e-05 -2.595842e-05 -1.327663e-05 6.488115e-05
11584.000000 8.045079e-01 -2.834307e-03 1.668561e-03 1.150914e-01 2.785940e-05 -2.772437e-05 -1.543988e-05 5.999263e-05
11584.200000 8.034399e-01 -2.823245e-03 1.765570e-03 1.147224e-01 3.309539e-05 -3.688635e-05 -2.656584e-05 6.692824e-05
11584.400000 7.980488e-01 -2.776173e-03 1.596746e-03 1.162937e-01 2.815528e-05 -3.213592e-05 -1.917433e-05 7.212029e-05
11584.600000 8.049462e-01 -2.854575e-03 1.683314e-03 1.164012e-01 3.946726e-05 -3.421690e-05 -2.037997e-05 7.472365e-05
11584.800000 8.034528e-01 -2.873243e-03 1.530673e-03 1.162953e-01 3.894118e-05 -3.545785e-05 -1.986148e-05 6.705613e-05
11585.000000 8.035623e-01 -2.853051e-03 1.751820e-03 1.152884e-01 2.764063e-05 -3.140381e-05 -1.332610e-05 5.934880e-05
11585.200000 8.007512e-01 -2.805186e-03 1.552049e-03 1.147819e-01 2.796624e-05 -3.496474e-05 -1.029481e-05 4.496338e-05
11585.400000 8.038962e-01 -2.837687e-03 1.734775e-03 1.155380e-01 2.188283e-05 -2.806510e-05 -3.197050e-06 6.873146e-05
11585.600000 8.041726e-01 -2.836530e-03 1.651839e-03 1.156427e-01 3.497526e-05 -2.689266e-05 -1.247854e-05 8.014093e-05
11585.800000 8.043717e-01 -2.874228e-03 1.801164e-03 1.150222e-01 3.769345e-05 -3.027317e-05 -2.863682e-05 7.176121e-05
11586.000000 8.028017e-01 -2.888085e-03 1.535141e-03 1.167809e-01 4.792976e-05 -2.679902e-05 -2.802979e-05 6.407484e-05
11586.200000 8.011522e-01 -2.847195e-03 1.647860e-03 1.151247e-01 5.125126e-05 -2.739374e-05 -1.631351e-05 8.266768e-05
11586.400000 8.033044e-01 -2.817893e-03 1.791974e-03 1.150008e-01 4.213553e-05 -3.232112e-05 -1.811528e-05 7.724061e-05
11586.600000 8.024301e-01 -2.842563e-03 1.778969e-03 1.157181e-01 3.098056e-05 -3.477168e-05 -2.393364e-05 7.242336e-05
11586.800000 8.029651e-01 -2.845330e-03 1.614823e-03 1.165049e-01 2.295913e-05 -3.719458e-05 -3.021627e-05 7.093080e-05
11587.000000 8.004794e-01 -2.859967e-03 1.553779e-03 1.168487e-01 2.480567e-05 -3.900847e-05 -3.160658e-05 6.897505e-05
11587.200000 8.074281e-01 -2.881580e-03 1.688479e-03 1.148767e-01 4.267966e-05 -4.284621e-05 -2.948550e-05 7.698374e-05
11587.400000 8.018144e-01 -2.842429e-03 1.618966e-03 1.152837e-01 4.140310e-05 -3.784270e-05 -2.041063e-05 9.107126e-05
11587.600000 7.995167e-01 -2.884961e-03 1.831916e-03 1.140687e-01 2.732251e-05 -2.826028e-05 -2.530301e-05 8.487973e-05
11587.800000 8.049433e-01 -2.879921e-03 1.793984e-03 1.160659e-01 2.130216e-05 -3.826400e-05 -3.414482e-05 8.258093e-05
11588.000000 7.986031e-01 -2.921440e-03 1.660602e-03 1.140235e-01 2.845695e-05 -4.141318e-05 -4.255729e-05 6.766551e-05
11588.200000 8.038041e-01 -2.889744e-03 1.602402e-03 1.160612e-01 2.878271e-05 -4.156327e-05 -3.276926e-05 6.549531e-05
11588.400000 8.025942e-01 -2.858239e-03 1.605830e-03 1.149198e-01 2.394521e-05 -3.061881e-05 -2.726504e-05 8.244873e-05
11588.600000 8.026224e-01 -2.895672e-03 1.898864e-03 1.157030e-01 3.015730e-05 -2.994136e-05 -1.218370e-05 8.504716e-05
11588.800000 8.020912e-01 -2.882546e-03 1.736565e-03 1.154753e-01 3.557944e-05 -2.484116e-05 -1.379417e-05 6.339347e-05
11589.000000 8.025934e-01 -2.911382e-03 1.751571e-03 1.158445e-01 3.077763e-05 -1.930954e-05 -2.193325e-05 7.958249e-05
11589.200000 8.017116e-01 -2.847491e-03 1.733398e-03 1.156301e-01 2.728722e-05 -3.140933e-05 -9.373524e-06 7.351784e-05
11589.400000 8.043036e-01 -2.858838e-03 1.716362e-03 1.158846e-01 2.635367e-05 -3.377274e-05 -1.772818e-05 7.033706e-05
11589.600000 8.013296e-01 -2.879759e-03 1.625688e-03 1.152279e-01 3.306181e-05 -3.596490e-05 -9.172471e-06 6.094843e-05
11589.800000 8.037421e-01 -2.883550e-03 1.597686e-03 1.153297e-01 3.198015e-05 -3.310142e-05 9.270206e-06 6.956242e-05
11590.000000 8.025880e-01 -2.844406e-03 1.587147e-03 1.161161e-01 3.449820e-05 -1.809970e-05 -1.024898e-05 2.793818e-05
11590.200000 7.958844e-01 -2.848415e-03 1.775685e-03 1.144845e-01 4.246145e-05 -2.182968e-05 -1.816900e-05 5.002945e-05
11590.400000 8.054541e-01 -2.898579e-03 1.635550e-03 1.177310e-01 3.837216e-05 -2.232389e-05 -1.516150e-05 7.189511e-05
11590.600000 7.978999e-01 -2.844886e-03 1.802749e-03 1.159263e-01 3.285883e-05 -3.722559e-05 -1.619525e-05 7.912739e-05
11590.800000 8.040481e-01 -2.889059e-03 1.591466e-03 1.157090e-01 2.609509e-05 -3.188328e-05 -2.056824e-05 7.455252e-05
11591.000000 8.044975e-01 -2.882642e-03 1.709338e-03 1.166941e-01 3.073945e-05 -2.126834e-05 -1.253434e-05 8.878065e-05
11591.200000 7.960535e-01 -2.825548e-03 1.878216e-03 1.157301e-01 3.469007e-05 -2.789441e-05 -3.138759e-05 8.055549e-05
11591.400000 8.020703e-01 -2.872586e-03 1.696469e-03 1.158091e-01 3.594404e-05 -4.138992e-05 -2.289552e-05 6.948830e-05
11591.600000 7.948313e-01 -2.897452e-03 1.764162e-03 1.167066e-01 3.568943e-05 -3.714581e-05 -1.219862e-05 6.668097e-05
11591.800000 8.050980e-01 -2.872958e-03 1.695986e-03 1.172030e-01 2.875104e-05 -4.810696e-05 -2.464102e-05 6.687744e-05
11592.000000 8.005571e-01 -2.829842e-03 1.794360e-03 1.169168e-01 2.208144e-05 -4.182799e-05 -2.352494e-05 7.990172e-05
11592.200000 8.049547e-01 -2.904614e-03 1.885074e-03 1.181086e-01 3.974631e-05 -3.479396e-05 -5.332967e-06 7.199284e-05
11592.400000 7.983105e-01 -2.823629e-03 1.819904e-03 1.179615e-01 3.925494e-05 -3.598396e-05 -1.841258e-05 7.006576e-05
11592.600000 8.009995e-01 -2.894286e-03 1.752844e-03 1.177169e-01 4.557651e-05 -3.263136e-05 -1.825390e-05 7.647278e-05
11592.800000 7.975064e-01 -2.856107e-03 1.716612e-03 1.182463e-01 4.456178e-05 -3.206161e-05 -2.372483e-05 8.341481e-05
11593.000000 8.058224e-01 -2.842466e-03 1.635445e-03 1.188395e-01 4.131915e-05 -4.064842e-05 -1.943267e-05 7.461035e-05
11593.200000 8.006052e-01 -2.951687e-03 1.793814e-03 1.188788e-01 4.203204e-05 -3.359932e-05 -2.312744e-05 5.700886e-05
11593.400000 8.001627e-01 -2.796525e-03 1.695732e-03 1.180694e-01 2.728916e-05 -3.395268e-05 -3.072263e-05 6.396895e-05
11593.600000 8.054757e-01 -2.907142e-03 1.707267e-03 1.187656e-01 3.877559e-05 -4.210499e-05 -2.425273e-05 6.867428e-05
11593.800000 8.002045e-01 -2.880246e-03 1.650378e-03 1.176679e-01 3.944607e-05 -4.307612e-05 -1.610028e-05 6.813501e-05
11594.000000 8.002598e-01 -2.837102e-03 1.859249e-03 1.200450e-01 2.821425e-05 -4.109901e-05 -2.738854e-05 5.676024e-05
11594.200000 7.950423e-01 -2.887892e-03 1.881364e-03 1.188384e-01 3.652591e-05 -3.339562e-05 -1.377510e-05 6.488996e-05
11594.400000 8.035566e-01 -2.844791e-03 1.730591e-03 1.190384e-01 2.717198e-05 -3.071074e-05 -1.923539e-05 7.347053e-05
11594.600000 7.980640e-01 -2.926249e-03 1.661770e-03 1.172341e-01 2.904784e-05 -2.723695e-05 -2.604187e-05 8.452205e-05
11594.800000 7.996533e-01 -2.827715e-03 1.693046e-03 1.183717e-01 2.105534e-05 -2.980746e-05 -8.468905e-06 8.304026e-05
11595.000000 8.006968e-01 -2.879055e-03 1.724376e-03 1.209148e-01 3.178105e-05 -3.454681e-05 3.024727e-05 8.175855e-05
11595.200000 8.051937e-01 -2.862381e-03 1.583114e-03 1.187731e-01 2.617757e-05 -3.747899e-05 6.158808e-06 7.376967e-05
11595.400000 7.957969e-01 -2.884072e-03 2.002779e-03 1.182577e-01 2.705937e-05 -3.914809e-05 -4.372446e-06 6.498213e-05
11595.600000 7.940739e-01 -2.903249e-03 1.836409e-03 1.176823e-01 2.503524e-05 -2.521897e-05 -6.121488e-06 7.145101e-05
11595.800000 8.028499e-01 -2.837939e-03 1.966391e-03 1.183187e-01 3.824372e-05 -2.199676e-05 -1.137297e-05 7.464652e-05
11596.000000 8.019595e-01 -2.898707e-03 1.753007e-03 1.179943e-01 3.736792e-05 -2.248007e-05 -1.262466e-05 6.899474e-05
11596.200000 7.988057e-01 -2.784165e-03 1.583113e-03 1.174857e-01 3.272738e-05 -2.390248e-05 -1.306947e-05 3.307023e-05
11596.400000 7.983454e-01 -2.906216e-03 1.696708e-03 1.167172e-01 3.658804e-05 -2.968123e-05 -2.524030e-05 4.170592e-05
11596.600000 8.006356e-01 -2.761745e-03 2.159845e-03 1.220310e-01 2.018896e-05 -1.793436e-05 -9.489506e-06 8.157923e-05
11596.800000 7.985275e-01 -2.901964e-03 1.519430e-03 1.188414e-01 3.813440e-05 -1.808423e-05 -2.393490e-05 7.824942e-05
11597.000000 7.992967e-01 -2.874001e-03 1.671844e-03 1.171082e-01 2.879970e-05 -2.149409e-05 -3.179825e-06 7.589528e-05
11597.700000 8.011237e-01 -2.865381e-03 1.653525e-03 1.176632e-01 3.443850e-05 -2.874202e-05 -4.438393e-06 5.339341e-05
11598.400000 8.002622e-01 -2.842546e-03 1.864376e-03 1.174228e-01 3.317969e-05 -3.740437e-05 -1.385577e-05 6.234224e-05
11599.100000 7.994818e-01 -2.849692e-03 1.752338e-03 1.174296e-01 3.752050e-05 -3.478165e-05 -6.187068e-06 7.823663e-05
11599.800000 7.994749e-01 -2.869851e-03 1.637505e-03 1.172852e-01 4.011961e-05 -3.004501e-05 -1.280116e-05 8.061441e-05
11600.500000 7.993990e-01 -2.854254e-03 1.696082e-03 1.161162e-01 2.694495e-05 -3.150991e-05 -3.766274e-05 7.044432e-05
11601.200000 7.992790e-01 -2.833935e-03 1.685227e-03 1.162510e-01 2.414445e-05 -3.290639e-05 -3.558947e-05 6.291929e-05
11601.900000 7.996802e-01 -2.842695e-03 1.695874e-03 1.158119e-01 2.842623e-05 -2.963058e-05 -1.796925e-05 7.549931e-05
11602.600000 7.988413e-01 -2.822439e-03 1.669690e-03 1.145997e-01 3.023698e-05 -3.127651e-05 -1.834961e-05 7.602565e-05
11603.300000 7.989176e-01 -2.847071e-03 1.687724e-03 1.147920e-01 3.197179e-05 -2.949885e-05 -1.949620e-05 7.305952e-05
11604.993695 7.980498e-01 -2.848209e-03 1.746066e-03 1.150439e-01 3.898938e-05 -3.567095e-05 -9.064625e-06 5.577824e-05
11605.999583 7.975922e-01 -2.842673e-03 1.755488e-03 1.148174e-01 4.254215e-05 -4.012858e-05 -2.875966e-05 6.336463e-05
11607.017662 7.980778e-01 -2.828692e-03 1.846437e-03 1.149678e-01 4.512195e-05 -4.473618e-05 -2.979107e-05 7.065864e-05
11608.047933 7.987603e-01 -2.852259e-03 1.699997e-03 1.146054e-01 5.203833e-05 -4.016598e-05 -2.226099e-05 7.233196e-05
11609.090396 7.976933e-01 -2.849593e-03 1.656472e-03 1.148402e-01 4.944681e-05 -3.233966e-05 -1.722484e-05 6.487516e-05
11610.145051 7.978794e-01 -2.839818e-03 1.780130e-03 1.148321e-01 5.004791e-05 -2.797943e-05 -1.392070e-05 5.748590e-05
11611.211898 7.972663e-01 -2.843876e-03 1.736435e-03 1.148372e-01 4.292659e-05 -3.060987e-05 -2.528848e-05 5.891807e-05
11612.290937 7.968741e-01 -2.838120e-03 1.869529e-03 1.154415e-01 4.772357e-05 -3.045219e-05 -2.495911e-05 6.724809e-05
11613.382167 7.967511e-01 -2.843048e-03 1.744061e-03 1.160064e-01 4.175381e-05 -3.982242e-05 -3.496471e-05 7.331047e-05
11614.485590 7.962262e-01 -2.854685e-03 1.713327e-03 1.168830e-01 4.045546e-05 -4.025584e-05 -2.979932e-05 6.715440e-05
11615.601204 7.967607e-01 -2.860595e-03 1.700592e-03 1.174882e-01 4.472341e-05 -2.732617e-05 -2.191170e-05 7.411110e-05
11616.729011 7.959930e-01 -2.835209e-03 1.666222e-03 1.177383e-01 4.593022e-05 -1.826894e-05 -1.469328e-05 7.517596e-05
11617.869009 7.960647e-01 -2.864180e-03 1.748071e-03 1.182392e-01 5.453156e-05 -3.029288e-05 -2.759829e-05 7.623749e-05
11619.021199 7.953701e-01 -2.851465e-03 1.713540e-03 1.183544e-01 5.250681e-05 -2.689797e-05 -3.119477e-05 7.790994e-05
11620.185582 7.950850e-01 -2.842883e-03 1.763155e-03 1.190033e-01 5.591414e-05 -2.048139e-05 -3.305969e-05 8.539934e-05
11621.362156 7.954056e-01 -2.827164e-03 1.819296e-03 1.188271e-01 5.181183e-05 -2.120795e-05 -2.486021e-05 9.098378e-05
11622.550922 7.951042e-01 -2.836464e-03 1.709417e-03 1.186043e-01 4.487754e-05 -2.083066e-05 -2.431721e-05 8.527268e-05
11623.751879 7.938949e-01 -2.808835e-03 1.793555e-03 1.193083e-01 5.012507e-05 -2.518311e-05 -2.891011e-05 7.760910e-05
11624.965029 7.929235e-01 -2.823501e-03 1.690496e-03 1.193179e-01 5.074252e-05 -2.570901e-05 -3.290920e-05 6.739949e-05
11626.190371 7.940823e-01 -2.829019e-03 1.748923e-03 1.189872e-01 3.924543e-05 -1.552876e-05 -3.049330e-05 5.789392e-05
11627.427904 7.927294e-01 -2.822406e-03 1.698492e-03 1.187397e-01 4.378980e-05 -1.548907e-05 -2.466367e-05 7.606789e-05
11628.677630 7.925794e-01 -2.810897e-03 1.675686e-03 1.180386e-01 3.853793e-05 -1.884847e-05 -2.792241e-05 6.851172e-05
11629.939547 7.932890e-01 -2.802990e-03 1.792666e-03 1.176574e-01 3.994722e-05 -2.151674e-05 -3.009382e-05 4.832653e-05
11631.213657 7.929143e-01 -2.783839e-03 1.809281e-03 1.176609e-01 3.908680e-05 -2.212739e-05 -3.671781e-05 4.016030e-05
11632.499958 7.926104e-01 -2.811474e-03 1.855523e-03 1.175848e-01 3.183138e-05 -2.439976e-05 -4.018534e-05 6.951745e-05
11633.798451 7.924938e-01 -2.806828e-03 1.736706e-03 1.165810e-01 4.432045e-05 -3.255085e-05 -3.726348e-05 6.186674e-05
11635.109136 7.922411e-01 -2.829155e-03 1.649740e-03 1.164265e-01 4.244730e-05 -3.534085e-05 -3.187975e-05 6.376667e-05
11636.432013 7.927966e-01 -2.809237e-03 1.698498e-03 1.163436e-01 3.761056e-05 -2.827371e-05 -5.533929e-05 6.434114e-05
11637.767082 7.907582e-01 -2.814982e-03 1.805783e-03 1.172668e-01 3.719007e-05 -3.404918e-05 -5.127108e-05 5.495296e-05
11639.114342 7.917043e-01 -2.827297e-03 1.804902e-03 1.177758e-01 4.628535e-05 -3.863855e-05 -3.708325e-05 5.101898e-05
11640.473795 7.920188e-01 -2.825763e-03 1.773244e-03 1.207498e-01 4.141404e-05 -3.828491e-05 -3.673237e-05 6.584872e-05
11641.845440 7.915036e-01 -2.848381e-03 1.738225e-03 1.294160e-01 3.031091e-05 -4.213154e-05 -3.684424e-05 7.009191e-05
11643.229276 7.911523e-01 -2.836643e-03 1.718499e-03 1.366843e-01 2.895076e-05 -4.365742e-05 -3.008881e-05 6.710978e-05
11644.625305 7.902810e-01 -2.838833e-03 1.747389e-03 1.391222e-01 3.687698e-05 -4.287384e-05 -3.693611e-05 5.737581e-05
11646.033525 7.906476e-01 -2.831331e-03 1.828223e-03 1.385256e-01 4.397935e-05 -3.521795e-05 -3.064992e-05 2.672970e-05
11647.453937 7.907505e-01 -2.838624e-03 1.774960e-03 1.349044e-01 3.040389e-05 -3.301768e-05 -3.050522e-05 5.197291e-05
11648.886541 7.900996e-01 -2.829370e-03 1.780693e-03 1.281036e-01 2.562755e-05 -2.201801e-05 -2.617206e-05 5.759431e-05
11650.331337 7.896287e-01 -2.838852e-03 1.692273e-03 1.227260e-01 1.630494e-05 -1.887168e-05 -3.207125e-05 6.570486e-05
11651.788325 7.907625e-01 -2.836887e-03 1.677770e-03 1.193322e-01 2.007128e-05 -2.428643e-05 -3.085057e-05 6.648191e-05
11653.257505 7.900207e-01 -2.826731e-03 1.733410e-03 1.178319e-01 2.496894e-05 -3.448984e-05 -2.642259e-05 6.837629e-05
11654.738877 7.880126e-01 -2.827205e-03 1.696401e-03 1.178349e-01 3.798564e-05 -4.533553e-05 -2.540180e-05 7.739114e-05
11656.232440 7.875963e-01 -2.847769e-03 1.710572e-03 1.176372e-01 3.680634e-05 -4.575668e-05 -2.708903e-05 6.476321e-05
11657.738196 7.860691e-01 -2.852313e-03 1.747230e-03 1.170911e-01 3.116624e-05 -4.268719e-05 -3.377929e-05 6.906053e-05
11659.256143 7.864977e-01 -2.839508e-03 1.717225e-03 1.179972e-01 3.168178e-05 -4.348551e-05 -2.309055e-05 7.261009e-05
11660.786283 7.864869e-01 -2.874376e-03 1.675713e-03 1.183012e-01 3.105385e-05 -4.379558e-05 -2.397183e-05 7.323447e-05
11662.328614 7.877618e-01 -2.854632e-03 1.682132e-03 1.198904e-01 2.939030e-05 -4.303366e-05 -3.398876e-05 7.725807e-05
11663.883137 7.868871e-01 -2.843071e-03 1.726713e-03 1.207529e-01 3.705759e-05 -3.841742e-05 -2.603504e-05 8.013682e-05
11665.449852 7.875938e-01 -2.852304e-03 1.693006e-03 1.197141e-01 4.225107e-05 -2.992695e-05 -1.991531e-05 7.042295e-05
11667.028759 7.867280e-01 -2.850490e-03 1.812288e-03 1.201719e-01 3.822089e-05 -4.197447e-05 -1.370844e-05 6.588903e-05
11668.619858 7.869816e-01 -2.855697e-03 1.715027e-03 1.195255e-01 3.988703e-05 -4.313274e-05 -1.871407e-05 7.563388e-05
11670.223149 7.849780e-01 -2.860479e-03 1.674437e-03 1.187569e-01 3.943382e-05 -4.821638e-05 -2.579634e-05 7.382041e-05
11671.838632 7.830599e-01 -2.829856e-03 1.690952e-03 1.181703e-01 4.143098e-05 -4.722292e-05 -3.664817e-05 6.529401e-05
11673.466307 7.828651e-01 -2.843889e-03 1.682092e-03 1.177401e-01 4.056163e-05 -4.336482e-05 -4.416945e-05 7.151043e-05
11675.106173 7.847227e-01 -2.844048e-03 1.765026e-03 1.169255e-01 4.201236e-05 -4.753924e-05 -4.248774e-05 8.045086e-05
11676.758232 7.839495e-01 -2.836931e-03 1.747736e-03 1.159063e-01 3.668485e-05 -4.690780e-05 -3.164783e-05 8.470452e-05
11678.422482 7.825108e-01 -2.850350e-03 1.773770e-03 1.153632e-01 3.662629e-05 -4.834128e-05 -2.147603e-05 8.833629e-05
11680.098924 7.820230e-01 -2.847642e-03 1.731726e-03 1.156096e-01 3.534353e-05 -4.439703e-05 -2.321040e-05 8.754266e-05
11681.787558 7.838742e-01 -2.850241e-03 1.722469e-03 1.164605e-01 3.868097e-05 -4.223778e-05 -8.969713e-06 9.540485e-05
11683.488385 7.833591e-01 -2.855032e-03 1.695498e-03 1.163992e-01 3.751278e-05 -3.970517e-05 -1.251204e-05 8.267933e-05
11685.201403 7.839198e-01 -2.843478e-03 1.682016e-03 1.156442e-01 2.653057e-05 -3.493396e-05 -1.897950e-05 7.979851e-05
11686.926613 7.828576e-01 -2.861983e-03 1.642684e-03 1.166230e-01 2.551843e-05 -3.878435e-05 -3.011772e-05 7.459491e-05
11688.664014 7.833411e-01 -2.819270e-03 1.678628e-03 1.163433e-01 3.168809e-05 -3.765057e-05 -2.293967e-05 7.696753e-05
11690.413608 7.822151e-01 -2.819080e-03 1.685123e-03 1.166613e-01 2.774851e-05 -3.357567e-05 -2.274340e-05 7.820197e-05
11692.175394 7.825009e-01 -2.833838e-03 1.754574e-03 1.166441e-01 4.034789e-05 -2.845821e-05 -2.311579e-05 5.758204e-05
11693.949371 7.817287e-01 -2.838246e-03 1.710076e-03 1.167751e-01 4.400656e-05 -2.821501e-05 -1.696064e-05 7.607005e-05
11695.735541 7.815263e-01 -2.835073e-03 1.736047e-03 1.165210e-01 4.383789e-05 -3.167818e-05 -1.515759e-05 7.620390e-05
11697.533902 7.817937e-01 -2.837658e-03 1.685149e-03 1.159457e-01 4.731912e-05 -3.402295e-05 -2.315002e-05 7.261474e-05
11699.344455 7.803298e-01 -2.837636e-03 1.704230e-03 1.148691e-01 5.344389e-05 -3.429604e-05 -2.883933e-05 6.126354e-05
11701.167201 7.801431e-01 -2.847273e-03 1.684268e-03 1.154997e-01 5.462526e-05 -3.236421e-05 -5.827306e-06 7.720428e-05
11703.002138 7.768808e-01 -2.835401e-03 1.729772e-03 1.149305e-01 4.971359e-05 -3.487611e-05 -1.849721e-05 7.495368e-05
11704.849267 7.784597e-01 -2.827730e-03 1.730015e-03 1.146191e-01 4.685911e-05 -3.379285e-05 -2.534459e-05 7.927524e-05
11706.708588 7.802871e-01 -2.837866e-03 1.716571e-03 1.151998e-01 4.023902e-05 -2.770488e-05 -2.307279e-05 7.158043e-05
11708.580100 7.801472e-01 -2.836626e-03 1.650755e-03 1.158462e-01 4.026192e-05 -3.038476e-05 -3.033951e-05 8.585388e-05
11710.463805 7.806148e-01 -2.823532e-03 1.652438e-03 1.147100e-01 3.092532e-05 -2.889662e-05 -3.417942e-05 8.502894e-05
11712.359702 7.796638e-01 -2.822548e-03 1.691172e-03 1.153605e-01 2.820415e-05 -3.005069e-05 -2.180120e-05 7.804799e-05
11714.267790 7.791090e-01 -2.822668e-03 1.767065e-03 1.155588e-01 2.911600e-05 -3.176571e-05 -2.223408e-05 7.757262e-05
11716.188071 7.776743e-01 -2.807195e-03 1.697831e-03 1.147810e-01 2.961470e-05 -3.101749e-05 -2.640659e-05 8.648680e-05
11718.120543 7.783586e-01 -2.809009e-03 1.696504e-03 1.156530e-01 3.320988e-05 -2.846738e-05 -2.088461e-05 8.497371e-05
11720.065207 7.775311e-01 -2.819145e-03 1.728294e-03 1.156538e-01 3.309087e-05 -2.563167e-05 -2.241843e-05 8.370762e-05
11722.022064 7.773513e-01 -2.832306e-03 1.676117e-03 1.157390e-01 4.070912e-05 -1.496609e-05 -2.883622e-05 6.789196e-05
11723.991112 7.771869e-01 -2.845985e-03 1.644139e-03 1.164625e-01 5.017494e-05 -1.058088e-05 -2.726013e-05 6.937762e-05
11725.972352 7.760584e-01 -2.848995e-03 1.677597e-03 1.164650e-01 5.021815e-05 -1.277386e-05 -2.492398e-05 7.937403e-05
11727.965784 7.759782e-01 -2.844341e-03 1.708777e-03 1.165992e-01 4.043635e-05 -1.795187e-05 -2.590014e-05 7.237052e-05
11729.971407 7.758350e-01 -2.829291e-03 1.747212e-03 1.162815e-01 3.877803e-05 -2.844507e-05 -2.965351e-05 7.448651e-05
11731.989223 7.756241e-01 -2.837601e-03 1.785680e-03 1.161436e-01 3.613630e-05 -2.849371e-05 -4.018509e-05 7.569773e-05
11734.019231 7.760595e-01 -2.842981e-03 1.754061e-03 1.161706e-01 3.432907e-05 -2.843130e-05 -2.577325e-05 8.373107e-05
11736.061430 7.739600e-01 -2.811137e-03 1.808809e-03 1.162392e-01 4.261529e-05 -3.189565e-05 -2.087242e-05 8.797118e-05
11738.115822 7.739456e-01 -2.823113e-03 1.783356e-03 1.167055e-01 3.575997e-05 -3.006500e-05 -2.999905e-05 8.250893e-05
11740.182405 7.739195e-01 -2.830665e-03 1.734496e-03 1.172037e-01 3.829062e-05 -2.650785e-05 -1.662712e-05 8.292957e-05
11742.261180 7.707364e-01 -2.852727e-03 1.723757e-03 1.164999e-01 3.470716e-05 -1.657137e-05 -1.513974e-05 9.968922e-05
11744.352148 7.691733e-01 -2.833066e-03 1.788170e-03 1.170681e-01 3.721992e-05 -1.873482e-05 -3.550304e-05 8.674704e-05
11746.455307 7.712880e-01 -2.826541e-03 1.736246e-03 1.168232e-01 2.549238e-05 -2.111463e-05 -3.438187e-05 7.769238e-05
11748.570658 7.718248e-01 -2.807725e-03 1.781527e-03 1.169251e-01 2.120198e-05 -2.310790e-05 -2.972388e-05 6.595211e-05
11750.698201 7.715844e-01 -2.815473e-03 1.700177e-03 1.172926e-01 2.606188e-05 -2.120365e-05 -1.674842e-05 8.874934e-05
11752.837935 7.702040e-01 -2.825905e-03 1.737381e-03 1.160354e-01 1.843104e-05 -1.794361e-05 -9.199876e-06 9.766375e-05
11754.989862 7.704453e-01 -2.825965e-03 1.703143e-03 1.164202e-01 2.782331e-05 -1.753762e-05 -1.126257e-05 9.543438e-05
11757.153981 7.686728e-01 -2.800744e-03 1.771236e-03 1.165494e-01 3.230012e-05 -1.446427e-05 -1.705157e-05 8.723805e-05
11759.330291 7.684771e-01 -2.808308e-03 1.736527e-03 1.162669e-01 3.868597e-05 -1.668641e-05 -1.074006e-05 8.793212e-05
11761.518794 7.652044e-01 -2.812638e-03 1.784980e-03 1.155298e-01 3.630397e-05 -1.996963e-05 -7.201154e-06 8.208816e-05
11763.719488 7.679430e-01 -2.814354e-03 1.750438e-03 1.163741e-01 4.185156e-05 -1.142634e-05 6.287200e-07 8.551267e-05
11765.932374 7.672890e-01 -2.817993e-03 1.784107e-03 1.165489e-01 3.592306e-05 -1.641223e-05 -1.501613e-05 8.600338e-05
11768.157453 7.684276e-01 -2.813975e-03 1.756678e-03 1.159587e-01 2.701496e-05 -2.997127e-05 -2.551178e-05 7.958501e-05
11770.394723 7.649904e-01 -2.806975e-03 1.729697e-03 1.152666e-01 2.530046e-05 -3.273826e-05 -3.434340e-05 7.528167e-05
11772.644185 7.681218e-01 -2.808565e-03 1.763019e-03 1.153068e-01 3.271778e-05 -2.876100e-05 -2.874233e-05 8.792941e-05
11774.905838 7.674354e-01 -2.791685e-03 1.686008e-03 1.153267e-01 3.161477e-05 -2.354185e-05 -9.345338e-06 8.683824e-05
11777.179684 7.653270e-01 -2.829214e-03 1.736272e-03 1.152917e-01 4.105621e-05 -3.238629e-05 -9.743505e-06 8.364080e-05
11779.465722 7.673738e-01 -2.828960e-03 1.704539e-03 1.155625e-01 3.208542e-05 -2.538322e-05 -5.392016e-06 8.881096e-05
11781.763952 7.653262e-01 -2.827373e-03 1.669023e-03 1.159291e-01 2.346393e-05 -3.048191e-05 -8.128535e-06 8.670586e-05
11784.074373 7.672049e-01 -2.831449e-03 1.681451e-03 1.159903e-01 2.775354e-05 -3.933284e-05 -1.198641e-05 8.599130e-05
11786.396987 7.660904e-01 -2.857991e-03 1.699199e-03 1.151076e-01 2.542380e-05 -4.406188e-05 -1.059711e-05 8.030472e-05
11788.731792 7.643392e-01 -2.827826e-03 1.699647e-03 1.157918e-01 2.862346e-05 -3.384996e-05 -2.173476e-05 7.569326e-05
11791.078789 7.635501e-01 -2.845107e-03 1.795277e-03 1.152331e-01 4.009075e-05 -3.121929e-05 -2.910992e-05 6.663019e-05
11793.437978 7.639728e-01 -2.851516e-03 1.745696e-03 1.158786e-01 4.483505e-05 -3.628527e-05 -2.455705e-05 6.930055e-05
11795.809359 7.618313e-01 -2.862707e-03 1.718669e-03 1.164398e-01 4.813384e-05 -4.482716e-05 -1.330823e-05 7.412091e-05
11798.192932 7.592235e-01 -2.839558e-03 1.764755e-03 1.158160e-01 4.876662e-05 -4.183682e-05 -8.956043e-06 7.989820e-05
11800.588697 7.615879e-01 -2.836396e-03 1.772924e-03 1.162956e-01 3.961267e-05 -4.097764e-05 -1.469803e-05 8.186700e-05
11802.996654 7.627016e-01 -2.834061e-03 1.744315e-03 1.162480e-01 4.731692e-05 -3.490493e-05 -1.270697e-05 8.000481e-05
11805.416803 7.635245e-01 -2.842488e-03 1.814968e-03 1.162632e-01 3.321552e-05 -2.819850e-05 -1.231053e-05 7.577674e-05
11807.849143 7.616480e-01 -2.834830e-03 1.742379e-03 1.167434e-01 3.674327e-05 -2.398065e-05 -8.089852e-06 8.186580e-05
11810.293676 7.590322e-01 -2.828753e-03 1.780861e-03 1.170121e-01 3.515321e-05 -1.866268e-05 -5.487564e-06 8.014962e-05
11812.750400 7.599220e-01 -2.841913e-03 1.713557e-03 1.170671e-01 3.566121e-05 -2.631304e-05 -1.072297e-05 8.406674e-05
11815.219317 7.592633e-01 -2.850944e-03 1.649936e-03 1.169890e-01 3.830626e-05 -3.178044e-05 -1.086047e-05 7.425393e-05
11817.700425 7.567325e-01 -2.850945e-03 1.688954e-03 1.168206e-01 3.723800e-05 -3.577619e-05 -2.115320e-05 8.222043e-05
11820.193725 7.568573e-01 -2.814076e-03 1.672489e-03 1.158671e-01 2.518283e-05 -2.508137e-05 -3.073496e-05 6.999244e-05
11822.699217 7.569237e-01 -2.823459e-03 1.757119e-03 1.162388e-01 2.928607e-05 -2.505691e-05 -2.563149e-05 6.823243e-05
11825.216901 7.566022e-01 -2.809998e-03 1.786056e-03 1.161807e-01 4.678991e-05 -2.945052e-05 -1.934113e-05 6.749723e-05
11827.746777 7.597301e-01 -2.813668e-03 1.731173e-03 1.171030e-01 4.689026e-05 -2.518388e-05 -1.519989e-05 7.885028e-05
11830.288845 7.572864e-01 -2.813652e-03 1.658614e-03 1.160725e-01 4.823038e-05 -1.787272e-05 -9.976825e-06 7.706183e-05
11832.843105 7.559081e-01 -2.823160e-03 1.704342e-03 1.157114e-01 4.128374e-05 -1.842148e-05 -8.743770e-06 9.062602e-05
11835.409556 7.551651e-01 -2.820813e-03 1.733337e-03 1.161556e-01 2.875489e-05 -2.428688e-05 2.489921e-06 9.079929e-05
11837.988200 7.527718e-01 -2.843082e-03 1.753486e-03 1.150422e-01 3.128401e-05 -1.969613e-05 1.133884e-05 9.232280e-05
11840.579035 7.523659e-01 -2.839396e-03 1.770531e-03 1.157164e-01 3.335717e-05 -1.752719e-05 4.395102e-06 8.398026e-05
11843.182062 7.529159e-01 -2.836085e-03 1.746321e-03 1.147771e-01 3.497295e-05 -1.771123e-05 -1.946033e-06 7.773757e-05
11845.797282 7.549553e-01 -2.849768e-03 1.718256e-03 1.151335e-01 3.299178e-05 -2.120048e-05 -8.465178e-06 8.481380e-05
11848.424693 7.553829e-01 -2.859149e-03 1.738885e-03 1.156319e-01 3.236130e-05 -1.940879e-05 4.481027e-06 6.978773e-05
11851.064296 7.546777e-01 -2.833309e-03 1.779690e-03 1.160470e-01 3.281754e-05 -2.030902e-05 -4.994262e-06 7.648394e-05
11853.716091 7.522820e-01 -2.830019e-03 1.695388e-03 1.154158e-01 4.113572e-05 -1.900940e-05 -1.976272e-05 7.262349e-05
11856.380078 7.512063e-01 -2.838328e-03 1.714616e-03 1.154956e-01 3.467997e-05 -1.468607e-05 -2.886642e-06 7.615217e-05
11859.056256 7.536189e-01 -2.834213e-03 1.715579e-03 1.162002e-01 4.345395e-05 -2.704676e-05 -1.062924e-06 8.414964e-05
11861.744627 7.526614e-01 -2.815119e-03 1.725102e-03 1.161566e-01 4.627070e-05 -2.856278e-05 -3.212310e-06 8.269045e-05
11864.445190 7.495528e-01 -2.820026e-03 1.735962e-03 1.163741e-01 3.999623e-05 -3.141109e-05 -7.285670e-07 7.989655e-05
11867.157944 7.513120e-01 -2.848706e-03 1.691918e-03 1.162356e-01 3.806289e-05 -3.158652e-05 -1.604581e-05 7.513437e-05
11869.882891 7.525776e-01 -2.830370e-03 1.796312e-03 1.166480e-01 4.212514e-05 -2.769053e-05 -1.493401e-05 6.915238e-05
11872.620029 7.528137e-01 -2.840430e-03 1.664531e-03 1.166262e-01 4.472128e-05 -2.690309e-05 -1.083925e-05 4.051350e-05
11875.369359 7.526031e-01 -2.831068e-03 1.724772e-03 1.174549e-01 4.849648e-05 -2.664712e-05 -7.514118e-06 6.117337e-05
11878.130881 7.513120e-01 -2.833331e-03 1.695257e-03 1.171480e-01 4.574779e-05 -3.048093e-05 -7.459179e-06 6.998731e-05
11880.904595 7.505823e-01 -2.843567e-03 1.716764e-03 1.173337e-01 4.707989e-05 -3.038906e-05 -4.364331e-07 6.610444e-05
11883.690501 7.502581e-01 -2.830349e-03 1.682779e-03 1.165164e-01 4.453735e-05 -2.481084e-05 8.462373e-06 5.303604e-05
11886.488599 7.500702e-01 -2.828068e-03 1.769919e-03 1.179496e-01 3.610688e-05 -2.353517e-05 -3.725433e-06 8.301469e-05
11889.298889 7.474429e-01 -2.812071e-03 1.717618e-03 1.171270e-01 3.788825e-05 -2.608205e-05 -1.427667e-05 8.070143e-05
11892.121371 7.479441e-01 -2.807174e-03 1.749525e-03 1.169443e-01 3.231851e-05 -3.320251e-05 -1.817808e-05 7.422862e-05
11894.956044 7.427844e-01 -2.828104e-03 1.744977e-03 1.154326e-01 2.240829e-05 -2.864900e-05 -1.265250e-05 6.453766e-05
11897.802910 7.392121e-01 -2.830293e-03 1.663413e-03 1.153034e-01 3.204212e-05 -2.174129e-05 -1.814382e-05 6.541699e-05
11900.661967 7.451930e-01 -2.841539e-03 1.701680e-03 1.164188e-01 3.019113e-05 -2.893986e-05 -1.829307e-05 7.932975e-05
11903.533217 7.449559e-01 -2.824362e-03 1.750933e-03 1.164818e-01 2.782110e-05 -2.580677e-05 -1.191820e-05 8.129660e-05
11906.416658 7.451822e-01 -2.813947e-03 1.780521e-03 1.169754e-01 2.382132e-05 -2.207460e-05 -1.730735e-05 8.160122e-05
11909.312291 7.447907e-01 -2.821178e-03 1.762293e-03 1.176263e-01 2.280660e-05 -2.197708e-05 -2.375610e-05 7.262581e-05
11912.220116 7.441469e-01 -2.812234e-03 1.714836e-03 1.172070e-01 3.037281e-05 -2.705729e-05 -1.732183e-05 8.011803e-05
11915.140133 7.445425e-01 -2.814797e-03 1.729753e-03 1.165647e-01 2.317705e-05 -3.142499e-05 -1.235077e-05 6.553678e-05
11918.072342 7.425520e-01 -2.814733e-03 1.794762e-03 1.161502e-01 2.089171e-05 -2.387582e-05 5.083289e-06 5.125840e-05
11921.016743 7.360580e-01 -2.804520e-03 1.768676e-03 1.151342e-01 1.661797e-05 -1.936217e-05 -1.054149e-05 8.243085e-05
11923.973335 7.359513e-01 -2.803317e-03 1.743131e-03 1.151192e-01 2.487553e-05 -1.532950e-05 -2.435689e-05 7.800322e-05
11926.942120 7.410353e-01 -2.819916e-03 1.735704e-03 1.158502e-01 3.069396e-05 -1.719481e-05 -2.383325e-05 7.972039e-05
11929.923096 7.409224e-01 -2.818649e-03 1.738748e-03 1.164596e-01 1.873191e-05 -9.098095e-06 -1.152510e-05 8.019512e-05
11932.916265 7.415696e-01 -2.825595e-03 1.740323e-03 1.166041e-01 2.352012e-05 -1.121587e-05 -9.666508e-06 8.214062e-05
11935.921625 7.391376e-01 -2.800156e-03 1.813960e-03 1.150205e-01 1.787356e-05 -1.686286e-05 -3.824993e-06 7.342210e-05
11938.939177 7.390062e-01 -2.807614e-03 1.781665e-03 1.157530e-01 1.185128e-05 -1.888447e-05 -6.089788e-06 8.114147e-05
11941.968921 7.383947e-01 -2.836117e-03 1.788582e-03 1.155502e-01 1.800037e-05 -2.633194e-05 -1.324983e-05 7.262627e-05
11945.010858 7.390048e-01 -2.822195e-03 1.739167e-03 1.157401e-01 1.458126e-05 -2.367503e-05 -2.022722e-05 7.503617e-05
11948.064985 7.382240e-01 -2.817668e-03 1.706177e-03 1.158554e-01 1.972845e-05 -3.321450e-05 -2.033505e-05 9.928950e-05
11951.131305 7.371789e-01 -2.812257e-03 1.747630e-03 1.163056e-01 1.842451e-05 -2.738819e-05 -1.020531e-05 1.008996e-04
11954.209817 7.371455e-01 -2.813812e-03 1.768283e-03 1.162396e-01 1.645388e-05 -2.313855e-05 -1.291220e-05 8.889552e-05
11957.300521 7.374849e-01 -2.825298e-03 1.735220e-03 1.164741e-01 1.926888e-05 -2.368620e-05 -7.850785e-06 9.450600e-05
11960.403416 7.377026e-01 -2.851833e-03 1.651482e-03 1.166532e-01 2.363601e-05 -1.467069e-05 -1.041694e-05 8.523395e-05
11963.518504 7.363468e-01 -2.829875e-03 1.709691e-03 1.165465e-01 1.895597e-05 -1.024397e-05 -8.436515e-06 8.786797e-05
11966.645783 7.360721e-01 -2.821862e-03 1.712609e-03 1.162282e-01 2.887412e-05 -1.473691e-05 -8.072993e-06 9.511466e-05
11969.785255 7.356814e-01 -2.826729e-03 1.733854e-03 1.161236e-01 2.682831e-05 -1.422812e-05 -2.054398e-06 9.040024e-05
11972.936918 7.353044e-01 -2.808605e-03 1.709490e-03 1.158196e-01 2.113550e-05 -3.328430e-05 -8.138939e-07 9.895575e-05
11976.100773 7.343451e-01 -2.816958e-03 1.677489e-03 1.168606e-01 1.072839e-05 -3.929243e-05 -1.489546e-05 8.652688e-05
11979.276820 7.337987e-01 -2.802687e-03 1.715499e-03 1.165221e-01 9.233908e-06 -2.482242e-05 -1.725515e-05 7.940346e-05
11982.465059 7.334666e-01 -2.817896e-03 1.690985e-03 1.165461e-01 2.105166e-05 -1.394861e-05 -1.290001e-05 8.482383e-05
11985.665490 7.318034e-01 -2.828480e-03 1.748149e-03 1.165424e-01 1.415963e-05 -2.769357e-05 -1.175996e-05 9.154575e-05
11988.878112 7.325394e-01 -2.831082e-03 1.763058e-03 1.166085e-01 8.049484e-06 -2.532701e-05 -1.613212e-05 8.481493e-05
11992.102927 7.314935e-01 -2.820917e-03 1.721022e-03 1.167752e-01 1.574013e-05 -3.337991e-05 -2.395081e-05 1.060808e-04
11995.339934 7.311962e-01 -2.809341e-03 1.685149e-03 1.159203e-01 2.046744e-05 -3.048295e-05 -1.601140e-05 1.105297e-04
11998.589132 7.300558e-01 -2.818688e-03 1.740306e-03 1.161613e-01 1.432904e-05 -2.048186e-05 -2.850036e-05 9.913634e-05
12001.850523 7.293422e-01 -2.826275e-03 1.790910e-03 1.164310e-01 2.649815e-05 -1.818422e-05 -2.266835e-05 1.041260e-04
12005.124105 7.286847e-01 -2.824886e-03 1.743103e-03 1.160848e-01 3.404051e-05 -2.393012e-05 -2.321667e-05 9.917943e-05
12008.409879 7.284814e-01 -2.848876e-03 1.719967e-03 1.154918e-01 3.146184e-05 -2.414539e-05 -2.506952e-05 1.001168e-04
12011.707845 7.273252e-01 -2.841658e-03 1.732403e-03 1.161735e-01 2.441876e-05 -2.637415e-05 -8.078650e-06 1.097417e-04
12015.018003 7.273701e-01 -2.817189e-03 1.762581e-03 1.168459e-01 2.940549e-05 -3.088900e-05 -1.074750e-05 1.106577e-04
12018.340353 7.269029e-01 -2.827337e-03 1.777183e-03 1.162553e-01 3.529687e-05 -3.384041e-05 -2.284792e-05 1.003430e-04
12021.674895 7.259133e-01 -2.845652e-03 1.755187e-03 1.159467e-01 3.144136e-05 -3.522167e-05 -1.375673e-05 9.105436e-05
12025.021629 7.258216e-01 -2.831919e-03 1.741393e-03 1.166008e-01 3.496094e-05 -3.986264e-05 -6.709346e-06 1.070119e-04
12028.380554 7.250990e-01 -2.824507e-03 1.781836e-03 1.157870e-01 2.758346e-05 -4.677369e-05 -2.373477e-06 1.017726e-04
12031.751672 7.246140e-01 -2.845872e-03 1.729769e-03 1.156565e-01 2.439544e-05 -3.570934e-05 -1.286343e-05 8.961242e-05
12035.134982 7.242124e-01 -2.833587e-03 1.722732e-03 1.163741e-01 3.116273e-05 -3.152711e-05 -1.111375e-05 9.736347e-05
12038.530483 7.234323e-01 -2.815983e-03 1.732656e-03 1.165620e-01 2.885074e-05 -3.261442e-05 -3.060248e-05 8.679256e-05
12041.938176 7.225415e-01 -2.827936e-03 1.732376e-03 1.166010e-01 3.977283e-05 -3.488448e-05 -7.242347e-06 8.956756e-05
12045.358061 7.174270e-01 -2.811236e-03 1.746614e-03 1.156666e-01 3.504374e-05 -3.352236e-05 -2.593825e-06 8.813959e-05
12048.790139 7.114996e-01 -2.821978e-03 1.694234e-03 1.152125e-01 2.989196e-05 -2.328386e-05 -5.336119e-06 1.011199e-04
12052.234408 7.196582e-01 -2.819172e-03 1.721783e-03 1.175104e-01 2.178631e-05 -2.234975e-05 -7.202651e-06 8.531914e-05
12055.690868 7.210943e-01 -2.835055e-03 1.708279e-03 1.184698e-01 2.520853e-05 -2.301083e-05 -1.017956e-05 8.582025e-05
12059.159521 7.206688e-01 -2.821817e-03 1.720989e-03 1.215603e-01 2.226306e-05 -2.487048e-05 -1.456436e-05 8.083977e-05
12062.640366 7.200151e-01 -2.813716e-03 1.712849e-03 1.246747e-01 2.782014e-05 -2.849097e-05 -1.075902e-05 8.851512e-05
12066.133403 7.198206e-01 -2.818515e-03 1.733636e-03 1.242459e-01 4.000867e-05 -2.270626e-05 -1.526668e-05 8.501177e-05
12069.638631 7.197793e-01 -2.813574e-03 1.748477e-03 1.204348e-01 2.873945e-05 -1.934587e-05 -2.183700e-05 7.358773e-05
12073.156052 7.183677e-01 -2.826459e-03 1.755228e-03 1.165626e-01 3.391169e-05 -1.224600e-05 -3.132702e-05 7.864515e-05
12076.685664 7.178502e-01 -2.812142e-03 1.768027e-03 1.164009e-01 2.187528e-05 -1.446886e-05 -2.099059e-05 7.648541e-05
12080.227468 7.166377e-01 -2.815644e-03 1.715650e-03 1.178753e-01 2.607856e-05 -1.315577e-05 -2.959067e-05 6.534413e-05
12083.781465 7.162454e-01 -2.819400e-03 1.687083e-03 1.179627e-01 4.195240e-05 -2.346423e-05 -2.315503e-05 6.470228e-05
12087.347653 7.158887e-01 -2.806582e-03 1.669206e-03 1.175842e-01 3.903203e-05 -2.429777e-05 -1.843042e-05 7.369213e-05
12090.926033 7.153155e-01 -2.798086e-03 1.701560e-03 1.166670e-01 2.740109e-05 -1.807513e-05 -9.098440e-06 8.033171e-05
12094.516605 7.150883e-01 -2.822832e-03 1.756784e-03 1.165706e-01 2.988110e-05 -1.426762e-05 -1.307797e-05 8.012774e-05
12098.119369 7.140569e-01 -2.825581e-03 1.741292e-03 1.157017e-01 2.900437e-05 -2.045413e-05 -1.103353e-05 9.121392e-05
12101.734324 7.129061e-01 -2.831005e-03 1.742794e-03 1.161210e-01 3.475154e-05 -2.114257e-05 -1.108828e-05 8.630998e-05
12105.361472 7.128183e-01 -2.847401e-03 1.773825e-03 1.162669e-01 2.731930e-05 -2.074803e-05 -2.675528e-05 8.149478e-05
12109.000811 7.118870e-01 -2.852693e-03 1.749480e-03 1.165844e-01 2.686893e-05 -1.420100e-05 -2.906011e-05 8.951565e-05
12112.652343 7.112814e-01 -2.843448e-03 1.716960e-03 1.160932e-01 2.482771e-05 2.092821e-06 -1.579984e-05 9.822164e-05
12116.316066 7.092099e-01 -2.833993e-03 1.746636e-03 1.165511e-01 2.397863e-05 -1.724112e-06 -1.276015e-05 9.111169e-05
12119.991982 7.082952e-01 -2.850820e-03 1.764834e-03 1.164562e-01 2.543590e-05 -7.261948e-06 -1.269750e-05 9.328142e-05
12123.680089 7.090056e-01 -2.851082e-03 1.713731e-03 1.165257e-01 2.588612e-05 -1.329823e-05 -5.569910e-07 1.003798e-04
12127.380388 7.081374e-01 -2.836983e-03 1.701892e-03 1.162272e-01 3.957059e-05 -1.087122e-05 -1.615765e-05 9.834032e-05
12131.092879 7.073964e-01 -2.860343e-03 1.676107e-03 1.164005e-01 3.420713e-05 -8.793780e-06 -6.306638e-06 1.010907e-04
12134.817562 7.075654e-01 -2.849560e-03 1.688822e-03 1.162374e-01 2.930879e-05 -4.589691e-06 -1.613428e-05 1.012424e-04
12138.554437 7.072571e-01 -2.852151e-03 1.740095e-03 1.174222e-01 3.756211e-05 1.162175e-06 -3.577403e-05 8.289813e-05
12142.303503 7.067484e-01 -2.827009e-03 1.737385e-03 1.202745e-01 4.301639e-05 -1.476395e-06 -3.230921e-05 9.560019e-05
12146.064762 7.064949e-01 -2.834384e-03 1.745329e-03 1.253954e-01 5.162322e-05 -1.308651e-07 -3.410328e-05 1.007641e-04
12149.838213 7.058750e-01 -2.843829e-03 1.745193e-03 1.283462e-01 4.844534e-05 -2.835543e-06 -3.382305e-05 1.084585e-04
12153.623855 7.051567e-01 -2.843656e-03 1.716128e-03 1.243782e-01 5.262144e-05 -1.924206e-07 -3.257697e-05 1.102867e-04
12157.421689 7.046459e-01 -2.857443e-03 1.740718e-03 1.187879e-01 4.771427e-05 -5.995559e-06 -1.894436e-05 1.073135e-04
12161.231716 7.040682e-01 -2.838175e-03 1.776898e-03 1.158582e-01 3.406952e-05 -1.129675e-05 -2.368547e-05 1.045156e-04
12165.053934 7.037383e-01 -2.831544e-03 1.778357e-03 1.167414e-01 2.617331e-05 -2.889506e-05 -3.433825e-05 1.101269e-04
12168.888344 7.030318e-01 -2.831241e-03 1.747409e-03 1.151773e-01 2.539846e-05 -1.681346e-05 -2.599400e-05 1.135468e-04
12172.734946 6.994896e-01 -2.837572e-03 1.756402e-03 1.153760e-01 2.926615e-05 -1.316531e-05 -1.535239e-05 1.221479e-04
12176.593740 7.007970e-01 -2.819196e-03 1.779130e-03 1.150885e-01 3.047884e-05 -2.015899e-05 -1.965339e-05 1.296143e-04
12180.464726 7.006092e-01 -2.812952e-03 1.783531e-03 1.161830e-01 3.077671e-05 -1.393511e-05 -1.857780e-05 1.172988e-04
12184.347903 7.004414e-01 -2.812285e-03 1.764275e-03 1.163678e-01 3.844061e-05 -1.971366e-05 -2.207441e-05 1.116657e-04
12188.243273 6.981828e-01 -2.834008e-03 1.755027e-03 1.164781e-01 2.274444e-05 -2.458790e-05 -1.989705e-05 1.131822e-04
12192.150835 6.982415e-01 -2.839380e-03 1.735876e-03 1.167412e-01 9.297521e-06 -2.437363e-05 -2.123767e-05 1.112369e-04
12196.070588 6.982479e-01 -2.831128e-03 1.742491e-03 1.165976e-01 1.311093e-05 -1.625446e-05 -2.383002e-05 1.215993e-04
12200.002533 6.977821e-01 -2.848590e-03 1.693933e-03 1.164234e-01 1.820771e-05 -1.403417e-05 -3.061855e-05 1.158005e-04
12203.946671 6.965506e-01 -2.849558e-03 1.741647e-03 1.154096e-01 2.472475e-05 -1.108783e-05 -2.574875e-05 1.208852e-04
12207.903000 6.939876e-01 -2.841263e-03 1.767111e-03 1.151267e-01 1.443017e-05 -1.670895e-05 -2.651897e-05 1.118193e-04
12211.871521 6.938974e-01 -2.835441e-03 1.786160e-03 1.162450e-01 1.079985e-05 -2.265306e-05 -2.002236e-05 1.016619e-04
12215.852234 6.940313e-01 -2.842656e-03 1.794513e-03 1.156250e-01 1.993439e-05 -1.198512e-05 -2.620183e-05 9.720086e-05
12219.845139 6.930265e-01 -2.841370e-03 1.728382e-03 1.156260e-01 1.429197e-05 -7.354789e-06 -3.737495e-05 1.014694e-04
12223.850236 6.926451e-01 -2.863401e-03 1.743307e-03 1.151938e-01 1.832935e-05 -1.268145e-05 -3.979326e-05 1.021960e-04
12227.867524 6.928599e-01 -2.844795e-03 1.717704e-03 1.158486e-01 2.087374e-05 -2.395950e-05 -2.146168e-05 1.095162e-04
12231.897005 6.927712e-01 -2.852788e-03 1.719688e-03 1.159380e-01 1.706423e-05 -1.982412e-05 -1.625633e-05 1.117315e-04
12235.938678 6.916829e-01 -2.837841e-03 1.752582e-03 1.154698e-01 2.109838e-05 -2.088073e-05 -1.794604e-05 1.091530e-04
12239.992542 6.910559e-01 -2.832209e-03 1.714628e-03 1.157920e-01 2.490574e-05 -2.325108e-05 -1.830511e-05 1.064603e-04
12244.058598 6.908836e-01 -2.837726e-03 1.719341e-03 1.155295e-01 3.032170e-05 -2.616532e-05 -2.208088e-05 1.004015e-04
12248.136847 6.898315e-01 -2.833467e-03 1.714131e-03 1.154437e-01 3.045267e-05 -2.327921e-05 -3.733923e-05 9.670689e-05
12252.227287 6.842737e-01 -2.844935e-03 1.703580e-03 1.146826e-01 2.209080e-05 -1.881470e-05 -1.744408e-05 9.486646e-05
12256.329919 6.734330e-01 -2.844682e-03 1.705984e-03 1.129589e-01 1.553397e-05 -1.206423e-05 -8.937807e-06 9.886286e-05
12260.444743 6.832355e-01 -2.822958e-03 1.721024e-03 1.149505e-01 1.745763e-05 -1.232185e-05 -1.688131e-05 9.580975e-05
12264.571759 6.848170e-01 -2.845022e-03 1.703472e-03 1.154304e-01 1.159955e-05 -4.478826e-06 -2.265665e-05 9.079856e-05
12268.710967 6.851709e-01 -2.846839e-03 1.750796e-03 1.152702e-01 2.125690e-05 -3.211965e-06 -1.159583e-05 9.994720e-05
12272.862366 6.856131e-01 -2.864541e-03 1.691207e-03 1.156391e-01 1.356157e-05 -1.867347e-08 -2.026629e-05 1.073026e-04
12277.025958 6.850267e-01 -2.871317e-03 1.667811e-03 1.159088e-01 1.247104e-05 -8.609321e-06 -2.233776e-05 1.050129e-04
12281.201742 6.841313e-01 -2.838841e-03 1.799110e-03 1.167165e-01 1.712271e-05 -1.977787e-05 -3.901346e-05 9.880475e-05
12285.389717 6.828721e-01 -2.850068e-03 1.736986e-03 1.172108e-01 1.558869e-05 -2.050066e-05 -3.851282e-05 9.814817e-05
12289.589884 6.819832e-01 -2.831371e-03 1.706527e-03 1.163669e-01 3.284727e-05 -3.162701e-05 -1.681201e-05 1.180844e-04
12293.802244 6.811901e-01 -2.829345e-03 1.751420e-03 1.154159e-01 3.179875e-05 -3.853027e-05 -2.443015e-05 1.015608e-04
12298.026795 6.681833e-01 -2.819906e-03 1.714160e-03 1.134780e-01 2.214110e-05 -2.877666e-05 -1.795902e-05 9.954563e-05
12302.263538 6.716667e-01 -2.825597e-03 1.691500e-03 1.135886e-01 2.805526e-05 -2.300793e-05 -2.803281e-05 9.951930e-05
12306.512473 6.795212e-01 -2.837660e-03 1.721683e-03 1.155419e-01 2.900485e-05 -2.666482e-05 -2.625525e-05 9.187191e-05
12310.773600 6.793096e-01 -2.820922e-03 1.746933e-03 1.157478e-01 2.625631e-05 -2.824214e-05 -2.864790e-05 9.276328e-05
12315.046919 6.786503e-01 -2.818917e-03 1.682770e-03 1.156045e-01 2.922750e-05 -2.770659e-05 -1.959004e-05 1.035300e-04
12319.332429 6.783141e-01 -2.813873e-03 1.724152e-03 1.155276e-01 3.139154e-05 -3.641948e-05 -8.494272e-06 9.346248e-05
12323.630132 6.775251e-01 -2.830017e-03 1.708656e-03 1.155520e-01 3.198302e-05 -3.997656e-05 -1.243590e-05 9.623969e-05
12327.940026 6.771454e-01 -2.830002e-03 1.659958e-03 1.158828e-01 2.994935e-05 -2.787533e-05 -1.163560e-05 1.015864e-04
12332.262113 6.765311e-01 -2.837609e-03 1.737527e-03 1.153145e-01 2.013391e-05 -3.080350e-05 -1.975082e-06 9.997774e-05
12336.596391 6.761248e-01 -2.833608e-03 1.741168e-03 1.156694e-01 3.202926e-05 -2.805193e-05 -4.540509e-06 1.026529e-04
12340.942861 6.752730e-01 -2.857248e-03 1.780042e-03 1.152355e-01 3.641785e-05 -2.536334e-05 -1.027448e-06 9.432207e-05
12345.301524 6.747003e-01 -2.866890e-03 1.753338e-03 1.156099e-01 2.134955e-05 -2.738677e-05 1.724190e-06 9.479925e-05
12349.672378 6.736873e-01 -2.846249e-03 1.774751e-03 1.161954e-01 2.315082e-05 -2.905453e-05 -5.204213e-06 1.035557e-04
12354.055424 6.722234e-01 -2.851456e-03 1.720952e-03 1.160566e-01 2.528701e-05 -2.594694e-05 -1.298375e-05 8.923492e-05
12358.450662 6.722820e-01 -2.849404e-03 1.720626e-03 1.157050e-01 2.781852e-05 -3.002495e-05 -5.200822e-06 9.280109e-05
12362.858091 6.715392e-01 -2.842019e-03 1.692513e-03 1.158948e-01 2.935844e-05 -2.807571e-05 -9.271008e-06 9.767704e-05
12367.277713 6.697601e-01 -2.860496e-03 1.713592e-03 1.149970e-01 2.136415e-05 -1.676162e-05 -1.587743e-05 8.122143e-05
12371.709527 6.700297e-01 -2.836024e-03 1.685162e-03 1.154940e-01 1.617987e-05 -2.573316e-05 5.873546e-06 9.910914e-05
12376.153532 6.698585e-01 -2.835955e-03 1.703933e-03 1.154872e-01 2.128388e-05 -2.681136e-05 7.037162e-06 8.668622e-05
12380.609730 6.690448e-01 -2.843870e-03 1.766646e-03 1.153028e-01 1.290253e-05 -2.889597e-05 -1.097918e-05 8.139913e-05
12385.078119 6.684884e-01 -2.853170e-03 1.739539e-03 1.151408e-01 7.373971e-06 -2.445749e-05 -1.622449e-05 8.528121e-05
12389.558700 6.677765e-01 -2.843082e-03 1.736596e-03 1.153172e-01 7.229742e-06 -3.508519e-05 -6.002399e-06 9.661471e-05
12394.051473 6.669621e-01 -2.842852e-03 1.770765e-03 1.152935e-01 1.086127e-05 -3.097923e-05 6.505892e-07 1.080795e-04
12398.556438 6.663076e-01 -2.838213e-03 1.766226e-03 1.151875e-01 1.396215e-05 -3.222552e-05 -3.282070e-06 1.077523e-04
12403.073595 6.647069e-01 -2.836930e-03 1.734051e-03 1.150135e-01 2.247965e-05 -2.729951e-05 -8.951454e-06 1.075690e-04
12407.602944 6.646236e-01 -2.860105e-03 1.710926e-03 1.153255e-01 2.556183e-05 -2.856500e-05 5.061710e-06 1.054939e-04
12412.144485 6.633355e-01 -2.844824e-03 1.679740e-03 1.149260e-01 2.413443e-05 -3.429272e-05 3.131935e-06 1.128297e-04
12416.698218 6.616648e-01 -2.855823e-03 1.740055e-03 1.145783e-01 2.096634e-05 -3.511616e-05 -2.157939e-05 9.704602e-05
12421.264142 6.587479e-01 -2.864065e-03 1.761133e-03 1.157209e-01 2.580378e-05 -2.858803e-05 -2.641075e-05 9.811858e-05
12425.842259 6.605146e-01 -2.861226e-03 1.766120e-03 1.173279e-01 2.014624e-05 -2.118719e-05 -1.382945e-05 1.078358e-04
12430.432567 6.610114e-01 -2.849558e-03 1.725713e-03 1.168043e-01 1.548698e-05 -2.327773e-05 -1.163344e-05 1.051035e-04
12435.035068 6.602737e-01 -2.856462e-03 1.717390e-03 1.157530e-01 1.714312e-05 -2.083107e-05 -1.839255e-05 9.981452e-05
12439.649760 6.594531e-01 -2.856156e-03 1.702466e-03 1.150484e-01 2.791701e-06 -1.214000e-05 -8.643406e-06 9.696841e-05
12444.276644 6.581849e-01 -2.840588e-03 1.747165e-03 1.151603e-01 7.518967e-06 -1.626764e-05 -1.271374e-05 9.482860e-05
12448.915720 6.568960e-01 -2.856183e-03 1.752304e-03 1.154795e-01 8.993098e-06 -1.742164e-05 -2.385616e-05 8.566314e-05
12453.566988 6.572786e-01 -2.864968e-03 1.696069e-03 1.153570e-01 1.677881e-05 -1.445551e-05 -1.200223e-05 9.294082e-05
12458.230448 6.568332e-01 -2.858278e-03 1.697834e-03 1.151009e-01 2.326004e-05 -1.342814e-05 -1.727636e-05 9.341980e-05
12462.906100 6.561726e-01 -2.857045e-03 1.729313e-03 1.154350e-01 3.755904e-05 -1.704021e-05 -1.314450e-05 9.344278e-05
12467.593943 6.556143e-01 -2.866886e-03 1.744423e-03 1.152100e-01 3.049155e-05 -2.418284e-05 -1.624174e-05 1.110702e-04
12472.293979 6.541165e-01 -2.863734e-03 1.728050e-03 1.152027e-01 1.791127e-05 -2.690278e-05 -9.819438e-06 1.102341e-04
12477.006206 6.539519e-01 -2.860848e-03 1.734448e-03 1.150419e-01 1.522219e-05 -1.760225e-05 -3.610941e-06 1.022876e-04
12481.730626 6.539711e-01 -2.865229e-03 1.716647e-03 1.151983e-01 6.622966e-06 -8.651299e-06 1.966744e-06 1.041353e-04
12486.467237 6.533001e-01 -2.870887e-03 1.735531e-03 1.151735e-01 1.010653e-05 -2.038774e-05 -8.387555e-06 9.882895e-05
12491.216040 6.524273e-01 -2.862827e-03 1.749232e-03 1.153199e-01 1.466460e-05 -2.569706e-05 -1.705455e-05 9.229847e-05
12495.977036 6.506215e-01 -2.849823e-03 1.771584e-03 1.149178e-01 1.650621e-05 -1.605000e-05 -1.332870e-05 9.905418e-05
12500.750223 6.476751e-01 -2.838398e-03 1.718197e-03 1.147009e-01 1.210498e-05 -4.893607e-06 -1.260572e-05 1.092273e-04
12505.535602 6.497588e-01 -2.839605e-03 1.722031e-03 1.148884e-01 3.352778e-06 -1.246232e-05 -1.913601e-05 9.946930e-05
12510.333172 6.501424e-01 -2.852096e-03 1.648891e-03 1.148670e-01 -1.887352e-07 -2.198008e-05 -3.188635e-05 9.772124e-05
12515.142935 6.493148e-01 -2.852757e-03 1.686076e-03 1.150776e-01 -2.852414e-07 -2.317421e-05 -3.342846e-05 1.027020e-04
12519.964890 6.483976e-01 -2.864287e-03 1.690291e-03 1.152204e-01 5.739928e-06 -1.926631e-05 -2.487866e-05 1.045391e-04
12524.799037 6.477842e-01 -2.867820e-03 1.682286e-03 1.152596e-01 1.165840e-05 -1.332435e-05 -2.144917e-05 1.079057e-04
12529.645375 6.416897e-01 -2.849251e-03 1.645884e-03 1.142452e-01 1.084685e-05 -1.593366e-05 -1.888061e-05 1.028469e-04
12534.503905 3.313456e-01 -1.469739e-03 8.707871e-04 5.903514e-02 6.496027e-06 -1.288007e-05 -7.589280e-06 5.243984e-05
12539.374628 6.460489e-03 -2.865885e-05 1.705828e-05 1.152422e-03 1.598232e-07 -2.426655e-07 -1.978752e-07 1.007286e-06
