# Facility: NSLS-II
# Beamline: QAS
# Year: 2023
# Cycle: 3
# SAF: 312215
# PI: Reece
# Proposal: 313586
# Scan ID: 271216
# UID: 8d5bf4ac-0da2-4fab-b42f-aecbe673ffcc
# Comment: 
# Start time: 10/18/2023  22:07:54
# Stop time: 10/18/2023  22:08:26
# Total time: 00:31
# Trajectory name: Pt-L3-30s-11564.txt
# Element: Platinum ( 78)
# Edge: L3
# E0: 11564
# Reference Foil Element: Pt
# Keithley Gains I0: 1E6 V/A It: 1E6 V/A Iref: 1E7 V/A PIPS: 1E8 V/A 
# Ion Chamber Gas Flow Rates: I0: 0.00 sccm He + 189.60 sccm N2 + 9.80 sccm Ar 
# Ion Chamber Gas Flow Rates: It&Iref: 39.70 sccm N2 + 60.10 sccm Ar
# Incident Beam Path Vertical: 31.75 mm
# Incident Slits Positions B: TOP: 2.0 mm Bottom: 1.0 mm Inboard: 0.57675 mm Outboard: 1.57675 mm
# Sample Stage Positions: Rotation: 45.0 deg Horizontal: -10.11 mm Vertical: 15.39 mm Beam Direction: 0.00 mm
# PerkinElmer Vertical Position: 500.00 mm
# Linkam Oven Temperature : 3.03 C and Ramp Rate: 20.00 C/min.
# Front End Mirror Horizontal Positions: Up: -14.00 mm Down: -14.00 mm
#
# energy  i0  it  ir  iff  aux1  aux2  aux3  aux4
11380.639917 4.208280e-01 7.212787e-03 1.177433e-02 2.528507e-02 3.468775e-06 -4.953032e-06 4.665629e-06 3.460506e-05
11385.639917 8.267661e-01 1.422745e-02 2.327670e-02 4.955029e-02 5.872956e-06 -1.373094e-05 1.097941e-05 6.700296e-05
11390.639917 8.334959e-01 1.432704e-02 2.350593e-02 4.991064e-02 1.371961e-05 -1.832259e-05 9.103258e-06 6.879026e-05
11395.639917 8.406523e-01 1.464836e-02 2.397578e-02 5.033324e-02 1.441844e-05 -1.824283e-05 5.489343e-06 7.004454e-05
11400.639917 8.388266e-01 1.486272e-02 2.433315e-02 5.019951e-02 1.225807e-05 -2.020621e-05 1.020391e-05 6.404038e-05
11405.639917 8.372913e-01 1.498169e-02 2.449909e-02 5.036115e-02 1.500249e-05 -2.837295e-05 1.334572e-05 7.044176e-05
11410.639917 8.344521e-01 1.521186e-02 2.486596e-02 5.007217e-02 1.264884e-05 -2.730386e-05 1.220170e-05 7.459409e-05
11415.639917 8.260494e-01 1.505713e-02 2.473644e-02 4.946154e-02 1.399010e-05 -2.053414e-05 4.353316e-06 7.004515e-05
11420.639917 8.259763e-01 1.512419e-02 2.488163e-02 4.966859e-02 1.646438e-05 -2.689791e-05 3.513683e-06 6.906044e-05
11425.639917 8.337475e-01 1.551822e-02 2.546948e-02 5.031134e-02 6.697098e-06 -2.002628e-05 4.526449e-06 6.921179e-05
11430.639917 8.342801e-01 1.570676e-02 2.573577e-02 5.068312e-02 1.184048e-05 -2.258603e-05 3.008632e-06 6.872619e-05
11435.639917 8.323670e-01 1.582760e-02 2.593626e-02 5.063331e-02 2.780829e-05 -2.191646e-05 5.556055e-06 5.920721e-05
11440.639917 8.315242e-01 1.598639e-02 2.618293e-02 5.083676e-02 2.880994e-05 -2.963859e-05 1.822364e-05 6.562875e-05
11445.639917 8.303069e-01 1.610446e-02 2.641319e-02 5.100880e-02 2.533051e-05 -4.112534e-05 2.349528e-05 6.914682e-05
11450.639917 8.292107e-01 1.614080e-02 2.650169e-02 5.092064e-02 1.351221e-05 -3.898749e-05 2.700203e-05 6.949554e-05
11455.639917 8.283632e-01 1.633227e-02 2.683548e-02 5.054963e-02 1.277111e-05 -4.171705e-05 1.899151e-05 6.699897e-05
11460.639917 8.271064e-01 1.644759e-02 2.704252e-02 5.092347e-02 1.701710e-05 -3.792939e-05 1.549877e-05 6.912496e-05
11465.639917 8.263472e-01 1.626047e-02 2.687448e-02 5.096364e-02 1.862532e-05 -2.590138e-05 1.809712e-05 6.414675e-05
11470.639917 8.258438e-01 1.607954e-02 2.667535e-02 5.171678e-02 1.787090e-05 -2.820025e-05 1.682651e-05 6.325869e-05
11475.639917 8.249121e-01 1.625253e-02 2.697188e-02 5.162722e-02 9.541099e-06 -3.477764e-05 2.263848e-05 7.120741e-05
11480.639917 8.235270e-01 1.664292e-02 2.754057e-02 5.180831e-02 1.318704e-05 -3.859968e-05 2.113469e-05 7.189540e-05
11485.639917 8.221139e-01 1.688118e-02 2.789345e-02 5.177304e-02 1.160972e-05 -3.252011e-05 2.080279e-05 7.482844e-05
11490.639917 8.211912e-01 1.702311e-02 2.810794e-02 5.293379e-02 8.338015e-06 -3.769987e-05 1.605470e-05 7.835727e-05
11495.639917 8.207683e-01 1.719664e-02 2.837801e-02 5.228808e-02 2.149994e-05 -3.926680e-05 2.303994e-05 8.048837e-05
11500.639917 8.196411e-01 1.725869e-02 2.855738e-02 5.197790e-02 2.485422e-05 -3.438025e-05 1.908736e-05 7.432961e-05
11505.639917 8.196453e-01 1.758820e-02 2.901920e-02 5.223566e-02 1.142926e-05 -2.651048e-05 1.913373e-05 6.968188e-05
11510.639917 8.184865e-01 1.775323e-02 2.918401e-02 5.228635e-02 1.396086e-05 -9.899043e-06 2.108241e-05 6.233687e-05
11515.639917 8.169605e-01 1.777832e-02 2.921561e-02 5.249475e-02 2.338266e-05 -1.475176e-05 1.506630e-05 5.328690e-05
11520.639917 8.158617e-01 1.773920e-02 2.918820e-02 5.279933e-02 1.632283e-05 -1.397426e-05 2.008145e-05 5.829324e-05
11525.639917 8.147953e-01 1.785792e-02 2.928757e-02 5.359379e-02 5.894028e-06 -1.262346e-05 2.025853e-05 7.656803e-05
11530.639917 8.142967e-01 1.793737e-02 2.933673e-02 6.157463e-02 2.052196e-05 -1.705414e-05 2.227567e-05 6.868287e-05
11534.000000 8.137745e-01 1.807097e-02 2.944119e-02 8.041048e-02 8.624719e-06 -1.821577e-05 2.207780e-05 7.816339e-05
11535.000000 8.136339e-01 1.811027e-02 2.941158e-02 8.535953e-02 1.181586e-05 -1.841123e-05 2.531243e-05 8.095513e-05
11536.000000 8.135115e-01 1.811197e-02 2.941244e-02 8.614002e-02 1.528899e-05 -1.372020e-05 3.053273e-05 7.572822e-05
11537.000000 8.130287e-01 1.809213e-02 2.929049e-02 8.715050e-02 8.964571e-06 -1.161971e-05 2.386827e-05 6.660644e-05
11538.000000 8.140289e-01 1.807081e-02 2.923643e-02 8.667147e-02 1.148338e-05 -1.161391e-05 2.359281e-05 7.697552e-05
11539.000000 8.135068e-01 1.797111e-02 2.908520e-02 8.383606e-02 1.862763e-05 -2.327898e-05 1.342200e-05 7.665411e-05
11540.000000 8.136166e-01 1.786400e-02 2.882959e-02 7.896283e-02 2.145165e-05 -2.416559e-05 1.604060e-05 7.193209e-05
11541.000000 8.144015e-01 1.783743e-02 2.882386e-02 7.359648e-02 3.194302e-05 -3.788911e-05 1.583467e-05 3.808812e-05
11541.200000 8.076366e-01 1.774849e-02 2.837151e-02 7.365809e-02 2.573451e-05 -3.810932e-05 1.852777e-05 3.487003e-05
11541.400000 8.206540e-01 1.797517e-02 2.907226e-02 7.331732e-02 3.508456e-05 -4.116548e-05 1.222721e-05 6.328899e-05
11541.600000 8.121940e-01 1.772024e-02 2.839737e-02 7.239383e-02 3.516652e-05 -2.363669e-05 2.710143e-05 7.245985e-05
11541.800000 8.056829e-01 1.777168e-02 2.854323e-02 7.140437e-02 1.671188e-05 -1.595669e-05 1.610543e-05 5.249271e-05
11542.000000 8.147684e-01 1.779242e-02 2.867631e-02 7.077399e-02 3.219468e-05 -2.203748e-05 2.435162e-05 6.005465e-05
11542.200000 8.102636e-01 1.792325e-02 2.853081e-02 7.105913e-02 2.431831e-05 -2.005004e-05 1.389106e-05 6.497256e-05
11542.400000 8.138947e-01 1.791825e-02 2.864888e-02 7.097396e-02 3.346793e-05 -1.973124e-05 9.683502e-06 6.668289e-05
11542.600000 8.106136e-01 1.786280e-02 2.874890e-02 7.244858e-02 2.474712e-05 -1.872127e-05 1.427279e-05 7.110132e-05
11542.800000 8.125965e-01 1.805164e-02 2.871406e-02 6.918838e-02 2.226573e-05 -2.053094e-05 2.409839e-05 7.059608e-05
11543.000000 8.143991e-01 1.804314e-02 2.922400e-02 6.752614e-02 3.887403e-05 -2.314423e-05 1.916554e-05 6.272594e-05
11543.200000 8.140257e-01 1.821943e-02 2.886066e-02 6.560258e-02 1.122407e-05 -9.845352e-06 8.446501e-06 7.299471e-05
11543.400000 8.081379e-01 1.797627e-02 2.893782e-02 6.455526e-02 2.968971e-05 -1.239937e-05 2.787963e-05 6.439768e-05
11543.600000 8.216508e-01 1.845299e-02 2.905779e-02 6.742266e-02 2.547298e-05 -8.371729e-06 1.376555e-05 5.928163e-05
11543.800000 8.074482e-01 1.812415e-02 2.884862e-02 6.524688e-02 2.612025e-05 -5.923325e-06 2.964182e-05 7.800275e-05
11544.000000 8.119194e-01 1.819557e-02 2.928342e-02 6.462363e-02 3.435574e-05 -1.748490e-05 2.273484e-05 8.228041e-05
11544.200000 8.109161e-01 1.832010e-02 2.881898e-02 6.166819e-02 2.980141e-05 -1.336036e-05 1.433704e-05 6.840224e-05
11544.400000 7.993976e-01 1.800477e-02 2.847731e-02 5.662192e-02 4.313063e-05 -8.686255e-06 3.261196e-05 6.632346e-05
11544.600000 8.188046e-01 1.861406e-02 2.917085e-02 6.050162e-02 2.808981e-05 -7.180012e-06 2.465200e-05 7.424421e-05
11544.800000 8.157261e-01 1.841743e-02 2.889979e-02 5.936872e-02 4.214422e-05 -6.089647e-06 3.293071e-05 7.444767e-05
11545.000000 8.113303e-01 1.840761e-02 2.910819e-02 5.833330e-02 2.353530e-05 -9.452956e-06 2.574291e-05 6.496526e-05
11545.200000 8.106580e-01 1.835458e-02 2.915701e-02 5.981943e-02 2.202832e-05 -8.873673e-06 5.838396e-06 6.562007e-05
11545.400000 8.083902e-01 1.842037e-02 2.906322e-02 5.603552e-02 1.295399e-05 -2.236504e-05 -3.776471e-06 6.860771e-05
11545.600000 8.126886e-01 1.854250e-02 2.926238e-02 5.598055e-02 1.868490e-05 -2.914314e-05 -7.777340e-06 5.833573e-05
11545.800000 8.117047e-01 1.849050e-02 2.898385e-02 5.915741e-02 1.558818e-05 -1.232978e-05 4.394277e-06 7.963595e-05
11546.000000 8.171975e-01 1.868755e-02 2.928857e-02 5.791910e-02 1.424561e-06 -6.011922e-06 -5.846446e-06 8.671120e-05
11546.200000 7.972698e-01 1.810686e-02 2.857922e-02 5.544646e-02 1.968331e-05 -3.519394e-06 -1.451951e-05 7.535690e-05
11546.400000 8.268663e-01 1.894940e-02 2.948378e-02 5.835294e-02 4.768201e-06 -6.261774e-06 4.815747e-07 7.858268e-05
11546.600000 7.939196e-01 1.810012e-02 2.873742e-02 5.527304e-02 2.819173e-05 -1.191846e-05 -5.379070e-06 7.184274e-05
11546.800000 8.179062e-01 1.880554e-02 2.947320e-02 5.671205e-02 2.077677e-05 -1.511053e-05 2.306362e-06 7.097601e-05
11547.000000 8.108277e-01 1.854503e-02 2.905951e-02 5.636113e-02 1.928511e-05 -1.029117e-05 1.674773e-05 6.933279e-05
11547.200000 8.116726e-01 1.861463e-02 2.897053e-02 5.612282e-02 2.736071e-05 -1.075250e-05 6.448768e-06 7.138671e-05
11547.400000 8.167665e-01 1.878386e-02 2.916514e-02 5.656466e-02 3.177167e-05 -1.761423e-05 2.474508e-06 5.766346e-05
11547.600000 8.122470e-01 1.851169e-02 2.871485e-02 5.736298e-02 3.516333e-05 -2.001825e-05 1.015892e-05 5.973204e-05
11547.800000 8.079778e-01 1.863865e-02 2.891158e-02 5.781448e-02 1.632971e-05 -2.768687e-05 4.701285e-06 5.479722e-05
11548.000000 8.086873e-01 1.848933e-02 2.880592e-02 5.617867e-02 2.044333e-05 -2.578116e-05 9.830698e-08 5.830451e-05
11548.200000 8.203668e-01 1.892439e-02 2.916676e-02 5.660558e-02 1.992224e-05 -2.471474e-05 -3.125732e-06 6.463726e-05
11548.400000 8.131999e-01 1.863089e-02 2.875856e-02 5.742617e-02 3.978700e-05 -1.166468e-05 1.268795e-05 6.091965e-05
11548.600000 8.073660e-01 1.858525e-02 2.884423e-02 5.881747e-02 2.833331e-05 -2.763516e-05 1.783758e-05 5.331289e-05
11548.800000 8.216924e-01 1.885351e-02 2.894175e-02 5.648569e-02 2.052440e-05 -2.430937e-05 2.494034e-05 5.776551e-05
11549.000000 8.041406e-01 1.844371e-02 2.840881e-02 5.425181e-02 2.485550e-05 -2.852057e-05 1.852199e-05 4.760880e-05
11549.200000 8.040985e-01 1.854578e-02 2.825581e-02 5.717994e-02 1.020295e-05 -3.200813e-05 1.652942e-05 4.444088e-05
11549.400000 8.116582e-01 1.859435e-02 2.863070e-02 5.689583e-02 2.167594e-05 -2.467069e-05 1.702315e-05 4.827216e-05
11549.600000 8.111810e-01 1.870838e-02 2.855863e-02 5.680070e-02 8.487094e-06 -2.391477e-05 1.517333e-05 5.564112e-05
11549.800000 8.160874e-01 1.865577e-02 2.856960e-02 5.561603e-02 1.733848e-05 -2.820832e-05 1.161611e-05 5.654822e-05
11550.000000 8.089443e-01 1.868904e-02 2.859041e-02 5.764443e-02 1.798251e-06 -3.536107e-05 5.176283e-06 5.694397e-05
11550.200000 8.160269e-01 1.872731e-02 2.859106e-02 5.935122e-02 1.783338e-05 -3.136257e-05 2.241841e-05 6.134786e-05
11550.400000 8.088869e-01 1.867913e-02 2.813834e-02 5.770021e-02 1.435837e-05 -3.930603e-05 2.359803e-05 7.199420e-05
11550.600000 8.123329e-01 1.865649e-02 2.835145e-02 5.858957e-02 2.853653e-05 -3.327512e-05 1.939192e-05 6.153240e-05
11550.800000 8.146238e-01 1.880279e-02 2.851463e-02 5.728765e-02 1.656192e-05 -2.673226e-05 2.953198e-05 5.120091e-05
11551.000000 8.116476e-01 1.869615e-02 2.826894e-02 5.754724e-02 1.126039e-05 -1.722138e-05 2.602083e-05 6.363222e-05
11551.200000 8.115817e-01 1.874007e-02 2.793692e-02 5.912147e-02 1.705612e-05 -1.414097e-05 3.436532e-05 6.308548e-05
11551.400000 8.110333e-01 1.869085e-02 2.814562e-02 5.706637e-02 1.855336e-05 -1.380583e-05 2.560336e-05 4.142293e-05
11551.600000 8.119156e-01 1.873932e-02 2.823205e-02 5.493330e-02 2.163255e-05 -1.691189e-05 3.023635e-05 3.764582e-05
11551.800000 8.172942e-01 1.885361e-02 2.865586e-02 5.955051e-02 1.823503e-05 -1.964467e-05 2.225437e-05 2.938622e-05
11552.000000 8.067298e-01 1.863204e-02 2.781267e-02 5.964749e-02 1.273846e-05 -1.714441e-05 2.168501e-05 4.553646e-05
11552.200000 8.158080e-01 1.887319e-02 2.811645e-02 5.804371e-02 5.932211e-06 -2.395510e-05 2.461810e-05 6.297663e-05
11552.400000 8.085614e-01 1.869251e-02 2.789868e-02 5.885101e-02 2.273128e-05 -3.170383e-05 1.814162e-05 6.092476e-05
11552.600000 8.135221e-01 1.885799e-02 2.790531e-02 5.757753e-02 3.620922e-05 -1.738175e-05 1.152467e-05 5.829995e-05
11552.800000 8.096280e-01 1.876939e-02 2.764742e-02 5.942826e-02 3.136436e-05 -1.603218e-05 1.506376e-05 5.663915e-05
11553.000000 8.136173e-01 1.893663e-02 2.778862e-02 5.868814e-02 1.724423e-05 -1.760474e-05 2.569650e-05 7.170295e-05
11553.200000 8.104540e-01 1.877092e-02 2.753950e-02 5.813079e-02 3.389917e-05 -2.352333e-05 4.609587e-05 7.659041e-05
11553.400000 8.094686e-01 1.883909e-02 2.769288e-02 5.812160e-02 2.333815e-05 -2.195746e-05 4.012005e-05 7.769631e-05
11553.600000 8.108943e-01 1.883885e-02 2.742984e-02 5.949070e-02 3.607382e-05 -1.863925e-05 4.156772e-05 8.582239e-05
11553.800000 8.071908e-01 1.879408e-02 2.725969e-02 5.858561e-02 2.551615e-05 -1.124592e-05 2.144101e-05 7.761819e-05
11554.000000 8.131927e-01 1.892202e-02 2.734723e-02 6.092441e-02 2.158989e-05 -1.715902e-05 1.298480e-05 7.116543e-05
11554.200000 8.082998e-01 1.880252e-02 2.691061e-02 5.999315e-02 2.614586e-05 -2.343485e-05 2.884973e-05 8.312349e-05
11554.400000 8.085771e-01 1.880219e-02 2.699983e-02 5.996820e-02 1.662994e-05 -2.962676e-05 2.626252e-05 8.468403e-05
11554.600000 8.139990e-01 1.890138e-02 2.696992e-02 5.927081e-02 1.015494e-05 -1.878413e-05 1.725229e-05 8.350212e-05
11554.800000 8.109741e-01 1.886208e-02 2.656085e-02 5.965571e-02 2.238251e-05 -2.065074e-05 2.091876e-05 7.682483e-05
11555.000000 8.071082e-01 1.875669e-02 2.675383e-02 6.058320e-02 2.492862e-05 -2.035248e-05 1.865134e-05 7.001545e-05
11555.200000 8.154981e-01 1.896228e-02 2.664362e-02 6.062381e-02 1.886901e-05 -1.967173e-05 1.663169e-05 6.609301e-05
11555.400000 8.060920e-01 1.873660e-02 2.626747e-02 6.021931e-02 2.214939e-05 -2.173571e-05 1.534660e-05 6.812646e-05
11555.600000 8.101669e-01 1.889404e-02 2.634264e-02 6.410324e-02 1.301301e-05 -1.942672e-05 5.293421e-06 6.164254e-05
11555.800000 8.080829e-01 1.879719e-02 2.613588e-02 6.159678e-02 1.930671e-05 -1.598019e-05 3.898622e-06 6.666441e-05
11556.000000 8.129270e-01 1.896719e-02 2.607087e-02 6.101952e-02 8.226738e-06 -5.966056e-06 5.974847e-06 6.610141e-05
11556.200000 8.113248e-01 1.887882e-02 2.587472e-02 6.283418e-02 2.015964e-05 -6.126971e-06 1.521899e-05 7.371408e-05
11556.400000 8.102262e-01 1.891528e-02 2.544794e-02 6.142414e-02 1.922455e-05 -1.041306e-05 2.026478e-05 7.043841e-05
11556.600000 8.106006e-01 1.884278e-02 2.563010e-02 6.145304e-02 3.231512e-05 -1.998635e-05 1.878982e-05 6.104361e-05
11556.800000 8.105890e-01 1.891005e-02 2.528581e-02 6.467160e-02 2.060884e-05 -2.042104e-05 2.987736e-05 6.704874e-05
11557.000000 8.067586e-01 1.874616e-02 2.478361e-02 6.231088e-02 2.889022e-05 -2.751342e-05 9.149431e-06 6.785107e-05
11557.200000 8.144630e-01 1.898280e-02 2.496256e-02 6.235459e-02 1.904528e-05 -2.659041e-05 2.088658e-06 6.094923e-05
11557.400000 8.076592e-01 1.879330e-02 2.442041e-02 6.362606e-02 3.275230e-05 -3.717616e-05 4.789561e-06 5.410182e-05
11557.600000 8.068144e-01 1.883861e-02 2.418869e-02 6.396921e-02 2.266916e-05 -3.962199e-05 1.208920e-05 5.502700e-05
11557.800000 8.121896e-01 1.889264e-02 2.414761e-02 6.489548e-02 2.882809e-05 -3.092730e-05 3.646873e-06 4.816067e-05
11558.000000 8.138006e-01 1.898922e-02 2.408731e-02 6.550439e-02 1.916882e-05 -2.548964e-05 6.919112e-06 4.992543e-05
11558.200000 8.045364e-01 1.873081e-02 2.343579e-02 6.747423e-02 1.565700e-05 -1.867025e-05 7.181463e-06 5.379797e-05
11558.400000 8.152238e-01 1.897096e-02 2.338400e-02 6.785251e-02 1.752816e-05 -2.510852e-05 5.717730e-06 4.788618e-05
11558.600000 8.091148e-01 1.889138e-02 2.310859e-02 6.515783e-02 7.579267e-06 -2.463661e-05 1.001563e-05 5.142906e-05
11558.800000 8.127231e-01 1.887412e-02 2.289620e-02 6.927905e-02 1.746490e-05 -2.399971e-05 4.529843e-06 3.667202e-05
11559.000000 8.075947e-01 1.882936e-02 2.263671e-02 6.636313e-02 1.437839e-05 -1.976341e-05 2.012060e-05 2.917574e-05
11559.200000 8.126084e-01 1.882914e-02 2.216730e-02 7.102976e-02 2.555766e-05 -2.592281e-05 1.292551e-05 5.316670e-05
11559.400000 8.094922e-01 1.884300e-02 2.151086e-02 6.895571e-02 8.620166e-06 -2.288066e-05 1.784455e-05 6.977211e-05
11559.600000 8.093129e-01 1.871807e-02 2.131961e-02 6.842456e-02 1.397500e-05 -2.696735e-05 9.237362e-06 7.468727e-05
11559.800000 8.096027e-01 1.887261e-02 2.089624e-02 7.001081e-02 9.259082e-06 -2.396988e-05 2.423267e-05 7.875641e-05
11560.000000 8.111968e-01 1.886631e-02 2.068818e-02 7.255963e-02 2.233796e-05 -1.596246e-05 2.079283e-05 8.680069e-05
11560.200000 8.119288e-01 1.886590e-02 2.008502e-02 7.393328e-02 3.876605e-06 -1.688556e-05 2.010626e-05 8.045986e-05
11560.400000 8.097708e-01 1.884598e-02 1.964207e-02 7.145945e-02 -2.036470e-06 -8.642949e-06 3.578477e-05 7.346199e-05
11560.600000 8.100831e-01 1.871959e-02 1.902076e-02 7.472573e-02 1.454084e-05 -1.488029e-05 3.362960e-05 7.178778e-05
11560.800000 8.103473e-01 1.885270e-02 1.844123e-02 7.532751e-02 4.896896e-06 -1.725569e-06 2.350096e-05 9.382649e-05
11561.000000 8.087848e-01 1.875876e-02 1.812754e-02 7.690389e-02 1.633787e-05 -1.070121e-05 2.496411e-05 8.139484e-05
11561.200000 8.099198e-01 1.878739e-02 1.740969e-02 7.669320e-02 2.139928e-05 -1.170248e-05 1.029725e-05 7.959355e-05
11561.400000 8.080067e-01 1.880143e-02 1.688110e-02 7.966839e-02 1.525887e-05 -4.300381e-06 8.843383e-06 7.152865e-05
11561.600000 8.111045e-01 1.884072e-02 1.609228e-02 8.093812e-02 1.591496e-05 -2.904915e-06 9.959839e-06 7.357340e-05
11561.800000 8.125708e-01 1.887557e-02 1.565522e-02 8.215509e-02 5.390296e-06 -2.436025e-06 2.089844e-05 8.202035e-05
11562.000000 8.067836e-01 1.877946e-02 1.498159e-02 8.461312e-02 9.932308e-06 -1.491820e-05 3.097306e-05 8.388920e-05
11562.200000 8.124481e-01 1.884175e-02 1.438753e-02 8.594438e-02 2.203772e-05 -1.771401e-05 3.118952e-05 8.528283e-05
11562.400000 8.120376e-01 1.881391e-02 1.357680e-02 8.766730e-02 1.983050e-05 -8.159299e-06 1.303167e-05 8.774053e-05
11562.600000 8.052135e-01 1.870935e-02 1.288639e-02 8.878365e-02 1.615565e-05 -1.471308e-05 1.760706e-05 1.006006e-04
11562.800000 8.122982e-01 1.885732e-02 1.230752e-02 9.291365e-02 2.077859e-05 -2.348023e-05 1.471107e-05 9.815877e-05
11563.000000 8.098357e-01 1.879177e-02 1.149147e-02 9.803414e-02 2.517691e-05 -2.419253e-05 1.706763e-05 8.107628e-05
11563.200000 8.082639e-01 1.882251e-02 1.096646e-02 9.647341e-02 1.933995e-05 -3.278184e-05 1.995139e-05 4.509179e-05
11563.400000 8.094372e-01 1.883279e-02 1.010744e-02 1.008864e-01 1.502018e-05 -2.177518e-05 1.687031e-05 4.438673e-05
11563.600000 8.122706e-01 1.884979e-02 9.606953e-03 1.032989e-01 1.186025e-05 -2.415860e-05 2.696936e-05 6.840701e-05
11563.800000 8.090361e-01 1.875080e-02 8.921996e-03 1.067118e-01 5.720474e-06 -1.341461e-05 2.190647e-05 9.542141e-05
11564.000000 8.050358e-01 1.872042e-02 8.317639e-03 1.091326e-01 -1.902889e-06 -1.647557e-05 1.435585e-05 7.423076e-05
11564.200000 8.118107e-01 1.877513e-02 7.722562e-03 1.132622e-01 9.242233e-06 -1.506936e-05 2.665853e-05 6.733624e-05
11564.400000 8.103530e-01 1.870309e-02 7.260987e-03 1.175378e-01 2.335719e-05 -2.350507e-05 2.333224e-05 9.394224e-05
11564.600000 8.065278e-01 1.874173e-02 6.909771e-03 1.208942e-01 2.002545e-05 -2.339479e-05 1.327958e-05 8.812087e-05
11564.800000 8.124375e-01 1.883244e-02 6.514360e-03 1.242237e-01 2.465185e-05 -2.152489e-05 1.831828e-05 6.846342e-05
11565.000000 8.080368e-01 1.866759e-02 5.983800e-03 1.268270e-01 2.709277e-05 -2.091078e-05 1.360334e-05 6.512686e-05
11565.200000 8.051684e-01 1.857573e-02 5.772030e-03 1.310612e-01 2.921096e-05 -2.454956e-05 1.996916e-05 9.308216e-05
11565.400000 8.113066e-01 1.868367e-02 5.643867e-03 1.338904e-01 2.745764e-05 -2.419468e-05 2.712762e-05 9.742819e-05
11565.600000 8.104621e-01 1.870484e-02 5.565613e-03 1.359283e-01 2.141554e-05 -2.253316e-05 2.139756e-05 9.073835e-05
11565.800000 8.096394e-01 1.862684e-02 4.944749e-03 1.387906e-01 2.590684e-05 -1.917347e-05 1.202183e-05 9.659954e-05
11566.000000 8.092288e-01 1.861174e-02 4.935120e-03 1.422204e-01 2.102806e-05 -7.895233e-06 9.863499e-06 8.129561e-05
11566.200000 8.097957e-01 1.864130e-02 4.911421e-03 1.437899e-01 2.923781e-05 -1.032908e-05 1.049127e-05 8.062005e-05
11566.400000 8.081942e-01 1.856302e-02 4.765713e-03 1.462849e-01 2.595251e-05 -1.693575e-05 1.993110e-05 6.514781e-05
11566.600000 8.109860e-01 1.863635e-02 4.805860e-03 1.484478e-01 1.689627e-05 -3.204217e-05 1.223470e-06 5.935670e-05
11566.800000 8.078659e-01 1.853269e-02 4.926452e-03 1.489862e-01 2.210636e-05 -2.896193e-05 -2.130149e-07 6.246799e-05
11567.000000 8.101618e-01 1.861959e-02 4.820431e-03 1.519148e-01 2.215343e-05 -1.682305e-05 5.731570e-06 8.155658e-05
11567.200000 8.093747e-01 1.860953e-02 4.887147e-03 1.516834e-01 1.195227e-05 -1.954924e-05 -8.222252e-06 9.286088e-05
11567.400000 8.097526e-01 1.864068e-02 4.959188e-03 1.538654e-01 9.688105e-06 -2.356866e-05 -9.324463e-07 7.730079e-05
11567.600000 8.079576e-01 1.857359e-02 4.945018e-03 1.539029e-01 1.357966e-05 -2.416354e-05 -2.542744e-06 6.668332e-05
11567.800000 8.083363e-01 1.859074e-02 4.948905e-03 1.518988e-01 1.940371e-05 -2.272324e-05 1.417696e-06 7.682520e-05
11568.000000 8.077658e-01 1.858741e-02 5.000168e-03 1.527168e-01 1.603987e-05 -2.329551e-05 9.061243e-06 7.986452e-05
11568.200000 8.104288e-01 1.863620e-02 5.052339e-03 1.534763e-01 2.711359e-05 -1.956394e-05 1.074252e-05 7.998528e-05
11568.400000 8.053062e-01 1.862033e-02 5.030639e-03 1.548895e-01 1.577259e-05 -2.036826e-05 2.637028e-05 7.948337e-05
11568.600000 8.100071e-01 1.867807e-02 5.282058e-03 1.543052e-01 1.900514e-05 -2.744688e-05 1.778044e-05 7.416587e-05
11568.800000 8.093770e-01 1.867482e-02 5.422858e-03 1.528723e-01 1.862438e-05 -3.457343e-05 1.410045e-05 6.627042e-05
11569.000000 8.078620e-01 1.864026e-02 5.551165e-03 1.524715e-01 1.318377e-05 -3.583716e-05 3.360126e-06 6.953648e-05
11569.200000 8.072614e-01 1.867229e-02 5.697361e-03 1.510700e-01 1.521519e-05 -3.156136e-05 4.707084e-06 8.369148e-05
11569.400000 8.086830e-01 1.867469e-02 5.776378e-03 1.529270e-01 1.516236e-05 -2.249878e-05 4.586472e-06 8.509799e-05
11569.600000 8.074699e-01 1.863262e-02 5.991643e-03 1.516945e-01 2.088198e-05 -1.966711e-05 1.782302e-05 8.646544e-05
11569.800000 8.080439e-01 1.866468e-02 6.018725e-03 1.503091e-01 1.570905e-05 -2.360311e-05 2.653131e-05 7.475575e-05
11570.000000 8.103780e-01 1.873456e-02 6.050561e-03 1.494935e-01 1.440986e-05 -2.811520e-05 2.073067e-05 7.090742e-05
11570.200000 8.081378e-01 1.866924e-02 5.925782e-03 1.487028e-01 1.322854e-05 -2.776458e-05 1.636659e-05 6.976035e-05
11570.400000 8.095126e-01 1.867856e-02 6.305885e-03 1.464989e-01 1.946659e-05 -3.378353e-05 1.605128e-05 6.721746e-05
11570.600000 8.087850e-01 1.858283e-02 5.869441e-03 1.469766e-01 1.739584e-05 -3.368368e-05 2.643861e-05 8.090554e-05
11570.800000 8.080620e-01 1.862780e-02 6.281395e-03 1.458419e-01 1.173690e-05 -3.410446e-05 1.647321e-05 7.467320e-05
11571.000000 8.075133e-01 1.858419e-02 6.124855e-03 1.444613e-01 1.929864e-05 -3.950007e-05 7.652252e-06 7.241911e-05
11571.200000 8.098819e-01 1.863766e-02 6.305948e-03 1.435538e-01 2.512984e-05 -4.089064e-05 2.313886e-05 7.912822e-05
11571.400000 8.083318e-01 1.859802e-02 6.291759e-03 1.416847e-01 3.162680e-05 -4.279389e-05 1.348252e-05 7.967255e-05
11571.600000 8.088175e-01 1.862894e-02 6.464148e-03 1.422022e-01 3.285436e-05 -4.278365e-05 1.606718e-05 8.415121e-05
11571.800000 8.078107e-01 1.862090e-02 6.607537e-03 1.405121e-01 2.697961e-05 -3.998699e-05 3.235005e-05 7.920569e-05
11572.000000 8.089156e-01 1.864594e-02 6.582514e-03 1.395063e-01 2.264033e-05 -3.719376e-05 3.699320e-05 8.042679e-05
11572.200000 8.083371e-01 1.863757e-02 6.547865e-03 1.387663e-01 2.710594e-05 -3.163708e-05 4.258600e-05 7.115514e-05
11572.400000 8.071217e-01 1.861637e-02 6.872851e-03 1.383548e-01 2.846563e-05 -2.538248e-05 4.546681e-05 6.298891e-05
11572.600000 8.054991e-01 1.856947e-02 6.691446e-03 1.366286e-01 3.428572e-05 -1.425887e-05 3.958333e-05 7.336373e-05
11572.800000 8.091548e-01 1.868027e-02 6.706198e-03 1.372452e-01 3.790874e-05 -2.623637e-05 3.578169e-05 6.784626e-05
11573.000000 8.085688e-01 1.869942e-02 6.771735e-03 1.361856e-01 2.647416e-05 -3.059063e-05 2.987262e-05 6.096077e-05
11573.200000 8.067297e-01 1.868644e-02 6.736880e-03 1.350466e-01 1.094726e-05 -2.926748e-05 2.798105e-05 7.280250e-05
11573.400000 8.088465e-01 1.873793e-02 7.015928e-03 1.349918e-01 1.194048e-05 -2.660897e-05 2.720745e-05 7.840832e-05
11573.600000 8.089904e-01 1.873867e-02 7.038551e-03 1.349007e-01 2.320778e-05 -2.514412e-05 2.499560e-05 7.414754e-05
11573.800000 8.085052e-01 1.873272e-02 6.909272e-03 1.339929e-01 2.888467e-05 -3.556771e-05 2.612567e-05 9.118144e-05
11574.000000 8.034036e-01 1.864030e-02 6.965486e-03 1.321742e-01 3.878468e-05 -3.296180e-05 2.700184e-05 7.087629e-05
11574.200000 8.072718e-01 1.877168e-02 7.017705e-03 1.332493e-01 3.044818e-05 -2.266934e-05 1.788327e-05 7.578087e-05
11574.400000 8.087643e-01 1.880664e-02 6.980729e-03 1.325263e-01 3.673799e-05 -1.845393e-05 1.833190e-05 7.991139e-05
11574.600000 8.087678e-01 1.883205e-02 7.000080e-03 1.319723e-01 2.975074e-05 -2.728103e-05 1.809325e-05 7.152014e-05
11574.800000 8.089751e-01 1.886194e-02 6.993989e-03 1.316331e-01 2.492268e-05 -2.263288e-05 1.177367e-05 6.603101e-05
11575.000000 8.086299e-01 1.888857e-02 7.162849e-03 1.312052e-01 1.617283e-05 -2.583915e-05 5.804149e-07 5.027532e-05
11575.200000 8.080734e-01 1.888616e-02 7.127369e-03 1.307066e-01 1.441496e-05 -3.182379e-05 1.741473e-05 6.705171e-05
11575.400000 8.081528e-01 1.887470e-02 7.091416e-03 1.300571e-01 1.659330e-05 -2.042418e-05 1.654063e-05 8.215891e-05
11575.600000 8.077390e-01 1.893316e-02 7.358952e-03 1.299850e-01 1.663764e-05 -1.816411e-05 1.818051e-05 7.672611e-05
11575.800000 8.082427e-01 1.894252e-02 7.155328e-03 1.298446e-01 2.334262e-05 -2.264911e-05 2.594445e-05 9.381220e-05
11576.000000 8.085415e-01 1.889717e-02 7.137787e-03 1.301624e-01 1.630451e-05 -2.928886e-05 2.497850e-05 9.770019e-05
11576.200000 8.065471e-01 1.884062e-02 7.221534e-03 1.305196e-01 1.155864e-05 -2.724148e-05 1.482833e-05 8.283663e-05
11576.400000 8.077677e-01 1.893262e-02 7.140277e-03 1.291413e-01 1.410054e-05 -2.518777e-05 1.104069e-05 8.328953e-05
11576.600000 8.073740e-01 1.896410e-02 7.143232e-03 1.286674e-01 1.408135e-05 -2.467347e-05 2.385429e-05 9.037186e-05
11576.800000 8.077672e-01 1.898344e-02 7.224943e-03 1.291995e-01 5.111804e-06 -1.340208e-05 9.825025e-06 8.954906e-05
11577.000000 8.074292e-01 1.898278e-02 7.197793e-03 1.279389e-01 4.501140e-06 -2.545867e-05 1.188985e-05 9.069839e-05
11577.200000 8.064922e-01 1.896407e-02 6.988190e-03 1.291164e-01 1.735228e-05 -2.089144e-05 8.509068e-06 8.926353e-05
11577.400000 8.077205e-01 1.900598e-02 7.100608e-03 1.295651e-01 2.914030e-05 -1.823552e-05 1.325822e-05 8.551934e-05
11577.600000 8.077291e-01 1.902556e-02 7.233287e-03 1.289670e-01 2.065501e-05 -1.910847e-05 7.957051e-06 7.221696e-05
11577.800000 8.087216e-01 1.909672e-02 7.208690e-03 1.286959e-01 1.874868e-05 -2.308467e-05 -3.221906e-06 7.276149e-05
11578.000000 8.067237e-01 1.906464e-02 7.050173e-03 1.284532e-01 1.181842e-05 -2.123463e-05 -7.019065e-06 8.575292e-05
11578.200000 8.074202e-01 1.910283e-02 6.965412e-03 1.293210e-01 1.327340e-05 -3.147414e-05 -5.464500e-06 6.604162e-05
11578.400000 8.081659e-01 1.914586e-02 7.057247e-03 1.285423e-01 2.219167e-05 -3.242382e-05 -1.768253e-06 5.725546e-05
11578.600000 8.059766e-01 1.911903e-02 7.167753e-03 1.294790e-01 2.115182e-05 -1.922110e-05 9.863922e-06 5.452976e-05
11578.800000 8.073853e-01 1.913205e-02 7.065497e-03 1.286240e-01 2.836917e-05 -8.927808e-06 8.280125e-06 7.475078e-05
11579.000000 8.074866e-01 1.914140e-02 7.081885e-03 1.296903e-01 3.197322e-05 -1.051699e-05 6.312822e-06 6.930222e-05
11579.200000 8.073572e-01 1.911770e-02 6.751101e-03 1.294544e-01 1.911052e-05 -7.358903e-06 5.358868e-06 8.977086e-05
11579.400000 8.071949e-01 1.912069e-02 6.906211e-03 1.290188e-01 2.073680e-05 -1.328494e-05 -5.959460e-06 8.002672e-05
11579.600000 8.071431e-01 1.910239e-02 6.890084e-03 1.286756e-01 1.742373e-05 -1.427930e-05 -6.478827e-06 7.702192e-05
11579.800000 8.066603e-01 1.912063e-02 6.873590e-03 1.283596e-01 1.428574e-05 -2.322406e-05 -9.933788e-07 8.814148e-05
11580.000000 8.060575e-01 1.908079e-02 6.848370e-03 1.292435e-01 1.704167e-05 -1.944641e-05 -2.757703e-06 9.622765e-05
11580.200000 8.060113e-01 1.906953e-02 6.835209e-03 1.296755e-01 1.521558e-05 -1.285275e-05 -9.144110e-06 8.591439e-05
11580.400000 8.062590e-01 1.910987e-02 6.886125e-03 1.282497e-01 1.214118e-05 -1.649233e-05 -5.456001e-06 7.962758e-05
11580.600000 8.048194e-01 1.908993e-02 6.619570e-03 1.301026e-01 1.760591e-05 -2.051668e-05 4.239552e-07 7.791312e-05
11580.800000 8.059454e-01 1.908773e-02 6.908957e-03 1.297650e-01 2.457926e-05 -2.400165e-05 3.826611e-06 6.547386e-05
11581.000000 8.075337e-01 1.917082e-02 6.922284e-03 1.293221e-01 2.970750e-05 -2.267725e-05 -7.259910e-06 6.551545e-05
11581.200000 8.069861e-01 1.913920e-02 6.949519e-03 1.289897e-01 2.451357e-05 -2.096131e-05 1.987272e-06 6.255397e-05
11581.400000 8.074386e-01 1.916715e-02 6.826641e-03 1.294598e-01 1.975040e-05 -1.157863e-05 4.506635e-06 6.555790e-05
11581.600000 8.079215e-01 1.918448e-02 6.845375e-03 1.290521e-01 2.856112e-05 -5.846676e-06 -5.430853e-06 6.402312e-05
11581.800000 8.065326e-01 1.916967e-02 6.926586e-03 1.300644e-01 2.108270e-05 -2.481441e-06 4.501318e-06 6.456615e-05
11582.000000 8.075158e-01 1.924773e-02 6.962695e-03 1.286352e-01 1.997766e-05 -9.956164e-06 2.880991e-05 8.097671e-05
11582.200000 8.071276e-01 1.921951e-02 7.008068e-03 1.285758e-01 2.240115e-05 -8.427705e-06 6.240184e-06 7.708363e-05
11582.400000 8.068729e-01 1.921423e-02 6.771254e-03 1.290329e-01 2.202200e-05 -5.560579e-06 2.951985e-06 7.686906e-05
11582.600000 8.070619e-01 1.922513e-02 6.936956e-03 1.295802e-01 2.033251e-05 -7.220175e-06 -1.481956e-05 6.812735e-05
11582.800000 8.073087e-01 1.922522e-02 7.001631e-03 1.292395e-01 2.120979e-05 1.678738e-07 -2.221682e-05 7.116490e-05
11583.000000 8.044960e-01 1.921688e-02 6.961018e-03 1.287037e-01 2.572470e-05 -4.799340e-06 -1.703495e-05 7.738674e-05
11583.200000 8.077740e-01 1.927337e-02 7.097956e-03 1.298106e-01 1.021869e-05 1.495273e-06 -9.543127e-06 7.640000e-05
11583.400000 8.034158e-01 1.919737e-02 7.359555e-03 1.282341e-01 2.122435e-05 1.714553e-06 2.799136e-06 8.196183e-05
11583.600000 8.081377e-01 1.927938e-02 7.320089e-03 1.296816e-01 2.762910e-05 -2.791304e-06 -3.559052e-06 8.443842e-05
11583.800000 8.024064e-01 1.914357e-02 7.100328e-03 1.274459e-01 1.853939e-05 2.599256e-06 -7.787126e-06 8.273708e-05
11584.000000 8.071277e-01 1.926024e-02 7.133147e-03 1.290173e-01 3.153064e-05 9.476861e-06 -1.056479e-05 6.958007e-05
11584.200000 8.021567e-01 1.914239e-02 7.196774e-03 1.254447e-01 3.822755e-05 1.534631e-06 -2.240997e-05 5.005976e-05
11584.400000 8.093387e-01 1.930618e-02 7.361715e-03 1.284437e-01 4.283678e-05 -5.727003e-06 -1.674836e-05 7.728626e-05
11584.600000 8.019276e-01 1.916472e-02 7.147813e-03 1.265324e-01 3.496957e-05 -1.444862e-06 -1.690344e-05 7.015485e-05
11584.800000 8.078833e-01 1.930554e-02 7.368024e-03 1.278545e-01 3.890971e-05 -4.650398e-06 -1.006805e-05 6.725944e-05
11585.000000 8.078062e-01 1.932978e-02 7.404129e-03 1.279803e-01 3.720110e-05 -9.756142e-06 1.916087e-06 8.168902e-05
11585.200000 8.056535e-01 1.927198e-02 7.617564e-03 1.286840e-01 3.877109e-05 -2.149820e-07 -7.497338e-06 7.766432e-05
11585.400000 8.093288e-01 1.934136e-02 7.374624e-03 1.280415e-01 2.857299e-05 5.724934e-06 -1.010070e-05 5.457188e-05
11585.600000 8.066017e-01 1.929278e-02 7.401521e-03 1.263995e-01 2.851150e-05 -6.149845e-06 -2.222689e-05 4.624228e-05
11585.800000 8.047409e-01 1.931759e-02 7.473284e-03 1.278677e-01 2.481815e-05 -8.418303e-06 -2.368450e-06 7.534324e-05
11586.000000 8.024806e-01 1.926504e-02 7.503806e-03 1.260075e-01 3.236481e-05 -1.226656e-05 -1.581358e-06 6.537172e-05
11586.200000 8.067478e-01 1.938311e-02 7.286294e-03 1.281269e-01 3.455778e-05 -1.706657e-05 -1.329145e-05 6.625809e-05
11586.400000 8.053933e-01 1.932226e-02 7.275482e-03 1.253758e-01 3.629959e-05 -1.682861e-05 -1.064842e-05 7.277704e-05
11586.600000 8.059829e-01 1.931265e-02 7.412343e-03 1.269620e-01 3.811937e-05 -1.691379e-05 -1.200788e-05 6.375606e-05
11586.800000 8.063980e-01 1.936337e-02 7.388372e-03 1.274558e-01 4.009126e-05 -2.102842e-05 -7.171071e-06 5.277851e-05
11587.000000 8.055521e-01 1.935384e-02 7.409482e-03 1.264284e-01 4.005647e-05 -2.155134e-05 -8.226366e-06 8.161838e-05
11587.200000 8.052460e-01 1.939769e-02 7.516498e-03 1.274506e-01 3.121323e-05 -1.910209e-05 -1.165917e-05 8.083144e-05
11587.400000 8.000191e-01 1.923955e-02 7.469367e-03 1.265404e-01 3.343624e-05 -1.830460e-05 -1.999368e-05 7.247902e-05
11587.600000 8.083963e-01 1.942803e-02 7.427724e-03 1.278026e-01 3.927624e-05 -2.353234e-05 -1.515537e-05 4.681095e-05
11587.800000 8.057339e-01 1.934395e-02 7.383396e-03 1.269109e-01 3.956410e-05 -2.403484e-05 -4.784924e-06 4.771446e-05
11588.000000 8.046436e-01 1.938840e-02 7.346017e-03 1.293580e-01 3.822814e-05 -1.672446e-05 2.280895e-07 7.779165e-05
11588.200000 8.058362e-01 1.939190e-02 7.393883e-03 1.288442e-01 3.565576e-05 -1.553117e-05 1.007156e-05 7.634643e-05
11588.400000 8.042069e-01 1.932413e-02 7.360602e-03 1.274570e-01 3.487733e-05 -1.987181e-05 -6.880631e-06 7.763996e-05
11588.600000 8.064236e-01 1.935264e-02 7.389707e-03 1.280035e-01 2.917464e-05 -2.268295e-05 -2.168987e-05 8.034329e-05
11588.800000 8.057725e-01 1.933878e-02 7.276743e-03 1.277436e-01 2.992947e-05 -1.467571e-05 -2.672107e-05 7.820642e-05
11589.000000 8.006580e-01 1.925646e-02 7.280296e-03 1.284671e-01 4.080484e-05 -1.896164e-05 -1.394080e-05 7.325596e-05
11589.200000 8.068163e-01 1.941758e-02 7.330145e-03 1.289597e-01 5.179494e-05 -2.420736e-05 -1.431730e-05 9.123557e-05
11589.400000 8.054180e-01 1.936309e-02 7.265455e-03 1.297161e-01 4.069629e-05 -2.170474e-05 -2.934435e-05 8.238951e-05
11589.600000 8.017058e-01 1.928794e-02 7.350145e-03 1.289694e-01 2.768060e-05 -2.093876e-05 -1.964123e-05 8.108671e-05
11589.800000 8.061242e-01 1.947284e-02 7.415672e-03 1.300101e-01 2.558323e-05 -2.387609e-05 -2.458439e-05 8.402570e-05
11590.000000 8.035386e-01 1.937229e-02 7.322204e-03 1.313935e-01 3.356992e-05 -2.647064e-05 -2.611696e-05 8.649664e-05
11590.200000 8.018641e-01 1.930413e-02 7.231634e-03 1.275693e-01 2.105317e-05 -2.030260e-05 -7.926664e-06 9.593778e-05
11590.400000 8.069128e-01 1.946319e-02 7.254826e-03 1.310327e-01 1.797871e-05 -1.279190e-05 -1.309943e-05 8.308688e-05
11590.600000 8.016012e-01 1.928322e-02 7.144829e-03 1.284220e-01 2.314292e-05 -1.182820e-05 -8.204189e-06 8.532445e-05
11590.800000 8.061885e-01 1.939168e-02 7.035672e-03 1.314364e-01 2.732414e-05 -1.653893e-05 -5.095649e-06 7.592462e-05
11591.000000 8.055652e-01 1.939606e-02 7.035684e-03 1.296479e-01 2.118750e-05 -1.557850e-05 -6.911665e-06 6.550664e-05
11591.200000 8.071130e-01 1.942271e-02 6.946288e-03 1.305763e-01 3.180823e-05 -7.258379e-06 -7.552647e-06 6.631468e-05
11591.400000 8.063272e-01 1.938934e-02 6.941462e-03 1.314510e-01 3.610669e-05 -9.535366e-06 -2.358722e-07 7.280725e-05
11591.600000 8.015221e-01 1.933541e-02 6.999349e-03 1.297191e-01 3.126444e-05 -6.124051e-06 -1.018921e-05 6.748176e-05
11591.800000 8.060996e-01 1.936318e-02 7.034826e-03 1.311859e-01 2.403548e-05 -5.946579e-07 -6.474301e-06 7.848081e-05
11592.000000 7.983906e-01 1.920628e-02 6.683152e-03 1.302667e-01 2.962328e-05 -1.476418e-06 -1.072961e-05 8.528823e-05
11592.200000 8.057828e-01 1.942059e-02 6.837338e-03 1.329354e-01 2.782215e-05 -1.194410e-05 -2.257949e-06 8.112571e-05
11592.400000 8.070454e-01 1.938775e-02 6.801893e-03 1.309546e-01 2.834453e-05 -1.363559e-05 4.043402e-06 7.941842e-05
11592.600000 8.014327e-01 1.925835e-02 6.543638e-03 1.316526e-01 2.652592e-05 -9.784214e-06 1.061320e-05 8.566844e-05
11592.800000 8.031659e-01 1.937055e-02 6.796637e-03 1.321309e-01 7.242441e-06 -1.819322e-05 5.241877e-06 8.445914e-05
11593.000000 8.003817e-01 1.918437e-02 6.528466e-03 1.299374e-01 1.425073e-05 -8.978680e-06 -3.688572e-06 9.546335e-05
11593.200000 8.052482e-01 1.936475e-02 6.748349e-03 1.334194e-01 9.161277e-06 -1.094853e-05 5.911852e-07 8.664787e-05
11593.400000 8.053739e-01 1.933465e-02 6.611403e-03 1.315351e-01 1.456354e-05 -1.045373e-05 -9.038545e-06 7.012810e-05
11593.600000 8.038455e-01 1.928669e-02 6.652277e-03 1.320510e-01 1.498574e-05 -4.297005e-06 -1.330463e-05 6.499367e-05
11593.800000 8.020448e-01 1.934761e-02 6.506089e-03 1.333055e-01 1.061836e-05 -8.050844e-06 6.179896e-06 7.335124e-05
11594.000000 8.005429e-01 1.922521e-02 6.381841e-03 1.325077e-01 1.394693e-05 -1.658439e-05 6.238146e-06 7.383717e-05
11594.200000 8.063775e-01 1.943450e-02 6.383199e-03 1.330469e-01 7.798433e-06 -7.453641e-06 -8.601642e-06 6.983219e-05
11594.400000 8.025465e-01 1.933225e-02 6.496241e-03 1.303304e-01 2.130231e-05 -1.350713e-05 -2.342880e-07 8.010814e-05
11594.600000 8.049887e-01 1.945335e-02 6.557403e-03 1.334570e-01 1.656039e-05 -4.273709e-06 1.465577e-05 7.932956e-05
11594.800000 8.079865e-01 1.952704e-02 6.252834e-03 1.336592e-01 1.421735e-05 3.140829e-06 1.587076e-05 5.532684e-05
11595.000000 8.003493e-01 1.934841e-02 6.373105e-03 1.319102e-01 1.986156e-05 6.889329e-06 8.238111e-06 8.974724e-05
11595.200000 8.101610e-01 1.969063e-02 6.544823e-03 1.344208e-01 2.473696e-05 8.717597e-06 3.120068e-06 9.577500e-05
11595.400000 8.053590e-01 1.951553e-02 6.623622e-03 1.340174e-01 2.665756e-05 -1.182277e-05 -7.623449e-07 1.027302e-04
11595.600000 8.020134e-01 1.960155e-02 6.637207e-03 1.331540e-01 1.223145e-05 -7.196770e-06 7.581005e-07 9.479394e-05
11595.800000 8.057919e-01 1.952133e-02 6.659643e-03 1.339951e-01 1.327959e-05 -4.922473e-06 -1.014055e-05 9.677295e-05
11596.000000 8.085741e-01 1.969891e-02 6.710862e-03 1.341249e-01 1.115355e-05 -3.557110e-06 -1.433325e-05 9.768097e-05
11596.200000 8.047348e-01 1.956904e-02 6.641406e-03 1.344317e-01 9.365072e-06 -7.879096e-06 -2.548920e-06 9.166379e-05
11596.400000 7.996495e-01 1.954145e-02 6.886187e-03 1.312360e-01 4.918523e-06 -5.614573e-06 9.525576e-07 8.328030e-05
11596.600000 8.028006e-01 1.958666e-02 6.557209e-03 1.333052e-01 -4.836686e-06 -4.661733e-06 -1.128682e-05 8.683872e-05
11596.800000 8.076326e-01 1.968181e-02 6.617568e-03 1.340827e-01 1.484897e-05 -1.281244e-05 -7.091736e-06 9.503943e-05
11597.000000 8.035439e-01 1.958920e-02 6.722822e-03 1.347448e-01 2.121024e-05 -1.325417e-05 -1.452983e-05 8.956434e-05
11597.700000 8.016854e-01 1.951534e-02 6.702632e-03 1.335061e-01 2.329077e-05 -1.032323e-05 -9.473204e-06 8.307538e-05
11598.400000 8.028470e-01 1.956815e-02 6.904824e-03 1.341217e-01 1.718869e-05 -6.092089e-06 -3.019008e-06 7.236044e-05
11599.100000 8.014424e-01 1.951683e-02 6.987384e-03 1.347209e-01 2.221995e-05 -1.170864e-05 -6.314870e-06 7.764608e-05
11599.800000 8.030442e-01 1.956143e-02 7.011969e-03 1.352822e-01 1.642904e-05 -1.071392e-05 -6.687453e-06 8.269788e-05
11600.500000 8.018952e-01 1.958994e-02 7.112969e-03 1.358720e-01 1.874447e-05 -4.324823e-06 -4.572663e-06 7.636536e-05
11601.200000 8.023620e-01 1.964623e-02 7.252052e-03 1.376876e-01 1.936798e-05 2.916701e-06 -1.082965e-05 8.700859e-05
11601.900000 8.020680e-01 1.967410e-02 7.188350e-03 1.395641e-01 2.492509e-05 2.248403e-06 -1.073669e-05 8.345604e-05
11602.600000 8.019036e-01 1.967360e-02 7.187077e-03 1.423353e-01 2.894489e-05 -1.108824e-05 -3.984867e-06 8.673299e-05
11603.300000 8.018168e-01 1.968613e-02 7.183279e-03 1.457524e-01 2.490958e-05 -9.711420e-06 -9.201858e-06 9.462809e-05
11604.993695 8.009477e-01 1.970834e-02 7.323925e-03 1.562985e-01 1.429285e-05 -1.581572e-05 -1.240996e-05 9.188357e-05
11605.999583 8.005836e-01 1.973749e-02 7.375540e-03 1.613661e-01 2.569849e-05 -1.586240e-05 -3.907023e-06 8.819019e-05
11607.017662 7.998181e-01 1.968227e-02 7.387789e-03 1.673941e-01 2.710105e-05 -7.406052e-06 -1.037848e-05 7.541658e-05
11608.047933 8.006499e-01 1.966074e-02 7.452837e-03 1.736522e-01 2.723409e-05 -1.029244e-05 -1.771759e-05 7.490628e-05
11609.090396 8.006864e-01 1.963804e-02 7.467400e-03 1.777225e-01 2.108808e-05 -1.120728e-05 -2.845458e-05 9.009501e-05
11610.145051 8.001618e-01 1.960119e-02 7.431480e-03 1.800411e-01 2.966663e-05 -1.344227e-05 -9.337734e-06 9.258419e-05
11611.211898 7.998761e-01 1.963246e-02 7.405131e-03 1.815520e-01 3.476068e-05 -1.341250e-05 -6.243474e-06 6.540323e-05
11612.290937 7.999914e-01 1.961329e-02 7.298375e-03 1.827037e-01 2.626510e-05 -1.194774e-05 -1.761115e-05 8.566844e-05
11613.382167 8.000104e-01 1.961470e-02 7.156216e-03 1.855451e-01 2.179837e-05 -1.323367e-05 -2.020790e-05 9.101136e-05
11614.485590 7.986574e-01 1.968147e-02 7.171409e-03 1.877466e-01 2.116219e-05 -1.621575e-05 -1.434218e-05 8.516942e-05
11615.601204 7.988408e-01 1.979605e-02 7.067878e-03 1.896499e-01 2.733218e-05 -1.317550e-05 -1.679492e-05 8.206257e-05
11616.729011 7.991446e-01 1.987304e-02 6.927691e-03 1.895278e-01 3.129500e-05 -1.677109e-05 -9.830775e-06 9.513533e-05
11617.869009 7.986518e-01 1.992158e-02 6.763776e-03 1.872326e-01 3.823238e-05 -7.863324e-06 -3.983687e-06 1.042834e-04
11619.021199 7.981437e-01 1.993042e-02 6.760872e-03 1.836329e-01 4.071867e-05 -4.234887e-06 -8.333525e-06 9.426788e-05
11620.185582 7.971754e-01 1.987269e-02 6.776949e-03 1.788129e-01 4.824581e-05 -1.017703e-05 -1.549214e-05 8.923384e-05
11621.362156 7.965459e-01 1.989359e-02 6.863593e-03 1.716170e-01 4.849165e-05 -1.139220e-05 -1.519195e-05 8.029584e-05
11622.550922 7.979371e-01 1.999986e-02 6.882365e-03 1.654981e-01 3.965644e-05 -6.595348e-06 -1.624176e-05 8.465962e-05
11623.751879 7.985538e-01 2.003936e-02 6.800153e-03 1.590916e-01 4.343073e-05 -6.997708e-06 -2.722885e-05 7.832053e-05
11624.965029 7.979058e-01 2.003598e-02 6.923268e-03 1.520260e-01 3.956962e-05 -1.004128e-05 -3.473595e-05 6.416819e-05
11626.190371 7.970666e-01 2.002735e-02 6.898776e-03 1.472300e-01 3.843860e-05 -1.764111e-05 -2.700146e-05 7.115838e-05
11627.427904 7.967956e-01 2.000341e-02 7.008696e-03 1.426418e-01 3.282310e-05 -1.450265e-05 -1.470638e-05 8.339234e-05
11628.677630 7.974792e-01 1.999404e-02 6.981344e-03 1.390851e-01 3.388516e-05 -1.507931e-05 -2.046098e-05 9.255043e-05
11629.939547 7.966644e-01 2.001600e-02 7.058386e-03 1.369530e-01 4.331550e-05 -1.475297e-05 -2.008766e-05 8.669186e-05
11631.213657 7.971294e-01 2.009868e-02 7.197178e-03 1.346073e-01 5.151935e-05 -1.306605e-05 -2.409354e-05 9.084959e-05
11632.499958 7.967066e-01 2.010413e-02 7.200385e-03 1.332551e-01 4.330913e-05 -7.520535e-06 -2.197569e-05 9.227682e-05
11633.798451 7.967207e-01 2.004908e-02 7.213071e-03 1.326377e-01 4.034842e-05 -4.609266e-06 -1.266522e-05 9.049645e-05
11635.109136 7.962643e-01 1.996681e-02 7.251761e-03 1.319434e-01 4.050968e-05 -4.265885e-06 -1.214569e-05 1.002471e-04
11636.432013 7.952650e-01 1.997020e-02 7.205211e-03 1.315036e-01 2.809357e-05 -7.002246e-06 -1.259225e-05 1.024731e-04
11637.767082 7.955733e-01 2.003586e-02 7.292796e-03 1.315862e-01 2.631380e-05 -1.284168e-05 -2.152959e-05 8.420300e-05
11639.114342 7.957565e-01 2.011234e-02 7.353420e-03 1.314147e-01 2.720571e-05 -1.844191e-05 -1.404209e-05 8.950017e-05
11640.473795 7.953949e-01 2.014942e-02 7.462336e-03 1.307772e-01 2.146598e-05 -1.098223e-05 -5.231520e-07 8.739472e-05
11641.845440 7.954601e-01 2.021267e-02 7.646550e-03 1.307940e-01 2.917239e-05 -1.451786e-05 -1.292913e-05 8.366150e-05
11643.229276 7.935311e-01 2.029931e-02 7.627308e-03 1.297352e-01 3.048930e-05 -2.116649e-05 -1.198374e-05 7.232138e-05
11644.625305 7.944667e-01 2.049503e-02 7.736705e-03 1.306810e-01 3.892912e-05 -2.141085e-05 -4.935512e-06 8.281240e-05
11646.033525 7.929716e-01 2.050717e-02 7.778687e-03 1.286901e-01 3.495870e-05 -1.529938e-05 -1.484159e-05 8.172879e-05
11647.453937 7.924708e-01 2.053251e-02 7.842462e-03 1.275496e-01 3.685396e-05 -1.927072e-05 -1.097320e-05 9.828218e-05
11648.886541 7.933109e-01 2.067415e-02 7.891520e-03 1.284034e-01 4.981745e-05 -2.464497e-05 -1.766933e-05 9.646778e-05
11650.331337 7.925012e-01 2.064969e-02 7.915899e-03 1.273402e-01 3.418356e-05 -2.215335e-05 -2.709206e-05 9.212825e-05
11651.788325 7.912464e-01 2.063516e-02 7.882356e-03 1.269923e-01 2.670907e-05 -1.473347e-05 -2.031736e-05 8.545142e-05
11653.257505 7.924689e-01 2.074734e-02 7.866116e-03 1.282153e-01 2.600310e-05 -2.562195e-05 -1.144041e-05 9.497294e-05
11654.738877 7.927034e-01 2.076262e-02 7.780473e-03 1.281738e-01 2.862701e-05 -1.696695e-05 -1.653442e-05 6.940069e-05
11656.232440 7.908373e-01 2.075739e-02 7.625095e-03 1.284271e-01 4.217275e-05 -1.871596e-05 -7.904117e-06 1.037639e-04
11657.738196 7.885434e-01 2.071549e-02 7.615762e-03 1.281552e-01 4.104108e-05 -2.002315e-05 -1.887351e-05 1.058176e-04
11659.256143 7.886068e-01 2.069543e-02 7.601423e-03 1.282017e-01 3.372283e-05 -2.094674e-05 -2.807424e-05 9.872127e-05
11660.786283 7.900504e-01 2.068004e-02 7.488409e-03 1.289640e-01 3.363797e-05 -2.287594e-05 -2.916938e-05 9.499849e-05
11662.328614 7.903619e-01 2.065431e-02 7.446669e-03 1.288833e-01 3.809466e-05 -1.598129e-05 -1.641758e-05 9.562040e-05
11663.883137 7.903468e-01 2.070948e-02 7.457644e-03 1.291788e-01 2.798653e-05 -7.349877e-06 -4.710001e-06 8.979398e-05
11665.449852 7.894459e-01 2.073776e-02 7.491425e-03 1.287639e-01 2.774816e-05 -1.127516e-05 -9.547510e-06 1.034243e-04
11667.028759 7.886614e-01 2.087294e-02 7.561814e-03 1.297176e-01 2.309621e-05 -1.294041e-05 -2.250765e-05 8.151140e-05
11668.619858 7.881604e-01 2.102599e-02 7.625095e-03 1.296742e-01 2.510810e-05 -1.539505e-05 -3.103449e-05 8.071512e-05
11670.223149 7.884292e-01 2.115394e-02 7.668861e-03 1.286680e-01 2.833817e-05 -2.833476e-05 -1.704752e-05 9.252113e-05
11671.838632 7.859517e-01 2.118194e-02 7.666336e-03 1.294337e-01 1.839936e-05 -3.557873e-05 -1.589861e-05 1.005396e-04
11673.466307 7.853768e-01 2.123847e-02 7.680694e-03 1.299124e-01 2.262503e-05 -3.162049e-05 -1.395905e-05 7.949586e-05
11675.106173 7.875520e-01 2.130788e-02 7.678838e-03 1.299629e-01 1.810297e-05 -2.540203e-05 -1.019046e-05 9.141638e-05
11676.758232 7.875381e-01 2.135056e-02 7.719277e-03 1.291729e-01 1.548370e-05 -2.196351e-05 -1.603674e-05 9.457949e-05
11678.422482 7.890816e-01 2.150607e-02 7.781624e-03 1.305970e-01 1.866230e-05 -1.674168e-05 -1.544281e-05 8.704276e-05
11680.098924 7.874424e-01 2.161809e-02 7.743773e-03 1.293283e-01 1.887642e-05 -1.984437e-05 -8.547803e-06 8.693192e-05
11681.787558 7.874284e-01 2.174071e-02 7.785963e-03 1.303412e-01 2.839795e-05 -1.606067e-05 -2.255404e-05 1.013094e-04
11683.488385 7.885810e-01 2.170580e-02 7.791493e-03 1.305173e-01 2.385128e-05 -1.270652e-05 -2.008865e-05 9.872331e-05
11685.201403 7.881913e-01 2.169507e-02 7.663304e-03 1.291039e-01 1.850906e-05 -1.775668e-05 -7.775652e-06 9.246771e-05
11686.926613 7.862159e-01 2.174993e-02 7.754878e-03 1.299249e-01 1.758434e-05 -2.283298e-05 -7.719605e-06 8.651623e-05
11688.664014 7.854635e-01 2.188113e-02 7.790728e-03 1.291296e-01 1.688452e-05 -1.335390e-05 -1.143013e-05 6.184383e-05
11690.413608 7.856834e-01 2.206448e-02 7.781694e-03 1.292340e-01 1.456865e-05 -8.458416e-06 -7.448356e-06 7.924527e-05
11692.175394 7.858354e-01 2.222556e-02 7.872392e-03 1.299887e-01 1.357540e-05 -2.500175e-06 -1.781781e-05 8.678196e-05
11693.949371 7.855647e-01 2.239142e-02 7.947909e-03 1.296976e-01 1.095980e-05 -8.866335e-07 -1.375126e-05 8.826405e-05
11695.735541 7.854116e-01 2.248919e-02 8.033927e-03 1.285049e-01 1.232929e-05 -6.343319e-07 -1.279955e-05 9.008151e-05
11697.533902 7.837163e-01 2.248828e-02 8.067705e-03 1.284455e-01 1.499462e-05 -7.268548e-06 -7.147172e-06 5.683519e-05
11699.344455 7.842235e-01 2.250849e-02 8.215630e-03 1.295605e-01 2.009154e-05 -1.240751e-05 5.975667e-06 9.047879e-05
11701.167201 7.833604e-01 2.244111e-02 8.321233e-03 1.291994e-01 2.974600e-05 -8.515139e-06 -1.103078e-05 8.888161e-05
11703.002138 7.794745e-01 2.236839e-02 8.404831e-03 1.275858e-01 2.624734e-05 -4.062822e-06 -1.268337e-05 8.663361e-05
11704.849267 7.804093e-01 2.245537e-02 8.398463e-03 1.278046e-01 2.624727e-05 -7.374896e-06 -4.474366e-06 8.306528e-05
11706.708588 7.818196e-01 2.246072e-02 8.455192e-03 1.277322e-01 3.124542e-05 -1.402169e-05 -2.527320e-05 7.958009e-05
11708.580100 7.818297e-01 2.243634e-02 8.557544e-03 1.279409e-01 3.181744e-05 -1.418229e-05 -2.582994e-05 8.562648e-05
11710.463805 7.822648e-01 2.245472e-02 8.490913e-03 1.280976e-01 2.971306e-05 -6.508911e-06 -1.104663e-05 9.325610e-05
11712.359702 7.824937e-01 2.242618e-02 8.498253e-03 1.275179e-01 2.229494e-05 -9.454985e-06 -1.219951e-05 8.486900e-05
11714.267790 7.815983e-01 2.233830e-02 8.428764e-03 1.286039e-01 1.426465e-05 -1.911441e-05 -8.541855e-06 8.066925e-05
11716.188071 7.812785e-01 2.242206e-02 8.387141e-03 1.283003e-01 1.468317e-05 -2.806694e-05 -2.294655e-06 8.747649e-05
11718.120543 7.813315e-01 2.268604e-02 8.419838e-03 1.285901e-01 1.279903e-05 -2.904977e-05 4.827828e-06 9.034617e-05
11720.065207 7.805677e-01 2.285775e-02 8.375192e-03 1.285336e-01 1.464497e-05 -2.632853e-05 3.919256e-06 8.919554e-05
11722.022064 7.803536e-01 2.294812e-02 8.381601e-03 1.282797e-01 1.309801e-05 -2.244194e-05 -1.678101e-06 8.941238e-05
11723.991112 7.801120e-01 2.296950e-02 8.375417e-03 1.293257e-01 1.275714e-05 -2.652503e-05 7.630475e-06 8.153068e-05
11725.972352 7.796755e-01 2.308551e-02 8.329624e-03 1.294108e-01 1.427650e-05 -2.453553e-05 3.233810e-07 7.022160e-05
11727.965784 7.800809e-01 2.327175e-02 8.415476e-03 1.295244e-01 1.619253e-05 -2.189884e-05 -1.450621e-05 3.953682e-05
11729.971407 7.794397e-01 2.332342e-02 8.428372e-03 1.294500e-01 1.332124e-05 -1.358316e-05 -4.041573e-06 8.165860e-05
11731.989223 7.778526e-01 2.323980e-02 8.335542e-03 1.295031e-01 1.286307e-05 -1.396952e-05 -4.935338e-06 1.049517e-04
11734.019231 7.782102e-01 2.328388e-02 8.377724e-03 1.299285e-01 2.391058e-05 -1.739658e-05 -2.752424e-06 1.038198e-04
11736.061430 7.776354e-01 2.334157e-02 8.290685e-03 1.302212e-01 2.665840e-05 -2.374291e-05 -3.396092e-07 1.009785e-04
11738.115822 7.768888e-01 2.349811e-02 8.334571e-03 1.301232e-01 2.362118e-05 -2.911910e-05 -8.913586e-06 9.137595e-05
11740.182405 7.761777e-01 2.363045e-02 8.496169e-03 1.294859e-01 2.880259e-05 -2.491028e-05 -1.340653e-06 9.568382e-05
11742.261180 7.741284e-01 2.363544e-02 8.608609e-03 1.300810e-01 2.890202e-05 -1.437645e-05 -4.309914e-06 9.052529e-05
11744.352148 7.715647e-01 2.359354e-02 8.377193e-03 1.286867e-01 2.801170e-05 -4.264918e-06 3.693497e-06 8.895994e-05
11746.455307 7.755788e-01 2.382415e-02 8.535306e-03 1.291554e-01 3.211601e-05 -4.367883e-06 2.371418e-06 8.706566e-05
11748.570658 7.765002e-01 2.394692e-02 8.590208e-03 1.296279e-01 3.039685e-05 -1.385833e-05 -1.063283e-06 8.831736e-05
11750.698201 7.749136e-01 2.382140e-02 8.474792e-03 1.294117e-01 3.674211e-05 -1.602979e-05 3.266916e-06 8.715276e-05
11752.837935 7.758431e-01 2.374993e-02 8.399176e-03 1.303055e-01 2.763341e-05 -1.277691e-05 1.375890e-06 8.777123e-05
11754.989862 7.742166e-01 2.387836e-02 8.431619e-03 1.300109e-01 1.730570e-05 -1.279873e-05 1.398766e-05 9.428734e-05
11757.153981 7.736500e-01 2.399578e-02 8.400874e-03 1.298297e-01 2.339132e-05 -8.050952e-06 -5.097927e-06 9.589046e-05
11759.330291 7.714609e-01 2.402381e-02 8.517793e-03 1.298736e-01 2.568159e-05 -1.213351e-05 -2.495598e-06 1.000959e-04
11761.518794 7.699331e-01 2.410673e-02 8.647084e-03 1.288591e-01 3.722162e-05 -1.554558e-05 1.561237e-07 9.825154e-05
11763.719488 7.707399e-01 2.421921e-02 8.790178e-03 1.296163e-01 3.517530e-05 -1.714955e-05 -5.900305e-06 1.013558e-04
11765.932374 7.719623e-01 2.434172e-02 8.845702e-03 1.297363e-01 2.417451e-05 -1.077742e-05 -8.341849e-06 1.067242e-04
11768.157453 7.722752e-01 2.448717e-02 8.934124e-03 1.291845e-01 2.061608e-05 -1.339652e-05 -5.916678e-06 1.088881e-04
11770.394723 7.702149e-01 2.444507e-02 9.027140e-03 1.277592e-01 2.218658e-05 -1.209507e-05 5.983803e-06 1.112870e-04
11772.644185 7.712499e-01 2.442416e-02 9.110575e-03 1.282297e-01 1.741578e-05 -1.561760e-05 6.111023e-06 1.142189e-04
11774.905838 7.699131e-01 2.441987e-02 9.043357e-03 1.287813e-01 9.424453e-06 -1.259792e-05 -6.285708e-06 1.104854e-04
11777.179684 7.693584e-01 2.458137e-02 9.212454e-03 1.276133e-01 1.314121e-06 -1.266550e-05 -8.162445e-06 1.218668e-04
11779.465722 7.693190e-01 2.475436e-02 9.324633e-03 1.287758e-01 -3.032270e-06 -1.339275e-05 -1.067033e-05 1.186915e-04
11781.763952 7.676146e-01 2.475260e-02 9.316310e-03 1.300094e-01 9.131479e-06 -1.281442e-05 -8.250307e-06 1.100522e-04
11784.074373 7.698373e-01 2.495889e-02 9.339645e-03 1.315053e-01 9.138623e-06 -8.458548e-06 -9.553819e-06 1.110343e-04
11786.396987 7.683391e-01 2.502257e-02 9.441305e-03 1.317316e-01 8.191131e-06 -1.305819e-05 -2.004466e-05 1.007815e-04
11788.731792 7.677328e-01 2.509288e-02 9.504518e-03 1.321641e-01 2.500937e-06 -6.969775e-06 -7.547747e-06 9.321830e-05
11791.078789 7.668053e-01 2.514534e-02 9.516923e-03 1.320855e-01 3.062624e-06 -1.363726e-05 -3.833782e-06 8.484699e-05
11793.437978 7.670490e-01 2.514263e-02 9.407790e-03 1.350287e-01 1.829156e-05 -2.071396e-05 5.372564e-06 8.232899e-05
11795.809359 7.632688e-01 2.506526e-02 9.397162e-03 1.392646e-01 1.769014e-05 -2.141281e-05 1.898446e-06 8.273294e-05
11798.192932 7.610652e-01 2.500823e-02 9.299682e-03 1.493024e-01 1.165671e-05 -2.438612e-05 1.230032e-05 9.506671e-05
11800.588697 7.626378e-01 2.501650e-02 9.373137e-03 1.608956e-01 2.169507e-06 -2.086854e-05 8.696478e-06 9.635451e-05
11802.996654 7.616927e-01 2.479402e-02 9.193203e-03 1.621385e-01 4.983825e-06 -1.319814e-05 7.093248e-06 9.447298e-05
11805.416803 7.650290e-01 2.481592e-02 9.184395e-03 1.589669e-01 1.373852e-05 -1.397707e-05 -3.396695e-07 7.569009e-05
11807.849143 7.654084e-01 2.483958e-02 9.034401e-03 1.511067e-01 1.687679e-05 -2.166365e-05 -4.795911e-06 9.243427e-05
11810.293676 7.631343e-01 2.501927e-02 9.024835e-03 1.439960e-01 1.043066e-05 -1.029272e-05 -8.212334e-06 8.193033e-05
11812.750400 7.624333e-01 2.526677e-02 9.089042e-03 1.396246e-01 1.853565e-05 -4.852807e-06 -5.447777e-06 8.928130e-05
11815.219317 7.626838e-01 2.548304e-02 9.063447e-03 1.359860e-01 1.284320e-05 -1.890723e-05 3.139104e-07 8.461002e-05
11817.700425 7.613258e-01 2.560262e-02 9.157268e-03 1.328820e-01 1.049869e-05 -2.190170e-05 4.950600e-06 9.822010e-05
11820.193725 7.596925e-01 2.561284e-02 9.146807e-03 1.304742e-01 1.189700e-05 -2.173250e-05 1.349006e-05 8.850495e-05
11822.699217 7.598308e-01 2.563040e-02 9.162867e-03 1.298540e-01 9.254670e-06 -1.979616e-05 1.748310e-06 7.380233e-05
11825.216901 7.613989e-01 2.581514e-02 9.311567e-03 1.296421e-01 1.618939e-05 -1.326316e-05 3.166528e-06 9.063516e-05
11827.746777 7.633097e-01 2.593425e-02 9.395499e-03 1.294156e-01 5.057654e-06 -1.722919e-05 -1.375434e-06 8.186246e-05
11830.288845 7.622200e-01 2.591686e-02 9.473800e-03 1.295159e-01 3.362291e-06 -1.554743e-05 -1.510333e-06 7.839566e-05
11832.843105 7.602478e-01 2.582358e-02 9.565363e-03 1.291926e-01 1.261844e-05 -2.168136e-05 -5.433493e-06 8.500746e-05
11835.409556 7.618814e-01 2.605643e-02 9.699575e-03 1.289155e-01 8.683924e-06 -1.414521e-05 -1.542308e-05 7.140860e-05
11837.988200 7.558717e-01 2.612195e-02 9.839404e-03 1.278700e-01 1.778414e-05 3.044841e-06 -1.360354e-05 6.503419e-05
11840.579035 7.581284e-01 2.643270e-02 9.967517e-03 1.281236e-01 2.348159e-05 -5.431474e-08 -7.875184e-06 7.932410e-05
11843.182062 7.584705e-01 2.651886e-02 1.005423e-02 1.285878e-01 2.013838e-05 -2.070236e-06 -9.344744e-06 7.796920e-05
11845.797282 7.599835e-01 2.668706e-02 1.011389e-02 1.292788e-01 1.325555e-05 -1.326052e-05 -1.184927e-05 5.263733e-05
11848.424693 7.604468e-01 2.675577e-02 1.010019e-02 1.292609e-01 7.418346e-06 -1.292012e-05 -1.570349e-05 7.498116e-05
11851.064296 7.580871e-01 2.673448e-02 1.011546e-02 1.291976e-01 8.520519e-06 -6.866934e-06 -1.161275e-05 7.945834e-05
11853.716091 7.559154e-01 2.684280e-02 1.021418e-02 1.295467e-01 2.248512e-05 -1.054825e-05 -3.413551e-06 8.427051e-05
11856.380078 7.563762e-01 2.704390e-02 1.019097e-02 1.284147e-01 2.772018e-05 -8.132130e-06 -6.266861e-06 8.443523e-05
11859.056256 7.557878e-01 2.710364e-02 1.019006e-02 1.287547e-01 1.740348e-05 -1.210774e-05 -1.311112e-05 5.440182e-05
11861.744627 7.553395e-01 2.712999e-02 1.020682e-02 1.282996e-01 1.563555e-05 -1.371103e-05 2.036643e-06 6.520161e-05
11864.445190 7.541682e-01 2.712969e-02 1.027530e-02 1.282598e-01 1.200111e-05 -1.337448e-05 -2.293975e-06 8.415048e-05
11867.157944 7.549449e-01 2.722462e-02 1.029145e-02 1.282126e-01 1.288814e-05 -2.222760e-05 -5.575887e-06 8.252206e-05
11869.882891 7.556492e-01 2.735104e-02 1.043155e-02 1.273285e-01 1.444264e-05 -1.655799e-05 9.230523e-06 8.434307e-05
11872.620029 7.549644e-01 2.758430e-02 1.044564e-02 1.282023e-01 1.048789e-05 -1.779185e-05 5.326523e-06 7.671462e-05
11875.369359 7.541840e-01 2.785992e-02 1.050307e-02 1.278715e-01 1.895695e-05 -1.399303e-05 -2.581696e-06 8.003054e-05
11878.130881 7.539483e-01 2.797386e-02 1.048002e-02 1.280450e-01 2.604244e-05 -8.073584e-06 8.593687e-06 8.739372e-05
11880.904595 7.538883e-01 2.799258e-02 1.044026e-02 1.283259e-01 2.582242e-05 -4.815002e-06 6.605681e-06 9.025758e-05
11883.690501 7.525098e-01 2.815102e-02 1.049604e-02 1.281191e-01 2.471870e-05 -1.137890e-05 1.471240e-05 8.879795e-05
11886.488599 7.513690e-01 2.817285e-02 1.046303e-02 1.285406e-01 3.510437e-05 -9.169408e-06 9.837632e-06 9.462425e-05
11889.298889 7.507405e-01 2.830427e-02 1.039917e-02 1.280483e-01 3.090997e-05 -3.586622e-06 1.407883e-05 9.390435e-05
11892.121371 7.513374e-01 2.838055e-02 1.042314e-02 1.284047e-01 2.521460e-05 -8.992478e-06 6.172490e-06 9.099253e-05
11894.956044 7.455204e-01 2.803190e-02 1.032657e-02 1.275256e-01 2.372864e-05 -1.790972e-05 7.226012e-06 9.220596e-05
11897.802910 7.420219e-01 2.788497e-02 1.029930e-02 1.270082e-01 2.438382e-05 -1.918139e-05 7.279649e-06 9.181539e-05
11900.661967 7.469817e-01 2.831886e-02 1.040193e-02 1.283933e-01 2.388445e-05 -1.309466e-05 -4.519769e-06 9.181570e-05
11903.533217 7.480474e-01 2.862690e-02 1.057626e-02 1.282309e-01 2.131481e-05 -1.663883e-05 -1.408075e-05 9.725678e-05
11906.416658 7.476249e-01 2.876049e-02 1.073688e-02 1.285544e-01 1.373706e-05 -1.575549e-05 -9.536552e-06 9.602227e-05
11909.312291 7.480137e-01 2.876063e-02 1.076495e-02 1.284230e-01 2.492877e-05 -1.240037e-05 -3.174768e-06 9.261349e-05
11912.220116 7.466527e-01 2.874148e-02 1.085854e-02 1.285142e-01 3.160100e-05 -1.529815e-05 -1.409818e-05 1.072551e-04
11915.140133 7.464138e-01 2.860339e-02 1.095885e-02 1.294787e-01 2.691462e-05 -3.036700e-05 -1.911619e-05 1.111765e-04
11918.072342 7.461627e-01 2.825281e-02 1.090760e-02 1.283495e-01 2.456944e-05 -2.534404e-05 -2.019727e-05 1.186127e-04
11921.016743 7.394315e-01 2.785905e-02 1.082901e-02 1.276480e-01 2.533774e-05 -1.430494e-05 -1.405723e-05 1.168116e-04
11923.973335 7.398189e-01 2.822892e-02 1.106547e-02 1.277010e-01 2.682306e-05 -2.437477e-05 -1.273642e-05 1.117300e-04
11926.942120 7.459281e-01 2.890468e-02 1.123366e-02 1.281270e-01 3.501960e-05 -2.105473e-05 -1.107843e-05 1.154296e-04
11929.923096 7.453688e-01 2.905204e-02 1.126569e-02 1.283385e-01 4.107443e-05 -2.659991e-05 -1.265164e-05 1.064498e-04
11932.916265 7.450328e-01 2.927342e-02 1.128882e-02 1.277219e-01 3.516997e-05 -2.491848e-05 -2.508751e-05 1.009250e-04
11935.921625 7.437633e-01 2.945840e-02 1.132823e-02 1.276922e-01 3.528296e-05 -2.861792e-05 -1.589696e-05 9.847704e-05
11938.939177 7.439182e-01 2.949858e-02 1.132849e-02 1.283455e-01 3.553417e-05 -2.702547e-05 -1.242756e-05 1.054674e-04
11941.968921 7.420172e-01 2.959368e-02 1.139995e-02 1.275968e-01 2.634599e-05 -2.417916e-05 -1.151045e-05 1.076074e-04
11945.010858 7.430712e-01 2.974022e-02 1.143429e-02 1.285415e-01 2.698384e-05 -2.417238e-05 -1.462711e-06 1.015446e-04
11948.064985 7.415809e-01 2.972049e-02 1.146712e-02 1.284189e-01 2.208027e-05 -1.753516e-05 -6.414349e-07 1.036239e-04
11951.131305 7.410871e-01 2.972822e-02 1.152726e-02 1.275393e-01 1.898190e-05 -2.128663e-05 -7.384155e-06 1.097296e-04
11954.209817 7.400451e-01 2.972133e-02 1.158826e-02 1.275005e-01 2.045210e-05 -2.105202e-05 -1.651989e-05 1.039778e-04
11957.300521 7.406922e-01 2.986458e-02 1.166314e-02 1.279533e-01 1.335950e-05 -1.586586e-05 -2.033189e-05 9.952389e-05
11960.403416 7.394077e-01 2.994664e-02 1.164021e-02 1.281168e-01 1.428597e-05 -2.403449e-05 -2.038510e-05 1.020018e-04
11963.518504 7.386903e-01 3.025583e-02 1.172339e-02 1.274620e-01 9.011339e-06 -2.454459e-05 -1.162019e-05 1.011772e-04
11966.645783 7.381064e-01 3.056151e-02 1.190053e-02 1.278628e-01 2.040271e-05 -1.976659e-05 -6.023024e-06 1.097984e-04
11969.785255 7.381981e-01 3.084648e-02 1.194586e-02 1.279045e-01 2.085533e-05 -1.842554e-05 -1.588760e-05 1.016964e-04
11972.936918 7.374964e-01 3.104535e-02 1.194631e-02 1.269860e-01 2.047563e-05 -2.161950e-05 -1.552815e-05 1.181851e-04
11976.100773 7.363236e-01 3.101341e-02 1.195109e-02 1.281391e-01 2.367019e-05 -1.890498e-05 -1.482567e-05 1.117351e-04
11979.276820 7.367422e-01 3.109791e-02 1.194249e-02 1.280617e-01 1.952177e-05 -8.486697e-06 -7.647886e-06 1.140409e-04
11982.465059 7.358539e-01 3.135144e-02 1.197262e-02 1.276756e-01 2.172668e-05 -4.991926e-06 -4.164644e-06 1.172254e-04
11985.665490 7.359416e-01 3.176292e-02 1.212534e-02 1.280471e-01 3.085129e-05 -5.874170e-06 -8.425041e-06 1.047073e-04
11988.878112 7.355794e-01 3.188465e-02 1.216504e-02 1.281162e-01 3.762745e-05 -4.178250e-06 -1.324021e-05 1.063614e-04
11992.102927 7.343195e-01 3.202183e-02 1.227660e-02 1.272009e-01 3.413222e-05 -5.265562e-06 -1.691018e-05 1.108381e-04
11995.339934 7.333768e-01 3.215489e-02 1.230647e-02 1.274857e-01 3.326111e-05 -7.383709e-06 -9.771906e-06 1.112197e-04
11998.589132 7.332522e-01 3.210453e-02 1.232555e-02 1.276895e-01 2.428207e-05 -1.173271e-05 -1.616937e-05 1.068410e-04
12001.850523 7.320289e-01 3.212908e-02 1.238701e-02 1.274802e-01 1.650681e-05 -6.461810e-06 -1.247434e-05 1.024621e-04
12005.124105 7.319663e-01 3.219509e-02 1.248594e-02 1.273614e-01 1.045929e-05 -9.376178e-06 -9.074196e-06 1.220692e-04
12008.409879 7.316118e-01 3.222506e-02 1.262549e-02 1.275706e-01 9.002496e-06 -9.112251e-06 -1.220802e-05 1.267003e-04
12011.707845 7.312513e-01 3.220272e-02 1.270142e-02 1.282334e-01 1.285546e-05 -1.293379e-05 -1.403904e-05 1.185419e-04
12015.018003 7.307795e-01 3.224430e-02 1.277781e-02 1.299014e-01 9.565475e-06 -8.775775e-06 -2.066189e-05 1.107641e-04
12018.340353 7.311358e-01 3.241795e-02 1.301906e-02 1.309533e-01 1.325030e-05 -1.451054e-05 -1.522356e-05 1.089365e-04
12021.674895 7.307309e-01 3.250159e-02 1.304041e-02 1.302783e-01 1.663102e-05 -4.334580e-06 -1.280110e-05 1.156064e-04
12025.021629 7.298897e-01 3.258466e-02 1.306871e-02 1.306247e-01 1.971362e-05 -1.372599e-05 -1.182994e-05 8.668266e-05
12028.380554 7.295788e-01 3.253957e-02 1.311090e-02 1.287662e-01 2.132642e-05 -2.380491e-05 -2.164935e-05 1.066895e-04
12031.751672 7.283422e-01 3.231424e-02 1.305467e-02 1.280549e-01 7.952057e-06 -2.092192e-05 -1.176697e-05 1.177938e-04
12035.134982 7.277312e-01 3.220677e-02 1.304522e-02 1.279482e-01 4.043375e-06 -9.923684e-06 -1.218475e-05 1.180194e-04
12038.530483 7.269187e-01 3.211312e-02 1.297027e-02 1.283637e-01 1.587019e-07 -1.870677e-05 -2.273137e-05 9.464447e-05
12041.938176 7.262838e-01 3.178667e-02 1.286673e-02 1.288543e-01 9.158146e-06 -1.857661e-05 -2.160597e-05 8.071848e-05
12045.358061 7.206300e-01 3.130535e-02 1.269091e-02 1.279359e-01 1.683019e-05 -9.870584e-06 -1.822580e-05 8.283448e-05
12048.790139 7.147721e-01 3.131247e-02 1.268590e-02 1.269209e-01 1.553204e-05 -1.486258e-05 -2.403158e-05 1.056279e-04
12052.234408 7.233714e-01 3.218796e-02 1.294385e-02 1.288819e-01 2.187210e-05 -2.182131e-05 -1.924526e-05 1.029939e-04
12055.690868 7.239150e-01 3.263789e-02 1.309090e-02 1.289106e-01 2.118726e-05 -1.916112e-05 -5.443958e-06 1.045541e-04
12059.159521 7.232970e-01 3.293326e-02 1.315592e-02 1.272240e-01 2.883818e-05 -1.134009e-05 -4.780138e-06 1.032921e-04
12062.640366 7.225630e-01 3.337051e-02 1.336945e-02 1.276465e-01 2.472260e-05 -1.199317e-05 -1.248857e-05 1.158684e-04
12066.133403 7.218595e-01 3.394118e-02 1.354202e-02 1.273856e-01 2.439837e-05 -1.745016e-05 -9.996576e-06 1.170636e-04
12069.638631 7.215859e-01 3.451928e-02 1.373973e-02 1.277451e-01 2.668906e-05 -1.838578e-05 -1.871570e-05 1.119456e-04
12073.156052 7.210239e-01 3.475389e-02 1.383542e-02 1.275689e-01 3.037624e-05 -1.782878e-05 -1.187603e-05 1.052605e-04
12076.685664 7.200867e-01 3.480629e-02 1.388324e-02 1.274564e-01 2.218021e-05 -1.979268e-05 -8.312814e-06 1.110042e-04
12080.227468 7.202309e-01 3.489605e-02 1.387205e-02 1.268167e-01 2.397709e-05 -2.035167e-05 -1.464198e-05 9.845793e-05
12083.781465 7.196554e-01 3.484314e-02 1.394741e-02 1.273170e-01 2.744423e-05 -2.489753e-05 -1.536147e-05 9.728382e-05
12087.347653 7.191544e-01 3.497439e-02 1.402818e-02 1.265262e-01 3.501613e-05 -2.306751e-05 -2.968459e-06 1.162939e-04
12090.926033 7.185570e-01 3.533842e-02 1.420036e-02 1.266792e-01 3.945208e-05 -2.214341e-05 -3.719869e-06 1.211980e-04
12094.516605 7.174275e-01 3.550101e-02 1.430617e-02 1.264958e-01 4.262017e-05 -1.327737e-05 -1.187114e-05 1.115697e-04
12098.119369 7.166847e-01 3.565577e-02 1.442209e-02 1.262614e-01 3.938120e-05 -1.584737e-05 -1.804928e-05 1.044474e-04
12101.734324 7.162518e-01 3.580292e-02 1.450709e-02 1.261514e-01 4.929703e-05 -1.940206e-05 -1.425973e-05 1.109734e-04
12105.361472 7.157450e-01 3.586025e-02 1.461114e-02 1.258623e-01 4.186294e-05 -1.617555e-05 -1.147960e-05 1.060326e-04
12109.000811 7.142393e-01 3.610214e-02 1.477236e-02 1.263005e-01 3.023616e-05 -1.317916e-05 -1.386275e-05 1.074098e-04
12112.652343 7.142975e-01 3.643614e-02 1.495902e-02 1.268194e-01 3.503903e-05 -1.316520e-05 -1.548800e-05 1.186693e-04
12116.316066 7.129522e-01 3.661936e-02 1.504358e-02 1.270083e-01 3.113031e-05 -1.363868e-05 -5.582298e-06 1.285695e-04
12119.991982 7.132199e-01 3.676545e-02 1.513931e-02 1.269143e-01 2.742981e-05 -2.312004e-05 -9.376648e-06 1.279661e-04
12123.680089 7.134942e-01 3.689372e-02 1.526901e-02 1.267657e-01 3.018736e-05 -3.381225e-05 -6.063159e-06 1.314316e-04
12127.380388 7.130810e-01 3.702307e-02 1.532886e-02 1.257534e-01 2.516106e-05 -3.650107e-05 -1.770057e-05 1.303110e-04
12131.092879 7.124303e-01 3.711654e-02 1.546135e-02 1.262075e-01 2.819142e-05 -3.452025e-05 -2.239835e-05 1.036573e-04
12134.817562 7.117463e-01 3.714451e-02 1.551796e-02 1.265050e-01 2.029133e-05 -4.161710e-05 -7.062775e-06 1.250799e-04
12138.554437 7.103655e-01 3.710721e-02 1.551434e-02 1.266950e-01 1.788876e-05 -3.007187e-05 -1.320465e-05 1.244761e-04
12142.303503 7.101221e-01 3.734029e-02 1.563429e-02 1.266001e-01 2.453884e-05 -2.934981e-05 -1.604152e-05 1.175725e-04
12146.064762 7.095220e-01 3.754830e-02 1.575191e-02 1.263753e-01 3.506614e-05 -3.086226e-05 -2.026519e-05 1.193646e-04
12149.838213 7.091484e-01 3.767992e-02 1.580889e-02 1.263864e-01 3.159841e-05 -2.624710e-05 -2.885259e-05 1.177302e-04
12153.623855 7.078928e-01 3.776191e-02 1.579206e-02 1.261100e-01 2.985172e-05 -1.811310e-05 -2.790251e-05 1.392306e-04
12157.421689 7.078693e-01 3.816576e-02 1.594317e-02 1.260575e-01 3.327146e-05 -1.350495e-05 -2.456900e-05 1.299822e-04
12161.231716 7.065080e-01 3.832581e-02 1.602747e-02 1.262765e-01 2.897504e-05 -1.881679e-05 -2.554119e-05 1.232984e-04
12165.053934 7.059252e-01 3.836170e-02 1.605671e-02 1.273214e-01 2.701539e-05 -2.034836e-05 -1.470991e-05 1.248623e-04
12168.888344 7.044556e-01 3.833006e-02 1.608149e-02 1.277147e-01 2.241454e-05 -3.033449e-05 6.374346e-07 1.248491e-04
12172.734946 7.031587e-01 3.860254e-02 1.616018e-02 1.274453e-01 1.346900e-05 -2.984390e-05 -1.707020e-07 1.484536e-04
12176.593740 7.028336e-01 3.888002e-02 1.626839e-02 1.273488e-01 1.370493e-05 -2.918012e-05 -2.533988e-05 1.260669e-04
12180.464726 7.032484e-01 3.906817e-02 1.634470e-02 1.279644e-01 1.898539e-05 -3.187265e-05 -1.230287e-05 1.241529e-04
12184.347903 7.026214e-01 3.907269e-02 1.639635e-02 1.278393e-01 1.347940e-05 -3.320721e-05 -2.243271e-05 1.252820e-04
12188.243273 7.018536e-01 3.935424e-02 1.646977e-02 1.270799e-01 1.374291e-05 -3.641881e-05 -8.697044e-06 1.212520e-04
12192.150835 7.019928e-01 3.965676e-02 1.661683e-02 1.257615e-01 2.480905e-05 -2.454340e-05 2.064384e-07 1.229328e-04
12196.070588 6.999781e-01 3.978224e-02 1.668953e-02 1.267184e-01 3.435491e-05 -2.018497e-05 -4.710228e-06 1.205191e-04
12200.002533 6.991549e-01 3.981289e-02 1.676630e-02 1.260629e-01 3.527223e-05 -3.409419e-05 -8.694492e-06 1.087086e-04
12203.946671 6.993442e-01 4.004655e-02 1.689945e-02 1.266392e-01 3.302097e-05 -3.054549e-05 -1.781373e-05 9.547276e-05
12207.903000 6.997458e-01 4.028855e-02 1.712366e-02 1.281872e-01 3.073401e-05 -3.455002e-05 -1.754414e-05 9.165784e-05
12211.871521 6.987936e-01 4.031796e-02 1.712558e-02 1.294960e-01 1.521636e-05 -3.595869e-05 -1.571307e-05 1.088395e-04
12215.852234 6.985607e-01 4.046528e-02 1.733812e-02 1.289406e-01 8.747480e-06 -2.872571e-05 -1.257941e-05 1.043186e-04
12219.845139 6.977203e-01 4.092589e-02 1.757603e-02 1.273218e-01 7.226988e-06 -2.018906e-05 -9.936948e-06 1.125459e-04
12223.850236 6.969394e-01 4.103730e-02 1.765836e-02 1.269505e-01 4.539025e-06 -1.651635e-05 -1.987823e-05 1.125377e-04
12227.867524 6.963378e-01 4.095178e-02 1.767856e-02 1.271514e-01 4.044609e-06 -2.445839e-05 -3.343774e-05 1.187838e-04
12231.897005 6.948661e-01 4.093524e-02 1.778864e-02 1.264529e-01 1.673718e-05 -3.468703e-05 -3.997554e-05 1.188703e-04
12235.938678 6.953272e-01 4.103879e-02 1.785540e-02 1.267738e-01 1.684626e-05 -3.858469e-05 -3.947690e-05 1.132696e-04
12239.992542 6.944401e-01 4.112880e-02 1.799265e-02 1.295505e-01 2.022724e-05 -2.809229e-05 -2.962270e-05 1.181387e-04
12244.058598 6.936094e-01 4.111329e-02 1.805704e-02 1.507324e-01 1.822190e-05 -1.557328e-05 -2.458463e-05 1.019746e-04
12248.136847 6.921857e-01 4.122328e-02 1.816275e-02 1.959943e-01 1.877553e-05 -2.116251e-05 -1.471706e-05 1.059445e-04
12252.227287 6.865538e-01 4.104292e-02 1.811756e-02 2.070827e-01 2.167394e-05 -1.979425e-05 -1.251953e-05 1.055495e-04
12256.329919 6.749684e-01 4.032584e-02 1.792029e-02 1.789227e-01 1.286381e-05 -2.922131e-05 -1.119122e-05 1.130353e-04
12260.444743 6.854201e-01 4.084123e-02 1.817049e-02 1.483394e-01 1.459210e-05 -3.645464e-05 -8.019458e-06 1.088447e-04
12264.571759 6.873301e-01 4.069353e-02 1.812073e-02 1.307438e-01 2.234628e-05 -4.496164e-05 -5.491210e-06 1.105430e-04
12268.710967 6.870108e-01 4.002813e-02 1.789828e-02 1.258245e-01 3.124511e-05 -3.272580e-05 -5.275429e-06 1.118440e-04
12272.862366 6.883753e-01 4.049519e-02 1.814798e-02 1.260721e-01 2.334765e-05 -4.256549e-05 -1.399356e-05 1.110592e-04
12277.025958 6.875428e-01 4.145110e-02 1.855553e-02 1.259639e-01 1.678184e-05 -3.551845e-05 5.247123e-07 1.059098e-04
12281.201742 6.864787e-01 4.244618e-02 1.891978e-02 1.258838e-01 1.079676e-05 -2.355095e-05 -3.785980e-06 1.069650e-04
12285.389717 6.851919e-01 4.298276e-02 1.913528e-02 1.247668e-01 1.620473e-05 -2.057186e-05 -5.060180e-06 1.218096e-04
12289.589884 6.842028e-01 4.340838e-02 1.929546e-02 1.252296e-01 1.941295e-05 -2.718145e-05 -2.894195e-06 1.149203e-04
12293.802244 6.841296e-01 4.360474e-02 1.937142e-02 1.246494e-01 2.231943e-05 -3.277461e-05 -1.065014e-05 1.182492e-04
12298.026795 6.713702e-01 4.220541e-02 1.883118e-02 1.236047e-01 2.242822e-05 -2.867734e-05 -1.503294e-05 1.184175e-04
12302.263538 6.754120e-01 4.139574e-02 1.855024e-02 1.264799e-01 3.531919e-05 -3.084166e-05 -1.213864e-05 1.310272e-04
12306.512473 6.828211e-01 4.266014e-02 1.904081e-02 1.410490e-01 2.991465e-05 -3.487388e-05 -8.338623e-06 1.426237e-04
12310.773600 6.822987e-01 4.357467e-02 1.946085e-02 1.604699e-01 2.459287e-05 -3.302591e-05 -6.999500e-06 1.351242e-04
12315.046919 6.815640e-01 4.395748e-02 1.962462e-02 1.600345e-01 2.473352e-05 -3.064697e-05 -1.527762e-05 1.281753e-04
12319.332429 6.807827e-01 4.406778e-02 1.976466e-02 1.372798e-01 1.745631e-05 -3.012095e-05 -7.853637e-06 1.259513e-04
12323.630132 6.811011e-01 4.443100e-02 1.993949e-02 1.281035e-01 1.710130e-05 -2.709124e-05 -1.600147e-05 1.171346e-04
12327.940026 6.801723e-01 4.428784e-02 2.000397e-02 1.272237e-01 2.168747e-05 -2.456877e-05 -9.362522e-06 1.119929e-04
12332.262113 6.791183e-01 4.454951e-02 2.015732e-02 1.326965e-01 2.026252e-05 -2.375121e-05 -1.488649e-06 1.050600e-04
12336.596391 6.788096e-01 4.480188e-02 2.037712e-02 1.413982e-01 1.939366e-05 -2.444419e-05 9.932720e-07 9.966710e-05
12340.942861 6.782605e-01 4.484297e-02 2.051638e-02 1.387290e-01 1.199668e-05 -2.684448e-05 6.046174e-06 1.033778e-04
12345.301524 6.775042e-01 4.494798e-02 2.064167e-02 1.294654e-01 1.907035e-05 -2.201785e-05 3.746302e-07 1.172562e-04
12349.672378 6.764566e-01 4.472151e-02 2.061154e-02 1.273259e-01 7.328333e-06 -2.038667e-05 -1.184580e-05 1.170528e-04
12354.055424 6.747431e-01 4.474962e-02 2.073151e-02 1.258542e-01 7.845206e-06 -2.966247e-05 -1.956934e-05 1.266576e-04
12358.450662 6.748039e-01 4.535359e-02 2.104068e-02 1.246788e-01 1.008995e-05 -3.085749e-05 -1.981217e-05 1.199699e-04
12362.858091 6.741577e-01 4.535464e-02 2.105028e-02 1.241695e-01 1.057851e-05 -3.694799e-05 -1.839924e-05 1.152633e-04
12367.277713 6.725693e-01 4.522302e-02 2.109491e-02 1.239601e-01 5.901939e-06 -2.502337e-05 -1.635184e-05 1.222452e-04
12371.709527 6.733114e-01 4.545585e-02 2.121726e-02 1.243241e-01 1.868050e-07 -1.295501e-05 -1.586974e-05 1.060437e-04
12376.153532 6.723689e-01 4.588056e-02 2.146403e-02 1.240701e-01 1.653298e-05 -5.219746e-06 -1.285920e-05 1.072476e-04
12380.609730 6.718716e-01 4.658484e-02 2.184528e-02 1.240090e-01 1.982964e-05 1.160905e-06 -1.490378e-05 1.112695e-04
12385.078119 6.714743e-01 4.693741e-02 2.205318e-02 1.242945e-01 1.894836e-05 -1.137779e-05 -2.347219e-05 1.171025e-04
12389.558700 6.704066e-01 4.699487e-02 2.218428e-02 1.238486e-01 1.809737e-05 -1.715384e-05 -1.853579e-05 1.144840e-04
12394.051473 6.696908e-01 4.738787e-02 2.237469e-02 1.238346e-01 1.590217e-05 -1.457571e-05 -1.418059e-05 1.179406e-04
12398.556438 6.687537e-01 4.738154e-02 2.234369e-02 1.234510e-01 1.386127e-05 -1.489235e-05 -6.781909e-06 1.217222e-04
12403.073595 6.678649e-01 4.733869e-02 2.245106e-02 1.233840e-01 1.375626e-05 -1.377853e-05 -1.676155e-05 1.101123e-04
12407.602944 6.673382e-01 4.767636e-02 2.260612e-02 1.238530e-01 1.659462e-05 -8.608642e-06 -1.766103e-05 9.641194e-05
12412.144485 6.661745e-01 4.799217e-02 2.281554e-02 1.237736e-01 1.990942e-05 -1.231554e-05 -9.182164e-06 1.114003e-04
12416.698218 6.643453e-01 4.816648e-02 2.293741e-02 1.240822e-01 1.822868e-05 -1.692419e-05 -5.009651e-06 9.881098e-05
12421.264142 6.612359e-01 4.821122e-02 2.302990e-02 1.242506e-01 1.717889e-05 -1.928889e-05 -6.157764e-06 8.988656e-05
12425.842259 6.629795e-01 4.873134e-02 2.329814e-02 1.244329e-01 1.419647e-05 -2.353788e-05 -9.915590e-06 9.800152e-05
12430.432567 6.638674e-01 4.919122e-02 2.347646e-02 1.238818e-01 2.129012e-05 -1.742699e-05 -9.526052e-06 1.026988e-04
12435.035068 6.627924e-01 4.947896e-02 2.363259e-02 1.235510e-01 3.258896e-05 -1.345965e-05 -8.005695e-07 1.023279e-04
12439.649760 6.624150e-01 4.988259e-02 2.392245e-02 1.233014e-01 3.449518e-05 -1.034507e-05 -1.958044e-06 1.109873e-04
12444.276644 6.612930e-01 5.009927e-02 2.408905e-02 1.233091e-01 3.387321e-05 -1.990499e-05 -6.109834e-06 9.747556e-05
12448.915720 6.603881e-01 5.025359e-02 2.416046e-02 1.237481e-01 3.464497e-05 -1.267794e-05 -4.705199e-06 9.327498e-05
12453.566988 6.606940e-01 5.045945e-02 2.433161e-02 1.234399e-01 3.003103e-05 -1.086338e-05 -5.533438e-06 8.677472e-05
12458.230448 6.597439e-01 5.056851e-02 2.441957e-02 1.235127e-01 3.118848e-05 -1.235779e-05 -1.677924e-05 8.577938e-05
12462.906100 6.594103e-01 5.081384e-02 2.464433e-02 1.237288e-01 2.439845e-05 -1.252322e-05 -1.354022e-05 8.022435e-05
12467.593943 6.585008e-01 5.103246e-02 2.483120e-02 1.243482e-01 2.363956e-05 -1.486110e-05 -9.599509e-06 7.269304e-05
12472.293979 6.570123e-01 5.116170e-02 2.495382e-02 1.260908e-01 3.295950e-05 -4.126707e-06 -2.572997e-05 8.556014e-05
12477.006206 6.565512e-01 5.152558e-02 2.519776e-02 1.280440e-01 4.075858e-05 -4.666629e-06 -2.564334e-05 9.755153e-05
12481.730626 6.566189e-01 5.189870e-02 2.549310e-02 1.249799e-01 4.265430e-05 -3.088779e-06 -2.280099e-05 9.833421e-05
12486.467237 6.559832e-01 5.224023e-02 2.574995e-02 1.231475e-01 3.854457e-05 -8.155584e-06 -2.294936e-05 9.916459e-05
12491.216040 6.552468e-01 5.252253e-02 2.594728e-02 1.232873e-01 3.019101e-05 -5.515329e-06 -2.715542e-05 9.387969e-05
12495.977036 6.535335e-01 5.261242e-02 2.607346e-02 1.246763e-01 2.565482e-05 -1.591339e-05 -1.592902e-05 9.469426e-05
12500.750223 6.507729e-01 5.261953e-02 2.620278e-02 1.266433e-01 2.474875e-05 -2.008879e-05 -7.324669e-06 9.076340e-05
12505.535602 6.525096e-01 5.288784e-02 2.642824e-02 1.261817e-01 2.825183e-05 -1.755261e-05 -4.675071e-06 9.544326e-05
12510.333172 6.529332e-01 5.305016e-02 2.655716e-02 1.242228e-01 2.504182e-05 -1.570255e-05 -4.657507e-06 9.762613e-05
12515.142935 6.520619e-01 5.314697e-02 2.669902e-02 1.233190e-01 2.572673e-05 -1.725774e-05 -1.024036e-05 1.092389e-04
12519.964890 6.512907e-01 5.327059e-02 2.685642e-02 1.228613e-01 3.390125e-05 -1.418080e-05 -1.441514e-05 1.183940e-04
12524.799037 6.505642e-01 5.283860e-02 2.678145e-02 1.229892e-01 3.884438e-05 -1.979048e-05 -1.368810e-05 1.153320e-04
12529.645375 6.442954e-01 5.182452e-02 2.637619e-02 1.216835e-01 3.148132e-05 -2.123836e-05 -1.840494e-05 1.204277e-04
12534.503905 3.327596e-01 2.684971e-02 1.366508e-02 6.287767e-02 1.431682e-05 -8.612931e-06 -1.431827e-05 5.875888e-05
12539.374628 6.490966e-03 5.246844e-04 2.678839e-04 1.227999e-03 2.274977e-07 -1.048304e-07 -2.531887e-07 1.112434e-06
