# Facility: NSLS-II
# Beamline: QAS
# Year: 2023
# Cycle: 3
# SAF: 312215
# PI: Reece
# Proposal: 313586
# Scan ID: 271104
# UID: 4138e7db-c3ad-4c7c-a852-e49755c4a098
# Comment: 
# Start time: 10/18/2023  19:44:08
# Stop time: 10/18/2023  19:44:42
# Total time: 00:33
# Trajectory name: Pt-L3-30s-11564.txt
# Element: Platinum ( 78)
# Edge: L3
# E0: 11564
# Reference Foil Element: Pt
# Keithley Gains I0: 1E6 V/A It: 1E6 V/A Iref: 1E7 V/A PIPS: 1E8 V/A 
# Ion Chamber Gas Flow Rates: I0: 0.00 sccm He + 189.60 sccm N2 + 9.80 sccm Ar 
# Ion Chamber Gas Flow Rates: It&Iref: 39.70 sccm N2 + 60.10 sccm Ar
# Incident Beam Path Vertical: 31.75 mm
# Incident Slits Positions B: TOP: 2.0 mm Bottom: 1.0 mm Inboard: 0.57675 mm Outboard: 1.57675 mm
# Sample Stage Positions: Rotation: 40.0 deg Horizontal: -10.11 mm Vertical: 15.39 mm Beam Direction: 0.00 mm
# PerkinElmer Vertical Position: 500.00 mm
# Linkam Oven Temperature : 3.03 C and Ramp Rate: 20.00 C/min.
# Front End Mirror Horizontal Positions: Up: -14.00 mm Down: -14.00 mm
#
# energy  i0  it  ir  iff  aux1  aux2  aux3  aux4
11380.596982 4.189918e-01 9.427410e-03 1.460306e-02 2.645835e-02 2.214316e-05 -1.360232e-05 2.044568e-05 4.965781e-05
11385.596982 8.230364e-01 1.860009e-02 2.885616e-02 5.223507e-02 3.807169e-05 -2.231343e-05 3.589379e-05 9.548860e-05
11390.596982 8.294848e-01 1.915627e-02 2.962876e-02 5.253636e-02 2.944166e-05 -1.157745e-05 3.775673e-05 1.028917e-04
11395.596982 8.368430e-01 1.944731e-02 3.012845e-02 5.294428e-02 3.213623e-05 -2.430946e-05 4.093075e-05 9.796009e-05
11400.596982 8.356566e-01 1.960473e-02 3.038449e-02 5.293564e-02 4.258667e-05 -2.961820e-05 4.213183e-05 1.009096e-04
11405.596982 8.330931e-01 1.977513e-02 3.061314e-02 5.297346e-02 2.890712e-05 -3.183965e-05 3.678854e-05 1.090831e-04
11410.596982 8.303279e-01 1.981425e-02 3.071606e-02 5.287534e-02 2.308698e-05 -2.228466e-05 3.615684e-05 1.026579e-04
11415.596982 8.224261e-01 1.966996e-02 3.061366e-02 5.285711e-02 2.698273e-05 -2.386331e-05 3.847284e-05 1.039986e-04
11420.596982 8.225636e-01 1.980257e-02 3.088671e-02 5.414517e-02 3.344773e-05 -2.735693e-05 3.823112e-05 1.083999e-04
11425.596982 8.297336e-01 2.029978e-02 3.155329e-02 5.447795e-02 3.036362e-05 -2.935154e-05 3.691308e-05 1.104431e-04
11430.596982 8.302964e-01 2.052481e-02 3.198118e-02 5.392040e-02 3.082955e-05 -1.342222e-05 3.547494e-05 1.128216e-04
11435.596982 8.285930e-01 2.066309e-02 3.222697e-02 5.355670e-02 3.536056e-05 -1.350679e-05 3.766433e-05 1.112488e-04
11440.596982 8.271379e-01 2.076512e-02 3.242358e-02 5.322923e-02 3.509117e-05 -2.202008e-05 3.993795e-05 1.030328e-04
11445.596982 8.265761e-01 2.080134e-02 3.258484e-02 5.359988e-02 4.089763e-05 -1.792654e-05 3.726834e-05 9.898691e-05
11450.596982 8.258292e-01 2.093756e-02 3.284271e-02 5.380082e-02 2.844186e-05 -2.975985e-05 5.193523e-05 1.021939e-04
11455.596982 8.240647e-01 2.095873e-02 3.291425e-02 5.370255e-02 3.482649e-05 -2.502077e-05 4.574028e-05 1.035465e-04
11460.596982 8.231209e-01 2.112320e-02 3.320767e-02 5.380511e-02 4.097619e-05 -2.283889e-05 3.606490e-05 9.948614e-05
11465.596982 8.221826e-01 2.141404e-02 3.364188e-02 5.345308e-02 4.088003e-05 -2.342088e-05 4.782196e-05 8.783143e-05
11470.596982 8.213289e-01 2.151943e-02 3.387403e-02 5.354159e-02 5.191407e-05 -2.526655e-05 5.678463e-05 8.365828e-05
11475.596982 8.206382e-01 2.139602e-02 3.375175e-02 5.355294e-02 3.832141e-05 -2.784816e-05 4.935226e-05 8.498182e-05
11480.596982 8.197392e-01 2.132351e-02 3.368751e-02 5.373732e-02 3.495612e-05 -1.792188e-05 4.350991e-05 8.461200e-05
11485.596982 8.188590e-01 2.195821e-02 3.464387e-02 5.396080e-02 3.416658e-05 -1.561031e-05 3.569161e-05 9.024127e-05
11490.596982 8.179980e-01 2.219992e-02 3.500538e-02 5.388342e-02 3.467260e-05 -1.878575e-05 3.057405e-05 8.638886e-05
11495.596982 8.170477e-01 2.238372e-02 3.528254e-02 5.411548e-02 3.923958e-05 -1.888985e-05 2.729597e-05 8.971259e-05
11500.596982 8.159519e-01 2.252204e-02 3.553138e-02 5.423646e-02 4.264624e-05 -2.338442e-05 4.060873e-05 9.156404e-05
11505.596982 8.151167e-01 2.265050e-02 3.575221e-02 5.453280e-02 3.324378e-05 -2.193762e-05 3.166886e-05 9.174144e-05
11510.596982 8.143368e-01 2.278696e-02 3.593195e-02 5.500317e-02 4.096600e-05 -2.253953e-05 3.402693e-05 9.850347e-05
11515.596982 8.135098e-01 2.295514e-02 3.621253e-02 5.456480e-02 4.862758e-05 -1.245151e-05 3.684471e-05 1.112588e-04
11520.596982 8.129475e-01 2.313879e-02 3.639250e-02 5.488141e-02 4.513758e-05 -5.665704e-06 3.605352e-05 1.155632e-04
11525.596982 8.116426e-01 2.325166e-02 3.653538e-02 5.503381e-02 3.827412e-05 -6.207920e-06 3.551152e-05 1.082644e-04
11530.596982 8.105122e-01 2.328750e-02 3.640967e-02 5.535636e-02 3.460672e-05 -6.299908e-07 3.369617e-05 1.053806e-04
11534.000000 8.101415e-01 2.334900e-02 3.641449e-02 5.608635e-02 3.583722e-05 -5.530148e-06 3.282883e-05 1.013363e-04
11535.000000 8.100556e-01 2.337919e-02 3.643569e-02 5.598159e-02 3.415094e-05 -1.740377e-06 2.830618e-05 1.034645e-04
11536.000000 8.105238e-01 2.342099e-02 3.637970e-02 5.651650e-02 3.208252e-05 -5.792321e-07 2.037329e-05 9.961629e-05
11537.000000 8.090945e-01 2.346552e-02 3.631593e-02 5.588291e-02 4.094747e-05 -3.057532e-07 2.994429e-05 1.001667e-04
11538.000000 8.095574e-01 2.347257e-02 3.633393e-02 5.624369e-02 5.283555e-05 2.137680e-06 2.746409e-05 9.308540e-05
11539.000000 8.104133e-01 2.350862e-02 3.628919e-02 5.637003e-02 4.722095e-05 1.253451e-05 3.366996e-05 1.024958e-04
11540.000000 8.088859e-01 2.352195e-02 3.631335e-02 5.606127e-02 4.042539e-05 8.434474e-06 4.154731e-05 8.874112e-05
11541.000000 8.088295e-01 2.360382e-02 3.631531e-02 5.676100e-02 4.173192e-05 -5.204893e-06 4.875225e-05 1.113101e-04
11541.200000 8.130857e-01 2.387272e-02 3.642104e-02 5.712433e-02 3.134927e-05 -6.648836e-06 4.412937e-05 1.099396e-04
11541.400000 8.066092e-01 2.349429e-02 3.601876e-02 5.519665e-02 5.143910e-05 1.081362e-06 4.571087e-05 1.112911e-04
11541.600000 8.100894e-01 2.368209e-02 3.611054e-02 5.758910e-02 3.370699e-05 3.590014e-06 4.111244e-05 1.069476e-04
11541.800000 8.078956e-01 2.354695e-02 3.595818e-02 5.574739e-02 3.157198e-05 3.968263e-06 4.703471e-05 1.044944e-04
11542.000000 8.099305e-01 2.358177e-02 3.615039e-02 5.587947e-02 4.689725e-05 1.247324e-06 4.332362e-05 9.832385e-05
11542.200000 8.026665e-01 2.348834e-02 3.573755e-02 5.679875e-02 4.483057e-05 3.004494e-06 4.089479e-05 8.995544e-05
11542.400000 8.189584e-01 2.383446e-02 3.685569e-02 5.975332e-02 6.262130e-05 -1.036385e-06 6.074809e-05 9.985929e-05
11542.600000 7.993213e-01 2.343941e-02 3.575293e-02 5.581119e-02 4.630678e-05 1.182440e-06 6.906206e-05 9.991067e-05
11542.800000 8.152963e-01 2.381939e-02 3.644680e-02 5.582204e-02 4.680102e-05 1.135431e-05 5.827740e-05 1.006438e-04
11543.000000 8.079619e-01 2.363886e-02 3.606604e-02 5.666411e-02 3.284118e-05 1.279183e-05 4.596651e-05 8.105298e-05
11543.200000 8.127696e-01 2.376677e-02 3.635958e-02 5.683004e-02 2.808393e-05 9.582095e-06 3.505418e-05 7.894106e-05
11543.400000 8.076953e-01 2.360867e-02 3.614381e-02 5.874689e-02 4.201354e-05 4.294367e-06 4.125767e-05 9.278092e-05
11543.600000 8.062597e-01 2.363767e-02 3.619222e-02 5.681876e-02 2.318355e-05 -1.775172e-06 2.673476e-05 9.403130e-05
11543.800000 8.072621e-01 2.357772e-02 3.610192e-02 5.727489e-02 4.611541e-05 7.684719e-06 3.870010e-05 9.246304e-05
11544.000000 8.083377e-01 2.373122e-02 3.605207e-02 5.579944e-02 4.079452e-05 1.595878e-05 5.739347e-05 9.718123e-05
11544.200000 8.087762e-01 2.364751e-02 3.575732e-02 5.534034e-02 4.726692e-05 2.181701e-05 4.614596e-05 9.960244e-05
11544.400000 8.075587e-01 2.365843e-02 3.586894e-02 5.718799e-02 3.621368e-05 6.685194e-06 3.947463e-05 9.436107e-05
11544.600000 8.070123e-01 2.365167e-02 3.590932e-02 5.834819e-02 3.434100e-05 9.159760e-06 4.427456e-05 9.554562e-05
11544.800000 8.029964e-01 2.349895e-02 3.574284e-02 5.779812e-02 3.802624e-05 1.382654e-05 5.063270e-05 1.014086e-04
11545.000000 8.105782e-01 2.387527e-02 3.594945e-02 5.557619e-02 2.722192e-05 2.128495e-05 6.016868e-05 1.056088e-04
11545.200000 8.105311e-01 2.373314e-02 3.584694e-02 5.800397e-02 3.520043e-05 1.634115e-05 5.224668e-05 1.017983e-04
11545.400000 8.085052e-01 2.389901e-02 3.616242e-02 5.866194e-02 3.070806e-05 1.662682e-05 4.406764e-05 1.023127e-04
11545.600000 8.087078e-01 2.372345e-02 3.609323e-02 5.793537e-02 4.382464e-05 1.918862e-05 4.305517e-05 1.132704e-04
11545.800000 8.120989e-01 2.390239e-02 3.621759e-02 5.832280e-02 3.125543e-05 1.647186e-05 3.255893e-05 1.121450e-04
11546.000000 8.061198e-01 2.370775e-02 3.578129e-02 5.619251e-02 4.050053e-05 1.937126e-05 2.168727e-05 1.130343e-04
11546.200000 8.073654e-01 2.371939e-02 3.583608e-02 5.830525e-02 4.947960e-05 2.915035e-05 4.694077e-05 1.129808e-04
11546.400000 8.160403e-01 2.411527e-02 3.625050e-02 5.858525e-02 4.647358e-05 2.038084e-05 6.141111e-05 1.230369e-04
11546.600000 8.072513e-01 2.372995e-02 3.571668e-02 5.780300e-02 5.710443e-05 1.435235e-05 5.134971e-05 1.119133e-04
11546.800000 8.064165e-01 2.387798e-02 3.567391e-02 5.758156e-02 4.000827e-05 5.477928e-06 4.101678e-05 1.013788e-04
11547.000000 8.085875e-01 2.375803e-02 3.597832e-02 5.465254e-02 5.889696e-05 8.615184e-06 3.666870e-05 1.031769e-04
11547.200000 8.027893e-01 2.379334e-02 3.562364e-02 5.644631e-02 5.278942e-05 4.821957e-06 3.839746e-05 1.116732e-04
11547.400000 8.113297e-01 2.395763e-02 3.579421e-02 5.964381e-02 4.777400e-05 2.143920e-06 5.146743e-05 1.125435e-04
11547.600000 8.044326e-01 2.372569e-02 3.551809e-02 5.776224e-02 4.595059e-05 3.486750e-06 6.407370e-05 1.242772e-04
11547.800000 8.063328e-01 2.388852e-02 3.542219e-02 5.718741e-02 4.511143e-05 6.451914e-06 4.555605e-05 1.078099e-04
11548.000000 8.086178e-01 2.383891e-02 3.560162e-02 5.970768e-02 5.103423e-05 3.331768e-06 3.729296e-05 9.615675e-05
11548.200000 8.100268e-01 2.398709e-02 3.537554e-02 5.814677e-02 4.762414e-05 7.092646e-06 3.755331e-05 9.878306e-05
11548.400000 8.047874e-01 2.372656e-02 3.546311e-02 5.928617e-02 5.528738e-05 5.958433e-06 4.196701e-05 9.382709e-05
11548.600000 8.144205e-01 2.415829e-02 3.551678e-02 5.926085e-02 4.509674e-05 8.696551e-06 4.015951e-05 1.159477e-04
11548.800000 7.921588e-01 2.343115e-02 3.444734e-02 5.640296e-02 6.652637e-05 2.088724e-06 4.418280e-05 1.185823e-04
11549.000000 8.181124e-01 2.422778e-02 3.567296e-02 5.985272e-02 6.271418e-05 -2.298030e-06 5.281599e-05 1.177444e-04
11549.200000 8.094492e-01 2.393954e-02 3.554992e-02 5.856692e-02 6.957758e-05 -1.226050e-05 4.449008e-05 1.083178e-04
11549.400000 8.057363e-01 2.389877e-02 3.527925e-02 5.902964e-02 6.190936e-05 -3.503952e-06 4.911122e-05 8.978859e-05
11549.600000 8.068381e-01 2.386986e-02 3.508819e-02 5.762331e-02 6.751882e-05 -4.075127e-06 5.250084e-05 1.019218e-04
11549.800000 8.080248e-01 2.394031e-02 3.508339e-02 6.028694e-02 5.563312e-05 -5.377235e-06 3.992410e-05 1.041702e-04
11550.000000 8.059348e-01 2.386486e-02 3.519978e-02 5.789195e-02 4.615491e-05 -4.495818e-06 5.427719e-05 1.002890e-04
11550.200000 8.087112e-01 2.392183e-02 3.508057e-02 5.885147e-02 4.810755e-05 -1.073622e-05 5.026513e-05 9.271796e-05
11550.400000 8.140220e-01 2.413458e-02 3.540817e-02 5.969753e-02 3.859184e-05 -1.147173e-05 4.147875e-05 9.163602e-05
11550.600000 7.996840e-01 2.369335e-02 3.436159e-02 5.962599e-02 4.005693e-05 -8.372944e-06 3.468980e-05 8.556389e-05
11550.800000 8.147302e-01 2.415427e-02 3.514985e-02 5.913961e-02 4.220033e-05 -1.358471e-05 3.162463e-05 8.601228e-05
11551.000000 8.007536e-01 2.367829e-02 3.436516e-02 5.932576e-02 4.732173e-05 -1.542801e-05 3.788886e-05 9.591511e-05
11551.200000 8.056447e-01 2.396796e-02 3.448351e-02 6.015896e-02 3.568310e-05 -1.108695e-05 5.565974e-05 9.297121e-05
11551.400000 8.093384e-01 2.395363e-02 3.444143e-02 5.904355e-02 5.086269e-05 -8.643015e-06 4.994624e-05 9.424650e-05
11551.600000 8.103227e-01 2.408984e-02 3.464673e-02 5.861151e-02 3.557245e-05 -9.977469e-06 4.470888e-05 8.687947e-05
11551.800000 8.010399e-01 2.368335e-02 3.417009e-02 6.173806e-02 3.508820e-05 -1.026042e-05 4.789921e-05 8.320413e-05
11552.000000 8.125982e-01 2.415125e-02 3.456084e-02 6.155630e-02 3.711879e-05 -5.772452e-06 4.642541e-05 7.434364e-05
11552.200000 8.044644e-01 2.377633e-02 3.411259e-02 6.000402e-02 4.515052e-05 -2.295557e-06 4.413706e-05 8.824202e-05
11552.400000 8.064857e-01 2.397238e-02 3.401935e-02 5.829010e-02 3.314076e-05 -1.697846e-06 5.160259e-05 8.602915e-05
11552.600000 8.092395e-01 2.389161e-02 3.415606e-02 6.247932e-02 4.313370e-05 -2.100052e-06 4.369483e-05 7.935596e-05
11552.800000 7.946871e-01 2.364399e-02 3.333776e-02 6.027433e-02 2.482699e-05 -1.436498e-06 3.080219e-05 8.362854e-05
11553.000000 8.101757e-01 2.391025e-02 3.384779e-02 6.202213e-02 4.095639e-05 1.728746e-09 2.890149e-05 9.851140e-05
11553.200000 8.057073e-01 2.392470e-02 3.358307e-02 6.171426e-02 3.279009e-05 -6.705404e-07 4.383763e-05 1.015192e-04
11553.400000 8.086570e-01 2.391386e-02 3.360495e-02 6.151282e-02 4.041329e-05 -4.788320e-06 5.356201e-05 8.949290e-05
11553.600000 8.088399e-01 2.402610e-02 3.367046e-02 6.146143e-02 3.064450e-05 6.912887e-07 5.846965e-05 8.472393e-05
11553.800000 8.104895e-01 2.394590e-02 3.375422e-02 6.231505e-02 5.130519e-05 4.131414e-06 5.544262e-05 9.400320e-05
11554.000000 8.047152e-01 2.389785e-02 3.302023e-02 6.215993e-02 4.438660e-05 1.221691e-05 5.027463e-05 9.424263e-05
11554.200000 8.081757e-01 2.385606e-02 3.305591e-02 6.169794e-02 6.155863e-05 7.742568e-06 4.993681e-05 9.852661e-05
11554.400000 8.092665e-01 2.394644e-02 3.302199e-02 6.248505e-02 5.284122e-05 6.720536e-07 4.386353e-05 8.841635e-05
11554.600000 8.069003e-01 2.377801e-02 3.274004e-02 6.142400e-02 5.611208e-05 -4.349819e-06 4.337749e-05 1.002602e-04
11554.800000 8.079236e-01 2.394226e-02 3.262575e-02 6.294540e-02 4.193248e-05 5.429322e-06 5.030201e-05 8.945365e-05
11555.000000 8.074464e-01 2.382571e-02 3.237426e-02 6.299040e-02 4.643966e-05 1.337585e-05 4.664488e-05 1.088244e-04
11555.200000 8.111614e-01 2.401498e-02 3.241479e-02 6.231909e-02 3.528233e-05 9.052301e-06 3.544555e-05 9.983523e-05
11555.400000 8.045907e-01 2.376540e-02 3.183655e-02 6.303252e-02 4.391260e-05 8.585734e-07 1.698198e-05 8.705767e-05
11555.600000 8.132244e-01 2.401698e-02 3.225516e-02 6.503680e-02 4.898131e-05 9.004748e-06 3.270362e-05 9.172923e-05
11555.800000 8.054867e-01 2.375657e-02 3.161613e-02 6.373311e-02 5.165922e-05 1.677993e-05 4.029656e-05 1.007801e-04
11556.000000 8.024040e-01 2.367648e-02 3.151236e-02 6.274568e-02 5.301942e-05 1.361930e-05 2.477558e-05 8.899533e-05
11556.200000 8.106147e-01 2.396019e-02 3.151706e-02 6.630118e-02 4.551971e-05 1.421030e-05 3.019160e-05 8.079909e-05
11556.400000 8.107008e-01 2.393408e-02 3.117708e-02 6.410089e-02 5.727551e-05 1.433716e-05 2.894316e-05 9.923576e-05
11556.600000 8.055526e-01 2.379428e-02 3.055300e-02 6.269092e-02 5.656372e-05 1.880591e-05 4.343232e-05 1.111301e-04
11556.800000 8.075703e-01 2.383923e-02 3.071832e-02 6.644321e-02 5.463759e-05 1.553344e-05 5.539472e-05 1.134323e-04
11557.000000 8.063017e-01 2.386583e-02 3.067409e-02 6.637495e-02 4.631084e-05 1.369019e-05 3.778123e-05 9.759586e-05
11557.200000 8.085450e-01 2.388731e-02 3.009073e-02 6.559449e-02 5.180705e-05 1.098973e-05 3.389045e-05 9.845672e-05
11557.400000 8.057487e-01 2.393637e-02 2.980973e-02 6.676479e-02 4.289235e-05 1.686297e-05 3.938365e-05 1.056066e-04
11557.600000 8.081867e-01 2.384598e-02 2.931413e-02 6.781985e-02 5.068526e-05 1.656931e-05 4.134825e-05 1.099472e-04
11557.800000 8.065021e-01 2.395377e-02 2.948922e-02 6.926741e-02 3.785353e-05 1.352049e-05 4.296028e-05 1.028993e-04
11558.000000 8.019009e-01 2.364035e-02 2.896659e-02 6.933161e-02 4.702091e-05 1.583795e-05 4.243582e-05 9.872015e-05
11558.200000 8.145584e-01 2.414432e-02 2.878708e-02 6.790232e-02 4.515368e-05 9.104537e-06 3.170094e-05 1.027114e-04
11558.400000 8.090336e-01 2.384164e-02 2.835691e-02 6.582960e-02 5.530975e-05 1.332505e-05 3.005834e-05 9.795951e-05
11558.600000 8.082977e-01 2.400065e-02 2.807600e-02 6.947885e-02 3.537961e-05 6.969034e-06 3.404466e-05 1.026916e-04
11558.800000 8.014484e-01 2.369076e-02 2.731205e-02 7.126572e-02 5.433873e-05 9.159238e-06 5.061727e-05 1.254603e-04
11559.000000 8.092429e-01 2.408691e-02 2.740161e-02 7.059664e-02 4.537060e-05 4.523327e-06 4.499996e-05 1.142497e-04
11559.200000 8.078561e-01 2.400560e-02 2.685461e-02 7.165224e-02 3.851813e-05 4.180969e-06 4.946753e-05 1.178573e-04
11559.400000 8.074197e-01 2.403477e-02 2.638272e-02 7.302688e-02 3.606968e-05 1.888008e-06 6.271302e-05 1.138788e-04
11559.600000 8.081464e-01 2.404269e-02 2.612015e-02 7.355081e-02 4.149799e-05 5.267071e-06 5.813150e-05 1.199631e-04
11559.800000 8.100758e-01 2.407884e-02 2.568676e-02 7.425322e-02 4.342338e-05 4.410640e-06 5.570162e-05 1.215072e-04
11560.000000 8.040129e-01 2.401545e-02 2.505357e-02 7.427128e-02 3.151822e-05 -1.706522e-06 5.425184e-05 1.253334e-04
11560.200000 8.085667e-01 2.403227e-02 2.440668e-02 7.534587e-02 3.448403e-05 2.058505e-06 4.375649e-05 1.184279e-04
11560.400000 8.045201e-01 2.402981e-02 2.376421e-02 7.717168e-02 2.196457e-05 7.415177e-06 4.334126e-05 1.099097e-04
11560.600000 8.096068e-01 2.412828e-02 2.344130e-02 7.818709e-02 2.905456e-05 1.106609e-05 5.421073e-05 1.032097e-04
11560.800000 8.091342e-01 2.412955e-02 2.278688e-02 8.035403e-02 3.727318e-05 6.371366e-06 5.695927e-05 9.989151e-05
11561.000000 8.022870e-01 2.398356e-02 2.175220e-02 8.120116e-02 3.265849e-05 6.482578e-06 5.043417e-05 9.358768e-05
11561.200000 8.043749e-01 2.402319e-02 2.130860e-02 8.124860e-02 4.000807e-05 2.940667e-05 5.433692e-05 1.034643e-04
11561.400000 8.114338e-01 2.425298e-02 2.080574e-02 8.235805e-02 2.223227e-05 1.857523e-05 5.413272e-05 1.095992e-04
11561.600000 8.030579e-01 2.409334e-02 2.006940e-02 8.439303e-02 2.031855e-05 1.350019e-05 5.679833e-05 1.121653e-04
11561.800000 8.064856e-01 2.410961e-02 1.917612e-02 8.774610e-02 2.986422e-05 1.376032e-05 5.982931e-05 1.029491e-04
11562.000000 8.080003e-01 2.422416e-02 1.848130e-02 8.980503e-02 3.816573e-05 1.454444e-05 5.593377e-05 1.085795e-04
11562.200000 8.022663e-01 2.410105e-02 1.759184e-02 9.006469e-02 3.640393e-05 1.792523e-05 4.237305e-05 1.062338e-04
11562.400000 8.059823e-01 2.414414e-02 1.677069e-02 9.287914e-02 2.814484e-05 9.777608e-06 4.647939e-05 1.074770e-04
11562.600000 8.089002e-01 2.427741e-02 1.591574e-02 9.689764e-02 3.089032e-05 -6.661175e-07 3.567658e-05 1.090523e-04
11562.800000 8.043048e-01 2.422094e-02 1.500422e-02 9.900967e-02 2.789591e-05 -1.075409e-05 4.138171e-05 1.067065e-04
11563.000000 8.086794e-01 2.428858e-02 1.420260e-02 1.016054e-01 3.308682e-05 -6.653248e-06 3.112214e-05 1.111993e-04
11563.200000 8.106987e-01 2.437559e-02 1.338925e-02 1.042086e-01 2.873802e-05 -3.882617e-06 3.808058e-05 1.055107e-04
11563.400000 8.002852e-01 2.411517e-02 1.265367e-02 1.078998e-01 2.233328e-05 -5.869765e-06 4.046175e-05 1.007361e-04
11563.600000 8.085990e-01 2.432004e-02 1.184441e-02 1.113814e-01 3.031021e-05 5.610956e-06 4.599461e-05 1.092540e-04
11563.800000 8.072304e-01 2.429478e-02 1.099187e-02 1.155908e-01 3.831905e-05 4.158863e-06 4.284504e-05 1.245206e-04
11564.000000 8.069238e-01 2.432677e-02 1.021171e-02 1.198007e-01 3.319643e-05 -1.036005e-06 3.117327e-05 1.110499e-04
11564.200000 8.039362e-01 2.419663e-02 9.729514e-03 1.202063e-01 1.633920e-05 -3.857185e-06 1.912427e-05 1.222085e-04
11564.400000 8.054336e-01 2.422948e-02 9.189072e-03 1.260125e-01 2.729310e-05 -1.838847e-06 3.845768e-05 1.350122e-04
11564.600000 8.061604e-01 2.425893e-02 8.562241e-03 1.282396e-01 2.371861e-05 -8.319024e-06 3.445231e-05 1.239958e-04
11564.800000 8.050606e-01 2.420251e-02 7.720997e-03 1.326055e-01 2.829203e-05 -1.101528e-05 4.510358e-05 1.304144e-04
11565.000000 8.073640e-01 2.427473e-02 7.502837e-03 1.358912e-01 2.122729e-05 4.557789e-07 4.656786e-05 1.264840e-04
11565.200000 8.047707e-01 2.420044e-02 7.054309e-03 1.414098e-01 2.116331e-05 4.409039e-07 3.735577e-05 1.152734e-04
11565.400000 8.066291e-01 2.425121e-02 6.662220e-03 1.450794e-01 1.959976e-05 -2.705390e-06 3.759420e-05 1.139462e-04
11565.600000 8.054631e-01 2.423797e-02 6.365144e-03 1.456660e-01 2.476378e-05 -7.264458e-06 2.789301e-05 9.851829e-05
11565.800000 8.052245e-01 2.420293e-02 6.056908e-03 1.487805e-01 2.705556e-05 -1.141043e-05 3.626269e-05 1.045717e-04
11566.000000 8.067458e-01 2.427502e-02 6.008259e-03 1.537579e-01 2.769127e-05 -1.502291e-05 3.559045e-05 1.050519e-04
11566.200000 8.055339e-01 2.426591e-02 5.847403e-03 1.534654e-01 1.541451e-05 -8.200048e-06 3.978539e-05 1.044452e-04
11566.400000 8.084731e-01 2.433657e-02 5.763928e-03 1.570840e-01 1.719329e-05 -1.400892e-06 3.047897e-05 1.055295e-04
11566.600000 8.025890e-01 2.414218e-02 5.574581e-03 1.573777e-01 2.380246e-05 -1.016442e-05 3.487810e-05 9.560022e-05
11566.800000 8.060402e-01 2.425746e-02 5.718256e-03 1.593393e-01 2.355733e-05 -1.978141e-05 3.831631e-05 9.456101e-05
11567.000000 8.061791e-01 2.428127e-02 5.627134e-03 1.595971e-01 2.298575e-05 -8.623293e-06 3.224189e-05 1.066283e-04
11567.200000 8.058479e-01 2.424586e-02 5.713335e-03 1.606065e-01 2.643199e-05 -7.190282e-06 2.932243e-05 1.086447e-04
11567.400000 8.058603e-01 2.424293e-02 5.661258e-03 1.595295e-01 3.564030e-05 2.983309e-07 3.360694e-05 1.002199e-04
11567.600000 8.043020e-01 2.426402e-02 5.745430e-03 1.603018e-01 3.686059e-05 -6.810258e-06 2.317488e-05 1.005720e-04
11567.800000 8.057829e-01 2.432087e-02 5.802704e-03 1.591770e-01 3.641932e-05 -6.577901e-06 3.281965e-05 9.924257e-05
11568.000000 8.066410e-01 2.432980e-02 5.635029e-03 1.567722e-01 3.296264e-05 -1.043155e-05 2.990455e-05 9.952489e-05
11568.200000 8.024512e-01 2.419495e-02 5.815433e-03 1.560982e-01 3.214422e-05 -9.245736e-06 3.651073e-05 1.024661e-04
11568.400000 8.078205e-01 2.434686e-02 6.119801e-03 1.552090e-01 3.312965e-05 -6.155248e-06 2.608907e-05 9.960615e-05
11568.600000 8.048829e-01 2.433233e-02 6.190356e-03 1.533254e-01 3.347753e-05 -1.167376e-05 4.034160e-05 1.049275e-04
11568.800000 8.050097e-01 2.436789e-02 6.394272e-03 1.524899e-01 4.018385e-05 -1.289188e-05 3.697561e-05 1.061761e-04
11569.000000 8.042243e-01 2.435624e-02 6.465299e-03 1.484374e-01 4.101130e-05 -1.980406e-05 4.514743e-05 1.075377e-04
11569.200000 8.068230e-01 2.443992e-02 6.644178e-03 1.490012e-01 3.666556e-05 -2.243950e-05 2.651565e-05 1.019165e-04
11569.400000 8.051887e-01 2.441265e-02 6.731112e-03 1.470676e-01 3.778230e-05 -2.600295e-05 1.889214e-05 9.944800e-05
11569.600000 8.050197e-01 2.439378e-02 6.988465e-03 1.456882e-01 4.201147e-05 -3.117829e-05 2.367912e-05 1.030572e-04
11569.800000 8.064678e-01 2.447697e-02 6.977549e-03 1.428130e-01 4.207945e-05 -2.696638e-05 2.517521e-05 1.027617e-04
11570.000000 8.049125e-01 2.447653e-02 7.004227e-03 1.411995e-01 3.955351e-05 -2.335986e-05 1.963677e-05 1.090016e-04
11570.200000 8.060966e-01 2.452101e-02 7.092383e-03 1.403421e-01 3.512050e-05 -2.738412e-05 2.993281e-05 1.112968e-04
11570.400000 8.046511e-01 2.446810e-02 7.050863e-03 1.381313e-01 3.204343e-05 -2.072902e-05 2.652393e-05 1.154501e-04
11570.600000 8.057165e-01 2.451355e-02 7.276897e-03 1.370237e-01 3.930150e-05 -2.415319e-05 2.597652e-05 1.068961e-04
11570.800000 8.016776e-01 2.443568e-02 7.098495e-03 1.340970e-01 4.380045e-05 -1.677415e-05 3.383215e-05 1.074769e-04
11571.000000 8.062797e-01 2.457832e-02 7.440322e-03 1.337693e-01 3.735618e-05 -7.658535e-06 3.825624e-05 9.200673e-05
11571.200000 8.053166e-01 2.452315e-02 7.516445e-03 1.314730e-01 4.044818e-05 -1.077280e-05 3.405864e-05 8.694183e-05
11571.400000 8.061074e-01 2.457152e-02 7.743063e-03 1.317431e-01 4.145165e-05 -1.422137e-05 3.238958e-05 9.324946e-05
11571.600000 8.050697e-01 2.454477e-02 7.653595e-03 1.297237e-01 2.598649e-05 -1.578439e-05 2.152371e-05 1.091104e-04
11571.800000 8.061339e-01 2.461732e-02 7.717207e-03 1.297751e-01 1.385604e-05 -1.812139e-05 2.943362e-05 1.056692e-04
11572.000000 8.042587e-01 2.460137e-02 7.758933e-03 1.286872e-01 1.759463e-05 -1.226766e-05 1.678896e-05 9.910844e-05
11572.200000 8.007684e-01 2.446126e-02 8.052694e-03 1.273235e-01 2.299289e-05 -1.243802e-05 1.594289e-05 1.000290e-04
11572.400000 8.066053e-01 2.465067e-02 8.109869e-03 1.260008e-01 2.926041e-05 -6.195375e-06 2.040510e-05 1.001689e-04
11572.600000 8.056705e-01 2.460168e-02 8.069293e-03 1.242030e-01 2.681666e-05 6.520183e-06 2.314591e-05 9.668785e-05
11572.800000 8.042551e-01 2.458073e-02 8.091687e-03 1.230427e-01 2.674050e-05 -4.521504e-06 1.839422e-05 8.662549e-05
11573.000000 8.046141e-01 2.462302e-02 8.138206e-03 1.232413e-01 2.447693e-05 -5.139634e-06 2.322498e-05 1.014695e-04
11573.200000 8.035306e-01 2.459863e-02 8.171076e-03 1.225920e-01 2.910024e-05 3.140512e-06 2.026853e-05 9.825614e-05
11573.400000 8.038146e-01 2.462519e-02 8.267888e-03 1.222641e-01 3.178767e-05 -5.243456e-06 1.467164e-05 8.868866e-05
11573.600000 8.055144e-01 2.464379e-02 8.410524e-03 1.216307e-01 2.932576e-05 -1.975790e-05 2.189056e-05 9.664656e-05
11573.800000 8.050965e-01 2.458521e-02 8.294142e-03 1.212005e-01 3.256518e-05 -1.737226e-05 3.785151e-05 1.153973e-04
11574.000000 8.034695e-01 2.458382e-02 8.523346e-03 1.209828e-01 2.427435e-05 -2.011039e-05 3.411604e-05 1.097810e-04
11574.200000 8.053224e-01 2.464976e-02 8.574535e-03 1.203044e-01 2.673569e-05 -2.681959e-05 2.596956e-05 1.031437e-04
11574.400000 8.035465e-01 2.457910e-02 8.448560e-03 1.201281e-01 3.415803e-05 -2.819385e-05 2.421773e-05 1.163054e-04
11574.600000 8.045880e-01 2.465822e-02 8.588230e-03 1.195046e-01 2.957981e-05 -2.702203e-05 3.960432e-05 1.237283e-04
11574.800000 8.035037e-01 2.464945e-02 8.508645e-03 1.185721e-01 1.516010e-05 -2.298211e-05 4.315977e-05 1.332695e-04
11575.000000 8.040808e-01 2.466525e-02 8.720484e-03 1.189387e-01 1.653922e-05 -1.560567e-05 4.148840e-05 1.233195e-04
11575.200000 8.034850e-01 2.467104e-02 8.594715e-03 1.189725e-01 1.262627e-05 -1.618994e-05 3.149218e-05 1.136017e-04
11575.400000 8.026631e-01 2.461119e-02 8.443926e-03 1.188294e-01 2.364069e-05 -9.829117e-06 2.260786e-05 1.171887e-04
11575.600000 8.045412e-01 2.467202e-02 8.543610e-03 1.178476e-01 3.135628e-05 -1.099148e-05 2.678737e-05 1.189043e-04
11575.800000 8.033053e-01 2.463625e-02 8.669122e-03 1.171635e-01 2.842430e-05 -6.665191e-06 3.697924e-05 1.257764e-04
11576.000000 8.027769e-01 2.470528e-02 8.830227e-03 1.165982e-01 2.105153e-05 -1.115566e-05 4.181963e-05 1.232865e-04
11576.200000 8.033278e-01 2.469018e-02 8.692072e-03 1.166679e-01 1.887320e-05 -1.394622e-05 3.350268e-05 1.271657e-04
11576.400000 8.035070e-01 2.469480e-02 8.653000e-03 1.167800e-01 1.482642e-05 -1.593013e-05 2.157017e-05 1.172808e-04
11576.600000 8.027237e-01 2.470789e-02 8.794301e-03 1.168734e-01 1.032083e-05 -1.039565e-05 2.228443e-05 1.086294e-04
11576.800000 8.034423e-01 2.471137e-02 8.620566e-03 1.171385e-01 1.724807e-05 -9.501903e-06 3.144419e-05 1.217281e-04
11577.000000 8.010585e-01 2.471206e-02 8.694156e-03 1.170579e-01 2.057198e-05 -1.092820e-05 2.707642e-05 1.343541e-04
11577.200000 8.029008e-01 2.476228e-02 8.589046e-03 1.174668e-01 2.739154e-05 -6.918794e-06 3.529664e-05 1.286173e-04
11577.400000 8.034482e-01 2.478464e-02 8.552129e-03 1.168344e-01 2.886619e-05 -1.187763e-05 2.732751e-05 1.149781e-04
11577.600000 8.037077e-01 2.478333e-02 8.486894e-03 1.158512e-01 3.031350e-05 -1.292886e-05 3.994260e-05 1.221392e-04
11577.800000 8.042387e-01 2.479191e-02 8.492150e-03 1.162773e-01 2.202821e-05 -2.486057e-05 4.037214e-05 1.175703e-04
11578.000000 8.017451e-01 2.473296e-02 8.364862e-03 1.177814e-01 2.154478e-05 -3.157974e-05 4.465899e-05 1.179697e-04
11578.200000 8.043937e-01 2.480962e-02 8.351758e-03 1.187142e-01 2.050348e-05 -2.608658e-05 5.605712e-05 1.265625e-04
11578.400000 8.003955e-01 2.468913e-02 8.418629e-03 1.168460e-01 2.050969e-05 -2.703671e-05 5.681210e-05 1.295723e-04
11578.600000 8.032609e-01 2.477606e-02 8.403999e-03 1.168700e-01 3.343561e-05 -2.872022e-05 3.899121e-05 1.353396e-04
11578.800000 8.027590e-01 2.482417e-02 8.385129e-03 1.172429e-01 4.260756e-05 -1.792935e-05 3.439194e-05 1.312943e-04
11579.000000 8.034913e-01 2.484570e-02 8.407788e-03 1.172141e-01 2.784179e-05 -1.427568e-05 3.441114e-05 1.209636e-04
11579.200000 8.026636e-01 2.481013e-02 8.284006e-03 1.168995e-01 1.756153e-05 -6.286532e-06 3.359835e-05 1.160349e-04
11579.400000 8.034860e-01 2.481419e-02 8.239760e-03 1.186593e-01 2.075636e-05 -9.593772e-06 4.931458e-05 1.189614e-04
11579.600000 8.027386e-01 2.485293e-02 8.179418e-03 1.179756e-01 2.544901e-05 -1.905936e-05 4.795787e-05 1.117360e-04
11579.800000 8.035220e-01 2.490050e-02 8.163877e-03 1.184543e-01 3.229025e-05 -2.186533e-05 3.484875e-05 1.079785e-04
11580.000000 8.007462e-01 2.481607e-02 8.244777e-03 1.183419e-01 3.846919e-05 -1.098581e-05 3.683680e-05 1.170593e-04
11580.200000 8.031897e-01 2.488115e-02 8.164998e-03 1.187663e-01 3.277180e-05 -8.915691e-06 3.549886e-05 1.154167e-04
11580.400000 8.021601e-01 2.489901e-02 8.182485e-03 1.184025e-01 3.934455e-05 -1.576727e-05 3.907054e-05 1.103628e-04
11580.600000 8.044273e-01 2.497042e-02 8.356735e-03 1.191161e-01 3.676108e-05 -1.504840e-05 3.490177e-05 1.238364e-04
11580.800000 8.016477e-01 2.488408e-02 8.304243e-03 1.185647e-01 3.608100e-05 -1.560287e-05 4.544575e-05 1.242640e-04
11581.000000 8.015913e-01 2.491952e-02 8.171368e-03 1.183233e-01 3.410379e-05 -1.322073e-05 5.058900e-05 1.303244e-04
11581.200000 8.014008e-01 2.487072e-02 8.098919e-03 1.200954e-01 3.391909e-05 -1.049815e-05 4.396084e-05 1.274376e-04
11581.400000 8.026685e-01 2.488934e-02 8.186652e-03 1.182109e-01 4.217326e-05 -1.158623e-05 3.120720e-05 1.430095e-04
11581.600000 8.014488e-01 2.491092e-02 8.263946e-03 1.190299e-01 4.253115e-05 2.789991e-07 3.579760e-05 1.392764e-04
11581.800000 8.022918e-01 2.494982e-02 8.253582e-03 1.197226e-01 3.468863e-05 -1.132478e-05 3.544469e-05 1.240684e-04
11582.000000 8.019144e-01 2.496422e-02 8.311565e-03 1.199601e-01 3.273139e-05 -2.024680e-05 3.183222e-05 1.358251e-04
11582.200000 8.024722e-01 2.496503e-02 8.200792e-03 1.196124e-01 3.266800e-05 -8.701524e-06 3.959196e-05 1.271449e-04
11582.400000 7.986372e-01 2.481061e-02 8.171522e-03 1.187571e-01 2.402084e-05 -1.495006e-05 4.366896e-05 1.285489e-04
11582.600000 8.027040e-01 2.501125e-02 8.395395e-03 1.199336e-01 2.316021e-05 -1.635405e-05 3.108868e-05 1.324721e-04
11582.800000 8.026068e-01 2.500074e-02 8.472655e-03 1.187906e-01 3.400127e-05 -1.548707e-05 3.342046e-05 1.374597e-04
11583.000000 7.994948e-01 2.490556e-02 8.242387e-03 1.198003e-01 4.059167e-05 -1.014521e-05 4.208182e-05 1.215866e-04
11583.200000 8.015827e-01 2.498519e-02 8.459683e-03 1.181622e-01 3.970492e-05 -1.050949e-06 4.238307e-05 1.199841e-04
11583.400000 8.023752e-01 2.498818e-02 8.607165e-03 1.196314e-01 3.551198e-05 -9.222095e-07 3.583209e-05 1.248768e-04
11583.600000 8.005900e-01 2.493435e-02 8.564539e-03 1.196138e-01 3.537572e-05 -5.718560e-07 3.367781e-05 1.285694e-04
11583.800000 8.015152e-01 2.493223e-02 8.712799e-03 1.188251e-01 2.861248e-05 -4.227682e-06 3.615798e-05 9.537745e-05
11584.000000 8.012633e-01 2.495697e-02 8.749085e-03 1.192066e-01 3.834435e-05 -5.131439e-06 9.261966e-06 1.086631e-04
11584.200000 8.025143e-01 2.498992e-02 8.697865e-03 1.203463e-01 3.818785e-05 -1.228122e-05 2.029055e-05 1.235447e-04
11584.400000 8.014401e-01 2.493596e-02 8.893773e-03 1.190516e-01 3.466001e-05 -2.160456e-05 1.599274e-05 1.086304e-04
11584.600000 8.018088e-01 2.493879e-02 8.710501e-03 1.211136e-01 3.604163e-05 -2.433926e-05 2.142586e-05 1.053087e-04
11584.800000 8.025485e-01 2.494963e-02 8.820202e-03 1.195263e-01 3.445964e-05 -2.224853e-05 9.988129e-06 1.008968e-04
11585.000000 8.022060e-01 2.501093e-02 8.734933e-03 1.180088e-01 3.302635e-05 -2.107149e-05 1.488212e-05 1.024768e-04
11585.200000 8.008708e-01 2.491706e-02 8.813730e-03 1.186922e-01 4.421395e-05 -1.608276e-05 3.383400e-05 1.074262e-04
11585.400000 8.022236e-01 2.498454e-02 8.816227e-03 1.196568e-01 4.456557e-05 -1.460847e-05 3.366195e-05 1.205034e-04
11585.600000 8.022834e-01 2.502818e-02 8.933001e-03 1.189698e-01 3.311067e-05 -1.180704e-05 1.221844e-05 1.044022e-04
11585.800000 8.014627e-01 2.496038e-02 8.975307e-03 1.194867e-01 3.137867e-05 -1.048322e-05 1.602938e-05 1.006570e-04
11586.000000 8.014072e-01 2.492605e-02 8.679842e-03 1.196812e-01 3.494609e-05 -1.174721e-05 1.424901e-05 1.054477e-04
11586.200000 7.975413e-01 2.476773e-02 8.846982e-03 1.203798e-01 3.925424e-05 -1.615851e-05 2.127635e-05 1.126825e-04
11586.400000 8.003114e-01 2.494393e-02 9.017847e-03 1.185104e-01 3.501959e-05 -2.404215e-05 3.760870e-05 1.207243e-04
11586.600000 8.027202e-01 2.501890e-02 8.893006e-03 1.184906e-01 4.920043e-05 -1.944705e-05 3.460423e-05 1.229175e-04
11586.800000 8.024070e-01 2.497265e-02 9.192127e-03 1.189394e-01 4.092151e-05 -2.212057e-05 4.170209e-05 1.250806e-04
11587.000000 7.943544e-01 2.474914e-02 8.857244e-03 1.195164e-01 4.138975e-05 -2.151798e-05 3.102746e-05 1.222813e-04
11587.200000 8.034774e-01 2.504164e-02 9.037525e-03 1.199218e-01 4.685135e-05 -1.030193e-05 2.655154e-05 1.210623e-04
11587.400000 7.962298e-01 2.478900e-02 8.890893e-03 1.197873e-01 3.641314e-05 -1.536497e-05 3.842966e-05 1.214996e-04
11587.600000 7.996914e-01 2.492691e-02 8.687777e-03 1.182405e-01 4.123116e-05 -1.467681e-05 3.400345e-05 1.104258e-04
11587.800000 8.030762e-01 2.505274e-02 8.958990e-03 1.188852e-01 4.035929e-05 -2.878673e-05 1.985263e-05 1.056475e-04
11588.000000 7.976203e-01 2.485794e-02 8.805679e-03 1.200321e-01 4.021927e-05 -3.177886e-05 1.560925e-05 1.101954e-04
11588.200000 8.033775e-01 2.506727e-02 8.915147e-03 1.211627e-01 3.826775e-05 -2.287034e-05 3.145875e-05 1.199414e-04
11588.400000 7.937153e-01 2.483432e-02 8.749987e-03 1.186797e-01 4.108224e-05 -1.624202e-05 3.735884e-05 1.267451e-04
11588.600000 8.034886e-01 2.515304e-02 8.975743e-03 1.205849e-01 4.597689e-05 -2.058296e-05 3.848467e-05 1.378260e-04
11588.800000 8.021402e-01 2.507809e-02 8.789024e-03 1.215394e-01 4.179689e-05 -2.515724e-05 2.209924e-05 1.263909e-04
11589.000000 7.975540e-01 2.491807e-02 8.489425e-03 1.207325e-01 3.946137e-05 -1.734246e-05 1.029863e-05 1.118931e-04
11589.200000 8.033580e-01 2.509918e-02 8.821297e-03 1.203499e-01 4.959526e-05 -1.868759e-05 2.932436e-05 1.280617e-04
11589.400000 7.964897e-01 2.486814e-02 8.725976e-03 1.203071e-01 4.791283e-05 -1.392724e-05 2.938889e-05 1.282067e-04
11589.600000 8.040957e-01 2.509037e-02 8.683816e-03 1.209906e-01 3.747887e-05 -1.527837e-05 3.333044e-05 1.273136e-04
11589.800000 7.978304e-01 2.493948e-02 8.690954e-03 1.218162e-01 3.811574e-05 -7.752329e-06 3.298983e-05 1.232608e-04
11590.000000 7.997038e-01 2.500913e-02 8.766676e-03 1.214195e-01 3.441746e-05 -1.001655e-05 3.139439e-05 1.254888e-04
11590.200000 7.995552e-01 2.503217e-02 8.452396e-03 1.205301e-01 3.737345e-05 -1.705121e-05 3.446743e-05 1.301242e-04
11590.400000 8.012940e-01 2.508357e-02 8.447895e-03 1.199422e-01 4.082805e-05 -2.709103e-05 3.661513e-05 1.280755e-04
11590.600000 7.978468e-01 2.502025e-02 8.427725e-03 1.219524e-01 3.407512e-05 -3.370280e-05 4.276356e-05 1.241059e-04
11590.800000 7.960749e-01 2.491298e-02 8.559605e-03 1.213008e-01 3.877369e-05 -2.417761e-05 4.390884e-05 1.118428e-04
11591.000000 8.028540e-01 2.513327e-02 8.459549e-03 1.237799e-01 3.208685e-05 -2.082466e-05 2.740509e-05 1.024345e-04
11591.200000 7.952501e-01 2.495868e-02 8.164085e-03 1.210511e-01 2.700159e-05 -2.483869e-05 3.076838e-05 1.008180e-04
11591.400000 7.995753e-01 2.506384e-02 8.172717e-03 1.230445e-01 3.433266e-05 -2.337661e-05 4.323774e-05 1.192269e-04
11591.600000 7.946759e-01 2.489498e-02 8.152403e-03 1.217411e-01 4.306151e-05 -1.664916e-05 5.178238e-05 1.250209e-04
11591.800000 8.039115e-01 2.520421e-02 8.241033e-03 1.228762e-01 4.058959e-05 -1.130423e-05 4.866891e-05 1.128201e-04
11592.000000 7.973453e-01 2.505937e-02 8.142409e-03 1.208480e-01 4.270408e-05 -1.779915e-05 5.776714e-05 1.103049e-04
11592.200000 8.015514e-01 2.517581e-02 8.128962e-03 1.249199e-01 4.138888e-05 -1.239897e-05 6.107901e-05 1.115677e-04
11592.400000 8.011397e-01 2.520469e-02 8.190635e-03 1.227777e-01 4.401578e-05 -5.587872e-06 4.473094e-05 1.114898e-04
11592.600000 7.949316e-01 2.498516e-02 8.095300e-03 1.229039e-01 4.490418e-05 -6.933934e-06 5.647017e-05 1.145582e-04
11592.800000 8.021906e-01 2.517291e-02 8.067440e-03 1.219180e-01 3.901211e-05 -3.655505e-06 4.775295e-05 1.225639e-04
11593.000000 7.957359e-01 2.498910e-02 7.984291e-03 1.226932e-01 3.495953e-05 -3.354584e-06 3.945616e-05 1.267686e-04
11593.200000 8.039462e-01 2.522158e-02 8.023409e-03 1.250550e-01 4.057076e-05 -1.243412e-05 4.893117e-05 1.276832e-04
11593.400000 7.978529e-01 2.503795e-02 8.047177e-03 1.233914e-01 3.207569e-05 -1.466095e-05 2.292394e-05 1.113911e-04
11593.600000 8.021820e-01 2.520135e-02 7.913535e-03 1.225024e-01 3.572195e-05 -2.063121e-05 3.164044e-05 1.215528e-04
11593.800000 8.014586e-01 2.516207e-02 8.051561e-03 1.253693e-01 2.958666e-05 -1.496320e-05 3.809691e-05 1.322543e-04
11594.000000 7.953245e-01 2.494475e-02 7.799372e-03 1.244034e-01 4.036629e-05 -7.166373e-06 2.828111e-05 1.234934e-04
11594.200000 8.010171e-01 2.505409e-02 7.988325e-03 1.214468e-01 4.157822e-05 -1.229506e-05 4.178869e-05 1.382458e-04
11594.400000 7.977624e-01 2.502815e-02 7.616552e-03 1.240857e-01 3.451076e-05 -1.525461e-05 4.687252e-05 1.395393e-04
11594.600000 7.929903e-01 2.472990e-02 7.698495e-03 1.238127e-01 3.271107e-05 -1.960464e-05 3.413616e-05 1.357940e-04
11594.800000 7.995261e-01 2.508577e-02 7.770634e-03 1.260800e-01 3.111884e-05 -1.053496e-05 3.188852e-05 1.209789e-04
11595.000000 7.996818e-01 2.494619e-02 7.552320e-03 1.241107e-01 2.926904e-05 -1.848509e-05 4.650240e-05 1.041305e-04
11595.200000 7.988002e-01 2.491226e-02 7.728459e-03 1.227839e-01 2.412440e-05 -1.639790e-05 4.646886e-05 1.138451e-04
11595.400000 7.977176e-01 2.482910e-02 7.784104e-03 1.251655e-01 2.573718e-05 -1.733283e-05 4.293835e-05 1.133573e-04
11595.600000 7.951573e-01 2.470068e-02 7.763575e-03 1.226932e-01 4.070678e-05 -2.420830e-05 4.384303e-05 1.224299e-04
11595.800000 7.968499e-01 2.482199e-02 7.429718e-03 1.245787e-01 3.003629e-05 -2.115168e-05 4.968502e-05 1.132890e-04
11596.000000 8.015055e-01 2.491198e-02 7.551719e-03 1.248203e-01 3.203807e-05 -2.076525e-05 3.806277e-05 1.034711e-04
11596.200000 7.960569e-01 2.486760e-02 7.758925e-03 1.245288e-01 3.039343e-05 -2.994142e-05 3.431614e-05 1.093507e-04
11596.400000 8.002967e-01 2.487986e-02 7.835586e-03 1.264323e-01 3.660517e-05 -3.140621e-05 3.008064e-05 1.086853e-04
11596.600000 7.996339e-01 2.501372e-02 7.763256e-03 1.247282e-01 1.617089e-05 -2.300411e-05 4.420787e-05 1.073861e-04
11596.800000 8.050316e-01 2.509336e-02 7.945313e-03 1.234605e-01 3.383977e-05 -2.067633e-05 3.562525e-05 1.150850e-04
11597.000000 7.985922e-01 2.496123e-02 7.924375e-03 1.234109e-01 3.405722e-05 -2.261297e-05 2.961824e-05 1.158821e-04
11597.700000 7.983062e-01 2.502541e-02 7.974580e-03 1.246112e-01 2.824100e-05 -2.130893e-05 3.321844e-05 1.093526e-04
11598.400000 7.975452e-01 2.511308e-02 8.135161e-03 1.247508e-01 2.714005e-05 -2.304388e-05 3.435241e-05 1.129254e-04
11599.100000 7.983718e-01 2.522112e-02 8.276897e-03 1.243508e-01 3.127981e-05 -2.096996e-05 3.897695e-05 1.248565e-04
11599.800000 7.985240e-01 2.530891e-02 8.325902e-03 1.245656e-01 2.631373e-05 -1.377121e-05 3.759831e-05 1.192299e-04
11600.500000 7.976579e-01 2.529628e-02 8.407776e-03 1.243705e-01 2.544399e-05 -6.427360e-06 3.872964e-05 1.190871e-04
11601.200000 7.972688e-01 2.530742e-02 8.471628e-03 1.252400e-01 2.543762e-05 -7.767563e-06 3.427848e-05 1.118045e-04
11601.900000 7.966216e-01 2.531377e-02 8.533607e-03 1.253574e-01 1.485331e-05 -5.454634e-06 4.447718e-05 1.124362e-04
11602.600000 7.968023e-01 2.531180e-02 8.653064e-03 1.249536e-01 -1.289259e-06 -1.358587e-05 3.984459e-05 1.116106e-04
11603.300000 7.966568e-01 2.532065e-02 8.674011e-03 1.248558e-01 7.616735e-06 -1.713597e-05 3.738348e-05 1.124020e-04
11604.993695 7.973934e-01 2.544131e-02 8.816721e-03 1.256663e-01 1.875662e-05 -1.904426e-05 4.458654e-05 1.232979e-04
11605.999583 7.964957e-01 2.549982e-02 8.923131e-03 1.249040e-01 2.001023e-05 -1.541091e-05 4.248596e-05 1.166088e-04
11607.017662 7.967464e-01 2.557118e-02 8.896986e-03 1.258024e-01 2.192897e-05 -1.713671e-05 3.998514e-05 1.097703e-04
11608.047933 7.965355e-01 2.562679e-02 9.045588e-03 1.259442e-01 2.782808e-05 -1.677950e-05 2.962536e-05 1.151766e-04
11609.090396 7.962800e-01 2.566831e-02 9.083263e-03 1.259239e-01 2.893264e-05 -2.263489e-05 3.356398e-05 1.328159e-04
11610.145051 7.957916e-01 2.571806e-02 8.974633e-03 1.254657e-01 3.323217e-05 -1.254923e-05 2.917199e-05 1.275261e-04
11611.211898 7.952730e-01 2.573863e-02 8.921858e-03 1.267424e-01 3.907891e-05 -1.149720e-05 1.973323e-05 1.173348e-04
11612.290937 7.946887e-01 2.575140e-02 8.795611e-03 1.261132e-01 3.537303e-05 -7.771177e-06 2.062340e-05 1.170129e-04
11613.382167 7.944020e-01 2.578177e-02 8.670045e-03 1.261033e-01 4.041472e-05 -2.012952e-05 2.533063e-05 1.129106e-04
11614.485590 7.948860e-01 2.587474e-02 8.556909e-03 1.271771e-01 3.792383e-05 -2.938698e-05 3.649940e-05 1.097440e-04
11615.601204 7.954723e-01 2.592826e-02 8.457223e-03 1.276422e-01 2.998590e-05 -3.709812e-05 3.175380e-05 1.134163e-04
11616.729011 7.942306e-01 2.587632e-02 8.286227e-03 1.275771e-01 3.401825e-05 -3.074931e-05 2.648343e-05 1.206384e-04
11617.869009 7.937455e-01 2.584462e-02 8.228199e-03 1.272871e-01 3.534659e-05 -3.745897e-05 2.956854e-05 1.068968e-04
11619.021199 7.937115e-01 2.588450e-02 8.180121e-03 1.263001e-01 3.838703e-05 -3.951891e-05 2.829149e-05 1.123187e-04
11620.185582 7.936505e-01 2.590591e-02 8.109521e-03 1.266905e-01 2.821597e-05 -4.096557e-05 4.983016e-05 1.287444e-04
11621.362156 7.935095e-01 2.589276e-02 8.159151e-03 1.265730e-01 2.622189e-05 -3.582115e-05 5.075266e-05 1.285274e-04
11622.550922 7.938476e-01 2.594800e-02 8.196415e-03 1.266012e-01 2.664974e-05 -3.783705e-05 3.929431e-05 1.183061e-04
11623.751879 7.926917e-01 2.594666e-02 8.210336e-03 1.254874e-01 3.473749e-05 -4.511877e-05 4.289783e-05 1.176158e-04
11624.965029 7.923810e-01 2.600000e-02 8.286872e-03 1.260661e-01 4.082176e-05 -4.830643e-05 4.048083e-05 1.171000e-04
11626.190371 7.920718e-01 2.603912e-02 8.407486e-03 1.250392e-01 3.504442e-05 -5.144873e-05 4.916087e-05 1.233324e-04
11627.427904 7.914390e-01 2.608401e-02 8.438113e-03 1.242138e-01 3.617919e-05 -3.986126e-05 6.022724e-05 1.283580e-04
11628.677630 7.908499e-01 2.608145e-02 8.503942e-03 1.234074e-01 3.548524e-05 -4.262293e-05 6.229387e-05 1.260999e-04
11629.939547 7.919395e-01 2.615234e-02 8.505928e-03 1.244767e-01 2.888326e-05 -4.363830e-05 4.980577e-05 1.150999e-04
11631.213657 7.915233e-01 2.620705e-02 8.692137e-03 1.243367e-01 2.709917e-05 -3.894346e-05 4.882055e-05 1.123755e-04
11632.499958 7.899838e-01 2.628404e-02 8.666475e-03 1.236608e-01 3.113162e-05 -4.311614e-05 6.023847e-05 1.070481e-04
11633.798451 7.903200e-01 2.637444e-02 8.729094e-03 1.237337e-01 3.059323e-05 -4.122333e-05 5.278962e-05 1.011243e-04
11635.109136 7.913023e-01 2.647097e-02 8.745456e-03 1.234328e-01 3.191054e-05 -3.468076e-05 5.593203e-05 1.090237e-04
11636.432013 7.897400e-01 2.650118e-02 8.788483e-03 1.221823e-01 3.273184e-05 -3.407426e-05 5.694342e-05 1.262701e-04
11637.767082 7.903471e-01 2.660542e-02 8.928375e-03 1.228183e-01 2.050949e-05 -2.963190e-05 5.263096e-05 1.174271e-04
11639.114342 7.900517e-01 2.667902e-02 8.998006e-03 1.226530e-01 1.964446e-05 -3.185968e-05 5.429146e-05 1.167953e-04
11640.473795 7.895154e-01 2.676804e-02 9.105918e-03 1.222650e-01 2.613454e-05 -3.528358e-05 6.433514e-05 1.177006e-04
11641.845440 7.895930e-01 2.680822e-02 9.302406e-03 1.224845e-01 2.846298e-05 -3.565929e-05 6.420703e-05 1.043074e-04
11643.229276 7.886779e-01 2.683847e-02 9.385981e-03 1.223490e-01 2.488664e-05 -3.535653e-05 4.477382e-05 1.008447e-04
11644.625305 7.886472e-01 2.691934e-02 9.429461e-03 1.216432e-01 1.887309e-05 -3.549092e-05 3.740905e-05 1.071586e-04
11646.033525 7.884112e-01 2.690067e-02 9.455019e-03 1.229212e-01 2.830701e-05 -3.884168e-05 3.479964e-05 1.149765e-04
11647.453937 7.882863e-01 2.684526e-02 9.544722e-03 1.217364e-01 2.939123e-05 -3.927732e-05 3.542099e-05 1.192750e-04
11648.886541 7.882273e-01 2.683943e-02 9.577067e-03 1.221711e-01 2.129904e-05 -3.247553e-05 3.125258e-05 1.141790e-04
11650.331337 7.882851e-01 2.690042e-02 9.556017e-03 1.219513e-01 2.294829e-05 -2.726109e-05 3.033661e-05 1.033855e-04
11651.788325 7.883917e-01 2.690513e-02 9.569055e-03 1.219703e-01 2.521695e-05 -3.116634e-05 3.326146e-05 1.004622e-04
11653.257505 7.878917e-01 2.691771e-02 9.495875e-03 1.221553e-01 1.315315e-05 -3.622230e-05 2.702386e-05 1.032920e-04
11654.738877 7.867920e-01 2.693708e-02 9.505045e-03 1.230144e-01 9.305794e-06 -3.077571e-05 3.018859e-05 1.043202e-04
11656.232440 7.861415e-01 2.685715e-02 9.234462e-03 1.228756e-01 8.501457e-06 -2.930051e-05 3.697116e-05 1.088148e-04
11657.738196 7.828656e-01 2.668257e-02 9.120142e-03 1.228212e-01 2.017932e-05 -3.051317e-05 4.858079e-05 1.146955e-04
11659.256143 7.847659e-01 2.681022e-02 9.106092e-03 1.229802e-01 2.970680e-05 -3.053980e-05 4.382459e-05 1.118932e-04
11660.786283 7.862768e-01 2.693565e-02 9.081088e-03 1.242440e-01 2.809472e-05 -4.072724e-05 4.097024e-05 1.066168e-04
11662.328614 7.857555e-01 2.697858e-02 9.049621e-03 1.238649e-01 3.109853e-05 -3.497092e-05 3.910588e-05 1.012985e-04
11663.883137 7.843329e-01 2.703815e-02 9.081780e-03 1.244084e-01 4.195530e-05 -3.089207e-05 3.087229e-05 1.024519e-04
11665.449852 7.846766e-01 2.711058e-02 9.005209e-03 1.254084e-01 2.679316e-05 -3.558903e-05 3.104367e-05 9.984555e-05
11667.028759 7.844147e-01 2.725792e-02 9.058683e-03 1.247665e-01 3.143716e-05 -3.258746e-05 4.337752e-05 1.032922e-04
11668.619858 7.845013e-01 2.745462e-02 9.161349e-03 1.248650e-01 4.084877e-05 -1.855503e-05 4.578235e-05 1.042699e-04
11670.223149 7.831054e-01 2.752225e-02 9.269117e-03 1.251773e-01 4.443638e-05 -1.447771e-05 3.864991e-05 9.599355e-05
11671.838632 7.804245e-01 2.749513e-02 9.191121e-03 1.248495e-01 3.668247e-05 -2.188644e-05 4.248236e-05 8.241011e-05
11673.466307 7.821063e-01 2.762585e-02 9.214323e-03 1.249217e-01 3.062338e-05 -1.152593e-05 3.690688e-05 9.210323e-05
11675.106173 7.839756e-01 2.773935e-02 9.285133e-03 1.250492e-01 3.466428e-05 -4.690838e-06 3.565331e-05 1.152862e-04
11676.758232 7.825934e-01 2.771488e-02 9.298831e-03 1.248798e-01 3.466456e-05 -3.207776e-06 4.479780e-05 1.176156e-04
11678.422482 7.832233e-01 2.762772e-02 9.314927e-03 1.249821e-01 2.380445e-05 -7.221334e-06 2.916458e-05 1.054643e-04
11680.098924 7.824562e-01 2.729920e-02 9.217222e-03 1.247509e-01 2.336607e-05 -1.975498e-05 1.490085e-05 9.970702e-05
11681.787558 7.814567e-01 2.687954e-02 9.071117e-03 1.250115e-01 2.769535e-05 -2.483942e-05 2.065762e-05 9.202157e-05
11683.488385 7.819432e-01 2.681795e-02 9.085018e-03 1.252779e-01 3.865442e-05 -2.197498e-05 2.805020e-05 1.072079e-04
11685.201403 7.822225e-01 2.706680e-02 9.136944e-03 1.245774e-01 3.817662e-05 -1.923992e-05 3.218064e-05 1.105631e-04
11686.926613 7.817747e-01 2.748939e-02 9.238053e-03 1.248117e-01 2.828706e-05 -1.281773e-05 2.536016e-05 1.081446e-04
11688.664014 7.808707e-01 2.780160e-02 9.278292e-03 1.244786e-01 3.390979e-05 -9.318108e-06 1.573599e-05 1.027436e-04
11690.413608 7.811137e-01 2.803296e-02 9.346816e-03 1.249524e-01 2.844854e-05 -1.326396e-05 1.969954e-05 1.064304e-04
11692.175394 7.802489e-01 2.820721e-02 9.331340e-03 1.244258e-01 2.757158e-05 -1.829794e-05 2.114376e-05 9.799710e-05
11693.949371 7.803808e-01 2.834156e-02 9.514653e-03 1.238242e-01 3.428949e-05 -2.529352e-05 1.323719e-06 9.422437e-05
11695.735541 7.797593e-01 2.838358e-02 9.543439e-03 1.234585e-01 2.784424e-05 -1.585428e-05 1.255741e-05 1.083155e-04
11697.533902 7.798856e-01 2.842926e-02 9.671568e-03 1.240236e-01 2.840265e-05 -1.556844e-05 1.049412e-05 1.133237e-04
11699.344455 7.798760e-01 2.843866e-02 9.784232e-03 1.241085e-01 3.091227e-05 -1.080533e-05 -1.424644e-06 1.047081e-04
11701.167201 7.768014e-01 2.839597e-02 9.873684e-03 1.235323e-01 1.957814e-05 -1.778262e-05 1.282946e-05 1.027895e-04
11703.002138 7.764165e-01 2.844590e-02 9.953138e-03 1.228784e-01 1.998812e-05 -5.995768e-06 2.513466e-05 9.409233e-05
11704.849267 7.779079e-01 2.858939e-02 1.011375e-02 1.235690e-01 1.755378e-05 -1.180415e-05 2.713276e-05 9.868025e-05
11706.708588 7.785947e-01 2.863318e-02 1.014916e-02 1.238587e-01 1.189883e-05 -1.670746e-05 1.418654e-06 1.026275e-04
11708.580100 7.783382e-01 2.865163e-02 1.017545e-02 1.237154e-01 9.387421e-06 -1.241136e-05 1.861778e-05 1.064526e-04
11710.463805 7.780544e-01 2.879330e-02 1.018662e-02 1.234113e-01 1.464081e-05 -1.483210e-05 1.857481e-05 1.082712e-04
11712.359702 7.773300e-01 2.890836e-02 1.019539e-02 1.225234e-01 2.195623e-05 -2.323271e-05 2.298387e-05 1.042392e-04
11714.267790 7.760313e-01 2.895812e-02 1.022854e-02 1.233144e-01 2.617531e-05 -1.520312e-05 1.979082e-05 9.610413e-05
11716.188071 7.764590e-01 2.907370e-02 1.012321e-02 1.226742e-01 3.058618e-05 -1.492560e-05 3.282626e-05 1.064660e-04
11718.120543 7.764479e-01 2.920358e-02 1.019275e-02 1.227512e-01 3.546722e-05 -1.817521e-05 9.064824e-06 9.369830e-05
11720.065207 7.760688e-01 2.929400e-02 1.014956e-02 1.236510e-01 2.543453e-05 -1.992600e-05 1.907659e-05 9.070144e-05
11722.022064 7.749946e-01 2.936714e-02 1.011588e-02 1.234177e-01 2.140694e-05 -1.474538e-05 2.134812e-05 8.954036e-05
11723.991112 7.748593e-01 2.942107e-02 1.005290e-02 1.231571e-01 3.532826e-05 -1.422834e-05 2.929667e-05 1.038431e-04
11725.972352 7.749589e-01 2.950849e-02 1.003686e-02 1.237428e-01 1.850546e-05 -1.529962e-05 1.490138e-05 1.034099e-04
11727.965784 7.750011e-01 2.952109e-02 9.942158e-03 1.229111e-01 2.751927e-05 -1.108297e-05 1.926823e-05 1.081294e-04
11729.971407 7.736656e-01 2.948811e-02 9.904988e-03 1.227100e-01 2.831730e-05 -1.377720e-05 2.489885e-05 9.268509e-05
11731.989223 7.744445e-01 2.953443e-02 9.983070e-03 1.230124e-01 2.577987e-05 -1.306773e-05 3.754328e-05 1.016523e-04
11734.019231 7.728560e-01 2.950759e-02 9.936315e-03 1.235344e-01 2.344921e-05 -1.523473e-05 3.490622e-05 1.008668e-04
11736.061430 7.728478e-01 2.955570e-02 1.000160e-02 1.231279e-01 1.710208e-05 -2.249278e-05 3.724017e-05 9.737678e-05
11738.115822 7.726976e-01 2.965660e-02 9.999859e-03 1.241175e-01 1.620641e-05 -2.303259e-05 2.650156e-05 1.052893e-04
11740.182405 7.720131e-01 2.977132e-02 1.005343e-02 1.237161e-01 2.658138e-05 -1.314601e-05 2.676078e-05 1.055432e-04
11742.261180 7.687713e-01 2.980479e-02 1.000725e-02 1.240904e-01 3.096459e-05 -1.625428e-05 2.257327e-05 1.012259e-04
11744.352148 7.679718e-01 2.995102e-02 1.008139e-02 1.237896e-01 3.089073e-05 -1.853691e-05 3.827246e-05 1.015722e-04
11746.455307 7.698393e-01 3.019798e-02 1.015014e-02 1.235345e-01 2.845248e-05 -2.212165e-05 4.315328e-05 9.668576e-05
11748.570658 7.700551e-01 3.026342e-02 1.019674e-02 1.241895e-01 2.938697e-05 -1.862174e-05 2.651386e-05 8.221920e-05
11750.698201 7.707314e-01 3.032663e-02 1.018059e-02 1.249958e-01 3.405620e-05 -1.154799e-05 4.189126e-05 8.855920e-05
11752.837935 7.696626e-01 3.042891e-02 1.020375e-02 1.254184e-01 3.195832e-05 -1.920363e-05 4.020187e-05 9.166813e-05
11754.989862 7.689290e-01 3.046563e-02 1.006359e-02 1.271464e-01 2.504839e-05 -2.096586e-05 4.030603e-05 9.406933e-05
11757.153981 7.677327e-01 3.043384e-02 1.013277e-02 1.319813e-01 2.845023e-05 -1.554264e-05 3.860289e-05 9.317783e-05
11759.330291 7.667702e-01 3.028755e-02 1.016228e-02 1.339826e-01 2.729437e-05 -1.438152e-05 4.486250e-05 9.828213e-05
11761.518794 7.624944e-01 3.009330e-02 1.015899e-02 1.319419e-01 3.387732e-05 -1.974848e-05 4.201058e-05 9.530113e-05
11763.719488 7.651376e-01 3.046451e-02 1.039747e-02 1.307113e-01 4.112992e-05 -1.797542e-05 4.174360e-05 9.372336e-05
11765.932374 7.666975e-01 3.061700e-02 1.051399e-02 1.280676e-01 3.995655e-05 -1.818213e-05 3.723456e-05 1.078001e-04
11768.157453 7.649624e-01 3.055561e-02 1.067202e-02 1.261708e-01 3.152850e-05 -1.368104e-05 3.550043e-05 1.014384e-04
11770.394723 7.651771e-01 3.060399e-02 1.075956e-02 1.252358e-01 2.780142e-05 -7.115473e-06 3.393154e-05 8.981237e-05
11772.644185 7.649544e-01 3.070963e-02 1.081181e-02 1.243365e-01 3.360423e-05 -1.793628e-05 3.286355e-05 9.659683e-05
11774.905838 7.654421e-01 3.088855e-02 1.093716e-02 1.234614e-01 3.727814e-05 -1.208163e-05 3.286952e-05 1.016489e-04
11777.179684 7.675528e-01 3.108724e-02 1.098770e-02 1.243178e-01 3.543308e-05 -2.072475e-05 3.536336e-05 1.001712e-04
11779.465722 7.665204e-01 3.107722e-02 1.102537e-02 1.237590e-01 4.014156e-05 -2.343895e-05 2.645446e-05 1.005757e-04
11781.763952 7.666867e-01 3.124828e-02 1.104428e-02 1.233138e-01 4.118122e-05 -1.460772e-05 3.609095e-05 1.090227e-04
11784.074373 7.640801e-01 3.131686e-02 1.112448e-02 1.239078e-01 3.432444e-05 -1.267231e-05 3.563429e-05 1.103787e-04
11786.396987 7.648894e-01 3.150978e-02 1.113545e-02 1.233957e-01 3.470019e-05 -9.289424e-06 3.347047e-05 1.149091e-04
11788.731792 7.640755e-01 3.165992e-02 1.130496e-02 1.240786e-01 4.686988e-05 -8.601662e-06 3.735097e-05 1.165297e-04
11791.078789 7.624192e-01 3.183665e-02 1.135840e-02 1.235163e-01 5.559997e-05 -6.454343e-06 3.454182e-05 1.186922e-04
11793.437978 7.609898e-01 3.189003e-02 1.129529e-02 1.226891e-01 5.280226e-05 -7.443017e-06 3.554599e-05 1.112925e-04
11795.809359 7.594034e-01 3.192204e-02 1.124938e-02 1.228451e-01 4.072750e-05 -6.213747e-06 4.872344e-05 1.184126e-04
11798.192932 7.583778e-01 3.196488e-02 1.120957e-02 1.231395e-01 4.169327e-05 -4.417288e-06 2.833909e-05 1.142821e-04
11800.588697 7.615541e-01 3.210603e-02 1.122477e-02 1.241912e-01 3.510872e-05 -9.689998e-06 9.049819e-06 1.093777e-04
11802.996654 7.606510e-01 3.199208e-02 1.113023e-02 1.239310e-01 3.059466e-05 2.298344e-06 1.706387e-05 1.084939e-04
11805.416803 7.610527e-01 3.196781e-02 1.097247e-02 1.238049e-01 2.731962e-05 7.844086e-07 1.593879e-05 9.647555e-05
11807.849143 7.616924e-01 3.219275e-02 1.098752e-02 1.240055e-01 2.069187e-05 -1.038554e-05 2.749170e-05 1.005282e-04
11810.293676 7.598336e-01 3.229097e-02 1.093001e-02 1.241557e-01 2.623245e-05 -1.940851e-05 3.769213e-05 9.555442e-05
11812.750400 7.573513e-01 3.225985e-02 1.090966e-02 1.232723e-01 3.477891e-05 -2.450094e-05 4.154595e-05 1.027236e-04
11815.219317 7.585460e-01 3.246733e-02 1.091717e-02 1.233671e-01 3.574437e-05 -1.842645e-05 2.775869e-05 1.103398e-04
11817.700425 7.568994e-01 3.256534e-02 1.101836e-02 1.230512e-01 2.580554e-05 -1.349946e-05 2.368813e-05 1.106497e-04
11820.193725 7.574986e-01 3.273310e-02 1.103463e-02 1.227420e-01 2.362043e-05 -1.790447e-05 3.156143e-05 1.194405e-04
11822.699217 7.557802e-01 3.270985e-02 1.105289e-02 1.227727e-01 2.507750e-05 -1.933735e-05 2.662146e-05 1.147376e-04
11825.216901 7.576710e-01 3.279116e-02 1.116403e-02 1.233353e-01 3.159580e-05 -1.852997e-05 2.814262e-05 1.209886e-04
11827.746777 7.580202e-01 3.271979e-02 1.121734e-02 1.252107e-01 2.652535e-05 -2.229168e-05 2.343549e-05 1.163952e-04
11830.288845 7.571063e-01 3.254557e-02 1.128852e-02 1.239307e-01 2.619443e-05 -2.565544e-05 2.486794e-05 1.182803e-04
11832.843105 7.547845e-01 3.227779e-02 1.131053e-02 1.242627e-01 1.881322e-05 -3.156187e-05 2.495428e-05 1.021425e-04
11835.409556 7.539727e-01 3.237548e-02 1.148913e-02 1.243301e-01 1.459581e-05 -3.240886e-05 1.661779e-05 1.050603e-04
11837.988200 7.504692e-01 3.257429e-02 1.159405e-02 1.235189e-01 2.639734e-05 -2.837550e-05 1.183832e-05 1.050501e-04
11840.579035 7.505614e-01 3.293661e-02 1.189308e-02 1.233859e-01 2.498238e-05 -2.985780e-05 2.243175e-05 1.154511e-04
11843.182062 7.531920e-01 3.338179e-02 1.201705e-02 1.243397e-01 2.618309e-05 -2.835445e-05 9.786840e-06 1.215638e-04
11845.797282 7.536247e-01 3.368283e-02 1.212352e-02 1.257614e-01 2.851536e-05 -3.050503e-05 1.141672e-05 1.236313e-04
11848.424693 7.528712e-01 3.392981e-02 1.219654e-02 1.243317e-01 1.811489e-05 -2.612207e-05 1.367178e-05 1.090314e-04
11851.064296 7.525001e-01 3.412261e-02 1.216682e-02 1.240106e-01 1.111848e-05 -3.498941e-05 1.553344e-05 1.056112e-04
11853.716091 7.469589e-01 3.401596e-02 1.220828e-02 1.226828e-01 1.462806e-05 -2.840883e-05 1.937540e-05 9.811314e-05
11856.380078 7.516373e-01 3.433557e-02 1.234966e-02 1.226069e-01 2.195917e-05 -3.217371e-05 2.493873e-05 1.016980e-04
11859.056256 7.517069e-01 3.439856e-02 1.229927e-02 1.226849e-01 2.484658e-05 -3.444844e-05 1.917553e-05 1.014787e-04
11861.744627 7.502269e-01 3.437982e-02 1.232503e-02 1.223728e-01 2.485445e-05 -1.644929e-05 2.598812e-05 1.052357e-04
11864.445190 7.505117e-01 3.444727e-02 1.235634e-02 1.232143e-01 1.670256e-05 -1.391512e-05 2.441569e-05 1.104967e-04
11867.157944 7.506772e-01 3.465283e-02 1.242468e-02 1.229742e-01 1.633509e-05 -1.995613e-05 2.739593e-05 1.088613e-04
11869.882891 7.517903e-01 3.481522e-02 1.260226e-02 1.234597e-01 2.446046e-05 -2.090022e-05 3.049872e-05 1.031850e-04
11872.620029 7.504819e-01 3.477886e-02 1.259515e-02 1.236221e-01 3.488585e-05 -1.432100e-05 2.628003e-05 1.013184e-04
11875.369359 7.503878e-01 3.469847e-02 1.250589e-02 1.235988e-01 3.532149e-05 -1.419010e-05 2.483388e-05 9.291911e-05
11878.130881 7.491207e-01 3.474293e-02 1.243823e-02 1.230851e-01 3.482043e-05 -3.025910e-05 1.993121e-05 9.812420e-05
11880.904595 7.485936e-01 3.488867e-02 1.244936e-02 1.224313e-01 3.196952e-05 -3.214596e-05 2.154688e-05 1.007485e-04
11883.690501 7.487750e-01 3.517016e-02 1.252970e-02 1.233403e-01 3.076845e-05 -2.719175e-05 2.611482e-05 1.092394e-04
11886.488599 7.476646e-01 3.534401e-02 1.251964e-02 1.229266e-01 2.446234e-05 -3.073810e-05 1.981092e-05 1.051599e-04
11889.298889 7.467025e-01 3.526769e-02 1.242186e-02 1.231289e-01 2.376431e-05 -3.287389e-05 2.479776e-05 1.062913e-04
11892.121371 7.462226e-01 3.513010e-02 1.228716e-02 1.228400e-01 2.146480e-05 -2.312834e-05 3.027373e-05 1.046619e-04
11894.956044 7.418483e-01 3.496415e-02 1.230283e-02 1.219504e-01 2.264028e-05 -1.721291e-05 2.759794e-05 1.103980e-04
11897.802910 7.373946e-01 3.487211e-02 1.224007e-02 1.216911e-01 2.144028e-05 -9.495643e-07 2.490015e-05 1.137330e-04
11900.661967 7.439043e-01 3.525477e-02 1.236357e-02 1.228588e-01 1.677718e-05 1.477894e-06 2.721866e-05 1.064343e-04
11903.533217 7.448422e-01 3.527068e-02 1.239519e-02 1.240952e-01 3.120823e-05 1.488830e-06 2.104409e-05 1.095131e-04
11906.416658 7.434702e-01 3.516761e-02 1.251503e-02 1.235997e-01 3.339892e-05 -4.455978e-06 2.286562e-05 1.222989e-04
11909.312291 7.436083e-01 3.509989e-02 1.261411e-02 1.243663e-01 3.245331e-05 -8.607558e-06 1.870180e-05 1.216195e-04
11912.220116 7.435253e-01 3.510939e-02 1.277294e-02 1.246043e-01 2.767988e-05 -6.963296e-06 1.686042e-05 1.169698e-04
11915.140133 7.420564e-01 3.532720e-02 1.293659e-02 1.234163e-01 2.519923e-05 -1.097834e-05 2.431672e-05 1.246813e-04
11918.072342 7.415467e-01 3.572634e-02 1.317396e-02 1.236731e-01 2.524913e-05 -9.481765e-06 1.667684e-05 1.228783e-04
11921.016743 7.346912e-01 3.585326e-02 1.321421e-02 1.229694e-01 3.323561e-05 -1.098928e-05 1.077219e-05 1.087303e-04
11923.973335 7.348972e-01 3.620996e-02 1.339474e-02 1.220481e-01 3.022084e-05 -7.620197e-06 2.087299e-05 1.165497e-04
11926.942120 7.392516e-01 3.670667e-02 1.358556e-02 1.235190e-01 2.354676e-05 1.248031e-06 1.350960e-05 1.139954e-04
11929.923096 7.397159e-01 3.690487e-02 1.356648e-02 1.226696e-01 1.842640e-05 1.670152e-06 2.639766e-05 1.142499e-04
11932.916265 7.389859e-01 3.701110e-02 1.355914e-02 1.233416e-01 2.061409e-05 -1.090213e-05 2.837839e-05 1.256915e-04
11935.921625 7.390684e-01 3.706853e-02 1.362511e-02 1.229789e-01 3.361920e-05 -3.829821e-06 2.077834e-05 1.166554e-04
11938.939177 7.384606e-01 3.703950e-02 1.366238e-02 1.224875e-01 3.920267e-05 -4.042500e-06 1.981550e-05 1.133869e-04
11941.968921 7.378418e-01 3.691721e-02 1.358364e-02 1.228469e-01 3.972605e-05 -1.609478e-05 2.897263e-05 1.123275e-04
11945.010858 7.379035e-01 3.704267e-02 1.366457e-02 1.220758e-01 3.891162e-05 -1.600766e-05 3.646384e-05 1.218224e-04
11948.064985 7.366190e-01 3.746310e-02 1.382526e-02 1.222483e-01 3.785119e-05 -1.633934e-05 3.685259e-05 1.241496e-04
11951.131305 7.372994e-01 3.790986e-02 1.395701e-02 1.226641e-01 3.501416e-05 -1.770331e-05 2.782034e-05 1.222581e-04
11954.209817 7.357533e-01 3.810354e-02 1.405526e-02 1.226095e-01 4.283740e-05 -2.082202e-05 1.766691e-05 1.251870e-04
11957.300521 7.355205e-01 3.829127e-02 1.421948e-02 1.222239e-01 4.105056e-05 -1.932995e-05 9.065369e-06 1.128770e-04
11960.403416 7.362167e-01 3.848229e-02 1.427902e-02 1.228128e-01 4.014707e-05 -2.435429e-05 1.277295e-05 1.199983e-04
11963.518504 7.354021e-01 3.847405e-02 1.423783e-02 1.228213e-01 2.840086e-05 -2.685222e-05 1.874396e-05 1.256189e-04
11966.645783 7.344562e-01 3.815336e-02 1.415225e-02 1.227153e-01 3.639318e-05 -3.793135e-05 2.181014e-05 1.244479e-04
11969.785255 7.340588e-01 3.789731e-02 1.398024e-02 1.230618e-01 4.277028e-05 -4.332074e-05 2.511682e-05 1.259804e-04
11972.936918 7.338225e-01 3.839057e-02 1.413506e-02 1.237181e-01 4.172847e-05 -3.867086e-05 2.111280e-05 1.324007e-04
11976.100773 7.330683e-01 3.877868e-02 1.422851e-02 1.234398e-01 4.048649e-05 -3.264097e-05 3.157399e-05 1.323552e-04
11979.276820 7.325653e-01 3.894339e-02 1.427582e-02 1.225593e-01 3.908051e-05 -3.790721e-05 3.440473e-05 1.317047e-04
11982.465059 7.322421e-01 3.902716e-02 1.434559e-02 1.229211e-01 3.595700e-05 -3.834202e-05 3.326546e-05 1.386873e-04
11985.665490 7.308974e-01 3.898218e-02 1.433809e-02 1.227703e-01 3.988817e-05 -3.722361e-05 2.292835e-05 1.377086e-04
11988.878112 7.315102e-01 3.901803e-02 1.434403e-02 1.233689e-01 4.446281e-05 -3.657087e-05 3.990120e-05 1.322331e-04
11992.102927 7.300433e-01 3.908724e-02 1.436560e-02 1.230446e-01 3.675677e-05 -3.374524e-05 4.360643e-05 1.320018e-04
11995.339934 7.294869e-01 3.932980e-02 1.451634e-02 1.223042e-01 3.023389e-05 -2.631550e-05 4.147228e-05 1.356107e-04
11998.589132 7.284487e-01 3.952644e-02 1.463824e-02 1.225272e-01 3.857445e-05 -2.870236e-05 3.604299e-05 1.302818e-04
12001.850523 7.282218e-01 3.968921e-02 1.473533e-02 1.222775e-01 3.981792e-05 -2.298250e-05 3.051189e-05 1.269071e-04
12005.124105 7.274930e-01 3.988746e-02 1.486614e-02 1.226075e-01 3.244059e-05 -2.004659e-05 2.258853e-05 1.331586e-04
12008.409879 7.265261e-01 3.997431e-02 1.498808e-02 1.229097e-01 3.378360e-05 -1.695747e-05 3.698855e-05 1.424443e-04
12011.707845 7.264570e-01 4.016859e-02 1.522089e-02 1.227552e-01 4.756709e-05 -2.285932e-05 2.211963e-05 1.308016e-04
12015.018003 7.265529e-01 4.009838e-02 1.531433e-02 1.224179e-01 4.210729e-05 -2.525625e-05 2.712221e-05 1.325550e-04
12018.340353 7.259431e-01 4.022515e-02 1.543481e-02 1.220409e-01 2.764005e-05 -2.936251e-05 3.451266e-05 1.335576e-04
12021.674895 7.252307e-01 4.072129e-02 1.572858e-02 1.224129e-01 3.696589e-05 -3.092873e-05 2.618420e-05 1.302777e-04
12025.021629 7.247092e-01 4.058063e-02 1.566439e-02 1.216766e-01 3.969303e-05 -2.653826e-05 3.237602e-05 1.195511e-04
12028.380554 7.242268e-01 3.994635e-02 1.548836e-02 1.219770e-01 4.501165e-05 -2.887689e-05 2.435465e-05 1.058669e-04
12031.751672 7.236120e-01 4.021028e-02 1.563497e-02 1.222819e-01 4.149342e-05 -2.626551e-05 2.335766e-05 1.114851e-04
12035.134982 7.225238e-01 4.082219e-02 1.577941e-02 1.218157e-01 3.692968e-05 -2.248585e-05 3.022588e-05 1.246430e-04
12038.530483 7.220794e-01 4.103754e-02 1.582837e-02 1.223906e-01 4.531575e-05 -3.152207e-05 2.927338e-05 1.242755e-04
12041.938176 7.217659e-01 4.114740e-02 1.586608e-02 1.217910e-01 4.360897e-05 -3.044835e-05 2.925222e-05 1.311320e-04
12045.358061 7.160691e-01 4.065037e-02 1.574855e-02 1.215689e-01 3.358701e-05 -2.961187e-05 3.514712e-05 1.363557e-04
12048.790139 7.099075e-01 4.053715e-02 1.560219e-02 1.205103e-01 3.149905e-05 -2.512071e-05 3.145036e-05 1.348911e-04
12052.234408 7.180391e-01 4.156716e-02 1.596230e-02 1.212731e-01 4.012549e-05 -2.275458e-05 4.280320e-05 1.349104e-04
12055.690868 7.197063e-01 4.195387e-02 1.615930e-02 1.226112e-01 4.123102e-05 -3.909370e-05 3.461971e-05 1.340564e-04
12059.159521 7.193626e-01 4.226857e-02 1.626601e-02 1.226051e-01 3.580475e-05 -3.746898e-05 3.220729e-05 1.378851e-04
12062.640366 7.185869e-01 4.241538e-02 1.628060e-02 1.221054e-01 3.028692e-05 -3.524972e-05 3.540714e-05 1.360457e-04
12066.133403 7.181438e-01 4.249965e-02 1.633493e-02 1.225558e-01 2.474910e-05 -2.978164e-05 3.426958e-05 1.317674e-04
12069.638631 7.178267e-01 4.271211e-02 1.640538e-02 1.225072e-01 2.362681e-05 -3.323085e-05 3.180777e-05 1.365544e-04
12073.156052 7.170902e-01 4.300650e-02 1.656977e-02 1.227962e-01 3.776092e-05 -3.520380e-05 3.744338e-05 1.328114e-04
12076.685664 7.163920e-01 4.323627e-02 1.662317e-02 1.215463e-01 3.900804e-05 -2.443554e-05 3.102254e-05 1.319185e-04
12080.227468 7.157698e-01 4.343655e-02 1.670644e-02 1.223341e-01 4.115753e-05 -1.549246e-05 2.371307e-05 1.323621e-04
12083.781465 7.147055e-01 4.358291e-02 1.675340e-02 1.219867e-01 4.144028e-05 -1.769031e-05 3.213101e-05 1.392153e-04
12087.347653 7.142370e-01 4.377131e-02 1.685116e-02 1.221435e-01 4.652826e-05 -1.661317e-05 3.294050e-05 1.463576e-04
12090.926033 7.139063e-01 4.399602e-02 1.697098e-02 1.209746e-01 4.807353e-05 -1.949108e-05 3.515370e-05 1.382975e-04
12094.516605 7.133029e-01 4.410174e-02 1.716275e-02 1.219471e-01 4.689048e-05 -1.875446e-05 4.380107e-05 1.271844e-04
12098.119369 7.124445e-01 4.418718e-02 1.725132e-02 1.222057e-01 4.162486e-05 -2.053544e-05 4.945646e-05 1.212455e-04
12101.734324 7.116742e-01 4.426379e-02 1.739286e-02 1.218426e-01 4.512994e-05 -2.123697e-05 4.665763e-05 1.296615e-04
12105.361472 7.107079e-01 4.407794e-02 1.735437e-02 1.216344e-01 3.696005e-05 -2.399994e-05 3.522308e-05 1.267693e-04
12109.000811 7.110272e-01 4.380440e-02 1.736361e-02 1.213733e-01 3.718727e-05 -1.767003e-05 2.491231e-05 1.143686e-04
12112.652343 7.099618e-01 4.409507e-02 1.752870e-02 1.214709e-01 4.677740e-05 -6.216792e-06 3.088878e-05 1.249428e-04
12116.316066 7.078793e-01 4.436512e-02 1.776290e-02 1.208188e-01 4.500761e-05 4.347422e-07 4.171454e-05 1.258777e-04
12119.991982 7.071040e-01 4.450568e-02 1.785806e-02 1.215237e-01 5.318942e-05 -6.431062e-07 2.592930e-05 1.161656e-04
12123.680089 7.082139e-01 4.505062e-02 1.811237e-02 1.218318e-01 5.281800e-05 -6.155004e-06 1.913877e-05 1.146176e-04
12127.380388 7.068679e-01 4.531414e-02 1.824258e-02 1.216299e-01 5.486109e-05 -6.035509e-06 1.193747e-05 1.178239e-04
12131.092879 7.064456e-01 4.549586e-02 1.836982e-02 1.215119e-01 4.636583e-05 -1.303177e-05 1.938772e-05 1.212216e-04
12134.817562 7.056150e-01 4.569403e-02 1.845878e-02 1.214349e-01 3.814967e-05 -1.760330e-05 3.456939e-05 1.297895e-04
12138.554437 7.050988e-01 4.583831e-02 1.852786e-02 1.209798e-01 4.811642e-05 -1.766953e-05 4.025155e-05 1.336250e-04
12142.303503 7.050763e-01 4.574417e-02 1.848894e-02 1.214732e-01 5.434614e-05 -2.243830e-05 3.479755e-05 1.347656e-04
12146.064762 7.046645e-01 4.561587e-02 1.853519e-02 1.212105e-01 4.181843e-05 -2.035796e-05 3.098862e-05 1.318815e-04
12149.838213 7.048047e-01 4.608282e-02 1.871598e-02 1.216004e-01 3.694504e-05 -1.361883e-05 1.755228e-05 1.142367e-04
12153.623855 7.046361e-01 4.663472e-02 1.900794e-02 1.216981e-01 4.198938e-05 -9.440416e-06 2.387402e-05 1.225279e-04
12157.421689 7.033983e-01 4.691032e-02 1.905668e-02 1.214721e-01 4.087714e-05 4.459181e-06 2.037323e-05 1.157128e-04
12161.231716 7.026791e-01 4.704971e-02 1.912401e-02 1.211370e-01 3.101254e-05 -1.146502e-06 7.306348e-06 1.157390e-04
12165.053934 7.026406e-01 4.720572e-02 1.917791e-02 1.211084e-01 2.185844e-05 -7.155804e-06 7.057374e-06 1.159695e-04
12168.888344 7.006492e-01 4.744580e-02 1.927113e-02 1.208943e-01 3.070313e-05 -3.392469e-06 6.337337e-06 1.078159e-04
12172.734946 6.981634e-01 4.744841e-02 1.929663e-02 1.210743e-01 3.192685e-05 -1.336827e-05 -1.132638e-06 1.114686e-04
12176.593740 6.993226e-01 4.752791e-02 1.931633e-02 1.213803e-01 2.912549e-05 -2.039910e-05 2.105637e-06 1.118764e-04
12180.464726 6.983912e-01 4.769220e-02 1.940361e-02 1.210718e-01 3.258154e-05 -2.117930e-05 5.045906e-07 1.139248e-04
12184.347903 6.986860e-01 4.813046e-02 1.958419e-02 1.216051e-01 3.739611e-05 -1.904583e-05 1.333693e-05 1.186977e-04
12188.243273 6.979751e-01 4.831284e-02 1.965189e-02 1.210207e-01 4.050713e-05 -1.155138e-05 1.071001e-05 1.102940e-04
12192.150835 6.969574e-01 4.851645e-02 1.975993e-02 1.209175e-01 3.846376e-05 -1.921666e-05 2.243370e-05 1.148626e-04
12196.070588 6.956116e-01 4.873721e-02 1.990926e-02 1.211415e-01 4.534544e-05 -1.549255e-05 1.242000e-05 1.103481e-04
12200.002533 6.960935e-01 4.897893e-02 2.007552e-02 1.215153e-01 3.797194e-05 -9.979322e-06 1.344231e-05 1.131542e-04
12203.946671 6.951981e-01 4.889239e-02 2.003814e-02 1.214375e-01 3.755095e-05 -1.508813e-05 2.840777e-05 1.150585e-04
12207.903000 6.935063e-01 4.875518e-02 2.014882e-02 1.206019e-01 3.020589e-05 -2.088638e-05 2.145651e-05 1.205374e-04
12211.871521 6.930242e-01 4.880648e-02 2.029715e-02 1.206986e-01 2.812935e-05 -2.144091e-05 1.122048e-05 1.251639e-04
12215.852234 6.927041e-01 4.918767e-02 2.054551e-02 1.204716e-01 2.716492e-05 -2.202784e-05 6.232295e-06 1.249130e-04
12219.845139 6.921701e-01 4.948988e-02 2.076151e-02 1.204608e-01 3.554015e-05 -1.642410e-05 1.457477e-05 1.232730e-04
12223.850236 6.907721e-01 4.965196e-02 2.086828e-02 1.207567e-01 3.624655e-05 -1.759318e-05 1.334524e-05 1.198960e-04
12227.867524 6.915794e-01 4.992247e-02 2.102589e-02 1.211371e-01 2.407816e-05 -1.561350e-05 1.933029e-05 1.162214e-04
12231.897005 6.903075e-01 5.022931e-02 2.126131e-02 1.206578e-01 2.501843e-05 -1.058507e-05 2.248823e-05 1.165770e-04
12235.938678 6.898563e-01 5.045215e-02 2.140600e-02 1.207471e-01 2.959885e-05 -1.436851e-05 3.606958e-05 1.155880e-04
12239.992542 6.887459e-01 5.061489e-02 2.148841e-02 1.204292e-01 3.806147e-05 -7.670055e-06 3.748518e-05 1.188046e-04
12244.058598 6.891131e-01 5.091622e-02 2.164175e-02 1.206840e-01 3.904099e-05 -2.016273e-06 2.718526e-05 1.241118e-04
12248.136847 6.888326e-01 5.123239e-02 2.181172e-02 1.200737e-01 4.110150e-05 -4.491444e-06 2.268721e-05 1.234601e-04
12252.227287 6.822733e-01 5.081798e-02 2.176748e-02 1.196252e-01 3.770865e-05 -5.768779e-06 3.533300e-05 1.185514e-04
12256.329919 6.709633e-01 4.986116e-02 2.152339e-02 1.172679e-01 4.106661e-05 -1.164510e-05 2.818576e-05 1.027432e-04
12260.444743 6.819658e-01 5.087845e-02 2.201241e-02 1.196857e-01 4.106179e-05 -1.260055e-05 2.498307e-05 9.151192e-05
12264.571759 6.834191e-01 5.144885e-02 2.227810e-02 1.197835e-01 4.986301e-05 -1.470347e-05 2.391222e-05 9.822948e-05
12268.710967 6.833960e-01 5.171975e-02 2.239521e-02 1.197965e-01 4.237220e-05 -1.180991e-05 1.407332e-05 1.055921e-04
12272.862366 6.840254e-01 5.212232e-02 2.263123e-02 1.198770e-01 3.741962e-05 -1.406683e-05 1.129187e-05 1.116030e-04
12277.025958 6.835742e-01 5.232302e-02 2.273530e-02 1.207342e-01 3.676714e-05 -1.429491e-05 1.911768e-05 1.127042e-04
12281.201742 6.826809e-01 5.238925e-02 2.274461e-02 1.199359e-01 3.966190e-05 -1.903440e-05 2.124518e-05 1.134346e-04
12285.389717 6.809428e-01 5.241168e-02 2.265973e-02 1.194204e-01 4.420957e-05 -1.920119e-05 2.227670e-05 1.214602e-04
12289.589884 6.802468e-01 5.260808e-02 2.281091e-02 1.196956e-01 5.579421e-05 -2.100184e-05 3.466934e-05 1.334944e-04
12293.802244 6.798808e-01 5.276350e-02 2.291780e-02 1.203722e-01 5.273969e-05 -1.456236e-05 2.963224e-05 1.273193e-04
12298.026795 6.670443e-01 5.199076e-02 2.259828e-02 1.187359e-01 4.864223e-05 -9.573325e-06 3.746029e-05 1.161964e-04
12302.263538 6.698157e-01 5.278337e-02 2.292891e-02 1.195219e-01 4.954244e-05 -1.574972e-05 2.703061e-05 1.135848e-04
12306.512473 6.777798e-01 5.375107e-02 2.333119e-02 1.203930e-01 5.387752e-05 -1.741414e-05 2.994630e-05 1.073351e-04
12310.773600 6.773753e-01 5.390559e-02 2.344700e-02 1.200366e-01 5.236981e-05 -4.660563e-06 3.010199e-05 9.805183e-05
12315.046919 6.765786e-01 5.400145e-02 2.356341e-02 1.198532e-01 5.101253e-05 -5.731509e-06 2.736172e-05 1.114203e-04
12319.332429 6.766151e-01 5.385472e-02 2.349284e-02 1.200531e-01 5.052886e-05 -1.285509e-05 3.125459e-05 1.156505e-04
12323.630132 6.756683e-01 5.383943e-02 2.358876e-02 1.196109e-01 6.122188e-05 -1.270500e-05 2.214544e-05 1.095016e-04
12327.940026 6.750136e-01 5.420515e-02 2.385867e-02 1.198228e-01 5.117991e-05 -8.477479e-06 4.385248e-06 1.068284e-04
12332.262113 6.748921e-01 5.479405e-02 2.426015e-02 1.193643e-01 4.868741e-05 -5.842053e-06 1.617394e-05 1.189323e-04
12336.596391 6.744481e-01 5.524865e-02 2.455483e-02 1.196163e-01 3.605711e-05 -1.191684e-05 2.683058e-05 1.137025e-04
12340.942861 6.739720e-01 5.532009e-02 2.468138e-02 1.198264e-01 3.357320e-05 -9.861674e-06 2.550758e-05 1.088706e-04
12345.301524 6.727632e-01 5.560369e-02 2.492618e-02 1.199317e-01 2.214766e-05 -5.186159e-06 2.846274e-05 1.187009e-04
12349.672378 6.719897e-01 5.597729e-02 2.518788e-02 1.196414e-01 3.550911e-05 -4.221479e-06 2.523114e-05 1.162357e-04
12354.055424 6.703535e-01 5.599630e-02 2.526060e-02 1.198910e-01 3.056402e-05 -9.242468e-07 2.130661e-05 1.103461e-04
12358.450662 6.703165e-01 5.614623e-02 2.543917e-02 1.202925e-01 2.947851e-05 -1.675530e-05 2.322431e-05 1.013113e-04
12362.858091 6.695239e-01 5.636386e-02 2.557521e-02 1.198753e-01 2.850191e-05 -2.423884e-05 2.602189e-05 1.064321e-04
12367.277713 6.683208e-01 5.622198e-02 2.554471e-02 1.193684e-01 4.242317e-05 -3.137664e-05 2.815399e-05 1.133912e-04
12371.709527 6.685793e-01 5.630735e-02 2.565835e-02 1.197169e-01 4.739445e-05 -2.758676e-05 3.631382e-05 1.127653e-04
12376.153532 6.681428e-01 5.640768e-02 2.582221e-02 1.199721e-01 6.078409e-05 -1.486306e-05 2.926669e-05 9.606784e-05
12380.609730 6.672880e-01 5.657415e-02 2.595632e-02 1.196686e-01 6.276813e-05 -2.084431e-05 3.295901e-05 1.075748e-04
12385.078119 6.668921e-01 5.675223e-02 2.611474e-02 1.196620e-01 5.432283e-05 -2.211992e-05 3.516269e-05 1.145455e-04
12389.558700 6.660161e-01 5.710388e-02 2.632321e-02 1.194779e-01 3.730181e-05 -2.005907e-05 3.122166e-05 1.144597e-04
12394.051473 6.651349e-01 5.738801e-02 2.655706e-02 1.194305e-01 4.404862e-05 -2.634455e-05 3.046438e-05 1.109344e-04
12398.556438 6.641718e-01 5.768708e-02 2.676503e-02 1.193384e-01 4.601048e-05 -2.814982e-05 3.113655e-05 1.136637e-04
12403.073595 6.636184e-01 5.797432e-02 2.690923e-02 1.192575e-01 3.747693e-05 -2.754687e-05 5.101833e-05 1.065948e-04
12407.602944 6.631888e-01 5.830022e-02 2.711786e-02 1.196266e-01 3.114011e-05 -3.099975e-05 5.769537e-05 1.136359e-04
12412.144485 6.618882e-01 5.864324e-02 2.732881e-02 1.193710e-01 4.062632e-05 -2.287226e-05 5.658189e-05 1.153756e-04
12416.698218 6.596591e-01 5.892437e-02 2.746898e-02 1.186497e-01 3.872506e-05 -1.940446e-05 5.029256e-05 1.161836e-04
12421.264142 6.571995e-01 5.905392e-02 2.759619e-02 1.186548e-01 3.296677e-05 -1.687265e-05 4.456230e-05 1.215555e-04
12425.842259 6.585409e-01 5.952201e-02 2.784929e-02 1.191916e-01 4.343529e-05 -1.455056e-05 4.580424e-05 1.207979e-04
12430.432567 6.593444e-01 5.994100e-02 2.802150e-02 1.185449e-01 4.803986e-05 -2.123938e-05 5.567014e-05 1.274677e-04
12435.035068 6.589811e-01 6.008616e-02 2.816891e-02 1.187259e-01 4.911237e-05 -2.237362e-05 6.761552e-05 1.262151e-04
12439.649760 6.581305e-01 6.028384e-02 2.828668e-02 1.188599e-01 4.948479e-05 -2.411049e-05 5.617607e-05 1.226128e-04
12444.276644 6.566843e-01 6.046853e-02 2.839614e-02 1.190208e-01 5.009900e-05 -2.140300e-05 5.094905e-05 1.272036e-04
12448.915720 6.548071e-01 6.071341e-02 2.862234e-02 1.189174e-01 4.952645e-05 -1.686070e-05 4.212457e-05 1.309775e-04
12453.566988 6.554237e-01 6.111436e-02 2.889056e-02 1.188855e-01 4.635831e-05 -2.212165e-05 4.463661e-05 1.266096e-04
12458.230448 6.552031e-01 6.133722e-02 2.905664e-02 1.195210e-01 3.558050e-05 -2.618549e-05 2.823415e-05 1.165033e-04
12462.906100 6.545759e-01 6.149103e-02 2.922264e-02 1.196138e-01 4.256841e-05 -2.446042e-05 2.742072e-05 1.161115e-04
12467.593943 6.541162e-01 6.159035e-02 2.941961e-02 1.190612e-01 5.449902e-05 -1.472420e-05 2.231653e-05 1.146493e-04
12472.293979 6.527860e-01 6.157905e-02 2.953265e-02 1.186030e-01 6.418537e-05 -1.454184e-05 2.120956e-05 1.181362e-04
12477.006206 6.522310e-01 6.187684e-02 2.969909e-02 1.185744e-01 5.766004e-05 -1.005596e-05 2.053200e-05 1.156035e-04
12481.730626 6.522077e-01 6.210226e-02 2.990584e-02 1.188401e-01 5.935837e-05 -1.341691e-05 2.579599e-05 1.150551e-04
12486.467237 6.515414e-01 6.223637e-02 3.013454e-02 1.188310e-01 5.897302e-05 -1.610931e-05 1.668790e-05 1.184868e-04
12491.216040 6.506287e-01 6.273576e-02 3.049544e-02 1.187977e-01 6.158258e-05 -1.426438e-05 1.183855e-05 1.268180e-04
12495.977036 6.490071e-01 6.301619e-02 3.070661e-02 1.188145e-01 5.023649e-05 -1.569286e-05 1.157000e-05 1.227600e-04
12500.750223 6.460716e-01 6.317582e-02 3.092663e-02 1.184260e-01 4.604169e-05 -1.869489e-05 2.655220e-05 1.082407e-04
12505.535602 6.478845e-01 6.367507e-02 3.128750e-02 1.183181e-01 4.492734e-05 -1.829342e-05 2.736921e-05 1.022223e-04
12510.333172 6.483153e-01 6.400723e-02 3.144393e-02 1.185806e-01 4.680015e-05 -1.981557e-05 2.057952e-05 9.763435e-05
12515.142935 6.476500e-01 6.416264e-02 3.168474e-02 1.187827e-01 4.145495e-05 -1.582067e-05 2.394291e-05 1.107255e-04
12519.964890 6.469179e-01 6.436328e-02 3.189170e-02 1.188258e-01 3.815844e-05 -1.579422e-05 2.508699e-05 1.137803e-04
12524.799037 6.463206e-01 6.468287e-02 3.210587e-02 1.195769e-01 3.719869e-05 -1.388927e-05 2.418181e-05 1.086015e-04
12529.645375 6.402499e-01 6.444556e-02 3.199921e-02 1.185373e-01 4.230020e-05 -1.282732e-05 2.006096e-05 1.080370e-04
12534.503905 3.368211e-01 3.398891e-02 1.688826e-02 6.239353e-02 1.672136e-05 -8.194359e-06 1.069315e-05 5.324421e-05
12539.374628 6.885848e-03 6.956733e-04 3.460984e-04 1.276675e-03 2.716997e-07 -1.494830e-07 1.965595e-07 1.090506e-06
