# Facility: NSLS-II
# Beamline: QAS
# Year: 2023
# Cycle: 3
# SAF: 312215
# PI: Reece
# Proposal: 313586
# Scan ID: 271100
# UID: dda2f145-9080-474c-9734-af24c641648e
# Comment: 
# Start time: 10/18/2023  19:41:15
# Stop time: 10/18/2023  19:41:46
# Total time: 00:31
# Trajectory name: Pt-L3-30s-11564.txt
# Element: Platinum ( 78)
# Edge: L3
# E0: 11564
# Reference Foil Element: Pt
# Keithley Gains I0: 1E6 V/A It: 1E6 V/A Iref: 1E7 V/A PIPS: 1E8 V/A 
# Ion Chamber Gas Flow Rates: I0: 0.00 sccm He + 189.70 sccm N2 + 9.80 sccm Ar 
# Ion Chamber Gas Flow Rates: It&Iref: 39.70 sccm N2 + 60.10 sccm Ar
# Incident Beam Path Vertical: 31.75 mm
# Incident Slits Positions B: TOP: 2.0 mm Bottom: 1.0 mm Inboard: 0.57675 mm Outboard: 1.57675 mm
# Sample Stage Positions: Rotation: 45.0 deg Horizontal: -10.11 mm Vertical: 15.39 mm Beam Direction: 0.00 mm
# PerkinElmer Vertical Position: 500.00 mm
# Linkam Oven Temperature : 3.03 C and Ramp Rate: 20.00 C/min.
# Front End Mirror Horizontal Positions: Up: -14.00 mm Down: -14.00 mm
#
# energy  i0  it  ir  iff  aux1  aux2  aux3  aux4
11380.596982 4.207857e-01 6.777112e-03 1.122055e-02 2.693123e-02 5.553722e-06 -1.242983e-05 -1.644594e-06 5.471959e-05
11385.596982 8.268744e-01 1.341442e-02 2.226118e-02 5.334407e-02 9.282801e-06 -2.366682e-05 -3.227736e-06 1.105047e-04
11390.596982 8.332928e-01 1.368692e-02 2.270639e-02 5.354187e-02 1.060888e-05 -1.598708e-05 -8.312872e-07 1.101850e-04
11395.596982 8.406961e-01 1.395705e-02 2.311942e-02 5.394451e-02 9.420191e-06 -9.180777e-06 7.702533e-06 1.128387e-04
11400.596982 8.387398e-01 1.397109e-02 2.316092e-02 5.419318e-02 1.257959e-05 -1.962890e-05 1.915304e-08 1.057865e-04
11405.596982 8.370672e-01 1.408795e-02 2.335929e-02 5.418705e-02 2.267217e-05 -2.264051e-05 -1.755440e-06 1.054446e-04
11410.596982 8.339616e-01 1.417097e-02 2.348893e-02 5.407209e-02 2.619843e-05 -3.123883e-05 4.821085e-06 1.138950e-04
11415.596982 8.254006e-01 1.409239e-02 2.349949e-02 5.363681e-02 2.432066e-05 -2.831017e-05 4.800149e-06 1.112265e-04
11420.596982 8.254909e-01 1.422687e-02 2.370495e-02 5.381458e-02 1.833232e-05 -3.040541e-05 3.258224e-06 1.106014e-04
11425.596982 8.335786e-01 1.456684e-02 2.418751e-02 5.435348e-02 1.050990e-05 -1.928649e-05 2.642176e-07 1.147226e-04
11430.596982 8.349659e-01 1.472594e-02 2.441017e-02 5.457644e-02 8.580649e-06 -2.062390e-05 7.592850e-06 1.153550e-04
11435.596982 8.327406e-01 1.481907e-02 2.462412e-02 5.450985e-02 7.844373e-06 -2.556862e-05 5.348720e-06 1.241480e-04
11440.596982 8.312127e-01 1.494003e-02 2.488816e-02 5.447068e-02 1.204432e-05 -2.494416e-05 1.383157e-05 1.135445e-04
11445.596982 8.301327e-01 1.503122e-02 2.504656e-02 5.451803e-02 1.994327e-05 -2.477439e-05 5.380929e-06 1.009610e-04
11450.596982 8.289817e-01 1.508735e-02 2.510578e-02 5.458128e-02 2.021061e-05 -1.767145e-05 4.187758e-06 9.201246e-05
11455.596982 8.278692e-01 1.523022e-02 2.540520e-02 5.596811e-02 1.894748e-05 -8.891113e-06 7.728083e-06 8.874184e-05
11460.596982 8.271222e-01 1.541605e-02 2.566155e-02 6.069387e-02 2.466252e-05 -1.140063e-05 8.073930e-06 1.041099e-04
11465.596982 8.262605e-01 1.559861e-02 2.598235e-02 5.983940e-02 2.862530e-05 -9.140902e-06 1.314524e-05 1.081760e-04
11470.596982 8.260263e-01 1.572212e-02 2.622101e-02 5.576981e-02 2.201936e-05 -2.174065e-05 1.182416e-05 1.076571e-04
11475.596982 8.248249e-01 1.579193e-02 2.635964e-02 5.515247e-02 2.423682e-05 -1.619273e-05 1.071867e-05 1.087797e-04
11480.596982 8.230765e-01 1.580212e-02 2.643368e-02 5.501371e-02 2.563793e-05 -4.365283e-07 6.857502e-06 1.031711e-04
11485.596982 8.219300e-01 1.579317e-02 2.641643e-02 5.510875e-02 1.576487e-05 -8.861761e-06 8.512708e-06 9.682479e-05
11490.596982 8.209748e-01 1.594609e-02 2.664568e-02 5.523140e-02 1.852489e-05 -9.959194e-06 3.713727e-06 8.708624e-05
11495.596982 8.200602e-01 1.616942e-02 2.700949e-02 5.539513e-02 2.758635e-05 -4.451883e-06 -2.538569e-06 8.548797e-05
11500.596982 8.199540e-01 1.634795e-02 2.726450e-02 5.548772e-02 1.990217e-05 -8.730793e-06 -8.489696e-06 9.325134e-05
11505.596982 8.188166e-01 1.646477e-02 2.740782e-02 5.558893e-02 1.721873e-05 -4.785850e-06 -7.241636e-06 9.842264e-05
11510.596982 8.176361e-01 1.662946e-02 2.770390e-02 5.595494e-02 2.759945e-05 -7.438709e-06 -1.238217e-05 9.411710e-05
11515.596982 8.165098e-01 1.668868e-02 2.775623e-02 5.627649e-02 2.338657e-05 -1.647169e-05 7.434954e-06 9.382451e-05
11520.596982 8.158041e-01 1.684504e-02 2.798160e-02 5.610940e-02 2.841323e-05 -8.370930e-06 1.116589e-06 9.053678e-05
11525.596982 8.148720e-01 1.696374e-02 2.809207e-02 5.673111e-02 2.788230e-05 -1.914278e-05 8.856326e-06 9.406595e-05
11530.596982 8.144985e-01 1.701659e-02 2.814425e-02 5.808037e-02 1.843808e-05 -1.854954e-05 9.252620e-06 8.938967e-05
11534.000000 8.139615e-01 1.714509e-02 2.817343e-02 5.985576e-02 2.226137e-05 -1.560590e-05 1.807080e-05 1.038213e-04
11535.000000 8.140359e-01 1.721968e-02 2.825364e-02 6.052781e-02 2.831620e-05 -1.148395e-05 2.110007e-05 1.100384e-04
11536.000000 8.129199e-01 1.724283e-02 2.831430e-02 6.045597e-02 2.421638e-05 -7.871367e-06 1.805407e-05 1.106830e-04
11537.000000 8.130836e-01 1.726999e-02 2.822135e-02 6.209108e-02 1.806723e-05 -1.623294e-05 8.059084e-06 1.064852e-04
11538.000000 8.139019e-01 1.731823e-02 2.825535e-02 6.209910e-02 2.409828e-05 -1.764734e-05 2.959452e-06 1.049562e-04
11539.000000 8.135632e-01 1.732269e-02 2.819558e-02 6.294661e-02 1.654248e-05 -1.514918e-05 1.075886e-06 9.850828e-05
11540.000000 8.137217e-01 1.730868e-02 2.814641e-02 6.392133e-02 1.818763e-05 -1.762960e-05 1.067568e-05 9.614600e-05
11541.000000 8.140316e-01 1.732694e-02 2.806648e-02 6.473837e-02 2.740639e-05 -2.103499e-05 8.141336e-06 1.023899e-04
11541.200000 8.167232e-01 1.726783e-02 2.793544e-02 6.623224e-02 3.147769e-05 -2.171018e-05 -1.200154e-06 9.965926e-05
11541.400000 8.114139e-01 1.731743e-02 2.800435e-02 6.444691e-02 1.838155e-05 -1.334858e-05 8.778886e-06 1.043651e-04
11541.600000 8.133115e-01 1.727827e-02 2.793872e-02 6.479933e-02 2.968890e-05 -2.143128e-05 1.870514e-05 1.033780e-04
11541.800000 8.114679e-01 1.726829e-02 2.806619e-02 6.676643e-02 2.550813e-05 -1.544546e-05 1.830610e-05 1.059879e-04
11542.000000 8.077963e-01 1.725834e-02 2.768519e-02 6.377858e-02 1.169155e-05 -1.476409e-05 6.233307e-07 1.026941e-04
11542.200000 8.238051e-01 1.748707e-02 2.838942e-02 6.452815e-02 1.854392e-05 -1.988715e-05 2.086231e-05 9.404596e-05
11542.400000 8.052927e-01 1.722618e-02 2.797155e-02 6.414388e-02 1.089151e-07 -2.361482e-05 1.481673e-05 7.912011e-05
11542.600000 8.154380e-01 1.730220e-02 2.798704e-02 6.427826e-02 8.002727e-06 -1.628257e-05 4.647020e-06 8.212072e-05
11542.800000 8.120339e-01 1.732452e-02 2.815297e-02 6.389854e-02 -9.138412e-07 -1.500005e-05 1.766583e-05 9.870150e-05
11543.000000 8.237001e-01 1.752600e-02 2.828103e-02 6.741122e-02 -8.817255e-07 -6.183487e-06 8.857202e-06 9.227803e-05
11543.200000 7.990035e-01 1.692039e-02 2.764657e-02 6.436078e-02 -2.048619e-06 -9.792462e-06 3.590196e-06 9.617462e-05
11543.400000 8.158528e-01 1.742637e-02 2.791799e-02 6.728067e-02 -8.305697e-06 -7.526874e-06 1.028408e-05 9.630594e-05
11543.600000 8.086507e-01 1.715830e-02 2.755724e-02 6.416744e-02 1.033654e-05 -1.092199e-05 1.317256e-05 9.455901e-05
11543.800000 8.128181e-01 1.738995e-02 2.791218e-02 6.384315e-02 -1.188369e-05 -1.405413e-05 9.903914e-06 1.011852e-04
11544.000000 8.052058e-01 1.704792e-02 2.747728e-02 6.627163e-02 -5.402019e-06 -9.540400e-06 5.456412e-06 9.851702e-05
11544.200000 8.150696e-01 1.736060e-02 2.789756e-02 6.358832e-02 -9.424982e-06 -1.036071e-05 9.271397e-06 9.934696e-05
11544.400000 8.105945e-01 1.725537e-02 2.781090e-02 6.378204e-02 -4.418954e-06 -4.995381e-06 -1.598132e-06 9.561811e-05
11544.600000 8.061678e-01 1.711326e-02 2.761138e-02 6.434436e-02 -3.711338e-06 -1.554463e-05 -5.813592e-06 1.082472e-04
11544.800000 8.114374e-01 1.728611e-02 2.771311e-02 6.282862e-02 -2.022003e-05 -1.477058e-05 9.637000e-07 1.062974e-04
11545.000000 8.139802e-01 1.725521e-02 2.763619e-02 6.340147e-02 -1.117909e-05 -1.473462e-05 5.190697e-06 1.189133e-04
11545.200000 8.103109e-01 1.732422e-02 2.748185e-02 6.744897e-02 -1.559403e-05 -3.221968e-06 1.732174e-05 1.227647e-04
11545.400000 8.149293e-01 1.728478e-02 2.776639e-02 6.481981e-02 -4.615081e-06 -5.824273e-06 1.165160e-05 1.101381e-04
11545.600000 8.123038e-01 1.739099e-02 2.778125e-02 6.454455e-02 -1.746575e-05 -1.430665e-05 -5.964771e-07 1.018296e-04
11545.800000 8.157395e-01 1.734849e-02 2.754696e-02 6.338071e-02 -8.164429e-06 -9.810555e-06 1.821817e-05 1.068540e-04
11546.000000 8.090032e-01 1.723141e-02 2.727756e-02 6.237414e-02 5.010914e-07 -9.520271e-06 1.637197e-06 1.090190e-04
11546.200000 8.176680e-01 1.743313e-02 2.780241e-02 6.406160e-02 -1.024511e-05 -1.783512e-05 -5.180184e-06 1.101701e-04
11546.400000 8.064529e-01 1.703743e-02 2.710787e-02 6.542902e-02 -2.368537e-06 -1.252226e-05 -4.635229e-06 1.066886e-04
11546.600000 8.107619e-01 1.733532e-02 2.735124e-02 6.498291e-02 -6.484149e-06 -8.116154e-06 -2.346804e-06 1.066966e-04
11546.800000 8.079229e-01 1.706936e-02 2.710988e-02 6.414651e-02 6.306807e-06 -7.423176e-06 9.528874e-06 9.333711e-05
11547.000000 8.174270e-01 1.739485e-02 2.746723e-02 6.493522e-02 -8.055219e-06 -1.128436e-05 1.849700e-05 9.407088e-05
11547.200000 8.126627e-01 1.720325e-02 2.737382e-02 6.450469e-02 -3.917427e-07 -7.265304e-06 1.607716e-05 1.045106e-04
11547.400000 8.106301e-01 1.720392e-02 2.710060e-02 6.368366e-02 -3.326699e-06 -1.024864e-05 1.594767e-05 1.210648e-04
11547.600000 8.111303e-01 1.723893e-02 2.731446e-02 6.608120e-02 -1.065640e-05 -9.521195e-06 1.521265e-05 1.205000e-04
11547.800000 8.086066e-01 1.715085e-02 2.699833e-02 6.356571e-02 -1.325555e-06 -1.225315e-05 -1.345306e-06 1.032141e-04
11548.000000 8.144324e-01 1.732589e-02 2.728671e-02 6.332892e-02 -2.879677e-07 -7.715892e-06 5.851858e-06 9.996948e-05
11548.200000 8.176621e-01 1.724362e-02 2.711365e-02 6.576997e-02 1.344989e-05 -8.752069e-06 3.323882e-06 1.022268e-04
11548.400000 8.095027e-01 1.722464e-02 2.686590e-02 6.273569e-02 -8.267292e-07 -1.764750e-05 1.396201e-05 1.053172e-04
11548.600000 8.093727e-01 1.705781e-02 2.671393e-02 6.377850e-02 9.751269e-06 -9.231113e-06 -5.964433e-07 1.003935e-04
11548.800000 8.130542e-01 1.727183e-02 2.702167e-02 6.178902e-02 3.354053e-06 -1.403393e-05 -2.195237e-06 9.902045e-05
11549.000000 8.119834e-01 1.718622e-02 2.683175e-02 6.484480e-02 2.078402e-05 -5.203986e-06 5.651595e-06 1.073943e-04
11549.200000 7.999843e-01 1.700078e-02 2.604785e-02 6.326489e-02 1.452309e-05 -5.413671e-06 1.868524e-05 1.162355e-04
11549.400000 8.220029e-01 1.746214e-02 2.722759e-02 6.386701e-02 9.796559e-06 -8.459877e-06 1.623425e-05 1.151551e-04
11549.600000 8.122170e-01 1.721246e-02 2.676805e-02 6.223916e-02 1.707066e-05 -1.612351e-05 1.592527e-05 1.055767e-04
11549.800000 8.146909e-01 1.729572e-02 2.692651e-02 6.389837e-02 1.749843e-05 -1.914707e-05 4.837125e-06 1.023051e-04
11550.000000 8.078463e-01 1.710345e-02 2.622851e-02 6.357998e-02 2.899722e-05 -1.970671e-05 4.657809e-06 1.010890e-04
11550.200000 8.122534e-01 1.726598e-02 2.673032e-02 6.645666e-02 1.052044e-05 -1.618470e-05 1.485637e-05 1.036578e-04
11550.400000 8.071667e-01 1.707289e-02 2.656000e-02 6.374008e-02 1.181569e-05 -1.217328e-05 1.853966e-05 1.139925e-04
11550.600000 8.115334e-01 1.730425e-02 2.652159e-02 6.180594e-02 -4.985599e-06 -1.392686e-05 2.684159e-05 1.071300e-04
11550.800000 8.148293e-01 1.727172e-02 2.664410e-02 6.190370e-02 6.909638e-06 -1.667173e-05 6.505179e-06 8.595802e-05
11551.000000 8.129562e-01 1.736375e-02 2.636288e-02 6.416082e-02 -6.606945e-06 -1.656883e-05 1.044839e-07 8.776649e-05
11551.200000 8.155701e-01 1.728626e-02 2.634755e-02 6.345902e-02 1.560141e-05 -1.977409e-05 8.319380e-06 1.048767e-04
11551.400000 8.084022e-01 1.726174e-02 2.624056e-02 6.409464e-02 9.984383e-06 -1.587529e-05 1.098047e-05 9.612505e-05
11551.600000 8.118448e-01 1.718708e-02 2.624189e-02 6.410871e-02 2.943732e-05 -2.204032e-05 1.077656e-05 1.007399e-04
11551.800000 8.069902e-01 1.727371e-02 2.620145e-02 6.121853e-02 1.565464e-05 -2.869790e-05 4.684531e-06 1.072982e-04
11552.000000 8.133066e-01 1.722680e-02 2.618264e-02 6.567420e-02 2.600001e-05 -3.030189e-05 1.272815e-05 9.521533e-05
11552.200000 8.102064e-01 1.728782e-02 2.603025e-02 6.399064e-02 1.530597e-05 -3.250734e-05 3.362388e-06 9.250445e-05
11552.400000 8.108815e-01 1.715372e-02 2.623219e-02 6.352230e-02 2.415764e-05 -3.725536e-05 4.245813e-06 9.267155e-05
11552.600000 8.092977e-01 1.727462e-02 2.604926e-02 6.325664e-02 1.549108e-05 -2.080206e-05 6.328914e-06 8.996185e-05
11552.800000 8.118699e-01 1.722909e-02 2.577413e-02 6.535153e-02 1.859365e-05 -1.135066e-05 -5.362094e-07 8.715135e-05
11553.000000 8.081737e-01 1.725023e-02 2.573136e-02 6.416038e-02 8.864167e-06 -1.614754e-05 -2.264937e-06 8.428627e-05
11553.200000 8.125908e-01 1.716039e-02 2.567568e-02 6.382588e-02 2.027758e-05 -2.408840e-05 -2.145358e-05 8.195078e-05
11553.400000 8.011017e-01 1.707058e-02 2.522844e-02 6.348312e-02 6.394009e-06 -1.101626e-05 -7.564653e-06 9.267558e-05
11553.600000 8.127572e-01 1.721743e-02 2.555567e-02 6.613739e-02 1.490673e-05 -4.923689e-06 -8.359235e-06 8.861521e-05
11553.800000 8.100460e-01 1.729547e-02 2.540617e-02 6.425016e-02 8.480296e-06 -1.934725e-07 3.013838e-06 9.021563e-05
11554.000000 8.087529e-01 1.713580e-02 2.522060e-02 6.619331e-02 2.066871e-05 -1.380625e-05 4.425850e-06 9.345701e-05
11554.200000 8.129152e-01 1.733711e-02 2.531286e-02 6.449881e-02 1.277699e-05 -2.500247e-06 -1.210800e-05 9.490070e-05
11554.400000 8.116249e-01 1.718517e-02 2.522515e-02 6.516216e-02 2.989085e-05 -2.644667e-06 -1.088092e-05 9.284209e-05
11554.600000 8.114864e-01 1.727003e-02 2.484867e-02 6.567090e-02 2.698260e-05 -8.429352e-06 -1.392136e-05 9.480162e-05
11554.800000 8.124189e-01 1.717658e-02 2.475948e-02 6.431350e-02 3.232223e-05 -1.402196e-05 -1.617984e-05 9.404964e-05
11555.000000 8.131433e-01 1.731338e-02 2.476220e-02 6.614448e-02 1.372728e-05 -8.414311e-06 -7.906380e-06 9.564257e-05
11555.200000 8.125204e-01 1.718508e-02 2.474073e-02 6.691392e-02 2.465544e-05 -1.236570e-05 -8.725556e-06 8.836329e-05
11555.400000 8.097407e-01 1.724683e-02 2.454946e-02 6.731095e-02 1.263389e-05 -1.581202e-05 -2.575709e-06 1.028579e-04
11555.600000 8.142581e-01 1.717821e-02 2.411991e-02 6.693080e-02 2.467399e-05 -1.588710e-05 5.644466e-06 1.130473e-04
11555.800000 8.082161e-01 1.714947e-02 2.403403e-02 6.776777e-02 7.496269e-06 -1.462845e-05 -8.366595e-06 1.031670e-04
11556.000000 8.083111e-01 1.708107e-02 2.384808e-02 6.746179e-02 1.518288e-05 -1.943991e-05 4.686368e-06 1.154946e-04
11556.200000 8.187372e-01 1.725647e-02 2.386264e-02 7.016916e-02 4.488461e-06 -3.109930e-05 -1.588706e-05 1.082541e-04
11556.400000 8.019928e-01 1.693076e-02 2.325892e-02 6.601505e-02 8.444969e-06 -1.885501e-05 -1.856590e-05 1.045638e-04
11556.600000 8.111382e-01 1.710091e-02 2.335301e-02 6.663086e-02 7.012672e-06 -1.035059e-05 -8.898909e-06 1.144874e-04
11556.800000 8.117691e-01 1.713367e-02 2.327658e-02 7.089611e-02 1.159385e-06 -1.398410e-05 -7.761908e-06 1.083352e-04
11557.000000 8.070741e-01 1.700250e-02 2.301000e-02 6.941074e-02 -3.372671e-06 -1.315974e-05 -1.085375e-05 1.154631e-04
11557.200000 8.103096e-01 1.714099e-02 2.294468e-02 7.003966e-02 6.237808e-06 -1.071578e-05 5.035228e-06 1.110308e-04
11557.400000 8.128825e-01 1.711348e-02 2.286802e-02 7.139561e-02 4.657103e-06 -2.587148e-08 -1.792767e-05 9.880247e-05
11557.600000 8.089247e-01 1.710288e-02 2.253687e-02 7.087843e-02 4.317233e-06 -1.074161e-05 -8.099156e-06 1.092092e-04
11557.800000 8.100630e-01 1.696272e-02 2.225426e-02 7.060047e-02 1.022079e-05 -1.509144e-05 -1.566806e-05 1.042165e-04
11558.000000 8.108576e-01 1.711726e-02 2.224739e-02 7.150048e-02 7.585323e-06 -1.821332e-06 -1.508758e-05 9.957881e-05
11558.200000 8.093685e-01 1.697443e-02 2.179095e-02 7.291660e-02 5.698899e-06 1.154311e-06 -2.508633e-05 9.035056e-05
11558.400000 8.116746e-01 1.717390e-02 2.169237e-02 7.394514e-02 -1.597597e-05 -1.096918e-07 -1.711529e-05 8.581024e-05
11558.600000 8.102691e-01 1.698020e-02 2.127610e-02 7.377657e-02 1.084995e-06 3.017477e-06 -1.205090e-06 1.005252e-04
11558.800000 8.085148e-01 1.709067e-02 2.114243e-02 7.416042e-02 -4.818004e-06 -2.633309e-06 -5.663566e-07 1.191270e-04
11559.000000 8.126559e-01 1.705414e-02 2.071769e-02 7.421155e-02 -9.641410e-07 -1.184611e-06 -6.519611e-06 1.232427e-04
11559.200000 8.100472e-01 1.711023e-02 2.043343e-02 7.575781e-02 -9.783404e-06 -1.284111e-05 -2.984022e-07 1.083078e-04
11559.400000 8.127251e-01 1.711047e-02 2.023604e-02 7.580726e-02 -4.897622e-06 -8.200648e-06 3.314289e-06 1.040443e-04
11559.600000 8.119283e-01 1.713573e-02 1.982245e-02 7.759782e-02 -4.029095e-06 -3.884901e-06 -3.849060e-06 1.061801e-04
11559.800000 8.046241e-01 1.696420e-02 1.907604e-02 7.921392e-02 -1.008212e-07 3.393285e-06 6.138287e-06 1.075110e-04
11560.000000 8.134777e-01 1.716295e-02 1.896726e-02 7.951954e-02 5.796230e-06 -1.446918e-06 3.814767e-07 1.051000e-04
11560.200000 8.077711e-01 1.710789e-02 1.845684e-02 8.045311e-02 4.123054e-06 7.539398e-06 3.204932e-07 1.049673e-04
11560.400000 8.123356e-01 1.715574e-02 1.820752e-02 8.114023e-02 4.729652e-06 6.089101e-06 -1.148130e-05 1.054623e-04
11560.600000 8.102333e-01 1.715689e-02 1.770020e-02 8.183519e-02 4.488656e-06 4.458250e-06 -1.921679e-05 1.039990e-04
11560.800000 8.111294e-01 1.717500e-02 1.694404e-02 8.372648e-02 4.995681e-06 2.523133e-06 -7.269751e-06 9.318342e-05
11561.000000 8.128547e-01 1.723042e-02 1.678447e-02 8.684028e-02 3.411576e-06 -2.464761e-07 -1.524865e-05 8.619753e-05
11561.200000 8.082877e-01 1.720057e-02 1.604043e-02 8.636425e-02 -2.055387e-07 -3.365976e-06 -6.616593e-06 9.520597e-05
11561.400000 8.096321e-01 1.716612e-02 1.565688e-02 8.857888e-02 1.842034e-05 -1.428865e-05 1.633794e-06 1.057051e-04
11561.600000 8.113748e-01 1.722922e-02 1.522855e-02 9.027970e-02 1.403885e-05 -8.274249e-06 3.437270e-06 1.143362e-04
11561.800000 8.075708e-01 1.726049e-02 1.456526e-02 9.237272e-02 5.057270e-06 -9.418770e-06 -3.007693e-06 1.218986e-04
11562.000000 8.070159e-01 1.719306e-02 1.385578e-02 9.450869e-02 5.426786e-06 -9.209171e-06 -4.698032e-06 1.082928e-04
11562.200000 8.122111e-01 1.723685e-02 1.328701e-02 9.588996e-02 3.386997e-06 -4.567400e-06 -4.434536e-06 1.053737e-04
11562.400000 8.062591e-01 1.719326e-02 1.274073e-02 9.929421e-02 7.207376e-06 -6.017916e-06 4.175364e-06 9.310133e-05
11562.600000 8.117184e-01 1.724210e-02 1.205288e-02 1.033704e-01 7.366959e-06 -5.764647e-06 -5.222827e-06 6.539491e-05
11562.800000 8.105784e-01 1.722869e-02 1.150369e-02 1.042775e-01 1.514353e-05 -4.127375e-06 -6.682060e-06 8.422293e-05
11563.000000 8.101165e-01 1.725662e-02 1.090758e-02 1.105862e-01 2.538044e-05 -1.583614e-05 -1.409231e-05 7.884988e-05
11563.200000 8.090135e-01 1.718431e-02 1.024472e-02 1.107547e-01 2.487168e-05 -1.418803e-05 -1.076712e-05 7.841487e-05
11563.400000 8.112840e-01 1.726837e-02 9.652967e-03 1.145344e-01 2.416430e-05 -1.097738e-05 -9.910278e-06 7.065905e-05
11563.600000 8.101075e-01 1.725353e-02 8.950761e-03 1.198447e-01 2.236278e-05 -1.460531e-05 -7.647506e-06 7.078111e-05
11563.800000 8.105431e-01 1.730830e-02 8.487915e-03 1.233702e-01 1.324103e-05 -1.137761e-05 -3.393668e-06 7.952248e-05
11564.000000 8.093887e-01 1.726571e-02 8.027388e-03 1.258340e-01 2.321146e-05 -1.685819e-05 -1.334100e-06 8.961735e-05
11564.200000 8.110353e-01 1.731890e-02 7.434884e-03 1.305257e-01 1.805708e-05 -1.230014e-05 -6.306824e-06 8.436688e-05
11564.400000 8.119488e-01 1.729685e-02 7.064373e-03 1.324463e-01 1.564111e-05 -1.610904e-05 -8.169211e-06 9.061998e-05
11564.600000 8.090178e-01 1.725187e-02 6.814056e-03 1.375226e-01 1.768675e-05 -2.097403e-05 -3.098210e-06 8.980949e-05
11564.800000 8.079819e-01 1.722372e-02 6.161896e-03 1.412320e-01 1.844533e-05 -1.372077e-05 -1.720210e-05 8.972134e-05
11565.000000 8.088386e-01 1.725347e-02 5.950194e-03 1.461696e-01 2.458897e-05 -8.492178e-06 -1.203288e-05 7.847664e-05
11565.200000 8.092214e-01 1.725779e-02 5.638407e-03 1.493024e-01 2.998475e-05 -1.093748e-05 -1.752883e-05 7.796066e-05
11565.400000 8.061883e-01 1.723933e-02 5.303111e-03 1.509626e-01 2.365689e-05 -1.086592e-05 -1.739680e-05 9.633751e-05
11565.600000 8.102748e-01 1.731952e-02 5.174223e-03 1.566244e-01 1.744226e-05 -1.105197e-05 -2.350346e-06 9.609617e-05
11565.800000 8.093207e-01 1.731513e-02 5.008586e-03 1.593044e-01 2.073510e-05 -6.561203e-06 1.423663e-06 1.094283e-04
11566.000000 8.089949e-01 1.725972e-02 4.790853e-03 1.606857e-01 2.435545e-05 -1.482140e-05 1.436378e-05 1.236362e-04
11566.200000 8.072729e-01 1.720321e-02 4.652511e-03 1.638089e-01 1.774487e-05 -2.265763e-05 4.005255e-06 1.134618e-04
11566.400000 8.115088e-01 1.730869e-02 4.728549e-03 1.670855e-01 1.632893e-05 -1.440271e-05 -1.112042e-06 1.013471e-04
11566.600000 8.095851e-01 1.732137e-02 4.740737e-03 1.691023e-01 9.376266e-06 -1.371706e-05 6.225558e-07 1.002092e-04
11566.800000 8.070256e-01 1.729019e-02 4.572834e-03 1.673022e-01 3.867301e-06 -1.626343e-05 2.874081e-06 1.027127e-04
11567.000000 8.107021e-01 1.736276e-02 4.548434e-03 1.708905e-01 8.563736e-06 -1.999624e-05 -9.244796e-06 9.589523e-05
11567.200000 8.096189e-01 1.733816e-02 4.733036e-03 1.692407e-01 9.573318e-06 -1.927673e-05 -5.170695e-06 9.539691e-05
11567.400000 8.113528e-01 1.739982e-02 4.844076e-03 1.701022e-01 1.768844e-06 -2.355891e-05 1.339363e-05 9.299946e-05
11567.600000 8.055660e-01 1.729273e-02 4.780475e-03 1.691463e-01 1.229113e-05 -2.250135e-05 1.255894e-07 7.670450e-05
11567.800000 8.094116e-01 1.739060e-02 4.884276e-03 1.691322e-01 1.330147e-05 -1.607616e-05 2.864791e-06 9.485300e-05
11568.000000 8.084063e-01 1.736713e-02 4.885898e-03 1.677538e-01 6.817970e-06 -7.573403e-06 1.500389e-06 9.788939e-05
11568.200000 8.074960e-01 1.735089e-02 4.988504e-03 1.668160e-01 3.121327e-06 1.154621e-06 3.101289e-06 1.010103e-04
11568.400000 8.094000e-01 1.738108e-02 5.004807e-03 1.649489e-01 8.706842e-06 -3.497418e-06 8.432235e-06 1.002212e-04
11568.600000 8.064133e-01 1.737391e-02 5.067479e-03 1.622652e-01 1.685155e-05 3.151537e-06 -6.776570e-06 9.798638e-05
11568.800000 8.100996e-01 1.745809e-02 5.239190e-03 1.622240e-01 2.277205e-05 -9.205173e-06 3.150611e-06 9.213499e-05
11569.000000 8.106951e-01 1.745293e-02 5.335416e-03 1.595590e-01 2.265846e-05 -1.317879e-05 -3.650118e-06 8.148590e-05
11569.200000 8.081913e-01 1.738110e-02 5.508457e-03 1.580112e-01 2.936858e-05 -1.232015e-05 1.676921e-06 8.209004e-05
11569.400000 8.080334e-01 1.741526e-02 5.356917e-03 1.565738e-01 1.835748e-05 -2.021514e-05 4.438539e-06 8.668868e-05
11569.600000 8.101484e-01 1.749546e-02 5.577621e-03 1.562197e-01 9.734848e-06 -1.469675e-05 -7.492967e-06 7.692470e-05
11569.800000 8.074803e-01 1.750390e-02 5.820217e-03 1.517840e-01 1.326842e-05 -1.223523e-05 -8.224124e-06 7.704273e-05
11570.000000 8.086638e-01 1.747532e-02 5.695944e-03 1.495100e-01 1.596812e-05 -3.347841e-06 4.644078e-06 9.479042e-05
11570.200000 8.084527e-01 1.745873e-02 5.738054e-03 1.477773e-01 2.116422e-05 -7.681544e-07 1.602762e-05 1.005552e-04
11570.400000 8.089131e-01 1.745488e-02 5.880035e-03 1.462771e-01 1.693930e-05 -5.386054e-06 1.247408e-05 9.463453e-05
11570.600000 8.094669e-01 1.746638e-02 5.994065e-03 1.447775e-01 1.168664e-05 -6.594287e-06 1.379904e-05 1.032002e-04
11570.800000 8.086640e-01 1.745828e-02 5.999751e-03 1.422982e-01 1.029663e-05 -7.183123e-06 6.544503e-06 1.039930e-04
11571.000000 8.086545e-01 1.747587e-02 6.102266e-03 1.412091e-01 1.034919e-05 -2.704137e-06 -3.158103e-06 9.238366e-05
11571.200000 8.089685e-01 1.753335e-02 6.126059e-03 1.393776e-01 3.433509e-06 -3.952312e-06 -9.052544e-06 8.131759e-05
11571.400000 8.073710e-01 1.747099e-02 6.061200e-03 1.377727e-01 8.313377e-06 -1.845144e-05 -1.290697e-05 8.882837e-05
11571.600000 8.071958e-01 1.748958e-02 6.387920e-03 1.370323e-01 7.206035e-06 -2.242228e-05 -1.276005e-05 8.277648e-05
11571.800000 8.099084e-01 1.756827e-02 6.364919e-03 1.356918e-01 1.385533e-05 -2.421966e-05 -2.153312e-06 8.444992e-05
11572.000000 8.092911e-01 1.758065e-02 6.317445e-03 1.354258e-01 1.436188e-05 -2.191443e-05 7.909426e-06 1.008853e-04
11572.200000 8.079685e-01 1.755368e-02 6.242602e-03 1.349894e-01 2.749739e-05 -1.480115e-05 1.550884e-05 1.098562e-04
11572.400000 8.102677e-01 1.762747e-02 6.426957e-03 1.340486e-01 2.173305e-05 -1.426899e-05 2.752533e-06 1.119107e-04
11572.600000 8.078445e-01 1.757175e-02 6.412934e-03 1.316788e-01 1.257881e-05 -1.180644e-05 -1.405448e-05 1.028441e-04
11572.800000 8.086401e-01 1.759463e-02 6.570049e-03 1.307803e-01 8.766715e-06 -2.497352e-05 -1.132397e-07 9.257694e-05
11573.000000 8.081861e-01 1.763365e-02 6.637795e-03 1.293128e-01 6.379238e-06 -2.316324e-05 1.043407e-05 9.037093e-05
11573.200000 8.058336e-01 1.757150e-02 6.665275e-03 1.286628e-01 1.679882e-05 -2.090270e-05 -6.907096e-06 8.420057e-05
11573.400000 8.083330e-01 1.764102e-02 6.670877e-03 1.293207e-01 1.964841e-05 -2.483820e-05 -1.547862e-05 9.097686e-05
11573.600000 8.086050e-01 1.764565e-02 6.711368e-03 1.279866e-01 1.885912e-05 -2.928581e-05 5.444328e-06 1.023166e-04
11573.800000 8.094173e-01 1.769420e-02 6.778302e-03 1.278639e-01 1.318764e-05 -3.158680e-05 1.043850e-05 9.890559e-05
11574.000000 8.087043e-01 1.770016e-02 6.816876e-03 1.259035e-01 9.635475e-06 -4.156773e-05 -3.974536e-06 9.939613e-05
11574.200000 8.081646e-01 1.766628e-02 6.761155e-03 1.267165e-01 1.085541e-06 -3.745983e-05 -9.070257e-06 1.030604e-04
11574.400000 8.069899e-01 1.764427e-02 6.699078e-03 1.261714e-01 -7.242598e-07 -2.962104e-05 2.766559e-06 1.107179e-04
11574.600000 8.083312e-01 1.768726e-02 6.768177e-03 1.257532e-01 1.529610e-06 -2.491046e-05 9.091070e-07 1.027610e-04
11574.800000 8.081601e-01 1.767107e-02 6.791749e-03 1.256061e-01 -1.571108e-06 -2.280394e-05 5.452935e-06 1.097996e-04
11575.000000 8.082082e-01 1.767674e-02 6.819128e-03 1.255302e-01 -5.616446e-06 -2.247104e-05 -9.724771e-07 1.192695e-04
11575.200000 8.076404e-01 1.769865e-02 6.850937e-03 1.246338e-01 -9.144709e-06 -2.389546e-05 -4.057595e-06 1.033335e-04
11575.400000 8.075991e-01 1.772691e-02 6.995122e-03 1.244285e-01 -1.118104e-05 -2.818462e-05 4.592517e-06 1.038728e-04
11575.600000 8.078770e-01 1.765633e-02 6.954529e-03 1.246110e-01 1.716209e-06 -2.400908e-05 -1.627609e-06 1.056588e-04
11575.800000 8.078064e-01 1.769834e-02 6.761140e-03 1.234602e-01 4.594886e-06 -1.730467e-05 -4.150877e-06 1.039286e-04
11576.000000 8.055634e-01 1.770482e-02 6.778471e-03 1.220675e-01 -1.315796e-05 -2.302174e-05 -3.490783e-06 9.963368e-05
11576.200000 8.069873e-01 1.770095e-02 6.918963e-03 1.229904e-01 -1.252497e-05 -1.992830e-05 9.137975e-06 1.050579e-04
11576.400000 8.086281e-01 1.777499e-02 6.971896e-03 1.245135e-01 -1.153433e-05 -2.308126e-05 -4.798799e-06 9.858382e-05
11576.600000 8.045624e-01 1.765817e-02 6.833938e-03 1.232881e-01 -5.664129e-06 -1.137437e-05 -4.041422e-06 8.964499e-05
11576.800000 8.081497e-01 1.774026e-02 6.916911e-03 1.235407e-01 1.917939e-06 -1.594080e-05 -1.963203e-05 9.773345e-05
11577.000000 8.064922e-01 1.773715e-02 6.681022e-03 1.228981e-01 -8.964105e-06 -1.086529e-05 -1.805797e-05 1.036832e-04
11577.200000 8.082218e-01 1.777982e-02 6.787678e-03 1.224126e-01 -3.796861e-06 -1.430508e-05 -4.581965e-06 1.158615e-04
11577.400000 8.064489e-01 1.776989e-02 6.784099e-03 1.226651e-01 -4.086340e-06 -1.480454e-05 8.501515e-06 1.187317e-04
11577.600000 8.086288e-01 1.782527e-02 6.692472e-03 1.241070e-01 4.005649e-06 -1.119373e-05 1.239940e-06 1.239512e-04
11577.800000 8.078898e-01 1.782144e-02 6.758193e-03 1.235471e-01 4.676557e-07 -2.098794e-05 7.227419e-06 1.196630e-04
11578.000000 8.077330e-01 1.782099e-02 6.745611e-03 1.235540e-01 4.148838e-06 -1.942246e-05 1.140335e-05 1.117791e-04
11578.200000 8.069618e-01 1.786891e-02 6.673730e-03 1.231519e-01 7.641006e-06 -1.748766e-05 9.038337e-06 1.051351e-04
11578.400000 8.069987e-01 1.786945e-02 6.633683e-03 1.223275e-01 4.964569e-06 -1.683749e-05 4.140966e-06 1.169675e-04
11578.600000 8.065658e-01 1.785345e-02 6.702808e-03 1.223537e-01 4.767970e-06 -9.212038e-06 1.511924e-06 1.067959e-04
11578.800000 8.086835e-01 1.795871e-02 6.775828e-03 1.239661e-01 -9.172393e-07 -1.019070e-05 5.325355e-06 1.072768e-04
11579.000000 8.068263e-01 1.791620e-02 6.715342e-03 1.240911e-01 5.840010e-06 -1.164576e-05 4.045712e-06 1.116755e-04
11579.200000 8.076156e-01 1.793836e-02 6.729386e-03 1.236069e-01 -3.582849e-07 -1.596285e-05 5.313500e-06 1.160100e-04
11579.400000 8.058314e-01 1.788648e-02 6.545555e-03 1.243328e-01 8.566266e-06 -2.015384e-05 1.061902e-05 1.073323e-04
11579.600000 8.067401e-01 1.794044e-02 6.510946e-03 1.241391e-01 6.076848e-06 -1.622659e-05 8.336640e-06 1.121449e-04
11579.800000 8.032416e-01 1.787003e-02 6.556077e-03 1.247672e-01 -2.834443e-06 -7.102402e-06 2.069556e-05 1.087774e-04
11580.000000 8.085517e-01 1.800743e-02 6.616182e-03 1.255175e-01 -9.827335e-06 -1.512850e-05 1.069053e-05 9.357103e-05
11580.200000 8.070650e-01 1.799215e-02 6.755595e-03 1.240411e-01 -1.077313e-05 -1.544468e-05 1.687591e-05 9.962228e-05
11580.400000 8.068537e-01 1.800761e-02 6.537699e-03 1.230173e-01 -1.750402e-05 -1.576321e-05 1.718429e-05 1.055468e-04
11580.600000 8.087654e-01 1.807448e-02 6.541398e-03 1.249725e-01 -1.408544e-05 -2.162502e-05 1.754111e-05 1.149667e-04
11580.800000 8.067559e-01 1.800879e-02 6.484591e-03 1.243729e-01 -6.885338e-06 -1.830317e-05 2.241818e-05 1.096994e-04
11581.000000 8.075433e-01 1.804394e-02 6.450967e-03 1.263572e-01 -9.420123e-06 -2.390589e-05 3.461640e-05 1.146513e-04
11581.200000 8.066245e-01 1.805544e-02 6.602884e-03 1.248952e-01 -1.315777e-06 -1.553175e-05 2.481752e-05 1.096564e-04
11581.400000 8.074043e-01 1.812311e-02 6.726422e-03 1.248452e-01 3.213816e-06 -2.159458e-05 1.607190e-05 1.003716e-04
11581.600000 8.068116e-01 1.808419e-02 6.706638e-03 1.234275e-01 1.115871e-05 -1.684834e-05 7.515941e-06 9.845760e-05
11581.800000 8.077180e-01 1.811962e-02 6.658295e-03 1.251549e-01 7.381622e-06 -1.932061e-05 1.191449e-05 1.009358e-04
11582.000000 8.076151e-01 1.813612e-02 6.600874e-03 1.262757e-01 1.146505e-05 -1.354364e-05 1.472555e-05 1.088355e-04
11582.200000 8.037632e-01 1.810077e-02 6.839758e-03 1.252107e-01 -1.197292e-06 -1.957051e-05 1.663339e-05 1.100877e-04
11582.400000 8.072460e-01 1.811762e-02 6.755580e-03 1.259653e-01 1.704155e-06 -2.362978e-05 1.365033e-05 1.188792e-04
11582.600000 8.083627e-01 1.816953e-02 6.672641e-03 1.253565e-01 -2.056443e-06 -3.470373e-05 1.224787e-05 1.123419e-04
11582.800000 8.074502e-01 1.817145e-02 6.932150e-03 1.257137e-01 -5.746141e-06 -2.493432e-05 1.710803e-05 1.024215e-04
11583.000000 8.036932e-01 1.807146e-02 6.883204e-03 1.252841e-01 7.916383e-07 -2.747899e-05 2.173965e-05 1.131963e-04
11583.200000 8.073267e-01 1.817437e-02 6.962538e-03 1.260614e-01 -1.128732e-05 -2.847900e-05 2.709153e-05 1.087914e-04
11583.400000 8.083200e-01 1.816490e-02 6.960910e-03 1.258509e-01 -6.649091e-08 -2.626049e-05 1.802203e-05 1.009060e-04
11583.600000 8.031961e-01 1.805896e-02 6.930503e-03 1.245969e-01 -1.922232e-06 -2.572009e-05 2.029168e-05 9.042251e-05
11583.800000 8.121640e-01 1.829715e-02 7.091460e-03 1.268362e-01 4.600509e-06 -1.816301e-05 2.470783e-05 8.852580e-05
11584.000000 8.028494e-01 1.809492e-02 7.108742e-03 1.259626e-01 3.724329e-06 -1.664084e-05 1.242130e-05 9.255974e-05
11584.200000 8.082558e-01 1.824531e-02 7.028628e-03 1.256849e-01 -8.132264e-06 -2.111659e-05 9.365126e-06 9.801348e-05
11584.400000 8.080353e-01 1.819450e-02 6.996860e-03 1.242857e-01 -1.077692e-05 -2.286072e-05 1.011711e-05 1.026259e-04
11584.600000 8.042576e-01 1.813165e-02 6.909185e-03 1.253903e-01 -1.174427e-05 -1.333066e-05 9.748607e-06 9.978089e-05
11584.800000 8.047364e-01 1.814540e-02 7.030331e-03 1.268429e-01 -8.491605e-06 -1.578368e-05 2.146365e-05 9.696098e-05
11585.000000 8.051047e-01 1.817475e-02 7.113009e-03 1.248544e-01 -1.325023e-05 -1.231486e-05 2.220846e-05 9.766420e-05
11585.200000 8.064180e-01 1.818569e-02 7.056091e-03 1.260155e-01 -6.088267e-06 -1.978471e-05 2.131493e-05 9.570616e-05
11585.400000 8.056402e-01 1.819425e-02 7.018061e-03 1.254087e-01 8.410921e-07 -2.953344e-05 1.122913e-05 1.050905e-04
11585.600000 8.068871e-01 1.820856e-02 7.143860e-03 1.258899e-01 -6.914899e-06 -1.683767e-05 1.145761e-05 9.542432e-05
11585.800000 8.082354e-01 1.821784e-02 7.183045e-03 1.252295e-01 -9.415802e-06 -8.658224e-06 1.899115e-05 9.723128e-05
11586.000000 8.065014e-01 1.823813e-02 7.268990e-03 1.269648e-01 -1.601729e-05 -8.555262e-06 6.447976e-06 1.092949e-04
11586.200000 8.078480e-01 1.820981e-02 7.128310e-03 1.261604e-01 -1.204662e-05 -9.768535e-06 9.194470e-06 1.085509e-04
11586.400000 8.033422e-01 1.813756e-02 7.237206e-03 1.246694e-01 -1.725565e-05 -9.804835e-06 2.656454e-05 1.067645e-04
11586.600000 8.086430e-01 1.824302e-02 7.152873e-03 1.278694e-01 -1.717666e-05 4.304114e-06 4.555278e-05 1.145271e-04
11586.800000 8.050264e-01 1.815097e-02 7.231347e-03 1.251227e-01 -1.271888e-05 1.040761e-06 3.264629e-05 1.053175e-04
11587.000000 8.077474e-01 1.820066e-02 7.159207e-03 1.260075e-01 -2.397185e-05 1.667892e-06 2.991364e-05 1.080313e-04
11587.200000 8.080413e-01 1.824413e-02 7.143431e-03 1.250876e-01 -2.453402e-05 5.297546e-06 1.862885e-05 1.129269e-04
11587.400000 8.066601e-01 1.821784e-02 7.151205e-03 1.254064e-01 -2.458982e-05 1.027306e-06 2.431196e-05 1.209260e-04
11587.600000 8.046240e-01 1.814303e-02 7.119674e-03 1.276937e-01 -2.609619e-05 1.626129e-06 2.399401e-05 1.147138e-04
11587.800000 8.038978e-01 1.816071e-02 7.183275e-03 1.269509e-01 -2.951289e-05 3.444323e-07 2.139077e-05 8.472824e-05
11588.000000 8.036868e-01 1.820493e-02 6.848111e-03 1.258414e-01 -2.165304e-05 -1.135719e-06 2.724445e-05 1.034359e-04
11588.200000 8.060943e-01 1.822691e-02 7.068939e-03 1.267927e-01 -1.108492e-05 -3.470550e-06 2.686856e-05 1.190226e-04
11588.400000 8.043524e-01 1.819205e-02 7.042663e-03 1.259740e-01 -3.512513e-06 -1.009073e-05 1.533534e-05 1.129728e-04
11588.600000 8.072533e-01 1.826769e-02 7.081172e-03 1.271267e-01 -8.841712e-07 -1.991567e-05 1.555948e-05 1.112873e-04
11588.800000 8.068883e-01 1.831152e-02 7.107169e-03 1.279014e-01 -9.177768e-06 -2.356063e-05 1.682307e-05 1.169158e-04
11589.000000 8.045501e-01 1.827410e-02 7.145782e-03 1.269471e-01 -1.330615e-05 -2.736612e-05 2.193338e-05 1.145006e-04
11589.200000 8.002396e-01 1.806757e-02 7.027953e-03 1.263694e-01 -1.937930e-05 -2.778416e-05 1.699807e-05 1.014694e-04
11589.400000 8.080147e-01 1.832709e-02 7.041029e-03 1.275664e-01 -1.765917e-05 -2.288606e-05 1.171844e-05 9.860638e-05
11589.600000 8.034006e-01 1.828725e-02 6.973105e-03 1.268544e-01 -1.803828e-05 -2.343094e-05 1.078961e-05 1.064128e-04
11589.800000 8.056585e-01 1.822859e-02 6.927777e-03 1.274623e-01 -1.768401e-05 -2.462448e-05 -2.325888e-06 1.081456e-04
11590.000000 8.055259e-01 1.826305e-02 6.948347e-03 1.267406e-01 -2.556734e-05 -2.228278e-05 3.528465e-06 1.113065e-04
11590.200000 8.023153e-01 1.822125e-02 6.973852e-03 1.266321e-01 -1.736209e-05 -1.466423e-05 1.387786e-05 1.098668e-04
11590.400000 8.021497e-01 1.814288e-02 6.999658e-03 1.299562e-01 -9.793950e-06 -1.621683e-05 3.789360e-06 1.139648e-04
11590.600000 8.052322e-01 1.823523e-02 6.880492e-03 1.275176e-01 -4.126932e-06 -1.944900e-05 9.162938e-07 1.091268e-04
11590.800000 8.061968e-01 1.831246e-02 6.822116e-03 1.290296e-01 -7.260845e-06 -2.155353e-05 1.551356e-05 1.092561e-04
11591.000000 8.044470e-01 1.826929e-02 6.699527e-03 1.279904e-01 -7.853673e-06 -1.802984e-05 1.136103e-05 1.091282e-04
11591.200000 8.040265e-01 1.823058e-02 6.642371e-03 1.281659e-01 -3.688498e-06 -2.442305e-05 -3.206882e-06 1.129733e-04
11591.400000 8.035950e-01 1.822740e-02 6.499131e-03 1.292678e-01 1.188834e-06 -9.624927e-06 8.239027e-06 1.071330e-04
11591.600000 8.055588e-01 1.828338e-02 6.551044e-03 1.287775e-01 -6.139915e-06 -2.122634e-05 1.792488e-05 1.103809e-04
11591.800000 8.061493e-01 1.829132e-02 6.578044e-03 1.293163e-01 1.059200e-05 -3.042302e-05 3.063705e-05 1.098508e-04
11592.000000 7.990849e-01 1.820673e-02 6.353763e-03 1.286302e-01 1.167632e-05 -2.406850e-05 2.495887e-05 1.022740e-04
11592.200000 8.077779e-01 1.838853e-02 6.485930e-03 1.286531e-01 2.081939e-06 -2.412334e-05 2.395212e-05 1.168082e-04
11592.400000 8.058428e-01 1.826170e-02 6.508890e-03 1.304711e-01 1.122584e-05 -2.558686e-05 9.464602e-06 1.088082e-04
11592.600000 8.050490e-01 1.835117e-02 6.464722e-03 1.297763e-01 2.153755e-06 -2.847456e-05 1.107009e-05 1.061324e-04
11592.800000 8.029890e-01 1.823973e-02 6.592475e-03 1.285196e-01 -3.348649e-06 -2.528406e-05 1.318360e-05 1.008659e-04
11593.000000 8.022448e-01 1.821652e-02 6.369202e-03 1.288248e-01 -1.178455e-05 -2.347449e-05 1.008019e-05 9.808442e-05
11593.200000 8.001707e-01 1.823055e-02 6.641583e-03 1.300966e-01 -3.687237e-06 -1.673777e-05 -2.054018e-06 9.326600e-05
11593.400000 8.070152e-01 1.826760e-02 6.346745e-03 1.325834e-01 -2.922160e-06 -2.037493e-05 3.169125e-07 1.019551e-04
11593.600000 7.976504e-01 1.812495e-02 6.187736e-03 1.287495e-01 2.185666e-07 -1.643629e-05 1.330707e-05 1.028354e-04
11593.800000 7.955981e-01 1.807817e-02 6.340447e-03 1.284741e-01 1.719860e-05 -2.577358e-06 4.046805e-06 9.764513e-05
11594.000000 8.050199e-01 1.828187e-02 6.031690e-03 1.306813e-01 1.029833e-05 -5.444759e-06 1.936544e-06 7.922094e-05
11594.200000 8.068070e-01 1.837845e-02 6.317890e-03 1.307018e-01 -4.063555e-06 -1.410079e-06 -2.196906e-06 9.041345e-05
11594.400000 8.024435e-01 1.820784e-02 6.242258e-03 1.316805e-01 1.331729e-05 6.597356e-06 -2.838307e-06 8.880725e-05
11594.600000 8.028308e-01 1.828338e-02 6.520750e-03 1.302561e-01 7.417845e-06 2.061151e-06 1.781692e-06 9.572927e-05
11594.800000 7.996024e-01 1.810545e-02 6.345246e-03 1.312566e-01 1.538121e-05 -5.099000e-06 -1.578774e-05 9.186223e-05
11595.000000 8.059445e-01 1.833109e-02 6.271849e-03 1.306576e-01 5.528447e-06 -9.218200e-06 -1.150684e-05 8.797832e-05
11595.200000 8.020206e-01 1.814383e-02 6.313880e-03 1.308655e-01 1.715399e-05 -1.146539e-05 -3.862043e-06 9.063612e-05
11595.400000 8.060790e-01 1.837404e-02 6.582877e-03 1.316054e-01 1.201181e-05 -1.446252e-05 -8.652554e-06 9.492734e-05
11595.600000 8.049471e-01 1.825083e-02 6.206277e-03 1.318079e-01 5.091996e-07 -1.242556e-05 -1.702140e-05 8.199105e-05
11595.800000 8.051643e-01 1.822364e-02 6.409286e-03 1.334848e-01 -1.044964e-06 -1.094768e-05 -6.166357e-06 8.678005e-05
11596.000000 8.021711e-01 1.822345e-02 6.386240e-03 1.297425e-01 -1.547569e-05 -7.962127e-06 -1.843223e-05 9.426286e-05
11596.200000 7.978035e-01 1.803608e-02 6.187923e-03 1.317200e-01 -7.725573e-06 -1.773797e-05 -1.465729e-05 9.706317e-05
11596.400000 8.072989e-01 1.830756e-02 6.363294e-03 1.349610e-01 -1.459734e-05 -4.479818e-06 -6.582933e-06 1.048970e-04
11596.600000 8.068253e-01 1.823537e-02 6.361728e-03 1.324943e-01 -4.216214e-06 -1.201781e-05 -9.468794e-07 1.185022e-04
11596.800000 8.067808e-01 1.832736e-02 6.403634e-03 1.310329e-01 -1.529630e-05 -1.373696e-05 -3.591467e-06 1.074458e-04
11597.000000 8.041170e-01 1.824698e-02 6.408069e-03 1.322071e-01 -1.646219e-05 -2.009193e-05 -1.092932e-05 1.057348e-04
11597.700000 8.032749e-01 1.821161e-02 6.422709e-03 1.323565e-01 -1.762302e-05 -2.134167e-05 -1.121832e-05 9.781767e-05
11598.400000 8.040448e-01 1.824318e-02 6.533893e-03 1.323847e-01 -8.583270e-06 -8.316788e-06 -1.110317e-05 1.027824e-04
11599.100000 8.029353e-01 1.822957e-02 6.616771e-03 1.326545e-01 -6.901682e-06 -1.174778e-06 -8.390118e-07 1.135169e-04
11599.800000 8.018842e-01 1.822137e-02 6.638345e-03 1.319140e-01 -3.251126e-06 -9.158333e-06 2.055378e-05 1.164398e-04
11600.500000 8.025623e-01 1.824177e-02 6.717006e-03 1.313056e-01 -5.486702e-06 -1.595995e-05 1.393671e-05 1.129205e-04
11601.200000 8.016227e-01 1.822337e-02 6.813867e-03 1.318608e-01 4.941268e-07 -1.491051e-05 1.567359e-05 1.036341e-04
11601.900000 8.014951e-01 1.822502e-02 6.868428e-03 1.329295e-01 -1.313506e-06 -8.932590e-06 1.315122e-05 8.433108e-05
11602.600000 7.990716e-01 1.818125e-02 6.779187e-03 1.311574e-01 -7.622016e-06 -1.289100e-05 1.679221e-05 1.041170e-04
11603.300000 8.013401e-01 1.824468e-02 6.782236e-03 1.314747e-01 -6.550599e-06 -1.331899e-05 1.245752e-05 1.095521e-04
11604.993695 8.019687e-01 1.828547e-02 6.868881e-03 1.321382e-01 -8.841880e-06 -1.673428e-05 2.353831e-06 1.025383e-04
11605.999583 8.012932e-01 1.833093e-02 7.027681e-03 1.315791e-01 -1.514935e-05 -1.753476e-05 4.555638e-06 1.044135e-04
11607.017662 8.011317e-01 1.841220e-02 7.126646e-03 1.317298e-01 -1.879260e-05 -2.074842e-05 2.294948e-06 1.042797e-04
11608.047933 8.003073e-01 1.846500e-02 7.150409e-03 1.323978e-01 -1.753295e-05 -2.084725e-05 5.948343e-07 1.088818e-04
11609.090396 8.003126e-01 1.856112e-02 7.118331e-03 1.326376e-01 -1.461295e-05 -2.471070e-05 3.430359e-06 1.144044e-04
11610.145051 8.005675e-01 1.865533e-02 7.158826e-03 1.325879e-01 -4.616831e-06 -2.421287e-05 -7.663706e-06 1.034299e-04
11611.211898 8.002259e-01 1.874644e-02 7.118181e-03 1.323016e-01 -9.246370e-06 -1.963403e-05 -9.292704e-06 1.071436e-04
11612.290937 8.006054e-01 1.885217e-02 7.047323e-03 1.333182e-01 -2.064641e-06 -1.530841e-05 -5.428575e-06 9.911138e-05
11613.382167 8.001040e-01 1.890067e-02 7.009015e-03 1.336078e-01 -1.321617e-05 -2.781606e-05 -4.194028e-06 1.068499e-04
11614.485590 7.996595e-01 1.894904e-02 6.905099e-03 1.335404e-01 -6.425511e-06 -2.004716e-05 2.646384e-06 1.015400e-04
11615.601204 7.988192e-01 1.900339e-02 6.840268e-03 1.332461e-01 -3.705182e-06 -1.876165e-05 1.004198e-05 1.061498e-04
11616.729011 7.994113e-01 1.904454e-02 6.797152e-03 1.334752e-01 -4.212512e-06 -2.072476e-05 1.686849e-06 1.153947e-04
11617.869009 7.990386e-01 1.911270e-02 6.720296e-03 1.342412e-01 -2.560994e-06 -1.838642e-05 -4.819241e-07 1.143532e-04
11619.021199 7.988083e-01 1.915868e-02 6.650222e-03 1.347570e-01 -5.912789e-06 -2.075273e-05 -6.911842e-07 1.213031e-04
11620.185582 7.982936e-01 1.922746e-02 6.618098e-03 1.335109e-01 -2.746130e-06 -1.800435e-05 -2.323283e-06 1.159061e-04
11621.362156 7.974040e-01 1.924209e-02 6.674884e-03 1.335097e-01 -3.638541e-06 -1.145755e-05 -7.625490e-06 1.100270e-04
11622.550922 7.981012e-01 1.930948e-02 6.688499e-03 1.335377e-01 -2.244174e-06 -1.317231e-05 3.660673e-06 1.163922e-04
11623.751879 7.985817e-01 1.937315e-02 6.703812e-03 1.340874e-01 -8.379418e-06 -2.041927e-05 2.441123e-06 1.088827e-04
11624.965029 7.980142e-01 1.939029e-02 6.715132e-03 1.323976e-01 -8.660879e-06 -1.842485e-05 -2.086171e-06 1.142032e-04
11626.190371 7.969477e-01 1.940707e-02 6.798116e-03 1.325774e-01 -1.271509e-05 -2.032326e-05 1.960657e-06 1.114596e-04
11627.427904 7.974814e-01 1.946631e-02 6.978022e-03 1.323058e-01 -1.211644e-05 -1.485817e-05 1.300641e-05 1.047407e-04
11628.677630 7.974993e-01 1.942966e-02 6.901546e-03 1.322947e-01 -1.265718e-05 -9.439384e-06 1.512148e-07 1.105431e-04
11629.939547 7.957298e-01 1.934984e-02 7.016425e-03 1.317565e-01 -6.663612e-08 -1.012863e-05 -9.298404e-06 1.061477e-04
11631.213657 7.961858e-01 1.931709e-02 6.999618e-03 1.310755e-01 -2.740447e-06 -1.548241e-05 -5.552738e-06 1.117813e-04
11632.499958 7.961833e-01 1.932751e-02 6.974747e-03 1.309263e-01 -9.857910e-06 -2.144219e-05 -1.517861e-05 1.076871e-04
11633.798451 7.958576e-01 1.934706e-02 7.009454e-03 1.299743e-01 -1.785784e-05 -1.969748e-05 -1.617977e-05 1.028768e-04
11635.109136 7.952574e-01 1.943288e-02 7.099375e-03 1.295904e-01 -2.219606e-05 -1.584090e-05 -8.968319e-06 1.072738e-04
11636.432013 7.950291e-01 1.955700e-02 7.213943e-03 1.299998e-01 -1.861191e-05 -1.607386e-05 -1.018153e-05 1.106307e-04
11637.767082 7.950675e-01 1.962144e-02 7.247572e-03 1.292184e-01 -1.826494e-05 -1.445594e-05 -1.059565e-05 1.130378e-04
11639.114342 7.947419e-01 1.967910e-02 7.329089e-03 1.300941e-01 -2.020496e-05 -1.493735e-05 -1.682591e-06 1.010243e-04
11640.473795 7.955740e-01 1.974356e-02 7.443621e-03 1.290248e-01 -2.116781e-05 -1.210674e-05 5.122535e-06 1.031891e-04
11641.845440 7.940566e-01 1.973441e-02 7.470708e-03 1.285950e-01 -2.601850e-05 -1.418184e-05 -3.906038e-06 1.118648e-04
11643.229276 7.928303e-01 1.978956e-02 7.527840e-03 1.292611e-01 -1.920048e-05 -1.599888e-05 -5.578412e-06 1.024553e-04
11644.625305 7.942175e-01 1.985878e-02 7.550938e-03 1.288925e-01 -1.153174e-05 -1.990665e-05 -9.226856e-06 1.077229e-04
11646.033525 7.942245e-01 1.989521e-02 7.589484e-03 1.292546e-01 -1.366014e-05 -2.110649e-05 -1.540093e-05 1.008225e-04
11647.453937 7.930445e-01 1.988871e-02 7.636560e-03 1.285603e-01 -1.624973e-05 -2.979068e-05 -2.167934e-05 1.070186e-04
11648.886541 7.924286e-01 1.990133e-02 7.680738e-03 1.291886e-01 -1.410637e-05 -2.086574e-05 -1.268417e-05 1.067305e-04
11650.331337 7.928183e-01 1.991780e-02 7.757208e-03 1.284149e-01 -5.202873e-06 -2.078149e-05 -1.430607e-05 1.080908e-04
11651.788325 7.923258e-01 1.994696e-02 7.705110e-03 1.283299e-01 -7.544032e-07 -2.513744e-05 -1.610131e-07 1.067211e-04
11653.257505 7.929535e-01 1.997189e-02 7.697156e-03 1.291441e-01 2.681096e-07 -3.272455e-05 -4.274457e-06 1.085217e-04
11654.738877 7.924716e-01 1.985162e-02 7.628326e-03 1.285240e-01 -4.714880e-06 -2.524492e-05 -1.114705e-05 1.041273e-04
11656.232440 7.904219e-01 1.966354e-02 7.406705e-03 1.285538e-01 -1.249581e-05 -2.610165e-05 -8.364060e-06 1.114492e-04
11657.738196 7.879170e-01 1.974241e-02 7.426328e-03 1.283069e-01 -1.092467e-05 -2.358106e-05 -2.074159e-05 1.127181e-04
11659.256143 7.893678e-01 2.000417e-02 7.396279e-03 1.293948e-01 -1.457416e-05 -2.913984e-05 -2.343691e-05 1.065554e-04
11660.786283 7.907041e-01 2.013866e-02 7.387425e-03 1.299371e-01 -1.643505e-05 -3.565148e-05 -2.825919e-05 1.090383e-04
11662.328614 7.907442e-01 2.021345e-02 7.296349e-03 1.300751e-01 -2.308536e-05 -3.468966e-05 -2.288685e-05 1.148690e-04
11663.883137 7.899944e-01 2.028694e-02 7.347037e-03 1.303109e-01 -1.775422e-05 -2.785704e-05 -2.237637e-05 1.169867e-04
11665.449852 7.901356e-01 2.039659e-02 7.380893e-03 1.295480e-01 -2.225470e-05 -2.366007e-05 -2.578621e-05 1.029114e-04
11667.028759 7.891487e-01 2.042964e-02 7.379595e-03 1.298409e-01 -2.485656e-05 -2.209255e-05 -2.614553e-05 1.105551e-04
11668.619858 7.889960e-01 2.046383e-02 7.407216e-03 1.309940e-01 -2.360768e-05 -2.461053e-05 -2.154434e-05 1.134663e-04
11670.223149 7.872997e-01 2.045020e-02 7.440935e-03 1.309545e-01 -1.384772e-05 -1.551150e-05 -2.548783e-05 1.206337e-04
11671.838632 7.845584e-01 2.041400e-02 7.448069e-03 1.302260e-01 -1.413667e-05 -2.892728e-06 -1.928827e-05 1.146927e-04
11673.466307 7.873510e-01 2.052087e-02 7.438463e-03 1.312888e-01 -1.944628e-05 2.107150e-06 -1.833497e-05 1.148392e-04
11675.106173 7.886212e-01 2.063135e-02 7.509381e-03 1.310456e-01 -1.673608e-05 -1.206375e-06 -1.897544e-05 1.117897e-04
11676.758232 7.877404e-01 2.063998e-02 7.549463e-03 1.316000e-01 -1.794451e-05 -2.564859e-06 -1.801471e-05 1.209137e-04
11678.422482 7.866971e-01 2.068506e-02 7.486887e-03 1.312524e-01 -1.502165e-05 -1.622393e-05 -2.373571e-05 1.188529e-04
11680.098924 7.870995e-01 2.071740e-02 7.536488e-03 1.315982e-01 -2.017287e-06 -1.548598e-05 -2.405075e-05 1.236571e-04
11681.787558 7.874735e-01 2.077775e-02 7.566977e-03 1.312482e-01 -7.838926e-06 -1.031981e-05 -8.958282e-06 1.198953e-04
11683.488385 7.865644e-01 2.083800e-02 7.556867e-03 1.312809e-01 -7.459779e-06 -6.399922e-06 -1.311844e-05 1.287877e-04
11685.201403 7.873768e-01 2.097974e-02 7.599062e-03 1.313340e-01 -1.351269e-05 -1.288177e-05 -1.115682e-05 1.266777e-04
11686.926613 7.869565e-01 2.100340e-02 7.549756e-03 1.317620e-01 -2.211776e-05 3.912217e-06 -3.932276e-06 1.245229e-04
11688.664014 7.854894e-01 2.102463e-02 7.572620e-03 1.315145e-01 -2.694479e-05 -3.361081e-06 -1.280274e-05 1.178149e-04
11690.413608 7.854983e-01 2.105551e-02 7.542288e-03 1.310865e-01 -2.911647e-05 -1.205251e-05 -1.120519e-05 1.305356e-04
11692.175394 7.859735e-01 2.105621e-02 7.607222e-03 1.310590e-01 -3.256519e-05 -8.529744e-06 -1.303857e-05 1.333772e-04
11693.949371 7.853637e-01 2.101253e-02 7.658976e-03 1.310833e-01 -2.195786e-05 -9.702970e-06 -1.980394e-05 9.769978e-05
11695.735541 7.852216e-01 2.100436e-02 7.686093e-03 1.303596e-01 -2.097912e-05 -1.219288e-05 -1.375947e-05 1.025503e-04
11697.533902 7.841900e-01 2.097838e-02 7.697917e-03 1.321112e-01 -2.257575e-05 -1.349951e-05 -8.482926e-06 1.181017e-04
11699.344455 7.846263e-01 2.100318e-02 7.819026e-03 1.309790e-01 -2.898149e-05 -1.265540e-05 -2.349585e-06 1.221675e-04
11701.167201 7.832862e-01 2.102491e-02 7.970751e-03 1.316503e-01 -3.536732e-05 -4.922719e-06 -2.418567e-06 1.186180e-04
11703.002138 7.802110e-01 2.103821e-02 8.025670e-03 1.313025e-01 -3.485296e-05 2.050867e-06 2.727483e-06 1.158386e-04
11704.849267 7.815569e-01 2.121860e-02 8.048912e-03 1.322400e-01 -2.315004e-05 -3.913543e-07 -2.405866e-06 1.199307e-04
11706.708588 7.840633e-01 2.141883e-02 8.195541e-03 1.332885e-01 -2.361106e-05 -4.906184e-06 -4.147756e-06 1.149761e-04
11708.580100 7.823042e-01 2.146505e-02 8.259387e-03 1.324820e-01 -2.761221e-05 -1.272747e-05 -1.050177e-05 1.141728e-04
11710.463805 7.818749e-01 2.152590e-02 8.316283e-03 1.318554e-01 -1.729548e-05 -1.815400e-05 -6.985245e-06 1.138646e-04
11712.359702 7.817464e-01 2.163000e-02 8.357137e-03 1.308414e-01 -2.557494e-05 -1.747837e-05 -1.076429e-05 1.146343e-04
11714.267790 7.821848e-01 2.177643e-02 8.311513e-03 1.322948e-01 -3.856391e-05 -2.023316e-05 -1.140022e-05 1.206056e-04
11716.188071 7.810569e-01 2.180882e-02 8.221730e-03 1.354040e-01 -2.485671e-05 -1.457918e-05 -6.325537e-06 1.153489e-04
11718.120543 7.804394e-01 2.184051e-02 8.310100e-03 1.412423e-01 -5.004519e-06 -1.624532e-05 -4.111934e-06 1.059790e-04
11720.065207 7.803561e-01 2.189458e-02 8.241115e-03 1.469663e-01 -7.077527e-06 -1.818375e-05 1.421291e-06 1.004321e-04
11722.022064 7.801243e-01 2.195467e-02 8.155610e-03 1.519444e-01 -1.649745e-05 -1.376787e-05 8.944855e-06 1.019798e-04
11723.991112 7.804100e-01 2.201444e-02 8.150709e-03 1.541241e-01 -7.053023e-06 -1.576637e-05 -3.083187e-06 1.027190e-04
11725.972352 7.800804e-01 2.206741e-02 8.119599e-03 1.525385e-01 -3.086375e-06 -2.045657e-05 -1.143764e-05 9.685225e-05
11727.965784 7.779834e-01 2.213449e-02 8.143488e-03 1.489269e-01 -1.048897e-05 -2.422967e-05 -1.267797e-05 8.805292e-05
11729.971407 7.791205e-01 2.224394e-02 8.160393e-03 1.457642e-01 -1.250138e-05 -2.326956e-05 -1.505953e-06 9.955028e-05
11731.989223 7.787527e-01 2.236116e-02 8.111532e-03 1.434280e-01 -1.198469e-05 -2.175181e-05 -2.417996e-06 1.033931e-04
11734.019231 7.775622e-01 2.236657e-02 8.141478e-03 1.395853e-01 -1.468209e-05 -2.318970e-05 4.965144e-06 1.072477e-04
11736.061430 7.779429e-01 2.237577e-02 8.192747e-03 1.367940e-01 -1.765077e-05 -2.431684e-05 3.500535e-06 1.137814e-04
11738.115822 7.770791e-01 2.237251e-02 8.096875e-03 1.342925e-01 -1.641320e-05 -2.154711e-05 3.143590e-06 1.107476e-04
11740.182405 7.768917e-01 2.230034e-02 8.110012e-03 1.330322e-01 -2.684461e-05 -2.423153e-05 -1.889769e-06 1.080017e-04
11742.261180 7.737215e-01 2.221776e-02 8.093157e-03 1.313919e-01 -2.379624e-05 -2.078380e-05 -2.983284e-07 1.096543e-04
11744.352148 7.734747e-01 2.229946e-02 8.034429e-03 1.308489e-01 -1.762179e-05 -1.638542e-05 -1.149393e-05 1.037551e-04
11746.455307 7.759462e-01 2.243347e-02 8.161465e-03 1.302220e-01 -2.504267e-05 -1.205040e-05 -2.418142e-05 1.036952e-04
11748.570658 7.751920e-01 2.248627e-02 8.181402e-03 1.306109e-01 -2.164385e-05 -1.403946e-05 -2.669541e-05 9.649943e-05
11750.698201 7.745484e-01 2.257207e-02 8.199346e-03 1.304775e-01 -2.145072e-05 -1.778890e-05 -2.785848e-05 9.052350e-05
11752.837935 7.751548e-01 2.265867e-02 8.199730e-03 1.309852e-01 -2.015754e-05 -1.742720e-05 -2.949519e-05 9.001239e-05
11754.989862 7.747769e-01 2.264422e-02 8.194371e-03 1.309712e-01 -5.929017e-06 -1.080025e-05 -2.300075e-05 9.774365e-05
11757.153981 7.739905e-01 2.269395e-02 8.198497e-03 1.312412e-01 -5.440397e-06 -9.976532e-06 -9.753402e-06 1.074441e-04
11759.330291 7.722076e-01 2.281293e-02 8.252741e-03 1.300782e-01 -1.168423e-05 -9.751658e-06 -2.972765e-06 1.097983e-04
11761.518794 7.685640e-01 2.277434e-02 8.303075e-03 1.299566e-01 -1.941090e-05 -1.172836e-05 -7.095257e-07 1.199123e-04
11763.719488 7.710243e-01 2.292439e-02 8.449971e-03 1.301532e-01 -2.440512e-05 -1.271856e-05 4.805125e-06 1.087944e-04
11765.932374 7.718330e-01 2.299590e-02 8.641311e-03 1.304680e-01 -1.827272e-05 -1.297199e-05 5.906595e-06 9.856283e-05
11768.157453 7.718203e-01 2.307324e-02 8.627221e-03 1.303360e-01 -1.452445e-05 -2.076318e-05 -1.408341e-05 8.677273e-05
11770.394723 7.707170e-01 2.306207e-02 8.706539e-03 1.312483e-01 -1.235921e-05 -2.443010e-05 -1.560152e-05 8.869231e-05
11772.644185 7.699526e-01 2.307811e-02 8.718666e-03 1.307593e-01 -1.836041e-05 -2.142165e-05 -3.028709e-05 9.751682e-05
11774.905838 7.705184e-01 2.309503e-02 8.714127e-03 1.312473e-01 -1.598601e-05 -1.924995e-05 -2.532547e-05 1.058437e-04
11777.179684 7.681119e-01 2.291461e-02 8.793399e-03 1.310734e-01 -1.538308e-05 -1.678525e-05 -1.111883e-05 1.071069e-04
11779.465722 7.692817e-01 2.287721e-02 8.796723e-03 1.308861e-01 -1.407356e-05 -1.760343e-05 -1.067983e-05 1.081492e-04
11781.763952 7.667483e-01 2.294341e-02 8.768784e-03 1.310963e-01 -7.595540e-06 -2.118083e-05 -1.557162e-05 1.156497e-04
11784.074373 7.691948e-01 2.316545e-02 8.928812e-03 1.316411e-01 -8.940341e-06 -3.006468e-05 -1.465694e-05 1.017904e-04
11786.396987 7.667029e-01 2.324620e-02 8.949915e-03 1.310747e-01 -2.479412e-05 -3.655701e-05 -1.747241e-05 1.082853e-04
11788.731792 7.669969e-01 2.340685e-02 8.995370e-03 1.310557e-01 -1.873703e-05 -2.658114e-05 -1.480785e-05 1.008481e-04
11791.078789 7.670607e-01 2.355405e-02 9.029601e-03 1.310632e-01 -1.134097e-05 -3.216219e-05 -8.330444e-06 1.002660e-04
11793.437978 7.674353e-01 2.369177e-02 9.026382e-03 1.318809e-01 -7.642945e-06 -2.352003e-05 -1.154557e-05 9.658111e-05
11795.809359 7.601715e-01 2.358104e-02 8.972984e-03 1.295110e-01 -1.467151e-05 -1.683803e-05 -4.738499e-06 1.133820e-04
11798.192932 7.628415e-01 2.386006e-02 9.008562e-03 1.310959e-01 -1.911640e-05 -1.840019e-05 -8.275378e-06 1.125236e-04
11800.588697 7.635047e-01 2.403238e-02 9.079965e-03 1.299228e-01 -6.533790e-06 -2.685687e-05 -6.307042e-06 9.605798e-05
11802.996654 7.653797e-01 2.424680e-02 9.068891e-03 1.299992e-01 -1.045083e-05 -2.903501e-05 -1.831548e-05 1.022297e-04
11805.416803 7.648543e-01 2.424658e-02 9.036997e-03 1.304978e-01 -6.176867e-06 -2.162821e-05 -2.024162e-05 1.137400e-04
11807.849143 7.635193e-01 2.422325e-02 8.913139e-03 1.297388e-01 -9.840976e-06 -2.012373e-05 -1.860119e-05 1.092841e-04
11810.293676 7.653134e-01 2.446260e-02 8.934107e-03 1.304648e-01 -1.679601e-05 -1.737124e-05 -3.232897e-06 1.221855e-04
11812.750400 7.653330e-01 2.458782e-02 8.848274e-03 1.313231e-01 -8.222196e-06 -1.769253e-05 -9.290841e-06 1.209409e-04
11815.219317 7.646127e-01 2.466532e-02 8.873520e-03 1.300438e-01 -1.117438e-06 -1.916482e-05 -5.422736e-06 1.157564e-04
11817.700425 7.645040e-01 2.470783e-02 8.972301e-03 1.294817e-01 -6.355019e-06 -1.979650e-05 -8.643970e-06 1.105173e-04
11820.193725 7.622070e-01 2.460557e-02 8.947433e-03 1.295188e-01 -1.337532e-05 -3.117242e-05 -1.053125e-05 1.103909e-04
11822.699217 7.621412e-01 2.464631e-02 8.943373e-03 1.315522e-01 -1.203283e-05 -2.919008e-05 -3.329226e-06 1.101726e-04
11825.216901 7.618136e-01 2.475834e-02 9.013250e-03 1.301880e-01 -1.143525e-05 -2.997240e-05 -3.621646e-06 1.142442e-04
11827.746777 7.612294e-01 2.487028e-02 9.139991e-03 1.301897e-01 -1.726993e-05 -2.236567e-05 -1.600809e-05 1.195826e-04
11830.288845 7.611677e-01 2.496674e-02 9.286692e-03 1.306173e-01 -1.268671e-05 -1.851817e-05 -1.750791e-05 1.273032e-04
11832.843105 7.625974e-01 2.506112e-02 9.324724e-03 1.301134e-01 -8.241317e-06 -1.757254e-05 -1.270335e-06 1.299149e-04
11835.409556 7.584758e-01 2.502920e-02 9.447103e-03 1.303267e-01 -4.492523e-06 -1.275967e-05 -2.492272e-06 1.154853e-04
11837.988200 7.571319e-01 2.505748e-02 9.539206e-03 1.293535e-01 -9.929989e-07 -2.134012e-05 -9.607418e-06 1.100541e-04
11840.579035 7.567489e-01 2.513324e-02 9.623238e-03 1.301661e-01 4.798069e-07 -2.350479e-05 -9.219132e-06 1.095822e-04
11843.182062 7.595252e-01 2.536621e-02 9.732606e-03 1.301028e-01 8.006335e-07 -1.813331e-05 -8.075530e-06 1.153197e-04
11845.797282 7.575570e-01 2.538595e-02 9.762890e-03 1.295042e-01 -3.322251e-06 -1.879835e-05 -3.686514e-07 1.174690e-04
11848.424693 7.581685e-01 2.552016e-02 9.801296e-03 1.303555e-01 -2.997393e-06 -1.847192e-05 6.265098e-06 1.185505e-04
11851.064296 7.556916e-01 2.552868e-02 9.770785e-03 1.298341e-01 2.218113e-06 -1.722258e-05 9.734088e-06 1.103151e-04
11853.716091 7.552225e-01 2.558045e-02 9.800471e-03 1.298211e-01 -1.328820e-06 -2.170671e-05 7.475521e-06 1.180218e-04
11856.380078 7.560011e-01 2.586303e-02 9.805413e-03 1.295052e-01 -6.037452e-06 -1.860043e-05 -2.252300e-07 1.264339e-04
11859.056256 7.566523e-01 2.609463e-02 9.934003e-03 1.294445e-01 -1.012501e-05 -1.819796e-05 -1.128939e-05 1.257162e-04
11861.744627 7.548040e-01 2.621617e-02 9.980913e-03 1.298275e-01 -1.840875e-05 -1.773928e-05 -3.304257e-06 1.110226e-04
11864.445190 7.544406e-01 2.622533e-02 9.997504e-03 1.290190e-01 -1.643087e-05 -1.828611e-05 -2.805613e-06 1.202610e-04
11867.157944 7.549145e-01 2.626227e-02 1.003126e-02 1.296554e-01 -5.893392e-06 -1.733598e-05 -7.940630e-06 1.331869e-04
11869.882891 7.545287e-01 2.623771e-02 1.009769e-02 1.297587e-01 -5.758705e-06 -2.154665e-05 -5.872974e-06 1.327646e-04
11872.620029 7.551566e-01 2.638424e-02 1.008554e-02 1.300104e-01 4.402416e-06 -2.441833e-05 8.978916e-06 1.218199e-04
11875.369359 7.532436e-01 2.638146e-02 1.012588e-02 1.299491e-01 3.012253e-06 -1.602637e-05 -3.430762e-06 1.172628e-04
11878.130881 7.538153e-01 2.644327e-02 1.012454e-02 1.298981e-01 2.540717e-06 -1.381687e-05 -1.013230e-05 1.115974e-04
11880.904595 7.520834e-01 2.646358e-02 1.014793e-02 1.297666e-01 2.779338e-06 -1.394533e-05 -1.357278e-05 1.151797e-04
11883.690501 7.521114e-01 2.667737e-02 1.012855e-02 1.297356e-01 1.771773e-07 -2.218291e-05 2.517496e-06 1.259003e-04
11886.488599 7.515993e-01 2.676147e-02 1.008377e-02 1.306762e-01 -2.559998e-06 -2.241666e-05 2.302732e-06 1.214967e-04
11889.298889 7.510783e-01 2.687099e-02 1.008355e-02 1.300233e-01 -8.002741e-06 -1.775885e-05 -8.847316e-06 1.126283e-04
11892.121371 7.507070e-01 2.700189e-02 1.004914e-02 1.292842e-01 -1.382199e-05 -2.098459e-05 -5.604401e-06 1.232145e-04
11894.956044 7.464115e-01 2.696626e-02 1.002440e-02 1.287501e-01 -2.085941e-05 -2.177984e-05 -2.121805e-06 1.224104e-04
11897.802910 7.419490e-01 2.692217e-02 1.005860e-02 1.278976e-01 -1.632787e-05 -1.867634e-05 -2.009877e-06 1.185074e-04
11900.661967 7.469455e-01 2.727763e-02 1.024765e-02 1.288167e-01 -1.144359e-05 -1.817731e-05 -8.459931e-06 1.130041e-04
11903.533217 7.492085e-01 2.743453e-02 1.028274e-02 1.297592e-01 -1.494047e-05 -2.282451e-05 -1.232235e-05 1.099377e-04
11906.416658 7.476100e-01 2.751552e-02 1.039265e-02 1.292115e-01 -8.862673e-06 -2.628185e-05 -8.027379e-06 1.049684e-04
11909.312291 7.473964e-01 2.765780e-02 1.051853e-02 1.297425e-01 -1.057107e-05 -2.472781e-05 -1.196167e-05 1.093352e-04
11912.220116 7.477670e-01 2.779368e-02 1.060108e-02 1.301901e-01 -4.045371e-06 -2.901113e-05 -7.096948e-06 1.022522e-04
11915.140133 7.480647e-01 2.791064e-02 1.079809e-02 1.298748e-01 -9.223858e-06 -2.894156e-05 1.480594e-06 1.132017e-04
11918.072342 7.462845e-01 2.799542e-02 1.089370e-02 1.291142e-01 -6.463655e-06 -2.665250e-05 3.228764e-06 1.119411e-04
11921.016743 7.403102e-01 2.776523e-02 1.077702e-02 1.283343e-01 -9.155354e-06 -2.315361e-05 -6.541103e-06 1.071643e-04
11923.973335 7.402744e-01 2.777351e-02 1.083353e-02 1.286236e-01 -6.907297e-06 -2.156890e-05 -1.919275e-05 9.693025e-05
11926.942120 7.447363e-01 2.791467e-02 1.091936e-02 1.294229e-01 -1.284302e-05 -1.855805e-05 -6.423696e-06 8.705108e-05
11929.923096 7.454539e-01 2.786587e-02 1.084804e-02 1.297565e-01 -1.205366e-05 -1.745422e-05 -8.911022e-06 9.383446e-05
11932.916265 7.444818e-01 2.784274e-02 1.088768e-02 1.306968e-01 -9.811392e-06 -1.108764e-05 -1.502606e-05 1.007718e-04
11935.921625 7.442359e-01 2.805294e-02 1.094671e-02 1.304865e-01 -6.898821e-06 -9.167338e-06 -1.281740e-05 9.732759e-05
11938.939177 7.428987e-01 2.837758e-02 1.103500e-02 1.305096e-01 -1.571178e-05 -5.818492e-06 -1.706932e-05 9.732042e-05
11941.968921 7.432310e-01 2.857463e-02 1.115230e-02 1.308345e-01 -2.165857e-05 -1.252016e-05 -1.541100e-05 9.457522e-05
11945.010858 7.423414e-01 2.852699e-02 1.113138e-02 1.306746e-01 -1.662356e-05 -1.456856e-05 -1.632315e-05 8.768853e-05
11948.064985 7.420945e-01 2.838281e-02 1.108676e-02 1.297678e-01 -1.446767e-05 -7.488811e-06 -8.107459e-06 9.051703e-05
11951.131305 7.410909e-01 2.829055e-02 1.108672e-02 1.297423e-01 -5.128803e-06 -1.145723e-05 -8.582432e-06 8.801489e-05
11954.209817 7.406254e-01 2.797994e-02 1.104221e-02 1.289474e-01 -1.931803e-06 -1.605005e-05 -1.500766e-05 9.092773e-05
11957.300521 7.395478e-01 2.778214e-02 1.104216e-02 1.294223e-01 -4.404267e-06 -2.075285e-05 -6.405345e-06 9.385978e-05
11960.403416 7.406296e-01 2.806601e-02 1.112028e-02 1.300621e-01 -3.974844e-06 -2.020144e-05 -2.221380e-06 9.891194e-05
11963.518504 7.396224e-01 2.838746e-02 1.118729e-02 1.300556e-01 -7.629855e-06 -1.999939e-05 1.040892e-06 1.067869e-04
11966.645783 7.387100e-01 2.871273e-02 1.133926e-02 1.292628e-01 -2.628694e-06 -2.563670e-05 -1.474069e-06 8.901983e-05
11969.785255 7.372115e-01 2.902509e-02 1.134147e-02 1.290213e-01 -4.578680e-06 -3.203522e-05 1.439224e-05 8.912615e-05
11972.936918 7.375179e-01 2.939897e-02 1.137446e-02 1.293623e-01 -7.133101e-06 -2.192376e-05 6.429377e-06 9.611455e-05
11976.100773 7.373355e-01 2.951711e-02 1.136897e-02 1.297401e-01 -8.033276e-06 -2.593241e-05 3.730658e-06 8.477908e-05
11979.276820 7.362648e-01 2.954356e-02 1.143072e-02 1.294079e-01 -7.635857e-06 -2.502012e-05 7.827171e-06 8.095876e-05
11982.465059 7.346405e-01 2.969814e-02 1.153396e-02 1.286080e-01 -9.876510e-06 -2.483582e-05 3.928781e-06 9.117614e-05
11985.665490 7.346130e-01 3.003172e-02 1.166073e-02 1.288597e-01 -8.928515e-06 -2.517471e-05 1.684580e-06 1.034438e-04
11988.878112 7.339471e-01 3.027443e-02 1.175195e-02 1.286308e-01 3.613430e-06 -2.119035e-05 -2.091647e-06 1.019911e-04
11992.102927 7.339022e-01 3.047079e-02 1.178008e-02 1.295461e-01 -7.141533e-07 -2.158438e-05 -8.914077e-06 1.001614e-04
11995.339934 7.334156e-01 3.052778e-02 1.182053e-02 1.295712e-01 -1.185431e-05 -2.921221e-05 -1.391180e-05 9.715363e-05
11998.589132 7.331258e-01 3.059913e-02 1.190541e-02 1.291298e-01 -1.018576e-05 -3.212559e-05 -1.161946e-05 9.979994e-05
12001.850523 7.320939e-01 3.067914e-02 1.196395e-02 1.284811e-01 -1.295641e-05 -2.714029e-05 -1.086694e-05 1.060754e-04
12005.124105 7.323516e-01 3.087268e-02 1.213609e-02 1.287605e-01 -2.305658e-07 -1.836586e-05 -1.703997e-05 9.464701e-05
12008.409879 7.315856e-01 3.102612e-02 1.225149e-02 1.284524e-01 -3.730404e-06 -1.928906e-05 -6.177434e-06 1.108559e-04
12011.707845 7.322645e-01 3.115790e-02 1.236080e-02 1.288543e-01 -1.241226e-05 -1.953616e-05 -4.537329e-06 1.001313e-04
12015.018003 7.316580e-01 3.122199e-02 1.250024e-02 1.284088e-01 -2.206419e-05 -1.926755e-05 1.666652e-06 9.997430e-05
12018.340353 7.302874e-01 3.118540e-02 1.259105e-02 1.276646e-01 -2.270353e-05 -1.779339e-05 1.719549e-07 1.028478e-04
12021.674895 7.300243e-01 3.125427e-02 1.270558e-02 1.284465e-01 -2.211936e-05 -2.066274e-05 1.784572e-07 9.499651e-05
12025.021629 7.291124e-01 3.131239e-02 1.277855e-02 1.288415e-01 -1.609194e-05 -2.442660e-05 1.754416e-06 9.416252e-05
12028.380554 7.290833e-01 3.138411e-02 1.283721e-02 1.287687e-01 -1.437519e-05 -3.344922e-05 1.884903e-06 9.422387e-05
12031.751672 7.286613e-01 3.156119e-02 1.285062e-02 1.287347e-01 -3.864915e-06 -3.595777e-05 4.453451e-06 9.467248e-05
12035.134982 7.272260e-01 3.169822e-02 1.286139e-02 1.289724e-01 -3.983591e-06 -3.333033e-05 3.513989e-07 1.046575e-04
12038.530483 7.269969e-01 3.172892e-02 1.286343e-02 1.292477e-01 -1.586280e-05 -3.758370e-05 4.000045e-06 9.297290e-05
12041.938176 7.264297e-01 3.187264e-02 1.290005e-02 1.290123e-01 -1.922000e-05 -3.186042e-05 1.061282e-06 1.071475e-04
12045.358061 7.204226e-01 3.171098e-02 1.281051e-02 1.274479e-01 -2.463773e-05 -3.361797e-05 -1.645564e-05 1.097499e-04
12048.790139 7.153764e-01 3.152851e-02 1.278042e-02 1.274267e-01 -1.700359e-05 -3.260135e-05 -2.295660e-05 1.119661e-04
12052.234408 7.235787e-01 3.207665e-02 1.294342e-02 1.287842e-01 -6.380919e-06 -4.174685e-05 -1.305935e-05 1.109421e-04
12055.690868 7.230772e-01 3.243613e-02 1.304667e-02 1.283546e-01 -1.385387e-05 -4.405198e-05 -1.104138e-05 1.059492e-04
12059.159521 7.231714e-01 3.275962e-02 1.316102e-02 1.284342e-01 -8.848060e-06 -4.280648e-05 -2.902708e-06 1.065418e-04
12062.640366 7.225859e-01 3.290127e-02 1.321718e-02 1.281432e-01 -1.576213e-05 -3.001511e-05 8.177859e-08 1.045963e-04
12066.133403 7.218140e-01 3.306874e-02 1.331580e-02 1.284504e-01 -1.123579e-05 -3.338081e-05 -2.818371e-06 1.143541e-04
12069.638631 7.219473e-01 3.323044e-02 1.331999e-02 1.289042e-01 -6.775699e-06 -3.135894e-05 1.258198e-06 1.104736e-04
12073.156052 7.211771e-01 3.338086e-02 1.346884e-02 1.290552e-01 -6.862132e-06 -3.359605e-05 -9.366824e-06 1.171180e-04
12076.685664 7.204199e-01 3.350522e-02 1.348020e-02 1.289991e-01 -1.197201e-05 -3.004867e-05 -2.255297e-05 9.846010e-05
12080.227468 7.199715e-01 3.361416e-02 1.353548e-02 1.282853e-01 -8.945682e-06 -2.195395e-05 -1.431177e-05 9.790219e-05
12083.781465 7.192718e-01 3.370087e-02 1.354273e-02 1.284931e-01 -1.264376e-05 -1.875432e-05 -8.371341e-06 1.056829e-04
12087.347653 7.187370e-01 3.389273e-02 1.368379e-02 1.288781e-01 -1.721557e-05 -2.301433e-05 -1.100923e-05 1.120493e-04
12090.926033 7.184042e-01 3.412645e-02 1.377782e-02 1.282872e-01 -1.865915e-05 -2.414754e-05 -5.996463e-06 1.172708e-04
12094.516605 7.173042e-01 3.428118e-02 1.392428e-02 1.289816e-01 -9.257429e-06 -2.332296e-05 -9.859642e-06 1.182635e-04
12098.119369 7.160907e-01 3.429056e-02 1.397385e-02 1.288249e-01 -8.800869e-06 -1.773147e-05 -6.922031e-06 1.271269e-04
12101.734324 7.154218e-01 3.424796e-02 1.402875e-02 1.294150e-01 -6.009754e-06 -9.049489e-06 -4.783425e-06 1.275903e-04
12105.361472 7.151581e-01 3.410806e-02 1.406171e-02 1.289588e-01 -3.695693e-06 -7.916073e-06 -4.606046e-06 1.155657e-04
12109.000811 7.155669e-01 3.427550e-02 1.417823e-02 1.290912e-01 -8.338635e-06 -1.654415e-05 -5.546047e-06 1.129332e-04
12112.652343 7.152482e-01 3.479103e-02 1.442113e-02 1.288136e-01 -1.165707e-05 -2.008065e-05 -5.088200e-06 1.120107e-04
12116.316066 7.129863e-01 3.490633e-02 1.448968e-02 1.280768e-01 -1.824709e-05 -2.607579e-05 6.884890e-06 1.086458e-04
12119.991982 7.127419e-01 3.505414e-02 1.459065e-02 1.279867e-01 -1.934724e-05 -3.559091e-05 2.585221e-06 1.164240e-04
12123.680089 7.126769e-01 3.523245e-02 1.476223e-02 1.282094e-01 -1.778072e-05 -3.381227e-05 1.360749e-06 1.073374e-04
12127.380388 7.128870e-01 3.540688e-02 1.483444e-02 1.288193e-01 -1.333763e-05 -2.465703e-05 6.331287e-06 1.022109e-04
12131.092879 7.120886e-01 3.563218e-02 1.502156e-02 1.286933e-01 -1.385509e-05 -2.854086e-05 -5.042927e-06 1.019997e-04
12134.817562 7.113771e-01 3.579098e-02 1.510669e-02 1.287127e-01 -2.063810e-05 -2.173028e-05 -5.062633e-07 1.104315e-04
12138.554437 7.099947e-01 3.581782e-02 1.511196e-02 1.281011e-01 -1.210044e-05 -2.387797e-05 -4.206292e-06 1.140906e-04
12142.303503 7.098357e-01 3.585976e-02 1.510880e-02 1.285104e-01 -3.596522e-06 -3.057978e-05 -1.977157e-05 1.074958e-04
12146.064762 7.097770e-01 3.588241e-02 1.516095e-02 1.282543e-01 -2.040058e-06 -2.384996e-05 -1.113833e-05 1.007787e-04
12149.838213 7.085286e-01 3.609709e-02 1.527454e-02 1.280387e-01 -1.050357e-05 -2.982806e-05 -5.572638e-06 1.001368e-04
12153.623855 7.069676e-01 3.629735e-02 1.537659e-02 1.274294e-01 -1.331349e-05 -2.139452e-05 -1.233313e-05 9.292573e-05
12157.421689 7.069428e-01 3.646364e-02 1.540168e-02 1.278795e-01 -2.042471e-05 -3.276136e-05 -8.637434e-06 8.683732e-05
12161.231716 7.058325e-01 3.651566e-02 1.544769e-02 1.285912e-01 -1.962830e-05 -3.200817e-05 1.438658e-05 1.033106e-04
12165.053934 7.051591e-01 3.662841e-02 1.548998e-02 1.317553e-01 -9.950344e-06 -2.422229e-05 5.208022e-06 1.116746e-04
12168.888344 7.049159e-01 3.678238e-02 1.551888e-02 1.432439e-01 -9.194389e-06 -2.169422e-05 -6.774820e-06 1.125078e-04
12172.734946 7.025143e-01 3.664897e-02 1.544145e-02 1.532257e-01 -1.773473e-05 -2.296472e-05 -1.605833e-06 1.030991e-04
12176.593740 7.022145e-01 3.653428e-02 1.540387e-02 1.490878e-01 -1.489961e-05 -2.511800e-05 1.649255e-05 1.137366e-04
12180.464726 7.038406e-01 3.683829e-02 1.559726e-02 1.380421e-01 -1.249757e-05 -2.133560e-05 1.762243e-07 1.187906e-04
12184.347903 7.031721e-01 3.721581e-02 1.570008e-02 1.296395e-01 -1.566338e-05 -3.293059e-05 -1.821932e-05 1.176557e-04
12188.243273 7.020509e-01 3.740286e-02 1.581816e-02 1.279108e-01 -2.015422e-05 -2.998918e-05 -1.294225e-05 1.108742e-04
12192.150835 7.014339e-01 3.763969e-02 1.598976e-02 1.280488e-01 -1.512516e-05 -2.646393e-05 -1.676500e-05 1.035938e-04
12196.070588 7.003807e-01 3.780174e-02 1.607745e-02 1.278143e-01 -2.572134e-05 -2.795312e-05 -1.324455e-05 1.086091e-04
12200.002533 6.998678e-01 3.789571e-02 1.612334e-02 1.280970e-01 -1.617577e-05 -3.177883e-05 -1.506740e-05 1.063684e-04
12203.946671 7.002249e-01 3.802365e-02 1.622067e-02 1.279748e-01 -7.943718e-06 -3.527210e-05 1.555206e-06 1.078644e-04
12207.903000 7.001534e-01 3.808062e-02 1.631669e-02 1.286220e-01 -2.723341e-06 -2.126453e-05 -4.308208e-06 1.228487e-04
12211.871521 6.993650e-01 3.798981e-02 1.634262e-02 1.280451e-01 -2.535727e-06 -1.031103e-05 -2.236463e-05 1.140013e-04
12215.852234 6.986507e-01 3.790783e-02 1.642815e-02 1.277150e-01 -7.806205e-06 -1.083925e-05 -2.044339e-05 1.072514e-04
12219.845139 6.974362e-01 3.761311e-02 1.643331e-02 1.279150e-01 -1.089424e-05 -1.565166e-05 -1.468267e-05 1.150889e-04
12223.850236 6.968424e-01 3.787325e-02 1.654945e-02 1.359617e-01 -1.344392e-05 -2.630980e-05 -4.080458e-06 1.164539e-04
12227.867524 6.961833e-01 3.860282e-02 1.685343e-02 1.467733e-01 -1.404086e-05 -2.990878e-05 9.102170e-07 1.101807e-04
12231.897005 6.951266e-01 3.907504e-02 1.713273e-02 1.437668e-01 -1.148538e-05 -2.791175e-05 -1.153525e-05 1.122183e-04
12235.938678 6.948819e-01 3.934154e-02 1.730195e-02 1.360867e-01 -2.100176e-05 -2.520223e-05 -2.664825e-05 1.087811e-04
12239.992542 6.939197e-01 3.953156e-02 1.743558e-02 1.300738e-01 -2.298885e-05 -2.151534e-05 -2.359896e-05 1.185632e-04
12244.058598 6.931026e-01 3.972554e-02 1.753755e-02 1.281484e-01 -1.538199e-05 -1.565326e-05 -1.437119e-05 1.228347e-04
12248.136847 6.925737e-01 3.985454e-02 1.764336e-02 1.287695e-01 -1.041727e-05 -2.128950e-05 -1.270327e-05 1.232827e-04
12252.227287 6.870525e-01 3.969007e-02 1.761915e-02 1.286791e-01 -3.245038e-06 -4.000743e-05 -1.039400e-05 1.129281e-04
12256.329919 6.751863e-01 3.929574e-02 1.752045e-02 1.275367e-01 -7.458611e-06 -3.373973e-05 -1.305754e-05 1.036721e-04
12260.444743 6.855517e-01 4.032268e-02 1.804007e-02 1.287187e-01 -1.127573e-05 -3.225163e-05 -2.015018e-05 1.078484e-04
12264.571759 6.878900e-01 4.057398e-02 1.821530e-02 1.275709e-01 -1.335186e-05 -2.642860e-05 -2.169282e-05 9.914924e-05
12268.710967 6.875790e-01 4.066151e-02 1.820556e-02 1.275189e-01 -2.677239e-05 -2.510869e-05 -1.341676e-05 1.066556e-04
12272.862366 6.883023e-01 4.061155e-02 1.816965e-02 1.271992e-01 -2.884044e-05 -1.756737e-05 -1.844058e-05 1.082952e-04
12277.025958 6.873986e-01 4.039345e-02 1.812548e-02 1.270819e-01 -2.425780e-05 -1.954877e-05 -1.973034e-05 1.064757e-04
12281.201742 6.868862e-01 4.024844e-02 1.806149e-02 1.265596e-01 -1.199037e-05 -2.781468e-05 -1.386739e-05 1.029487e-04
12285.389717 6.851040e-01 4.035815e-02 1.814948e-02 1.266087e-01 -6.617785e-06 -2.559318e-05 -2.117198e-05 9.975739e-05
12289.589884 6.844365e-01 4.090749e-02 1.832654e-02 1.262704e-01 -1.065239e-05 -3.166695e-05 -1.342280e-05 1.037805e-04
12293.802244 6.849974e-01 4.161453e-02 1.859751e-02 1.270237e-01 -2.306909e-05 -4.147655e-05 -3.279810e-06 1.062343e-04
12298.026795 6.716645e-01 4.097850e-02 1.838409e-02 1.244248e-01 -1.727151e-05 -4.165147e-05 -1.016150e-05 1.006632e-04
12302.263538 6.747516e-01 4.121356e-02 1.846250e-02 1.255506e-01 -8.995573e-06 -4.654454e-05 -6.752463e-06 1.075016e-04
12306.512473 6.826685e-01 4.171045e-02 1.869816e-02 1.270847e-01 -5.915510e-06 -4.180575e-05 -9.766510e-06 1.058863e-04
12310.773600 6.825516e-01 4.186684e-02 1.888257e-02 1.270343e-01 -5.939962e-06 -2.380280e-05 -1.339069e-05 9.969129e-05
12315.046919 6.818129e-01 4.195802e-02 1.894966e-02 1.267630e-01 -8.466040e-06 -1.928679e-05 -1.687585e-05 1.043044e-04
12319.332429 6.812314e-01 4.209822e-02 1.905918e-02 1.266677e-01 -8.407350e-06 -2.117342e-05 -1.179335e-05 1.087869e-04
12323.630132 6.805801e-01 4.232218e-02 1.918202e-02 1.269458e-01 -1.860142e-05 -2.081481e-05 -8.740235e-06 1.066223e-04
12327.940026 6.796364e-01 4.261250e-02 1.935241e-02 1.264231e-01 -1.816025e-05 -2.906359e-05 -2.006207e-06 1.078592e-04
12332.262113 6.790892e-01 4.295601e-02 1.957111e-02 1.265170e-01 -1.395458e-05 -3.534624e-05 4.795101e-06 1.188789e-04
12336.596391 6.785268e-01 4.316933e-02 1.975534e-02 1.261017e-01 -8.336556e-06 -3.800657e-05 -3.156978e-06 1.196805e-04
12340.942861 6.778034e-01 4.319269e-02 1.987213e-02 1.263639e-01 -1.080609e-05 -2.645225e-05 -3.607844e-06 1.016906e-04
12345.301524 6.771856e-01 4.342504e-02 2.004059e-02 1.263881e-01 -1.345747e-05 -1.661247e-05 -9.670923e-06 1.008022e-04
12349.672378 6.762513e-01 4.374828e-02 2.028961e-02 1.266179e-01 -1.401436e-05 -1.482810e-05 -2.040890e-06 1.033092e-04
12354.055424 6.746470e-01 4.400293e-02 2.041960e-02 1.263743e-01 -1.183564e-05 -2.996472e-05 4.366642e-06 1.010790e-04
12358.450662 6.749482e-01 4.442691e-02 2.070994e-02 1.264983e-01 -5.238720e-06 -3.338307e-05 -1.446459e-06 1.043226e-04
12362.858091 6.744361e-01 4.466408e-02 2.081711e-02 1.263264e-01 1.074879e-06 -3.382770e-05 -8.234297e-06 1.054621e-04
12367.277713 6.729549e-01 4.464319e-02 2.089574e-02 1.259553e-01 -4.432049e-06 -3.697626e-05 -1.208373e-05 9.793076e-05
12371.709527 6.735421e-01 4.470169e-02 2.095287e-02 1.256911e-01 -8.111840e-06 -3.864620e-05 -8.086592e-06 9.729974e-05
12376.153532 6.727501e-01 4.500873e-02 2.111566e-02 1.259517e-01 -2.478661e-06 -2.986979e-05 -3.212228e-06 1.024766e-04
12380.609730 6.723004e-01 4.550486e-02 2.142141e-02 1.264920e-01 3.150213e-06 -3.521162e-05 -4.271712e-06 1.064567e-04
12385.078119 6.715863e-01 4.570986e-02 2.152625e-02 1.260600e-01 2.387917e-06 -3.378220e-05 -1.112863e-05 1.065868e-04
12389.558700 6.704065e-01 4.572492e-02 2.160174e-02 1.264287e-01 7.047334e-06 -2.795057e-05 -1.433286e-05 1.132643e-04
12394.051473 6.698743e-01 4.609612e-02 2.184699e-02 1.271842e-01 9.987472e-06 -1.687047e-05 -1.286854e-05 1.114318e-04
12398.556438 6.690177e-01 4.632977e-02 2.201631e-02 1.275931e-01 4.149072e-06 -1.280031e-05 -2.329081e-05 1.072912e-04
12403.073595 6.686056e-01 4.642803e-02 2.216945e-02 1.265050e-01 1.121315e-06 -1.224942e-05 -1.855216e-05 1.075491e-04
12407.602944 6.682933e-01 4.653569e-02 2.227487e-02 1.270836e-01 2.680325e-06 -1.442292e-05 -1.672871e-05 1.118524e-04
12412.144485 6.666655e-01 4.663277e-02 2.236626e-02 1.286725e-01 1.158589e-05 -1.514723e-05 -6.322985e-06 1.170730e-04
12416.698218 6.642548e-01 4.683347e-02 2.242058e-02 1.297013e-01 5.028434e-06 -8.892529e-06 -1.259353e-05 1.214798e-04
12421.264142 6.620104e-01 4.697165e-02 2.253468e-02 1.302195e-01 4.315841e-07 -1.490451e-05 -3.796817e-06 1.162887e-04
12425.842259 6.629487e-01 4.729013e-02 2.271829e-02 1.278577e-01 -4.309621e-06 -1.129208e-05 1.542838e-06 1.193417e-04
12430.432567 6.641035e-01 4.747309e-02 2.286348e-02 1.259342e-01 -6.656551e-06 -7.516753e-06 -2.077237e-06 1.107555e-04
12435.035068 6.632192e-01 4.760751e-02 2.286188e-02 1.256881e-01 6.857852e-06 -8.408666e-06 9.987887e-06 1.154399e-04
12439.649760 6.625487e-01 4.782548e-02 2.305778e-02 1.257299e-01 1.514356e-05 -6.662808e-06 6.111712e-08 1.060887e-04
12444.276644 6.611801e-01 4.798187e-02 2.313119e-02 1.251470e-01 1.263584e-05 -1.398333e-05 3.614628e-07 1.160618e-04
12448.915720 6.600325e-01 4.820312e-02 2.328651e-02 1.250897e-01 1.166508e-05 -2.687085e-05 1.131414e-06 1.137142e-04
12453.566988 6.603531e-01 4.828582e-02 2.342906e-02 1.255722e-01 1.698396e-05 -1.716487e-05 2.864283e-06 1.139478e-04
12458.230448 6.597427e-01 4.855802e-02 2.362176e-02 1.253259e-01 9.026490e-06 -1.089895e-05 -4.478038e-06 1.218946e-04
12462.906100 6.589486e-01 4.858173e-02 2.364796e-02 1.258120e-01 1.125252e-05 -8.585126e-06 -9.453909e-06 1.074985e-04
12467.593943 6.585092e-01 4.843066e-02 2.366231e-02 1.262465e-01 5.161149e-06 -9.156736e-06 2.474742e-07 1.059057e-04
12472.293979 6.573069e-01 4.857147e-02 2.382127e-02 1.257387e-01 -3.418836e-06 -1.927203e-05 -3.685450e-06 1.022068e-04
12477.006206 6.567899e-01 4.873650e-02 2.400286e-02 1.256788e-01 -1.099189e-06 -1.072754e-05 -1.009935e-05 1.128452e-04
12481.730626 6.568044e-01 4.880757e-02 2.413795e-02 1.262384e-01 -1.055701e-06 -1.710107e-05 -2.703574e-06 1.199845e-04
12486.467237 6.561363e-01 4.876193e-02 2.423528e-02 1.263002e-01 3.291388e-06 -1.878663e-05 3.653436e-06 1.206300e-04
12491.216040 6.554041e-01 4.872883e-02 2.429320e-02 1.260683e-01 5.052375e-06 -1.226809e-05 -5.685313e-06 1.224313e-04
12495.977036 6.535670e-01 4.892257e-02 2.451222e-02 1.256610e-01 -6.889773e-07 -7.387038e-06 -1.086466e-05 1.145938e-04
12500.750223 6.508566e-01 4.889950e-02 2.458270e-02 1.254911e-01 -1.089506e-05 -5.296184e-06 -1.959790e-06 1.159560e-04
12505.535602 6.525423e-01 4.953178e-02 2.492545e-02 1.253571e-01 -1.735200e-05 -5.353987e-06 -3.417440e-06 1.073089e-04
12510.333172 6.531332e-01 5.039095e-02 2.539476e-02 1.258019e-01 -1.710244e-05 -7.721525e-06 -1.044658e-05 1.006017e-04
12515.142935 6.524005e-01 5.095495e-02 2.575958e-02 1.258978e-01 -1.493973e-05 -1.333892e-05 -8.006210e-06 1.172393e-04
12519.964890 6.516008e-01 5.123954e-02 2.596139e-02 1.254939e-01 -1.257510e-05 -7.336982e-06 -1.851816e-05 1.206718e-04
12524.799037 6.509144e-01 5.146022e-02 2.617708e-02 1.256260e-01 -1.418442e-05 -1.757433e-05 -1.454580e-05 1.089003e-04
12529.645375 6.455124e-01 5.134671e-02 2.601864e-02 1.243517e-01 -1.221933e-05 -1.677607e-05 5.930362e-07 1.130794e-04
12534.503905 3.459419e-01 2.771957e-02 1.410445e-02 6.662970e-02 -3.964457e-06 -9.963273e-06 -4.181781e-06 5.618869e-05
12539.374628 7.419912e-03 5.955487e-04 3.031392e-04 1.428775e-03 -9.907400e-08 -2.364577e-07 -1.627158e-07 1.195764e-06
