# Facility: NSLS-II
# Beamline: QAS
# Year: 2023
# Cycle: 3
# SAF: 312215
# PI: Reece
# Proposal: 313586
# Scan ID: 271197
# UID: 7357262e-67cf-49f9-b32b-7344003b0806
# Comment: 
# Start time: 10/18/2023  21:36:35
# Stop time: 10/18/2023  21:37:07
# Total time: 00:31
# Trajectory name: Pt-L3-30s-11564.txt
# Element: Platinum ( 78)
# Edge: L3
# E0: 11564
# Reference Foil Element: Pt
# Keithley Gains I0: 1E6 V/A It: 1E6 V/A Iref: 1E7 V/A PIPS: 1E8 V/A 
# Ion Chamber Gas Flow Rates: I0: 0.00 sccm He + 189.70 sccm N2 + 9.80 sccm Ar 
# Ion Chamber Gas Flow Rates: It&Iref: 39.70 sccm N2 + 60.10 sccm Ar
# Incident Beam Path Vertical: 31.75 mm
# Incident Slits Positions B: TOP: 2.0 mm Bottom: 1.0 mm Inboard: 0.57675 mm Outboard: 1.57675 mm
# Sample Stage Positions: Rotation: 35.0 deg Horizontal: -10.11 mm Vertical: 15.39 mm Beam Direction: 0.00 mm
# PerkinElmer Vertical Position: 500.00 mm
# Linkam Oven Temperature : 3.03 C and Ramp Rate: 20.00 C/min.
# Front End Mirror Horizontal Positions: Up: -14.00 mm Down: -14.00 mm
#
# energy  i0  it  ir  iff  aux1  aux2  aux3  aux4
11380.596982 4.200500e-01 -1.425954e-03 8.685547e-04 2.510094e-02 2.659967e-05 -9.603019e-06 1.439942e-05 1.870254e-05
11385.596982 8.253201e-01 -2.816684e-03 1.700025e-03 4.974386e-02 4.814153e-05 -1.418619e-05 3.003524e-05 4.594534e-05
11390.596982 8.318292e-01 -2.829428e-03 1.721237e-03 5.028568e-02 5.394911e-05 -1.605317e-05 3.518244e-05 5.109491e-05
11395.596982 8.389490e-01 -2.825142e-03 1.747725e-03 5.094944e-02 6.334066e-05 -1.006471e-05 3.240830e-05 4.433403e-05
11400.596982 8.371095e-01 -2.822721e-03 1.764884e-03 5.127019e-02 6.164379e-05 -8.206691e-06 3.684271e-05 4.306782e-05
11405.596982 8.353682e-01 -2.838410e-03 1.769905e-03 5.100547e-02 5.383385e-05 -1.094034e-05 3.678363e-05 5.077082e-05
11410.596982 8.330453e-01 -2.820590e-03 1.720043e-03 5.050043e-02 5.115607e-05 -1.136995e-05 3.605177e-05 4.763813e-05
11415.596982 8.250845e-01 -2.821140e-03 1.719197e-03 5.002477e-02 4.967176e-05 -2.778886e-06 4.503008e-05 4.064419e-05
11420.596982 8.246191e-01 -2.830611e-03 1.763632e-03 5.015170e-02 5.478410e-05 -3.527611e-06 4.076053e-05 3.241683e-05
11425.596982 8.318853e-01 -2.827148e-03 1.763019e-03 5.070946e-02 6.585133e-05 -1.061144e-05 3.305383e-05 3.726054e-05
11430.596982 8.322566e-01 -2.835587e-03 1.730214e-03 5.058733e-02 5.889344e-05 -1.509041e-05 3.701228e-05 3.779176e-05
11435.596982 8.307213e-01 -2.828280e-03 1.751760e-03 5.063657e-02 5.788801e-05 -2.851764e-05 4.356804e-05 3.939513e-05
11440.596982 8.301515e-01 -2.818233e-03 1.785125e-03 5.095211e-02 6.473747e-05 -3.419381e-05 4.053715e-05 4.501545e-05
11445.596982 8.293481e-01 -2.816885e-03 1.770912e-03 5.099810e-02 7.003030e-05 -3.032223e-05 3.791019e-05 4.789639e-05
11450.596982 8.280328e-01 -2.833431e-03 1.721564e-03 5.137046e-02 7.341841e-05 -2.467501e-05 3.518465e-05 4.986992e-05
11455.596982 8.263064e-01 -2.838377e-03 1.725495e-03 5.184044e-02 6.351340e-05 -2.946102e-05 4.159346e-05 5.559778e-05
11460.596982 8.256310e-01 -2.830273e-03 1.780839e-03 5.159145e-02 5.673314e-05 -2.227066e-05 3.726953e-05 4.748095e-05
11465.596982 8.246165e-01 -2.828784e-03 1.765266e-03 5.146723e-02 5.804122e-05 -2.126933e-05 3.351506e-05 4.685244e-05
11470.596982 8.236720e-01 -2.830568e-03 1.741953e-03 5.135833e-02 5.865229e-05 -2.310532e-05 4.933672e-05 4.291106e-05
11475.596982 8.229719e-01 -2.832837e-03 1.748298e-03 5.113313e-02 6.201208e-05 -1.906459e-05 4.234611e-05 6.319566e-05
11480.596982 8.216608e-01 -2.830652e-03 1.697551e-03 5.137021e-02 5.466586e-05 -1.208177e-05 4.110244e-05 5.452344e-05
11485.596982 8.212148e-01 -2.836250e-03 1.753303e-03 5.173142e-02 6.755138e-05 -3.246576e-06 4.109265e-05 5.002736e-05
11490.596982 8.200174e-01 -2.840833e-03 1.728126e-03 5.208091e-02 6.579831e-05 -1.268608e-06 4.421726e-05 4.931135e-05
11495.596982 8.191873e-01 -2.849126e-03 1.723991e-03 5.196737e-02 6.453387e-05 -5.876457e-06 3.300549e-05 4.862735e-05
11500.596982 8.182703e-01 -2.846449e-03 1.783576e-03 5.187862e-02 6.544667e-05 -7.756582e-06 3.687268e-05 5.144978e-05
11505.596982 8.175157e-01 -2.853322e-03 1.776411e-03 5.221067e-02 6.276811e-05 -1.426325e-05 3.532772e-05 5.409387e-05
11510.596982 8.162154e-01 -2.848843e-03 1.742234e-03 5.212689e-02 6.333234e-05 -1.144323e-05 3.204867e-05 4.291155e-05
11515.596982 8.154807e-01 -2.847028e-03 1.686614e-03 5.220353e-02 5.997843e-05 -5.541292e-06 2.753295e-05 4.722075e-05
11520.596982 8.148155e-01 -2.849282e-03 1.708196e-03 5.246856e-02 6.098264e-05 3.879349e-06 3.743381e-05 5.987186e-05
11525.596982 8.138927e-01 -2.849877e-03 1.722871e-03 5.320318e-02 5.995463e-05 -4.255794e-06 3.140098e-05 5.511524e-05
11530.596982 8.128011e-01 -2.859649e-03 1.748184e-03 5.358323e-02 5.990144e-05 2.348398e-06 2.775125e-05 5.872178e-05
11534.000000 8.123572e-01 -2.859277e-03 1.749813e-03 5.364895e-02 5.681509e-05 5.251750e-06 2.766832e-05 6.524654e-05
11535.000000 8.120627e-01 -2.862788e-03 1.769044e-03 5.343652e-02 5.234222e-05 9.900731e-06 2.256651e-05 5.808775e-05
11536.000000 8.113167e-01 -2.882210e-03 1.694872e-03 5.340142e-02 5.096102e-05 -8.141361e-07 2.792091e-05 6.034461e-05
11537.000000 8.102363e-01 -2.864199e-03 1.728241e-03 5.391911e-02 5.656554e-05 1.028856e-05 2.590626e-05 6.587026e-05
11538.000000 8.108149e-01 -2.859191e-03 1.771815e-03 5.403559e-02 5.401675e-05 9.731727e-06 3.190960e-05 4.993525e-05
11539.000000 8.111828e-01 -2.866689e-03 1.780271e-03 5.349242e-02 4.833885e-05 -1.757517e-06 1.226284e-05 6.281088e-05
11540.000000 8.116165e-01 -2.850151e-03 1.729055e-03 5.424566e-02 5.369540e-05 3.706365e-06 1.356748e-05 7.136624e-05
11541.000000 8.113069e-01 -2.871025e-03 1.807989e-03 5.395219e-02 4.437746e-05 1.342868e-05 3.836620e-05 7.154635e-05
11541.200000 8.147866e-01 -2.777497e-03 1.690776e-03 5.638011e-02 3.882771e-05 1.415342e-05 4.129045e-05 6.734202e-05
11541.400000 8.110098e-01 -2.923449e-03 1.838189e-03 5.157332e-02 5.374537e-05 6.267703e-06 3.988292e-05 5.313005e-05
11541.600000 8.083534e-01 -2.733102e-03 1.756447e-03 5.628513e-02 4.219349e-05 5.473412e-06 4.335605e-05 5.350115e-05
11541.800000 8.156602e-01 -2.848627e-03 1.942750e-03 5.466861e-02 4.715581e-05 1.492073e-05 3.845900e-05 6.634676e-05
11542.000000 8.074398e-01 -2.887698e-03 1.792478e-03 5.270725e-02 5.187927e-05 1.022979e-05 3.468614e-05 7.480249e-05
11542.200000 8.129009e-01 -2.770323e-03 1.753212e-03 5.434545e-02 3.320953e-05 1.075003e-06 3.925602e-05 6.840844e-05
11542.400000 8.125181e-01 -2.916513e-03 1.626764e-03 5.459220e-02 6.484640e-05 2.743679e-07 5.182845e-05 5.576180e-05
11542.600000 8.098537e-01 -2.766042e-03 1.787351e-03 5.265556e-02 4.810329e-05 -1.067750e-06 4.006572e-05 1.167334e-05
11542.800000 8.103417e-01 -2.918412e-03 1.617648e-03 5.532888e-02 6.194256e-05 1.443293e-06 4.414877e-05 1.927772e-05
11543.000000 8.112740e-01 -2.842370e-03 1.790912e-03 5.377035e-02 5.376300e-05 3.509593e-07 4.250345e-05 4.961897e-05
11543.200000 8.127417e-01 -2.851293e-03 1.804130e-03 5.249535e-02 5.161001e-05 2.064192e-06 5.294197e-05 6.379360e-05
11543.400000 8.147033e-01 -2.916491e-03 1.761389e-03 5.487632e-02 5.979420e-05 1.981475e-07 4.357669e-05 6.273595e-05
11543.600000 8.088003e-01 -2.729143e-03 1.775998e-03 5.535625e-02 5.229383e-05 -2.418876e-06 3.820711e-05 2.357342e-05
11543.800000 8.096394e-01 -2.903536e-03 1.653448e-03 5.395461e-02 6.240953e-05 2.330776e-06 3.798424e-05 1.718978e-05
11544.000000 8.140649e-01 -2.798915e-03 1.651399e-03 5.682947e-02 5.029177e-05 1.459014e-06 4.095225e-05 2.799368e-05
11544.200000 8.118415e-01 -2.916041e-03 1.636361e-03 5.597338e-02 6.364644e-05 1.249017e-06 4.125809e-05 2.700755e-05
11544.400000 8.106688e-01 -2.794570e-03 1.709924e-03 5.559482e-02 5.650988e-05 9.241343e-06 3.763856e-05 2.044522e-05
11544.600000 8.157323e-01 -2.867366e-03 2.016792e-03 5.497256e-02 5.595284e-05 6.299434e-06 4.919134e-05 2.503115e-05
11544.800000 8.104159e-01 -2.868411e-03 1.679950e-03 5.574570e-02 7.170868e-05 3.633976e-06 6.108174e-05 2.892679e-05
11545.000000 8.118550e-01 -2.776808e-03 1.663681e-03 5.362624e-02 6.593643e-05 4.370963e-06 5.929035e-05 2.432221e-05
11545.200000 8.098451e-01 -2.948060e-03 1.807021e-03 5.325318e-02 6.187983e-05 2.071719e-06 6.449297e-05 4.439966e-05
11545.400000 8.122681e-01 -2.755435e-03 1.730019e-03 5.562439e-02 4.643756e-05 1.562543e-05 7.166201e-05 6.304803e-05
11545.600000 8.044845e-01 -2.910081e-03 1.943310e-03 5.469923e-02 5.735313e-05 1.030999e-05 5.203850e-05 6.242202e-05
11545.800000 8.127721e-01 -2.811453e-03 1.838074e-03 5.604817e-02 6.107527e-05 7.082754e-06 4.111730e-05 4.247446e-05
11546.000000 8.071121e-01 -2.848891e-03 1.636557e-03 5.637816e-02 5.926673e-05 1.451243e-05 4.544408e-05 5.744397e-05
11546.200000 8.156271e-01 -2.874024e-03 1.829857e-03 5.477199e-02 5.855027e-05 1.769353e-05 4.535828e-05 6.799695e-05
11546.400000 8.123327e-01 -2.754967e-03 1.660651e-03 5.435269e-02 5.834701e-05 2.625277e-05 6.164895e-05 6.817223e-05
11546.600000 8.035565e-01 -2.890561e-03 1.632588e-03 5.380153e-02 6.503348e-05 1.297008e-05 5.720169e-05 6.756859e-05
11546.800000 8.177238e-01 -2.790442e-03 1.692548e-03 5.530513e-02 4.721809e-05 1.929027e-05 4.298009e-05 5.625668e-05
11547.000000 8.114799e-01 -2.956786e-03 1.687074e-03 5.538673e-02 5.264070e-05 2.446536e-05 4.059420e-05 5.402175e-05
11547.200000 7.828440e-01 -2.719679e-03 1.700636e-03 5.393719e-02 3.639640e-05 1.937529e-05 4.235667e-05 6.555234e-05
11547.400000 8.192154e-01 -2.900482e-03 1.842285e-03 5.431172e-02 5.964109e-05 1.261864e-05 3.203371e-05 7.831338e-05
11547.600000 8.046571e-01 -2.812035e-03 1.636747e-03 5.530763e-02 5.761224e-05 2.133903e-05 2.281039e-05 6.969457e-05
11547.800000 8.138671e-01 -2.881458e-03 1.890490e-03 5.583170e-02 5.127889e-05 1.283120e-05 2.852029e-05 7.303213e-05
11548.000000 8.079939e-01 -2.881847e-03 1.463295e-03 5.423034e-02 6.474273e-05 1.252264e-05 1.107522e-05 5.859764e-05
11548.200000 8.131799e-01 -2.787798e-03 1.653094e-03 5.725540e-02 5.218213e-05 1.554272e-05 2.297652e-05 6.588174e-05
11548.400000 8.102261e-01 -2.888911e-03 1.717174e-03 5.392834e-02 6.062606e-05 9.492351e-06 1.244258e-05 6.457663e-05
11548.600000 8.074891e-01 -2.707297e-03 1.785611e-03 5.667331e-02 5.263527e-05 5.810379e-07 1.874517e-05 6.579798e-05
11548.800000 8.140787e-01 -2.933348e-03 1.721093e-03 5.813712e-02 5.314982e-05 1.450850e-05 3.009315e-05 6.383336e-05
11549.000000 8.068445e-01 -2.759089e-03 1.667018e-03 5.573349e-02 4.222799e-05 1.710604e-05 2.648049e-05 5.962522e-05
11549.200000 8.154696e-01 -2.914770e-03 1.733529e-03 5.487771e-02 6.861444e-05 1.614892e-05 3.187903e-05 6.545491e-05
11549.400000 8.049509e-01 -2.812613e-03 1.590844e-03 5.447988e-02 5.700509e-05 9.271621e-06 3.980400e-05 7.587060e-05
11549.600000 8.149445e-01 -2.888555e-03 1.641279e-03 5.578863e-02 4.551708e-05 1.615281e-05 3.946553e-05 6.683582e-05
11549.800000 8.014797e-01 -2.792277e-03 1.687070e-03 5.478799e-02 5.113063e-05 1.226055e-05 3.245291e-05 5.412847e-05
11550.000000 8.144067e-01 -2.874381e-03 1.727739e-03 5.464843e-02 5.984904e-05 1.029765e-05 2.726959e-05 6.935158e-05
11550.200000 8.060704e-01 -2.812838e-03 1.669605e-03 5.650970e-02 6.234188e-05 7.898463e-06 2.152765e-05 6.106850e-05
11550.400000 8.007977e-01 -2.773144e-03 1.229478e-03 5.677634e-02 6.489152e-05 2.759713e-06 2.284812e-05 6.089108e-05
11550.600000 8.151843e-01 -2.961189e-03 1.339655e-03 5.558985e-02 6.756669e-05 -5.957709e-06 2.296724e-05 6.935944e-05
11550.800000 8.090938e-01 -2.800022e-03 1.673139e-03 5.496377e-02 6.331658e-05 -4.153062e-06 2.071571e-05 6.484025e-05
11551.000000 8.136502e-01 -2.932829e-03 1.685827e-03 5.592611e-02 5.829908e-05 -6.861212e-06 1.847810e-05 7.231126e-05
11551.200000 8.040756e-01 -2.739377e-03 1.963707e-03 5.595234e-02 4.668375e-05 -2.206866e-06 1.788627e-05 8.442705e-05
11551.400000 8.119524e-01 -2.929700e-03 1.647086e-03 5.741961e-02 4.870932e-05 1.824252e-06 1.196022e-05 6.588078e-05
11551.600000 8.119240e-01 -2.795586e-03 1.764732e-03 5.517659e-02 4.116788e-05 3.329010e-06 1.231388e-05 6.856408e-05
11551.800000 8.097753e-01 -2.905251e-03 1.590475e-03 5.716464e-02 5.166905e-05 3.095840e-06 2.543035e-05 7.626489e-05
11552.000000 8.100238e-01 -2.782206e-03 1.997470e-03 5.780231e-02 4.175442e-05 -7.219209e-07 2.880525e-05 7.802068e-05
11552.200000 8.074045e-01 -2.917853e-03 1.651980e-03 5.666393e-02 5.549752e-05 -3.900060e-06 3.497357e-05 5.502115e-05
11552.400000 8.116218e-01 -2.803650e-03 1.813558e-03 5.808661e-02 5.539763e-05 3.707981e-06 3.088857e-05 5.767213e-05
11552.600000 8.143583e-01 -2.986483e-03 1.806790e-03 5.824439e-02 5.638915e-05 1.390661e-05 1.337102e-05 7.283453e-05
11552.800000 7.906509e-01 -2.720388e-03 1.459965e-03 5.379111e-02 4.385879e-05 1.561851e-05 3.664519e-05 8.389902e-05
11553.000000 8.181581e-01 -2.931501e-03 1.824887e-03 5.743704e-02 5.500647e-05 1.305530e-05 3.031073e-05 7.868562e-05
11553.200000 8.080569e-01 -2.764658e-03 1.769349e-03 5.754094e-02 3.786103e-05 9.138111e-06 1.055427e-05 8.312049e-05
11553.400000 8.121998e-01 -2.938916e-03 1.630149e-03 5.865080e-02 4.922366e-05 1.076680e-05 3.384457e-05 8.676217e-05
11553.600000 8.092157e-01 -2.785965e-03 1.752334e-03 6.003151e-02 4.279860e-05 8.177608e-06 9.152064e-06 7.716583e-05
11553.800000 8.121600e-01 -2.894223e-03 1.798006e-03 5.848837e-02 5.929623e-05 4.362929e-06 1.326719e-05 8.382408e-05
11554.000000 8.088337e-01 -2.759656e-03 1.695887e-03 5.746709e-02 4.422084e-05 -3.149820e-06 5.993383e-06 7.772725e-05
11554.200000 8.090233e-01 -2.907658e-03 1.884702e-03 5.764235e-02 5.472778e-05 -1.095501e-05 1.448621e-05 8.075571e-05
11554.400000 8.109417e-01 -2.795364e-03 1.784479e-03 5.822800e-02 4.563757e-05 -8.324748e-06 1.139141e-05 6.451623e-05
11554.600000 8.044107e-01 -2.881476e-03 1.536114e-03 5.854727e-02 5.832345e-05 -1.897438e-05 2.311939e-05 6.976464e-05
11554.800000 8.135329e-01 -2.809620e-03 1.652827e-03 5.842117e-02 4.212122e-05 -1.117580e-05 2.531083e-05 8.011427e-05
11555.000000 8.101495e-01 -2.916092e-03 1.695562e-03 5.928093e-02 4.846147e-05 -1.587163e-05 2.010727e-05 7.724626e-05
11555.200000 8.103816e-01 -2.825911e-03 1.720727e-03 5.907229e-02 4.674914e-05 -2.083697e-05 1.325396e-05 8.628491e-05
11555.400000 8.124102e-01 -2.894399e-03 1.839765e-03 5.972917e-02 5.433837e-05 -5.792110e-06 2.139694e-05 8.302789e-05
11555.600000 8.091850e-01 -2.811475e-03 1.744603e-03 6.019876e-02 4.836931e-05 -4.658141e-06 2.207579e-05 7.471801e-05
11555.800000 8.053912e-01 -2.882487e-03 1.665399e-03 5.830795e-02 4.779218e-05 -1.286102e-05 3.040452e-05 8.024248e-05
11556.000000 8.115984e-01 -2.830470e-03 1.682083e-03 6.140245e-02 5.183488e-05 -1.386789e-05 3.092916e-05 7.356719e-05
11556.200000 8.103754e-01 -2.873806e-03 1.699164e-03 6.160253e-02 5.584455e-05 -9.628218e-06 2.740906e-05 6.637968e-05
11556.400000 8.096087e-01 -2.827785e-03 1.683626e-03 6.119495e-02 5.212658e-05 5.189046e-06 3.079720e-05 7.342948e-05
11556.600000 8.104816e-01 -2.860148e-03 1.787280e-03 6.097275e-02 4.407535e-05 1.608286e-05 3.138832e-05 7.630664e-05
11556.800000 8.084870e-01 -2.868836e-03 1.603721e-03 6.119464e-02 3.956874e-05 1.157524e-05 1.393060e-05 7.087788e-05
11557.000000 8.110702e-01 -2.812703e-03 1.893680e-03 6.319364e-02 4.072811e-05 5.105901e-06 2.697389e-05 6.574649e-05
11557.200000 8.124671e-01 -2.895433e-03 1.722405e-03 6.289512e-02 4.564113e-05 -1.952789e-06 2.901539e-05 6.393666e-05
11557.400000 8.050804e-01 -2.800624e-03 1.801624e-03 6.082645e-02 4.317597e-05 -5.898233e-06 1.981565e-05 5.436702e-05
11557.600000 8.115499e-01 -2.917570e-03 1.517539e-03 6.267903e-02 5.555887e-05 -1.091708e-05 3.299812e-05 4.508648e-05
11557.800000 8.005876e-01 -2.739997e-03 1.720960e-03 6.323531e-02 4.154397e-05 -8.315818e-06 3.474584e-05 3.869360e-05
11558.000000 8.140604e-01 -2.916463e-03 1.720228e-03 6.403852e-02 4.711363e-05 -8.852412e-06 3.205683e-05 4.566925e-05
11558.200000 8.087445e-01 -2.764670e-03 1.873810e-03 6.368604e-02 4.365241e-05 -1.164821e-05 4.603660e-05 6.600656e-05
11558.400000 8.026788e-01 -2.866160e-03 1.784119e-03 6.308250e-02 3.618355e-05 -4.486029e-06 3.512705e-05 5.180309e-05
11558.600000 8.108910e-01 -2.771075e-03 1.899913e-03 6.576180e-02 2.130116e-05 8.287087e-06 3.310296e-05 5.884568e-05
11558.800000 8.058595e-01 -2.888963e-03 1.771961e-03 6.364414e-02 2.451801e-05 -1.896785e-06 3.935400e-05 6.370859e-05
11559.000000 8.105344e-01 -2.781384e-03 1.741885e-03 6.641329e-02 2.473218e-05 -2.077300e-06 4.401958e-05 5.985818e-05
11559.200000 8.047426e-01 -2.847771e-03 1.910493e-03 6.510124e-02 2.929127e-05 3.400235e-06 4.655099e-05 6.397810e-05
11559.400000 8.041603e-01 -2.775253e-03 1.811538e-03 6.698897e-02 2.382864e-05 -1.989044e-06 5.194360e-05 6.159319e-05
11559.600000 8.108543e-01 -2.813835e-03 1.773407e-03 6.753282e-02 2.458679e-05 5.150334e-06 4.587828e-05 6.279748e-05
11559.800000 8.054057e-01 -2.840619e-03 1.713489e-03 6.711361e-02 3.652305e-05 4.667106e-06 3.974027e-05 6.256052e-05
11560.000000 8.077699e-01 -2.805058e-03 1.864515e-03 6.893257e-02 2.775326e-05 -5.765454e-06 4.873426e-05 4.873211e-05
11560.200000 8.101551e-01 -2.903364e-03 1.649960e-03 6.951415e-02 3.231494e-05 -5.423434e-06 3.898235e-05 5.398597e-05
11560.400000 8.065011e-01 -2.786496e-03 1.859315e-03 6.832588e-02 3.077620e-05 -8.421270e-07 3.008882e-05 5.319232e-05
11560.600000 8.122042e-01 -2.847116e-03 1.684808e-03 7.206932e-02 2.930080e-05 2.719344e-06 4.275005e-05 6.159282e-05
11560.800000 8.090136e-01 -2.851301e-03 1.647342e-03 6.982062e-02 3.567748e-05 -4.583314e-06 4.698974e-05 5.179558e-05
11561.000000 8.080970e-01 -2.775081e-03 1.692087e-03 7.173896e-02 3.045870e-05 -3.183486e-06 3.186571e-05 5.943906e-05
11561.200000 8.078561e-01 -2.890790e-03 1.871735e-03 7.369551e-02 4.673520e-05 -1.705964e-06 3.140091e-05 5.537618e-05
11561.400000 8.068760e-01 -2.821258e-03 1.759532e-03 7.576656e-02 4.584109e-05 -3.219601e-06 3.368791e-05 5.597956e-05
11561.600000 8.112353e-01 -2.817859e-03 1.815672e-03 7.608852e-02 3.758295e-05 -3.811316e-06 5.068266e-05 5.822345e-05
11561.800000 8.077440e-01 -2.882075e-03 1.691797e-03 7.657913e-02 3.796762e-05 -5.390840e-06 5.649793e-05 6.153018e-05
11562.000000 8.099610e-01 -2.842110e-03 1.645227e-03 7.858019e-02 3.481233e-05 -9.293919e-06 3.764360e-05 6.660687e-05
11562.200000 8.043044e-01 -2.801254e-03 1.852243e-03 8.114770e-02 3.868482e-05 -8.446000e-06 4.419415e-05 6.971496e-05
11562.400000 8.140711e-01 -2.856984e-03 1.907741e-03 8.365377e-02 4.449780e-05 -5.806152e-06 3.776293e-05 4.180485e-05
11562.600000 8.107033e-01 -2.843628e-03 1.774488e-03 8.435917e-02 4.242278e-05 -6.022523e-06 4.672144e-05 4.823606e-05
11562.800000 8.042311e-01 -2.766802e-03 1.828575e-03 8.555738e-02 4.477508e-05 -6.783178e-06 4.344345e-05 3.746417e-05
11563.000000 8.138594e-01 -2.830626e-03 1.785411e-03 8.978945e-02 4.477798e-05 -8.171840e-06 3.457583e-05 5.893434e-05
11563.200000 7.984729e-01 -2.794523e-03 1.954965e-03 8.974248e-02 5.533488e-05 -1.428987e-05 3.998370e-05 6.603160e-05
11563.400000 8.102430e-01 -2.809880e-03 1.749586e-03 9.199977e-02 4.842288e-05 -1.343427e-05 3.457755e-05 6.132716e-05
11563.600000 8.115106e-01 -2.853081e-03 1.673200e-03 9.480092e-02 4.651732e-05 -1.666201e-05 3.181514e-05 4.826626e-05
11563.800000 8.098915e-01 -2.843554e-03 1.898603e-03 9.731143e-02 4.296875e-05 -5.752943e-06 3.957313e-05 5.688918e-05
11564.000000 8.044486e-01 -2.780983e-03 1.717075e-03 1.008662e-01 3.903659e-05 -4.840919e-06 3.594528e-05 6.357771e-05
11564.200000 8.101150e-01 -2.811433e-03 1.778268e-03 1.040426e-01 4.580271e-05 1.547935e-06 2.755972e-05 6.864850e-05
11564.400000 8.087139e-01 -2.807877e-03 1.807865e-03 1.076871e-01 4.801282e-05 5.539144e-06 2.460673e-05 6.233847e-05
11564.600000 8.088051e-01 -2.854676e-03 1.789310e-03 1.094471e-01 6.033012e-05 4.731457e-06 1.706200e-05 5.147040e-05
11564.800000 8.093854e-01 -2.850786e-03 1.715765e-03 1.102762e-01 5.723833e-05 -5.082164e-06 2.888197e-05 5.055989e-05
11565.000000 8.090221e-01 -2.811086e-03 1.765111e-03 1.152735e-01 5.687494e-05 -9.743418e-06 4.597650e-05 7.028354e-05
11565.200000 8.067342e-01 -2.824433e-03 1.742023e-03 1.176120e-01 5.008150e-05 -6.140173e-06 3.996871e-05 7.284928e-05
11565.400000 8.096759e-01 -2.830681e-03 1.778233e-03 1.209135e-01 4.809877e-05 -8.341320e-06 2.175153e-05 7.252022e-05
11565.600000 8.080782e-01 -2.836193e-03 1.805571e-03 1.208833e-01 4.898466e-05 -5.466959e-06 1.651750e-05 6.436326e-05
11565.800000 8.105302e-01 -2.841819e-03 1.807303e-03 1.264085e-01 5.308721e-05 -6.141405e-06 2.861789e-05 6.474297e-05
11566.000000 8.054976e-01 -2.814654e-03 1.765461e-03 1.252191e-01 5.265166e-05 -8.012061e-06 2.636351e-05 5.954214e-05
11566.200000 8.078175e-01 -2.811171e-03 1.696533e-03 1.283816e-01 5.766977e-05 -1.292086e-05 1.266601e-05 5.976316e-05
11566.400000 8.083829e-01 -2.759184e-03 1.847496e-03 1.313961e-01 5.447380e-05 -2.553427e-05 1.737494e-05 6.777486e-05
11566.600000 8.074769e-01 -2.789759e-03 1.818676e-03 1.320187e-01 4.585315e-05 -1.428144e-05 8.904885e-06 6.291337e-05
11566.800000 8.058995e-01 -2.792098e-03 1.745976e-03 1.328194e-01 5.355119e-05 -5.613247e-06 2.314044e-05 7.270051e-05
11567.000000 8.092042e-01 -2.815784e-03 1.795601e-03 1.350011e-01 5.372565e-05 2.461396e-06 2.218769e-05 6.284021e-05
11567.200000 8.092320e-01 -2.834135e-03 1.839089e-03 1.352733e-01 4.858571e-05 -6.102048e-06 8.843410e-06 5.676252e-05
11567.400000 8.082279e-01 -2.844639e-03 1.760321e-03 1.367327e-01 4.146445e-05 -9.452369e-07 2.367834e-05 6.344141e-05
11567.600000 8.084567e-01 -2.845652e-03 1.809598e-03 1.373827e-01 4.220164e-05 -9.668944e-06 1.777325e-05 6.892452e-05
11567.800000 8.048270e-01 -2.828012e-03 1.740453e-03 1.377080e-01 5.701283e-05 -6.094464e-06 2.334447e-05 6.280001e-05
11568.000000 8.082023e-01 -2.807118e-03 1.828155e-03 1.373561e-01 5.031063e-05 -7.831718e-06 3.783042e-05 6.260314e-05
11568.200000 8.056999e-01 -2.804200e-03 1.759248e-03 1.382019e-01 4.781587e-05 -1.006841e-05 3.544274e-05 5.100656e-05
11568.400000 8.058135e-01 -2.834303e-03 1.729211e-03 1.375646e-01 4.762153e-05 -5.452595e-06 3.383095e-05 5.615278e-05
11568.600000 8.092188e-01 -2.836318e-03 1.810727e-03 1.386645e-01 5.241668e-05 -7.511096e-06 2.944751e-05 5.923791e-05
11568.800000 8.092119e-01 -2.828252e-03 1.901905e-03 1.363543e-01 6.832268e-05 -2.858649e-06 2.687749e-05 6.546894e-05
11569.000000 8.082874e-01 -2.823812e-03 1.894909e-03 1.371437e-01 6.907358e-05 1.017028e-06 1.051996e-05 6.109315e-05
11569.200000 8.066664e-01 -2.832317e-03 1.534259e-03 1.376571e-01 6.283108e-05 -2.175964e-06 1.936031e-06 6.009578e-05
11569.400000 8.074726e-01 -2.831621e-03 1.695835e-03 1.367455e-01 6.025075e-05 -1.433294e-05 2.346285e-05 7.364903e-05
11569.600000 8.071429e-01 -2.817432e-03 1.687277e-03 1.343947e-01 6.415203e-05 -1.918590e-05 1.415350e-06 6.998467e-05
11569.800000 8.070377e-01 -2.800098e-03 1.613853e-03 1.356820e-01 6.570081e-05 -2.044988e-05 1.222787e-05 7.219014e-05
11570.000000 8.070833e-01 -2.817051e-03 1.725525e-03 1.329977e-01 6.293234e-05 -9.106686e-06 2.405732e-06 6.312392e-05
11570.200000 8.087133e-01 -2.839890e-03 1.666035e-03 1.328938e-01 6.147384e-05 -7.961286e-06 1.923009e-06 5.358784e-05
11570.400000 8.066120e-01 -2.827043e-03 1.778673e-03 1.322028e-01 5.332235e-05 -5.606332e-06 9.401977e-06 6.098750e-05
11570.600000 8.077399e-01 -2.818860e-03 1.663994e-03 1.328712e-01 4.455510e-05 -1.191303e-05 1.596321e-05 6.150382e-05
11570.800000 8.078592e-01 -2.858469e-03 1.692023e-03 1.319436e-01 4.100920e-05 -1.469669e-05 1.343164e-05 6.227410e-05
11571.000000 8.074341e-01 -2.826667e-03 1.773965e-03 1.307033e-01 3.952425e-05 -1.424758e-05 1.547689e-05 5.583328e-05
11571.200000 8.075051e-01 -2.850947e-03 1.693437e-03 1.292632e-01 3.309409e-05 -1.006096e-05 1.260303e-05 5.733078e-05
11571.400000 8.071703e-01 -2.821235e-03 1.769417e-03 1.292232e-01 3.175452e-05 -2.419583e-06 8.106903e-06 5.869815e-05
11571.600000 8.082894e-01 -2.808146e-03 1.805137e-03 1.278074e-01 3.668718e-05 -4.448235e-06 2.598094e-06 4.765965e-05
11571.800000 8.051714e-01 -2.819014e-03 1.977089e-03 1.271888e-01 4.991359e-05 -5.064645e-06 8.414664e-06 4.916986e-05
11572.000000 8.068857e-01 -2.798757e-03 1.966902e-03 1.279410e-01 4.566519e-05 -2.311252e-06 2.638992e-05 6.237904e-05
11572.200000 8.067173e-01 -2.839235e-03 1.833832e-03 1.259520e-01 5.071612e-05 -1.269861e-05 2.152219e-05 6.433977e-05
11572.400000 8.066336e-01 -2.810986e-03 1.620060e-03 1.257104e-01 4.638124e-05 -1.039181e-05 2.192541e-05 4.683216e-05
11572.600000 8.072027e-01 -2.804757e-03 1.845423e-03 1.256471e-01 3.661803e-05 -1.192679e-05 2.669764e-05 5.491688e-05
11572.800000 8.072288e-01 -2.794149e-03 1.791267e-03 1.245116e-01 4.072111e-05 -8.765931e-06 2.540181e-05 6.373243e-05
11573.000000 8.071689e-01 -2.836958e-03 1.800173e-03 1.235501e-01 3.930636e-05 -1.327600e-05 2.491047e-05 7.269373e-05
11573.200000 8.069435e-01 -2.843058e-03 1.868004e-03 1.228405e-01 4.321792e-05 -1.359782e-05 3.741509e-05 7.771219e-05
11573.400000 8.069940e-01 -2.814529e-03 1.754351e-03 1.225755e-01 3.610000e-05 -9.730071e-06 4.399343e-05 7.912217e-05
11573.600000 8.070862e-01 -2.813037e-03 1.568666e-03 1.215431e-01 4.779381e-05 -9.156528e-06 3.422407e-05 6.977013e-05
11573.800000 8.068635e-01 -2.848290e-03 1.797293e-03 1.212573e-01 4.759176e-05 7.042943e-07 3.218181e-05 6.627674e-05
11574.000000 8.048595e-01 -2.856176e-03 1.959567e-03 1.205614e-01 4.788950e-05 -5.951339e-08 2.794708e-05 5.672593e-05
11574.200000 8.067608e-01 -2.833703e-03 1.819711e-03 1.201205e-01 4.518798e-05 -1.390626e-06 3.065662e-05 5.388405e-05
11574.400000 8.066733e-01 -2.841574e-03 1.717756e-03 1.202167e-01 4.981271e-05 1.483829e-06 3.943511e-05 6.580665e-05
11574.600000 8.064111e-01 -2.807456e-03 1.752759e-03 1.199906e-01 5.404947e-05 -8.988633e-06 2.846539e-05 8.371931e-05
11574.800000 8.066672e-01 -2.794892e-03 1.744325e-03 1.197509e-01 4.740994e-05 -1.035544e-05 2.378541e-05 9.288153e-05
11575.000000 8.062920e-01 -2.805643e-03 1.605695e-03 1.194850e-01 5.602525e-05 -4.258151e-06 8.641114e-06 9.238696e-05
11575.200000 8.058734e-01 -2.788495e-03 1.704933e-03 1.189219e-01 5.236176e-05 -2.605061e-06 5.018658e-06 8.730606e-05
11575.400000 8.064467e-01 -2.799440e-03 2.014705e-03 1.193133e-01 4.914022e-05 -4.151835e-07 -4.851140e-06 8.470151e-05
11575.600000 8.072901e-01 -2.804879e-03 1.909195e-03 1.183592e-01 4.755328e-05 -1.779188e-06 1.028804e-05 8.259026e-05
11575.800000 8.072408e-01 -2.828477e-03 1.862494e-03 1.190192e-01 4.756414e-05 -1.345293e-05 8.615566e-06 7.156258e-05
11576.000000 8.067564e-01 -2.858760e-03 1.894506e-03 1.195289e-01 4.811225e-05 -2.152921e-05 4.381149e-06 7.973338e-05
11576.200000 8.073910e-01 -2.799667e-03 1.801986e-03 1.187661e-01 4.346140e-05 -2.064735e-05 2.737142e-06 7.872347e-05
11576.400000 8.047803e-01 -2.813939e-03 1.680219e-03 1.176013e-01 4.771631e-05 -3.952205e-06 5.431050e-06 7.429658e-05
11576.600000 8.079288e-01 -2.849781e-03 1.657741e-03 1.186482e-01 5.259992e-05 1.349366e-06 4.493971e-06 8.431238e-05
11576.800000 8.057677e-01 -2.801732e-03 1.699603e-03 1.180977e-01 5.248117e-05 -3.870352e-06 3.586595e-06 9.333307e-05
11577.000000 8.068386e-01 -2.835528e-03 1.698389e-03 1.185212e-01 5.503971e-05 -8.231870e-06 1.248599e-05 8.334125e-05
11577.200000 8.058920e-01 -2.873384e-03 1.781558e-03 1.185397e-01 5.584846e-05 -7.188766e-06 2.691904e-05 7.815067e-05
11577.400000 8.058240e-01 -2.789391e-03 1.821168e-03 1.171272e-01 4.844590e-05 -5.097469e-06 2.440623e-05 7.188649e-05
11577.600000 8.063208e-01 -2.793627e-03 1.737240e-03 1.177640e-01 4.587982e-05 -5.347877e-06 1.761211e-05 7.973954e-05
11577.800000 8.062355e-01 -2.823308e-03 1.764652e-03 1.184374e-01 3.859871e-05 -1.668533e-05 9.811198e-06 7.954194e-05
11578.000000 8.050012e-01 -2.792449e-03 1.562303e-03 1.176704e-01 3.781100e-05 -1.516094e-05 2.127845e-05 6.023439e-05
11578.200000 8.037795e-01 -2.784797e-03 1.618329e-03 1.172131e-01 5.076103e-05 -1.300261e-05 2.521809e-05 7.121077e-05
11578.400000 8.046500e-01 -2.783394e-03 1.804465e-03 1.176417e-01 4.005955e-05 -1.279117e-05 2.275981e-05 6.425507e-05
11578.600000 8.063682e-01 -2.808834e-03 1.958599e-03 1.182413e-01 4.608178e-05 -1.226080e-05 2.423624e-05 8.222142e-05
11578.800000 8.064887e-01 -2.805853e-03 1.839775e-03 1.176146e-01 5.907401e-05 -1.004867e-05 2.590387e-05 8.164546e-05
11579.000000 8.070601e-01 -2.844323e-03 1.731795e-03 1.180203e-01 6.131322e-05 -8.737378e-06 2.427443e-05 8.093682e-05
11579.200000 8.007748e-01 -2.844612e-03 1.674244e-03 1.161690e-01 5.601952e-05 -2.579706e-06 2.193897e-05 9.184635e-05
11579.400000 8.078964e-01 -2.820580e-03 1.808393e-03 1.180688e-01 4.718040e-05 2.850330e-06 2.408078e-06 7.805579e-05
11579.600000 8.068009e-01 -2.813525e-03 1.681602e-03 1.177572e-01 4.368628e-05 1.282846e-06 -1.444382e-05 6.928312e-05
11579.800000 8.049652e-01 -2.860143e-03 1.775841e-03 1.191943e-01 4.705004e-05 1.786466e-06 -4.062272e-06 8.184640e-05
11580.000000 8.064153e-01 -2.848929e-03 2.025342e-03 1.181503e-01 5.247738e-05 -1.451266e-06 -4.198870e-06 9.391008e-05
11580.200000 8.041880e-01 -2.794186e-03 1.817622e-03 1.175730e-01 6.185940e-05 -7.508061e-06 3.393975e-06 9.093304e-05
11580.400000 8.063475e-01 -2.784869e-03 1.936982e-03 1.186517e-01 5.750912e-05 -8.874134e-06 9.948502e-06 8.857329e-05
11580.600000 8.037407e-01 -2.787556e-03 1.687820e-03 1.182726e-01 5.801060e-05 -9.684236e-06 1.096685e-05 1.060039e-04
11580.800000 8.059790e-01 -2.818771e-03 1.755616e-03 1.180467e-01 5.512122e-05 9.108632e-07 8.892137e-06 1.049112e-04
11581.000000 8.025659e-01 -2.811432e-03 1.670173e-03 1.174134e-01 3.916865e-05 -5.151957e-06 3.363508e-06 8.819991e-05
11581.200000 8.058632e-01 -2.806956e-03 1.839143e-03 1.180670e-01 4.448089e-05 -1.004183e-05 1.390549e-05 8.549819e-05
11581.400000 8.053739e-01 -2.772148e-03 1.837221e-03 1.184343e-01 4.085749e-05 -1.240315e-05 1.527949e-05 8.722470e-05
11581.600000 8.059887e-01 -2.824790e-03 1.654156e-03 1.193703e-01 4.439074e-05 -1.109552e-05 2.233166e-05 8.963256e-05
11581.800000 8.052993e-01 -2.820328e-03 1.726492e-03 1.193276e-01 4.469214e-05 -2.044276e-05 2.069256e-05 6.185781e-05
11582.000000 8.062463e-01 -2.826605e-03 1.707274e-03 1.182855e-01 3.414363e-05 -1.301958e-05 1.471021e-05 7.048037e-05
11582.200000 8.059959e-01 -2.854557e-03 1.629569e-03 1.199750e-01 3.183685e-05 -9.511914e-06 1.051526e-05 6.352430e-05
11582.400000 8.033876e-01 -2.833455e-03 1.733129e-03 1.176044e-01 3.915480e-05 -5.861261e-06 7.234509e-06 5.847227e-05
11582.600000 8.045737e-01 -2.856287e-03 1.622438e-03 1.177132e-01 5.119293e-05 -8.902691e-07 7.464455e-06 7.574524e-05
11582.800000 8.066159e-01 -2.837378e-03 1.656496e-03 1.187528e-01 5.167441e-05 -2.452213e-06 8.778750e-06 7.565884e-05
11583.000000 8.054084e-01 -2.840735e-03 1.827981e-03 1.170063e-01 6.520019e-05 -9.777710e-06 1.416920e-06 6.515663e-05
11583.200000 8.049137e-01 -2.835158e-03 1.642080e-03 1.168179e-01 6.660021e-05 -5.460052e-06 1.331855e-05 8.051944e-05
11583.400000 8.058544e-01 -2.859584e-03 1.917423e-03 1.183058e-01 6.090891e-05 6.543735e-06 1.600393e-05 8.041542e-05
11583.600000 8.070250e-01 -2.796902e-03 1.749151e-03 1.168331e-01 4.921127e-05 2.272363e-06 1.075739e-05 4.268941e-05
11583.800000 8.051112e-01 -2.785312e-03 2.039202e-03 1.181808e-01 4.659447e-05 1.008897e-05 1.228269e-05 3.130545e-05
11584.000000 8.040125e-01 -2.815517e-03 1.797782e-03 1.168971e-01 4.847686e-05 1.435531e-05 1.506835e-05 6.900889e-05
11584.200000 8.068517e-01 -2.849656e-03 1.820509e-03 1.165796e-01 4.459299e-05 2.095493e-06 1.690939e-05 7.033759e-05
11584.400000 8.059065e-01 -2.807320e-03 1.444541e-03 1.162465e-01 4.034413e-05 7.268686e-06 2.735411e-05 8.440249e-05
11584.600000 8.041244e-01 -2.837413e-03 1.599093e-03 1.168686e-01 3.851502e-05 3.805308e-06 2.317652e-05 7.881209e-05
11584.800000 8.058628e-01 -2.852848e-03 1.737870e-03 1.164779e-01 3.446899e-05 4.870980e-06 1.406936e-05 6.691331e-05
11585.000000 8.001990e-01 -2.841667e-03 1.853208e-03 1.152548e-01 3.844402e-05 -4.754997e-06 1.905932e-05 6.575628e-05
11585.200000 8.053781e-01 -2.852659e-03 1.793591e-03 1.175769e-01 3.734646e-05 -2.146325e-06 1.188747e-05 7.323024e-05
11585.400000 8.049802e-01 -2.849118e-03 1.762740e-03 1.158001e-01 4.740756e-05 -4.374237e-07 1.198085e-06 6.969547e-05
11585.600000 8.044159e-01 -2.821315e-03 1.625322e-03 1.164767e-01 5.225958e-05 -4.484803e-06 8.193196e-06 6.312725e-05
11585.800000 8.066119e-01 -2.817858e-03 1.746379e-03 1.167024e-01 4.961925e-05 -8.844657e-06 1.889671e-05 8.788047e-05
11586.000000 8.022351e-01 -2.835123e-03 1.694269e-03 1.181482e-01 5.249190e-05 -7.213914e-06 1.100351e-05 8.352292e-05
11586.200000 8.055570e-01 -2.865605e-03 1.739857e-03 1.159489e-01 6.059402e-05 6.215154e-07 1.141917e-05 8.865432e-05
11586.400000 8.038213e-01 -2.814702e-03 1.785129e-03 1.165696e-01 5.473088e-05 1.489663e-05 1.122626e-05 7.352078e-05
11586.600000 8.057774e-01 -2.844448e-03 1.782291e-03 1.164844e-01 5.033512e-05 1.384041e-05 1.979194e-05 3.168021e-05
11586.800000 8.050275e-01 -2.874959e-03 1.731930e-03 1.166559e-01 4.036686e-05 3.966369e-06 1.426247e-05 4.902646e-05
11587.000000 8.034356e-01 -2.859884e-03 2.034532e-03 1.164744e-01 4.809074e-05 2.703634e-07 1.492027e-05 6.192559e-05
11587.200000 8.031346e-01 -2.860098e-03 1.590643e-03 1.162208e-01 4.836922e-05 5.273243e-06 1.365646e-05 5.576039e-05
11587.400000 8.049569e-01 -2.832021e-03 1.709263e-03 1.160723e-01 4.461281e-05 -5.015876e-06 2.005142e-05 3.517082e-05
11587.600000 8.071019e-01 -2.821596e-03 1.808456e-03 1.165940e-01 5.017939e-05 -1.480204e-06 1.180291e-05 6.183006e-05
11587.800000 8.024045e-01 -2.843863e-03 1.546083e-03 1.145160e-01 5.099323e-05 1.557864e-06 4.313387e-06 7.009903e-05
11588.000000 8.045441e-01 -2.888088e-03 1.748084e-03 1.178954e-01 5.180992e-05 -4.677183e-06 -9.094391e-06 7.181544e-05
11588.200000 8.078301e-01 -2.864703e-03 1.805032e-03 1.165391e-01 3.635541e-05 -4.558094e-06 -1.986499e-05 6.569318e-05
11588.400000 7.975417e-01 -2.809131e-03 1.421274e-03 1.147290e-01 3.649991e-05 2.847078e-06 -1.051461e-05 7.424142e-05
11588.600000 8.068688e-01 -2.862540e-03 1.672978e-03 1.162749e-01 4.218552e-05 1.389281e-06 -1.208498e-05 7.208206e-05
11588.800000 8.018811e-01 -2.894581e-03 1.677837e-03 1.167365e-01 3.235949e-05 4.181968e-06 -2.723012e-06 6.838636e-05
11589.000000 8.009269e-01 -2.837990e-03 1.707827e-03 1.150933e-01 3.112902e-05 -2.532637e-06 -6.405754e-06 7.242783e-05
11589.200000 8.073161e-01 -2.833742e-03 1.783573e-03 1.172911e-01 2.412830e-05 -2.713856e-06 -8.783875e-06 8.647416e-05
11589.400000 8.001993e-01 -2.907537e-03 1.744963e-03 1.143155e-01 3.547503e-05 2.109304e-06 -8.153254e-06 7.971535e-05
11589.600000 8.051640e-01 -2.855332e-03 1.888756e-03 1.164267e-01 3.103985e-05 1.259102e-05 -1.978941e-06 8.066655e-05
11589.800000 8.014147e-01 -2.823439e-03 1.769662e-03 1.157930e-01 2.347429e-05 8.428193e-06 1.046718e-05 7.054014e-05
11590.000000 8.085293e-01 -2.816767e-03 1.767531e-03 1.173419e-01 3.201177e-05 7.770153e-06 1.218230e-05 7.920525e-05
11590.200000 7.998286e-01 -2.788437e-03 1.892715e-03 1.169420e-01 3.771263e-05 1.428762e-05 1.371353e-05 7.083374e-05
11590.400000 8.044478e-01 -2.850316e-03 1.852858e-03 1.175960e-01 3.067376e-05 7.757904e-09 1.242003e-05 7.006354e-05
11590.600000 8.050217e-01 -2.765517e-03 1.763994e-03 1.155002e-01 1.573147e-05 4.317249e-06 -5.976653e-06 8.132711e-05
11590.800000 8.039901e-01 -2.814639e-03 1.820898e-03 1.172731e-01 2.325771e-05 1.085381e-06 1.204010e-05 8.274009e-05
11591.000000 8.012498e-01 -2.824528e-03 1.753733e-03 1.180677e-01 3.307406e-05 -9.951852e-07 2.713386e-05 7.822620e-05
11591.200000 8.075790e-01 -2.795667e-03 1.746206e-03 1.178737e-01 2.213904e-05 1.662389e-06 1.707682e-05 7.566309e-05
11591.400000 8.011163e-01 -2.818311e-03 1.791610e-03 1.189468e-01 2.315717e-05 6.384880e-07 2.059558e-05 7.237142e-05
11591.600000 8.085034e-01 -2.860966e-03 1.747720e-03 1.194026e-01 2.021110e-05 9.506967e-06 1.865271e-05 6.678949e-05
11591.800000 7.954188e-01 -2.779894e-03 1.734450e-03 1.157468e-01 1.690680e-05 8.202255e-06 2.987256e-05 7.941831e-05
11592.000000 8.059458e-01 -2.857993e-03 1.868036e-03 1.210865e-01 3.525903e-05 -4.962038e-07 2.670472e-05 5.651900e-05
11592.200000 8.031276e-01 -2.856562e-03 1.665226e-03 1.188690e-01 2.879861e-05 5.738335e-08 2.728776e-05 7.445227e-05
11592.400000 8.030915e-01 -2.812368e-03 1.797695e-03 1.181494e-01 2.403025e-05 1.092812e-06 2.471962e-05 8.708499e-05
11592.600000 8.069103e-01 -2.884286e-03 1.858843e-03 1.179194e-01 3.408114e-05 -1.219349e-05 9.830847e-06 8.451899e-05
11592.800000 8.030630e-01 -2.810936e-03 1.517957e-03 1.206122e-01 3.189758e-05 -6.138490e-06 1.219913e-05 8.770567e-05
11593.000000 7.987338e-01 -2.821296e-03 1.834548e-03 1.192458e-01 3.745085e-05 -7.378521e-06 8.117414e-06 8.277209e-05
11593.200000 7.982355e-01 -2.866200e-03 1.545363e-03 1.175765e-01 3.984754e-05 -6.973036e-06 1.504727e-06 8.307006e-05
11593.400000 8.041205e-01 -2.813325e-03 1.764920e-03 1.198683e-01 3.360468e-05 -3.818818e-06 8.204921e-06 8.933206e-05
11593.600000 8.050924e-01 -2.915898e-03 1.734672e-03 1.203711e-01 4.660687e-05 -7.717142e-07 9.600744e-06 7.709648e-05
11593.800000 7.965046e-01 -2.787819e-03 1.734041e-03 1.168780e-01 3.951670e-05 5.934183e-06 1.903722e-07 7.564003e-05
11594.000000 8.028168e-01 -2.863670e-03 1.857734e-03 1.195553e-01 3.390241e-05 8.211905e-07 -6.259638e-06 8.417964e-05
11594.200000 8.063796e-01 -2.869704e-03 1.742894e-03 1.202697e-01 3.940855e-05 4.557509e-06 -1.071044e-05 7.734774e-05
11594.400000 8.050934e-01 -2.865772e-03 1.850721e-03 1.207437e-01 4.322378e-05 4.412468e-06 1.330587e-06 5.890654e-05
11594.600000 8.034509e-01 -2.894251e-03 1.800098e-03 1.203373e-01 5.077396e-05 -1.107288e-07 -6.097877e-06 7.785622e-05
11594.800000 7.991469e-01 -2.777948e-03 2.039805e-03 1.199094e-01 3.456518e-05 4.931659e-06 1.364711e-05 8.203101e-05
11595.000000 8.084496e-01 -2.942338e-03 1.762785e-03 1.213160e-01 4.035744e-05 1.325397e-05 4.634150e-06 8.918909e-05
11595.200000 8.030303e-01 -2.861708e-03 1.826764e-03 1.208692e-01 3.783442e-05 1.298182e-05 -3.740074e-06 8.100882e-05
11595.400000 8.047198e-01 -2.871134e-03 1.936292e-03 1.217815e-01 4.324768e-05 1.235337e-05 7.760506e-06 7.393854e-05
11595.600000 7.979901e-01 -2.805495e-03 1.790499e-03 1.166284e-01 3.655973e-05 6.941168e-06 1.690284e-05 7.484344e-05
11595.800000 8.026792e-01 -2.807562e-03 1.816980e-03 1.201068e-01 4.122953e-05 -1.273034e-05 1.009863e-05 7.381690e-05
11596.000000 8.012870e-01 -2.841662e-03 1.753650e-03 1.204226e-01 3.434627e-05 -1.080802e-05 1.509359e-05 6.449139e-05
11596.200000 8.023630e-01 -2.761173e-03 1.599221e-03 1.191063e-01 3.263725e-05 -1.557549e-05 1.771324e-05 8.116214e-05
11596.400000 8.003682e-01 -2.864570e-03 1.702357e-03 1.182598e-01 3.584785e-05 -1.047362e-05 7.194489e-06 7.381879e-05
11596.600000 8.028592e-01 -2.766556e-03 1.875274e-03 1.204219e-01 3.595687e-05 -5.861869e-06 2.435850e-05 8.155602e-05
11596.800000 8.036191e-01 -2.869918e-03 1.820525e-03 1.195625e-01 5.144784e-05 -1.325439e-05 2.248467e-05 5.702323e-05
11597.000000 8.017375e-01 -2.826087e-03 1.774117e-03 1.196911e-01 4.651684e-05 -7.783722e-06 2.042330e-05 8.000970e-05
11597.700000 8.008266e-01 -2.846201e-03 1.750130e-03 1.193371e-01 4.758361e-05 -1.321089e-07 1.110194e-05 8.343345e-05
11598.400000 8.017598e-01 -2.821658e-03 1.725179e-03 1.180450e-01 5.056093e-05 -2.253000e-08 7.027535e-06 8.237352e-05
11599.100000 8.021076e-01 -2.814924e-03 1.776900e-03 1.180387e-01 4.558912e-05 2.693889e-06 5.609238e-06 8.774242e-05
11599.800000 8.026687e-01 -2.822992e-03 1.773389e-03 1.181268e-01 5.025033e-05 -6.504508e-06 1.516825e-05 9.962883e-05
11600.500000 8.009670e-01 -2.823005e-03 1.713972e-03 1.181565e-01 4.627692e-05 4.492239e-06 1.695748e-05 9.809676e-05
11601.200000 7.999762e-01 -2.821081e-03 1.794888e-03 1.172263e-01 4.338013e-05 1.437417e-05 2.088074e-05 9.413923e-05
11601.900000 8.010748e-01 -2.809041e-03 1.807790e-03 1.173336e-01 3.262001e-05 1.518323e-05 3.056606e-05 9.293022e-05
11602.600000 8.016565e-01 -2.800350e-03 1.821129e-03 1.169667e-01 3.433815e-05 2.481326e-05 2.282592e-05 8.639978e-05
11603.300000 8.007301e-01 -2.810243e-03 1.774505e-03 1.167884e-01 2.914565e-05 2.387411e-05 1.008722e-05 8.513987e-05
11604.993695 8.005101e-01 -2.804024e-03 1.802959e-03 1.159849e-01 2.366863e-05 1.523290e-05 1.048631e-05 7.834728e-05
11605.999583 7.996118e-01 -2.818343e-03 1.761324e-03 1.154910e-01 2.961030e-05 8.545416e-06 7.775466e-06 8.506082e-05
11607.017662 8.010434e-01 -2.815915e-03 1.709787e-03 1.158720e-01 3.218115e-05 2.099126e-05 1.096804e-05 7.878070e-05
11608.047933 8.008964e-01 -2.799993e-03 1.772358e-03 1.159537e-01 3.875454e-05 1.779157e-05 1.348517e-05 7.732237e-05
11609.090396 7.995542e-01 -2.799433e-03 1.762318e-03 1.163500e-01 4.267623e-05 -6.990527e-07 4.221988e-06 8.963078e-05
11610.145051 7.993773e-01 -2.812332e-03 1.732915e-03 1.158316e-01 4.449534e-05 -2.156884e-06 1.029854e-05 9.127436e-05
11611.211898 8.000064e-01 -2.811802e-03 1.730589e-03 1.167736e-01 4.898552e-05 -8.762731e-06 2.243606e-05 9.223942e-05
11612.290937 7.989961e-01 -2.820782e-03 1.747435e-03 1.167214e-01 3.947626e-05 -6.261971e-06 9.336128e-06 9.000736e-05
11613.382167 7.993203e-01 -2.827806e-03 1.731270e-03 1.173503e-01 3.604258e-05 -7.591948e-06 7.225960e-06 8.671173e-05
11614.485590 7.978558e-01 -2.826463e-03 1.744819e-03 1.180925e-01 4.279712e-05 -1.144147e-05 2.236618e-05 9.605558e-05
11615.601204 7.990648e-01 -2.802301e-03 1.858062e-03 1.187692e-01 6.024971e-05 -1.986425e-05 6.510150e-06 8.695256e-05
11616.729011 7.977922e-01 -2.804360e-03 1.778981e-03 1.191011e-01 6.137226e-05 -1.046458e-05 1.591823e-05 8.820251e-05
11617.869009 7.968793e-01 -2.801616e-03 1.597283e-03 1.200563e-01 4.871192e-05 -7.522353e-06 1.845760e-05 9.589661e-05
11619.021199 7.979943e-01 -2.797316e-03 1.748647e-03 1.208319e-01 4.896780e-05 -2.615018e-06 1.395808e-08 7.326932e-05
11620.185582 7.969513e-01 -2.786260e-03 1.779622e-03 1.203053e-01 4.105711e-05 1.456993e-06 -9.108441e-06 7.157192e-05
11621.362156 7.965460e-01 -2.788248e-03 1.761653e-03 1.201288e-01 4.690312e-05 -5.373042e-06 1.475243e-06 9.825800e-05
11622.550922 7.974035e-01 -2.815134e-03 1.720901e-03 1.206705e-01 4.867703e-05 -9.286081e-06 1.360664e-05 1.013090e-04
11623.751879 7.959114e-01 -2.846372e-03 1.775102e-03 1.196300e-01 4.990562e-05 -3.409619e-06 8.556104e-06 9.423916e-05
11624.965029 7.959569e-01 -2.825388e-03 1.791378e-03 1.200864e-01 5.164606e-05 -9.660107e-06 1.611850e-06 8.430949e-05
11626.190371 7.960379e-01 -2.819611e-03 1.765701e-03 1.201756e-01 4.985089e-05 -1.591788e-05 -1.228988e-05 6.990415e-05
11627.427904 7.960375e-01 -2.805610e-03 1.755389e-03 1.204060e-01 5.730787e-05 -2.876873e-06 -3.907954e-06 9.732864e-05
11628.677630 7.957854e-01 -2.803270e-03 1.786122e-03 1.191845e-01 6.259085e-05 -9.822498e-06 -2.837142e-08 7.844867e-05
11629.939547 7.943604e-01 -2.826665e-03 1.684222e-03 1.185374e-01 5.443789e-05 -1.304224e-05 -7.213814e-07 8.245094e-05
11631.213657 7.944654e-01 -2.833151e-03 1.736012e-03 1.199202e-01 5.550583e-05 5.521617e-06 2.683176e-06 8.649457e-05
11632.499958 7.943679e-01 -2.846750e-03 1.805240e-03 1.191178e-01 5.230486e-05 6.575010e-06 6.577966e-06 8.257294e-05
11633.798451 7.946895e-01 -2.846681e-03 1.716844e-03 1.190587e-01 5.552393e-05 2.836282e-07 8.150044e-06 5.074164e-05
11635.109136 7.946453e-01 -2.833977e-03 1.746883e-03 1.179716e-01 5.179308e-05 1.040339e-06 8.065353e-07 6.448145e-05
11636.432013 7.943301e-01 -2.840910e-03 1.755182e-03 1.187900e-01 4.746264e-05 8.619172e-06 4.331546e-06 8.239093e-05
11637.767082 7.933861e-01 -2.815812e-03 1.830619e-03 1.205047e-01 5.102965e-05 7.569083e-06 -1.997409e-06 7.435035e-05
11639.114342 7.920670e-01 -2.816761e-03 1.781240e-03 1.246224e-01 5.618257e-05 1.216000e-05 1.657740e-06 7.911250e-05
11640.473795 7.925821e-01 -2.837895e-03 1.744038e-03 1.325345e-01 5.234354e-05 5.139649e-06 7.420986e-06 8.276315e-05
11641.845440 7.938007e-01 -2.820098e-03 1.667584e-03 1.395733e-01 5.105118e-05 7.759475e-06 2.136833e-05 8.362050e-05
11643.229276 7.925453e-01 -2.826875e-03 1.711249e-03 1.415385e-01 5.052039e-05 5.849517e-06 2.540724e-05 9.857978e-05
11644.625305 7.925688e-01 -2.839647e-03 1.811680e-03 1.394959e-01 4.161620e-05 1.699360e-06 3.085485e-05 7.134470e-05
11646.033525 7.934618e-01 -2.850029e-03 1.687341e-03 1.352261e-01 4.093156e-05 -2.469095e-06 2.259817e-05 4.793944e-05
11647.453937 7.924453e-01 -2.851927e-03 1.687104e-03 1.276896e-01 3.890065e-05 -2.450276e-06 8.038306e-06 7.150203e-05
11648.886541 7.925647e-01 -2.858678e-03 1.660832e-03 1.225999e-01 4.156225e-05 -6.497420e-06 7.785262e-06 9.108976e-05
11650.331337 7.919579e-01 -2.852121e-03 1.784482e-03 1.201966e-01 4.361005e-05 -7.070006e-06 3.575844e-06 9.847268e-05
11651.788325 7.916120e-01 -2.846652e-03 1.757739e-03 1.195555e-01 4.751602e-05 -1.384393e-05 7.662451e-06 1.030211e-04
11653.257505 7.908627e-01 -2.849885e-03 1.700466e-03 1.189368e-01 4.402570e-05 -1.779995e-05 4.945414e-06 9.284976e-05
11654.738877 7.908650e-01 -2.865511e-03 1.678931e-03 1.183568e-01 4.216568e-05 -1.420225e-05 1.346134e-05 9.048158e-05
11656.232440 7.897113e-01 -2.845772e-03 1.741671e-03 1.184847e-01 4.343903e-05 -1.060052e-05 2.360770e-05 9.396867e-05
11657.738196 7.875499e-01 -2.857846e-03 1.743614e-03 1.193356e-01 4.267108e-05 -4.921840e-06 2.169669e-05 9.897160e-05
11659.256143 7.882107e-01 -2.851529e-03 1.663176e-03 1.200202e-01 4.279788e-05 -1.409370e-05 2.893061e-05 9.471824e-05
11660.786283 7.894185e-01 -2.850687e-03 1.721296e-03 1.212643e-01 3.334964e-05 -1.812594e-05 1.686612e-05 9.926725e-05
11662.328614 7.887292e-01 -2.854837e-03 1.684134e-03 1.210842e-01 3.308715e-05 -1.128513e-05 1.914101e-05 8.779589e-05
11663.883137 7.894886e-01 -2.848871e-03 1.670110e-03 1.211796e-01 3.666374e-05 -1.448600e-05 6.923136e-06 8.597262e-05
11665.449852 7.887674e-01 -2.851152e-03 1.688964e-03 1.209099e-01 3.454418e-05 -1.538686e-05 1.592223e-05 9.509501e-05
11667.028759 7.889005e-01 -2.871237e-03 1.669932e-03 1.209616e-01 3.435103e-05 -1.693492e-05 3.161854e-05 8.356776e-05
11668.619858 7.894508e-01 -2.869371e-03 1.709559e-03 1.202698e-01 2.852417e-05 -2.655051e-05 1.183145e-05 7.520866e-05
11670.223149 7.859881e-01 -2.867181e-03 1.718719e-03 1.197380e-01 3.466187e-05 -2.249500e-05 1.573740e-05 8.632069e-05
11671.838632 7.847668e-01 -2.858541e-03 1.708555e-03 1.178681e-01 3.318030e-05 -1.654285e-05 1.614992e-05 8.054258e-05
11673.466307 7.857513e-01 -2.871959e-03 1.771131e-03 1.183421e-01 3.975855e-05 -1.841064e-05 2.330636e-05 8.916492e-05
11675.106173 7.866433e-01 -2.871409e-03 1.697908e-03 1.181056e-01 3.439721e-05 -1.199985e-05 2.640098e-05 9.798512e-05
11676.758232 7.864658e-01 -2.865125e-03 1.706370e-03 1.173355e-01 2.634315e-05 -8.849420e-06 2.840266e-05 9.305310e-05
11678.422482 7.870717e-01 -2.859998e-03 1.770754e-03 1.178918e-01 4.324496e-05 -5.357895e-06 2.676831e-05 9.592037e-05
11680.098924 7.863773e-01 -2.855095e-03 1.713000e-03 1.183118e-01 3.875182e-05 -5.274068e-06 3.730166e-05 9.976852e-05
11681.787558 7.863192e-01 -2.840394e-03 1.752815e-03 1.175669e-01 3.550052e-05 -1.184260e-05 1.298094e-05 8.907312e-05
11683.488385 7.851134e-01 -2.854185e-03 1.705262e-03 1.179883e-01 3.570643e-05 -1.021563e-05 8.151042e-06 7.879992e-05
11685.201403 7.852066e-01 -2.818933e-03 1.827663e-03 1.177677e-01 3.215247e-05 -2.282175e-06 1.721205e-05 8.401098e-05
11686.926613 7.850195e-01 -2.842832e-03 1.819746e-03 1.176632e-01 2.809031e-05 -1.230840e-05 3.407083e-05 9.230001e-05
11688.664014 7.850018e-01 -2.887850e-03 1.677849e-03 1.184216e-01 2.930418e-05 -1.266064e-05 3.722839e-05 5.425353e-05
11690.413608 7.844322e-01 -2.870455e-03 1.712101e-03 1.185396e-01 2.469853e-05 -9.256576e-06 4.309776e-05 5.780976e-05
11692.175394 7.839216e-01 -2.852756e-03 1.753053e-03 1.174361e-01 2.281321e-05 -8.607744e-06 2.444526e-05 8.676690e-05
11693.949371 7.832368e-01 -2.860223e-03 1.783982e-03 1.173664e-01 3.151573e-05 -1.033452e-05 2.146541e-05 7.517047e-05
11695.735541 7.833174e-01 -2.863987e-03 1.759046e-03 1.171417e-01 2.788626e-05 -8.245071e-06 9.607766e-06 7.876264e-05
11697.533902 7.828510e-01 -2.859648e-03 1.703473e-03 1.170456e-01 3.307754e-05 -9.788752e-06 8.031798e-06 8.428316e-05
11699.344455 7.831727e-01 -2.856222e-03 1.766398e-03 1.168755e-01 4.672638e-05 -6.802359e-06 8.821285e-06 1.098626e-04
11701.167201 7.826403e-01 -2.858311e-03 1.842553e-03 1.177706e-01 3.708509e-05 5.327333e-06 5.086920e-06 1.043971e-04
11703.002138 7.798810e-01 -2.839539e-03 1.748540e-03 1.172803e-01 3.215164e-05 6.018754e-06 1.861003e-05 1.011531e-04
11704.849267 7.800000e-01 -2.851971e-03 1.733473e-03 1.163695e-01 3.390227e-05 6.872150e-06 2.127611e-05 9.850325e-05
11706.708588 7.819978e-01 -2.859917e-03 1.690984e-03 1.166551e-01 3.284543e-05 -3.859819e-07 1.613221e-05 9.236363e-05
11708.580100 7.821488e-01 -2.869789e-03 1.667797e-03 1.160879e-01 3.267463e-05 5.763336e-06 9.462918e-06 7.853055e-05
11710.463805 7.817663e-01 -2.861263e-03 1.733845e-03 1.174748e-01 2.603462e-05 9.245052e-06 6.269803e-06 8.620616e-05
11712.359702 7.813694e-01 -2.868588e-03 1.783723e-03 1.168069e-01 2.373953e-05 6.960637e-06 1.540178e-05 8.605054e-05
11714.267790 7.803871e-01 -2.851473e-03 1.699587e-03 1.170104e-01 3.426204e-05 -2.625681e-07 1.765612e-05 8.167257e-05
11716.188071 7.795813e-01 -2.852596e-03 1.704851e-03 1.166753e-01 3.467146e-05 -7.083422e-06 1.157772e-05 8.557287e-05
11718.120543 7.797460e-01 -2.865945e-03 1.703084e-03 1.166707e-01 3.124846e-05 -2.384425e-06 3.942416e-06 8.100634e-05
11720.065207 7.790817e-01 -2.844438e-03 1.677801e-03 1.171576e-01 3.583321e-05 -1.019502e-06 1.455458e-05 9.280755e-05
11722.022064 7.792454e-01 -2.846374e-03 1.749018e-03 1.174227e-01 3.757879e-05 -1.009489e-05 6.158963e-06 9.439423e-05
11723.991112 7.782158e-01 -2.853297e-03 1.782764e-03 1.171560e-01 3.225601e-05 -3.717833e-06 -3.176617e-06 9.919025e-05
11725.972352 7.791884e-01 -2.838373e-03 1.726920e-03 1.174104e-01 3.083790e-05 -1.310755e-06 2.086391e-05 1.027628e-04
11727.965784 7.776633e-01 -2.858972e-03 1.817527e-03 1.176821e-01 3.030056e-05 -6.232683e-06 1.707981e-05 9.078052e-05
11729.971407 7.775448e-01 -2.844593e-03 1.756936e-03 1.174308e-01 3.211185e-05 2.421925e-06 9.805065e-06 7.924465e-05
11731.989223 7.776387e-01 -2.826499e-03 1.668126e-03 1.182748e-01 3.395154e-05 5.785662e-06 2.295397e-05 9.824665e-05
11734.019231 7.759229e-01 -2.830587e-03 1.710188e-03 1.183641e-01 3.734509e-05 3.599644e-06 2.130798e-05 8.613980e-05
11736.061430 7.769458e-01 -2.842125e-03 1.705606e-03 1.184595e-01 3.092985e-05 1.509220e-06 1.322755e-05 7.508177e-05
11738.115822 7.756803e-01 -2.845879e-03 1.753772e-03 1.180569e-01 3.035864e-05 4.899479e-06 2.644516e-05 7.793442e-05
11740.182405 7.756142e-01 -2.848811e-03 1.801250e-03 1.174713e-01 2.789167e-05 -3.132035e-06 1.789982e-05 7.721759e-05
11742.261180 7.729224e-01 -2.854264e-03 1.763316e-03 1.179893e-01 2.978702e-05 2.866907e-06 1.469113e-06 6.726333e-05
11744.352148 7.707882e-01 -2.833265e-03 1.734324e-03 1.168805e-01 2.667612e-05 7.633683e-06 4.503999e-06 5.022433e-05
11746.455307 7.727756e-01 -2.850246e-03 1.776563e-03 1.176949e-01 3.077604e-05 1.272751e-05 9.104856e-06 7.414288e-05
11748.570658 7.749893e-01 -2.839626e-03 1.750975e-03 1.184687e-01 3.227409e-05 1.618459e-05 1.654553e-05 8.677822e-05
11750.698201 7.742083e-01 -2.849325e-03 1.709410e-03 1.192795e-01 3.021199e-05 1.291958e-05 1.069244e-05 9.593682e-05
11752.837935 7.729264e-01 -2.867459e-03 1.725828e-03 1.189119e-01 2.891813e-05 6.584512e-06 -3.870983e-06 9.180542e-05
11754.989862 7.735681e-01 -2.846814e-03 1.711067e-03 1.189309e-01 2.286581e-05 8.923731e-06 -1.766992e-05 8.401389e-05
11757.153981 7.726742e-01 -2.847103e-03 1.825504e-03 1.180742e-01 3.287746e-05 9.225333e-07 -1.015124e-05 7.931667e-05
11759.330291 7.686671e-01 -2.822906e-03 1.725144e-03 1.180148e-01 3.612184e-05 2.032451e-06 3.431428e-06 8.299087e-05
11761.518794 7.682379e-01 -2.815717e-03 1.722751e-03 1.175095e-01 3.414186e-05 4.696422e-06 1.287007e-05 8.250552e-05
11763.719488 7.700880e-01 -2.824959e-03 1.723823e-03 1.175300e-01 2.901740e-05 8.277228e-06 5.500676e-06 7.079187e-05
11765.932374 7.708454e-01 -2.832469e-03 1.789149e-03 1.168942e-01 3.934763e-05 1.082124e-05 9.559696e-06 8.382876e-05
11768.157453 7.693792e-01 -2.840829e-03 1.675754e-03 1.177915e-01 3.830013e-05 1.016061e-05 2.082787e-05 1.017052e-04
11770.394723 7.691553e-01 -2.849759e-03 1.737845e-03 1.175140e-01 4.307866e-05 5.466779e-06 1.347059e-05 9.140567e-05
11772.644185 7.696106e-01 -2.841033e-03 1.737370e-03 1.168759e-01 3.627373e-05 8.742642e-07 5.221692e-06 7.234164e-05
11774.905838 7.693115e-01 -2.843707e-03 1.703709e-03 1.172890e-01 3.992216e-05 -1.532074e-06 1.908730e-05 8.944729e-05
11777.179684 7.676739e-01 -2.821505e-03 1.775629e-03 1.168448e-01 4.465920e-05 -3.002310e-06 9.044614e-06 7.894189e-05
11779.465722 7.704438e-01 -2.816043e-03 1.731827e-03 1.176316e-01 4.255554e-05 6.714260e-06 9.168347e-06 9.153748e-05
11781.763952 7.680090e-01 -2.814897e-03 1.735232e-03 1.169456e-01 4.259150e-05 7.102510e-06 -2.781225e-07 8.677301e-05
11784.074373 7.680372e-01 -2.805763e-03 1.794152e-03 1.173886e-01 4.722616e-05 9.241510e-08 -4.485389e-06 8.134165e-05
11786.396987 7.674549e-01 -2.815051e-03 1.691713e-03 1.171827e-01 4.692668e-05 -3.181755e-06 8.805887e-06 1.011747e-04
11788.731792 7.676840e-01 -2.822438e-03 1.698200e-03 1.174929e-01 4.894565e-05 -1.789270e-06 4.999986e-06 9.661314e-05
11791.078789 7.664458e-01 -2.830935e-03 1.785314e-03 1.170581e-01 4.764957e-05 -1.243655e-06 -5.159294e-06 8.146373e-05
11793.437978 7.648554e-01 -2.809744e-03 1.814905e-03 1.163569e-01 4.632806e-05 -9.136074e-07 -1.811328e-05 8.925913e-05
11795.809359 7.617478e-01 -2.825068e-03 1.839867e-03 1.176377e-01 4.950704e-05 -1.183660e-08 -1.391664e-05 1.075788e-04
11798.192932 7.622457e-01 -2.813150e-03 1.732441e-03 1.164924e-01 4.759305e-05 3.937708e-06 -8.106698e-06 9.966994e-05
11800.588697 7.632412e-01 -2.824040e-03 1.757923e-03 1.174510e-01 4.013049e-05 -3.671443e-06 -9.362461e-06 8.615375e-05
11802.996654 7.637413e-01 -2.819836e-03 1.749374e-03 1.175444e-01 4.071942e-05 3.698455e-06 -9.883210e-06 8.422986e-05
11805.416803 7.626491e-01 -2.817477e-03 1.797561e-03 1.175147e-01 5.470703e-05 -9.404830e-07 -3.845907e-06 9.398780e-05
11807.849143 7.622319e-01 -2.812051e-03 1.762348e-03 1.182334e-01 5.856394e-05 -9.519362e-06 1.214498e-05 9.362275e-05
11810.293676 7.637264e-01 -2.821263e-03 1.771519e-03 1.182086e-01 5.361372e-05 -6.301984e-06 2.655130e-05 1.008532e-04
11812.750400 7.627298e-01 -2.833048e-03 1.744201e-03 1.180515e-01 4.752084e-05 -3.775000e-06 2.958135e-05 9.337029e-05
11815.219317 7.608868e-01 -2.824533e-03 1.748132e-03 1.181504e-01 5.480326e-05 3.372046e-06 2.411883e-05 9.066493e-05
11817.700425 7.629345e-01 -2.830924e-03 1.770373e-03 1.183978e-01 5.755949e-05 3.204494e-06 2.238016e-05 9.131975e-05
11820.193725 7.631903e-01 -2.817945e-03 1.716961e-03 1.183376e-01 5.638153e-05 4.552281e-06 1.595362e-05 8.314364e-05
11822.699217 7.624194e-01 -2.835264e-03 1.745387e-03 1.190230e-01 5.750067e-05 7.123142e-06 1.436806e-05 8.434208e-05
11825.216901 7.593526e-01 -2.820956e-03 1.690868e-03 1.177848e-01 6.137198e-05 1.370013e-05 2.052740e-05 8.852990e-05
11827.746777 7.598339e-01 -2.839222e-03 1.735033e-03 1.181167e-01 5.803494e-05 5.289994e-06 1.004639e-05 8.630395e-05
11830.288845 7.562655e-01 -2.860547e-03 1.714723e-03 1.170946e-01 5.985123e-05 -3.892721e-07 4.433082e-06 8.834267e-05
11832.843105 7.586263e-01 -2.834956e-03 1.798536e-03 1.177031e-01 5.540144e-05 8.014525e-06 1.292499e-05 9.576422e-05
11835.409556 7.581307e-01 -2.826431e-03 1.800241e-03 1.169017e-01 6.152420e-05 9.351776e-06 2.077086e-06 9.223422e-05
11837.988200 7.527944e-01 -2.821648e-03 1.791538e-03 1.167628e-01 6.763484e-05 7.585774e-06 9.911995e-06 9.651866e-05
11840.579035 7.545626e-01 -2.828012e-03 1.683349e-03 1.169518e-01 5.618995e-05 1.770196e-06 7.137485e-06 9.503130e-05
11843.182062 7.568497e-01 -2.810325e-03 1.708703e-03 1.161955e-01 5.064902e-05 -5.846667e-06 8.790902e-06 9.370032e-05
11845.797282 7.562029e-01 -2.810698e-03 1.752906e-03 1.166747e-01 5.308067e-05 -5.632098e-07 5.900211e-06 9.953562e-05
11848.424693 7.565249e-01 -2.819781e-03 1.763055e-03 1.167798e-01 5.813105e-05 1.115729e-06 7.277614e-06 1.137649e-04
11851.064296 7.545714e-01 -2.821403e-03 1.731406e-03 1.166815e-01 5.588362e-05 4.549240e-06 1.260539e-05 1.135943e-04
11853.716091 7.543111e-01 -2.823308e-03 1.697372e-03 1.164175e-01 6.070720e-05 -8.580358e-06 5.397223e-06 1.087259e-04
11856.380078 7.555708e-01 -2.833159e-03 1.731167e-03 1.172375e-01 5.473766e-05 -1.848871e-06 8.923398e-06 1.008904e-04
11859.056256 7.541507e-01 -2.843817e-03 1.726070e-03 1.168433e-01 4.866893e-05 -5.273054e-08 1.109778e-05 1.031529e-04
11861.744627 7.531444e-01 -2.845258e-03 1.743776e-03 1.173321e-01 4.609708e-05 -6.066924e-06 8.391161e-06 9.933289e-05
11864.445190 7.533806e-01 -2.811844e-03 1.721636e-03 1.168039e-01 4.650614e-05 -1.062865e-05 1.777007e-05 9.586218e-05
11867.157944 7.545909e-01 -2.818781e-03 1.739310e-03 1.180113e-01 4.629408e-05 -5.477107e-06 1.880178e-05 1.023653e-04
11869.882891 7.541045e-01 -2.820934e-03 1.751921e-03 1.177441e-01 5.233156e-05 4.400363e-06 1.866756e-05 1.051924e-04
11872.620029 7.544956e-01 -2.834242e-03 1.724816e-03 1.178729e-01 5.643424e-05 4.917505e-06 1.153844e-05 1.077870e-04
11875.369359 7.535328e-01 -2.831303e-03 1.702454e-03 1.186394e-01 5.000395e-05 6.539879e-06 -7.125793e-06 9.495250e-05
11878.130881 7.541092e-01 -2.830123e-03 1.675441e-03 1.183558e-01 6.097853e-05 2.130822e-06 -2.038404e-05 8.795027e-05
11880.904595 7.522207e-01 -2.841150e-03 1.734467e-03 1.190379e-01 7.588996e-05 4.776085e-06 -1.400333e-05 6.447314e-05
11883.690501 7.510742e-01 -2.831898e-03 1.681674e-03 1.190326e-01 6.673520e-05 5.392606e-06 -1.152565e-05 8.755211e-05
11886.488599 7.512068e-01 -2.821768e-03 1.732346e-03 1.190693e-01 5.214138e-05 -2.054238e-06 -1.020373e-05 9.974758e-05
11889.298889 7.503805e-01 -2.840450e-03 1.773720e-03 1.181774e-01 5.033836e-05 -1.376609e-06 -7.570974e-06 1.055177e-04
11892.121371 7.493918e-01 -2.853571e-03 1.716490e-03 1.179363e-01 4.818910e-05 8.783169e-07 -8.007614e-06 9.192158e-05
11894.956044 7.450493e-01 -2.837358e-03 1.826244e-03 1.174571e-01 4.911495e-05 -8.274237e-06 -4.313158e-06 9.694720e-05
11897.802910 7.415890e-01 -2.838626e-03 1.777451e-03 1.167639e-01 4.699679e-05 -1.159762e-05 -3.851177e-07 1.085686e-04
11900.661967 7.475127e-01 -2.827054e-03 1.737002e-03 1.170548e-01 4.437371e-05 -1.546066e-05 1.234101e-05 1.053964e-04
11903.533217 7.468793e-01 -2.830296e-03 1.731148e-03 1.174522e-01 4.691463e-05 -1.223503e-05 -1.731484e-05 9.322933e-05
11906.416658 7.471643e-01 -2.838100e-03 1.758376e-03 1.181679e-01 4.025891e-05 -1.145770e-05 -2.560473e-05 1.019412e-04
11909.312291 7.465227e-01 -2.839208e-03 1.781577e-03 1.178582e-01 4.508992e-05 -1.050935e-05 -3.092705e-06 1.043257e-04
11912.220116 7.459462e-01 -2.840226e-03 1.725027e-03 1.170897e-01 5.143602e-05 -1.352146e-05 1.585558e-05 1.079387e-04
11915.140133 7.464789e-01 -2.835152e-03 1.722199e-03 1.181124e-01 5.774132e-05 -1.033004e-05 1.269602e-05 1.027913e-04
11918.072342 7.451512e-01 -2.840237e-03 1.717975e-03 1.171742e-01 5.282492e-05 -1.748586e-05 -2.571174e-06 9.445181e-05
11921.016743 7.383739e-01 -2.823499e-03 1.741729e-03 1.168450e-01 5.438278e-05 -1.550714e-05 5.165059e-06 1.031222e-04
11923.973335 7.384201e-01 -2.846214e-03 1.748507e-03 1.168334e-01 6.158461e-05 -1.438486e-05 -5.153746e-06 7.969295e-05
11926.942120 7.431805e-01 -2.831574e-03 1.728006e-03 1.170525e-01 6.696793e-05 -2.554394e-05 -1.789430e-05 9.827445e-05
11929.923096 7.434909e-01 -2.819061e-03 1.712925e-03 1.172022e-01 6.206687e-05 -2.189905e-05 -1.163545e-05 1.052647e-04
11932.916265 7.419579e-01 -2.831104e-03 1.667172e-03 1.171554e-01 5.811052e-05 -1.971392e-05 -1.503805e-05 9.996186e-05
11935.921625 7.413712e-01 -2.816172e-03 1.706813e-03 1.177182e-01 5.113238e-05 -1.498869e-05 -2.296243e-05 8.711972e-05
11938.939177 7.420728e-01 -2.825486e-03 1.702077e-03 1.177180e-01 4.799920e-05 -9.460891e-06 -1.166426e-05 9.490430e-05
11941.968921 7.415250e-01 -2.840834e-03 1.661112e-03 1.171912e-01 5.574400e-05 -1.324659e-05 -1.214586e-05 9.733130e-05
11945.010858 7.404681e-01 -2.827498e-03 1.695031e-03 1.175298e-01 5.209872e-05 -1.347010e-05 -2.027250e-05 9.021158e-05
11948.064985 7.391808e-01 -2.836766e-03 1.738127e-03 1.179825e-01 4.584344e-05 -1.672772e-06 -2.085298e-05 7.706610e-05
11951.131305 7.393678e-01 -2.828833e-03 1.719488e-03 1.182207e-01 6.350682e-05 -9.441076e-06 -8.730385e-06 8.548853e-05
11954.209817 7.376855e-01 -2.840941e-03 1.762072e-03 1.179435e-01 5.418196e-05 -1.252292e-05 -1.080504e-06 8.365227e-05
11957.300521 7.383459e-01 -2.836718e-03 1.768280e-03 1.179206e-01 3.544179e-05 -1.137834e-05 7.516317e-06 8.569261e-05
11960.403416 7.388074e-01 -2.842934e-03 1.718257e-03 1.180972e-01 3.827670e-05 -1.436818e-05 -1.894312e-06 7.488949e-05
11963.518504 7.389011e-01 -2.824693e-03 1.688756e-03 1.181297e-01 4.300192e-05 -1.732997e-05 4.166890e-06 8.165154e-05
11966.645783 7.386909e-01 -2.834413e-03 1.709788e-03 1.177626e-01 4.503127e-05 -2.333339e-05 -4.066885e-06 8.473007e-05
11969.785255 7.369637e-01 -2.828778e-03 1.761251e-03 1.176048e-01 4.622144e-05 -2.365329e-05 -9.857221e-06 8.793336e-05
11972.936918 7.359558e-01 -2.827881e-03 1.736177e-03 1.183844e-01 4.759262e-05 -9.786739e-06 -5.912487e-06 8.559314e-05
11976.100773 7.362165e-01 -2.844016e-03 1.736718e-03 1.179370e-01 5.640774e-05 -1.214706e-05 -9.833989e-06 7.601520e-05
11979.276820 7.358401e-01 -2.828776e-03 1.696664e-03 1.179356e-01 4.322374e-05 -9.940603e-06 -8.598323e-06 7.853607e-05
11982.465059 7.348515e-01 -2.853044e-03 1.713370e-03 1.179043e-01 3.617783e-05 -1.852355e-05 -1.887313e-05 6.870942e-05
11985.665490 7.338480e-01 -2.824153e-03 1.719302e-03 1.175087e-01 4.346851e-05 -1.276688e-05 -1.978835e-05 6.424212e-05
11988.878112 7.338967e-01 -2.827672e-03 1.750498e-03 1.182907e-01 3.517084e-05 -1.383951e-05 -1.366531e-05 7.766220e-05
11992.102927 7.336288e-01 -2.812400e-03 1.720919e-03 1.168492e-01 3.805494e-05 -1.557674e-05 -8.970627e-06 7.643754e-05
11995.339934 7.331712e-01 -2.814161e-03 1.762975e-03 1.177337e-01 4.207049e-05 -1.919623e-05 -6.709576e-06 8.236521e-05
11998.589132 7.319574e-01 -2.824392e-03 1.707608e-03 1.181144e-01 4.809275e-05 -1.263368e-05 -1.190731e-05 8.283414e-05
12001.850523 7.310286e-01 -2.822055e-03 1.694631e-03 1.174841e-01 5.742133e-05 -2.195527e-05 -1.706288e-07 8.165754e-05
12005.124105 7.305155e-01 -2.823817e-03 1.761278e-03 1.179910e-01 5.792069e-05 -3.079432e-05 1.355525e-06 7.773126e-05
12008.409879 7.307646e-01 -2.839206e-03 1.750034e-03 1.181438e-01 5.407524e-05 -1.878050e-05 -1.243018e-05 6.715473e-05
12011.707845 7.296358e-01 -2.832773e-03 1.718969e-03 1.181959e-01 5.091086e-05 -4.102176e-06 -6.748098e-06 6.867371e-05
12015.018003 7.289387e-01 -2.821310e-03 1.705524e-03 1.178245e-01 5.573477e-05 -7.481920e-06 -7.047328e-06 7.266231e-05
12018.340353 7.285708e-01 -2.839851e-03 1.723806e-03 1.177877e-01 5.115659e-05 -1.299766e-05 -1.110780e-05 6.963278e-05
12021.674895 7.284759e-01 -2.828595e-03 1.714841e-03 1.174501e-01 5.861273e-05 -8.912382e-06 -2.038736e-05 6.424595e-05
12025.021629 7.273670e-01 -2.821283e-03 1.749219e-03 1.180529e-01 5.280839e-05 -5.205944e-06 -1.658683e-05 7.321021e-05
12028.380554 7.268141e-01 -2.822911e-03 1.761749e-03 1.167691e-01 5.404228e-05 -2.214347e-05 -6.938410e-06 6.536136e-05
12031.751672 7.258423e-01 -2.840865e-03 1.749748e-03 1.170317e-01 5.612439e-05 -1.071491e-05 2.144488e-06 7.789028e-05
12035.134982 7.259527e-01 -2.833540e-03 1.713932e-03 1.177954e-01 5.384550e-05 -3.348588e-06 -9.674228e-06 7.459212e-05
12038.530483 7.256241e-01 -2.820324e-03 1.750109e-03 1.174809e-01 5.515833e-05 -5.277997e-06 -1.780725e-05 7.059546e-05
12041.938176 7.247082e-01 -2.825354e-03 1.738850e-03 1.175747e-01 5.538676e-05 -1.348750e-05 -1.880223e-05 7.902717e-05
12045.358061 7.194498e-01 -2.817031e-03 1.770325e-03 1.171522e-01 5.867166e-05 -1.859986e-05 -1.041449e-05 8.676971e-05
12048.790139 7.135374e-01 -2.817608e-03 1.749716e-03 1.165068e-01 6.176791e-05 -1.655830e-05 -1.146949e-05 8.310152e-05
12052.234408 7.222299e-01 -2.837307e-03 1.790957e-03 1.192137e-01 6.891328e-05 -1.087102e-05 -2.400638e-05 8.105337e-05
12055.690868 7.229079e-01 -2.840467e-03 1.773569e-03 1.214578e-01 6.143572e-05 -5.495273e-06 -1.262799e-05 8.607329e-05
12059.159521 7.226813e-01 -2.818943e-03 1.784796e-03 1.252969e-01 5.831358e-05 -9.687164e-06 -2.606827e-05 8.210017e-05
12062.640366 7.219953e-01 -2.809688e-03 1.695090e-03 1.264355e-01 5.246970e-05 -1.532004e-05 -2.086068e-05 8.241348e-05
12066.133403 7.214579e-01 -2.822106e-03 1.694743e-03 1.233790e-01 5.503573e-05 -2.209003e-05 -6.575923e-06 7.644502e-05
12069.638631 7.207986e-01 -2.818440e-03 1.704963e-03 1.200727e-01 5.539794e-05 -2.219751e-05 -2.111234e-06 7.168361e-05
12073.156052 7.203459e-01 -2.819326e-03 1.741083e-03 1.186974e-01 5.560451e-05 -1.734895e-05 -1.371114e-05 7.408199e-05
12076.685664 7.195179e-01 -2.833896e-03 1.743973e-03 1.187575e-01 5.535753e-05 -1.298288e-05 -1.278504e-05 6.373032e-05
12080.227468 7.192302e-01 -2.823354e-03 1.744653e-03 1.195717e-01 6.204439e-05 -1.649981e-05 5.382699e-06 8.080383e-05
12083.781465 7.186499e-01 -2.820259e-03 1.791432e-03 1.194627e-01 6.161969e-05 -1.702521e-05 -1.346407e-05 8.070713e-05
12087.347653 7.180791e-01 -2.821265e-03 1.772101e-03 1.185373e-01 6.010748e-05 -2.044061e-05 -1.473069e-05 8.370073e-05
12090.926033 7.173110e-01 -2.823358e-03 1.720523e-03 1.180640e-01 5.079766e-05 -2.397054e-05 -1.541786e-05 8.008145e-05
12094.516605 7.161848e-01 -2.806107e-03 1.755763e-03 1.169265e-01 4.261074e-05 -1.543620e-05 -3.378771e-06 6.864147e-05
12098.119369 7.148701e-01 -2.819278e-03 1.781711e-03 1.177484e-01 5.568486e-05 -1.620707e-05 -5.850070e-06 8.751511e-05
12101.734324 7.155858e-01 -2.820100e-03 1.787899e-03 1.172631e-01 5.758767e-05 -1.921826e-05 -1.563324e-05 8.926924e-05
12105.361472 7.148102e-01 -2.827345e-03 1.733411e-03 1.174287e-01 4.911087e-05 -1.859084e-05 -2.280783e-06 9.488595e-05
12109.000811 7.143853e-01 -2.824756e-03 1.745792e-03 1.176338e-01 5.352773e-05 -2.758796e-05 -4.737567e-06 8.344086e-05
12112.652343 7.133702e-01 -2.811039e-03 1.779974e-03 1.174967e-01 5.348093e-05 -2.770224e-05 3.437430e-06 8.663825e-05
12116.316066 7.121259e-01 -2.821635e-03 1.758775e-03 1.184068e-01 5.420856e-05 -2.995248e-05 1.224542e-06 8.204729e-05
12119.991982 7.112502e-01 -2.810053e-03 1.783217e-03 1.176811e-01 4.965054e-05 -2.420189e-05 6.471633e-06 8.145835e-05
12123.680089 7.118514e-01 -2.822918e-03 1.769415e-03 1.175181e-01 4.405477e-05 -2.072573e-05 -1.674300e-06 7.809874e-05
12127.380388 7.102556e-01 -2.818675e-03 1.735026e-03 1.172981e-01 4.813438e-05 -2.032233e-05 1.264844e-08 6.378509e-05
12131.092879 7.102876e-01 -2.805420e-03 1.781234e-03 1.176129e-01 5.295055e-05 -2.235983e-05 -5.173847e-06 7.794035e-05
12134.817562 7.098253e-01 -2.818413e-03 1.774807e-03 1.178042e-01 4.820574e-05 -3.057495e-05 -5.769323e-06 7.685270e-05
12138.554437 7.086204e-01 -2.803481e-03 1.770831e-03 1.189338e-01 3.837494e-05 -2.547621e-05 4.446238e-06 7.380755e-05
12142.303503 7.087973e-01 -2.816533e-03 1.775032e-03 1.252887e-01 3.820644e-05 -1.766162e-05 1.002165e-05 7.988519e-05
12146.064762 7.079210e-01 -2.833684e-03 1.724444e-03 1.296494e-01 3.794510e-05 -1.892677e-05 4.538996e-06 7.712014e-05
12149.838213 7.080936e-01 -2.819256e-03 1.780880e-03 1.281021e-01 4.108470e-05 -2.553516e-05 6.543335e-06 7.848421e-05
12153.623855 7.077206e-01 -2.813232e-03 1.802238e-03 1.223087e-01 3.951045e-05 -2.675344e-05 8.608289e-06 7.335608e-05
12157.421689 7.065431e-01 -2.825368e-03 1.767955e-03 1.184740e-01 3.679775e-05 -2.500391e-05 2.627390e-06 7.166293e-05
12161.231716 7.057813e-01 -2.825973e-03 1.765468e-03 1.174697e-01 3.530617e-05 -2.719643e-05 7.247383e-06 7.558495e-05
12165.053934 7.052822e-01 -2.840811e-03 1.720625e-03 1.178803e-01 4.574995e-05 -2.600902e-05 1.879446e-05 7.322566e-05
12168.888344 7.042002e-01 -2.839353e-03 1.728394e-03 1.173143e-01 5.265393e-05 -2.622079e-05 1.908475e-05 7.797634e-05
12172.734946 7.024014e-01 -2.814122e-03 1.737352e-03 1.167882e-01 5.654874e-05 -1.660406e-05 1.012456e-05 8.101177e-05
12176.593740 7.018570e-01 -2.834761e-03 1.796478e-03 1.176323e-01 6.260841e-05 -2.024717e-05 8.134779e-06 7.191016e-05
12180.464726 7.033235e-01 -2.823684e-03 1.803243e-03 1.177816e-01 5.455501e-05 -3.161228e-05 6.338084e-06 6.814635e-05
12184.347903 7.024284e-01 -2.812567e-03 1.779854e-03 1.174206e-01 4.728649e-05 -2.842062e-05 1.847348e-05 7.308230e-05
12188.243273 7.016865e-01 -2.823685e-03 1.700861e-03 1.184067e-01 4.143158e-05 -2.343638e-05 3.847553e-06 8.586340e-05
12192.150835 7.004436e-01 -2.839269e-03 1.725138e-03 1.188665e-01 3.300299e-05 -2.335543e-05 -1.830823e-05 8.404276e-05
12196.070588 6.995877e-01 -2.850641e-03 1.734390e-03 1.180136e-01 3.579837e-05 -1.959672e-05 -9.316918e-06 9.021309e-05
12200.002533 6.976213e-01 -2.847659e-03 1.733583e-03 1.171805e-01 3.972059e-05 -2.463858e-05 -4.073373e-06 7.408379e-05
12203.946671 6.967912e-01 -2.827671e-03 1.759098e-03 1.171948e-01 4.306665e-05 -3.010582e-05 5.738512e-06 8.514226e-05
12207.903000 6.981243e-01 -2.854693e-03 1.718501e-03 1.174203e-01 4.274688e-05 -2.539247e-05 9.187134e-06 9.201581e-05
12211.871521 6.979429e-01 -2.847683e-03 1.726964e-03 1.174683e-01 3.950933e-05 -2.411488e-05 1.486542e-05 9.039059e-05
12215.852234 6.974502e-01 -2.841930e-03 1.709331e-03 1.178991e-01 3.813473e-05 -2.730218e-05 1.464663e-05 9.074563e-05
12219.845139 6.967756e-01 -2.823586e-03 1.706486e-03 1.176747e-01 3.988185e-05 -2.705047e-05 1.443899e-05 9.121932e-05
12223.850236 6.955691e-01 -2.831648e-03 1.725480e-03 1.174171e-01 3.392079e-05 -1.691179e-05 1.482683e-05 8.510237e-05
12227.867524 6.932531e-01 -2.843418e-03 1.746999e-03 1.173440e-01 3.336914e-05 -2.291024e-05 5.829407e-06 8.084377e-05
12231.897005 6.937556e-01 -2.849798e-03 1.748272e-03 1.181276e-01 3.532548e-05 -2.058302e-05 1.596076e-05 8.802657e-05
12235.938678 6.935804e-01 -2.832616e-03 1.762111e-03 1.174934e-01 3.604904e-05 -1.367344e-05 1.036660e-05 7.651131e-05
12239.992542 6.928591e-01 -2.826125e-03 1.744215e-03 1.173543e-01 4.382315e-05 -1.390659e-05 1.223837e-05 8.216546e-05
12244.058598 6.922730e-01 -2.830629e-03 1.774002e-03 1.168925e-01 4.118011e-05 -1.023784e-05 1.180454e-05 8.135581e-05
12248.136847 6.919063e-01 -2.843158e-03 1.738401e-03 1.171734e-01 4.231359e-05 -1.164259e-05 1.024077e-05 8.555883e-05
12252.227287 6.867439e-01 -2.845637e-03 1.676272e-03 1.166725e-01 5.196328e-05 -1.691891e-05 1.908058e-06 9.592131e-05
12256.329919 6.745646e-01 -2.840930e-03 1.711040e-03 1.148857e-01 5.170856e-05 -2.354548e-05 1.307366e-06 9.258847e-05
12260.444743 6.854903e-01 -2.836464e-03 1.767555e-03 1.162842e-01 3.904891e-05 -2.315929e-05 -4.543859e-06 7.448789e-05
12264.571759 6.871232e-01 -2.834093e-03 1.786395e-03 1.161412e-01 4.531761e-05 -1.339247e-05 -5.638548e-06 7.938351e-05
12268.710967 6.870359e-01 -2.845632e-03 1.793899e-03 1.165017e-01 4.219348e-05 -2.068420e-05 -2.861142e-06 9.391266e-05
12272.862366 6.872227e-01 -2.834319e-03 1.752767e-03 1.168643e-01 4.389267e-05 -1.162413e-05 8.697645e-06 8.568519e-05
12277.025958 6.871753e-01 -2.841044e-03 1.739000e-03 1.176515e-01 3.974450e-05 -9.298024e-06 2.376447e-05 9.053624e-05
12281.201742 6.861746e-01 -2.841574e-03 1.728692e-03 1.189741e-01 4.679550e-05 -2.414946e-06 7.770274e-06 9.579928e-05
12285.389717 6.840968e-01 -2.826838e-03 1.703147e-03 1.186325e-01 4.858770e-05 1.034971e-06 7.994247e-06 7.251055e-05
12289.589884 6.827276e-01 -2.829424e-03 1.731513e-03 1.174101e-01 5.106055e-05 1.161332e-05 1.177654e-05 7.622028e-05
12293.802244 6.828241e-01 -2.829554e-03 1.758693e-03 1.169738e-01 3.978960e-05 1.524909e-05 2.096573e-05 9.055586e-05
12298.026795 6.703100e-01 -2.824971e-03 1.738875e-03 1.152753e-01 3.713060e-05 1.099872e-05 1.236364e-05 8.337085e-05
12302.263538 6.742811e-01 -2.831377e-03 1.761022e-03 1.158966e-01 5.257332e-05 9.521956e-06 6.499135e-06 8.320815e-05
12306.512473 6.807380e-01 -2.840013e-03 1.773565e-03 1.166207e-01 5.766247e-05 7.288483e-06 -2.359502e-06 7.872023e-05
12310.773600 6.811632e-01 -2.829086e-03 1.729193e-03 1.175027e-01 5.318464e-05 5.794266e-06 6.789611e-06 8.472227e-05
12315.046919 6.808114e-01 -2.821635e-03 1.769762e-03 1.175404e-01 5.267345e-05 3.236027e-06 5.746908e-06 9.013172e-05
12319.332429 6.801288e-01 -2.837615e-03 1.768061e-03 1.171074e-01 5.197240e-05 -5.819970e-06 9.702373e-06 8.324483e-05
12323.630132 6.790215e-01 -2.827653e-03 1.757770e-03 1.166569e-01 4.743558e-05 1.600428e-06 -1.611492e-07 8.988051e-05
12327.940026 6.789743e-01 -2.846750e-03 1.752487e-03 1.174109e-01 4.133768e-05 -9.101287e-06 2.863936e-06 8.786036e-05
12332.262113 6.789564e-01 -2.839265e-03 1.799834e-03 1.169558e-01 4.036239e-05 -1.618626e-05 -7.107470e-07 7.092652e-05
12336.596391 6.779167e-01 -2.836238e-03 1.756849e-03 1.170691e-01 3.807416e-05 -9.272756e-06 9.417685e-07 7.218208e-05
12340.942861 6.774733e-01 -2.845831e-03 1.702277e-03 1.167654e-01 4.216011e-05 -9.601305e-06 -1.594098e-05 7.508878e-05
12345.301524 6.766719e-01 -2.837369e-03 1.759703e-03 1.175908e-01 3.387694e-05 -1.709993e-05 -5.357090e-06 9.164581e-05
12349.672378 6.758043e-01 -2.838690e-03 1.743022e-03 1.179774e-01 3.901920e-05 -2.212018e-05 -1.374461e-05 8.659734e-05
12354.055424 6.741325e-01 -2.851583e-03 1.751448e-03 1.172803e-01 4.236525e-05 -2.136636e-05 -6.206593e-07 8.568540e-05
12358.450662 6.741447e-01 -2.834563e-03 1.783102e-03 1.178042e-01 5.518183e-05 -2.474465e-05 3.392622e-06 9.084973e-05
12362.858091 6.732569e-01 -2.835841e-03 1.726805e-03 1.174586e-01 4.288539e-05 -2.335964e-05 -1.967380e-05 7.344101e-05
12367.277713 6.718304e-01 -2.818998e-03 1.728286e-03 1.165370e-01 4.455506e-05 -2.306613e-05 -2.577744e-05 8.424249e-05
12371.709527 6.723907e-01 -2.831435e-03 1.727699e-03 1.167558e-01 4.676428e-05 -1.727475e-05 -6.395926e-06 8.388583e-05
12376.153532 6.717453e-01 -2.834762e-03 1.752753e-03 1.168788e-01 4.310270e-05 -1.815317e-05 -2.485305e-05 7.069899e-05
12380.609730 6.709982e-01 -2.828539e-03 1.746901e-03 1.170633e-01 5.572240e-05 -2.343050e-05 -1.616263e-05 7.424393e-05
12385.078119 6.699627e-01 -2.843715e-03 1.715006e-03 1.169316e-01 4.687111e-05 -3.381846e-05 -1.749612e-05 6.699322e-05
12389.558700 6.688536e-01 -2.840007e-03 1.743029e-03 1.164630e-01 4.695210e-05 -2.832708e-05 -1.884861e-06 7.786726e-05
12394.051473 6.681144e-01 -2.842914e-03 1.746776e-03 1.166544e-01 4.325705e-05 -3.264731e-05 2.300600e-06 7.455481e-05
12398.556438 6.676438e-01 -2.843764e-03 1.764644e-03 1.165483e-01 3.966831e-05 -2.734384e-05 6.559186e-06 7.747102e-05
12403.073595 6.671126e-01 -2.843214e-03 1.741874e-03 1.166973e-01 3.881516e-05 -2.424293e-05 1.256794e-05 8.413806e-05
12407.602944 6.671253e-01 -2.833748e-03 1.754080e-03 1.166198e-01 4.397949e-05 -3.350045e-05 1.357871e-05 8.718994e-05
12412.144485 6.657504e-01 -2.834943e-03 1.707155e-03 1.165107e-01 4.349309e-05 -3.148087e-05 1.488534e-05 7.852000e-05
12416.698218 6.633161e-01 -2.838652e-03 1.739986e-03 1.166459e-01 5.083680e-05 -2.935015e-05 9.821156e-06 6.903585e-05
12421.264142 6.606269e-01 -2.842586e-03 1.782905e-03 1.178462e-01 5.842600e-05 -3.171323e-05 6.232010e-06 8.118671e-05
12425.842259 6.621631e-01 -2.818279e-03 1.780917e-03 1.179987e-01 4.808130e-05 -2.917841e-05 5.548518e-06 8.741690e-05
12430.432567 6.629895e-01 -2.820647e-03 1.753404e-03 1.174804e-01 4.759320e-05 -2.572810e-05 3.036530e-07 9.010270e-05
12435.035068 6.620352e-01 -2.829680e-03 1.746685e-03 1.168447e-01 4.410055e-05 -2.620957e-05 5.433113e-06 8.846112e-05
12439.649760 6.611604e-01 -2.840663e-03 1.734402e-03 1.166694e-01 4.938878e-05 -2.633335e-05 2.269513e-06 7.891428e-05
12444.276644 6.598347e-01 -2.833738e-03 1.757392e-03 1.167769e-01 4.791362e-05 -2.375042e-05 4.338297e-06 7.141227e-05
12448.915720 6.585011e-01 -2.832406e-03 1.799363e-03 1.168166e-01 3.845637e-05 -2.380645e-05 9.552352e-06 7.766971e-05
12453.566988 6.592863e-01 -2.830555e-03 1.795483e-03 1.167221e-01 3.856191e-05 -2.276664e-05 4.873591e-06 8.892537e-05
12458.230448 6.588173e-01 -2.817346e-03 1.705052e-03 1.170514e-01 4.175052e-05 -2.625266e-05 -1.270742e-06 9.412223e-05
12462.906100 6.579916e-01 -2.824127e-03 1.734403e-03 1.169242e-01 3.496295e-05 -2.685860e-05 -4.119030e-06 9.009780e-05
12467.593943 6.575863e-01 -2.816075e-03 1.768446e-03 1.164829e-01 4.502508e-05 -2.970775e-05 -3.123283e-06 9.606872e-05
12472.293979 6.561579e-01 -2.812824e-03 1.734340e-03 1.168203e-01 4.479310e-05 -2.639056e-05 3.010072e-06 9.482229e-05
12477.006206 6.557367e-01 -2.825207e-03 1.758387e-03 1.165886e-01 4.529124e-05 -3.029768e-05 7.517136e-06 8.986116e-05
12481.730626 6.558986e-01 -2.835246e-03 1.732186e-03 1.170597e-01 4.690483e-05 -1.872301e-05 4.073118e-06 8.627195e-05
12486.467237 6.551085e-01 -2.824370e-03 1.728932e-03 1.170874e-01 5.287178e-05 -1.555351e-05 -3.297200e-06 9.158012e-05
12491.216040 6.543172e-01 -2.817982e-03 1.727472e-03 1.165556e-01 5.174513e-05 -2.198724e-05 -1.090532e-05 8.382172e-05
12495.977036 6.526544e-01 -2.825038e-03 1.734475e-03 1.166842e-01 5.084514e-05 -2.500753e-05 -9.403615e-06 8.842273e-05
12500.750223 6.496256e-01 -2.820806e-03 1.748771e-03 1.164924e-01 5.026760e-05 -2.547809e-05 -9.040627e-06 7.952780e-05
12505.535602 6.513621e-01 -2.833304e-03 1.698331e-03 1.159168e-01 4.426100e-05 -3.058019e-05 2.267101e-06 8.030052e-05
12510.333172 6.521437e-01 -2.835239e-03 1.711810e-03 1.163748e-01 4.513966e-05 -2.242483e-05 -6.091132e-07 8.258549e-05
12515.142935 6.512448e-01 -2.830439e-03 1.739213e-03 1.165424e-01 5.315134e-05 -2.865241e-05 -4.132054e-06 9.149882e-05
12519.964890 6.505929e-01 -2.827585e-03 1.709065e-03 1.165175e-01 5.814947e-05 -2.585247e-05 -1.162055e-05 9.184735e-05
12524.799037 6.500079e-01 -2.823204e-03 1.723735e-03 1.165641e-01 5.453406e-05 -3.024515e-05 -2.363471e-06 9.391547e-05
12529.645375 6.435492e-01 -2.779938e-03 1.755113e-03 1.158569e-01 4.082808e-05 -3.291267e-05 1.652796e-06 1.040184e-04
12534.503905 3.322234e-01 -1.447575e-03 8.841242e-04 5.976484e-02 1.674169e-05 -1.528180e-05 9.811676e-07 5.164211e-05
12539.374628 6.477746e-03 -2.839633e-05 1.691519e-05 1.165709e-03 2.899955e-07 -2.461682e-07 1.198196e-09 1.016007e-06
