# Facility: NSLS-II
# Beamline: QAS
# Year: 2023
# Cycle: 3
# SAF: 312215
# PI: Reece
# Proposal: 313586
# Scan ID: 271120
# UID: 1917342f-5317-45c9-b79e-d1b75613e5d4
# Comment: 
# Start time: 10/18/2023  19:53:56
# Stop time: 10/18/2023  19:54:27
# Total time: 00:31
# Trajectory name: Pt-L3-30s-11564.txt
# Element: Platinum ( 78)
# Edge: L3
# E0: 11564
# Reference Foil Element: Pt
# Keithley Gains I0: 1E6 V/A It: 1E6 V/A Iref: 1E7 V/A PIPS: 1E8 V/A 
# Ion Chamber Gas Flow Rates: I0: 0.00 sccm He + 189.60 sccm N2 + 9.80 sccm Ar 
# Ion Chamber Gas Flow Rates: It&Iref: 39.70 sccm N2 + 60.10 sccm Ar
# Incident Beam Path Vertical: 31.75 mm
# Incident Slits Positions B: TOP: 2.0 mm Bottom: 1.0 mm Inboard: 0.57675 mm Outboard: 1.57675 mm
# Sample Stage Positions: Rotation: 35.0 deg Horizontal: -10.11 mm Vertical: 15.39 mm Beam Direction: 0.00 mm
# PerkinElmer Vertical Position: 500.00 mm
# Linkam Oven Temperature : 3.03 C and Ramp Rate: 20.00 C/min.
# Front End Mirror Horizontal Positions: Up: -14.00 mm Down: -14.00 mm
#
# energy  i0  it  ir  iff  aux1  aux2  aux3  aux4
11380.596982 4.196817e-01 -1.424738e-03 8.938042e-04 2.745229e-02 2.081796e-05 -1.041891e-05 1.018254e-05 6.208356e-05
11385.596982 8.246786e-01 -2.818478e-03 1.762946e-03 5.414143e-02 4.614294e-05 -1.688645e-05 1.574221e-05 1.239477e-04
11390.596982 8.313140e-01 -2.840533e-03 1.778573e-03 5.442671e-02 4.311939e-05 -2.072540e-05 1.677117e-05 1.185092e-04
11395.596982 8.379877e-01 -2.840364e-03 1.790290e-03 5.466220e-02 4.536544e-05 -2.355431e-05 1.172929e-05 1.075447e-04
11400.596982 8.366317e-01 -2.837750e-03 1.805990e-03 5.446369e-02 4.040314e-05 -1.243974e-05 1.663752e-05 1.139398e-04
11405.596982 8.349966e-01 -2.846748e-03 1.769812e-03 5.461591e-02 4.806775e-05 -1.799595e-05 2.178099e-05 1.184461e-04
11410.596982 8.319838e-01 -2.851192e-03 1.768340e-03 5.466914e-02 5.102468e-05 -1.119148e-05 2.360012e-05 1.213796e-04
11415.596982 8.235464e-01 -2.853343e-03 1.783575e-03 5.459050e-02 5.633752e-05 2.204378e-06 2.294424e-05 1.140914e-04
11420.596982 8.233083e-01 -2.840196e-03 1.762323e-03 5.445372e-02 5.786323e-05 -1.920620e-05 2.129120e-05 1.132264e-04
11425.596982 8.312674e-01 -2.842046e-03 1.782061e-03 5.515546e-02 4.992256e-05 -2.502656e-05 2.247432e-05 1.096047e-04
11430.596982 8.326368e-01 -2.848263e-03 1.778842e-03 5.515834e-02 5.811499e-05 -2.393122e-05 2.309531e-05 1.117892e-04
11435.596982 8.310046e-01 -2.843828e-03 1.789113e-03 5.540402e-02 5.104485e-05 -2.305932e-05 1.522498e-05 1.197631e-04
11440.596982 8.294468e-01 -2.848567e-03 1.774404e-03 5.508582e-02 4.324878e-05 -1.663845e-05 1.660768e-05 1.182793e-04
11445.596982 8.279660e-01 -2.849607e-03 1.784404e-03 5.534735e-02 5.563083e-05 -1.563005e-05 1.244490e-05 1.132681e-04
11450.596982 8.266386e-01 -2.854630e-03 1.779229e-03 5.542383e-02 5.083782e-05 -2.178845e-05 2.809813e-05 1.076264e-04
11455.596982 8.258276e-01 -2.856020e-03 1.783122e-03 5.538062e-02 4.641474e-05 -9.075959e-06 2.916870e-05 1.058869e-04
11460.596982 8.253520e-01 -2.839532e-03 1.836462e-03 5.539879e-02 4.996275e-05 -1.025123e-05 1.902572e-05 1.040718e-04
11465.596982 8.241246e-01 -2.850890e-03 1.801600e-03 5.555250e-02 4.636899e-05 -1.443551e-05 3.083260e-05 1.062447e-04
11470.596982 8.236804e-01 -2.855189e-03 1.751975e-03 5.578997e-02 5.595380e-05 -1.002661e-05 3.073108e-05 9.795994e-05
11475.596982 8.225648e-01 -2.858401e-03 1.782695e-03 5.575176e-02 5.469317e-05 -9.016685e-06 1.906195e-05 1.043474e-04
11480.596982 8.210726e-01 -2.861111e-03 1.767479e-03 5.562034e-02 5.594631e-05 -8.851522e-06 2.946005e-05 1.094331e-04
11485.596982 8.201154e-01 -2.862471e-03 1.827370e-03 5.567405e-02 5.319679e-05 -1.332541e-05 3.199594e-05 1.188072e-04
11490.596982 8.191844e-01 -2.867751e-03 1.760482e-03 5.601940e-02 5.047113e-05 -1.743694e-05 2.539126e-05 1.109456e-04
11495.596982 8.183173e-01 -2.858413e-03 1.765265e-03 5.622774e-02 3.694519e-05 -1.022330e-05 2.867980e-05 1.088857e-04
11500.596982 8.175709e-01 -2.859002e-03 1.767817e-03 5.629072e-02 4.072008e-05 -1.001500e-05 2.973634e-05 1.057271e-04
11505.596982 8.167994e-01 -2.849516e-03 1.773977e-03 5.668739e-02 4.515706e-05 -7.992110e-06 2.106612e-05 1.051342e-04
11510.596982 8.159836e-01 -2.839176e-03 1.740490e-03 5.693954e-02 4.713087e-05 -9.968895e-06 2.463602e-05 1.137765e-04
11515.596982 8.150034e-01 -2.848890e-03 1.740830e-03 5.686734e-02 4.329889e-05 -7.855205e-06 2.045555e-05 1.172551e-04
11520.596982 8.139795e-01 -2.847149e-03 1.757110e-03 5.698963e-02 4.093077e-05 -1.005919e-05 2.262179e-05 1.071481e-04
11525.596982 8.133420e-01 -2.834657e-03 1.772754e-03 5.733454e-02 4.180555e-05 -1.249605e-05 2.459252e-05 1.100226e-04
11530.596982 8.124498e-01 -2.841795e-03 1.739090e-03 5.749359e-02 4.600577e-05 -1.546030e-05 2.515747e-05 1.010080e-04
11534.000000 8.119974e-01 -2.838004e-03 1.701410e-03 5.770073e-02 4.602330e-05 -1.647042e-05 3.282638e-05 1.000217e-04
11535.000000 8.127777e-01 -2.853641e-03 1.744791e-03 5.723427e-02 4.148502e-05 -2.359040e-05 3.546942e-05 9.792711e-05
11536.000000 8.109506e-01 -2.857459e-03 1.767414e-03 5.779766e-02 4.737976e-05 -2.363826e-05 2.415893e-05 1.023635e-04
11537.000000 8.114224e-01 -2.832138e-03 1.720963e-03 5.792516e-02 5.390417e-05 -2.462148e-05 2.319947e-05 1.135823e-04
11538.000000 8.118900e-01 -2.850391e-03 1.715436e-03 5.880606e-02 6.213322e-05 -1.193686e-05 1.099174e-05 1.171259e-04
11539.000000 8.115898e-01 -2.834467e-03 1.812529e-03 5.843645e-02 5.816644e-05 -1.826478e-05 1.634802e-05 1.083461e-04
11540.000000 8.110904e-01 -2.870560e-03 1.887213e-03 5.869937e-02 4.930819e-05 -2.490102e-05 2.992023e-05 1.147698e-04
11541.000000 8.090883e-01 -2.865171e-03 1.790379e-03 5.783131e-02 4.794116e-05 -2.552563e-05 1.290152e-05 9.958481e-05
11541.200000 8.123858e-01 -2.959739e-03 1.842638e-03 5.998441e-02 5.807038e-05 -1.754898e-05 2.985491e-06 1.013774e-04
11541.400000 8.096911e-01 -2.750068e-03 1.823288e-03 5.707125e-02 5.769113e-05 -2.095834e-05 -1.086358e-06 9.538907e-05
11541.600000 8.128980e-01 -2.862392e-03 1.501958e-03 6.042819e-02 3.896584e-05 -1.343397e-05 1.099549e-05 1.102457e-04
11541.800000 8.070850e-01 -2.779991e-03 1.877313e-03 5.940644e-02 4.317091e-05 -1.042051e-05 5.100754e-06 1.154386e-04
11542.000000 8.127076e-01 -2.740721e-03 1.967729e-03 5.763735e-02 4.369330e-05 -1.938631e-05 1.217460e-05 1.041677e-04
11542.200000 8.125856e-01 -2.896470e-03 1.774245e-03 5.932526e-02 5.927753e-05 -1.837760e-05 6.501131e-06 1.070243e-04
11542.400000 8.144425e-01 -2.769495e-03 1.581166e-03 5.996022e-02 4.231473e-05 -1.612587e-05 7.599539e-06 1.083139e-04
11542.600000 8.083403e-01 -2.890172e-03 1.837041e-03 5.890801e-02 5.713495e-05 -1.132122e-05 -3.124172e-06 1.087051e-04
11542.800000 8.113963e-01 -2.813529e-03 1.506524e-03 5.882755e-02 4.676307e-05 -9.970428e-06 4.744684e-06 1.015236e-04
11543.000000 8.096502e-01 -2.834418e-03 1.705158e-03 5.859741e-02 4.755367e-05 -5.882954e-06 2.754367e-05 1.131373e-04
11543.200000 8.110702e-01 -2.914803e-03 1.728654e-03 5.914443e-02 5.254642e-05 -1.187025e-05 2.735755e-05 1.157486e-04
11543.400000 8.072759e-01 -2.728553e-03 1.982986e-03 5.938788e-02 5.058576e-05 -1.264550e-05 8.230302e-06 1.107893e-04
11543.600000 8.110124e-01 -2.915405e-03 1.841188e-03 5.983346e-02 6.024806e-05 -7.718563e-06 1.167309e-08 1.089913e-04
11543.800000 8.125444e-01 -2.782776e-03 1.854315e-03 5.802582e-02 4.592663e-05 -8.608341e-06 5.447698e-06 1.149641e-04
11544.000000 8.100005e-01 -2.890362e-03 1.747273e-03 5.999675e-02 5.670580e-05 -1.789897e-05 -1.575457e-05 9.146983e-05
11544.200000 8.072581e-01 -2.876612e-03 1.529805e-03 5.807399e-02 4.402949e-05 -2.906143e-05 -4.029730e-06 1.071920e-04
11544.400000 8.093756e-01 -2.833148e-03 1.998182e-03 6.106481e-02 3.919167e-05 -2.684137e-05 9.517405e-06 1.178521e-04
11544.600000 8.108419e-01 -2.926527e-03 1.863268e-03 6.133673e-02 4.703763e-05 -1.695236e-05 -6.539236e-06 1.097770e-04
11544.800000 8.102101e-01 -2.768079e-03 1.929307e-03 5.616038e-02 3.300275e-05 -1.587868e-05 9.438651e-06 1.122837e-04
11545.000000 8.114461e-01 -2.917181e-03 1.925519e-03 5.782847e-02 4.781973e-05 -3.540761e-06 7.097213e-06 1.178381e-04
11545.200000 8.057631e-01 -2.735959e-03 1.747325e-03 5.991559e-02 2.972813e-05 7.994563e-07 1.727486e-05 9.361190e-05
11545.400000 8.102244e-01 -2.929059e-03 1.576965e-03 6.162137e-02 3.451285e-05 -6.248752e-06 1.779805e-05 7.479091e-05
11545.600000 8.151631e-01 -2.857743e-03 1.709119e-03 6.086574e-02 3.451216e-05 -6.963199e-07 8.573320e-06 1.109632e-04
11545.800000 8.066542e-01 -2.819191e-03 1.842065e-03 5.868605e-02 3.805312e-05 -3.631602e-06 2.469795e-06 1.116632e-04
11546.000000 8.065479e-01 -2.857136e-03 1.757942e-03 5.969457e-02 3.693863e-05 -4.345198e-06 5.681856e-06 1.050021e-04
11546.200000 8.121376e-01 -2.769294e-03 1.836937e-03 5.907938e-02 2.415962e-05 -4.478491e-06 8.223740e-06 1.027917e-04
11546.400000 8.040858e-01 -2.928635e-03 1.711452e-03 5.873525e-02 4.672124e-05 -5.359476e-06 -1.267268e-05 9.861664e-05
11546.600000 8.101718e-01 -2.722403e-03 1.918164e-03 6.093531e-02 4.242595e-05 -2.933519e-06 -1.717221e-05 9.435728e-05
11546.800000 8.109264e-01 -2.915651e-03 1.835896e-03 6.090985e-02 5.148721e-05 -1.044548e-05 -8.853992e-06 9.009782e-05
11547.000000 8.036110e-01 -2.789219e-03 1.700803e-03 5.918562e-02 4.576399e-05 -1.616155e-05 -5.300043e-06 8.569939e-05
11547.200000 8.081732e-01 -2.849356e-03 1.637900e-03 6.223973e-02 4.997951e-05 -1.724012e-05 2.431142e-06 8.962263e-05
11547.400000 8.124625e-01 -2.888418e-03 1.728378e-03 6.196015e-02 5.197984e-05 -9.800469e-06 -1.137530e-06 9.151073e-05
11547.600000 8.125131e-01 -2.808547e-03 1.860633e-03 6.178602e-02 5.002674e-05 -6.605635e-06 7.026206e-06 9.980159e-05
11547.800000 8.087314e-01 -2.895844e-03 1.678365e-03 5.864027e-02 6.004799e-05 -1.371026e-05 1.719830e-05 1.084716e-04
11548.000000 8.069184e-01 -2.741671e-03 1.575390e-03 6.001998e-02 4.451238e-05 -7.984686e-06 5.982362e-07 1.007219e-04
11548.200000 8.080482e-01 -2.926576e-03 1.640674e-03 5.870649e-02 5.738235e-05 -6.759792e-06 6.317014e-06 1.023112e-04
11548.400000 8.121549e-01 -2.779833e-03 1.640535e-03 6.087076e-02 4.627622e-05 -1.150322e-05 7.030890e-06 9.849017e-05
11548.600000 8.086274e-01 -2.926849e-03 1.989385e-03 6.062326e-02 5.025836e-05 -6.291635e-06 -4.559800e-06 9.749167e-05
11548.800000 8.068505e-01 -2.767257e-03 1.811097e-03 6.015843e-02 4.748436e-05 -1.104650e-05 5.163115e-06 1.148512e-04
11549.000000 8.102506e-01 -2.874152e-03 1.776455e-03 5.990086e-02 6.785940e-05 -2.181216e-05 1.481466e-05 1.095529e-04
11549.200000 8.055265e-01 -2.808687e-03 1.753976e-03 6.027256e-02 6.341428e-05 -1.770460e-05 1.336090e-06 1.118672e-04
11549.400000 8.139891e-01 -2.841121e-03 1.663125e-03 6.192821e-02 6.987480e-05 -1.686729e-05 -4.737644e-06 1.163888e-04
11549.600000 8.050044e-01 -2.811422e-03 1.492033e-03 6.105841e-02 6.469021e-05 -1.762527e-05 -4.657150e-06 1.110636e-04
11549.800000 8.015731e-01 -2.782885e-03 1.879006e-03 6.108982e-02 5.258023e-05 -1.673929e-05 -3.333914e-06 1.057647e-04
11550.000000 8.115971e-01 -2.934786e-03 1.648591e-03 6.098666e-02 5.664132e-05 -1.800126e-05 -1.305674e-06 1.034699e-04
11550.200000 8.103537e-01 -2.793689e-03 1.608507e-03 6.098462e-02 4.333890e-05 -2.168850e-05 -1.964674e-06 1.151100e-04
11550.400000 8.111063e-01 -2.947497e-03 1.799938e-03 5.969344e-02 5.594072e-05 -1.406485e-05 -2.718863e-06 1.127003e-04
11550.600000 8.079370e-01 -2.734605e-03 1.912608e-03 6.058631e-02 4.493994e-05 -9.494456e-06 -8.904869e-06 1.140152e-04
11550.800000 8.086942e-01 -2.896171e-03 1.715282e-03 6.202501e-02 5.406334e-05 -7.088866e-06 -7.237185e-06 1.167242e-04
11551.000000 8.091255e-01 -2.782382e-03 1.639725e-03 6.198209e-02 4.885309e-05 -1.167377e-05 5.025586e-06 1.162069e-04
11551.200000 8.090958e-01 -2.924705e-03 1.766377e-03 6.188387e-02 5.396337e-05 -6.120091e-06 1.197816e-05 1.032884e-04
11551.400000 8.101718e-01 -2.784945e-03 1.666398e-03 6.273836e-02 4.176384e-05 -6.869942e-06 -4.514225e-07 1.024228e-04
11551.600000 8.091069e-01 -2.892514e-03 1.766106e-03 6.053166e-02 5.615856e-05 -2.240921e-05 2.321435e-05 1.037573e-04
11551.800000 8.053354e-01 -2.722996e-03 1.668314e-03 6.291600e-02 3.829251e-05 -2.294488e-05 1.897425e-05 9.819811e-05
11552.000000 8.074427e-01 -2.903645e-03 1.577509e-03 6.373991e-02 4.304285e-05 -2.779734e-05 1.893880e-05 1.011606e-04
11552.200000 8.112577e-01 -2.780500e-03 1.889931e-03 6.156803e-02 3.945686e-05 -2.982816e-05 3.407636e-05 9.614644e-05
11552.400000 8.142574e-01 -2.925737e-03 2.017335e-03 6.085718e-02 5.354236e-05 -2.508888e-05 3.127802e-05 1.001504e-04
11552.600000 7.991288e-01 -2.750994e-03 1.779552e-03 6.150433e-02 5.925665e-05 -1.974506e-05 1.320920e-05 8.816595e-05
11552.800000 8.134844e-01 -2.903007e-03 1.701619e-03 6.155908e-02 5.813813e-05 -2.565475e-05 3.175390e-07 7.840442e-05
11553.000000 8.101814e-01 -2.808066e-03 1.634951e-03 6.222192e-02 4.951122e-05 -2.253483e-05 1.116032e-05 9.487967e-05
11553.200000 8.022392e-01 -2.818095e-03 1.499152e-03 6.187259e-02 6.236267e-05 -1.870610e-05 1.082631e-05 9.369837e-05
11553.400000 8.095745e-01 -2.816882e-03 1.817633e-03 6.396528e-02 5.436160e-05 -1.190198e-05 1.588564e-05 1.030936e-04
11553.600000 8.132148e-01 -2.912587e-03 1.639531e-03 6.331003e-02 6.287765e-05 5.197559e-06 3.344685e-05 1.197860e-04
11553.800000 8.031905e-01 -2.790201e-03 1.620591e-03 6.151681e-02 5.793088e-05 -4.198267e-06 3.380547e-05 1.194720e-04
11554.000000 8.098961e-01 -2.906439e-03 1.698972e-03 6.312745e-02 6.892426e-05 -6.223482e-06 4.113213e-05 1.150629e-04
11554.200000 8.075346e-01 -2.813912e-03 1.866868e-03 6.265818e-02 6.485310e-05 -3.796645e-06 3.563130e-05 1.156893e-04
11554.400000 8.124027e-01 -2.932315e-03 1.660735e-03 6.523358e-02 6.836402e-05 -3.113315e-06 2.271826e-05 1.075745e-04
11554.600000 8.129717e-01 -2.805899e-03 1.766199e-03 6.439485e-02 5.277246e-05 -3.866799e-06 2.294140e-05 1.059843e-04
11554.800000 8.032306e-01 -2.869632e-03 1.633039e-03 6.358051e-02 4.943592e-05 -2.811426e-06 2.253588e-05 9.979212e-05
11555.000000 8.108144e-01 -2.783325e-03 1.674706e-03 6.408019e-02 5.426571e-05 -1.496614e-06 1.285906e-05 9.413740e-05
11555.200000 8.093279e-01 -2.923299e-03 1.736607e-03 6.608005e-02 5.900111e-05 -6.803199e-06 5.205268e-06 1.021871e-04
11555.400000 8.013325e-01 -2.778849e-03 1.552332e-03 6.404697e-02 4.751649e-05 -1.082187e-05 -2.310973e-06 1.033908e-04
11555.600000 8.098813e-01 -2.896875e-03 1.497343e-03 6.557642e-02 5.878503e-05 -1.704411e-05 1.096824e-05 1.026936e-04
11555.800000 8.051800e-01 -2.784974e-03 1.814047e-03 6.228288e-02 5.283555e-05 -1.122295e-05 1.710229e-05 8.760637e-05
11556.000000 8.146481e-01 -2.879778e-03 1.759417e-03 6.549092e-02 6.322322e-05 -5.958451e-06 2.234681e-05 1.000098e-04
11556.200000 8.055282e-01 -2.810948e-03 2.037556e-03 6.496553e-02 6.477957e-05 -6.875063e-06 1.789659e-05 1.062298e-04
11556.400000 8.091951e-01 -2.888622e-03 1.657959e-03 6.776544e-02 7.184365e-05 -9.514190e-06 1.847045e-05 1.136927e-04
11556.600000 8.078756e-01 -2.784021e-03 1.893098e-03 6.582391e-02 6.120279e-05 -2.197771e-05 6.273172e-06 1.087563e-04
11556.800000 8.096128e-01 -2.877173e-03 1.718527e-03 6.810321e-02 6.780245e-05 -1.266882e-05 1.429144e-05 1.139611e-04
11557.000000 8.072072e-01 -2.794006e-03 1.775940e-03 6.624754e-02 6.280969e-05 -5.686917e-06 6.554546e-06 1.132581e-04
11557.200000 8.059613e-01 -2.847201e-03 1.846784e-03 6.679757e-02 6.504750e-05 -6.057088e-06 2.383056e-05 1.186366e-04
11557.400000 8.067282e-01 -2.855707e-03 1.892579e-03 6.720031e-02 6.206384e-05 -9.490456e-06 3.058876e-05 1.163972e-04
11557.600000 8.075492e-01 -2.845141e-03 1.953508e-03 6.762836e-02 5.865465e-05 -1.396124e-05 2.255406e-05 1.196524e-04
11557.800000 8.108000e-01 -2.884999e-03 1.694812e-03 6.702664e-02 6.285174e-05 -2.611600e-05 1.952532e-05 1.212990e-04
11558.000000 8.025160e-01 -2.812934e-03 1.884674e-03 6.888380e-02 5.732149e-05 -2.554749e-05 2.960971e-05 1.165374e-04
11558.200000 8.090773e-01 -2.886796e-03 1.843560e-03 7.112293e-02 6.588696e-05 -2.278369e-05 3.950709e-05 1.136764e-04
11558.400000 8.029316e-01 -2.734439e-03 1.765910e-03 6.835488e-02 5.183715e-05 -2.633342e-05 2.793067e-05 9.415135e-05
11558.600000 8.100139e-01 -2.914647e-03 1.784096e-03 7.048325e-02 6.548557e-05 -3.085693e-05 1.328151e-05 9.489064e-05
11558.800000 8.101815e-01 -2.812757e-03 1.911538e-03 7.080503e-02 6.380648e-05 -3.794290e-05 1.605859e-05 9.458464e-05
11559.000000 8.037522e-01 -2.841142e-03 1.838419e-03 7.313984e-02 5.949434e-05 -3.626398e-05 6.868657e-06 9.623595e-05
11559.200000 8.132115e-01 -2.792053e-03 1.573494e-03 7.453966e-02 4.949776e-05 -2.897119e-05 9.638182e-06 1.005744e-04
11559.400000 8.065036e-01 -2.884292e-03 1.678778e-03 7.201689e-02 6.478292e-05 -2.248476e-05 6.284045e-06 9.356643e-05
11559.600000 8.120363e-01 -2.849372e-03 1.662727e-03 7.278158e-02 7.295653e-05 -2.553648e-05 4.695964e-06 1.036570e-04
11559.800000 8.052939e-01 -2.830681e-03 1.431011e-03 7.346261e-02 8.132699e-05 -3.155546e-05 7.595987e-06 9.542637e-05
11560.000000 8.132211e-01 -2.886080e-03 1.770619e-03 7.446925e-02 7.750910e-05 -3.097610e-05 1.318947e-05 1.039928e-04
11560.200000 8.029869e-01 -2.790161e-03 1.860823e-03 7.405347e-02 6.511355e-05 -3.193057e-05 4.600999e-06 1.070609e-04
11560.400000 8.090105e-01 -2.891306e-03 1.621711e-03 7.960044e-02 7.277099e-05 -2.491108e-05 9.959582e-07 1.105493e-04
11560.600000 8.000925e-01 -2.811828e-03 1.696867e-03 7.771688e-02 7.123171e-05 -2.066271e-05 1.188497e-05 1.053469e-04
11560.800000 8.089720e-01 -2.848100e-03 1.868766e-03 7.878477e-02 7.409283e-05 -3.413579e-05 1.115377e-05 9.945314e-05
11561.000000 8.056309e-01 -2.874845e-03 1.707707e-03 7.922869e-02 7.214275e-05 -3.030293e-05 -9.205925e-07 1.033712e-04
11561.200000 8.080544e-01 -2.800341e-03 1.934099e-03 8.099114e-02 6.538739e-05 -2.355710e-05 -6.308007e-06 1.136356e-04
11561.400000 8.131690e-01 -2.857959e-03 1.865522e-03 8.297242e-02 5.298640e-05 -1.830340e-05 -7.125051e-06 1.148016e-04
11561.600000 8.018556e-01 -2.849613e-03 1.932388e-03 8.308150e-02 5.460628e-05 -1.431414e-05 -7.230517e-06 9.970471e-05
11561.800000 8.115864e-01 -2.825377e-03 1.842925e-03 8.752520e-02 5.177607e-05 -8.853362e-06 4.824233e-06 1.025948e-04
11562.000000 8.059058e-01 -2.834912e-03 1.745759e-03 8.770532e-02 4.729561e-05 -1.587836e-05 4.718351e-06 1.058104e-04
11562.200000 8.104226e-01 -2.862020e-03 1.840391e-03 9.144939e-02 4.159605e-05 -1.523216e-05 -1.076378e-06 1.068071e-04
11562.400000 8.060539e-01 -2.818575e-03 1.878825e-03 9.261009e-02 4.177171e-05 -1.473832e-05 3.898026e-06 1.021875e-04
11562.600000 8.094336e-01 -2.900481e-03 1.747074e-03 9.469093e-02 5.850795e-05 -1.023094e-05 6.720433e-06 1.095048e-04
11562.800000 8.086671e-01 -2.859411e-03 1.732255e-03 9.683655e-02 6.364414e-05 -5.349757e-06 -7.773324e-06 1.176959e-04
11563.000000 8.083625e-01 -2.825048e-03 1.737453e-03 9.885976e-02 5.261209e-05 -1.681313e-05 -1.964465e-08 1.066175e-04
11563.200000 8.087455e-01 -2.867293e-03 1.781257e-03 1.019249e-01 5.711816e-05 -9.432199e-06 -7.634332e-06 9.564736e-05
11563.400000 8.075242e-01 -2.879469e-03 1.767725e-03 1.045788e-01 5.854976e-05 -1.026176e-05 -8.785737e-06 9.762950e-05
11563.600000 8.089121e-01 -2.866091e-03 1.724407e-03 1.082801e-01 6.372059e-05 -1.721760e-06 -2.474296e-05 9.272624e-05
11563.800000 8.070299e-01 -2.827999e-03 1.943918e-03 1.108626e-01 6.471868e-05 -4.874066e-06 -2.085956e-05 9.933588e-05
11564.000000 8.048636e-01 -2.872921e-03 1.768955e-03 1.143334e-01 6.046008e-05 -1.615684e-05 -1.642329e-05 8.880413e-05
11564.200000 8.062561e-01 -2.877188e-03 1.805015e-03 1.190438e-01 6.016437e-05 4.074673e-06 -1.673387e-05 1.137475e-04
11564.400000 8.049413e-01 -2.855441e-03 1.853443e-03 1.213997e-01 5.521350e-05 6.953085e-06 -8.606808e-06 1.170039e-04
11564.600000 8.069090e-01 -2.870297e-03 1.843352e-03 1.249689e-01 5.897369e-05 6.382961e-06 -1.184029e-05 1.166556e-04
11564.800000 8.084828e-01 -2.853322e-03 1.726160e-03 1.291783e-01 4.911092e-05 -3.123855e-06 -2.178720e-05 1.123676e-04
11565.000000 8.084577e-01 -2.837271e-03 1.748570e-03 1.341400e-01 5.093899e-05 -7.631495e-06 -2.705070e-05 1.049740e-04
11565.200000 8.045353e-01 -2.798457e-03 1.827175e-03 1.365608e-01 4.928715e-05 -1.426460e-05 -2.061673e-05 1.106244e-04
11565.400000 8.117405e-01 -2.853198e-03 1.730936e-03 1.388132e-01 5.356582e-05 -2.093490e-05 -1.547366e-07 1.148906e-04
11565.600000 8.068588e-01 -2.851817e-03 1.692203e-03 1.395241e-01 5.607011e-05 -2.395525e-05 -7.634727e-07 1.075564e-04
11565.800000 8.065409e-01 -2.828563e-03 1.721672e-03 1.447180e-01 5.782679e-05 -1.680741e-05 1.707494e-06 1.168470e-04
11566.000000 8.071192e-01 -2.839619e-03 1.870516e-03 1.481211e-01 5.521454e-05 -2.418498e-05 -1.150687e-05 1.166381e-04
11566.200000 8.089453e-01 -2.841535e-03 1.773770e-03 1.481404e-01 6.357252e-05 -1.927718e-05 -1.192606e-05 1.234555e-04
11566.400000 8.067418e-01 -2.857442e-03 1.729790e-03 1.509467e-01 7.218632e-05 -1.948036e-05 -2.746005e-05 1.093678e-04
11566.600000 8.037095e-01 -2.875168e-03 1.864611e-03 1.534253e-01 6.923231e-05 -1.862003e-05 -1.024138e-05 1.181083e-04
11566.800000 8.085446e-01 -2.864047e-03 1.786871e-03 1.538675e-01 6.103411e-05 -2.245194e-05 6.562959e-07 1.140890e-04
11567.000000 8.067929e-01 -2.848651e-03 1.818468e-03 1.548146e-01 5.664160e-05 -1.937037e-05 1.373180e-06 1.222122e-04
11567.200000 8.071814e-01 -2.845703e-03 1.868265e-03 1.549433e-01 5.576320e-05 -2.178381e-05 -5.011206e-06 1.247220e-04
11567.400000 8.074616e-01 -2.849615e-03 1.805602e-03 1.565219e-01 4.936246e-05 -2.522952e-05 -3.207072e-06 1.251217e-04
11567.600000 8.074203e-01 -2.864536e-03 1.834731e-03 1.551411e-01 5.487743e-05 -1.808200e-05 -1.090848e-05 1.213799e-04
11567.800000 8.074473e-01 -2.861933e-03 1.767786e-03 1.550024e-01 5.799559e-05 -1.622736e-05 -3.843711e-06 1.240503e-04
11568.000000 8.073374e-01 -2.834873e-03 1.699976e-03 1.534624e-01 5.713648e-05 -1.773875e-05 5.513211e-06 1.261561e-04
11568.200000 8.080965e-01 -2.827219e-03 1.979333e-03 1.543375e-01 5.315127e-05 -1.365215e-05 -1.926802e-05 1.185789e-04
11568.400000 8.064689e-01 -2.840226e-03 1.889819e-03 1.528023e-01 5.417886e-05 -8.013795e-06 -2.739933e-05 1.234634e-04
11568.600000 8.096165e-01 -2.854438e-03 1.883359e-03 1.522604e-01 5.644194e-05 -1.921262e-05 -2.328687e-05 1.103751e-04
11568.800000 8.082339e-01 -2.817807e-03 1.957901e-03 1.503923e-01 5.304168e-05 -2.776095e-05 -1.490516e-05 1.158860e-04
11569.000000 8.056981e-01 -2.851907e-03 1.976948e-03 1.480170e-01 6.117791e-05 -1.942252e-05 -4.965562e-06 1.186946e-04
11569.200000 8.075222e-01 -2.869985e-03 1.673361e-03 1.462071e-01 6.611101e-05 -2.057637e-05 -1.224624e-06 1.157064e-04
11569.400000 8.070700e-01 -2.857048e-03 1.716683e-03 1.443855e-01 6.051786e-05 -2.173336e-05 3.942480e-06 1.288050e-04
11569.600000 8.070683e-01 -2.870763e-03 1.603532e-03 1.432897e-01 5.385970e-05 -1.903605e-05 4.535684e-06 1.185316e-04
11569.800000 8.023442e-01 -2.913159e-03 1.916707e-03 1.386055e-01 5.979869e-05 -1.957517e-05 -1.511461e-05 1.090131e-04
11570.000000 8.070547e-01 -2.858225e-03 1.884309e-03 1.397370e-01 5.757002e-05 -2.151951e-05 -9.590968e-06 1.269269e-04
11570.200000 8.065290e-01 -2.844233e-03 1.824668e-03 1.379193e-01 6.283465e-05 -2.080643e-05 -2.187428e-05 1.108782e-04
11570.400000 8.086678e-01 -2.838902e-03 1.841088e-03 1.356426e-01 6.375521e-05 -1.983467e-05 -1.328049e-05 1.218920e-04
11570.600000 8.036104e-01 -2.832627e-03 1.875543e-03 1.342805e-01 5.663829e-05 -1.275919e-05 -4.627788e-07 1.174819e-04
11570.800000 8.037655e-01 -2.846012e-03 1.708440e-03 1.312166e-01 5.798181e-05 -9.186755e-06 7.160204e-06 1.150069e-04
11571.000000 8.062165e-01 -2.864932e-03 1.633059e-03 1.300552e-01 5.598660e-05 -7.401892e-06 -6.957732e-07 1.256387e-04
11571.200000 8.066096e-01 -2.874510e-03 1.774423e-03 1.290309e-01 5.128664e-05 -1.985952e-05 6.786872e-06 1.231381e-04
11571.400000 8.065886e-01 -2.853944e-03 1.691095e-03 1.285538e-01 4.256869e-05 -1.969886e-05 6.020320e-06 1.135908e-04
11571.600000 8.067813e-01 -2.856290e-03 1.608645e-03 1.271534e-01 3.971921e-05 -2.585820e-05 -3.810652e-06 1.142650e-04
11571.800000 8.041198e-01 -2.854841e-03 1.791507e-03 1.255340e-01 4.660369e-05 -3.135008e-05 1.864677e-06 1.171230e-04
11572.000000 8.083972e-01 -2.891689e-03 1.817906e-03 1.252036e-01 5.013669e-05 -3.112328e-05 1.444490e-05 1.269242e-04
11572.200000 8.075271e-01 -2.875688e-03 1.811644e-03 1.239887e-01 5.730771e-05 -2.532774e-05 -2.447791e-06 1.287525e-04
11572.400000 8.031051e-01 -2.822784e-03 1.843997e-03 1.229730e-01 7.031506e-05 -2.798311e-05 2.058947e-05 1.356111e-04
11572.600000 8.070381e-01 -2.828029e-03 1.844023e-03 1.230856e-01 5.845134e-05 -2.761471e-05 3.354515e-05 1.423464e-04
11572.800000 8.068367e-01 -2.820080e-03 1.759909e-03 1.219836e-01 5.384854e-05 -1.880936e-05 5.694743e-07 1.256658e-04
11573.000000 8.066272e-01 -2.824301e-03 1.833323e-03 1.212399e-01 4.753898e-05 -1.073558e-05 -6.205934e-06 1.264282e-04
11573.200000 8.045449e-01 -2.869522e-03 1.726131e-03 1.197590e-01 5.443849e-05 -1.134109e-05 7.954578e-06 1.270061e-04
11573.400000 8.058805e-01 -2.816100e-03 1.846646e-03 1.195360e-01 5.954935e-05 -2.266341e-05 3.567700e-06 1.145960e-04
11573.600000 8.081142e-01 -2.858835e-03 1.774901e-03 1.189049e-01 5.478421e-05 -1.213267e-05 5.450966e-07 1.188661e-04
11573.800000 8.023717e-01 -2.859519e-03 1.788760e-03 1.178927e-01 5.704145e-05 -2.301407e-05 8.050332e-07 1.085101e-04
11574.000000 8.074597e-01 -2.813484e-03 1.719618e-03 1.182983e-01 5.217615e-05 -2.231558e-05 1.522226e-05 1.176885e-04
11574.200000 8.058638e-01 -2.833543e-03 1.694290e-03 1.169383e-01 4.689294e-05 -2.588767e-05 -3.487125e-07 1.084978e-04
11574.400000 8.059780e-01 -2.867259e-03 1.733019e-03 1.162830e-01 5.642821e-05 -3.223154e-05 -1.921588e-07 1.070778e-04
11574.600000 8.061023e-01 -2.848250e-03 1.787394e-03 1.166203e-01 4.336141e-05 -3.262315e-05 1.457529e-05 1.094264e-04
11574.800000 8.062865e-01 -2.851318e-03 1.860231e-03 1.163548e-01 3.832883e-05 -3.169231e-05 5.083243e-06 1.014709e-04
11575.000000 8.055609e-01 -2.858803e-03 1.903445e-03 1.160725e-01 4.077950e-05 -1.854663e-05 1.680755e-06 1.114971e-04
11575.200000 8.056258e-01 -2.847849e-03 1.871113e-03 1.162142e-01 3.481809e-05 -2.194249e-05 4.342790e-06 1.071387e-04
11575.400000 8.059818e-01 -2.835658e-03 1.727321e-03 1.155240e-01 3.056306e-05 -1.555286e-05 2.090176e-06 1.064029e-04
11575.600000 8.048819e-01 -2.789164e-03 1.762799e-03 1.146534e-01 2.327021e-05 -1.041222e-05 1.364925e-06 1.084375e-04
11575.800000 8.065944e-01 -2.899054e-03 1.873386e-03 1.148599e-01 3.722667e-05 -1.210717e-05 1.027935e-05 1.079093e-04
11576.000000 8.051377e-01 -2.844953e-03 1.763793e-03 1.154226e-01 3.794083e-05 -1.186931e-05 1.367304e-05 1.071742e-04
11576.200000 8.059986e-01 -2.883031e-03 1.875500e-03 1.138727e-01 3.996924e-05 -2.092072e-05 1.699279e-05 1.165309e-04
11576.400000 8.056372e-01 -2.926403e-03 1.845868e-03 1.139108e-01 5.621389e-05 -2.436022e-05 1.816200e-05 1.242423e-04
11576.600000 8.055213e-01 -2.902723e-03 1.806661e-03 1.142900e-01 5.252514e-05 -2.684419e-05 8.191483e-06 1.078866e-04
11576.800000 8.059795e-01 -2.910673e-03 1.954911e-03 1.145291e-01 3.413998e-05 -2.649622e-05 3.365183e-06 1.040435e-04
11577.000000 8.048655e-01 -2.866199e-03 1.863950e-03 1.146853e-01 3.340969e-05 -2.425497e-05 1.783329e-05 1.093539e-04
11577.200000 8.067620e-01 -2.859046e-03 1.865916e-03 1.145135e-01 3.441879e-05 -3.379832e-05 1.352507e-05 1.029723e-04
11577.400000 8.028364e-01 -2.890674e-03 1.773130e-03 1.132161e-01 4.316132e-05 -2.505521e-05 1.777832e-05 1.085179e-04
11577.600000 8.069304e-01 -2.873457e-03 1.848881e-03 1.144146e-01 4.564599e-05 -2.095032e-05 8.387194e-06 1.120794e-04
11577.800000 8.042608e-01 -2.860757e-03 1.693737e-03 1.151534e-01 5.320186e-05 -1.216310e-05 1.275216e-05 1.121475e-04
11578.000000 8.061836e-01 -2.872796e-03 1.776756e-03 1.157715e-01 4.724745e-05 -6.975974e-06 1.016500e-05 9.715275e-05
11578.200000 8.047143e-01 -2.885770e-03 1.703801e-03 1.144819e-01 4.414843e-05 -1.062847e-05 3.036679e-05 9.322924e-05
11578.400000 8.054294e-01 -2.868463e-03 1.816473e-03 1.143709e-01 4.525368e-05 -2.127627e-05 2.892129e-05 9.386034e-05
11578.600000 8.051750e-01 -2.858496e-03 1.782594e-03 1.142908e-01 4.853047e-05 -1.410937e-05 1.286522e-05 9.318299e-05
11578.800000 8.053258e-01 -2.868725e-03 1.764761e-03 1.148114e-01 5.363867e-05 -1.861707e-05 1.825881e-05 1.046544e-04
11579.000000 8.048660e-01 -2.872339e-03 1.762307e-03 1.139973e-01 4.617285e-05 -2.276350e-05 2.022921e-05 1.000124e-04
11579.200000 8.074818e-01 -2.846951e-03 1.770201e-03 1.148977e-01 3.965936e-05 -2.275921e-05 2.330186e-05 9.520535e-05
11579.400000 8.036814e-01 -2.834918e-03 1.923576e-03 1.140829e-01 4.961780e-05 -2.588839e-05 3.113225e-05 1.039216e-04
11579.600000 8.053381e-01 -2.834874e-03 2.091253e-03 1.144846e-01 4.862342e-05 -2.755985e-05 1.821724e-05 1.115778e-04
11579.800000 8.046511e-01 -2.839151e-03 1.954284e-03 1.143975e-01 5.850111e-05 -1.687668e-05 2.171014e-05 1.022221e-04
11580.000000 8.058403e-01 -2.861828e-03 1.750185e-03 1.148560e-01 5.826294e-05 -2.013572e-05 2.726949e-05 9.413124e-05
11580.200000 8.036112e-01 -2.843363e-03 1.908650e-03 1.165970e-01 5.169793e-05 -2.565734e-05 1.886300e-05 1.022997e-04
11580.400000 8.064615e-01 -2.845150e-03 1.789546e-03 1.157029e-01 5.810266e-05 -2.794035e-05 1.752708e-05 9.916767e-05
11580.600000 8.053700e-01 -2.925213e-03 1.906985e-03 1.153717e-01 6.205434e-05 -2.944560e-05 8.163841e-06 1.090954e-04
11580.800000 8.044451e-01 -2.898891e-03 1.890229e-03 1.159715e-01 5.156034e-05 -2.238196e-05 1.425134e-05 1.043524e-04
11581.000000 8.065442e-01 -2.890343e-03 1.650349e-03 1.151966e-01 4.068108e-05 -2.034509e-05 1.186192e-05 1.075762e-04
11581.200000 8.052861e-01 -2.871180e-03 1.806461e-03 1.160263e-01 3.102167e-05 -1.821610e-05 1.347389e-05 1.123601e-04
11581.400000 8.057555e-01 -2.872363e-03 1.767213e-03 1.166111e-01 3.114136e-05 -2.520761e-05 1.541269e-05 1.116362e-04
11581.600000 8.056292e-01 -2.896527e-03 1.850989e-03 1.162144e-01 4.703086e-05 -3.120030e-05 2.988801e-05 1.028529e-04
11581.800000 8.055688e-01 -2.903244e-03 1.821658e-03 1.160000e-01 5.083212e-05 -2.944981e-05 1.453260e-05 1.009901e-04
11582.000000 8.041897e-01 -2.865192e-03 1.737968e-03 1.152998e-01 4.682484e-05 -3.219882e-05 2.046669e-06 9.445850e-05
11582.200000 8.047425e-01 -2.840245e-03 1.651339e-03 1.160776e-01 3.776426e-05 -3.308537e-05 4.376101e-06 1.091397e-04
11582.400000 8.046195e-01 -2.874582e-03 1.877361e-03 1.163559e-01 4.378965e-05 -2.839770e-05 3.031874e-07 1.135778e-04
11582.600000 8.055764e-01 -2.822402e-03 1.917582e-03 1.167445e-01 5.374995e-05 -2.098172e-05 1.893773e-05 1.162770e-04
11582.800000 8.033560e-01 -2.836378e-03 1.803852e-03 1.164470e-01 5.670593e-05 -2.810662e-05 2.064541e-05 1.222544e-04
11583.000000 8.061302e-01 -2.861567e-03 1.913446e-03 1.168152e-01 4.588099e-05 -2.357421e-05 2.129676e-05 1.251763e-04
11583.200000 8.043174e-01 -2.847528e-03 1.706042e-03 1.162433e-01 4.080121e-05 -3.135938e-05 2.041873e-05 1.171737e-04
11583.400000 8.042872e-01 -2.849607e-03 1.749178e-03 1.153412e-01 3.459167e-05 -3.416377e-05 1.109926e-05 1.122703e-04
11583.600000 8.052729e-01 -2.825268e-03 1.818568e-03 1.155976e-01 3.249642e-05 -2.622849e-05 1.540049e-05 1.046902e-04
11583.800000 8.039010e-01 -2.815732e-03 1.708695e-03 1.172060e-01 3.695346e-05 -1.859169e-05 1.382941e-05 1.143580e-04
11584.000000 8.046511e-01 -2.829542e-03 1.802176e-03 1.156043e-01 4.752117e-05 -2.197431e-05 4.290406e-06 1.187487e-04
11584.200000 8.033265e-01 -2.853079e-03 1.707770e-03 1.168110e-01 4.568119e-05 -1.971827e-05 1.066267e-05 1.248369e-04
11584.400000 8.043608e-01 -2.862379e-03 1.665757e-03 1.170814e-01 3.753370e-05 -1.647680e-05 1.347205e-05 1.227119e-04
11584.600000 8.035630e-01 -2.862519e-03 1.520752e-03 1.165050e-01 3.642172e-05 -1.933010e-05 -1.924400e-06 1.239902e-04
11584.800000 8.049756e-01 -2.855740e-03 1.612210e-03 1.159446e-01 3.911142e-05 -2.449748e-05 -3.290631e-06 1.064379e-04
11585.000000 8.030511e-01 -2.888931e-03 1.707913e-03 1.155150e-01 3.085182e-05 -2.556942e-05 -4.204907e-06 1.083526e-04
11585.200000 8.053216e-01 -2.853259e-03 1.880583e-03 1.167933e-01 4.114488e-05 -2.662525e-05 5.071101e-06 1.000968e-04
11585.400000 8.042464e-01 -2.821687e-03 1.813877e-03 1.169354e-01 4.983135e-05 -2.507248e-05 7.013595e-06 9.675884e-05
11585.600000 8.042728e-01 -2.828606e-03 1.802020e-03 1.158545e-01 4.002224e-05 -1.857282e-05 2.492234e-05 9.879487e-05
11585.800000 8.034350e-01 -2.881422e-03 1.883108e-03 1.168442e-01 4.317143e-05 -2.781376e-05 2.753122e-05 1.122554e-04
11586.000000 8.029967e-01 -2.858874e-03 1.799733e-03 1.164554e-01 4.706283e-05 -3.131303e-05 2.094965e-05 1.092790e-04
11586.200000 8.064380e-01 -2.894907e-03 1.894277e-03 1.178762e-01 4.137208e-05 -3.186169e-05 1.983537e-05 1.071812e-04
11586.400000 8.056600e-01 -2.882214e-03 1.845099e-03 1.178885e-01 5.171393e-05 -1.981636e-05 7.573752e-06 9.549171e-05
11586.600000 8.000830e-01 -2.841903e-03 1.884115e-03 1.172650e-01 6.147247e-05 -1.834311e-05 -1.502467e-05 8.066467e-05
11586.800000 8.049409e-01 -2.848485e-03 1.801728e-03 1.179776e-01 5.390529e-05 -2.149050e-05 -2.226098e-05 9.026069e-05
11587.000000 8.044795e-01 -2.809451e-03 1.851352e-03 1.167439e-01 5.125934e-05 -2.267948e-05 -1.691457e-05 9.122819e-05
11587.200000 8.034580e-01 -2.860317e-03 1.931696e-03 1.173768e-01 4.387188e-05 -1.896988e-05 -6.222080e-06 9.697314e-05
11587.400000 8.050310e-01 -2.881153e-03 1.803130e-03 1.171930e-01 4.629541e-05 -9.862916e-06 -2.734836e-06 1.017662e-04
11587.600000 8.054082e-01 -2.913238e-03 1.711241e-03 1.174854e-01 5.221119e-05 -4.832694e-06 -7.313386e-06 1.031986e-04
11587.800000 7.995510e-01 -2.855569e-03 1.615129e-03 1.164334e-01 4.103789e-05 -5.753306e-06 4.691868e-06 1.074042e-04
11588.000000 8.026064e-01 -2.835780e-03 1.783488e-03 1.180362e-01 4.897502e-05 -7.861343e-06 4.455183e-06 1.156872e-04
11588.200000 8.054851e-01 -2.886671e-03 1.652356e-03 1.180119e-01 5.201423e-05 -1.254426e-05 -2.958481e-06 1.098976e-04
11588.400000 8.015403e-01 -2.868496e-03 1.781468e-03 1.171282e-01 4.722855e-05 -1.384848e-05 6.100706e-06 1.064116e-04
11588.600000 8.058048e-01 -2.813537e-03 1.775357e-03 1.165237e-01 3.183837e-05 -1.978794e-05 7.512247e-06 9.271503e-05
11588.800000 7.973559e-01 -2.818057e-03 1.783270e-03 1.162104e-01 2.868365e-05 -1.710138e-05 1.118730e-05 9.342160e-05
11589.000000 8.053269e-01 -2.907829e-03 1.632953e-03 1.174188e-01 4.324579e-05 -1.658986e-05 4.486679e-07 9.251678e-05
11589.200000 8.014290e-01 -2.859957e-03 1.653246e-03 1.170405e-01 4.289193e-05 -1.678162e-05 1.014140e-05 1.015619e-04
11589.400000 8.050722e-01 -2.850400e-03 1.799707e-03 1.188324e-01 3.797321e-05 -1.352514e-05 -5.253934e-07 1.011026e-04
11589.600000 8.033479e-01 -2.847653e-03 1.813726e-03 1.174951e-01 4.897955e-05 -7.614896e-06 -1.801667e-06 9.964792e-05
11589.800000 8.068734e-01 -2.877803e-03 1.733265e-03 1.177279e-01 4.936718e-05 -2.018432e-05 1.598283e-06 9.904817e-05
11590.000000 7.973118e-01 -2.856401e-03 1.866199e-03 1.162157e-01 4.791981e-05 -2.024536e-05 -8.852182e-06 1.039678e-04
11590.200000 8.051163e-01 -2.825425e-03 1.748294e-03 1.190203e-01 4.771440e-05 -1.693835e-05 -1.101826e-05 1.108157e-04
11590.400000 8.069350e-01 -2.873329e-03 1.779686e-03 1.183045e-01 5.285673e-05 -1.419159e-05 -5.420310e-06 1.218555e-04
11590.600000 7.987264e-01 -2.885684e-03 1.673989e-03 1.194450e-01 6.548833e-05 -5.061749e-06 -1.347065e-05 1.048586e-04
11590.800000 8.061539e-01 -2.843820e-03 1.832610e-03 1.194321e-01 6.215996e-05 -4.203431e-06 3.160689e-06 9.355353e-05
11591.000000 7.997200e-01 -2.847429e-03 1.967701e-03 1.197853e-01 5.532686e-05 -1.583533e-05 4.259382e-06 9.532384e-05
11591.200000 8.003659e-01 -2.889557e-03 1.909589e-03 1.183696e-01 5.763104e-05 -1.623781e-05 3.285491e-06 9.559343e-05
11591.400000 8.055122e-01 -2.849675e-03 1.803574e-03 1.196068e-01 4.701726e-05 -1.876437e-05 1.378342e-05 9.629168e-05
11591.600000 8.006937e-01 -2.849360e-03 1.763511e-03 1.194015e-01 3.857210e-05 -2.216364e-05 3.176970e-05 1.089508e-04
11591.800000 8.049462e-01 -2.879564e-03 1.737300e-03 1.192401e-01 3.723336e-05 -2.956902e-05 2.063859e-05 1.039049e-04
11592.000000 8.030766e-01 -2.825404e-03 1.692012e-03 1.196211e-01 3.845843e-05 -3.098326e-05 1.865584e-05 9.318408e-05
11592.200000 8.058065e-01 -2.867473e-03 1.669085e-03 1.195629e-01 4.814608e-05 -3.292415e-05 9.838846e-06 9.037776e-05
11592.400000 8.056604e-01 -2.890516e-03 1.700982e-03 1.189327e-01 4.910054e-05 -2.768066e-05 1.054025e-05 1.000708e-04
11592.600000 8.013622e-01 -2.855097e-03 1.637032e-03 1.200061e-01 5.155014e-05 -2.718869e-05 1.345016e-05 1.026309e-04
11592.800000 8.002509e-01 -2.869590e-03 1.700900e-03 1.191226e-01 5.265180e-05 -3.078725e-05 2.643108e-05 1.071590e-04
11593.000000 8.061937e-01 -2.837613e-03 1.914943e-03 1.194623e-01 5.541551e-05 -3.410015e-05 3.446503e-05 1.088639e-04
11593.200000 7.987720e-01 -2.841748e-03 1.527822e-03 1.192910e-01 4.872553e-05 -4.071160e-05 3.493923e-05 1.046101e-04
11593.400000 8.011065e-01 -2.889410e-03 1.772777e-03 1.204709e-01 4.795350e-05 -3.743615e-05 1.616756e-05 1.081212e-04
11593.600000 7.993585e-01 -2.825224e-03 1.759311e-03 1.189184e-01 4.295173e-05 -3.590545e-05 2.234263e-05 9.828119e-05
11593.800000 8.013263e-01 -2.896910e-03 1.631398e-03 1.203194e-01 4.680582e-05 -2.498104e-05 1.814084e-05 1.029457e-04
11594.000000 8.019057e-01 -2.815643e-03 1.989948e-03 1.205950e-01 3.673769e-05 -2.651019e-05 7.709093e-06 1.142373e-04
11594.200000 8.024201e-01 -2.878680e-03 1.728288e-03 1.199782e-01 3.881563e-05 -3.282743e-05 9.775695e-06 1.181363e-04
11594.400000 7.999384e-01 -2.841177e-03 1.798550e-03 1.186603e-01 4.588690e-05 -3.137840e-05 1.792000e-05 1.046444e-04
11594.600000 8.010657e-01 -2.817956e-03 1.874429e-03 1.185146e-01 4.638848e-05 -1.845775e-05 2.628889e-05 1.195200e-04
11594.800000 8.056702e-01 -2.901058e-03 1.807138e-03 1.204782e-01 4.926008e-05 -2.341235e-05 2.919871e-05 1.137762e-04
11595.000000 7.964859e-01 -2.821522e-03 1.898528e-03 1.196277e-01 4.841964e-05 -2.979125e-05 2.119766e-05 1.195194e-04
11595.200000 8.025873e-01 -2.947931e-03 1.762518e-03 1.222867e-01 4.974683e-05 -2.024761e-05 1.823370e-05 1.019539e-04
11595.400000 8.009777e-01 -2.832761e-03 1.921539e-03 1.207452e-01 4.002909e-05 -8.395668e-06 1.758894e-05 1.119533e-04
11595.600000 7.975148e-01 -2.920470e-03 1.747321e-03 1.194209e-01 5.295964e-05 -1.557820e-06 2.391874e-05 1.099007e-04
11595.800000 8.052256e-01 -2.817078e-03 1.839370e-03 1.207206e-01 3.491162e-05 -3.313681e-06 3.296182e-05 1.174763e-04
11596.000000 8.010676e-01 -2.881057e-03 1.696848e-03 1.211086e-01 4.300707e-05 -1.399197e-05 1.244347e-05 1.093472e-04
11596.200000 8.032810e-01 -2.859543e-03 1.699294e-03 1.226598e-01 5.383775e-05 -9.050311e-06 -1.632701e-06 9.486775e-05
11596.400000 8.107039e-01 -2.895721e-03 1.724500e-03 1.211437e-01 4.927174e-05 -1.825413e-05 -3.275357e-06 1.042706e-04
11596.600000 8.014192e-01 -2.880375e-03 1.957190e-03 1.197725e-01 4.391663e-05 -1.566606e-05 3.888455e-07 1.053835e-04
11596.800000 8.037085e-01 -2.830919e-03 1.829197e-03 1.208591e-01 3.678189e-05 -2.001397e-05 1.746548e-05 8.955497e-05
11597.000000 8.031957e-01 -2.880606e-03 1.849932e-03 1.203952e-01 3.170147e-05 -2.257471e-05 2.719196e-05 9.471827e-05
11597.700000 8.010816e-01 -2.863774e-03 1.809365e-03 1.203775e-01 3.974117e-05 -1.799234e-05 2.199012e-05 1.046777e-04
11598.400000 8.008434e-01 -2.866820e-03 1.799202e-03 1.214016e-01 5.511062e-05 -1.250231e-05 2.556288e-05 1.131869e-04
11599.100000 8.005511e-01 -2.874248e-03 1.846710e-03 1.199387e-01 4.771370e-05 -1.719799e-05 1.774033e-05 1.102519e-04
11599.800000 8.004725e-01 -2.883052e-03 1.842721e-03 1.198087e-01 4.701795e-05 -2.073327e-05 1.522055e-05 1.037177e-04
11600.500000 8.006035e-01 -2.879807e-03 1.736219e-03 1.204756e-01 4.270977e-05 -1.748480e-05 2.611953e-05 1.121666e-04
11601.200000 7.997962e-01 -2.879219e-03 1.734840e-03 1.195960e-01 3.735513e-05 -1.513520e-05 1.962577e-05 1.084595e-04
11601.900000 7.996838e-01 -2.889857e-03 1.872706e-03 1.196151e-01 3.354803e-05 -1.522082e-05 1.834589e-05 1.151775e-04
11602.600000 8.004760e-01 -2.856774e-03 1.953154e-03 1.204841e-01 3.260064e-05 -2.324873e-05 3.378761e-05 1.286750e-04
11603.300000 7.995859e-01 -2.873430e-03 1.836574e-03 1.210483e-01 2.921299e-05 -1.949959e-05 2.855156e-05 1.230871e-04
11604.993695 7.987764e-01 -2.878693e-03 1.781210e-03 1.207114e-01 3.317475e-05 -2.241611e-05 6.127268e-06 1.144008e-04
11605.999583 7.991631e-01 -2.870422e-03 1.814269e-03 1.206640e-01 3.004288e-05 -2.232577e-05 1.273883e-05 1.195354e-04
11607.017662 7.997611e-01 -2.867292e-03 1.732149e-03 1.210918e-01 4.130232e-05 -2.222258e-05 2.502827e-05 1.236578e-04
11608.047933 7.993175e-01 -2.845895e-03 1.755065e-03 1.210566e-01 3.470088e-05 -3.209181e-05 1.886631e-05 1.067656e-04
11609.090396 7.983955e-01 -2.851452e-03 1.743216e-03 1.214898e-01 3.350500e-05 -3.440232e-05 2.133499e-05 1.034110e-04
11610.145051 7.973156e-01 -2.870519e-03 1.815379e-03 1.210167e-01 4.170270e-05 -2.663120e-05 2.534568e-06 1.184275e-04
11611.211898 7.977399e-01 -2.853852e-03 1.790523e-03 1.210954e-01 4.414974e-05 -2.921280e-05 1.291931e-06 1.268953e-04
11612.290937 7.979510e-01 -2.841157e-03 1.784883e-03 1.224221e-01 4.116043e-05 -3.031909e-05 1.804461e-05 1.221150e-04
11613.382167 7.980599e-01 -2.826567e-03 1.741369e-03 1.225300e-01 3.062482e-05 -1.756944e-05 3.618870e-05 1.188874e-04
11614.485590 7.974625e-01 -2.856892e-03 1.817783e-03 1.229033e-01 2.569725e-05 -1.747174e-05 2.699624e-05 1.084291e-04
11615.601204 7.985219e-01 -2.879434e-03 1.751218e-03 1.230076e-01 1.598003e-05 -1.722139e-05 9.557895e-06 1.047592e-04
11616.729011 7.972964e-01 -2.856953e-03 1.790503e-03 1.233250e-01 1.957955e-05 -2.027158e-05 9.095671e-06 1.072854e-04
11617.869009 7.969007e-01 -2.849571e-03 1.902957e-03 1.227030e-01 2.150685e-05 -2.766907e-05 2.901966e-05 1.252324e-04
11619.021199 7.966000e-01 -2.881819e-03 1.789695e-03 1.222592e-01 1.707180e-05 -2.437778e-05 2.372771e-05 1.270152e-04
11620.185582 7.970270e-01 -2.870893e-03 1.732978e-03 1.223171e-01 2.020575e-05 -1.893210e-05 1.236590e-05 1.258604e-04
11621.362156 7.960825e-01 -2.852737e-03 1.785738e-03 1.217363e-01 1.853673e-05 -2.053224e-05 1.279612e-05 1.321322e-04
11622.550922 7.961284e-01 -2.868977e-03 1.744374e-03 1.216100e-01 1.735252e-05 -2.574402e-05 1.557353e-05 1.239817e-04
11623.751879 7.957021e-01 -2.856442e-03 1.745164e-03 1.214111e-01 2.202368e-05 -2.589673e-05 3.515039e-06 1.107602e-04
11624.965029 7.954035e-01 -2.871008e-03 1.835542e-03 1.210674e-01 2.631661e-05 -1.991238e-05 1.275903e-05 1.104573e-04
11626.190371 7.959048e-01 -2.880047e-03 1.725474e-03 1.208376e-01 2.141758e-05 -2.225186e-05 1.243598e-05 1.106909e-04
11627.427904 7.946492e-01 -2.858092e-03 1.717626e-03 1.209837e-01 1.826884e-05 -1.915516e-05 5.491824e-06 1.178885e-04
11628.677630 7.949452e-01 -2.863211e-03 1.730521e-03 1.206445e-01 1.793949e-05 -3.110682e-05 5.041086e-06 1.205220e-04
11629.939547 7.952554e-01 -2.842677e-03 1.789543e-03 1.198749e-01 1.848470e-05 -2.705179e-05 8.684634e-06 1.203432e-04
11631.213657 7.928996e-01 -2.848810e-03 1.712380e-03 1.196790e-01 1.514938e-05 -2.617050e-05 -1.115025e-07 1.017161e-04
11632.499958 7.946986e-01 -2.865976e-03 1.703714e-03 1.193059e-01 9.551459e-06 -2.136699e-05 1.327730e-05 1.183224e-04
11633.798451 7.943792e-01 -2.849237e-03 1.765287e-03 1.194042e-01 1.684992e-05 -2.418383e-05 8.644113e-06 1.105428e-04
11635.109136 7.941298e-01 -2.833098e-03 1.762739e-03 1.195525e-01 1.355099e-05 -1.071510e-05 1.710246e-05 1.106114e-04
11636.432013 7.928672e-01 -2.852452e-03 1.762083e-03 1.182838e-01 1.366554e-05 -5.085904e-06 1.047001e-05 1.033792e-04
11637.767082 7.936468e-01 -2.851080e-03 1.757243e-03 1.189008e-01 1.414086e-05 -9.846848e-06 -5.618051e-06 1.002829e-04
11639.114342 7.926020e-01 -2.847488e-03 1.818240e-03 1.181064e-01 2.635086e-05 -1.701096e-05 3.310309e-06 1.131761e-04
11640.473795 7.930734e-01 -2.829387e-03 1.755752e-03 1.182104e-01 2.995538e-05 -1.548966e-05 5.927607e-06 1.108993e-04
11641.845440 7.908926e-01 -2.848969e-03 1.819173e-03 1.173390e-01 3.201974e-05 -2.099464e-05 1.110090e-05 1.121474e-04
11643.229276 7.923050e-01 -2.864938e-03 1.883625e-03 1.168198e-01 2.904430e-05 -2.093012e-05 7.498676e-06 1.134839e-04
11644.625305 7.918090e-01 -2.873964e-03 1.799519e-03 1.181469e-01 2.876102e-05 -2.445716e-05 1.919853e-06 1.030189e-04
11646.033525 7.919849e-01 -2.874165e-03 1.786084e-03 1.179168e-01 2.676525e-05 -2.187869e-05 2.003300e-05 1.114231e-04
11647.453937 7.912794e-01 -2.852871e-03 1.821061e-03 1.177328e-01 2.788393e-05 -2.433506e-05 3.204272e-05 1.167822e-04
11648.886541 7.911163e-01 -2.839827e-03 1.784337e-03 1.176530e-01 2.683551e-05 -2.911165e-05 1.347848e-05 1.078513e-04
11650.331337 7.911144e-01 -2.851534e-03 1.790797e-03 1.174765e-01 3.283028e-05 -2.789442e-05 9.124408e-06 1.059985e-04
11651.788325 7.910659e-01 -2.846465e-03 1.789638e-03 1.181881e-01 3.201648e-05 -1.777138e-05 6.061600e-06 1.105451e-04
11653.257505 7.907998e-01 -2.862148e-03 1.789784e-03 1.181885e-01 2.800682e-05 -2.983074e-05 1.232839e-05 1.195429e-04
11654.738877 7.901804e-01 -2.867435e-03 1.741779e-03 1.180690e-01 3.104193e-05 -2.518413e-05 3.308863e-06 1.037266e-04
11656.232440 7.888362e-01 -2.865652e-03 1.746187e-03 1.182712e-01 3.539559e-05 -3.111760e-05 2.495293e-06 1.053525e-04
11657.738196 7.861209e-01 -2.883559e-03 1.767323e-03 1.184611e-01 3.732702e-05 -2.137695e-05 6.755797e-06 1.089874e-04
11659.256143 7.869333e-01 -2.859892e-03 1.805932e-03 1.180634e-01 4.439436e-05 -2.836818e-05 1.832821e-05 1.031567e-04
11660.786283 7.888012e-01 -2.870712e-03 1.779031e-03 1.197186e-01 4.732746e-05 -3.528185e-05 1.490965e-05 1.069171e-04
11662.328614 7.881802e-01 -2.865022e-03 1.747111e-03 1.193262e-01 4.131061e-05 -4.252937e-05 9.952192e-06 1.045591e-04
11663.883137 7.880243e-01 -2.864778e-03 1.770045e-03 1.197403e-01 3.877781e-05 -4.491185e-05 2.103359e-05 1.065501e-04
11665.449852 7.874848e-01 -2.858210e-03 1.775584e-03 1.189515e-01 4.416626e-05 -3.804615e-05 2.372119e-05 1.160377e-04
11667.028759 7.883356e-01 -2.860087e-03 1.771444e-03 1.200699e-01 4.319544e-05 -2.806172e-05 1.958712e-05 1.234725e-04
11668.619858 7.893104e-01 -2.868123e-03 1.745905e-03 1.193353e-01 4.100327e-05 -2.296898e-05 5.144453e-06 1.164344e-04
11670.223149 7.857571e-01 -2.847854e-03 1.872935e-03 1.196483e-01 4.349964e-05 -2.454822e-05 1.585080e-05 1.122438e-04
11671.838632 7.837573e-01 -2.866071e-03 1.821759e-03 1.187161e-01 4.407210e-05 -2.581712e-05 1.020584e-05 1.056568e-04
11673.466307 7.850957e-01 -2.850044e-03 1.797801e-03 1.201374e-01 4.987385e-05 -2.103326e-05 1.716071e-05 1.053587e-04
11675.106173 7.865041e-01 -2.854380e-03 1.810878e-03 1.205635e-01 3.930195e-05 -1.873221e-05 1.771607e-05 1.118264e-04
11676.758232 7.866422e-01 -2.866560e-03 1.733961e-03 1.203449e-01 4.207181e-05 -2.831333e-05 2.555847e-05 1.148174e-04
11678.422482 7.866234e-01 -2.881065e-03 1.779605e-03 1.198023e-01 4.812423e-05 -3.207358e-05 1.059628e-05 1.007758e-04
11680.098924 7.860715e-01 -2.866880e-03 1.785908e-03 1.196949e-01 5.114839e-05 -2.594861e-05 1.838532e-05 1.170827e-04
11681.787558 7.852915e-01 -2.850763e-03 1.814556e-03 1.213530e-01 5.461813e-05 -2.603985e-05 1.766310e-05 1.180926e-04
11683.488385 7.853323e-01 -2.846102e-03 1.808450e-03 1.201671e-01 5.294319e-05 -2.478953e-05 1.376580e-05 1.256049e-04
11685.201403 7.852105e-01 -2.854470e-03 1.830254e-03 1.201491e-01 4.729339e-05 -2.597784e-05 4.889557e-06 1.164655e-04
11686.926613 7.845760e-01 -2.844017e-03 1.753488e-03 1.191762e-01 4.224577e-05 -1.972983e-05 -1.829302e-06 1.107194e-04
11688.664014 7.842325e-01 -2.850768e-03 1.740900e-03 1.196703e-01 3.659431e-05 -1.889127e-05 -1.268262e-05 1.054578e-04
11690.413608 7.842498e-01 -2.866437e-03 1.779455e-03 1.206654e-01 3.212903e-05 -2.369656e-05 4.339065e-06 1.071350e-04
11692.175394 7.839604e-01 -2.864151e-03 1.845393e-03 1.204741e-01 3.606486e-05 -2.084046e-05 -3.875527e-06 1.049972e-04
11693.949371 7.830586e-01 -2.865316e-03 1.851380e-03 1.193906e-01 3.661400e-05 -2.802206e-05 5.533105e-07 1.094815e-04
11695.735541 7.820763e-01 -2.839754e-03 1.818106e-03 1.197544e-01 3.173809e-05 -3.143805e-05 6.662999e-06 1.159137e-04
11697.533902 7.819974e-01 -2.850576e-03 1.770847e-03 1.199778e-01 2.922343e-05 -3.765297e-05 -1.322981e-06 1.014861e-04
11699.344455 7.820055e-01 -2.853707e-03 1.821989e-03 1.194962e-01 3.124761e-05 -3.833590e-05 1.771881e-05 1.156782e-04
11701.167201 7.810111e-01 -2.855996e-03 1.794498e-03 1.192041e-01 2.903146e-05 -3.373817e-05 2.888816e-05 1.095151e-04
11703.002138 7.784087e-01 -2.868550e-03 1.786544e-03 1.197092e-01 2.819025e-05 -3.241754e-05 2.828003e-05 1.079124e-04
11704.849267 7.797578e-01 -2.864353e-03 1.799398e-03 1.186336e-01 2.400856e-05 -4.108937e-05 1.340612e-05 1.077931e-04
11706.708588 7.807131e-01 -2.844361e-03 1.784058e-03 1.192949e-01 2.889788e-05 -4.130739e-05 6.677796e-06 1.079457e-04
11708.580100 7.805904e-01 -2.847945e-03 1.741780e-03 1.188627e-01 3.691444e-05 -3.985817e-05 1.992093e-05 1.164144e-04
11710.463805 7.813290e-01 -2.858635e-03 1.779429e-03 1.194388e-01 4.334883e-05 -3.804686e-05 1.862090e-05 1.167266e-04
11712.359702 7.796739e-01 -2.861116e-03 1.773982e-03 1.186119e-01 4.039884e-05 -2.357357e-05 3.091099e-06 1.103305e-04
11714.267790 7.795379e-01 -2.868896e-03 1.803631e-03 1.184784e-01 3.331162e-05 -1.543435e-05 -3.837400e-06 1.058762e-04
11716.188071 7.799233e-01 -2.873152e-03 1.750350e-03 1.195504e-01 3.014189e-05 -2.601540e-05 -6.662646e-06 1.126947e-04
11718.120543 7.789855e-01 -2.843529e-03 1.805267e-03 1.186031e-01 3.825507e-05 -3.218218e-05 4.906350e-06 1.225819e-04
11720.065207 7.787775e-01 -2.849210e-03 1.828412e-03 1.184031e-01 3.193712e-05 -2.302217e-05 -1.028778e-06 1.242134e-04
11722.022064 7.790478e-01 -2.855936e-03 1.840686e-03 1.187982e-01 2.581152e-05 -2.229034e-05 -1.197089e-05 1.244145e-04
11723.991112 7.780856e-01 -2.884322e-03 1.825462e-03 1.194353e-01 3.196982e-05 -2.950254e-05 -1.625969e-05 1.174492e-04
11725.972352 7.775828e-01 -2.862100e-03 1.760281e-03 1.192226e-01 3.714157e-05 -3.114480e-05 -1.428770e-05 1.123645e-04
11727.965784 7.774689e-01 -2.860157e-03 1.736269e-03 1.192705e-01 3.001348e-05 -2.990973e-05 -7.580346e-06 1.196900e-04
11729.971407 7.771142e-01 -2.860491e-03 1.748701e-03 1.184419e-01 3.180562e-05 -2.370739e-05 3.374756e-06 1.149871e-04
11731.989223 7.754859e-01 -2.845755e-03 1.854324e-03 1.188316e-01 1.711743e-05 -2.480562e-05 4.634208e-06 1.079468e-04
11734.019231 7.754437e-01 -2.845617e-03 1.866114e-03 1.198656e-01 2.525087e-05 -2.328770e-05 5.656713e-07 1.028956e-04
11736.061430 7.749473e-01 -2.853051e-03 1.794415e-03 1.191630e-01 3.193384e-05 -2.586734e-05 -2.806935e-06 1.057960e-04
11738.115822 7.750028e-01 -2.840835e-03 1.854191e-03 1.187964e-01 3.761773e-05 -1.774956e-05 3.562979e-06 1.099960e-04
11740.182405 7.740446e-01 -2.842969e-03 1.737665e-03 1.199567e-01 2.782763e-05 -2.037578e-05 -1.734792e-05 9.769990e-05
11742.261180 7.722720e-01 -2.842447e-03 1.726875e-03 1.188391e-01 4.314802e-05 -2.842263e-05 -1.240571e-05 9.610844e-05
11744.352148 7.714610e-01 -2.848976e-03 1.721051e-03 1.189790e-01 4.517322e-05 -2.598343e-05 -1.464763e-05 1.148675e-04
11746.455307 7.738673e-01 -2.856764e-03 1.727989e-03 1.193263e-01 3.624200e-05 -3.262865e-05 -1.222793e-05 1.254849e-04
11748.570658 7.738389e-01 -2.829273e-03 1.752450e-03 1.196882e-01 3.775069e-05 -2.953390e-05 -5.512880e-06 1.254229e-04
11750.698201 7.733927e-01 -2.840045e-03 1.765051e-03 1.192905e-01 3.803074e-05 -2.817164e-05 -2.034191e-05 1.171310e-04
11752.837935 7.722236e-01 -2.832040e-03 1.746205e-03 1.195522e-01 4.164290e-05 -3.247634e-05 -6.270133e-06 1.206717e-04
11754.989862 7.730145e-01 -2.836145e-03 1.710403e-03 1.194105e-01 4.210110e-05 -3.690749e-05 2.010785e-07 1.286847e-04
11757.153981 7.726420e-01 -2.838683e-03 1.792510e-03 1.197959e-01 5.086997e-05 -3.501315e-05 -9.932275e-06 1.260744e-04
11759.330291 7.719210e-01 -2.836735e-03 1.762979e-03 1.205123e-01 4.186683e-05 -2.606843e-05 -9.720659e-06 1.160154e-04
11761.518794 7.666481e-01 -2.854672e-03 1.752582e-03 1.189032e-01 4.670396e-05 -3.063744e-05 -1.567418e-05 1.001825e-04
11763.719488 7.683013e-01 -2.843347e-03 1.780599e-03 1.203287e-01 5.087202e-05 -3.837100e-05 -1.810664e-05 1.072033e-04
11765.932374 7.702595e-01 -2.847841e-03 1.759179e-03 1.200257e-01 4.876134e-05 -3.425887e-05 -1.510858e-05 1.184547e-04
11768.157453 7.691891e-01 -2.862733e-03 1.779107e-03 1.200827e-01 4.327007e-05 -3.123479e-05 -1.450363e-05 1.101279e-04
11770.394723 7.700766e-01 -2.869346e-03 1.768781e-03 1.203277e-01 4.612304e-05 -3.319332e-05 -2.206415e-05 1.058766e-04
11772.644185 7.686579e-01 -2.841779e-03 1.747813e-03 1.200489e-01 4.485370e-05 -3.638754e-05 -1.119951e-05 1.031970e-04
11774.905838 7.681905e-01 -2.850298e-03 1.837001e-03 1.198845e-01 4.658206e-05 -3.162129e-05 -1.077316e-05 1.090768e-04
11777.179684 7.677400e-01 -2.848960e-03 1.852036e-03 1.197196e-01 4.078884e-05 -2.534669e-05 -9.099189e-06 1.077666e-04
11779.465722 7.676208e-01 -2.840839e-03 1.809686e-03 1.193463e-01 3.746562e-05 -2.331034e-05 -1.578882e-06 1.035294e-04
11781.763952 7.646725e-01 -2.844763e-03 1.819655e-03 1.188145e-01 3.494869e-05 -2.859981e-05 -5.705636e-07 1.016450e-04
11784.074373 7.663677e-01 -2.849473e-03 1.921721e-03 1.192634e-01 3.323509e-05 -3.631025e-05 -3.957539e-06 9.171152e-05
11786.396987 7.652823e-01 -2.860887e-03 1.775543e-03 1.198903e-01 3.144574e-05 -4.012395e-05 2.027152e-06 9.535893e-05
11788.731792 7.664524e-01 -2.830793e-03 1.785722e-03 1.189916e-01 2.794375e-05 -3.676571e-05 4.343720e-06 9.954067e-05
11791.078789 7.656461e-01 -2.843883e-03 1.818386e-03 1.192286e-01 2.538048e-05 -4.498726e-05 -1.797984e-06 1.094602e-04
11793.437978 7.634831e-01 -2.865308e-03 1.831872e-03 1.195060e-01 3.238330e-05 -3.815752e-05 7.215905e-06 1.053118e-04
11795.809359 7.610238e-01 -2.871874e-03 1.804915e-03 1.190088e-01 3.390432e-05 -2.365528e-05 4.467000e-06 1.022100e-04
11798.192932 7.605012e-01 -2.880440e-03 1.813020e-03 1.195996e-01 3.477200e-05 -2.454290e-05 -6.570188e-06 1.037109e-04
11800.588697 7.629546e-01 -2.864428e-03 1.756517e-03 1.195304e-01 2.942126e-05 -3.178393e-05 -5.749643e-07 1.051478e-04
11802.996654 7.633296e-01 -2.870036e-03 1.782277e-03 1.201160e-01 2.729313e-05 -2.585216e-05 6.779832e-06 1.074592e-04
11805.416803 7.632905e-01 -2.867665e-03 1.826580e-03 1.203750e-01 3.064169e-05 -2.705415e-05 1.461600e-05 1.072337e-04
11807.849143 7.632026e-01 -2.847781e-03 1.805828e-03 1.209985e-01 3.759100e-05 -2.428485e-05 -3.329507e-06 1.038198e-04
11810.293676 7.640108e-01 -2.859938e-03 1.759269e-03 1.208168e-01 3.749750e-05 -2.691911e-05 -1.865423e-05 1.018405e-04
11812.750400 7.629561e-01 -2.864697e-03 1.740053e-03 1.209306e-01 2.404566e-05 -2.259561e-05 -1.774712e-05 1.025574e-04
11815.219317 7.610716e-01 -2.866958e-03 1.750466e-03 1.201838e-01 3.363900e-05 -1.304947e-05 -1.191656e-05 1.017407e-04
11817.700425 7.595508e-01 -2.849333e-03 1.804984e-03 1.201791e-01 3.151668e-05 -8.798783e-06 -3.205413e-06 1.022306e-04
11820.193725 7.620750e-01 -2.856028e-03 1.768176e-03 1.199639e-01 3.051137e-05 -1.372479e-05 -1.740019e-05 1.031505e-04
11822.699217 7.607963e-01 -2.831158e-03 1.808700e-03 1.208435e-01 2.944662e-05 -2.391117e-05 -1.199223e-05 9.947433e-05
11825.216901 7.608191e-01 -2.834723e-03 1.793649e-03 1.202307e-01 4.172926e-05 -2.712704e-05 -1.404600e-05 9.541405e-05
11827.746777 7.606876e-01 -2.826449e-03 1.788420e-03 1.194310e-01 4.514774e-05 -2.726497e-05 -1.354580e-05 1.111779e-04
11830.288845 7.603652e-01 -2.840874e-03 1.762064e-03 1.195081e-01 3.995731e-05 -3.032449e-05 4.495693e-06 1.237073e-04
11832.843105 7.600347e-01 -2.850727e-03 1.715865e-03 1.202713e-01 3.342363e-05 -2.540599e-05 -9.608770e-06 1.183497e-04
11835.409556 7.575972e-01 -2.860612e-03 1.824274e-03 1.190616e-01 2.710666e-05 -2.189815e-05 -1.832082e-05 1.104504e-04
11837.988200 7.530359e-01 -2.851471e-03 1.795480e-03 1.193105e-01 2.883417e-05 -1.726115e-05 -8.357699e-06 1.163935e-04
11840.579035 7.558646e-01 -2.848905e-03 1.815984e-03 1.188509e-01 1.778227e-05 -1.408557e-05 -2.443032e-06 1.138621e-04
11843.182062 7.586266e-01 -2.841194e-03 1.836194e-03 1.194441e-01 2.461048e-05 -2.039501e-05 -9.104402e-06 1.035476e-04
11845.797282 7.570431e-01 -2.850824e-03 1.852083e-03 1.197780e-01 2.818720e-05 -2.411242e-05 -9.671053e-06 1.201384e-04
11848.424693 7.574533e-01 -2.852050e-03 1.848814e-03 1.197003e-01 2.997478e-05 -2.893723e-05 -1.421220e-05 1.156466e-04
11851.064296 7.541653e-01 -2.876321e-03 1.829159e-03 1.196134e-01 2.956735e-05 -3.115173e-05 -1.729042e-05 1.075876e-04
11853.716091 7.531163e-01 -2.858104e-03 1.795991e-03 1.191062e-01 3.469115e-05 -3.680979e-05 -1.428806e-05 1.033754e-04
11856.380078 7.546414e-01 -2.861836e-03 1.741680e-03 1.191767e-01 3.027137e-05 -3.767826e-05 -2.040573e-06 1.121458e-04
11859.056256 7.557059e-01 -2.858847e-03 1.737344e-03 1.194890e-01 2.835441e-05 -2.940915e-05 2.921087e-06 1.212634e-04
11861.744627 7.536587e-01 -2.851417e-03 1.753852e-03 1.191546e-01 2.752205e-05 -2.458082e-05 1.794098e-06 1.131224e-04
11864.445190 7.525861e-01 -2.878713e-03 1.746234e-03 1.195919e-01 4.197716e-05 -3.065269e-05 -1.559682e-06 1.207565e-04
11867.157944 7.529565e-01 -2.879082e-03 1.752912e-03 1.198484e-01 4.059955e-05 -2.286989e-05 -6.157995e-07 1.147306e-04
11869.882891 7.529363e-01 -2.865501e-03 1.792524e-03 1.197129e-01 3.615601e-05 -1.944193e-05 -8.034282e-06 9.608967e-05
11872.620029 7.517464e-01 -2.849502e-03 1.760953e-03 1.198294e-01 2.910878e-05 -1.160036e-05 -1.025304e-05 9.799462e-05
11875.369359 7.517655e-01 -2.860806e-03 1.782241e-03 1.188308e-01 2.984454e-05 -8.837977e-06 5.134288e-06 1.080658e-04
11878.130881 7.514777e-01 -2.864679e-03 1.796830e-03 1.198985e-01 3.590214e-05 -4.424998e-06 2.186855e-06 1.056822e-04
11880.904595 7.514326e-01 -2.866010e-03 1.740526e-03 1.203829e-01 3.676937e-05 3.795740e-06 -8.037855e-06 9.383198e-05
11883.690501 7.502369e-01 -2.857174e-03 1.702191e-03 1.199547e-01 3.895177e-05 2.969868e-06 1.722571e-06 9.315759e-05
11886.488599 7.486670e-01 -2.855369e-03 1.806952e-03 1.191912e-01 3.913053e-05 2.125416e-06 2.959270e-05 9.706014e-05
11889.298889 7.492542e-01 -2.859050e-03 1.821221e-03 1.192029e-01 4.499862e-05 -8.401505e-06 1.241194e-05 1.006602e-04
11892.121371 7.485884e-01 -2.849702e-03 1.751542e-03 1.194578e-01 5.425352e-05 -7.590292e-06 6.511411e-06 1.027447e-04
11894.956044 7.437505e-01 -2.869042e-03 1.745774e-03 1.188470e-01 4.125738e-05 -1.137360e-05 1.206915e-05 1.052682e-04
11897.802910 7.404868e-01 -2.854119e-03 1.737390e-03 1.190904e-01 4.255756e-05 -1.817816e-05 7.505738e-06 1.001854e-04
11900.661967 7.463953e-01 -2.843998e-03 1.765682e-03 1.199162e-01 4.163750e-05 -2.345115e-05 -8.521813e-06 1.021367e-04
11903.533217 7.464601e-01 -2.872773e-03 1.756369e-03 1.196496e-01 3.628313e-05 -2.755234e-05 -1.772627e-05 9.550012e-05
11906.416658 7.459680e-01 -2.870298e-03 1.699720e-03 1.196156e-01 4.747474e-05 -1.839392e-05 -1.423325e-05 1.020100e-04
11909.312291 7.453194e-01 -2.851917e-03 1.745688e-03 1.200256e-01 4.553532e-05 -1.731239e-05 6.335194e-06 1.082965e-04
11912.220116 7.452877e-01 -2.868844e-03 1.817441e-03 1.188685e-01 5.242109e-05 -1.181152e-05 1.162159e-05 1.095912e-04
11915.140133 7.454926e-01 -2.867824e-03 1.824493e-03 1.196117e-01 5.301283e-05 -6.470589e-06 1.116805e-05 9.846051e-05
11918.072342 7.443439e-01 -2.868193e-03 1.814214e-03 1.199160e-01 4.388712e-05 -1.293918e-05 1.670820e-05 1.019393e-04
11921.016743 7.379547e-01 -2.865967e-03 1.803527e-03 1.188739e-01 4.165250e-05 -1.019856e-05 1.806649e-05 1.128485e-04
11923.973335 7.380759e-01 -2.858306e-03 1.787794e-03 1.186865e-01 4.421893e-05 -4.913501e-06 2.305571e-05 1.101256e-04
11926.942120 7.432756e-01 -2.851887e-03 1.843518e-03 1.197948e-01 3.799195e-05 -8.639152e-06 8.623079e-06 1.005937e-04
11929.923096 7.435057e-01 -2.846554e-03 1.812754e-03 1.195487e-01 4.121299e-05 -1.930173e-05 7.055864e-06 9.801165e-05
11932.916265 7.426707e-01 -2.851239e-03 1.747236e-03 1.207026e-01 4.309827e-05 -2.891339e-05 5.460888e-06 1.064857e-04
11935.921625 7.421624e-01 -2.845560e-03 1.767363e-03 1.201270e-01 4.558872e-05 -1.673252e-05 -3.190167e-06 1.099350e-04
11938.939177 7.421273e-01 -2.849432e-03 1.817391e-03 1.198307e-01 4.507341e-05 -1.433829e-05 -7.994706e-06 1.041907e-04
11941.968921 7.416366e-01 -2.858292e-03 1.765823e-03 1.199897e-01 4.670849e-05 -1.845996e-05 4.592867e-07 1.077007e-04
11945.010858 7.402759e-01 -2.848736e-03 1.821396e-03 1.194302e-01 4.457286e-05 -1.422901e-05 6.938320e-06 1.000032e-04
11948.064985 7.400036e-01 -2.852004e-03 1.774032e-03 1.199546e-01 4.929487e-05 -1.676273e-05 4.884838e-06 9.844878e-05
11951.131305 7.397918e-01 -2.859149e-03 1.783354e-03 1.199880e-01 5.217562e-05 -1.044611e-05 -1.416587e-06 9.730196e-05
11954.209817 7.396141e-01 -2.855713e-03 1.779402e-03 1.206637e-01 4.724352e-05 -5.694896e-06 1.332029e-05 9.788409e-05
11957.300521 7.382533e-01 -2.861607e-03 1.833358e-03 1.196589e-01 4.357436e-05 -2.059986e-05 1.710342e-05 9.174576e-05
11960.403416 7.378870e-01 -2.862945e-03 1.812654e-03 1.192454e-01 3.557165e-05 -2.313549e-05 1.480877e-05 9.501311e-05
11963.518504 7.377651e-01 -2.882240e-03 1.786047e-03 1.194257e-01 3.884358e-05 -1.196127e-05 1.016586e-05 9.051517e-05
11966.645783 7.377113e-01 -2.871835e-03 1.767462e-03 1.197597e-01 4.421654e-05 -6.544386e-06 1.188249e-05 9.306758e-05
11969.785255 7.358506e-01 -2.873433e-03 1.733279e-03 1.199898e-01 4.857864e-05 -1.223815e-05 -4.198377e-06 8.874920e-05
11972.936918 7.350195e-01 -2.860597e-03 1.788120e-03 1.189808e-01 4.017362e-05 -1.180315e-05 -1.692293e-06 8.250906e-05
11976.100773 7.332353e-01 -2.850986e-03 1.773214e-03 1.194715e-01 5.012378e-05 -2.537071e-05 -3.074645e-06 8.584728e-05
11979.276820 7.333023e-01 -2.837390e-03 1.760644e-03 1.197463e-01 4.994120e-05 -1.982842e-05 1.958845e-05 9.951574e-05
11982.465059 7.335284e-01 -2.824556e-03 1.776245e-03 1.198619e-01 4.351314e-05 -2.041204e-05 2.312205e-05 9.974465e-05
11985.665490 7.331160e-01 -2.850328e-03 1.836614e-03 1.204905e-01 3.962454e-05 -2.366935e-05 1.080536e-05 9.707975e-05
11988.878112 7.322476e-01 -2.864531e-03 1.824817e-03 1.198378e-01 4.225733e-05 -3.377587e-05 -2.209482e-06 8.523633e-05
11992.102927 7.324510e-01 -2.864696e-03 1.791282e-03 1.209079e-01 4.251044e-05 -3.416727e-05 -5.109483e-07 7.975006e-05
11995.339934 7.321965e-01 -2.870128e-03 1.758615e-03 1.210340e-01 4.394670e-05 -2.816668e-05 7.538751e-07 9.038744e-05
11998.589132 7.306907e-01 -2.842908e-03 1.846252e-03 1.207144e-01 4.694771e-05 -2.540415e-05 7.317489e-07 1.003661e-04
12001.850523 7.307970e-01 -2.827337e-03 1.854777e-03 1.208725e-01 4.375683e-05 -3.517306e-05 2.833126e-06 9.615495e-05
12005.124105 7.300715e-01 -2.837472e-03 1.758322e-03 1.199423e-01 4.355929e-05 -4.097501e-05 3.014856e-06 9.504858e-05
12008.409879 7.299654e-01 -2.852592e-03 1.775007e-03 1.199224e-01 4.951744e-05 -2.817296e-05 5.746377e-06 9.637361e-05
12011.707845 7.299678e-01 -2.849173e-03 1.813988e-03 1.195155e-01 4.743488e-05 -2.907381e-05 6.785796e-06 1.006207e-04
12015.018003 7.297757e-01 -2.866829e-03 1.816045e-03 1.200341e-01 4.238033e-05 -2.043299e-05 1.478430e-05 9.135951e-05
12018.340353 7.290154e-01 -2.871890e-03 1.780254e-03 1.202190e-01 4.189808e-05 -1.562973e-05 1.631644e-06 9.190277e-05
12021.674895 7.285865e-01 -2.878197e-03 1.776470e-03 1.201667e-01 4.782055e-05 -1.896049e-05 1.540298e-06 9.271315e-05
12025.021629 7.276700e-01 -2.879985e-03 1.796816e-03 1.202352e-01 3.456075e-05 -2.571673e-05 3.540900e-06 8.018005e-05
12028.380554 7.265421e-01 -2.862892e-03 1.805971e-03 1.189396e-01 4.002292e-05 -2.972125e-05 -5.607953e-07 8.479035e-05
12031.751672 7.263543e-01 -2.871726e-03 1.783229e-03 1.197577e-01 4.631395e-05 -2.880763e-05 6.003311e-07 8.939744e-05
12035.134982 7.258025e-01 -2.872381e-03 1.806271e-03 1.193903e-01 4.345490e-05 -1.890110e-05 2.932938e-06 9.504430e-05
12038.530483 7.252717e-01 -2.876937e-03 1.766261e-03 1.196267e-01 5.508279e-05 -3.275979e-05 -8.826100e-07 8.687311e-05
12041.938176 7.244406e-01 -2.861477e-03 1.772057e-03 1.202451e-01 4.950963e-05 -3.269276e-05 3.119100e-06 9.268421e-05
12045.358061 7.195124e-01 -2.862406e-03 1.802704e-03 1.193875e-01 5.132084e-05 -2.603192e-05 1.367019e-05 9.602688e-05
12048.790139 7.131532e-01 -2.869522e-03 1.777036e-03 1.189935e-01 4.775532e-05 -2.566155e-05 1.779619e-05 1.027896e-04
12052.234408 7.216987e-01 -2.877686e-03 1.724475e-03 1.201586e-01 3.400856e-05 -2.311106e-05 1.857090e-05 1.132404e-04
12055.690868 7.227663e-01 -2.879544e-03 1.818878e-03 1.197490e-01 2.708261e-05 -2.456398e-05 -3.460458e-06 1.019489e-04
12059.159521 7.218611e-01 -2.866185e-03 1.807698e-03 1.199032e-01 2.827079e-05 -2.746503e-05 -6.227493e-06 9.390100e-05
12062.640366 7.210032e-01 -2.866630e-03 1.765019e-03 1.214449e-01 3.520396e-05 -2.919924e-05 5.336857e-06 9.319825e-05
12066.133403 7.201668e-01 -2.843488e-03 1.849028e-03 1.254399e-01 3.255205e-05 -3.679910e-05 5.305442e-06 8.952577e-05
12069.638631 7.200210e-01 -2.846249e-03 1.811806e-03 1.256638e-01 3.016408e-05 -3.068443e-05 6.651688e-06 9.994116e-05
12073.156052 7.198493e-01 -2.844996e-03 1.782522e-03 1.225381e-01 2.967543e-05 -2.733540e-05 -2.524331e-06 9.838802e-05
12076.685664 7.189687e-01 -2.855948e-03 1.800467e-03 1.211865e-01 2.093594e-05 -3.525079e-05 -1.102190e-05 1.007073e-04
12080.227468 7.180216e-01 -2.847406e-03 1.787127e-03 1.202200e-01 3.276757e-05 -3.022352e-05 -1.905160e-06 9.824127e-05
12083.781465 7.179429e-01 -2.849324e-03 1.818385e-03 1.193405e-01 4.152910e-05 -2.769106e-05 8.339635e-07 1.011552e-04
12087.347653 7.169629e-01 -2.855859e-03 1.833975e-03 1.191943e-01 4.033072e-05 -2.913651e-05 -1.402585e-05 9.860790e-05
12090.926033 7.154610e-01 -2.865807e-03 1.817507e-03 1.191650e-01 3.873752e-05 -3.291267e-05 -2.957507e-06 9.997438e-05
12094.516605 7.147433e-01 -2.872068e-03 1.790177e-03 1.191592e-01 3.895096e-05 -3.743955e-05 1.014593e-05 1.071237e-04
12098.119369 7.145757e-01 -2.867172e-03 1.828483e-03 1.200945e-01 4.011971e-05 -3.261108e-05 -2.674251e-08 1.000171e-04
12101.734324 7.142455e-01 -2.864271e-03 1.771137e-03 1.201054e-01 4.357981e-05 -3.316453e-05 5.221984e-06 1.043051e-04
12105.361472 7.140800e-01 -2.863216e-03 1.774092e-03 1.197366e-01 5.713497e-05 -2.538436e-05 -3.750547e-06 1.035840e-04
12109.000811 7.137593e-01 -2.853854e-03 1.797132e-03 1.207737e-01 5.142970e-05 -2.516304e-05 -1.262962e-05 9.811038e-05
12112.652343 7.134610e-01 -2.842712e-03 1.787669e-03 1.206496e-01 4.439949e-05 -3.009694e-05 -7.388293e-06 9.720466e-05
12116.316066 7.112576e-01 -2.855810e-03 1.830651e-03 1.209999e-01 4.104573e-05 -2.531025e-05 4.869220e-06 9.923508e-05
12119.991982 7.111497e-01 -2.862112e-03 1.746006e-03 1.197468e-01 4.454773e-05 -1.763433e-05 1.094346e-05 9.173300e-05
12123.680089 7.112080e-01 -2.854399e-03 1.773496e-03 1.192686e-01 5.122619e-05 -2.690648e-05 -5.166437e-07 9.019088e-05
12127.380388 7.112281e-01 -2.868979e-03 1.738711e-03 1.195438e-01 4.713992e-05 -2.311346e-05 -5.860076e-06 9.308495e-05
12131.092879 7.107316e-01 -2.867517e-03 1.759442e-03 1.195664e-01 4.434070e-05 -2.738538e-05 -1.020273e-05 9.339799e-05
12134.817562 7.102481e-01 -2.837343e-03 1.780126e-03 1.195630e-01 4.769153e-05 -2.413751e-05 -5.640238e-06 9.986485e-05
12138.554437 7.089338e-01 -2.847906e-03 1.802508e-03 1.195436e-01 4.322346e-05 -1.845754e-05 -1.469168e-05 9.596194e-05
12142.303503 7.084111e-01 -2.837109e-03 1.788426e-03 1.195384e-01 3.957115e-05 -2.147359e-05 -1.394632e-05 9.324343e-05
12146.064762 7.079907e-01 -2.857081e-03 1.795259e-03 1.188754e-01 4.316337e-05 -1.716297e-05 -1.181591e-06 9.557985e-05
12149.838213 7.066472e-01 -2.845272e-03 1.812104e-03 1.198230e-01 4.419518e-05 -1.019494e-05 -1.065303e-06 1.066106e-04
12153.623855 7.062996e-01 -2.825919e-03 1.728803e-03 1.195106e-01 3.911724e-05 -1.956337e-05 7.423508e-06 9.891559e-05
12157.421689 7.060054e-01 -2.831358e-03 1.778287e-03 1.197158e-01 3.030041e-05 -2.623090e-05 -1.780866e-05 8.302328e-05
12161.231716 7.049539e-01 -2.846494e-03 1.773781e-03 1.192194e-01 3.234857e-05 -2.000725e-05 1.896272e-06 9.277849e-05
12165.053934 7.045206e-01 -2.832817e-03 1.769234e-03 1.187206e-01 3.552545e-05 -1.570319e-05 9.088845e-06 1.030261e-04
12168.888344 7.035448e-01 -2.866010e-03 1.729656e-03 1.192533e-01 3.875768e-05 -1.893787e-05 2.402873e-05 9.773397e-05
12172.734946 7.007650e-01 -2.861683e-03 1.767558e-03 1.189117e-01 3.078955e-05 -1.522448e-05 1.726640e-05 9.610031e-05
12176.593740 7.018262e-01 -2.830971e-03 1.748117e-03 1.193582e-01 1.864463e-05 -2.133579e-05 5.856734e-06 1.042768e-04
12180.464726 7.019771e-01 -2.860513e-03 1.771676e-03 1.193712e-01 2.773726e-05 -1.990469e-05 -1.448855e-05 1.068761e-04
12184.347903 7.013718e-01 -2.870327e-03 1.728380e-03 1.193444e-01 2.621339e-05 -1.888249e-05 -1.854372e-05 1.134201e-04
12188.243273 7.006356e-01 -2.847765e-03 1.776361e-03 1.187843e-01 2.565736e-05 -1.824607e-05 -1.296745e-05 1.140731e-04
12192.150835 6.991653e-01 -2.842554e-03 1.768182e-03 1.191689e-01 2.710103e-05 -1.781350e-05 -8.271514e-06 1.201881e-04
12196.070588 7.000462e-01 -2.847200e-03 1.831198e-03 1.195888e-01 2.935158e-05 -2.407524e-05 -5.279373e-06 1.125903e-04
12200.002533 6.992608e-01 -2.837533e-03 1.835494e-03 1.188620e-01 3.356343e-05 -2.294229e-05 -1.677800e-05 1.078150e-04
12203.946671 6.981938e-01 -2.860575e-03 1.784959e-03 1.185253e-01 3.508499e-05 -3.569333e-05 -2.530686e-05 9.772121e-05
12207.903000 6.978111e-01 -2.854275e-03 1.758310e-03 1.197579e-01 3.625814e-05 -2.562455e-05 -1.210985e-05 9.718223e-05
12211.871521 6.976578e-01 -2.852724e-03 1.789514e-03 1.195576e-01 3.912062e-05 -3.972877e-05 -2.509666e-05 1.007024e-04
12215.852234 6.966410e-01 -2.859500e-03 1.805124e-03 1.193195e-01 4.293917e-05 -2.888757e-05 -3.085913e-05 1.039940e-04
12219.845139 6.962319e-01 -2.836773e-03 1.817414e-03 1.191385e-01 4.287135e-05 -2.769745e-05 -2.330748e-05 1.036305e-04
12223.850236 6.955358e-01 -2.852484e-03 1.793904e-03 1.193821e-01 4.142821e-05 -2.157287e-05 -1.540028e-05 1.092664e-04
12227.867524 6.941602e-01 -2.859489e-03 1.764128e-03 1.194901e-01 4.376459e-05 -2.449018e-05 -1.085626e-05 1.138635e-04
12231.897005 6.936952e-01 -2.851950e-03 1.801485e-03 1.193220e-01 4.680604e-05 -2.685109e-05 -2.837749e-06 1.108587e-04
12235.938678 6.928655e-01 -2.866449e-03 1.765829e-03 1.197012e-01 5.394732e-05 -2.927731e-05 -6.948941e-07 1.001055e-04
12239.992542 6.928064e-01 -2.845189e-03 1.780252e-03 1.195303e-01 5.142528e-05 -3.916992e-05 -9.765507e-07 1.115018e-04
12244.058598 6.915188e-01 -2.853838e-03 1.787681e-03 1.190933e-01 4.925057e-05 -3.537976e-05 -1.201049e-05 1.105108e-04
12248.136847 6.912756e-01 -2.858257e-03 1.744979e-03 1.193799e-01 4.883023e-05 -2.825569e-05 -1.571908e-05 1.040079e-04
12252.227287 6.849363e-01 -2.829572e-03 1.786986e-03 1.182878e-01 5.121098e-05 -3.953878e-05 -1.524006e-05 9.871157e-05
12256.329919 6.737038e-01 -2.842326e-03 1.740326e-03 1.165385e-01 4.430049e-05 -4.315353e-05 -1.801612e-05 1.017557e-04
12260.444743 6.841262e-01 -2.858509e-03 1.778469e-03 1.182225e-01 3.196089e-05 -4.370644e-05 -1.828386e-05 9.626732e-05
12264.571759 6.863157e-01 -2.842892e-03 1.749539e-03 1.185884e-01 4.091515e-05 -3.925552e-05 -1.375979e-05 1.038080e-04
12268.710967 6.863491e-01 -2.841293e-03 1.743222e-03 1.189471e-01 3.832512e-05 -4.227167e-05 1.231834e-05 1.185044e-04
12272.862366 6.864370e-01 -2.838344e-03 1.752418e-03 1.193533e-01 3.923443e-05 -4.979672e-05 1.718990e-05 1.178978e-04
12277.025958 6.857987e-01 -2.857196e-03 1.755162e-03 1.190220e-01 4.150456e-05 -4.571698e-05 -1.648244e-06 1.048347e-04
12281.201742 6.850559e-01 -2.852355e-03 1.747955e-03 1.195878e-01 3.002081e-05 -4.297013e-05 5.343717e-06 1.033837e-04
12285.389717 6.843812e-01 -2.846759e-03 1.796891e-03 1.194167e-01 2.774728e-05 -4.835625e-05 3.118580e-06 9.425065e-05
12289.589884 6.827900e-01 -2.834478e-03 1.796728e-03 1.187963e-01 3.336329e-05 -3.944593e-05 8.192807e-06 1.032718e-04
12293.802244 6.827622e-01 -2.846380e-03 1.751615e-03 1.187765e-01 3.195687e-05 -3.989688e-05 8.349999e-06 9.257241e-05
12298.026795 6.701580e-01 -2.852259e-03 1.761082e-03 1.168213e-01 4.314578e-05 -3.597281e-05 1.547303e-05 9.816724e-05
12302.263538 6.738723e-01 -2.838976e-03 1.758861e-03 1.174410e-01 3.429372e-05 -3.535746e-05 1.323410e-05 1.069159e-04
12306.512473 6.802700e-01 -2.849250e-03 1.768414e-03 1.188761e-01 3.058070e-05 -3.732482e-05 8.889815e-06 1.126744e-04
12310.773600 6.813226e-01 -2.853072e-03 1.767418e-03 1.189374e-01 3.767911e-05 -3.168746e-05 -1.709343e-09 1.040205e-04
12315.046919 6.811424e-01 -2.849161e-03 1.736668e-03 1.192127e-01 4.052655e-05 -2.882791e-05 -4.252284e-06 1.026741e-04
12319.332429 6.790398e-01 -2.852717e-03 1.762580e-03 1.189703e-01 3.694843e-05 -3.071663e-05 -1.068270e-06 1.093389e-04
12323.630132 6.788467e-01 -2.862776e-03 1.760400e-03 1.191935e-01 3.701613e-05 -3.318389e-05 2.947292e-06 1.033917e-04
12327.940026 6.789108e-01 -2.858695e-03 1.758747e-03 1.190112e-01 3.938164e-05 -4.305787e-05 1.572690e-05 1.063116e-04
12332.262113 6.776737e-01 -2.864135e-03 1.798532e-03 1.190114e-01 4.409326e-05 -2.909776e-05 1.065028e-05 1.009329e-04
12336.596391 6.768648e-01 -2.857617e-03 1.747318e-03 1.185860e-01 3.998350e-05 -3.983164e-05 6.130632e-06 1.114142e-04
12340.942861 6.767657e-01 -2.853600e-03 1.767473e-03 1.190881e-01 3.263598e-05 -4.079410e-05 8.156434e-06 1.127666e-04
12345.301524 6.757198e-01 -2.855140e-03 1.773323e-03 1.199338e-01 3.342737e-05 -3.530276e-05 1.403901e-05 1.132197e-04
12349.672378 6.751232e-01 -2.855902e-03 1.736181e-03 1.191228e-01 3.742475e-05 -2.725124e-05 3.454378e-06 1.108887e-04
12354.055424 6.734122e-01 -2.842259e-03 1.800319e-03 1.188366e-01 3.408456e-05 -2.292211e-05 8.125873e-06 9.193504e-05
12358.450662 6.733421e-01 -2.850417e-03 1.748000e-03 1.189224e-01 3.864516e-05 -3.612157e-05 7.135440e-06 1.031439e-04
12362.858091 6.728424e-01 -2.865380e-03 1.750224e-03 1.188217e-01 4.913043e-05 -4.049555e-05 5.270107e-06 1.058208e-04
12367.277713 6.711204e-01 -2.863889e-03 1.757402e-03 1.188413e-01 5.245284e-05 -3.675811e-05 -2.565976e-06 9.727411e-05
12371.709527 6.716477e-01 -2.853793e-03 1.788916e-03 1.189947e-01 5.075890e-05 -3.930843e-05 1.954100e-06 1.038014e-04
12376.153532 6.710461e-01 -2.869657e-03 1.756423e-03 1.195770e-01 5.588779e-05 -3.923249e-05 3.455575e-06 1.068800e-04
12380.609730 6.704965e-01 -2.857407e-03 1.787124e-03 1.196487e-01 5.481054e-05 -2.732662e-05 -4.262531e-06 1.017208e-04
12385.078119 6.704386e-01 -2.852955e-03 1.775766e-03 1.196641e-01 5.648494e-05 -2.005502e-05 6.078692e-08 1.008798e-04
12389.558700 6.689256e-01 -2.846258e-03 1.776010e-03 1.190494e-01 6.088169e-05 -2.362376e-05 5.411071e-06 9.239625e-05
12394.051473 6.676541e-01 -2.854388e-03 1.760293e-03 1.189634e-01 5.002752e-05 -1.862643e-05 7.585996e-06 8.761654e-05
12398.556438 6.672551e-01 -2.852257e-03 1.696225e-03 1.186129e-01 5.137597e-05 -1.544674e-05 8.401340e-06 9.696508e-05
12403.073595 6.665661e-01 -2.840044e-03 1.744637e-03 1.188284e-01 4.318835e-05 -6.524353e-06 3.192505e-06 9.618295e-05
12407.602944 6.658313e-01 -2.828487e-03 1.763529e-03 1.186622e-01 3.426520e-05 -5.823555e-06 7.470585e-06 9.920165e-05
12412.144485 6.647318e-01 -2.836922e-03 1.773338e-03 1.184712e-01 3.339675e-05 -5.530562e-06 9.633188e-06 1.037285e-04
12416.698218 6.627869e-01 -2.852642e-03 1.761998e-03 1.185232e-01 4.125466e-05 -7.864745e-06 5.540164e-06 9.806058e-05
12421.264142 6.599441e-01 -2.858887e-03 1.751534e-03 1.183650e-01 5.739982e-05 -7.708721e-06 1.456939e-05 9.321720e-05
12425.842259 6.615404e-01 -2.866978e-03 1.734426e-03 1.188554e-01 5.361267e-05 -1.234631e-05 1.796664e-05 9.489413e-05
12430.432567 6.620811e-01 -2.868104e-03 1.742489e-03 1.186739e-01 4.707486e-05 -1.362128e-05 1.813121e-05 9.810719e-05
12435.035068 6.615864e-01 -2.865064e-03 1.772388e-03 1.187285e-01 5.061299e-05 -1.250958e-05 2.406421e-05 1.104082e-04
12439.649760 6.607283e-01 -2.866882e-03 1.768831e-03 1.188039e-01 4.193436e-05 -9.445085e-06 2.633640e-05 1.086381e-04
12444.276644 6.599442e-01 -2.863019e-03 1.754566e-03 1.189938e-01 3.964252e-05 -2.355333e-06 1.642381e-05 9.582713e-05
12448.915720 6.585178e-01 -2.853713e-03 1.758613e-03 1.186270e-01 3.563056e-05 3.518276e-06 1.692162e-05 1.058715e-04
12453.566988 6.588535e-01 -2.855895e-03 1.775113e-03 1.191203e-01 4.844359e-05 -6.128758e-06 7.686055e-06 1.046285e-04
12458.230448 6.580017e-01 -2.855736e-03 1.808023e-03 1.188074e-01 4.346513e-05 -1.487154e-05 1.481942e-05 1.095724e-04
12462.906100 6.573824e-01 -2.846773e-03 1.792603e-03 1.187354e-01 4.604359e-05 -2.179699e-05 4.928265e-06 1.207238e-04
12467.593943 6.567551e-01 -2.847911e-03 1.749973e-03 1.186213e-01 4.929988e-05 -1.979216e-05 3.994221e-06 1.119739e-04
12472.293979 6.556288e-01 -2.836380e-03 1.759994e-03 1.188225e-01 4.264063e-05 -1.413098e-05 -4.151780e-06 1.067337e-04
12477.006206 6.553067e-01 -2.846613e-03 1.756989e-03 1.186493e-01 3.619133e-05 -1.458588e-05 -1.243650e-05 1.037786e-04
12481.730626 6.550777e-01 -2.851162e-03 1.810082e-03 1.188418e-01 4.202032e-05 -1.627546e-05 -8.514080e-06 1.039033e-04
12486.467237 6.545852e-01 -2.843594e-03 1.804537e-03 1.186833e-01 5.160539e-05 -1.832789e-05 -1.188348e-05 9.758585e-05
12491.216040 6.539384e-01 -2.850084e-03 1.789454e-03 1.188909e-01 4.940509e-05 -2.444093e-05 -1.509805e-05 1.027574e-04
12495.977036 6.520695e-01 -2.854441e-03 1.766484e-03 1.187594e-01 3.720815e-05 -1.381064e-05 -1.634156e-05 1.064104e-04
12500.750223 6.490833e-01 -2.859728e-03 1.767999e-03 1.183920e-01 2.821286e-05 -1.232365e-05 -8.021967e-06 1.065596e-04
12505.535602 6.510279e-01 -2.854665e-03 1.780466e-03 1.182189e-01 2.444883e-05 -2.719583e-05 9.229918e-06 1.089922e-04
12510.333172 6.516272e-01 -2.856673e-03 1.791046e-03 1.186156e-01 3.842305e-05 -2.171575e-05 1.248495e-05 1.119755e-04
12515.142935 6.508711e-01 -2.849260e-03 1.794431e-03 1.188576e-01 4.597381e-05 -2.341503e-05 9.602458e-06 1.183149e-04
12519.964890 6.500674e-01 -2.867361e-03 1.777897e-03 1.193887e-01 4.705925e-05 -3.181667e-05 2.875734e-06 1.189385e-04
12524.799037 6.493548e-01 -2.850764e-03 1.778494e-03 1.193346e-01 4.097877e-05 -3.219645e-05 -8.014408e-06 1.167513e-04
12529.645375 6.437981e-01 -2.836987e-03 1.764745e-03 1.185458e-01 3.745126e-05 -3.161814e-05 -1.530151e-05 1.162866e-04
12534.503905 3.387079e-01 -1.494994e-03 9.181129e-04 6.247047e-02 2.186543e-05 -1.757080e-05 -6.840206e-06 5.726287e-05
12539.374628 6.925606e-03 -3.038905e-05 1.929626e-05 1.277130e-03 4.561472e-07 -3.941327e-07 -1.354432e-07 1.125985e-06
