# Facility: NSLS-II
# Beamline: QAS
# Year: 2023
# Cycle: 3
# SAF: 312215
# PI: Reece
# Proposal: 313586
# Scan ID: 271145
# UID: 5202dd68-7661-44f2-9e95-bd5593d9dc26
# Comment: 
# Start time: 10/18/2023  20:24:23
# Stop time: 10/18/2023  20:24:55
# Total time: 00:31
# Trajectory name: Pt-L3-30s-11564.txt
# Element: Platinum ( 78)
# Edge: L3
# E0: 11564
# Reference Foil Element: Pt
# Keithley Gains I0: 1E6 V/A It: 1E6 V/A Iref: 1E7 V/A PIPS: 1E8 V/A 
# Ion Chamber Gas Flow Rates: I0: 0.00 sccm He + 189.60 sccm N2 + 9.80 sccm Ar 
# Ion Chamber Gas Flow Rates: It&Iref: 39.70 sccm N2 + 60.10 sccm Ar
# Incident Beam Path Vertical: 31.75 mm
# Incident Slits Positions B: TOP: 2.0 mm Bottom: 1.0 mm Inboard: 0.57675 mm Outboard: 1.57675 mm
# Sample Stage Positions: Rotation: 40.0 deg Horizontal: -10.11 mm Vertical: 15.39 mm Beam Direction: 0.00 mm
# PerkinElmer Vertical Position: 500.00 mm
# Linkam Oven Temperature : 3.03 C and Ramp Rate: 20.00 C/min.
# Front End Mirror Horizontal Positions: Up: -14.00 mm Down: -14.00 mm
#
# energy  i0  it  ir  iff  aux1  aux2  aux3  aux4
11380.468179 4.213276e-01 9.502372e-03 1.468526e-02 2.858018e-02 2.255546e-05 -1.295170e-05 1.530459e-06 4.473789e-05
11385.468179 8.281936e-01 1.876862e-02 2.912847e-02 5.661913e-02 4.035269e-05 -2.715757e-05 9.752041e-06 9.335971e-05
11390.468179 8.347479e-01 1.929687e-02 2.990860e-02 5.709763e-02 3.103847e-05 -2.860191e-05 1.047705e-05 9.563163e-05
11395.468179 8.416981e-01 1.958459e-02 3.030836e-02 5.706661e-02 2.971011e-05 -3.493464e-05 9.044431e-06 9.522855e-05
11400.468179 8.399178e-01 1.974254e-02 3.059404e-02 5.743457e-02 3.300615e-05 -3.975494e-05 -4.495783e-06 1.001843e-04
11405.468179 8.380579e-01 1.992517e-02 3.087857e-02 5.726821e-02 3.947332e-05 -4.890576e-05 -9.291673e-07 1.013309e-04
11410.468179 8.350438e-01 1.994785e-02 3.100983e-02 5.730302e-02 1.635854e-05 -4.434120e-05 -1.519426e-06 9.593567e-05
11415.468179 8.271223e-01 1.981627e-02 3.089465e-02 5.730742e-02 1.746984e-05 -4.234668e-05 -1.545607e-06 9.088132e-05
11420.468179 8.270591e-01 1.993716e-02 3.110469e-02 5.859341e-02 1.800474e-05 -4.401875e-05 -7.461714e-06 9.861874e-05
11425.468179 8.347736e-01 2.044886e-02 3.186171e-02 5.860468e-02 1.825421e-05 -4.336340e-05 -9.763897e-06 8.604414e-05
11430.468179 8.354264e-01 2.069220e-02 3.224071e-02 5.806212e-02 1.926939e-05 -3.234600e-05 -6.837153e-06 9.319002e-05
11435.468179 8.344137e-01 2.083201e-02 3.247537e-02 5.765479e-02 2.914354e-05 -2.102146e-05 -6.218088e-06 8.841847e-05
11440.468179 8.325848e-01 2.092741e-02 3.264268e-02 5.786685e-02 2.724050e-05 -2.816456e-05 4.531774e-07 8.808459e-05
11445.468179 8.311439e-01 2.094062e-02 3.276989e-02 5.765698e-02 2.357849e-05 -2.790547e-05 4.411572e-06 8.519175e-05
11450.468179 8.301171e-01 2.108703e-02 3.301480e-02 5.826427e-02 2.414391e-05 -2.181703e-05 6.670319e-06 8.206986e-05
11455.468179 8.290593e-01 2.110468e-02 3.306931e-02 5.830309e-02 1.838587e-05 -3.184712e-05 9.542367e-07 9.340218e-05
11460.468179 8.287079e-01 2.131341e-02 3.348288e-02 5.798140e-02 1.763656e-05 -3.644614e-05 -6.424075e-06 9.381414e-05
11465.468179 8.279356e-01 2.164051e-02 3.399766e-02 5.787555e-02 1.684849e-05 -3.634912e-05 -2.223323e-06 9.199358e-05
11470.468179 8.267843e-01 2.174428e-02 3.421513e-02 5.805498e-02 1.432374e-05 -4.155784e-05 -1.528217e-06 7.732736e-05
11475.468179 8.255391e-01 2.160509e-02 3.405797e-02 5.800212e-02 2.789341e-05 -4.349363e-05 6.235556e-06 7.077298e-05
11480.468179 8.245200e-01 2.142931e-02 3.389145e-02 5.796521e-02 3.491823e-05 -3.807773e-05 2.101045e-06 7.528598e-05
11485.468179 8.234766e-01 2.208152e-02 3.486264e-02 5.834888e-02 3.054429e-05 -2.555610e-05 3.998646e-07 7.950942e-05
11490.468179 8.224817e-01 2.236488e-02 3.527886e-02 5.847670e-02 2.456394e-05 -2.326831e-05 -3.371939e-06 8.680392e-05
11495.468179 8.214740e-01 2.253325e-02 3.560801e-02 5.852360e-02 3.033581e-05 -2.669442e-05 -1.011803e-05 7.629902e-05
11500.468179 8.215577e-01 2.271498e-02 3.588599e-02 5.872066e-02 2.755002e-05 -2.269734e-05 -1.259122e-06 7.660789e-05
11505.468179 8.202448e-01 2.281466e-02 3.604290e-02 5.899031e-02 2.794078e-05 -2.133138e-05 -8.046676e-06 7.543922e-05
11510.468179 8.189189e-01 2.295464e-02 3.626185e-02 5.926753e-02 3.356338e-05 -3.139725e-05 -1.394731e-06 8.349532e-05
11515.468179 8.176196e-01 2.309675e-02 3.645727e-02 5.906428e-02 3.177552e-05 -3.180215e-05 1.256711e-06 8.071171e-05
11520.468179 8.169969e-01 2.327001e-02 3.668892e-02 5.921363e-02 3.634968e-05 -2.089276e-05 1.470879e-05 7.881414e-05
11525.468179 8.162577e-01 2.338408e-02 3.673014e-02 5.959697e-02 4.516022e-05 -1.388457e-05 9.642272e-06 8.716745e-05
11530.468179 8.156539e-01 2.345384e-02 3.668983e-02 5.985788e-02 3.179469e-05 -2.698361e-05 1.099949e-05 8.503827e-05
11534.000000 8.157651e-01 2.357637e-02 3.668017e-02 6.005441e-02 3.722057e-05 -1.360456e-05 1.249798e-05 7.552372e-05
11535.000000 8.159325e-01 2.360643e-02 3.665956e-02 6.022368e-02 4.093770e-05 -1.019400e-05 8.962361e-06 6.790215e-05
11536.000000 8.144707e-01 2.358412e-02 3.664711e-02 6.076128e-02 4.543518e-05 -1.569166e-05 2.030003e-05 7.658303e-05
11537.000000 8.142998e-01 2.360263e-02 3.681631e-02 6.037976e-02 4.621711e-05 -1.418806e-05 2.314179e-05 7.196697e-05
11538.000000 8.139171e-01 2.363275e-02 3.656794e-02 6.005034e-02 4.743348e-05 -1.821301e-05 1.296800e-05 7.385446e-05
11539.000000 8.139601e-01 2.367052e-02 3.659926e-02 6.025726e-02 3.796872e-05 -1.638801e-05 7.980062e-06 7.468668e-05
11540.000000 8.138076e-01 2.374542e-02 3.659342e-02 6.027710e-02 3.950309e-05 -2.515404e-05 3.314760e-09 7.795098e-05
11541.000000 8.127646e-01 2.379685e-02 3.649248e-02 6.090832e-02 4.213042e-05 -2.185339e-05 1.053691e-05 8.734680e-05
11541.200000 8.109167e-01 2.367047e-02 3.650053e-02 5.958563e-02 4.630458e-05 -2.455870e-05 1.319766e-05 8.719554e-05
11541.400000 8.153989e-01 2.393250e-02 3.654580e-02 6.271947e-02 3.276015e-05 -2.707769e-05 3.752578e-06 8.237139e-05
11541.600000 8.194271e-01 2.398361e-02 3.660917e-02 6.357307e-02 3.628857e-05 -2.382636e-05 -8.859699e-06 7.125188e-05
11541.800000 8.118061e-01 2.379708e-02 3.660903e-02 6.080828e-02 3.743913e-05 -4.246294e-05 2.429717e-05 8.485519e-05
11542.000000 8.189194e-01 2.404256e-02 3.682787e-02 6.088974e-02 3.217985e-05 -3.559450e-05 2.834762e-05 7.977853e-05
11542.200000 8.033707e-01 2.343291e-02 3.585400e-02 6.026639e-02 3.990205e-05 -3.076244e-05 8.908482e-06 6.178084e-05
11542.400000 8.197492e-01 2.411561e-02 3.667001e-02 6.116149e-02 2.634053e-05 -2.479150e-05 2.101742e-05 6.956831e-05
11542.600000 8.159611e-01 2.382152e-02 3.664568e-02 5.991212e-02 4.959433e-05 -3.606971e-05 3.075174e-05 8.253179e-05
11542.800000 8.097656e-01 2.380325e-02 3.641694e-02 6.293823e-02 4.385962e-05 -4.807569e-05 2.871145e-05 8.281156e-05
11543.000000 8.190865e-01 2.400936e-02 3.671176e-02 6.225468e-02 5.030579e-05 -4.543228e-05 2.230917e-05 8.041963e-05
11543.200000 8.073143e-01 2.358811e-02 3.612049e-02 6.184432e-02 5.799925e-05 -4.332968e-05 2.451788e-05 8.429970e-05
11543.400000 8.097933e-01 2.378641e-02 3.620407e-02 6.160432e-02 3.936135e-05 -3.549643e-05 4.489698e-06 7.236536e-05
11543.600000 8.158620e-01 2.381478e-02 3.638291e-02 6.219852e-02 4.939477e-05 -3.864946e-05 1.182516e-05 8.654817e-05
11543.800000 8.070046e-01 2.371300e-02 3.594206e-02 6.012455e-02 3.636898e-05 -3.457749e-05 1.627231e-06 6.917653e-05
11544.000000 8.103241e-01 2.361025e-02 3.592876e-02 6.349206e-02 4.621305e-05 -3.468650e-05 -1.204114e-05 7.068559e-05
11544.200000 8.144862e-01 2.388493e-02 3.634734e-02 6.346423e-02 5.149450e-05 -3.617113e-05 7.584205e-06 8.938075e-05
11544.400000 8.154601e-01 2.383159e-02 3.628687e-02 6.043657e-02 4.846996e-05 -2.901720e-05 9.762101e-06 9.048104e-05
11544.600000 8.097782e-01 2.363809e-02 3.594721e-02 6.257677e-02 4.993052e-05 -2.846902e-05 8.076308e-06 8.553836e-05
11544.800000 8.170254e-01 2.395584e-02 3.627665e-02 6.282421e-02 4.754197e-05 -2.259200e-05 -8.859953e-06 8.069677e-05
11545.000000 8.154690e-01 2.379732e-02 3.625803e-02 6.229494e-02 5.197582e-05 -1.268506e-05 -1.045315e-05 7.329572e-05
11545.200000 8.176769e-01 2.413176e-02 3.635771e-02 6.074489e-02 3.788551e-05 -1.225559e-05 6.262041e-06 8.481864e-05
11545.400000 8.111879e-01 2.378681e-02 3.630120e-02 6.136376e-02 5.908410e-05 -2.246553e-05 1.587325e-05 8.268595e-05
11545.600000 8.247207e-01 2.427303e-02 3.680279e-02 6.348361e-02 5.264749e-05 -2.784694e-05 4.022352e-05 9.592597e-05
11545.800000 8.124555e-01 2.390432e-02 3.600002e-02 6.220163e-02 3.877573e-05 -1.868881e-05 1.482784e-05 8.689877e-05
11546.000000 8.141792e-01 2.390645e-02 3.600401e-02 6.194714e-02 3.804021e-05 -3.110770e-05 1.302511e-05 7.104998e-05
11546.200000 8.129500e-01 2.400350e-02 3.586295e-02 6.162547e-02 3.391019e-05 -2.798795e-05 3.405508e-05 8.703585e-05
11546.400000 8.099609e-01 2.375725e-02 3.608699e-02 6.028602e-02 5.281022e-05 -2.603938e-05 1.501227e-05 8.220602e-05
11546.600000 8.148392e-01 2.411690e-02 3.621704e-02 6.270886e-02 4.841186e-05 -1.789426e-05 1.201076e-05 1.004847e-04
11546.800000 8.086953e-01 2.379632e-02 3.582680e-02 6.290274e-02 4.518124e-05 -1.298822e-05 -7.076146e-07 8.243663e-05
11547.000000 8.162412e-01 2.412592e-02 3.622998e-02 6.195554e-02 3.388487e-05 -1.714800e-05 1.389903e-05 7.786379e-05
11547.200000 8.113189e-01 2.391771e-02 3.599825e-02 6.199290e-02 3.381108e-05 -2.674010e-05 1.766234e-05 7.381380e-05
11547.400000 8.233279e-01 2.433557e-02 3.625520e-02 6.478174e-02 3.086357e-05 -2.632979e-05 2.109142e-05 8.487049e-05
11547.600000 8.108727e-01 2.394578e-02 3.565837e-02 6.230535e-02 2.668792e-05 -2.514957e-05 1.554858e-05 8.083984e-05
11547.800000 8.083382e-01 2.381072e-02 3.563914e-02 6.007183e-02 3.149721e-05 -2.252480e-05 1.389855e-05 7.423760e-05
11548.000000 8.117324e-01 2.399107e-02 3.568896e-02 6.263450e-02 3.569400e-05 -2.401990e-05 7.381113e-06 7.444664e-05
11548.200000 8.106007e-01 2.388595e-02 3.560743e-02 6.150475e-02 3.976282e-05 -1.453748e-05 8.247570e-06 8.074969e-05
11548.400000 8.152639e-01 2.418251e-02 3.587282e-02 6.210828e-02 2.533449e-05 -1.355159e-05 2.377179e-05 8.483039e-05
11548.600000 8.097114e-01 2.387735e-02 3.532263e-02 6.205955e-02 3.513030e-05 -1.170213e-05 2.700446e-05 8.062052e-05
11548.800000 8.204703e-01 2.431279e-02 3.605294e-02 6.509092e-02 2.124640e-05 -2.671944e-05 1.490271e-05 7.673215e-05
11549.000000 7.888984e-01 2.326795e-02 3.427230e-02 6.157824e-02 3.055252e-05 -2.305866e-05 1.369703e-05 7.468039e-05
11549.200000 8.193510e-01 2.430235e-02 3.569900e-02 6.168247e-02 1.527122e-05 -1.631410e-05 2.632053e-05 9.395884e-05
11549.400000 8.128919e-01 2.411792e-02 3.538944e-02 6.126646e-02 1.130108e-05 -1.384152e-05 1.409167e-05 7.429709e-05
11549.600000 8.096968e-01 2.394913e-02 3.538021e-02 6.408415e-02 1.274807e-05 -1.675337e-05 7.706398e-06 5.541208e-05
11549.800000 8.104108e-01 2.405636e-02 3.531683e-02 6.166801e-02 1.894656e-05 -1.140463e-05 1.589668e-06 5.581589e-05
11550.000000 8.155051e-01 2.410022e-02 3.555500e-02 6.371685e-02 3.060916e-05 -8.346484e-06 6.640252e-06 6.788489e-05
11550.200000 8.116386e-01 2.412311e-02 3.533176e-02 6.307307e-02 1.236985e-05 -1.323529e-05 1.289078e-05 6.536683e-05
11550.400000 8.133840e-01 2.403043e-02 3.534968e-02 6.356922e-02 2.564207e-05 -2.094562e-05 2.021172e-05 8.205830e-05
11550.600000 8.073750e-01 2.404299e-02 3.516727e-02 6.422363e-02 1.585156e-05 -1.726443e-05 1.476490e-05 8.293667e-05
11550.800000 8.183382e-01 2.412930e-02 3.528525e-02 6.258979e-02 3.372468e-05 -1.746048e-05 -4.458740e-06 6.838026e-05
11551.000000 8.132769e-01 2.418264e-02 3.505034e-02 6.298576e-02 2.447020e-05 -2.221618e-05 1.648528e-05 6.083434e-05
11551.200000 8.119278e-01 2.400910e-02 3.485392e-02 6.321507e-02 3.080102e-05 -2.050273e-05 1.510017e-05 6.087200e-05
11551.400000 8.120426e-01 2.416131e-02 3.495700e-02 6.284445e-02 2.981144e-05 -1.806113e-05 2.260837e-05 6.264157e-05
11551.600000 8.164323e-01 2.414166e-02 3.496769e-02 6.542801e-02 3.672861e-05 -2.573614e-05 2.772682e-05 6.772500e-05
11551.800000 8.131308e-01 2.416338e-02 3.508454e-02 6.374704e-02 2.940610e-05 -4.047000e-05 1.311013e-05 6.577157e-05
11552.000000 8.148597e-01 2.409252e-02 3.472463e-02 6.461583e-02 3.054569e-05 -3.411478e-05 4.020421e-06 5.148467e-05
11552.200000 8.092054e-01 2.399892e-02 3.417174e-02 6.405491e-02 2.351966e-05 -2.706817e-05 1.701826e-05 5.955509e-05
11552.400000 8.140118e-01 2.414800e-02 3.452357e-02 6.396456e-02 2.060279e-05 -3.373937e-05 4.080917e-05 7.274401e-05
11552.600000 8.112708e-01 2.405912e-02 3.418778e-02 6.300802e-02 3.543525e-05 -3.462811e-05 3.158516e-05 6.705529e-05
11552.800000 8.129595e-01 2.415069e-02 3.412738e-02 6.316113e-02 3.810501e-05 -4.279943e-05 1.515861e-05 6.800704e-05
11553.000000 8.194493e-01 2.431774e-02 3.432359e-02 6.516494e-02 3.466821e-05 -3.809892e-05 2.435533e-05 8.640099e-05
11553.200000 8.055856e-01 2.387815e-02 3.334707e-02 6.366541e-02 3.884203e-05 -3.840001e-05 8.061841e-06 6.044580e-05
11553.400000 8.143629e-01 2.412071e-02 3.393388e-02 6.663554e-02 2.860660e-05 -4.068866e-05 1.068700e-05 6.206479e-05
11553.600000 8.075521e-01 2.387541e-02 3.342194e-02 6.475283e-02 2.359968e-05 -4.702825e-05 4.313848e-06 5.855743e-05
11553.800000 8.105655e-01 2.401511e-02 3.359541e-02 6.431576e-02 1.171929e-05 -4.433248e-05 1.248171e-05 6.638567e-05
11554.000000 8.133591e-01 2.402106e-02 3.339520e-02 6.416268e-02 1.516879e-05 -4.245553e-05 5.133089e-06 6.793965e-05
11554.200000 8.136582e-01 2.412641e-02 3.361321e-02 6.624372e-02 1.124959e-05 -3.922301e-05 -7.295708e-06 6.425726e-05
11554.400000 8.087306e-01 2.393340e-02 3.293547e-02 6.594674e-02 1.676547e-05 -3.128196e-05 -4.025611e-06 7.360440e-05
11554.600000 8.124896e-01 2.407019e-02 3.311272e-02 6.606252e-02 9.696782e-06 -3.853654e-05 -7.538704e-06 7.573869e-05
11554.800000 8.154653e-01 2.407523e-02 3.306406e-02 6.663644e-02 1.521187e-05 -4.527744e-05 -2.293754e-05 5.785837e-05
11555.000000 8.093966e-01 2.404230e-02 3.255875e-02 6.537983e-02 9.533249e-06 -3.247056e-05 -2.838581e-05 5.055259e-05
11555.200000 8.138253e-01 2.403384e-02 3.258058e-02 6.651262e-02 1.489127e-05 -2.442688e-05 -1.538742e-05 7.328091e-05
11555.400000 8.126094e-01 2.412044e-02 3.226070e-02 6.578936e-02 8.476430e-06 -2.292792e-05 -3.734610e-06 6.636066e-05
11555.600000 8.129176e-01 2.400853e-02 3.210203e-02 6.744759e-02 2.072680e-05 -3.946821e-05 -4.571881e-06 6.008293e-05
11555.800000 8.123494e-01 2.413440e-02 3.198574e-02 6.577029e-02 1.699721e-05 -4.484109e-05 -5.385054e-06 6.171415e-05
11556.000000 8.103446e-01 2.395134e-02 3.163026e-02 6.843526e-02 2.634840e-05 -4.008529e-05 -7.570121e-07 6.876737e-05
11556.200000 8.146461e-01 2.417092e-02 3.170031e-02 6.933501e-02 2.826234e-05 -3.830040e-05 9.846774e-07 7.117060e-05
11556.400000 8.111006e-01 2.391514e-02 3.139294e-02 6.635341e-02 3.979721e-05 -3.319063e-05 -2.398380e-05 6.077604e-05
11556.600000 8.115833e-01 2.407189e-02 3.125414e-02 6.723518e-02 2.987343e-05 -3.482744e-05 -1.784797e-05 5.993157e-05
11556.800000 8.127010e-01 2.403824e-02 3.079392e-02 6.952306e-02 3.458586e-05 -3.439110e-05 -8.332430e-06 7.320801e-05
11557.000000 8.115457e-01 2.416465e-02 3.100370e-02 7.077826e-02 3.131889e-05 -3.419347e-05 -9.808421e-06 7.964282e-05
11557.200000 8.146816e-01 2.413477e-02 3.062696e-02 7.033748e-02 3.783093e-05 -2.552414e-05 -2.026591e-06 8.783598e-05
11557.400000 8.129627e-01 2.416440e-02 3.024283e-02 6.922187e-02 2.732463e-05 -3.307476e-05 2.921102e-06 8.668372e-05
11557.600000 8.087974e-01 2.406461e-02 2.958991e-02 6.950746e-02 2.260318e-05 -3.804070e-05 3.084027e-07 8.168675e-05
11557.800000 8.204919e-01 2.442194e-02 3.010585e-02 7.116406e-02 2.880359e-05 -3.866344e-05 1.323521e-06 7.448740e-05
11558.000000 8.078963e-01 2.409045e-02 2.927760e-02 6.957005e-02 2.733038e-05 -4.258858e-05 4.860937e-06 8.033382e-05
11558.200000 8.146102e-01 2.422570e-02 2.923359e-02 7.144962e-02 2.896691e-05 -5.121818e-05 6.071880e-06 7.551152e-05
11558.400000 8.103140e-01 2.413447e-02 2.850327e-02 7.068922e-02 1.335444e-05 -4.619208e-05 9.750377e-07 6.780571e-05
11558.600000 8.093772e-01 2.404701e-02 2.822675e-02 7.175171e-02 2.404521e-05 -4.651059e-05 -5.081194e-06 5.852763e-05
11558.800000 8.023049e-01 2.393964e-02 2.781662e-02 7.299631e-02 2.197541e-05 -4.098470e-05 4.388948e-06 6.495494e-05
11559.000000 8.160491e-01 2.426892e-02 2.807074e-02 7.511006e-02 3.463220e-05 -3.411485e-05 -1.440571e-06 6.831754e-05
11559.200000 8.113008e-01 2.422363e-02 2.714305e-02 7.447455e-02 4.018737e-05 -3.115406e-05 -6.693454e-06 5.191865e-05
11559.400000 8.125518e-01 2.425068e-02 2.672068e-02 7.471701e-02 6.006877e-05 -2.828558e-05 1.160353e-05 7.465248e-05
11559.600000 8.092825e-01 2.415244e-02 2.606280e-02 7.674817e-02 4.547059e-05 -2.862189e-05 2.227974e-06 6.689268e-05
11559.800000 8.123860e-01 2.429598e-02 2.572530e-02 7.621299e-02 3.359694e-05 -2.783393e-05 5.581171e-06 7.733680e-05
11560.000000 8.144860e-01 2.432193e-02 2.537944e-02 7.746535e-02 4.892031e-05 -2.402327e-05 -1.052991e-05 8.573518e-05
11560.200000 8.120691e-01 2.437555e-02 2.475912e-02 7.716420e-02 3.778224e-05 -3.144079e-05 -2.411707e-05 8.001390e-05
11560.400000 8.122854e-01 2.429487e-02 2.420460e-02 7.936589e-02 3.830321e-05 -4.142943e-05 -1.329179e-05 9.020253e-05
11560.600000 8.072219e-01 2.420472e-02 2.343571e-02 7.949312e-02 2.771521e-05 -3.420668e-05 -2.934165e-05 7.937757e-05
11560.800000 8.096132e-01 2.433159e-02 2.260970e-02 8.061221e-02 4.171114e-05 -3.240870e-05 -1.208421e-05 8.644261e-05
11561.000000 8.154404e-01 2.446423e-02 2.234693e-02 8.246362e-02 4.606630e-05 -3.464936e-05 -3.520509e-06 9.924085e-05
11561.200000 8.096790e-01 2.437651e-02 2.147877e-02 8.286465e-02 4.548748e-05 -4.084971e-05 1.779672e-05 1.023646e-04
11561.400000 8.125630e-01 2.443252e-02 2.085079e-02 8.467831e-02 5.463731e-05 -4.478608e-05 -1.883774e-05 8.520283e-05
11561.600000 8.027469e-01 2.416313e-02 1.968917e-02 8.452715e-02 4.761615e-05 -5.234719e-05 -1.628068e-06 8.923621e-05
11561.800000 8.136635e-01 2.455349e-02 1.933041e-02 8.738857e-02 3.545375e-05 -5.088887e-05 -3.426815e-05 7.349128e-05
11562.000000 8.086622e-01 2.429512e-02 1.824802e-02 8.987470e-02 3.482874e-05 -5.010741e-05 1.958332e-06 9.435376e-05
11562.200000 8.133496e-01 2.450192e-02 1.755656e-02 9.164797e-02 3.696195e-05 -5.530823e-05 -4.156671e-05 7.208917e-05
11562.400000 8.100612e-01 2.448638e-02 1.677048e-02 9.367767e-02 3.602903e-05 -6.054634e-05 -1.316991e-05 8.145073e-05
11562.600000 8.122989e-01 2.449282e-02 1.593180e-02 9.509817e-02 5.371353e-05 -5.803878e-05 -2.821842e-05 7.558202e-05
11562.800000 8.117625e-01 2.449085e-02 1.492540e-02 9.777162e-02 3.666012e-05 -5.031752e-05 -1.646473e-07 7.917734e-05
11563.000000 8.081649e-01 2.443034e-02 1.423289e-02 9.902380e-02 3.891439e-05 -4.558698e-05 -7.923566e-06 7.393581e-05
11563.200000 8.082865e-01 2.440875e-02 1.316366e-02 1.029251e-01 4.985112e-05 -4.570410e-05 -4.252213e-06 8.211886e-05
11563.400000 8.130053e-01 2.451679e-02 1.262831e-02 1.056292e-01 5.267813e-05 -4.758599e-05 -4.912430e-06 8.756101e-05
11563.600000 8.118187e-01 2.450028e-02 1.171904e-02 1.079256e-01 5.220647e-05 -3.728993e-05 -2.849676e-06 8.738519e-05
11563.800000 8.120257e-01 2.453934e-02 1.097092e-02 1.101527e-01 4.299511e-05 -3.170418e-05 1.171210e-05 9.940524e-05
11564.000000 8.108167e-01 2.450920e-02 1.013088e-02 1.149741e-01 3.940070e-05 -2.898040e-05 1.177407e-06 9.366262e-05
11564.200000 8.113817e-01 2.452125e-02 9.533513e-03 1.169497e-01 4.071624e-05 -3.197758e-05 -4.833333e-06 9.462630e-05
11564.400000 8.060247e-01 2.436686e-02 8.713215e-03 1.200322e-01 4.368301e-05 -2.749328e-05 -9.031029e-07 9.610763e-05
11564.600000 8.126169e-01 2.454560e-02 8.206760e-03 1.218278e-01 3.508642e-05 -2.518178e-05 -2.208085e-06 9.005268e-05
11564.800000 8.113838e-01 2.449753e-02 7.734008e-03 1.260105e-01 3.744870e-05 -1.681573e-05 -2.054729e-06 7.500980e-05
11565.000000 8.113840e-01 2.451093e-02 7.274137e-03 1.289000e-01 4.367842e-05 -2.318871e-05 -3.417081e-06 7.599628e-05
11565.200000 8.124670e-01 2.451891e-02 7.000655e-03 1.310352e-01 3.964320e-05 -3.237442e-05 -5.206470e-06 7.278223e-05
11565.400000 8.122075e-01 2.453538e-02 6.723239e-03 1.337794e-01 3.904141e-05 -2.828452e-05 -1.180490e-05 8.855427e-05
11565.600000 8.108777e-01 2.453539e-02 6.498691e-03 1.361297e-01 3.741361e-05 -2.846588e-05 -1.635594e-05 7.985040e-05
11565.800000 8.045782e-01 2.432389e-02 6.263283e-03 1.382992e-01 3.913096e-05 -2.849557e-05 -1.543729e-05 7.633876e-05
11566.000000 8.122362e-01 2.453367e-02 6.034423e-03 1.421057e-01 3.732724e-05 -2.977996e-05 -6.821789e-06 7.221935e-05
11566.200000 8.097181e-01 2.446652e-02 5.795211e-03 1.419067e-01 4.434357e-05 -3.425735e-05 8.683861e-07 8.626605e-05
11566.400000 8.101853e-01 2.452980e-02 5.813447e-03 1.431073e-01 4.215165e-05 -2.913365e-05 -9.827187e-06 9.009645e-05
11566.600000 8.098010e-01 2.450628e-02 5.502182e-03 1.445526e-01 3.560055e-05 -2.336505e-05 7.147879e-06 9.195004e-05
11566.800000 8.106702e-01 2.455525e-02 5.741543e-03 1.449942e-01 2.139857e-05 -2.316997e-05 9.199124e-06 8.164016e-05
11567.000000 8.107915e-01 2.457115e-02 5.898656e-03 1.475434e-01 3.257301e-05 -2.978394e-05 9.876984e-06 8.436770e-05
11567.200000 8.091702e-01 2.452763e-02 5.769443e-03 1.475030e-01 3.248157e-05 -3.199260e-05 7.371633e-06 6.519846e-05
11567.400000 8.123968e-01 2.460506e-02 5.831905e-03 1.476351e-01 4.548509e-05 -2.304276e-05 3.734626e-06 7.474045e-05
11567.600000 8.054313e-01 2.439805e-02 5.689084e-03 1.472080e-01 3.898730e-05 -2.259452e-05 -7.611899e-07 7.625051e-05
11567.800000 8.122113e-01 2.463546e-02 5.872022e-03 1.475224e-01 4.216218e-05 -2.178214e-05 -1.212409e-05 8.418107e-05
11568.000000 8.084789e-01 2.456768e-02 6.152606e-03 1.479780e-01 4.632684e-05 -2.132439e-05 -7.946851e-06 6.814626e-05
11568.200000 8.126949e-01 2.468614e-02 6.000217e-03 1.491703e-01 4.334828e-05 -2.724226e-05 -8.482008e-06 7.001146e-05
11568.400000 8.094963e-01 2.461085e-02 6.171420e-03 1.463110e-01 2.919199e-05 -2.174036e-05 -1.419655e-05 5.974446e-05
11568.600000 8.106537e-01 2.462014e-02 6.243482e-03 1.463356e-01 3.759674e-05 -1.880333e-05 3.000527e-06 7.057742e-05
11568.800000 8.079227e-01 2.454222e-02 6.247998e-03 1.451806e-01 3.804546e-05 -1.978078e-05 1.462110e-05 7.256994e-05
11569.000000 8.108077e-01 2.467651e-02 6.337216e-03 1.451298e-01 2.522959e-05 -2.333548e-05 3.037538e-05 9.117590e-05
11569.200000 8.118878e-01 2.472800e-02 6.690004e-03 1.451662e-01 3.125861e-05 -1.780702e-05 2.258079e-05 9.176327e-05
11569.400000 8.069380e-01 2.455220e-02 6.711126e-03 1.444118e-01 3.495857e-05 -2.837273e-05 -1.389816e-05 6.869110e-05
11569.600000 8.108720e-01 2.467251e-02 6.924260e-03 1.440781e-01 4.077511e-05 -2.900533e-05 -7.368272e-06 6.317832e-05
11569.800000 8.099227e-01 2.466236e-02 7.172615e-03 1.435745e-01 2.998069e-05 -3.326571e-05 -1.271919e-05 7.373463e-05
11570.000000 8.086917e-01 2.464440e-02 7.420784e-03 1.428497e-01 4.335891e-05 -2.997733e-05 -7.057663e-06 7.232086e-05
11570.200000 8.092440e-01 2.466894e-02 7.320462e-03 1.432402e-01 4.483461e-05 -2.957419e-05 4.029943e-06 8.221820e-05
11570.400000 8.104200e-01 2.472713e-02 7.279624e-03 1.417979e-01 3.997721e-05 -2.871041e-05 1.348200e-05 8.598705e-05
11570.600000 8.102802e-01 2.473144e-02 7.392948e-03 1.406599e-01 4.628849e-05 -2.567412e-05 5.386514e-06 8.592833e-05
11570.800000 8.103705e-01 2.473864e-02 7.546440e-03 1.392215e-01 4.999691e-05 -2.510282e-05 -3.193364e-06 9.228071e-05
11571.000000 8.083642e-01 2.469814e-02 7.655173e-03 1.388761e-01 4.719660e-05 -3.689233e-05 -1.291851e-05 1.000397e-04
11571.200000 8.109548e-01 2.479432e-02 7.616736e-03 1.384878e-01 3.382566e-05 -3.526573e-05 -1.320019e-05 9.675579e-05
11571.400000 8.090935e-01 2.475552e-02 7.684631e-03 1.369374e-01 3.000923e-05 -3.230677e-05 -5.868415e-06 9.727396e-05
11571.600000 8.110576e-01 2.478893e-02 7.665106e-03 1.374355e-01 3.393583e-05 -4.180946e-05 8.544011e-06 1.059552e-04
11571.800000 8.084287e-01 2.469267e-02 7.604578e-03 1.366677e-01 2.707841e-05 -4.530071e-05 1.090383e-05 1.094790e-04
11572.000000 8.103430e-01 2.479206e-02 7.953933e-03 1.362894e-01 2.681427e-05 -3.735292e-05 1.675432e-05 9.523440e-05
11572.200000 8.102942e-01 2.477153e-02 8.076230e-03 1.344879e-01 1.450980e-05 -4.186157e-05 -4.492853e-06 8.066037e-05
11572.400000 8.090815e-01 2.474519e-02 8.093166e-03 1.341191e-01 2.100953e-05 -4.214753e-05 1.382540e-06 8.533149e-05
11572.600000 8.093798e-01 2.481495e-02 8.103804e-03 1.340064e-01 2.516823e-05 -3.692472e-05 -1.007589e-05 7.994219e-05
11572.800000 8.087349e-01 2.473161e-02 8.134897e-03 1.338054e-01 3.180627e-05 -3.972262e-05 -2.608809e-05 6.973402e-05
11573.000000 8.093276e-01 2.480056e-02 8.292591e-03 1.341099e-01 3.751089e-05 -3.770747e-05 -1.120794e-05 8.169619e-05
11573.200000 8.099645e-01 2.484423e-02 8.396788e-03 1.336180e-01 3.964564e-05 -4.570983e-05 -7.390098e-06 8.601882e-05
11573.400000 8.087924e-01 2.477172e-02 8.464113e-03 1.322971e-01 2.745527e-05 -4.274632e-05 -2.385617e-06 8.969695e-05
11573.600000 8.093221e-01 2.478031e-02 8.432893e-03 1.324770e-01 3.118545e-05 -4.062875e-05 2.336845e-06 9.341421e-05
11573.800000 8.099010e-01 2.482222e-02 8.362513e-03 1.311344e-01 3.096020e-05 -4.199266e-05 -4.972841e-06 9.002626e-05
11574.000000 8.083857e-01 2.477414e-02 8.274565e-03 1.302538e-01 2.215557e-05 -3.476291e-05 -4.056568e-06 9.089424e-05
11574.200000 8.095967e-01 2.486988e-02 8.686751e-03 1.310459e-01 2.778093e-05 -2.814036e-05 1.891472e-06 8.939838e-05
11574.400000 8.094801e-01 2.486539e-02 8.813308e-03 1.301597e-01 2.174935e-05 -3.260891e-05 -4.144400e-06 7.419063e-05
11574.600000 8.090514e-01 2.481149e-02 8.572533e-03 1.297975e-01 2.902661e-05 -3.064415e-05 7.164016e-07 9.012963e-05
11574.800000 8.093155e-01 2.485199e-02 8.594627e-03 1.296465e-01 2.693590e-05 -2.870689e-05 -2.846591e-06 9.355624e-05
11575.000000 8.084691e-01 2.483832e-02 8.659416e-03 1.302206e-01 3.508431e-05 -2.892059e-05 -1.846743e-05 7.893681e-05
11575.200000 8.092398e-01 2.485779e-02 8.571125e-03 1.302168e-01 3.865220e-05 -2.401245e-05 1.967703e-06 9.349302e-05
11575.400000 8.076882e-01 2.483877e-02 8.847248e-03 1.289417e-01 4.368919e-05 -3.072195e-05 1.732405e-05 1.069523e-04
11575.600000 8.094719e-01 2.489045e-02 8.889956e-03 1.287989e-01 4.622076e-05 -3.511088e-05 5.577084e-06 1.030483e-04
11575.800000 8.095883e-01 2.492667e-02 8.865335e-03 1.295805e-01 5.182147e-05 -3.091511e-05 2.467138e-06 9.775170e-05
11576.000000 8.067268e-01 2.483605e-02 8.857089e-03 1.283131e-01 5.104057e-05 -3.392060e-05 2.099920e-06 8.716974e-05
11576.200000 8.091392e-01 2.490853e-02 8.783514e-03 1.294677e-01 4.009991e-05 -4.029900e-05 -1.323497e-05 9.046926e-05
11576.400000 8.076873e-01 2.487819e-02 8.851443e-03 1.276937e-01 3.845507e-05 -4.107941e-05 1.255708e-05 9.183225e-05
11576.600000 8.091600e-01 2.491057e-02 8.791104e-03 1.283237e-01 2.520828e-05 -3.968854e-05 6.316202e-06 9.585144e-05
11576.800000 8.067750e-01 2.489386e-02 8.522088e-03 1.285651e-01 1.212459e-05 -4.095698e-05 8.230565e-06 1.042237e-04
11577.000000 8.083484e-01 2.488075e-02 8.724270e-03 1.278533e-01 2.896469e-05 -4.982814e-05 5.868416e-06 9.527968e-05
11577.200000 8.071814e-01 2.486597e-02 8.700863e-03 1.286785e-01 3.899203e-05 -4.865564e-05 1.084522e-05 9.175495e-05
11577.400000 8.094983e-01 2.495517e-02 8.656878e-03 1.276884e-01 4.203853e-05 -5.077976e-05 1.251742e-05 8.589195e-05
11577.600000 8.068001e-01 2.487499e-02 8.562921e-03 1.282751e-01 3.865472e-05 -4.967202e-05 2.946467e-06 8.397493e-05
11577.800000 8.094736e-01 2.494207e-02 8.526568e-03 1.287736e-01 4.773178e-05 -4.424344e-05 -2.326800e-07 8.025525e-05
11578.000000 8.085659e-01 2.492585e-02 8.629349e-03 1.281013e-01 5.816305e-05 -4.543301e-05 3.093803e-06 8.783017e-05
11578.200000 8.090461e-01 2.491631e-02 8.537098e-03 1.286230e-01 6.102048e-05 -4.777090e-05 6.435185e-06 9.661769e-05
11578.400000 8.051698e-01 2.480121e-02 8.397823e-03 1.277622e-01 5.469272e-05 -4.738125e-05 5.141124e-06 1.186188e-04
11578.600000 8.106292e-01 2.498768e-02 8.485344e-03 1.309118e-01 5.006848e-05 -4.882057e-05 1.092060e-05 1.122950e-04
11578.800000 8.071705e-01 2.487829e-02 8.452012e-03 1.294845e-01 5.151367e-05 -4.797595e-05 7.488245e-06 1.038024e-04
11579.000000 8.091164e-01 2.492927e-02 8.342165e-03 1.291966e-01 4.417915e-05 -4.821119e-05 7.324437e-07 8.836837e-05
11579.200000 8.071049e-01 2.488974e-02 8.262075e-03 1.271950e-01 4.139950e-05 -4.261173e-05 -1.017347e-05 9.212924e-05
11579.400000 8.089799e-01 2.494937e-02 8.201911e-03 1.285587e-01 4.985040e-05 -3.647390e-05 -4.118078e-06 1.021270e-04
11579.600000 8.059669e-01 2.492654e-02 8.069962e-03 1.272932e-01 3.323511e-05 -3.211226e-05 1.457083e-05 1.080751e-04
11579.800000 8.080518e-01 2.490719e-02 8.421571e-03 1.283697e-01 2.993407e-05 -2.140155e-05 1.072079e-05 1.089638e-04
11580.000000 8.080621e-01 2.498242e-02 8.250928e-03 1.290778e-01 3.096692e-05 -2.716017e-05 1.967119e-05 1.103908e-04
11580.200000 8.052505e-01 2.492658e-02 8.142448e-03 1.290285e-01 3.219971e-05 -2.613797e-05 1.616480e-05 9.610901e-05
11580.400000 8.088472e-01 2.505131e-02 8.419542e-03 1.288390e-01 2.969360e-05 -2.690425e-05 1.201611e-05 9.853263e-05
11580.600000 8.082676e-01 2.502708e-02 8.265059e-03 1.292422e-01 4.143719e-05 -2.494882e-05 1.987186e-06 8.563830e-05
11580.800000 8.085438e-01 2.499792e-02 8.237071e-03 1.277224e-01 5.023199e-05 -2.676925e-05 -7.437620e-06 7.983707e-05
11581.000000 8.077361e-01 2.502057e-02 8.380412e-03 1.294005e-01 4.912299e-05 -2.606214e-05 -2.836676e-06 8.862838e-05
11581.200000 8.073136e-01 2.499685e-02 8.169091e-03 1.282322e-01 4.691216e-05 -2.817191e-05 9.425463e-07 8.833613e-05
11581.400000 8.085180e-01 2.503657e-02 8.239495e-03 1.293851e-01 4.339815e-05 -3.261157e-05 4.354638e-06 9.178377e-05
11581.600000 8.066079e-01 2.496905e-02 8.333104e-03 1.297306e-01 4.116403e-05 -2.757171e-05 -1.377665e-05 9.093083e-05
11581.800000 8.085016e-01 2.507730e-02 8.357858e-03 1.292436e-01 4.724394e-05 -2.282726e-05 -1.309371e-06 9.837320e-05
11582.000000 8.064040e-01 2.507992e-02 8.298390e-03 1.284209e-01 5.287571e-05 -3.074420e-05 -1.972445e-06 1.071484e-04
11582.200000 8.081531e-01 2.509145e-02 8.288141e-03 1.294816e-01 5.742850e-05 -3.472039e-05 -1.251547e-06 1.070691e-04
11582.400000 8.071818e-01 2.504763e-02 8.274672e-03 1.281519e-01 5.240501e-05 -3.225816e-05 -5.262684e-07 1.007649e-04
11582.600000 8.057520e-01 2.503489e-02 8.197422e-03 1.306036e-01 5.463160e-05 -2.786117e-05 -7.882361e-06 6.886095e-05
11582.800000 8.095798e-01 2.514096e-02 8.526235e-03 1.286433e-01 5.228634e-05 -3.206943e-05 -1.012288e-05 6.152209e-05
11583.000000 8.077324e-01 2.509433e-02 8.512186e-03 1.286072e-01 4.361263e-05 -2.996542e-05 -7.522892e-06 9.270357e-05
11583.200000 8.062138e-01 2.503668e-02 8.509600e-03 1.285197e-01 4.692852e-05 -3.350280e-05 -2.568753e-05 8.833231e-05
11583.400000 8.088333e-01 2.515475e-02 8.657919e-03 1.294136e-01 6.228514e-05 -2.719637e-05 -1.494110e-05 8.758304e-05
11583.600000 8.029251e-01 2.494734e-02 8.505976e-03 1.267086e-01 6.520825e-05 -1.982501e-05 -1.475410e-05 7.951527e-05
11583.800000 8.103967e-01 2.519569e-02 8.707762e-03 1.285289e-01 5.128198e-05 -2.534786e-05 -1.449934e-05 8.693345e-05
11584.000000 8.060861e-01 2.505432e-02 9.031070e-03 1.272408e-01 4.316450e-05 -2.349526e-05 -2.263229e-05 8.028449e-05
11584.200000 8.057668e-01 2.504900e-02 8.764418e-03 1.280286e-01 5.120292e-05 -3.019072e-05 -1.040119e-05 9.063452e-05
11584.400000 8.064854e-01 2.508070e-02 8.847167e-03 1.296746e-01 5.679275e-05 -4.003393e-05 -4.877527e-07 9.684610e-05
11584.600000 8.075694e-01 2.511854e-02 8.921695e-03 1.286033e-01 5.362579e-05 -3.248264e-05 5.359046e-06 9.717507e-05
11584.800000 8.074389e-01 2.512286e-02 8.959554e-03 1.284689e-01 4.680782e-05 -2.657155e-05 6.647401e-06 9.870577e-05
11585.000000 8.027891e-01 2.495834e-02 8.842083e-03 1.273285e-01 3.841758e-05 -3.505247e-05 1.305202e-05 1.020234e-04
11585.200000 8.083646e-01 2.515271e-02 9.003028e-03 1.284638e-01 3.971980e-05 -3.587432e-05 1.981973e-05 9.903991e-05
11585.400000 8.038805e-01 2.503227e-02 9.000530e-03 1.265848e-01 3.986165e-05 -2.412901e-05 -7.448640e-06 9.975630e-05
11585.600000 8.088644e-01 2.517157e-02 9.011237e-03 1.284164e-01 4.091169e-05 -3.091444e-05 -4.872916e-06 8.440652e-05
11585.800000 8.035243e-01 2.501149e-02 9.078724e-03 1.260492e-01 3.488055e-05 -3.127847e-05 -9.461522e-07 9.574977e-05
11586.000000 8.072493e-01 2.512934e-02 8.980174e-03 1.257467e-01 4.404519e-05 -2.877262e-05 1.080850e-05 1.033099e-04
11586.200000 8.078314e-01 2.513760e-02 9.044902e-03 1.274193e-01 5.049676e-05 -3.104840e-05 1.236358e-05 1.078483e-04
11586.400000 8.048034e-01 2.502927e-02 8.809098e-03 1.271780e-01 4.615079e-05 -3.075073e-05 7.654181e-06 1.107758e-04
11586.600000 8.109852e-01 2.525442e-02 8.952361e-03 1.281401e-01 3.211053e-05 -2.583927e-05 3.216676e-06 1.148499e-04
11586.800000 8.048423e-01 2.504086e-02 8.910314e-03 1.279147e-01 3.597888e-05 -2.053243e-05 -1.071552e-05 9.785262e-05
11587.000000 8.070001e-01 2.509851e-02 8.990162e-03 1.267543e-01 3.895108e-05 -2.437260e-05 -9.450246e-06 8.822586e-05
11587.200000 8.075231e-01 2.512206e-02 8.926875e-03 1.283549e-01 4.652556e-05 -2.258626e-05 -3.912216e-06 9.031756e-05
11587.400000 8.042854e-01 2.502857e-02 8.923549e-03 1.256625e-01 5.573025e-05 -1.769089e-05 -1.315426e-05 9.236861e-05
11587.600000 8.062456e-01 2.514657e-02 8.831316e-03 1.283171e-01 4.859208e-05 -2.177571e-05 -1.972683e-05 9.037323e-05
11587.800000 8.092842e-01 2.523639e-02 8.776979e-03 1.265702e-01 4.603249e-05 -2.764889e-05 -2.787478e-05 8.733765e-05
11588.000000 8.034473e-01 2.501161e-02 8.984153e-03 1.270803e-01 4.427682e-05 -2.453995e-05 -2.539404e-05 8.713309e-05
11588.200000 8.079976e-01 2.521102e-02 8.936400e-03 1.274847e-01 4.444032e-05 -2.593045e-05 -2.432209e-05 7.983816e-05
11588.400000 8.027137e-01 2.508714e-02 8.845297e-03 1.260336e-01 4.122552e-05 -2.267581e-05 -1.156259e-05 7.986913e-05
11588.600000 8.086309e-01 2.528349e-02 8.951406e-03 1.279384e-01 4.077580e-05 -2.563720e-05 -7.148794e-06 7.452766e-05
11588.800000 8.074391e-01 2.528338e-02 8.923763e-03 1.271544e-01 3.832681e-05 -2.100688e-05 -5.138613e-06 8.185194e-05
11589.000000 8.092365e-01 2.528131e-02 8.946558e-03 1.285813e-01 4.425976e-05 -1.936575e-05 -5.145390e-06 9.055170e-05
11589.200000 8.031069e-01 2.513207e-02 8.806608e-03 1.267901e-01 5.043021e-05 -1.686068e-05 -7.309970e-06 8.983667e-05
11589.400000 8.077384e-01 2.532333e-02 8.718315e-03 1.284727e-01 4.543471e-05 -1.696973e-05 -7.863836e-06 8.639793e-05
11589.600000 7.989460e-01 2.498636e-02 8.583432e-03 1.289267e-01 4.855437e-05 -2.671908e-05 -7.910184e-06 7.573789e-05
11589.800000 8.050200e-01 2.516275e-02 8.847647e-03 1.276755e-01 5.436731e-05 -3.545320e-05 -7.466123e-06 6.926246e-05
11590.000000 8.076597e-01 2.534047e-02 8.726594e-03 1.275845e-01 4.030213e-05 -3.174030e-05 -2.119647e-05 6.697298e-05
11590.200000 8.075956e-01 2.529885e-02 8.749007e-03 1.280320e-01 3.941006e-05 -2.346381e-05 -9.944533e-06 8.796361e-05
11590.400000 8.032058e-01 2.514404e-02 8.716683e-03 1.278778e-01 3.389274e-05 -2.260773e-05 -1.173338e-05 9.087671e-05
11590.600000 8.008893e-01 2.513276e-02 8.745943e-03 1.291509e-01 3.300806e-05 -2.559485e-05 -1.811394e-06 9.772400e-05
11590.800000 8.094826e-01 2.539285e-02 8.650026e-03 1.301517e-01 4.953308e-05 -2.642009e-05 9.508827e-06 1.017658e-04
11591.000000 8.097860e-01 2.538729e-02 8.592038e-03 1.299278e-01 4.365356e-05 -2.244991e-05 1.054648e-05 1.019144e-04
11591.200000 7.998987e-01 2.508555e-02 8.364397e-03 1.292019e-01 3.739780e-05 -2.276582e-05 1.098443e-05 1.089238e-04
11591.400000 8.084952e-01 2.540682e-02 8.369764e-03 1.293196e-01 2.886458e-05 -2.578026e-05 1.057004e-05 1.079534e-04
11591.600000 8.018851e-01 2.513490e-02 8.274062e-03 1.285712e-01 4.091101e-05 -2.215088e-05 3.364000e-06 1.008880e-04
11591.800000 8.112563e-01 2.544088e-02 8.362249e-03 1.308162e-01 3.852559e-05 -3.177123e-05 1.290233e-05 1.093795e-04
11592.000000 8.023201e-01 2.520464e-02 8.205899e-03 1.299699e-01 2.416682e-05 -3.109678e-05 1.977158e-05 1.057500e-04
11592.200000 8.030675e-01 2.515452e-02 8.140347e-03 1.308265e-01 2.517622e-05 -2.581030e-05 2.281291e-05 9.403529e-05
11592.400000 8.091294e-01 2.536855e-02 8.102606e-03 1.305950e-01 3.327408e-05 -3.316770e-05 1.494900e-05 9.240148e-05
11592.600000 8.042542e-01 2.521208e-02 7.842637e-03 1.307154e-01 3.705008e-05 -3.630486e-05 3.693312e-06 1.064011e-04
11592.800000 8.011282e-01 2.506756e-02 7.877023e-03 1.293931e-01 3.474548e-05 -3.572717e-05 1.921623e-05 1.197407e-04
11593.000000 8.042065e-01 2.527508e-02 8.098637e-03 1.305538e-01 2.717784e-05 -3.994742e-05 5.497729e-06 1.035535e-04
11593.200000 8.075107e-01 2.534192e-02 8.016365e-03 1.301563e-01 3.164271e-05 -3.729361e-05 3.231159e-06 1.050902e-04
11593.400000 8.052930e-01 2.521006e-02 7.932133e-03 1.333502e-01 3.207145e-05 -3.706940e-05 1.127145e-06 9.664012e-05
11593.600000 8.014140e-01 2.510604e-02 7.759487e-03 1.304833e-01 2.947346e-05 -3.722184e-05 -2.798941e-06 9.927386e-05
11593.800000 8.088736e-01 2.525899e-02 7.791568e-03 1.310689e-01 3.036412e-05 -3.721212e-05 1.436783e-05 1.037916e-04
11594.000000 8.055347e-01 2.520553e-02 7.764808e-03 1.327146e-01 2.397024e-05 -3.242485e-05 1.310322e-05 8.988795e-05
11594.200000 8.054856e-01 2.511495e-02 7.799309e-03 1.309041e-01 2.851036e-05 -3.768033e-05 4.479905e-07 9.625057e-05
11594.400000 8.069462e-01 2.521120e-02 7.736292e-03 1.323233e-01 2.088052e-05 -3.628447e-05 4.635759e-06 9.862662e-05
11594.600000 8.080376e-01 2.517546e-02 7.745913e-03 1.306437e-01 2.952909e-05 -3.906123e-05 8.300273e-06 7.948492e-05
11594.800000 8.032675e-01 2.498647e-02 7.663173e-03 1.317520e-01 3.941670e-05 -3.315466e-05 1.125922e-05 8.556830e-05
11595.000000 8.035270e-01 2.504366e-02 7.750576e-03 1.313793e-01 3.093196e-05 -3.408730e-05 -8.465817e-06 8.027646e-05
11595.200000 8.042128e-01 2.498316e-02 7.879514e-03 1.311216e-01 4.155298e-05 -3.717048e-05 -6.107472e-06 7.978471e-05
11595.400000 8.074670e-01 2.516617e-02 7.753177e-03 1.326414e-01 3.241187e-05 -3.706798e-05 5.603010e-06 8.897493e-05
11595.600000 8.036028e-01 2.494654e-02 7.575240e-03 1.319250e-01 4.721492e-05 -3.233615e-05 4.092058e-06 1.038269e-04
11595.800000 8.033588e-01 2.505743e-02 7.515163e-03 1.308382e-01 3.071907e-05 -2.939788e-05 -7.760455e-06 1.037657e-04
11596.000000 8.007883e-01 2.490712e-02 7.488765e-03 1.310249e-01 3.927634e-05 -3.404482e-05 -4.899603e-06 9.708313e-05
11596.200000 8.064118e-01 2.513970e-02 7.742148e-03 1.331329e-01 3.953266e-05 -3.057681e-05 7.616586e-06 9.821354e-05
11596.400000 8.043362e-01 2.509770e-02 7.990069e-03 1.329809e-01 3.351569e-05 -3.598389e-05 -9.588816e-07 9.048629e-05
11596.600000 7.969781e-01 2.495811e-02 7.840130e-03 1.295129e-01 3.858050e-05 -3.722831e-05 3.298732e-06 7.692164e-05
11596.800000 8.090476e-01 2.532333e-02 8.138298e-03 1.317673e-01 4.739263e-05 -2.508930e-05 9.028480e-07 8.442203e-05
11597.000000 8.052462e-01 2.521817e-02 7.855033e-03 1.309813e-01 5.341121e-05 -2.728262e-05 -3.774381e-06 9.075160e-05
11597.700000 8.038495e-01 2.526781e-02 8.021878e-03 1.317017e-01 4.235852e-05 -3.534582e-05 -6.020813e-06 9.479324e-05
11598.400000 8.019696e-01 2.532754e-02 8.254988e-03 1.306089e-01 4.123488e-05 -2.825918e-05 -2.598238e-06 8.938510e-05
11599.100000 8.043092e-01 2.549555e-02 8.373183e-03 1.300249e-01 3.812759e-05 -2.524007e-05 -7.840540e-06 8.585297e-05
11599.800000 8.036080e-01 2.552966e-02 8.409692e-03 1.291840e-01 2.959751e-05 -2.338058e-05 -1.584866e-05 8.616750e-05
11600.500000 8.041607e-01 2.557866e-02 8.496108e-03 1.287316e-01 3.996579e-05 -1.657368e-05 -8.392535e-06 9.467897e-05
11601.200000 8.038384e-01 2.555621e-02 8.679652e-03 1.285167e-01 3.886395e-05 -2.003895e-05 -2.113217e-05 8.875737e-05
11601.900000 8.037354e-01 2.560203e-02 8.618443e-03 1.278299e-01 3.375725e-05 -1.186530e-05 -1.084503e-05 9.358983e-05
11602.600000 8.022328e-01 2.553043e-02 8.749834e-03 1.280231e-01 3.703532e-05 -1.185572e-05 -1.220439e-05 9.302794e-05
11603.300000 8.025926e-01 2.557324e-02 8.789963e-03 1.278792e-01 3.734842e-05 -7.926676e-06 -1.555217e-05 9.659967e-05
11604.993695 8.023253e-01 2.567154e-02 8.902370e-03 1.283119e-01 3.024661e-05 -1.219143e-05 -1.034776e-05 9.843420e-05
11605.999583 8.022430e-01 2.569883e-02 8.955172e-03 1.277735e-01 2.984807e-05 -1.560243e-05 1.434391e-05 1.177850e-04
11607.017662 8.021174e-01 2.577298e-02 8.873507e-03 1.278910e-01 4.015146e-05 -7.759868e-06 -9.185367e-06 9.253899e-05
11608.047933 8.016137e-01 2.581855e-02 8.980817e-03 1.274634e-01 2.245865e-05 -8.608694e-06 -3.789592e-06 9.638972e-05
11609.090396 8.009861e-01 2.583616e-02 9.115066e-03 1.278014e-01 3.689350e-05 -1.752775e-05 -4.618324e-06 9.782154e-05
11610.145051 8.023379e-01 2.594358e-02 9.059477e-03 1.283423e-01 2.735390e-05 -2.741004e-05 -2.758153e-05 8.642982e-05
11611.211898 8.016866e-01 2.597802e-02 8.973447e-03 1.279134e-01 1.888631e-05 -1.947902e-05 -1.190257e-05 9.058425e-05
11612.290937 8.008255e-01 2.598405e-02 8.875964e-03 1.280008e-01 2.055871e-05 -1.498010e-05 -2.348525e-06 1.017769e-04
11613.382167 8.006939e-01 2.603534e-02 8.766991e-03 1.289901e-01 3.091142e-05 -2.231960e-05 -2.585716e-06 9.519322e-05
11614.485590 8.003144e-01 2.606938e-02 8.776684e-03 1.287314e-01 3.514928e-05 -2.758478e-05 -2.081804e-05 8.606548e-05
11615.601204 8.004601e-01 2.610553e-02 8.568594e-03 1.307810e-01 3.450646e-05 -2.206804e-05 -1.511036e-05 8.469221e-05
11616.729011 8.003320e-01 2.610090e-02 8.385183e-03 1.305532e-01 3.274152e-05 -1.948827e-05 -1.302406e-05 1.002019e-04
11617.869009 8.003352e-01 2.609510e-02 8.363402e-03 1.308927e-01 3.215057e-05 -2.576549e-05 -1.394938e-05 1.045087e-04
11619.021199 7.995363e-01 2.607324e-02 8.204910e-03 1.315410e-01 3.563237e-05 -2.717536e-05 -4.941334e-06 1.158959e-04
11620.185582 7.991513e-01 2.604892e-02 8.168903e-03 1.313069e-01 2.809275e-05 -2.203384e-05 -6.691182e-06 1.048670e-04
11621.362156 7.985982e-01 2.603704e-02 8.147795e-03 1.323240e-01 3.103247e-05 -1.763642e-05 -2.312475e-06 1.093795e-04
11622.550922 7.993258e-01 2.611077e-02 8.218109e-03 1.312242e-01 2.712307e-05 -2.437396e-05 -8.874780e-06 1.067937e-04
11623.751879 7.992750e-01 2.617939e-02 8.357835e-03 1.310944e-01 3.115227e-05 -2.346024e-05 -1.312522e-05 1.057891e-04
11624.965029 7.987518e-01 2.621692e-02 8.474660e-03 1.319530e-01 2.630897e-05 -1.293550e-05 -2.746784e-06 1.128259e-04
11626.190371 7.982468e-01 2.627662e-02 8.472114e-03 1.317868e-01 3.453462e-05 -1.983623e-05 1.564920e-06 1.080657e-04
11627.427904 7.985331e-01 2.636054e-02 8.572321e-03 1.316767e-01 3.731961e-05 -2.442860e-05 -1.163306e-05 1.046431e-04
11628.677630 7.976384e-01 2.636153e-02 8.563606e-03 1.306301e-01 4.244861e-05 -1.287451e-05 -1.936031e-05 1.007245e-04
11629.939547 7.975836e-01 2.641507e-02 8.617846e-03 1.295559e-01 3.585460e-05 -1.562619e-05 -2.208917e-05 9.533862e-05
11631.213657 7.968355e-01 2.643095e-02 8.766535e-03 1.300012e-01 3.162411e-05 -2.662870e-05 -1.259578e-05 9.518532e-05
11632.499958 7.968269e-01 2.656530e-02 8.877830e-03 1.298103e-01 3.436969e-05 -3.394541e-05 -1.597984e-05 1.064127e-04
11633.798451 7.971031e-01 2.668308e-02 8.844353e-03 1.288973e-01 3.721323e-05 -4.439649e-05 -1.354035e-05 1.139192e-04
11635.109136 7.967211e-01 2.671524e-02 8.828174e-03 1.291360e-01 3.165833e-05 -4.385679e-05 -2.025179e-05 1.221614e-04
11636.432013 7.961867e-01 2.675698e-02 8.848682e-03 1.290982e-01 3.018501e-05 -4.065252e-05 -1.769717e-05 1.173184e-04
11637.767082 7.954695e-01 2.677290e-02 9.086106e-03 1.283120e-01 2.679556e-05 -3.681470e-05 -1.081143e-05 1.083301e-04
11639.114342 7.950750e-01 2.684818e-02 9.123115e-03 1.287999e-01 2.325540e-05 -4.096637e-05 -1.783768e-05 1.054701e-04
11640.473795 7.951771e-01 2.694787e-02 9.206123e-03 1.282541e-01 4.783053e-06 -3.630912e-05 -2.475636e-05 1.032494e-04
11641.845440 7.960082e-01 2.703451e-02 9.280966e-03 1.279134e-01 8.031747e-06 -3.609641e-05 -1.276249e-05 1.062803e-04
11643.229276 7.949509e-01 2.706402e-02 9.459467e-03 1.279061e-01 1.638339e-05 -3.030150e-05 -7.739581e-06 1.105916e-04
11644.625305 7.945096e-01 2.711620e-02 9.510755e-03 1.275842e-01 1.406015e-05 -3.723820e-05 -9.202424e-06 9.827712e-05
11646.033525 7.941188e-01 2.712047e-02 9.604383e-03 1.275037e-01 2.106717e-05 -2.872242e-05 -2.778094e-06 1.106869e-04
11647.453937 7.943929e-01 2.707590e-02 9.553147e-03 1.273005e-01 2.893542e-05 -2.106659e-05 -1.295820e-05 1.015835e-04
11648.886541 7.939537e-01 2.703777e-02 9.602460e-03 1.278585e-01 3.053192e-05 -2.899976e-05 -1.225618e-05 8.980599e-05
11650.331337 7.938327e-01 2.708904e-02 9.680109e-03 1.275528e-01 2.578284e-05 -2.324203e-05 -7.419607e-06 9.883005e-05
11651.788325 7.936537e-01 2.709853e-02 9.580023e-03 1.271299e-01 2.366880e-05 -2.339548e-05 -6.383355e-06 1.008260e-04
11653.257505 7.931668e-01 2.710956e-02 9.560792e-03 1.273260e-01 3.228048e-05 -1.903430e-05 -1.500280e-05 9.059317e-05
11654.738877 7.925164e-01 2.711371e-02 9.431683e-03 1.271869e-01 2.507346e-05 -1.686829e-05 -1.234361e-05 8.509358e-05
11656.232440 7.913145e-01 2.701008e-02 9.396985e-03 1.276909e-01 1.969982e-05 -2.242760e-05 -5.585724e-06 8.896633e-05
11657.738196 7.886142e-01 2.683271e-02 9.261353e-03 1.277257e-01 1.489325e-05 -1.586733e-05 -8.908908e-06 8.262114e-05
11659.256143 7.904316e-01 2.696300e-02 9.163452e-03 1.288259e-01 1.690265e-05 -1.485631e-05 -1.133960e-05 7.189329e-05
11660.786283 7.911668e-01 2.710665e-02 9.156404e-03 1.288345e-01 1.992771e-05 -1.515276e-05 -2.188792e-06 7.839938e-05
11662.328614 7.909467e-01 2.717176e-02 9.059326e-03 1.296828e-01 1.918376e-05 -9.008029e-06 2.967063e-06 9.418763e-05
11663.883137 7.917092e-01 2.726205e-02 9.079837e-03 1.303293e-01 2.521446e-05 -1.314518e-05 -2.389186e-06 8.286832e-05
11665.449852 7.909487e-01 2.734089e-02 9.123887e-03 1.305221e-01 2.946415e-05 -1.881717e-05 -1.432920e-05 7.605831e-05
11667.028759 7.909947e-01 2.752546e-02 9.191418e-03 1.310227e-01 3.305800e-05 -2.250176e-05 -1.300327e-05 8.578870e-05
11668.619858 7.898035e-01 2.769903e-02 9.246176e-03 1.306677e-01 3.361943e-05 -2.952881e-05 -8.169995e-06 8.287703e-05
11670.223149 7.896472e-01 2.777875e-02 9.286477e-03 1.305584e-01 3.657320e-05 -2.309364e-05 -1.387316e-05 7.946534e-05
11671.838632 7.872634e-01 2.774419e-02 9.266369e-03 1.296333e-01 3.174840e-05 -2.886843e-05 -2.052177e-05 8.314896e-05
11673.466307 7.887080e-01 2.787100e-02 9.341434e-03 1.285406e-01 3.727486e-05 -2.593893e-05 -9.067828e-06 9.399218e-05
11675.106173 7.892680e-01 2.800822e-02 9.401916e-03 1.299165e-01 4.340975e-05 -2.358181e-05 -1.450423e-05 9.024688e-05
11676.758232 7.885463e-01 2.803877e-02 9.395218e-03 1.299398e-01 4.513931e-05 -2.340791e-05 -2.004134e-05 9.764883e-05
11678.422482 7.889879e-01 2.804694e-02 9.381618e-03 1.297013e-01 5.104933e-05 -2.166398e-05 -1.087694e-05 9.955971e-05
11680.098924 7.887984e-01 2.785106e-02 9.357824e-03 1.294147e-01 4.985170e-05 -3.293751e-05 -1.121970e-05 9.200051e-05
11681.787558 7.891942e-01 2.747301e-02 9.262393e-03 1.295673e-01 5.344574e-05 -3.605672e-05 -9.477224e-06 8.337194e-05
11683.488385 7.883163e-01 2.701746e-02 9.084804e-03 1.295443e-01 4.510020e-05 -1.959616e-05 -1.512203e-06 8.535787e-05
11685.201403 7.876445e-01 2.689941e-02 9.073863e-03 1.294013e-01 4.045051e-05 -1.322009e-05 -1.270760e-07 8.857355e-05
11686.926613 7.875184e-01 2.733954e-02 9.168583e-03 1.292111e-01 4.121968e-05 -1.845085e-05 -5.390070e-06 8.574021e-05
11688.664014 7.880952e-01 2.792177e-02 9.312614e-03 1.288844e-01 4.130307e-05 -2.511961e-05 -5.098128e-06 4.886165e-05
11690.413608 7.862757e-01 2.822159e-02 9.362129e-03 1.282763e-01 4.484179e-05 -3.507070e-05 5.758418e-07 8.163848e-05
11692.175394 7.867451e-01 2.845254e-02 9.517028e-03 1.294369e-01 4.553424e-05 -3.708309e-05 7.232430e-07 1.004733e-04
11693.949371 7.864182e-01 2.858564e-02 9.560543e-03 1.285416e-01 3.950433e-05 -3.156060e-05 6.581605e-06 1.037146e-04
11695.735541 7.857362e-01 2.861493e-02 9.600162e-03 1.293424e-01 4.033082e-05 -3.710478e-05 9.748364e-06 8.353514e-05
11697.533902 7.846310e-01 2.857477e-02 9.680113e-03 1.287043e-01 4.532516e-05 -2.499372e-05 3.759223e-06 8.023748e-05
11699.344455 7.853670e-01 2.868111e-02 9.823483e-03 1.286486e-01 3.797665e-05 -2.505596e-05 -2.066494e-06 8.120800e-05
11701.167201 7.840292e-01 2.870590e-02 9.972860e-03 1.278015e-01 3.200206e-05 -2.433490e-05 -9.514450e-06 7.426964e-05
11703.002138 7.818429e-01 2.867154e-02 1.011106e-02 1.272286e-01 3.160391e-05 -3.433335e-05 -1.500446e-05 5.990885e-05
11704.849267 7.829386e-01 2.877372e-02 1.020646e-02 1.285967e-01 2.548130e-05 -2.912808e-05 -1.343524e-05 8.597941e-05
11706.708588 7.832227e-01 2.883084e-02 1.022423e-02 1.285596e-01 2.939141e-05 -2.915657e-05 -9.905400e-06 9.940022e-05
11708.580100 7.833947e-01 2.890986e-02 1.032240e-02 1.284002e-01 2.865183e-05 -2.903349e-05 -7.647400e-06 9.682472e-05
11710.463805 7.827235e-01 2.898134e-02 1.035521e-02 1.278146e-01 2.691041e-05 -2.901211e-05 -5.009967e-06 9.255581e-05
11712.359702 7.822705e-01 2.909014e-02 1.025587e-02 1.283343e-01 2.860815e-05 -3.610384e-05 -5.347823e-06 7.883857e-05
11714.267790 7.821266e-01 2.917746e-02 1.025309e-02 1.286744e-01 1.851122e-05 -3.555465e-05 -6.448536e-06 9.508263e-05
11716.188071 7.818258e-01 2.927301e-02 1.029077e-02 1.283849e-01 2.449021e-05 -4.081277e-05 -2.887234e-06 9.458405e-05
11718.120543 7.814103e-01 2.934647e-02 1.029181e-02 1.279882e-01 1.590392e-05 -3.815165e-05 -2.990923e-06 1.108866e-04
11720.065207 7.811990e-01 2.945234e-02 1.018065e-02 1.283274e-01 2.201022e-05 -2.935712e-05 -2.820065e-06 1.103005e-04
11722.022064 7.813131e-01 2.959643e-02 1.020854e-02 1.288149e-01 2.998259e-05 -2.959238e-05 -4.850173e-06 1.114877e-04
11723.991112 7.808710e-01 2.966209e-02 1.010442e-02 1.284710e-01 4.352448e-05 -4.286259e-05 9.608895e-06 1.137032e-04
11725.972352 7.799880e-01 2.970466e-02 1.009190e-02 1.283478e-01 4.333760e-05 -3.613432e-05 6.652518e-06 1.072690e-04
11727.965784 7.801439e-01 2.973921e-02 1.000535e-02 1.286891e-01 4.165518e-05 -2.602174e-05 5.400251e-06 1.043176e-04
11729.971407 7.798014e-01 2.974899e-02 1.004790e-02 1.289990e-01 4.444137e-05 -2.674213e-05 2.369774e-06 1.128617e-04
11731.989223 7.799451e-01 2.979848e-02 1.005103e-02 1.290562e-01 3.946529e-05 -3.681996e-05 -3.623470e-06 1.093982e-04
11734.019231 7.788994e-01 2.975131e-02 1.002881e-02 1.284405e-01 3.441975e-05 -3.668801e-05 1.177975e-06 1.099296e-04
11736.061430 7.792652e-01 2.982422e-02 1.003304e-02 1.297831e-01 3.115852e-05 -2.839673e-05 -5.815595e-07 1.088675e-04
11738.115822 7.789533e-01 2.991291e-02 1.009260e-02 1.288233e-01 3.019264e-05 -3.230529e-05 -3.802789e-06 9.070991e-05
11740.182405 7.774755e-01 2.999438e-02 1.017014e-02 1.291111e-01 2.227109e-05 -3.112526e-05 8.462823e-06 8.984980e-05
11742.261180 7.753219e-01 3.006751e-02 1.017810e-02 1.282953e-01 2.749698e-05 -3.318922e-05 1.339124e-05 1.103432e-04
11744.352148 7.738514e-01 3.021620e-02 1.020581e-02 1.294086e-01 3.618510e-05 -4.052820e-05 7.510813e-06 1.111054e-04
11746.455307 7.765861e-01 3.048530e-02 1.029348e-02 1.290662e-01 3.182220e-05 -3.947256e-05 -2.394147e-06 1.095224e-04
11748.570658 7.772088e-01 3.059597e-02 1.023832e-02 1.294907e-01 3.963373e-05 -3.337689e-05 5.646111e-06 1.109234e-04
11750.698201 7.756747e-01 3.060794e-02 1.028077e-02 1.299214e-01 3.992125e-05 -3.363051e-05 -1.816407e-06 1.138451e-04
11752.837935 7.751847e-01 3.066780e-02 1.023003e-02 1.311485e-01 3.891633e-05 -3.759076e-05 3.219953e-06 1.207897e-04
11754.989862 7.759179e-01 3.077890e-02 1.023772e-02 1.346634e-01 3.173523e-05 -3.410652e-05 -1.975680e-06 1.009929e-04
11757.153981 7.738026e-01 3.069437e-02 1.026436e-02 1.397376e-01 2.456535e-05 -3.501444e-05 -5.610522e-06 8.151676e-05
11759.330291 7.737247e-01 3.067613e-02 1.033802e-02 1.418046e-01 2.077966e-05 -3.856308e-05 -1.159669e-05 8.977926e-05
11761.518794 7.690378e-01 3.041344e-02 1.032600e-02 1.374218e-01 2.416686e-05 -4.235400e-05 -1.617800e-05 9.294208e-05
11763.719488 7.713804e-01 3.068324e-02 1.051260e-02 1.347613e-01 2.600114e-05 -4.443870e-05 -2.717395e-05 8.950223e-05
11765.932374 7.730728e-01 3.085554e-02 1.069547e-02 1.320358e-01 2.647370e-05 -3.453193e-05 -2.022775e-05 8.077678e-05
11768.157453 7.714061e-01 3.079352e-02 1.068634e-02 1.312247e-01 2.227032e-05 -3.412965e-05 -3.327378e-06 7.618696e-05
11770.394723 7.717527e-01 3.087174e-02 1.090598e-02 1.297740e-01 2.355668e-05 -4.069788e-05 7.970214e-06 9.216946e-05
11772.644185 7.718502e-01 3.099949e-02 1.091313e-02 1.293264e-01 2.335240e-05 -4.876945e-05 6.030871e-06 9.573523e-05
11774.905838 7.712716e-01 3.112871e-02 1.107119e-02 1.285491e-01 2.827062e-05 -5.156117e-05 -6.935755e-07 1.066823e-04
11777.179684 7.710830e-01 3.130066e-02 1.109802e-02 1.285716e-01 2.665170e-05 -4.886576e-05 -3.621025e-06 1.075227e-04
11779.465722 7.700393e-01 3.129933e-02 1.109153e-02 1.276403e-01 2.955600e-05 -4.609533e-05 -1.910923e-05 9.665712e-05
11781.763952 7.695164e-01 3.135366e-02 1.120582e-02 1.273267e-01 2.958741e-05 -4.889009e-05 -1.582040e-05 9.027722e-05
11784.074373 7.691074e-01 3.154440e-02 1.128276e-02 1.272311e-01 2.975680e-05 -4.810147e-05 -2.038793e-05 8.454987e-05
11786.396987 7.686585e-01 3.170032e-02 1.135631e-02 1.278114e-01 2.612309e-05 -5.152419e-05 -6.639639e-06 9.158178e-05
11788.731792 7.679846e-01 3.186634e-02 1.132443e-02 1.284564e-01 3.012636e-05 -4.785278e-05 -1.691650e-06 1.064114e-04
11791.078789 7.669136e-01 3.207410e-02 1.139756e-02 1.277650e-01 2.995638e-05 -3.350831e-05 2.152384e-06 1.054687e-04
11793.437978 7.672914e-01 3.217512e-02 1.133087e-02 1.278558e-01 3.315631e-05 -2.661354e-05 5.329630e-06 1.056568e-04
11795.809359 7.625888e-01 3.208333e-02 1.135429e-02 1.276783e-01 3.375404e-05 -3.043871e-05 5.871017e-06 9.637291e-05
11798.192932 7.617016e-01 3.216055e-02 1.133286e-02 1.272403e-01 3.554912e-05 -2.908541e-05 9.991977e-06 1.001066e-04
11800.588697 7.622704e-01 3.219542e-02 1.125959e-02 1.271167e-01 4.051485e-05 -3.920074e-05 3.562747e-06 1.019692e-04
11802.996654 7.648312e-01 3.223321e-02 1.118443e-02 1.276393e-01 3.894483e-05 -4.817296e-05 -6.156851e-07 1.038330e-04
11805.416803 7.625208e-01 3.211352e-02 1.107543e-02 1.273117e-01 3.483473e-05 -4.458233e-05 3.875743e-06 1.060913e-04
11807.849143 7.648754e-01 3.238861e-02 1.111750e-02 1.284074e-01 3.644386e-05 -4.034639e-05 -8.117562e-06 1.073723e-04
11810.293676 7.657230e-01 3.258656e-02 1.120325e-02 1.282537e-01 4.100481e-05 -3.746774e-05 -1.230851e-05 1.066302e-04
11812.750400 7.660069e-01 3.262010e-02 1.103132e-02 1.286905e-01 4.016851e-05 -4.132276e-05 8.049220e-07 1.043541e-04
11815.219317 7.630005e-01 3.265205e-02 1.100872e-02 1.284180e-01 3.348402e-05 -3.968753e-05 2.806594e-06 1.046441e-04
11817.700425 7.657892e-01 3.299456e-02 1.112520e-02 1.298815e-01 2.641567e-05 -3.849541e-05 6.119584e-06 1.018836e-04
11820.193725 7.651575e-01 3.308257e-02 1.120360e-02 1.292222e-01 2.822627e-05 -4.005936e-05 1.948049e-06 1.019196e-04
11822.699217 7.637646e-01 3.304647e-02 1.119086e-02 1.288057e-01 2.930643e-05 -4.226608e-05 -1.070804e-05 8.926294e-05
11825.216901 7.625478e-01 3.301247e-02 1.126225e-02 1.294588e-01 2.767636e-05 -3.979342e-05 -1.912193e-05 8.733865e-05
11827.746777 7.607757e-01 3.290573e-02 1.127898e-02 1.289074e-01 2.990295e-05 -3.952391e-05 -5.078925e-06 9.464974e-05
11830.288845 7.631537e-01 3.285006e-02 1.137038e-02 1.299231e-01 3.901286e-05 -3.565988e-05 -8.947778e-06 1.052804e-04
11832.843105 7.620298e-01 3.266827e-02 1.149688e-02 1.287989e-01 4.008894e-05 -3.715637e-05 -7.588848e-06 1.065920e-04
11835.409556 7.586972e-01 3.265071e-02 1.156990e-02 1.283852e-01 4.924238e-05 -4.472981e-05 -1.437856e-05 1.024482e-04
11837.988200 7.576890e-01 3.292577e-02 1.175419e-02 1.285025e-01 4.354560e-05 -4.842505e-05 -1.334131e-05 9.661591e-05
11840.579035 7.563417e-01 3.319325e-02 1.189441e-02 1.283930e-01 3.390883e-05 -4.910395e-05 -5.198796e-07 9.963767e-05
11843.182062 7.601489e-01 3.369309e-02 1.209368e-02 1.303804e-01 3.251674e-05 -4.814442e-05 -2.262858e-06 9.481157e-05
11845.797282 7.595864e-01 3.399293e-02 1.228174e-02 1.302444e-01 3.199015e-05 -3.115408e-05 7.405065e-06 1.035898e-04
11848.424693 7.598797e-01 3.429107e-02 1.235066e-02 1.296352e-01 3.507577e-05 -2.803142e-05 -3.964726e-07 1.027725e-04
11851.064296 7.584706e-01 3.443418e-02 1.238219e-02 1.291270e-01 4.433693e-05 -3.524690e-05 9.512048e-06 1.012243e-04
11853.716091 7.553561e-01 3.444197e-02 1.227417e-02 1.276813e-01 4.270935e-05 -3.486996e-05 2.741390e-06 9.977775e-05
11856.380078 7.580627e-01 3.465393e-02 1.243350e-02 1.276557e-01 3.058131e-05 -3.443727e-05 -1.241578e-05 9.348272e-05
11859.056256 7.564742e-01 3.466805e-02 1.240897e-02 1.275137e-01 3.569964e-05 -2.331649e-05 -1.640031e-05 9.126933e-05
11861.744627 7.553598e-01 3.465031e-02 1.243106e-02 1.279829e-01 4.132060e-05 -2.603701e-05 -1.081539e-05 9.629490e-05
11864.445190 7.532684e-01 3.464802e-02 1.241279e-02 1.275982e-01 3.512599e-05 -2.479443e-05 -6.250704e-06 9.637510e-05
11867.157944 7.554478e-01 3.492564e-02 1.256448e-02 1.273886e-01 1.932951e-05 -1.804922e-05 -2.794539e-06 1.083151e-04
11869.882891 7.545665e-01 3.498520e-02 1.260032e-02 1.282499e-01 2.173059e-05 -2.556557e-05 -1.188808e-05 1.064292e-04
11872.620029 7.562606e-01 3.501579e-02 1.262993e-02 1.285661e-01 3.212888e-05 -1.680398e-05 -1.470184e-05 1.013698e-04
11875.369359 7.553539e-01 3.493520e-02 1.265019e-02 1.280055e-01 3.404081e-05 -2.536652e-05 -1.946265e-05 9.590261e-05
11878.130881 7.549893e-01 3.507086e-02 1.269852e-02 1.279233e-01 3.724653e-05 -2.285051e-05 -1.446834e-05 9.733029e-05
11880.904595 7.536552e-01 3.516903e-02 1.262033e-02 1.276935e-01 2.992709e-05 -2.201427e-05 -1.375906e-05 1.008452e-04
11883.690501 7.535896e-01 3.544875e-02 1.260528e-02 1.287874e-01 2.690899e-05 -3.325913e-05 -8.868168e-06 1.047930e-04
11886.488599 7.526468e-01 3.559174e-02 1.258103e-02 1.280513e-01 2.817078e-05 -4.283394e-05 -1.070353e-05 1.068354e-04
11889.298889 7.508191e-01 3.543970e-02 1.252092e-02 1.281054e-01 3.070485e-05 -4.021392e-05 -1.040112e-05 1.017041e-04
11892.121371 7.515810e-01 3.545299e-02 1.251873e-02 1.280024e-01 2.792459e-05 -3.417611e-05 -1.699699e-05 9.200005e-05
11894.956044 7.465594e-01 3.524191e-02 1.245254e-02 1.270761e-01 3.595311e-05 -3.191536e-05 -2.862723e-05 9.476845e-05
11897.802910 7.427056e-01 3.513579e-02 1.238026e-02 1.274362e-01 3.265312e-05 -2.828741e-05 -2.807353e-05 9.605884e-05
11900.661967 7.490965e-01 3.547200e-02 1.250558e-02 1.280188e-01 3.109946e-05 -3.081824e-05 -2.258896e-05 9.020308e-05
11903.533217 7.490581e-01 3.545339e-02 1.257936e-02 1.283676e-01 3.310855e-05 -4.331883e-05 -4.525506e-06 9.647663e-05
11906.416658 7.483583e-01 3.538718e-02 1.260087e-02 1.285909e-01 3.019081e-05 -4.284818e-05 7.749558e-06 1.083887e-04
11909.312291 7.492388e-01 3.532641e-02 1.266640e-02 1.298838e-01 2.796378e-05 -3.728843e-05 1.170245e-05 1.106844e-04
11912.220116 7.485104e-01 3.533030e-02 1.278274e-02 1.297233e-01 3.340519e-05 -3.317161e-05 1.218182e-05 1.077214e-04
11915.140133 7.487118e-01 3.560873e-02 1.305563e-02 1.288696e-01 3.869224e-05 -3.743496e-05 1.527402e-05 1.018818e-04
11918.072342 7.472797e-01 3.611260e-02 1.331053e-02 1.280332e-01 4.427099e-05 -3.477897e-05 9.561934e-06 9.691416e-05
11921.016743 7.407981e-01 3.629076e-02 1.329105e-02 1.275365e-01 4.559043e-05 -3.734544e-05 2.555847e-06 1.046216e-04
11923.973335 7.405951e-01 3.659607e-02 1.351212e-02 1.265075e-01 4.024615e-05 -3.452187e-05 6.034651e-06 1.129709e-04
11926.942120 7.453860e-01 3.707964e-02 1.364640e-02 1.282404e-01 3.465548e-05 -3.648601e-05 1.554027e-05 1.043378e-04
11929.923096 7.447765e-01 3.724511e-02 1.371900e-02 1.277538e-01 2.674035e-05 -3.391003e-05 7.187464e-06 9.224856e-05
11932.916265 7.444523e-01 3.736330e-02 1.373799e-02 1.275696e-01 2.935414e-05 -2.575145e-05 2.996190e-07 8.936076e-05
11935.921625 7.446038e-01 3.743550e-02 1.377962e-02 1.282343e-01 2.822681e-05 -2.654834e-05 -3.618572e-06 9.284805e-05
11938.939177 7.448101e-01 3.745238e-02 1.380040e-02 1.279244e-01 1.748148e-05 -2.592452e-05 -1.684874e-06 8.699354e-05
11941.968921 7.435237e-01 3.740352e-02 1.373085e-02 1.275007e-01 1.653078e-05 -2.918938e-05 1.627985e-05 9.339915e-05
11945.010858 7.427913e-01 3.740451e-02 1.380632e-02 1.276115e-01 1.752998e-05 -3.801960e-05 8.980662e-06 1.162209e-04
11948.064985 7.426727e-01 3.765534e-02 1.385332e-02 1.279204e-01 3.585294e-05 -3.642686e-05 1.948134e-06 1.151212e-04
11951.131305 7.418425e-01 3.806842e-02 1.404508e-02 1.271397e-01 2.993748e-05 -3.475401e-05 4.077904e-06 1.064873e-04
11954.209817 7.413058e-01 3.842032e-02 1.421050e-02 1.272978e-01 3.292387e-05 -2.971113e-05 1.112224e-05 1.089941e-04
11957.300521 7.411041e-01 3.865916e-02 1.438463e-02 1.276081e-01 4.031391e-05 -3.222874e-05 1.200857e-05 1.101256e-04
11960.403416 7.406515e-01 3.877704e-02 1.441260e-02 1.274732e-01 4.340596e-05 -2.967872e-05 3.883778e-06 1.013891e-04
11963.518504 7.404120e-01 3.869640e-02 1.438010e-02 1.272838e-01 4.850066e-05 -2.186355e-05 1.228468e-05 1.182370e-04
11966.645783 7.395765e-01 3.827533e-02 1.424743e-02 1.287073e-01 4.602072e-05 -2.352612e-05 3.076600e-06 1.163020e-04
11969.785255 7.399626e-01 3.838714e-02 1.423832e-02 1.288950e-01 4.294803e-05 -2.953484e-05 7.419519e-06 1.103233e-04
11972.936918 7.388676e-01 3.882367e-02 1.432089e-02 1.285005e-01 4.660594e-05 -2.930376e-05 7.908157e-06 1.029579e-04
11976.100773 7.377858e-01 3.914890e-02 1.436736e-02 1.281486e-01 4.638339e-05 -2.900273e-05 -1.367021e-06 9.773081e-05
11979.276820 7.369210e-01 3.925270e-02 1.444807e-02 1.280026e-01 4.176109e-05 -3.153050e-05 6.271998e-06 9.379064e-05
11982.465059 7.367449e-01 3.936349e-02 1.448870e-02 1.277201e-01 4.250427e-05 -2.909997e-05 1.318816e-05 9.761423e-05
11985.665490 7.349140e-01 3.926647e-02 1.447843e-02 1.276157e-01 4.350889e-05 -3.563279e-05 1.668360e-05 1.104650e-04
11988.878112 7.358238e-01 3.927050e-02 1.442071e-02 1.282861e-01 4.082748e-05 -2.892301e-05 3.378129e-06 1.014219e-04
11992.102927 7.346912e-01 3.937764e-02 1.447617e-02 1.283203e-01 4.386602e-05 -2.321044e-05 3.422769e-08 9.982250e-05
11995.339934 7.345211e-01 3.960847e-02 1.462626e-02 1.275077e-01 4.012211e-05 -2.349802e-05 -7.982180e-06 9.459316e-05
11998.589132 7.329974e-01 3.976573e-02 1.476624e-02 1.276533e-01 3.564192e-05 -3.303121e-05 -1.588612e-05 9.259209e-05
12001.850523 7.327377e-01 3.999968e-02 1.483303e-02 1.276089e-01 2.872601e-05 -2.883511e-05 1.778295e-06 1.020396e-04
12005.124105 7.341618e-01 4.032992e-02 1.507233e-02 1.275047e-01 3.591739e-05 -2.226686e-05 1.886727e-05 1.188392e-04
12008.409879 7.331503e-01 4.041700e-02 1.518707e-02 1.279201e-01 4.032356e-05 -2.221639e-05 2.008712e-05 1.138835e-04
12011.707845 7.331532e-01 4.054861e-02 1.537506e-02 1.286893e-01 4.121825e-05 -2.866100e-05 2.432223e-06 9.922822e-05
12015.018003 7.325340e-01 4.050261e-02 1.550946e-02 1.283273e-01 3.915409e-05 -2.566201e-05 -1.436062e-06 9.671463e-05
12018.340353 7.316732e-01 4.046218e-02 1.563603e-02 1.278392e-01 3.409276e-05 -1.962543e-05 -4.878834e-06 1.037695e-04
12021.674895 7.311047e-01 4.100145e-02 1.582708e-02 1.273526e-01 3.492007e-05 -1.656257e-05 8.311345e-07 1.029514e-04
12025.021629 7.300874e-01 4.097925e-02 1.582434e-02 1.271671e-01 2.745764e-05 -2.122561e-05 -9.155921e-06 9.488073e-05
12028.380554 7.299025e-01 4.040093e-02 1.567220e-02 1.276988e-01 3.349206e-05 -3.694277e-05 -6.462235e-06 8.562404e-05
12031.751672 7.294368e-01 4.044889e-02 1.573066e-02 1.274387e-01 3.638531e-05 -3.195243e-05 -8.029337e-07 7.046231e-05
12035.134982 7.279617e-01 4.117519e-02 1.590539e-02 1.272934e-01 3.471433e-05 -1.722595e-05 -2.337575e-06 8.914220e-05
12038.530483 7.278525e-01 4.138951e-02 1.595894e-02 1.270790e-01 3.733340e-05 -1.816156e-05 -1.068495e-05 8.181579e-05
12041.938176 7.272732e-01 4.139725e-02 1.597659e-02 1.271856e-01 4.172675e-05 -2.706835e-05 -2.728027e-05 7.750063e-05
12045.358061 7.214265e-01 4.091899e-02 1.579153e-02 1.263421e-01 3.861957e-05 -2.391022e-05 -1.113827e-05 9.409537e-05
12048.790139 7.158466e-01 4.098104e-02 1.582928e-02 1.253706e-01 3.298079e-05 -3.461963e-05 -6.717910e-06 9.902906e-05
12052.234408 7.231521e-01 4.192709e-02 1.618221e-02 1.266980e-01 3.042896e-05 -2.482729e-05 -7.428160e-07 9.866228e-05
12055.690868 7.248436e-01 4.235167e-02 1.629737e-02 1.267475e-01 3.654334e-05 -1.384941e-05 -5.013336e-06 9.579578e-05
12059.159521 7.243882e-01 4.261745e-02 1.637752e-02 1.273547e-01 4.808717e-05 -2.070237e-05 4.547438e-06 1.134408e-04
12062.640366 7.235809e-01 4.270892e-02 1.640321e-02 1.275575e-01 5.487756e-05 -3.100450e-05 1.906976e-06 1.188797e-04
12066.133403 7.234399e-01 4.285698e-02 1.643938e-02 1.274466e-01 5.098037e-05 -2.929635e-05 -4.964164e-06 1.179831e-04
12069.638631 7.229607e-01 4.313332e-02 1.655373e-02 1.275489e-01 4.652474e-05 -3.117374e-05 1.712041e-06 1.151923e-04
12073.156052 7.219555e-01 4.338277e-02 1.665782e-02 1.278193e-01 4.713649e-05 -3.486561e-05 4.314987e-06 1.190386e-04
12076.685664 7.211719e-01 4.358675e-02 1.679873e-02 1.268656e-01 4.898843e-05 -3.367684e-05 -5.587045e-06 1.027563e-04
12080.227468 7.207634e-01 4.380636e-02 1.690446e-02 1.278844e-01 4.554900e-05 -3.684973e-05 -5.068946e-06 1.035884e-04
12083.781465 7.200314e-01 4.395491e-02 1.699205e-02 1.269865e-01 4.035335e-05 -3.105395e-05 -2.335565e-06 1.016646e-04
12087.347653 7.194327e-01 4.413914e-02 1.707719e-02 1.269568e-01 4.235324e-05 -3.312582e-05 -7.837691e-06 9.793099e-05
12090.926033 7.191617e-01 4.435674e-02 1.721919e-02 1.269652e-01 3.339313e-05 -2.754828e-05 2.501069e-06 1.065040e-04
12094.516605 7.178391e-01 4.441382e-02 1.733706e-02 1.272337e-01 3.126330e-05 -2.389275e-05 -8.938065e-06 1.027935e-04
12098.119369 7.174343e-01 4.457387e-02 1.746834e-02 1.274891e-01 3.272285e-05 -1.657977e-05 -2.613602e-06 8.581322e-05
12101.734324 7.185317e-01 4.482285e-02 1.757963e-02 1.270541e-01 3.893913e-05 -1.699888e-05 3.409937e-06 9.729725e-05
12105.361472 7.175981e-01 4.480816e-02 1.766912e-02 1.266818e-01 3.723778e-05 -2.046923e-05 -4.260423e-06 9.733221e-05
12109.000811 7.170218e-01 4.445327e-02 1.764596e-02 1.270073e-01 3.830244e-05 -3.164697e-05 -1.842630e-05 9.597775e-05
12112.652343 7.160802e-01 4.427619e-02 1.765102e-02 1.273556e-01 3.483818e-05 -4.214099e-05 -9.046923e-06 1.078714e-04
12116.316066 7.135208e-01 4.456425e-02 1.778273e-02 1.271382e-01 3.563521e-05 -4.597074e-05 -9.830175e-06 1.088334e-04
12119.991982 7.131828e-01 4.486712e-02 1.796729e-02 1.270291e-01 2.943303e-05 -3.524646e-05 3.612865e-06 1.094413e-04
12123.680089 7.140355e-01 4.549594e-02 1.826530e-02 1.260590e-01 4.217443e-05 -3.156869e-05 -1.055597e-05 9.646680e-05
12127.380388 7.138196e-01 4.581692e-02 1.844907e-02 1.263432e-01 4.760198e-05 -4.122142e-05 -1.220672e-06 1.007647e-04
12131.092879 7.131302e-01 4.598385e-02 1.857268e-02 1.265324e-01 3.902651e-05 -3.523943e-05 -7.492611e-06 1.011620e-04
12134.817562 7.125264e-01 4.617258e-02 1.876711e-02 1.265062e-01 3.716656e-05 -3.037507e-05 -1.646177e-05 8.682270e-05
12138.554437 7.118648e-01 4.634738e-02 1.881064e-02 1.270816e-01 3.524104e-05 -3.128021e-05 -3.388653e-06 1.103283e-04
12142.303503 7.107381e-01 4.621075e-02 1.877384e-02 1.265777e-01 2.772961e-05 -2.707544e-05 -1.157287e-07 1.131763e-04
12146.064762 7.107510e-01 4.603147e-02 1.876324e-02 1.273063e-01 3.782595e-05 -3.788503e-05 -1.333163e-05 1.046599e-04
12149.838213 7.098855e-01 4.636585e-02 1.891844e-02 1.268311e-01 3.734396e-05 -3.727218e-05 -9.507504e-06 9.418803e-05
12153.623855 7.088300e-01 4.688100e-02 1.906979e-02 1.261448e-01 3.179888e-05 -3.839550e-05 -4.986918e-06 1.017598e-04
12157.421689 7.079225e-01 4.724923e-02 1.919110e-02 1.260518e-01 3.379750e-05 -3.707459e-05 -2.881291e-06 1.104672e-04
12161.231716 7.077663e-01 4.744619e-02 1.924839e-02 1.263235e-01 3.589898e-05 -4.277268e-05 -1.404572e-05 1.051457e-04
12165.053934 7.069105e-01 4.754265e-02 1.929792e-02 1.266174e-01 3.170805e-05 -3.532423e-05 -1.509810e-05 1.202320e-04
12168.888344 7.049322e-01 4.777276e-02 1.943555e-02 1.256221e-01 2.574751e-05 -3.739301e-05 -1.810564e-05 1.118032e-04
12172.734946 7.028591e-01 4.774000e-02 1.941781e-02 1.257330e-01 3.307452e-05 -3.496475e-05 -2.463082e-05 1.116295e-04
12176.593740 7.040192e-01 4.790816e-02 1.950016e-02 1.256756e-01 3.934575e-05 -2.818966e-05 -1.893150e-05 1.096119e-04
12180.464726 7.038780e-01 4.824199e-02 1.961589e-02 1.263119e-01 3.513640e-05 -2.710230e-05 -1.927949e-05 1.018506e-04
12184.347903 7.036738e-01 4.859626e-02 1.976708e-02 1.260176e-01 2.915632e-05 -2.611298e-05 -6.113303e-07 1.035356e-04
12188.243273 7.023817e-01 4.869519e-02 1.982017e-02 1.260749e-01 4.487401e-05 -3.165700e-05 1.321955e-05 1.009008e-04
12192.150835 7.017717e-01 4.890467e-02 1.998588e-02 1.258303e-01 5.035708e-05 -3.227052e-05 -7.725481e-06 8.874639e-05
12196.070588 7.020509e-01 4.924720e-02 2.013255e-02 1.262697e-01 4.506139e-05 -2.421516e-05 -1.106459e-05 9.726637e-05
12200.002533 7.016994e-01 4.939749e-02 2.020811e-02 1.264452e-01 4.237009e-05 -3.031170e-05 -6.312384e-06 9.536819e-05
12203.946671 7.010059e-01 4.935507e-02 2.034532e-02 1.262997e-01 3.812288e-05 -3.556457e-05 -1.599563e-06 1.048524e-04
12207.903000 6.997719e-01 4.922790e-02 2.034097e-02 1.256856e-01 3.470149e-05 -4.492262e-05 -4.264769e-06 1.042983e-04
12211.871521 6.994028e-01 4.930694e-02 2.046283e-02 1.261044e-01 2.786774e-05 -4.522678e-05 -1.668980e-05 1.019607e-04
12215.852234 6.981227e-01 4.960838e-02 2.070612e-02 1.257676e-01 2.940270e-05 -4.437455e-05 -1.390995e-05 1.062857e-04
12219.845139 6.983868e-01 4.996705e-02 2.092153e-02 1.262193e-01 4.064406e-05 -4.680888e-05 -2.044759e-05 1.051584e-04
12223.850236 6.976502e-01 5.016855e-02 2.105548e-02 1.260774e-01 4.010932e-05 -4.956377e-05 -1.092426e-05 1.035422e-04
12227.867524 6.961651e-01 5.032837e-02 2.119411e-02 1.258649e-01 4.114647e-05 -4.876526e-05 -8.841675e-06 9.631614e-05
12231.897005 6.966179e-01 5.074619e-02 2.139758e-02 1.258653e-01 3.102752e-05 -4.092961e-05 -9.334892e-06 9.875913e-05
12235.938678 6.948395e-01 5.086313e-02 2.156035e-02 1.254846e-01 2.648471e-05 -4.814749e-05 -1.374143e-05 8.622165e-05
12239.992542 6.951472e-01 5.111100e-02 2.170471e-02 1.253509e-01 3.652406e-05 -5.987914e-05 -9.010713e-06 9.162823e-05
12244.058598 6.936584e-01 5.128454e-02 2.180575e-02 1.253177e-01 4.320480e-05 -5.873515e-05 -1.452543e-05 9.096474e-05
12248.136847 6.929433e-01 5.158254e-02 2.201723e-02 1.244135e-01 4.492562e-05 -5.840058e-05 -1.549703e-05 9.630796e-05
12252.227287 6.871008e-01 5.129243e-02 2.198499e-02 1.242708e-01 3.310261e-05 -5.579185e-05 -1.951226e-05 8.970233e-05
12256.329919 6.762676e-01 5.044106e-02 2.175891e-02 1.226381e-01 3.089398e-05 -5.383748e-05 -2.967118e-05 9.170156e-05
12260.444743 6.867992e-01 5.122494e-02 2.216398e-02 1.245521e-01 3.239348e-05 -5.494646e-05 -2.645948e-05 9.156917e-05
12264.571759 6.879710e-01 5.176157e-02 2.245934e-02 1.250288e-01 4.159802e-05 -4.567356e-05 -3.550538e-05 8.950795e-05
12268.710967 6.881468e-01 5.211409e-02 2.262018e-02 1.253282e-01 5.418434e-05 -4.101275e-05 -3.310146e-05 9.281721e-05
12272.862366 6.889787e-01 5.254317e-02 2.277890e-02 1.251220e-01 5.890383e-05 -4.091827e-05 -3.325040e-05 8.352361e-05
12277.025958 6.882747e-01 5.273729e-02 2.283441e-02 1.253607e-01 5.228192e-05 -3.425550e-05 -2.482244e-05 9.560791e-05
12281.201742 6.878428e-01 5.286744e-02 2.290701e-02 1.251293e-01 5.495245e-05 -3.811245e-05 -3.175672e-05 9.138450e-05
12285.389717 6.869961e-01 5.296540e-02 2.304126e-02 1.246005e-01 4.547419e-05 -3.869891e-05 -2.441748e-05 9.213453e-05
12289.589884 6.862363e-01 5.312640e-02 2.303616e-02 1.254431e-01 3.862161e-05 -3.613909e-05 -2.271455e-05 9.474953e-05
12293.802244 6.855603e-01 5.325372e-02 2.307896e-02 1.257785e-01 3.351323e-05 -4.708876e-05 -3.014675e-05 8.209328e-05
12298.026795 6.722077e-01 5.247311e-02 2.282778e-02 1.230937e-01 3.153765e-05 -4.825177e-05 -2.236781e-05 9.689675e-05
12302.263538 6.760065e-01 5.331649e-02 2.318086e-02 1.241134e-01 3.615413e-05 -4.463310e-05 -2.051348e-05 8.724227e-05
12306.512473 6.838188e-01 5.428022e-02 2.351208e-02 1.248803e-01 3.059859e-05 -4.962324e-05 -2.401992e-05 7.600954e-05
12310.773600 6.832188e-01 5.441200e-02 2.365009e-02 1.246004e-01 3.722946e-05 -3.830078e-05 -9.768334e-06 9.005016e-05
12315.046919 6.830256e-01 5.448069e-02 2.375593e-02 1.248097e-01 4.422755e-05 -3.400963e-05 -9.947648e-06 9.429669e-05
12319.332429 6.823137e-01 5.428549e-02 2.373233e-02 1.252752e-01 4.161399e-05 -2.570054e-05 -2.512046e-05 8.969108e-05
12323.630132 6.812389e-01 5.438762e-02 2.387600e-02 1.252015e-01 3.741413e-05 -3.027534e-05 -2.144771e-05 8.126500e-05
12327.940026 6.807479e-01 5.472392e-02 2.411969e-02 1.250635e-01 3.105083e-05 -2.997087e-05 -2.320603e-05 7.228732e-05
12332.262113 6.802336e-01 5.527842e-02 2.438377e-02 1.251099e-01 3.856525e-05 -3.471271e-05 -6.684420e-06 8.268689e-05
12336.596391 6.798683e-01 5.572443e-02 2.473975e-02 1.254601e-01 4.565369e-05 -3.441579e-05 -1.012820e-05 8.315528e-05
12340.942861 6.790189e-01 5.575114e-02 2.484297e-02 1.245944e-01 4.591005e-05 -4.020597e-05 -1.504133e-05 8.636656e-05
12345.301524 6.777962e-01 5.602906e-02 2.515108e-02 1.248292e-01 4.371994e-05 -4.626985e-05 -8.828434e-06 8.945422e-05
12349.672378 6.770703e-01 5.638931e-02 2.533349e-02 1.241897e-01 5.100051e-05 -3.940561e-05 4.256122e-06 8.192301e-05
12354.055424 6.755866e-01 5.650380e-02 2.545450e-02 1.248556e-01 5.286118e-05 -3.490791e-05 -7.861110e-06 6.860200e-05
12358.450662 6.759009e-01 5.665239e-02 2.557889e-02 1.251333e-01 5.245738e-05 -4.012754e-05 -2.797925e-07 7.983048e-05
12362.858091 6.751368e-01 5.683865e-02 2.575793e-02 1.249170e-01 3.859622e-05 -3.870010e-05 -1.679290e-06 7.291359e-05
12367.277713 6.737527e-01 5.657476e-02 2.570543e-02 1.248273e-01 3.583298e-05 -3.878714e-05 -8.072019e-06 7.029224e-05
12371.709527 6.741441e-01 5.672355e-02 2.586515e-02 1.244332e-01 3.801300e-05 -4.438098e-05 -1.177236e-05 7.400538e-05
12376.153532 6.731860e-01 5.684003e-02 2.595896e-02 1.243965e-01 4.139328e-05 -3.914098e-05 -3.620376e-06 8.043923e-05
12380.609730 6.726459e-01 5.705690e-02 2.616329e-02 1.240886e-01 4.718623e-05 -3.637743e-05 1.896234e-05 8.234317e-05
12385.078119 6.716486e-01 5.727648e-02 2.637999e-02 1.248752e-01 4.586468e-05 -4.598487e-05 1.860283e-05 6.838742e-05
12389.558700 6.713907e-01 5.767690e-02 2.657771e-02 1.247975e-01 4.429554e-05 -4.579490e-05 7.182031e-06 6.121954e-05
12394.051473 6.704909e-01 5.795877e-02 2.676845e-02 1.248559e-01 3.470658e-05 -4.845637e-05 5.130892e-06 6.930744e-05
12398.556438 6.699552e-01 5.828786e-02 2.689233e-02 1.246778e-01 3.171359e-05 -4.237133e-05 9.417203e-06 6.739900e-05
12403.073595 6.693185e-01 5.853915e-02 2.710619e-02 1.243716e-01 3.167385e-05 -3.585023e-05 1.349791e-06 6.320356e-05
12407.602944 6.675923e-01 5.878936e-02 2.731981e-02 1.241780e-01 3.431465e-05 -2.894238e-05 5.783463e-06 6.155331e-05
12412.144485 6.663536e-01 5.915391e-02 2.745050e-02 1.239648e-01 3.890663e-05 -2.237332e-05 1.706422e-05 6.593425e-05
12416.698218 6.649187e-01 5.947447e-02 2.767831e-02 1.234911e-01 4.330101e-05 -3.452576e-05 7.331362e-06 6.382689e-05
12421.264142 6.625939e-01 5.963648e-02 2.777565e-02 1.237052e-01 5.432795e-05 -3.264699e-05 7.658625e-06 4.800072e-05
12425.842259 6.635951e-01 6.010316e-02 2.800121e-02 1.237888e-01 6.057918e-05 -2.742391e-05 1.283100e-05 6.869628e-05
12430.432567 6.647242e-01 6.050295e-02 2.824241e-02 1.242584e-01 5.505237e-05 -3.942685e-05 4.515816e-06 7.702265e-05
12435.035068 6.641389e-01 6.067322e-02 2.837664e-02 1.237962e-01 5.429294e-05 -4.074658e-05 -9.605770e-06 6.138007e-05
12439.649760 6.636653e-01 6.092725e-02 2.855811e-02 1.239877e-01 5.027092e-05 -3.714975e-05 -9.438689e-06 7.207175e-05
12444.276644 6.622528e-01 6.106867e-02 2.867637e-02 1.238873e-01 4.969903e-05 -3.149617e-05 4.582267e-07 7.157164e-05
12448.915720 6.610100e-01 6.135778e-02 2.886160e-02 1.242792e-01 4.295426e-05 -3.497632e-05 9.380086e-07 6.682930e-05
12453.566988 6.613135e-01 6.172283e-02 2.916380e-02 1.242626e-01 4.139895e-05 -4.013487e-05 4.501441e-06 7.160473e-05
12458.230448 6.604820e-01 6.188392e-02 2.931389e-02 1.243623e-01 3.792007e-05 -4.122100e-05 8.948259e-07 7.753240e-05
12462.906100 6.597260e-01 6.202181e-02 2.940033e-02 1.242987e-01 3.240374e-05 -3.475627e-05 9.966187e-06 8.510814e-05
12467.593943 6.589261e-01 6.211560e-02 2.958260e-02 1.236572e-01 4.172415e-05 -4.132268e-05 1.814567e-05 7.316486e-05
12472.293979 6.575736e-01 6.217216e-02 2.975239e-02 1.237302e-01 3.451769e-05 -3.979863e-05 -2.960676e-06 6.538989e-05
12477.006206 6.575366e-01 6.251892e-02 2.998938e-02 1.236041e-01 4.306063e-05 -4.137069e-05 1.531934e-06 7.204141e-05
12481.730626 6.576200e-01 6.274695e-02 3.023782e-02 1.237220e-01 3.686997e-05 -2.856005e-05 9.424753e-06 6.988206e-05
12486.467237 6.567120e-01 6.280928e-02 3.038707e-02 1.235824e-01 2.836464e-05 -2.588309e-05 8.579553e-06 7.636392e-05
12491.216040 6.560102e-01 6.332497e-02 3.072301e-02 1.235304e-01 2.640943e-05 -2.328522e-05 -2.852970e-06 8.316730e-05
12495.977036 6.543144e-01 6.355470e-02 3.097028e-02 1.238022e-01 4.296142e-05 -3.201703e-05 -4.528369e-06 8.415350e-05
12500.750223 6.515255e-01 6.371265e-02 3.117315e-02 1.235764e-01 4.075548e-05 -4.239694e-05 2.664496e-06 8.197837e-05
12505.535602 6.532789e-01 6.426817e-02 3.152873e-02 1.234914e-01 4.366785e-05 -4.520260e-05 7.484647e-06 9.155416e-05
12510.333172 6.535966e-01 6.460719e-02 3.176849e-02 1.234599e-01 4.907295e-05 -4.475926e-05 -3.927073e-06 9.429437e-05
12515.142935 6.530260e-01 6.478454e-02 3.201757e-02 1.235909e-01 5.425906e-05 -4.165867e-05 -9.834521e-06 8.855792e-05
12519.964890 6.520097e-01 6.490948e-02 3.220210e-02 1.238748e-01 5.087300e-05 -4.059358e-05 -1.329164e-05 9.234612e-05
12524.799037 6.513341e-01 6.523311e-02 3.233940e-02 1.246937e-01 3.667335e-05 -3.814977e-05 -8.533246e-06 8.171185e-05
12529.645375 6.451663e-01 6.499379e-02 3.234965e-02 1.235974e-01 2.874210e-05 -2.765072e-05 -1.525628e-05 8.402039e-05
12534.503905 3.330265e-01 3.364336e-02 1.679647e-02 6.387190e-02 1.660871e-05 -1.771169e-05 -1.301235e-05 4.241183e-05
12539.374628 6.490767e-03 6.566775e-04 3.284545e-04 1.241815e-03 3.703919e-07 -3.993527e-07 -2.341708e-07 7.962602e-07
