# Facility: NSLS-II
# Beamline: QAS
# Year: 2023
# Cycle: 3
# SAF: 312215
# PI: Reece
# Proposal: 313586
# Scan ID: 271207
# UID: 4fc0f8db-9183-44bd-962e-54b177af23a6
# Comment: 
# Start time: 10/18/2023  21:43:42
# Stop time: 10/18/2023  21:44:14
# Total time: 00:31
# Trajectory name: Pt-L3-30s-11564.txt
# Element: Platinum ( 78)
# Edge: L3
# E0: 11564
# Reference Foil Element: Pt
# Keithley Gains I0: 1E6 V/A It: 1E6 V/A Iref: 1E7 V/A PIPS: 1E8 V/A 
# Ion Chamber Gas Flow Rates: I0: 0.00 sccm He + 189.60 sccm N2 + 9.80 sccm Ar 
# Ion Chamber Gas Flow Rates: It&Iref: 39.70 sccm N2 + 60.10 sccm Ar
# Incident Beam Path Vertical: 31.75 mm
# Incident Slits Positions B: TOP: 2.0 mm Bottom: 1.0 mm Inboard: 0.57675 mm Outboard: 1.57675 mm
# Sample Stage Positions: Rotation: 30.0 deg Horizontal: -10.11 mm Vertical: 15.39 mm Beam Direction: 0.00 mm
# PerkinElmer Vertical Position: 500.00 mm
# Linkam Oven Temperature : 3.03 C and Ramp Rate: 20.00 C/min.
# Front End Mirror Horizontal Positions: Up: -14.00 mm Down: -14.00 mm
#
# energy  i0  it  ir  iff  aux1  aux2  aux3  aux4
11380.639917 4.213229e-01 -1.435374e-03 8.815304e-04 2.409376e-02 1.725117e-05 -9.450482e-06 2.387908e-06 3.448445e-05
11385.639917 8.277518e-01 -2.846418e-03 1.733999e-03 4.752903e-02 2.896223e-05 -2.393463e-05 3.296558e-06 6.529506e-05
11390.639917 8.347732e-01 -2.866048e-03 1.746873e-03 4.771431e-02 2.914396e-05 -3.110788e-05 3.561442e-06 7.253571e-05
11395.639917 8.418998e-01 -2.867682e-03 1.751960e-03 4.807995e-02 2.577667e-05 -3.288271e-05 1.068589e-05 6.834619e-05
11400.639917 8.404948e-01 -2.862773e-03 1.733405e-03 4.804883e-02 2.145806e-05 -2.382439e-05 1.902596e-05 6.371681e-05
11405.639917 8.381335e-01 -2.865783e-03 1.716027e-03 4.799477e-02 2.458778e-05 -2.666759e-05 7.307105e-06 5.673636e-05
11410.639917 8.349164e-01 -2.880030e-03 1.748561e-03 4.805645e-02 3.081038e-05 -3.198887e-05 1.542115e-05 7.082511e-05
11415.639917 8.277394e-01 -2.863650e-03 1.756197e-03 4.746704e-02 3.048381e-05 -4.306636e-05 1.214996e-05 7.230285e-05
11420.639917 8.277449e-01 -2.867064e-03 1.734580e-03 4.771262e-02 3.032373e-05 -3.946230e-05 7.091900e-06 7.283449e-05
11425.639917 8.347299e-01 -2.863886e-03 1.757040e-03 4.820538e-02 2.595289e-05 -4.167295e-05 1.427582e-05 7.150427e-05
11430.639917 8.350517e-01 -2.858342e-03 1.752945e-03 4.864502e-02 3.695138e-05 -3.313032e-05 1.194131e-05 7.326925e-05
11435.639917 8.336297e-01 -2.858923e-03 1.771945e-03 4.873015e-02 3.501391e-05 -3.739026e-05 6.640393e-06 6.880626e-05
11440.639917 8.324011e-01 -2.877087e-03 1.745223e-03 4.873626e-02 3.855291e-05 -3.893616e-05 9.777371e-06 7.410524e-05
11445.639917 8.315148e-01 -2.872220e-03 1.785980e-03 4.866962e-02 4.922945e-05 -3.703001e-05 6.613815e-06 7.347933e-05
11450.639917 8.304396e-01 -2.864726e-03 1.759803e-03 4.874647e-02 4.760475e-05 -3.998243e-05 7.428527e-06 7.649020e-05
11455.639917 8.297617e-01 -2.861085e-03 1.709643e-03 4.888829e-02 4.792406e-05 -3.260777e-05 5.803097e-06 8.488190e-05
11460.639917 8.286268e-01 -2.858196e-03 1.706141e-03 4.882481e-02 4.554861e-05 -3.683321e-05 5.431723e-06 8.285191e-05
11465.639917 8.271236e-01 -2.860633e-03 1.759661e-03 4.905147e-02 4.538695e-05 -4.557979e-05 1.584684e-05 9.161929e-05
11470.639917 8.261271e-01 -2.866490e-03 1.725981e-03 4.896806e-02 4.261424e-05 -4.961095e-05 9.482627e-06 8.441372e-05
11475.639917 8.252524e-01 -2.874617e-03 1.689161e-03 4.919834e-02 4.340698e-05 -4.694282e-05 9.335014e-06 7.651281e-05
11480.639917 8.246365e-01 -2.879942e-03 1.777814e-03 4.916720e-02 4.053773e-05 -3.110983e-05 1.891452e-05 7.748604e-05
11485.639917 8.240094e-01 -2.889368e-03 1.762056e-03 4.938187e-02 3.521989e-05 -4.026937e-05 2.060250e-05 8.776332e-05
11490.639917 8.233113e-01 -2.889871e-03 1.770294e-03 4.954705e-02 3.873721e-05 -4.831171e-05 1.625320e-05 9.042146e-05
11495.639917 8.219823e-01 -2.886845e-03 1.778746e-03 4.972119e-02 3.710147e-05 -5.903533e-05 2.751140e-05 8.788043e-05
11500.639917 8.208101e-01 -2.883709e-03 1.786177e-03 4.942515e-02 3.269489e-05 -6.248186e-05 2.295200e-05 8.721795e-05
11505.639917 8.200635e-01 -2.883162e-03 1.762389e-03 4.954577e-02 2.691710e-05 -4.849310e-05 1.355768e-05 8.604317e-05
11510.639917 8.186573e-01 -2.890440e-03 1.716628e-03 4.986249e-02 3.483643e-05 -4.837277e-05 8.350746e-06 8.486503e-05
11515.639917 8.183527e-01 -2.890216e-03 1.734968e-03 5.001560e-02 3.528283e-05 -4.826219e-05 6.432308e-06 7.986699e-05
11520.639917 8.172903e-01 -2.879703e-03 1.755275e-03 4.999394e-02 3.133237e-05 -4.328058e-05 1.235548e-05 8.737368e-05
11525.639917 8.166600e-01 -2.888586e-03 1.760178e-03 5.019829e-02 3.731150e-05 -4.595243e-05 1.664308e-05 9.505975e-05
11530.639917 8.151969e-01 -2.885590e-03 1.744693e-03 5.031755e-02 2.681410e-05 -5.195429e-05 1.542278e-05 8.435330e-05
11534.000000 8.146061e-01 -2.886469e-03 1.786474e-03 5.087918e-02 4.070196e-05 -4.531548e-05 2.421236e-05 7.555458e-05
11535.000000 8.152313e-01 -2.879979e-03 1.743423e-03 5.098163e-02 4.517937e-05 -4.261061e-05 3.400811e-05 6.166238e-05
11536.000000 8.143774e-01 -2.903857e-03 1.710212e-03 5.112970e-02 4.860086e-05 -4.086311e-05 2.108755e-05 6.805366e-05
11537.000000 8.147602e-01 -2.895247e-03 1.738104e-03 5.126130e-02 5.024496e-05 -2.897037e-05 1.710232e-05 6.145316e-05
11538.000000 8.141983e-01 -2.887928e-03 1.758936e-03 5.085456e-02 3.933831e-05 -3.501181e-05 2.135981e-05 4.632934e-05
11539.000000 8.141689e-01 -2.884370e-03 1.790827e-03 5.188867e-02 4.264210e-05 -3.941283e-05 2.068341e-05 5.298423e-05
11540.000000 8.133795e-01 -2.854717e-03 1.776415e-03 5.129295e-02 3.818159e-05 -4.026022e-05 2.413134e-05 6.866431e-05
11541.000000 8.140028e-01 -2.865490e-03 1.715653e-03 5.237514e-02 3.055560e-05 -4.180532e-05 2.582357e-05 6.983935e-05
11541.200000 8.138756e-01 -2.811901e-03 1.767311e-03 5.135166e-02 2.902552e-05 -4.327112e-05 2.763868e-05 7.425168e-05
11541.400000 8.174920e-01 -2.865032e-03 1.740893e-03 5.118684e-02 3.145137e-05 -4.087075e-05 3.415216e-05 9.297713e-05
11541.600000 8.127710e-01 -2.917024e-03 1.634505e-03 5.183267e-02 3.935352e-05 -4.221725e-05 3.170517e-05 7.459964e-05
11541.800000 8.116513e-01 -2.786560e-03 2.213085e-03 5.207789e-02 2.732148e-05 -4.621425e-05 3.786070e-05 7.347387e-05
11542.000000 8.100645e-01 -2.928083e-03 1.625656e-03 5.123272e-02 3.907590e-05 -4.062091e-05 1.928202e-05 4.560413e-05
11542.200000 8.163569e-01 -2.864045e-03 1.975554e-03 4.996225e-02 2.749217e-05 -4.093373e-05 2.888350e-05 5.570725e-05
11542.400000 8.043278e-01 -2.837671e-03 1.796978e-03 5.298864e-02 2.245627e-05 -3.165627e-05 3.289341e-05 8.249430e-05
11542.600000 8.140619e-01 -2.919865e-03 2.046239e-03 5.200533e-02 2.982026e-05 -3.781912e-05 1.840066e-05 7.386656e-05
11542.800000 8.152992e-01 -2.824081e-03 1.910343e-03 5.155119e-02 2.687837e-05 -4.522653e-05 1.825877e-05 4.591255e-05
11543.000000 8.138550e-01 -2.936441e-03 1.862394e-03 5.248084e-02 3.933256e-05 -4.432982e-05 1.868189e-05 3.785546e-05
11543.200000 8.079529e-01 -2.760728e-03 2.086657e-03 5.310391e-02 3.188824e-05 -5.017825e-05 2.065439e-05 6.938253e-05
11543.400000 8.090098e-01 -2.897383e-03 1.803557e-03 5.152773e-02 3.850945e-05 -4.981288e-05 2.077827e-05 7.679344e-05
11543.600000 8.123786e-01 -2.841095e-03 1.556667e-03 5.263635e-02 2.392606e-05 -5.118826e-05 2.274881e-05 8.436168e-05
11543.800000 8.138352e-01 -2.903032e-03 1.821230e-03 5.141914e-02 2.135931e-05 -5.785705e-05 2.413446e-05 8.698957e-05
11544.000000 8.137209e-01 -2.921714e-03 1.789743e-03 5.333221e-02 2.106658e-05 -4.541586e-05 2.314081e-05 7.939210e-05
11544.200000 8.143452e-01 -2.806944e-03 1.984467e-03 5.256748e-02 2.406490e-05 -4.427887e-05 3.095178e-05 7.852489e-05
11544.400000 8.143458e-01 -2.926347e-03 1.685274e-03 5.283084e-02 4.097757e-05 -4.904515e-05 2.992952e-05 9.248236e-05
11544.600000 8.099852e-01 -2.776939e-03 1.581464e-03 5.210092e-02 3.120179e-05 -4.823637e-05 2.094350e-05 8.333536e-05
11544.800000 8.189996e-01 -2.964903e-03 1.837484e-03 5.377808e-02 4.146769e-05 -4.066748e-05 1.929864e-05 8.218148e-05
11545.000000 8.101498e-01 -2.795887e-03 1.704846e-03 5.099085e-02 3.389578e-05 -3.660006e-05 1.251891e-05 8.158908e-05
11545.200000 8.065187e-01 -2.834095e-03 1.820505e-03 5.196077e-02 3.657344e-05 -2.914658e-05 1.246764e-05 8.053133e-05
11545.400000 8.145800e-01 -2.887195e-03 1.738491e-03 5.232985e-02 4.747913e-05 -4.414027e-05 2.674326e-06 5.359629e-05
11545.600000 8.113288e-01 -2.837288e-03 1.869859e-03 5.378241e-02 3.297245e-05 -3.461821e-05 7.246768e-06 6.529576e-05
11545.800000 8.157995e-01 -2.974554e-03 2.046037e-03 5.352498e-02 4.701985e-05 -2.923328e-05 3.974011e-06 6.465320e-05
11546.000000 7.985566e-01 -2.753153e-03 1.950692e-03 5.060334e-02 3.514695e-05 -4.417930e-05 5.936573e-06 7.712947e-05
11546.200000 8.214142e-01 -2.943257e-03 1.591441e-03 5.190843e-02 5.107509e-05 -3.209417e-05 1.766722e-05 7.003131e-05
11546.400000 8.114571e-01 -2.813203e-03 1.754313e-03 4.992466e-02 3.416673e-05 -3.276919e-05 2.350750e-05 7.379799e-05
11546.600000 8.121038e-01 -2.980560e-03 1.661305e-03 5.420952e-02 4.582149e-05 -3.788974e-05 4.220388e-06 5.962450e-05
11546.800000 8.111312e-01 -2.870291e-03 1.930025e-03 5.227816e-02 4.519800e-05 -4.574188e-05 2.115580e-05 6.821740e-05
11547.000000 8.153982e-01 -2.891027e-03 1.675091e-03 5.399099e-02 5.349048e-05 -5.108718e-05 2.340277e-05 6.884298e-05
11547.200000 8.163030e-01 -2.920881e-03 1.749918e-03 5.258929e-02 5.139325e-05 -5.326079e-05 1.610334e-05 6.275236e-05
11547.400000 8.063070e-01 -2.799954e-03 1.638422e-03 5.349373e-02 3.588547e-05 -4.089624e-05 2.986192e-05 6.897362e-05
11547.600000 8.129628e-01 -2.918605e-03 1.822777e-03 5.115046e-02 3.962447e-05 -4.485506e-05 2.407010e-05 6.237378e-05
11547.800000 8.102851e-01 -2.796179e-03 1.780948e-03 5.112722e-02 4.344086e-05 -4.812362e-05 3.088256e-05 7.044640e-05
11548.000000 8.171987e-01 -2.954823e-03 1.711690e-03 5.454694e-02 5.523375e-05 -4.676234e-05 1.686373e-05 5.691678e-05
11548.200000 8.122411e-01 -2.816109e-03 1.955686e-03 5.483071e-02 4.657112e-05 -3.540961e-05 2.966850e-05 6.748201e-05
11548.400000 8.056605e-01 -2.912502e-03 1.865448e-03 5.208752e-02 5.132931e-05 -3.475208e-05 7.215435e-06 7.296434e-05
11548.600000 8.138832e-01 -2.889796e-03 1.799671e-03 5.242622e-02 4.386603e-05 -3.224041e-05 2.821692e-05 6.341128e-05
11548.800000 8.135061e-01 -2.846606e-03 1.656208e-03 5.193163e-02 4.035822e-05 -3.108102e-05 2.872486e-05 6.332405e-05
11549.000000 8.093810e-01 -2.883834e-03 1.693148e-03 5.273622e-02 4.542094e-05 -2.616057e-05 -1.109082e-06 6.849873e-05
11549.200000 8.170185e-01 -2.877838e-03 1.694574e-03 5.373663e-02 3.112806e-05 -3.292199e-05 8.140376e-06 8.092609e-05
11549.400000 8.063503e-01 -2.941804e-03 1.448325e-03 5.286031e-02 4.244493e-05 -3.068889e-05 5.435409e-06 8.030919e-05
11549.600000 8.139105e-01 -2.831355e-03 1.787744e-03 5.470309e-02 3.547977e-05 -4.258403e-05 1.143147e-05 7.215038e-05
11549.800000 8.130124e-01 -2.931394e-03 1.790207e-03 5.550261e-02 4.245841e-05 -4.494427e-05 4.528351e-07 6.702050e-05
11550.000000 8.128019e-01 -2.797433e-03 1.806100e-03 5.177966e-02 2.778981e-05 -3.384182e-05 6.890023e-06 6.847666e-05
11550.200000 8.076449e-01 -2.955809e-03 1.582270e-03 5.321871e-02 4.685961e-05 -4.854107e-05 -3.305756e-06 6.883678e-05
11550.400000 8.157261e-01 -2.861888e-03 1.989831e-03 5.398659e-02 3.604999e-05 -3.740453e-05 3.917038e-06 7.623116e-05
11550.600000 8.029857e-01 -2.859411e-03 1.808908e-03 5.129921e-02 5.292005e-05 -3.984435e-05 2.490960e-05 8.483755e-05
11550.800000 8.127808e-01 -2.822249e-03 2.025963e-03 5.184410e-02 3.700194e-05 -3.942087e-05 2.379529e-05 7.224689e-05
11551.000000 8.124455e-01 -2.957793e-03 1.943956e-03 5.514475e-02 4.764183e-05 -4.138668e-05 1.228250e-05 6.531394e-05
11551.200000 8.104563e-01 -2.886191e-03 1.624241e-03 5.763287e-02 4.805358e-05 -2.908598e-05 2.010988e-05 7.112423e-05
11551.400000 8.102669e-01 -2.939605e-03 1.601998e-03 5.245959e-02 5.912408e-05 -2.596718e-05 2.566751e-05 7.362264e-05
11551.600000 8.124775e-01 -2.850896e-03 2.007314e-03 5.373708e-02 5.534696e-05 -3.593602e-05 5.134386e-06 5.504917e-05
11551.800000 8.118813e-01 -2.867110e-03 1.619425e-03 5.424589e-02 4.238082e-05 -3.611105e-05 5.871803e-08 5.522003e-05
11552.000000 8.191469e-01 -2.886490e-03 1.804488e-03 5.371044e-02 4.560194e-05 -4.110344e-05 2.091835e-06 5.334821e-05
11552.200000 8.115878e-01 -2.867712e-03 1.775076e-03 5.437142e-02 4.619091e-05 -2.508058e-05 9.798934e-06 6.300352e-05
11552.400000 8.138322e-01 -2.900379e-03 1.738973e-03 5.423756e-02 3.744261e-05 -3.158513e-05 -7.078537e-06 6.061614e-05
11552.600000 8.128249e-01 -2.932754e-03 1.994106e-03 5.268461e-02 4.629252e-05 -3.033570e-05 1.126214e-05 7.109381e-05
11552.800000 8.034860e-01 -2.884858e-03 1.802991e-03 5.485728e-02 4.642388e-05 -3.198460e-05 4.695195e-06 8.628715e-05
11553.000000 8.149462e-01 -2.892325e-03 1.571758e-03 5.646398e-02 4.765267e-05 -3.876422e-05 5.735805e-07 8.981194e-05
11553.200000 8.154346e-01 -2.904625e-03 1.950515e-03 5.573993e-02 4.811350e-05 -3.334782e-05 2.784578e-06 7.958995e-05
11553.400000 7.959044e-01 -2.831138e-03 1.707057e-03 5.420002e-02 4.277277e-05 -3.266878e-05 2.222620e-06 8.453328e-05
11553.600000 8.264072e-01 -2.943137e-03 1.658959e-03 5.498498e-02 5.850681e-05 -4.349676e-05 1.025210e-05 9.284302e-05
11553.800000 7.999363e-01 -2.867743e-03 1.581667e-03 5.600865e-02 4.675604e-05 -2.970945e-05 2.408754e-05 9.148733e-05
11554.000000 8.105644e-01 -2.874593e-03 1.763896e-03 5.551430e-02 5.779013e-05 -2.851595e-05 3.919528e-06 7.798650e-05
11554.200000 8.139787e-01 -2.885285e-03 1.925650e-03 5.471562e-02 5.528831e-05 -2.729040e-05 1.171026e-06 6.702450e-05
11554.400000 8.156317e-01 -2.859371e-03 1.686673e-03 5.501975e-02 4.720501e-05 -2.943775e-05 5.024948e-06 6.447475e-05
11554.600000 8.118428e-01 -2.922394e-03 1.564093e-03 5.773412e-02 5.815875e-05 -3.270662e-05 1.351282e-05 7.442318e-05
11554.800000 8.064360e-01 -2.853406e-03 1.616423e-03 5.497320e-02 6.705861e-05 -3.967662e-05 2.057295e-05 9.076988e-05
11555.000000 8.155390e-01 -2.925723e-03 1.691603e-03 5.609181e-02 5.647843e-05 -3.813163e-05 3.140358e-05 9.363813e-05
11555.200000 8.137497e-01 -2.854745e-03 1.904125e-03 5.535073e-02 5.843144e-05 -3.971239e-05 1.777431e-05 8.864089e-05
11555.400000 8.083469e-01 -2.944619e-03 1.612095e-03 5.465145e-02 6.240525e-05 -3.380359e-05 -9.167142e-07 7.383118e-05
11555.600000 8.115483e-01 -2.845702e-03 1.581446e-03 5.789600e-02 5.789052e-05 -4.251508e-05 1.593793e-05 7.001381e-05
11555.800000 7.979997e-01 -2.941202e-03 1.845703e-03 5.662333e-02 5.941048e-05 -3.844150e-05 1.301633e-05 6.085532e-05
11556.000000 8.184223e-01 -2.880028e-03 1.829901e-03 5.704133e-02 5.450936e-05 -2.655810e-05 2.211335e-05 7.102183e-05
11556.200000 8.112998e-01 -2.935506e-03 1.611991e-03 5.646853e-02 6.827891e-05 -3.440082e-05 7.188427e-06 7.637647e-05
11556.400000 8.074486e-01 -2.827431e-03 1.755336e-03 5.678897e-02 5.037757e-05 -3.481673e-05 7.202337e-06 7.316609e-05
11556.600000 8.131645e-01 -2.978563e-03 1.962947e-03 5.725394e-02 4.427839e-05 -3.053733e-05 2.701541e-05 9.067011e-05
11556.800000 8.092633e-01 -2.812543e-03 1.757887e-03 5.612933e-02 4.195444e-05 -2.640907e-05 2.101730e-05 8.057289e-05
11557.000000 8.142408e-01 -2.933183e-03 1.757165e-03 5.765133e-02 4.830558e-05 -3.415079e-05 8.058682e-06 7.069636e-05
11557.200000 8.081668e-01 -2.827462e-03 1.764547e-03 6.100336e-02 3.338020e-05 -3.459963e-05 1.312322e-05 7.268015e-05
11557.400000 8.097799e-01 -2.957170e-03 1.621469e-03 5.902391e-02 4.648665e-05 -3.892380e-05 2.778408e-05 9.394343e-05
11557.600000 8.111539e-01 -2.859803e-03 1.928109e-03 5.795728e-02 5.820461e-05 -4.962799e-05 2.339187e-06 7.293293e-05
11557.800000 8.182046e-01 -2.959559e-03 1.774183e-03 5.930060e-02 6.054183e-05 -4.519633e-05 5.595452e-06 7.138865e-05
11558.000000 8.010660e-01 -2.817429e-03 1.739240e-03 5.831782e-02 5.101995e-05 -3.992484e-05 3.633212e-06 5.693281e-05
11558.200000 8.140289e-01 -2.900593e-03 1.788712e-03 6.030983e-02 4.308651e-05 -2.780263e-05 1.521139e-05 7.285804e-05
11558.400000 8.096026e-01 -2.906311e-03 1.878360e-03 6.112852e-02 4.363741e-05 -2.573717e-05 1.619052e-05 7.158898e-05
11558.600000 8.080005e-01 -2.816604e-03 1.891066e-03 5.846505e-02 3.696005e-05 -3.117823e-05 3.063191e-05 7.647658e-05
11558.800000 8.116418e-01 -2.965463e-03 1.661286e-03 6.156021e-02 4.637912e-05 -3.682657e-05 3.371760e-05 7.661065e-05
11559.000000 8.120190e-01 -2.863424e-03 1.837367e-03 6.027440e-02 4.350120e-05 -3.532344e-05 2.923767e-05 6.471122e-05
11559.200000 8.099742e-01 -2.948698e-03 1.723659e-03 6.136019e-02 3.902135e-05 -4.083794e-05 2.639859e-05 7.804080e-05
11559.400000 8.123571e-01 -2.871636e-03 1.701408e-03 6.266138e-02 4.134396e-05 -4.292855e-05 -8.398287e-07 7.572921e-05
11559.600000 8.106645e-01 -2.969061e-03 1.698944e-03 6.241719e-02 5.026457e-05 -2.928376e-05 7.693603e-06 7.476208e-05
11559.800000 8.096369e-01 -2.897978e-03 1.903840e-03 6.323659e-02 4.395050e-05 -3.574815e-05 1.255955e-05 8.358320e-05
11560.000000 8.122305e-01 -2.937079e-03 1.766325e-03 6.412815e-02 4.698030e-05 -4.136927e-05 1.894640e-05 8.146942e-05
11560.200000 8.117593e-01 -2.952772e-03 1.801194e-03 6.604484e-02 5.644781e-05 -3.695910e-05 3.013397e-05 8.503737e-05
11560.400000 8.065189e-01 -2.854591e-03 1.821057e-03 6.630366e-02 5.863404e-05 -3.682781e-05 2.253064e-05 7.809257e-05
11560.600000 8.095960e-01 -2.966935e-03 1.771189e-03 6.581539e-02 5.958106e-05 -4.935005e-05 1.950070e-05 8.886948e-05
11560.800000 8.057898e-01 -2.869142e-03 1.499682e-03 6.556153e-02 4.866797e-05 -5.235121e-05 2.655016e-05 9.346249e-05
11561.000000 8.165158e-01 -2.931092e-03 1.635081e-03 6.810654e-02 4.326158e-05 -5.330445e-05 1.155812e-05 8.155618e-05
11561.200000 8.086174e-01 -2.951005e-03 1.690122e-03 6.899021e-02 4.477317e-05 -5.948556e-05 2.218954e-05 8.770568e-05
11561.400000 8.085623e-01 -2.820644e-03 1.727038e-03 6.936165e-02 4.022389e-05 -5.032880e-05 1.596314e-05 7.749743e-05
11561.600000 8.156406e-01 -2.925221e-03 1.810246e-03 7.179762e-02 4.523454e-05 -4.386527e-05 2.580204e-05 8.224305e-05
11561.800000 8.117121e-01 -2.922708e-03 1.780960e-03 7.273198e-02 4.845989e-05 -3.890320e-05 2.310756e-05 8.904938e-05
11562.000000 8.077756e-01 -2.835317e-03 1.678318e-03 7.334835e-02 5.330992e-05 -3.252044e-05 2.520489e-05 8.055593e-05
11562.200000 8.151391e-01 -2.933488e-03 1.762647e-03 7.482468e-02 5.494335e-05 -3.876555e-05 3.617336e-05 8.266230e-05
11562.400000 8.041291e-01 -2.913601e-03 1.722697e-03 7.574689e-02 4.531828e-05 -3.199913e-05 2.992675e-05 7.394836e-05
11562.600000 8.165509e-01 -2.875857e-03 1.840452e-03 7.658524e-02 5.857159e-05 -3.110187e-05 2.654102e-05 7.530209e-05
11562.800000 8.092924e-01 -2.909999e-03 1.808921e-03 8.116427e-02 5.578077e-05 -3.718296e-05 2.284174e-05 8.401257e-05
11563.000000 8.098789e-01 -2.915864e-03 1.909841e-03 8.214019e-02 6.408826e-05 -3.604955e-05 2.863996e-05 8.088948e-05
11563.200000 8.126802e-01 -2.868836e-03 1.646323e-03 8.256257e-02 6.287248e-05 -4.070201e-05 2.679608e-05 6.808618e-05
11563.400000 8.111428e-01 -2.885976e-03 1.759937e-03 8.624094e-02 6.133471e-05 -4.358869e-05 3.226296e-05 7.834129e-05
11563.600000 8.111307e-01 -2.909570e-03 1.728276e-03 8.860445e-02 5.389903e-05 -4.705383e-05 3.542857e-05 1.067682e-04
11563.800000 8.110885e-01 -2.872181e-03 1.708069e-03 8.890059e-02 5.006267e-05 -4.948639e-05 3.464389e-05 1.012446e-04
11564.000000 8.120701e-01 -2.869155e-03 1.747942e-03 9.374410e-02 5.167428e-05 -4.349860e-05 1.268326e-05 8.739136e-05
11564.200000 8.104992e-01 -2.880322e-03 1.778044e-03 9.299044e-02 5.079200e-05 -3.708337e-05 1.888060e-05 8.295347e-05
11564.400000 8.112828e-01 -2.889683e-03 1.737996e-03 9.673998e-02 5.737295e-05 -3.307482e-05 1.136207e-05 8.174625e-05
11564.600000 8.093766e-01 -2.864886e-03 1.638710e-03 1.010073e-01 5.111052e-05 -3.540368e-05 2.250902e-05 9.442249e-05
11564.800000 8.102942e-01 -2.848044e-03 1.837990e-03 1.017920e-01 4.532831e-05 -3.156027e-05 2.669983e-05 9.381958e-05
11565.000000 8.105724e-01 -2.920334e-03 1.704024e-03 1.044785e-01 5.059341e-05 -3.880603e-05 2.444186e-05 9.162003e-05
11565.200000 8.134285e-01 -2.918971e-03 1.734523e-03 1.059662e-01 4.323504e-05 -3.789173e-05 1.016260e-05 9.600366e-05
11565.400000 8.065392e-01 -2.907203e-03 1.829261e-03 1.102279e-01 5.132569e-05 -3.755540e-05 1.229230e-05 9.840855e-05
11565.600000 8.110921e-01 -2.906938e-03 1.785669e-03 1.111937e-01 7.026964e-05 -3.091258e-05 1.877626e-05 1.026387e-04
11565.800000 8.106630e-01 -2.878090e-03 1.681659e-03 1.130305e-01 5.944450e-05 -3.261970e-05 2.445989e-05 9.696127e-05
11566.000000 8.063918e-01 -2.881452e-03 1.603445e-03 1.143633e-01 6.647074e-05 -2.619728e-05 1.968924e-05 7.060125e-05
11566.200000 8.135129e-01 -2.908640e-03 1.652899e-03 1.177696e-01 6.532687e-05 -2.721219e-05 2.197515e-05 5.692262e-05
11566.400000 8.092129e-01 -2.929942e-03 1.499550e-03 1.192711e-01 6.130149e-05 -2.891936e-05 1.506365e-05 8.835684e-05
11566.600000 8.109529e-01 -2.912520e-03 1.697233e-03 1.202743e-01 5.306549e-05 -3.159569e-05 7.042310e-06 9.314095e-05
11566.800000 8.070331e-01 -2.890502e-03 1.844257e-03 1.214666e-01 5.606735e-05 -3.098572e-05 2.427433e-05 9.270528e-05
11567.000000 8.093810e-01 -2.870369e-03 1.696204e-03 1.228732e-01 5.590144e-05 -2.855157e-05 3.429941e-05 8.785457e-05
11567.200000 8.092853e-01 -2.943525e-03 1.948521e-03 1.240425e-01 6.162435e-05 -1.514419e-05 3.892092e-05 8.797472e-05
11567.400000 8.124331e-01 -2.910696e-03 1.700495e-03 1.253736e-01 5.742522e-05 -1.073825e-05 3.117081e-05 7.707396e-05
11567.600000 8.094000e-01 -2.912201e-03 1.900726e-03 1.244628e-01 4.985626e-05 -1.563046e-05 2.590688e-05 8.539342e-05
11567.800000 8.095397e-01 -2.919750e-03 1.881922e-03 1.253575e-01 5.338303e-05 -1.463139e-05 3.677385e-05 1.076689e-04
11568.000000 8.122678e-01 -2.912955e-03 1.782061e-03 1.249505e-01 5.717026e-05 -4.451533e-06 2.931512e-05 9.299155e-05
11568.200000 8.092897e-01 -2.908830e-03 1.538508e-03 1.245967e-01 5.694884e-05 -2.106436e-05 8.214365e-06 7.534622e-05
11568.400000 8.106608e-01 -2.897090e-03 1.498229e-03 1.245982e-01 5.867285e-05 -2.864945e-05 1.362673e-05 9.598427e-05
11568.600000 8.092250e-01 -2.865675e-03 1.660505e-03 1.256255e-01 6.006679e-05 -2.344444e-05 1.316863e-05 1.023248e-04
11568.800000 8.100823e-01 -2.877307e-03 1.820948e-03 1.245506e-01 4.941698e-05 -2.174362e-05 1.024565e-05 9.378856e-05
11569.000000 8.093867e-01 -2.860255e-03 1.811162e-03 1.249087e-01 5.517814e-05 -2.353509e-05 1.298153e-05 9.316557e-05
11569.200000 8.103999e-01 -2.917854e-03 1.609754e-03 1.258633e-01 4.900952e-05 -2.064681e-05 1.059835e-05 9.490050e-05
11569.400000 8.096210e-01 -2.919297e-03 1.713062e-03 1.242539e-01 6.755276e-05 -1.120054e-05 -1.002830e-05 7.283304e-05
11569.600000 8.071031e-01 -2.861359e-03 1.575055e-03 1.237509e-01 5.841057e-05 -1.447889e-05 9.268310e-06 4.547802e-05
11569.800000 8.108165e-01 -2.879197e-03 1.663067e-03 1.226550e-01 6.382937e-05 -2.675708e-05 8.280915e-06 7.205101e-05
11570.000000 8.088409e-01 -2.879939e-03 1.567824e-03 1.210056e-01 6.122526e-05 -2.212536e-05 1.663163e-05 7.018664e-05
11570.200000 8.101118e-01 -2.921415e-03 1.826813e-03 1.211229e-01 4.761015e-05 -2.799051e-05 1.755413e-05 8.078344e-05
11570.400000 8.114232e-01 -2.895741e-03 1.742828e-03 1.203685e-01 5.646879e-05 -2.639450e-05 4.833901e-06 9.295165e-05
11570.600000 8.098086e-01 -2.888058e-03 1.636527e-03 1.202173e-01 5.932574e-05 -2.489675e-05 5.097851e-06 9.048138e-05
11570.800000 8.099414e-01 -2.910966e-03 1.840193e-03 1.190953e-01 5.119475e-05 -1.863380e-05 8.024727e-06 8.858021e-05
11571.000000 8.086272e-01 -2.889688e-03 2.071768e-03 1.180772e-01 5.497543e-05 -2.337893e-05 9.881532e-06 8.817575e-05
11571.200000 8.104963e-01 -2.878449e-03 1.636360e-03 1.184157e-01 5.525969e-05 -3.845036e-05 1.221313e-05 6.980065e-05
11571.400000 8.055441e-01 -2.900817e-03 1.499953e-03 1.155744e-01 5.529915e-05 -3.130057e-05 3.480512e-06 7.296766e-05
11571.600000 8.101980e-01 -2.876931e-03 1.631704e-03 1.160899e-01 5.121593e-05 -3.283744e-05 1.681040e-05 8.203912e-05
11571.800000 8.089719e-01 -2.878294e-03 1.757940e-03 1.150177e-01 6.319941e-05 -3.403138e-05 1.832600e-05 7.995815e-05
11572.000000 8.082176e-01 -2.866239e-03 1.662868e-03 1.151331e-01 6.234531e-05 -2.570350e-05 2.357439e-06 7.948769e-05
11572.200000 8.095025e-01 -2.875607e-03 1.873545e-03 1.145744e-01 5.413371e-05 -2.254045e-05 6.030872e-06 6.495696e-05
11572.400000 8.090630e-01 -2.861059e-03 1.636822e-03 1.122719e-01 5.105827e-05 -2.665555e-05 -6.714965e-06 7.203790e-05
11572.600000 8.085463e-01 -2.888507e-03 1.943019e-03 1.130650e-01 4.303023e-05 -3.520475e-05 5.179593e-06 5.918160e-05
11572.800000 8.091316e-01 -2.898953e-03 1.907870e-03 1.135656e-01 4.435094e-05 -2.753658e-05 5.889433e-06 6.370045e-05
11573.000000 8.085582e-01 -2.853665e-03 1.663288e-03 1.123908e-01 5.728028e-05 -3.963690e-05 7.383707e-06 6.983512e-05
11573.200000 8.072870e-01 -2.904964e-03 1.472911e-03 1.117516e-01 4.780700e-05 -4.460409e-05 3.694937e-06 7.181178e-05
11573.400000 8.092052e-01 -2.872704e-03 1.806272e-03 1.114817e-01 4.422187e-05 -3.370944e-05 1.366279e-05 7.389956e-05
11573.600000 8.096425e-01 -2.890335e-03 1.767946e-03 1.106688e-01 4.721977e-05 -2.445687e-05 1.786232e-05 7.797075e-05
11573.800000 8.096802e-01 -2.892382e-03 1.724750e-03 1.112354e-01 4.900365e-05 -3.663127e-05 1.451157e-05 7.192107e-05
11574.000000 8.093950e-01 -2.865253e-03 1.699332e-03 1.095065e-01 4.353936e-05 -3.624207e-05 2.156311e-05 7.736068e-05
11574.200000 8.089294e-01 -2.871299e-03 1.717310e-03 1.090469e-01 3.499352e-05 -4.258169e-05 1.671324e-05 8.580191e-05
11574.400000 8.086957e-01 -2.836846e-03 1.910785e-03 1.088439e-01 2.722307e-05 -4.014320e-05 1.446472e-05 7.710787e-05
11574.600000 8.091761e-01 -2.871717e-03 1.772339e-03 1.091468e-01 4.604951e-05 -3.394537e-05 6.255244e-06 6.793720e-05
11574.800000 8.087877e-01 -2.866961e-03 1.746444e-03 1.087983e-01 4.777251e-05 -3.468655e-05 1.564946e-05 7.614523e-05
11575.000000 8.081620e-01 -2.871473e-03 1.635617e-03 1.085698e-01 3.645549e-05 -3.774437e-05 9.422356e-06 6.779537e-05
11575.200000 8.085508e-01 -2.886577e-03 1.627769e-03 1.082321e-01 5.300539e-05 -3.334561e-05 9.705447e-06 5.706422e-05
11575.400000 8.085619e-01 -2.878018e-03 1.668657e-03 1.077993e-01 5.376712e-05 -3.616431e-05 2.884008e-06 7.183267e-05
11575.600000 8.080735e-01 -2.869272e-03 1.807381e-03 1.077940e-01 5.173694e-05 -2.822177e-05 4.341234e-06 8.160919e-05
11575.800000 8.101743e-01 -2.880963e-03 1.793624e-03 1.081614e-01 5.000904e-05 -3.144793e-05 2.237293e-06 8.397808e-05
11576.000000 8.046934e-01 -2.902518e-03 1.692306e-03 1.068779e-01 5.093020e-05 -3.533167e-05 9.952816e-06 7.331978e-05
11576.200000 8.085305e-01 -2.858821e-03 1.763017e-03 1.072949e-01 5.044044e-05 -3.308698e-05 1.118740e-05 6.633178e-05
11576.400000 8.078013e-01 -2.857981e-03 1.779102e-03 1.072370e-01 4.699835e-05 -3.328344e-05 5.046394e-06 7.401687e-05
11576.600000 8.079817e-01 -2.918149e-03 1.778337e-03 1.070816e-01 5.886896e-05 -4.063743e-05 -1.614615e-06 7.850696e-05
11576.800000 8.087253e-01 -2.909500e-03 1.791796e-03 1.067334e-01 5.782767e-05 -4.381757e-05 -6.642241e-06 6.318009e-05
11577.000000 8.070537e-01 -2.875570e-03 1.612695e-03 1.063094e-01 6.094766e-05 -4.702686e-05 9.014010e-06 7.126747e-05
11577.200000 8.086450e-01 -2.847558e-03 1.654996e-03 1.079514e-01 5.259335e-05 -4.069036e-05 1.156320e-06 7.079246e-05
11577.400000 8.089282e-01 -2.884272e-03 1.873346e-03 1.079704e-01 5.939420e-05 -3.702374e-05 4.361454e-06 7.314808e-05
11577.600000 8.083945e-01 -2.870873e-03 1.878360e-03 1.069797e-01 6.550911e-05 -3.069510e-05 -2.456600e-05 7.783139e-05
11577.800000 8.071883e-01 -2.852299e-03 1.775143e-03 1.077930e-01 6.262340e-05 -3.732243e-05 -3.171926e-05 8.157701e-05
11578.000000 8.051657e-01 -2.867308e-03 1.608961e-03 1.069280e-01 5.629043e-05 -3.883801e-05 -2.534617e-05 6.933171e-05
11578.200000 8.087614e-01 -2.856329e-03 1.958912e-03 1.074449e-01 5.031469e-05 -2.879137e-05 2.637713e-07 6.217414e-05
11578.400000 8.088372e-01 -2.873266e-03 1.841588e-03 1.078322e-01 4.294595e-05 -3.042577e-05 -1.139550e-05 5.722395e-05
11578.600000 8.089897e-01 -2.877404e-03 1.754513e-03 1.064005e-01 4.328304e-05 -3.365052e-05 -1.745573e-05 6.644084e-05
11578.800000 8.087027e-01 -2.894013e-03 1.842615e-03 1.077583e-01 4.680431e-05 -4.247593e-05 2.186930e-06 7.226921e-05
11579.000000 8.089325e-01 -2.885832e-03 1.729373e-03 1.075134e-01 4.433790e-05 -3.692498e-05 -1.691773e-06 6.388391e-05
11579.200000 8.079184e-01 -2.883268e-03 1.654943e-03 1.086242e-01 4.856471e-05 -3.993113e-05 -1.951062e-05 3.411582e-05
11579.400000 8.076803e-01 -2.920705e-03 1.802754e-03 1.080517e-01 4.914946e-05 -4.831898e-05 -1.069517e-05 4.852230e-05
11579.600000 8.058004e-01 -2.925706e-03 1.820766e-03 1.060579e-01 3.627744e-05 -4.006434e-05 1.743148e-06 5.931423e-05
11579.800000 8.088187e-01 -2.887438e-03 1.812746e-03 1.083922e-01 4.444598e-05 -2.951203e-05 -1.451622e-06 5.169104e-05
11580.000000 8.070492e-01 -2.882201e-03 1.807525e-03 1.075965e-01 4.779890e-05 -3.078848e-05 4.150670e-07 3.766532e-05
11580.200000 8.072675e-01 -2.879310e-03 1.813769e-03 1.068335e-01 4.060170e-05 -2.804003e-05 7.746650e-06 5.455099e-05
11580.400000 8.082714e-01 -2.899858e-03 1.820339e-03 1.085134e-01 3.587364e-05 -2.830087e-05 -3.679655e-06 4.839041e-05
11580.600000 8.068152e-01 -2.886183e-03 1.704050e-03 1.070855e-01 3.125981e-05 -3.637262e-05 -4.275228e-06 5.082081e-05
11580.800000 8.092491e-01 -2.892755e-03 1.941718e-03 1.077857e-01 2.515531e-05 -3.357308e-05 1.143527e-05 5.391601e-05
11581.000000 8.055973e-01 -2.875335e-03 1.968477e-03 1.065574e-01 3.408530e-05 -2.948625e-05 4.837949e-06 5.742868e-05
11581.200000 8.083761e-01 -2.870334e-03 1.815022e-03 1.077230e-01 3.442288e-05 -1.948477e-05 1.321217e-05 6.579108e-05
11581.400000 8.065095e-01 -2.924694e-03 1.848512e-03 1.078043e-01 3.431962e-05 -2.073134e-05 -1.332594e-05 5.612606e-05
11581.600000 8.057810e-01 -2.912298e-03 1.618018e-03 1.077356e-01 3.868406e-05 -1.679917e-05 -8.965648e-06 6.445829e-05
11581.800000 8.082211e-01 -2.939463e-03 1.833568e-03 1.075081e-01 3.857825e-05 -3.219738e-05 1.343776e-05 6.844641e-05
11582.000000 8.093571e-01 -2.907509e-03 1.897880e-03 1.071783e-01 3.518588e-05 -3.304426e-05 1.941344e-05 6.638707e-05
11582.200000 8.064328e-01 -2.872747e-03 1.558226e-03 1.070508e-01 4.075622e-05 -3.943924e-05 4.792595e-07 5.520934e-05
11582.400000 8.072372e-01 -2.871788e-03 1.975965e-03 1.075482e-01 4.678601e-05 -4.745114e-05 -1.708733e-05 2.928497e-05
11582.600000 8.079323e-01 -2.881442e-03 1.790711e-03 1.069328e-01 4.657502e-05 -3.233356e-05 -1.267584e-05 6.282251e-05
11582.800000 8.081825e-01 -2.857189e-03 1.769897e-03 1.061778e-01 4.026331e-05 -2.888369e-05 1.273872e-05 6.337815e-05
11583.000000 8.070266e-01 -2.842902e-03 1.656985e-03 1.053009e-01 4.030285e-05 -2.649658e-05 1.338154e-05 6.712884e-05
11583.200000 8.079881e-01 -2.867868e-03 1.666659e-03 1.075266e-01 3.897119e-05 -2.894622e-05 8.560383e-06 6.798011e-05
11583.400000 8.076061e-01 -2.841894e-03 1.886614e-03 1.063443e-01 3.626468e-05 -2.715566e-05 -1.053572e-05 5.846554e-05
11583.600000 8.070711e-01 -2.863825e-03 1.764584e-03 1.064215e-01 4.126459e-05 -2.573234e-05 -5.738973e-06 6.743963e-05
11583.800000 8.070177e-01 -2.879505e-03 1.665798e-03 1.066186e-01 3.974701e-05 -3.581728e-05 3.824050e-06 7.400122e-05
11584.000000 8.086379e-01 -2.885386e-03 1.780457e-03 1.062859e-01 5.129902e-05 -3.355839e-05 1.060430e-05 6.936109e-05
11584.200000 8.031332e-01 -2.855573e-03 1.867533e-03 1.052870e-01 5.577609e-05 -2.762232e-05 9.523055e-06 6.011405e-05
11584.400000 8.092318e-01 -2.858694e-03 1.697057e-03 1.060846e-01 4.401904e-05 -2.908433e-05 7.880576e-06 5.761407e-05
11584.600000 8.068082e-01 -2.819179e-03 1.783188e-03 1.059303e-01 4.507649e-05 -3.293314e-05 1.625110e-06 6.437289e-05
11584.800000 8.093359e-01 -2.869834e-03 1.720041e-03 1.079249e-01 4.374770e-05 -2.976050e-05 -1.420599e-06 5.977201e-05
11585.000000 8.026542e-01 -2.827173e-03 1.765400e-03 1.049004e-01 3.913779e-05 -2.117197e-05 1.649793e-05 5.780058e-05
11585.200000 8.109648e-01 -2.863233e-03 1.668685e-03 1.067859e-01 3.441106e-05 -2.681840e-05 1.118054e-05 7.018815e-05
11585.400000 7.983701e-01 -2.841035e-03 1.869575e-03 1.048494e-01 5.335530e-05 -2.549744e-05 6.354493e-06 7.642987e-05
11585.600000 8.083799e-01 -2.889779e-03 1.816688e-03 1.057555e-01 5.082354e-05 -3.385855e-05 9.031228e-06 8.190472e-05
11585.800000 8.042826e-01 -2.872793e-03 1.691931e-03 1.051313e-01 5.222496e-05 -3.816683e-05 -1.017093e-06 6.978063e-05
11586.000000 8.051743e-01 -2.890779e-03 1.866391e-03 1.045003e-01 4.523082e-05 -3.314451e-05 -9.690957e-06 7.615992e-05
11586.200000 8.078274e-01 -2.862066e-03 1.869264e-03 1.072523e-01 3.955281e-05 -3.891082e-05 -1.046012e-05 5.746792e-05
11586.400000 8.064049e-01 -2.812594e-03 1.869805e-03 1.060985e-01 4.071506e-05 -4.399610e-05 8.486874e-06 6.174915e-05
11586.600000 8.050933e-01 -2.868292e-03 1.711422e-03 1.063927e-01 4.914783e-05 -4.459893e-05 1.469641e-06 5.662151e-05
11586.800000 8.069199e-01 -2.867466e-03 1.525381e-03 1.083276e-01 4.545501e-05 -5.097532e-05 3.555287e-07 4.695595e-05
11587.000000 8.065594e-01 -2.882250e-03 1.754943e-03 1.054894e-01 4.474580e-05 -4.500965e-05 1.003131e-05 6.141689e-05
11587.200000 8.044730e-01 -2.832324e-03 1.959143e-03 1.044692e-01 3.379943e-05 -4.435155e-05 1.073861e-05 5.820357e-05
11587.400000 8.082122e-01 -2.844997e-03 1.923654e-03 1.067121e-01 3.177218e-05 -3.811107e-05 -2.509953e-06 4.717243e-05
11587.600000 8.025690e-01 -2.835402e-03 1.728650e-03 1.052382e-01 3.098940e-05 -3.405184e-05 -1.280988e-05 5.520190e-05
11587.800000 8.069788e-01 -2.841195e-03 1.695609e-03 1.047512e-01 3.527224e-05 -4.747058e-05 -5.946215e-06 6.433104e-05
11588.000000 8.064161e-01 -2.864270e-03 1.798788e-03 1.070943e-01 4.373966e-05 -4.924689e-05 -7.210462e-06 6.124077e-05
11588.200000 8.072262e-01 -2.845817e-03 1.812410e-03 1.070163e-01 4.213542e-05 -5.381954e-05 -1.572421e-05 5.548847e-05
11588.400000 8.021773e-01 -2.824691e-03 1.923254e-03 1.049967e-01 4.079852e-05 -5.771942e-05 -2.001284e-05 5.740370e-05
11588.600000 8.082154e-01 -2.856601e-03 1.723097e-03 1.070106e-01 4.578529e-05 -4.730600e-05 -5.650953e-06 5.209248e-05
11588.800000 8.059594e-01 -2.877516e-03 1.765880e-03 1.067162e-01 3.956869e-05 -5.099734e-05 4.958837e-06 6.857437e-05
11589.000000 8.055860e-01 -2.804271e-03 1.780953e-03 1.070923e-01 3.298691e-05 -5.200542e-05 -2.173411e-06 7.552722e-05
11589.200000 8.033148e-01 -2.840153e-03 1.725861e-03 1.059367e-01 2.573912e-05 -4.736254e-05 8.399022e-06 7.192308e-05
11589.400000 8.057517e-01 -2.894124e-03 1.987445e-03 1.084038e-01 4.909415e-05 -4.221235e-05 3.173337e-06 5.951797e-05
11589.600000 8.028966e-01 -2.885525e-03 1.788655e-03 1.057374e-01 4.864680e-05 -4.241018e-05 -9.978925e-06 6.734550e-05
11589.800000 8.059701e-01 -2.821693e-03 1.706735e-03 1.069133e-01 5.363359e-05 -3.135084e-05 -1.295666e-05 8.585036e-05
11590.000000 8.066274e-01 -2.866988e-03 1.661093e-03 1.082846e-01 5.527127e-05 -3.627666e-05 -5.476354e-06 8.786591e-05
11590.200000 8.075809e-01 -2.905499e-03 1.725888e-03 1.068343e-01 5.998471e-05 -3.627856e-05 3.872560e-06 7.047784e-05
11590.400000 8.019472e-01 -2.819417e-03 1.628254e-03 1.083192e-01 3.857617e-05 -3.710416e-05 4.683086e-06 6.720417e-05
11590.600000 8.075250e-01 -2.887617e-03 1.823175e-03 1.077547e-01 3.992292e-05 -3.991861e-05 7.868581e-06 6.606309e-05
11590.800000 8.077478e-01 -2.879586e-03 1.707907e-03 1.092746e-01 3.820412e-05 -4.007134e-05 1.765126e-05 6.038540e-05
11591.000000 8.032112e-01 -2.876472e-03 1.736678e-03 1.095274e-01 2.751107e-05 -3.697470e-05 1.695691e-05 5.112605e-05
11591.200000 8.102879e-01 -2.900131e-03 1.760951e-03 1.080772e-01 2.301872e-05 -3.877852e-05 -3.618663e-06 5.350356e-05
11591.400000 7.993893e-01 -2.934171e-03 1.631989e-03 1.073073e-01 3.250110e-05 -4.940154e-05 -6.943966e-06 5.226315e-05
11591.600000 8.093920e-01 -2.898365e-03 1.723191e-03 1.101801e-01 2.895043e-05 -5.291058e-05 1.173016e-05 6.295495e-05
11591.800000 7.934780e-01 -2.807380e-03 1.817411e-03 1.060069e-01 3.088659e-05 -4.732688e-05 -1.953759e-05 5.769720e-05
11592.000000 8.101017e-01 -2.909002e-03 1.670290e-03 1.075813e-01 4.334273e-05 -4.591276e-05 -1.011887e-05 5.808999e-05
11592.200000 8.018871e-01 -2.810583e-03 1.851280e-03 1.072620e-01 3.473179e-05 -5.026432e-05 -1.674815e-06 6.522688e-05
11592.400000 8.052086e-01 -2.829859e-03 1.856775e-03 1.083384e-01 2.738348e-05 -5.339522e-05 -5.840347e-06 7.753383e-05
11592.600000 8.062025e-01 -2.905743e-03 1.705086e-03 1.083279e-01 3.750155e-05 -4.769115e-05 -3.767595e-06 8.235391e-05
11592.800000 8.042273e-01 -2.797803e-03 1.744765e-03 1.067189e-01 4.037318e-05 -4.662225e-05 8.073226e-06 8.274424e-05
11593.000000 8.051963e-01 -2.883551e-03 1.723524e-03 1.101250e-01 3.904273e-05 -4.626010e-05 -6.142278e-06 7.299547e-05
11593.200000 8.062351e-01 -2.841381e-03 1.759179e-03 1.085674e-01 3.576010e-05 -3.700082e-05 -1.003428e-05 7.687478e-05
11593.400000 8.005130e-01 -2.854216e-03 1.773696e-03 1.105790e-01 2.296700e-05 -2.497332e-05 -4.754741e-06 6.356180e-05
11593.600000 8.061042e-01 -2.927042e-03 1.768762e-03 1.087258e-01 3.141722e-05 -3.067504e-05 1.252478e-06 6.402571e-05
11593.800000 8.067881e-01 -2.854600e-03 1.805956e-03 1.107263e-01 2.262922e-05 -2.903832e-05 -1.202705e-05 6.031155e-05
11594.000000 8.071755e-01 -2.930069e-03 1.688377e-03 1.108779e-01 2.572155e-05 -2.679273e-05 -1.465533e-05 5.040103e-05
11594.200000 8.031261e-01 -2.847640e-03 1.828810e-03 1.077736e-01 2.724188e-05 -2.874306e-05 -1.909425e-05 3.352883e-05
11594.400000 7.962023e-01 -2.823859e-03 1.922669e-03 1.082582e-01 3.308664e-05 -2.787286e-05 -1.019812e-05 5.028638e-05
11594.600000 8.058970e-01 -2.931497e-03 1.798318e-03 1.120639e-01 3.769337e-05 -2.676585e-05 1.894947e-07 6.937774e-05
11594.800000 8.037031e-01 -2.841658e-03 1.733355e-03 1.084828e-01 3.518299e-05 -2.443089e-05 -1.765170e-06 7.753185e-05
11595.000000 8.087489e-01 -2.908188e-03 2.070668e-03 1.085319e-01 4.019461e-05 -2.001340e-05 -5.234333e-06 8.540611e-05
11595.200000 7.968186e-01 -2.777028e-03 2.090952e-03 1.091033e-01 3.200701e-05 -1.997389e-05 -6.206432e-06 9.144605e-05
11595.400000 8.057523e-01 -2.960618e-03 1.809808e-03 1.123723e-01 4.017100e-05 -2.416273e-05 -8.261239e-06 9.046651e-05
11595.600000 8.023406e-01 -2.814896e-03 1.830081e-03 1.093964e-01 3.845428e-05 -2.712699e-05 3.569807e-06 8.095278e-05
11595.800000 8.080326e-01 -2.916188e-03 1.698037e-03 1.098783e-01 4.689188e-05 -2.577621e-05 2.599610e-06 7.128081e-05
11596.000000 7.999018e-01 -2.796439e-03 1.868124e-03 1.100456e-01 4.132613e-05 -2.482608e-05 3.272431e-06 7.519232e-05
11596.200000 8.075354e-01 -2.874901e-03 1.772750e-03 1.098136e-01 4.176371e-05 -2.759273e-05 1.122214e-05 6.743825e-05
11596.400000 8.034800e-01 -2.884758e-03 1.683561e-03 1.110801e-01 3.326624e-05 -2.552830e-05 6.373194e-06 6.689008e-05
11596.600000 8.050274e-01 -2.803003e-03 2.011399e-03 1.086174e-01 2.543277e-05 -3.238753e-05 1.952355e-06 5.481456e-05
11596.800000 8.014227e-01 -2.889598e-03 1.676520e-03 1.086040e-01 3.096466e-05 -3.127100e-05 -1.896862e-07 7.275408e-05
11597.000000 8.034589e-01 -2.845964e-03 1.748785e-03 1.094624e-01 3.472435e-05 -2.676120e-05 -5.071711e-06 6.456120e-05
11597.700000 8.040604e-01 -2.858599e-03 1.747504e-03 1.088561e-01 4.621835e-05 -3.431805e-05 -3.343762e-06 6.588392e-05
11598.400000 8.033629e-01 -2.868287e-03 1.795051e-03 1.083885e-01 4.643404e-05 -2.737992e-05 -8.781772e-06 4.532428e-05
11599.100000 8.026230e-01 -2.839778e-03 1.760811e-03 1.086809e-01 4.348013e-05 -2.514751e-05 -1.319018e-05 5.958017e-05
11599.800000 8.020462e-01 -2.866525e-03 1.757688e-03 1.069007e-01 3.417510e-05 -3.618313e-05 -1.953939e-05 6.526986e-05
11600.500000 8.026441e-01 -2.845950e-03 1.731389e-03 1.071121e-01 3.469149e-05 -4.059769e-05 -8.088781e-06 7.214953e-05
11601.200000 8.040632e-01 -2.885860e-03 1.712603e-03 1.073907e-01 3.847497e-05 -3.365442e-05 1.203209e-06 8.071064e-05
11601.900000 8.026986e-01 -2.876614e-03 1.781986e-03 1.069981e-01 2.724175e-05 -2.801012e-05 -7.477536e-06 6.081401e-05
11602.600000 8.022047e-01 -2.888094e-03 1.740811e-03 1.066338e-01 1.778497e-05 -2.869858e-05 -1.502208e-05 6.015257e-05
11603.300000 8.025389e-01 -2.875667e-03 1.747434e-03 1.070366e-01 2.316203e-05 -3.292776e-05 -1.242669e-05 5.700237e-05
11604.993695 8.014465e-01 -2.883237e-03 1.804884e-03 1.065378e-01 4.374000e-05 -3.459946e-05 1.818308e-07 5.812412e-05
11605.999583 8.015773e-01 -2.887867e-03 1.790904e-03 1.067070e-01 5.085327e-05 -2.958661e-05 9.340812e-08 6.585166e-05
11607.017662 8.021211e-01 -2.883030e-03 1.755774e-03 1.059509e-01 4.093707e-05 -2.541744e-05 5.181872e-06 6.201480e-05
11608.047933 8.019675e-01 -2.867916e-03 1.814942e-03 1.059665e-01 3.910852e-05 -3.785667e-05 7.441645e-06 5.056675e-05
11609.090396 8.018158e-01 -2.881636e-03 1.751954e-03 1.058921e-01 2.754449e-05 -3.746754e-05 -4.231406e-07 4.826367e-05
11610.145051 8.017638e-01 -2.876743e-03 1.770211e-03 1.066873e-01 2.378077e-05 -3.734218e-05 -6.754851e-06 4.797763e-05
11611.211898 8.013927e-01 -2.871994e-03 1.748210e-03 1.067928e-01 3.690303e-05 -3.534080e-05 4.699531e-06 5.436518e-05
11612.290937 8.016797e-01 -2.876566e-03 1.672208e-03 1.068320e-01 4.661087e-05 -5.267363e-05 -8.143994e-06 4.843995e-05
11613.382167 8.009457e-01 -2.878847e-03 1.744782e-03 1.075405e-01 5.373773e-05 -5.552803e-05 -9.354211e-06 4.524875e-05
11614.485590 8.005416e-01 -2.870253e-03 1.672575e-03 1.076255e-01 4.777932e-05 -4.555211e-05 -6.755530e-07 5.773220e-05
11615.601204 8.002228e-01 -2.892566e-03 1.758450e-03 1.083547e-01 4.542371e-05 -3.540897e-05 1.088707e-05 5.715465e-05
11616.729011 7.993783e-01 -2.895027e-03 1.738467e-03 1.088229e-01 3.796261e-05 -3.357587e-05 7.182919e-06 5.572639e-05
11617.869009 7.990674e-01 -2.878150e-03 1.857342e-03 1.088096e-01 4.439825e-05 -4.430451e-05 1.153826e-06 6.523613e-05
11619.021199 7.989148e-01 -2.873002e-03 1.697178e-03 1.093454e-01 4.220368e-05 -3.626924e-05 -1.037168e-05 5.226141e-05
11620.185582 7.993368e-01 -2.874733e-03 1.689180e-03 1.096814e-01 4.231707e-05 -3.338280e-05 -8.225096e-06 3.742345e-05
11621.362156 7.999455e-01 -2.861694e-03 1.719950e-03 1.098559e-01 3.857167e-05 -3.731277e-05 -3.617912e-06 2.682080e-05
11622.550922 7.988266e-01 -2.881224e-03 1.705383e-03 1.097468e-01 3.705410e-05 -3.518181e-05 -5.411347e-06 5.361709e-05
11623.751879 7.980875e-01 -2.875801e-03 1.705772e-03 1.098545e-01 4.036816e-05 -3.307230e-05 1.526421e-06 5.059080e-05
11624.965029 7.979119e-01 -2.867036e-03 1.785251e-03 1.092433e-01 3.856131e-05 -3.767212e-05 1.868137e-06 5.975617e-05
11626.190371 7.980336e-01 -2.877428e-03 1.595544e-03 1.095848e-01 3.494640e-05 -3.453827e-05 2.826311e-06 6.009590e-05
11627.427904 7.977354e-01 -2.880924e-03 1.727751e-03 1.082993e-01 2.927061e-05 -3.150871e-05 -7.159708e-06 5.658089e-05
11628.677630 7.970062e-01 -2.891686e-03 1.777414e-03 1.097915e-01 3.657800e-05 -2.371185e-05 -4.847719e-06 6.492409e-05
11629.939547 7.973681e-01 -2.886913e-03 1.741557e-03 1.094054e-01 4.148082e-05 -2.428949e-05 5.601324e-06 7.345638e-05
11631.213657 7.961221e-01 -2.878556e-03 1.659865e-03 1.082686e-01 3.336039e-05 -2.766344e-05 -8.757515e-06 6.972870e-05
11632.499958 7.964210e-01 -2.878048e-03 1.798094e-03 1.074872e-01 3.836425e-05 -2.772174e-05 -6.462707e-07 6.915060e-05
11633.798451 7.958242e-01 -2.875193e-03 1.724079e-03 1.083151e-01 3.838908e-05 -3.315806e-05 1.099735e-06 5.784449e-05
11635.109136 7.968860e-01 -2.863304e-03 1.784982e-03 1.082334e-01 3.531080e-05 -3.958400e-05 -7.437398e-06 5.678844e-05
11636.432013 7.965215e-01 -2.872909e-03 1.853244e-03 1.074393e-01 3.654087e-05 -4.392870e-05 -8.769670e-06 6.676254e-05
11637.767082 7.953423e-01 -2.869152e-03 1.811792e-03 1.075603e-01 4.320091e-05 -3.603884e-05 1.084314e-06 6.745376e-05
11639.114342 7.950833e-01 -2.882391e-03 1.894109e-03 1.072516e-01 4.103109e-05 -2.907800e-05 1.675497e-05 6.643081e-05
11640.473795 7.947282e-01 -2.873434e-03 1.814676e-03 1.067313e-01 4.142542e-05 -3.324333e-05 8.308324e-06 6.087725e-05
11641.845440 7.955631e-01 -2.879590e-03 1.727300e-03 1.070039e-01 4.203060e-05 -3.583857e-05 1.056051e-05 7.052837e-05
11643.229276 7.951410e-01 -2.873762e-03 1.746819e-03 1.064551e-01 3.155197e-05 -3.600100e-05 4.038367e-08 6.412927e-05
11644.625305 7.943954e-01 -2.883129e-03 1.724283e-03 1.063160e-01 3.065633e-05 -3.670072e-05 3.680603e-06 6.618842e-05
11646.033525 7.945836e-01 -2.865572e-03 1.775590e-03 1.060487e-01 3.398118e-05 -4.810264e-05 -1.702487e-06 6.096033e-05
11647.453937 7.940054e-01 -2.889367e-03 1.782032e-03 1.061504e-01 3.787218e-05 -4.502048e-05 7.851638e-07 6.216016e-05
11648.886541 7.927647e-01 -2.883110e-03 1.767189e-03 1.057991e-01 4.173599e-05 -4.074592e-05 -3.548475e-06 7.586339e-05
11650.331337 7.940965e-01 -2.864468e-03 1.774994e-03 1.059315e-01 3.592334e-05 -5.070260e-05 2.999109e-06 7.575929e-05
11651.788325 7.938816e-01 -2.865370e-03 1.727979e-03 1.059850e-01 4.434872e-05 -4.814422e-05 1.589785e-05 5.960512e-05
11653.257505 7.937199e-01 -2.870326e-03 1.706907e-03 1.071039e-01 3.936723e-05 -3.813532e-05 7.172466e-06 5.206355e-05
11654.738877 7.932508e-01 -2.854666e-03 1.709973e-03 1.063040e-01 3.843896e-05 -4.366662e-05 -5.971720e-06 5.977264e-05
11656.232440 7.921121e-01 -2.860785e-03 1.741737e-03 1.063880e-01 2.583991e-05 -3.775225e-05 -3.513940e-06 6.273193e-05
11657.738196 7.887824e-01 -2.873028e-03 1.723756e-03 1.059192e-01 2.656767e-05 -3.299770e-05 1.826048e-06 6.797094e-05
11659.256143 7.894174e-01 -2.883684e-03 1.720924e-03 1.063693e-01 4.419137e-05 -3.684783e-05 -2.256928e-06 5.576594e-05
11660.786283 7.911590e-01 -2.876825e-03 1.804256e-03 1.067519e-01 4.733855e-05 -3.903271e-05 -9.330386e-07 6.573689e-05
11662.328614 7.905227e-01 -2.856597e-03 1.745299e-03 1.079577e-01 5.033652e-05 -3.466589e-05 -1.554363e-08 6.637498e-05
11663.883137 7.918827e-01 -2.865157e-03 1.741654e-03 1.075365e-01 4.069782e-05 -3.533161e-05 5.531443e-06 7.112933e-05
11665.449852 7.901799e-01 -2.884168e-03 1.792102e-03 1.080295e-01 4.398062e-05 -3.994829e-05 5.156348e-06 7.610081e-05
11667.028759 7.903656e-01 -2.882605e-03 1.780594e-03 1.075905e-01 4.664853e-05 -4.874714e-05 1.735483e-06 5.539278e-05
11668.619858 7.912154e-01 -2.887538e-03 1.745563e-03 1.074990e-01 4.042914e-05 -4.370769e-05 2.861761e-06 6.782322e-05
11670.223149 7.886750e-01 -2.871529e-03 1.735958e-03 1.073238e-01 3.662004e-05 -3.881307e-05 -4.649048e-06 6.908919e-05
11671.838632 7.865294e-01 -2.878813e-03 1.689836e-03 1.069275e-01 3.805222e-05 -4.317511e-05 -5.720547e-06 7.529444e-05
11673.466307 7.882824e-01 -2.900249e-03 1.728620e-03 1.069316e-01 4.532874e-05 -4.399735e-05 -1.080006e-05 6.450917e-05
11675.106173 7.876594e-01 -2.882335e-03 1.784789e-03 1.065794e-01 3.723636e-05 -4.803233e-05 1.741571e-06 6.754254e-05
11676.758232 7.870024e-01 -2.871788e-03 1.698463e-03 1.066700e-01 3.558471e-05 -4.894033e-05 -3.400343e-06 6.976818e-05
11678.422482 7.877447e-01 -2.876728e-03 1.784183e-03 1.072447e-01 3.974298e-05 -4.649516e-05 -2.792537e-06 7.861069e-05
11680.098924 7.874785e-01 -2.896342e-03 1.800186e-03 1.073381e-01 3.911647e-05 -4.917564e-05 -2.315622e-06 7.903758e-05
11681.787558 7.871320e-01 -2.892531e-03 1.705705e-03 1.072962e-01 3.755122e-05 -4.940388e-05 9.816444e-07 7.843351e-05
11683.488385 7.869677e-01 -2.898743e-03 1.711090e-03 1.076848e-01 3.865091e-05 -4.666540e-05 -1.185058e-06 8.016709e-05
11685.201403 7.871454e-01 -2.921885e-03 1.768450e-03 1.072555e-01 3.662108e-05 -4.749412e-05 -5.696465e-06 7.277693e-05
11686.926613 7.866677e-01 -2.901516e-03 1.766530e-03 1.078121e-01 3.793503e-05 -4.876889e-05 -1.808856e-05 5.158125e-05
11688.664014 7.859374e-01 -2.889137e-03 1.798029e-03 1.079955e-01 3.648902e-05 -5.279976e-05 -1.390316e-05 5.773150e-05
11690.413608 7.865939e-01 -2.881007e-03 1.785183e-03 1.081086e-01 2.952943e-05 -4.063077e-05 -1.597761e-05 6.107103e-05
11692.175394 7.854323e-01 -2.852357e-03 1.720208e-03 1.073420e-01 3.520591e-05 -4.737962e-05 3.354937e-06 7.010653e-05
11693.949371 7.858005e-01 -2.893412e-03 1.727150e-03 1.076602e-01 3.119972e-05 -4.734382e-05 5.434562e-06 7.532097e-05
11695.735541 7.854117e-01 -2.889572e-03 1.745889e-03 1.073487e-01 4.147334e-05 -3.791588e-05 -7.635416e-06 6.982376e-05
11697.533902 7.848448e-01 -2.850531e-03 1.709006e-03 1.074510e-01 4.449471e-05 -4.387822e-05 -4.292706e-06 6.187486e-05
11699.344455 7.853154e-01 -2.865405e-03 1.731484e-03 1.078603e-01 3.952535e-05 -5.260320e-05 -1.094981e-05 4.940007e-05
11701.167201 7.841820e-01 -2.885134e-03 1.717167e-03 1.068617e-01 3.945657e-05 -4.602088e-05 -1.727403e-05 6.436854e-05
11703.002138 7.809668e-01 -2.896093e-03 1.705180e-03 1.060912e-01 4.777051e-05 -2.845123e-05 -1.492110e-05 7.057497e-05
11704.849267 7.828128e-01 -2.873959e-03 1.727614e-03 1.058822e-01 5.035413e-05 -3.465605e-05 -1.105865e-05 6.478226e-05
11706.708588 7.838693e-01 -2.866150e-03 1.741640e-03 1.070664e-01 5.137422e-05 -3.842321e-05 -1.702676e-05 5.341903e-05
11708.580100 7.838070e-01 -2.872787e-03 1.692840e-03 1.065634e-01 4.687224e-05 -3.794660e-05 -1.243173e-05 6.232167e-05
11710.463805 7.833776e-01 -2.876104e-03 1.775571e-03 1.063326e-01 4.688858e-05 -4.188300e-05 -1.453454e-05 4.716817e-05
11712.359702 7.835971e-01 -2.870007e-03 1.691826e-03 1.081090e-01 4.697750e-05 -4.199872e-05 -3.882161e-06 4.362743e-05
11714.267790 7.824192e-01 -2.862226e-03 1.714429e-03 1.071140e-01 4.565855e-05 -3.884001e-05 -1.611052e-06 5.342097e-05
11716.188071 7.815517e-01 -2.875868e-03 1.801305e-03 1.074381e-01 4.895477e-05 -4.144365e-05 -3.927390e-06 5.640057e-05
11718.120543 7.812031e-01 -2.846183e-03 1.719302e-03 1.069788e-01 4.801838e-05 -3.708436e-05 -5.189194e-06 6.242048e-05
11720.065207 7.819627e-01 -2.858052e-03 1.746114e-03 1.070356e-01 4.620227e-05 -4.050609e-05 -1.809074e-06 7.240562e-05
11722.022064 7.812397e-01 -2.844811e-03 1.802675e-03 1.075858e-01 4.855062e-05 -4.408848e-05 1.574997e-06 6.227866e-05
11723.991112 7.807506e-01 -2.870649e-03 1.816807e-03 1.080752e-01 5.386734e-05 -3.056007e-05 2.779659e-06 5.963206e-05
11725.972352 7.803799e-01 -2.874282e-03 1.793261e-03 1.083497e-01 4.850737e-05 -2.505401e-05 2.980714e-06 5.768574e-05
11727.965784 7.803205e-01 -2.865899e-03 1.722624e-03 1.078108e-01 4.762556e-05 -3.992968e-05 -5.179118e-06 7.481440e-05
11729.971407 7.797917e-01 -2.856415e-03 1.783971e-03 1.071580e-01 4.919225e-05 -5.532649e-05 -1.541847e-06 7.545939e-05
11731.989223 7.791736e-01 -2.883698e-03 1.802163e-03 1.083199e-01 4.454634e-05 -5.430473e-05 -1.179948e-05 6.008518e-05
11734.019231 7.783194e-01 -2.865640e-03 1.809922e-03 1.079671e-01 5.233468e-05 -4.682521e-05 -2.042280e-05 5.586435e-05
11736.061430 7.784006e-01 -2.853774e-03 1.726016e-03 1.077217e-01 5.622686e-05 -3.400663e-05 -1.548466e-05 3.077441e-05
11738.115822 7.782713e-01 -2.858415e-03 1.727506e-03 1.079360e-01 5.060911e-05 -3.921599e-05 -1.183611e-05 5.315406e-05
11740.182405 7.773311e-01 -2.858727e-03 1.794185e-03 1.086075e-01 4.351301e-05 -4.231235e-05 -7.866582e-06 5.986843e-05
11742.261180 7.745974e-01 -2.872875e-03 1.727187e-03 1.077459e-01 5.829708e-05 -4.548323e-05 -6.991249e-06 6.734850e-05
11744.352148 7.739159e-01 -2.873371e-03 1.664203e-03 1.068373e-01 4.881197e-05 -4.503192e-05 -4.354180e-06 5.472732e-05
11746.455307 7.734121e-01 -2.855326e-03 1.674497e-03 1.073749e-01 5.175338e-05 -4.483587e-05 -7.064203e-06 5.941026e-05
11748.570658 7.765199e-01 -2.869861e-03 1.705691e-03 1.083413e-01 4.780023e-05 -4.194563e-05 -1.285349e-05 6.838147e-05
11750.698201 7.748399e-01 -2.876905e-03 1.744904e-03 1.068965e-01 4.458335e-05 -4.420950e-05 -1.344554e-05 6.600051e-05
11752.837935 7.751397e-01 -2.846602e-03 1.763562e-03 1.082565e-01 4.724539e-05 -4.552441e-05 -3.206678e-06 5.504634e-05
11754.989862 7.750818e-01 -2.860281e-03 1.742065e-03 1.078183e-01 4.036863e-05 -4.715080e-05 -1.541294e-05 5.423706e-05
11757.153981 7.737907e-01 -2.861420e-03 1.815819e-03 1.082640e-01 3.254892e-05 -4.563503e-05 -7.183677e-06 6.127709e-05
11759.330291 7.715966e-01 -2.861951e-03 1.776765e-03 1.076756e-01 3.540693e-05 -3.731438e-05 -1.870732e-05 4.978985e-05
11761.518794 7.705258e-01 -2.862719e-03 1.684688e-03 1.071594e-01 3.472869e-05 -4.671928e-05 -1.361636e-05 4.040492e-05
11763.719488 7.716592e-01 -2.857226e-03 1.673400e-03 1.072005e-01 3.636299e-05 -4.425964e-05 -1.928977e-05 3.434467e-05
11765.932374 7.721912e-01 -2.875195e-03 1.746551e-03 1.072633e-01 3.734031e-05 -4.101932e-05 -1.000129e-05 4.721394e-05
11768.157453 7.710963e-01 -2.882197e-03 1.708822e-03 1.073250e-01 2.693768e-05 -3.692072e-05 -2.100003e-05 5.357330e-05
11770.394723 7.714818e-01 -2.863050e-03 1.722354e-03 1.079249e-01 3.332976e-05 -4.618299e-05 -1.523377e-05 5.439348e-05
11772.644185 7.698365e-01 -2.879348e-03 1.762519e-03 1.057782e-01 3.700675e-05 -4.750721e-05 -2.073604e-05 4.688850e-05
11774.905838 7.712718e-01 -2.856523e-03 1.728667e-03 1.080464e-01 3.636146e-05 -5.038777e-05 -1.216384e-05 5.061703e-05
11777.179684 7.682576e-01 -2.861664e-03 1.719570e-03 1.064728e-01 3.690835e-05 -4.664471e-05 -1.250126e-05 5.397701e-05
11779.465722 7.695146e-01 -2.865965e-03 1.752025e-03 1.068750e-01 3.390660e-05 -4.333258e-05 -2.652067e-05 3.529339e-05
11781.763952 7.706612e-01 -2.866524e-03 1.693261e-03 1.079143e-01 3.526042e-05 -4.190364e-05 -2.483599e-05 5.430130e-05
11784.074373 7.711852e-01 -2.880801e-03 1.727113e-03 1.082127e-01 3.212924e-05 -5.201741e-05 -2.226612e-05 5.398121e-05
11786.396987 7.695281e-01 -2.880749e-03 1.739814e-03 1.089952e-01 4.524482e-05 -4.964442e-05 -2.492494e-05 5.068789e-05
11788.731792 7.690478e-01 -2.888004e-03 1.689486e-03 1.085339e-01 4.340003e-05 -3.601022e-05 -3.615001e-05 4.609166e-05
11791.078789 7.687781e-01 -2.899718e-03 1.663460e-03 1.086707e-01 4.621972e-05 -3.771561e-05 -2.806030e-05 4.384363e-05
11793.437978 7.669206e-01 -2.904326e-03 1.684950e-03 1.084602e-01 4.776047e-05 -4.722643e-05 1.209307e-06 5.928674e-05
11795.809359 7.649612e-01 -2.867484e-03 1.707402e-03 1.075631e-01 4.567198e-05 -4.174929e-05 3.155084e-06 4.550781e-05
11798.192932 7.634532e-01 -2.874866e-03 1.789329e-03 1.073419e-01 4.227248e-05 -3.516404e-05 -5.739551e-06 1.532044e-05
11800.588697 7.666257e-01 -2.887137e-03 1.748070e-03 1.075349e-01 4.863343e-05 -3.859987e-05 -1.123561e-05 4.028915e-05
11802.996654 7.670821e-01 -2.893106e-03 1.729674e-03 1.079569e-01 4.712956e-05 -3.407942e-05 -2.104563e-05 5.689562e-05
11805.416803 7.667397e-01 -2.890131e-03 1.706176e-03 1.079752e-01 3.858894e-05 -3.336332e-05 -2.202373e-05 5.964175e-05
11807.849143 7.667178e-01 -2.858535e-03 1.724697e-03 1.080269e-01 4.003026e-05 -4.403937e-05 -2.530566e-05 6.331127e-05
11810.293676 7.650702e-01 -2.862718e-03 1.781964e-03 1.070932e-01 3.654251e-05 -4.619396e-05 -1.250513e-05 6.044097e-05
11812.750400 7.635095e-01 -2.863032e-03 1.730761e-03 1.082153e-01 3.866707e-05 -3.341362e-05 -1.512243e-05 6.222935e-05
11815.219317 7.623638e-01 -2.863201e-03 1.709491e-03 1.077414e-01 4.253827e-05 -3.630897e-05 -2.007599e-05 6.746765e-05
11817.700425 7.623695e-01 -2.885634e-03 1.746094e-03 1.077641e-01 3.238174e-05 -3.707545e-05 -2.041016e-05 6.144170e-05
11820.193725 7.622742e-01 -2.865034e-03 1.730807e-03 1.072004e-01 2.533845e-05 -3.715152e-05 -2.471301e-05 5.791899e-05
11822.699217 7.614972e-01 -2.860085e-03 1.745099e-03 1.071247e-01 2.653907e-05 -5.121898e-05 -2.644307e-05 5.237045e-05
11825.216901 7.642434e-01 -2.850976e-03 1.746299e-03 1.085600e-01 3.038063e-05 -4.103992e-05 -2.808157e-05 6.440053e-05
11827.746777 7.624904e-01 -2.864146e-03 1.690027e-03 1.082473e-01 3.139760e-05 -3.836597e-05 -1.904706e-05 6.934516e-05
11830.288845 7.609150e-01 -2.870839e-03 1.714134e-03 1.076346e-01 3.180695e-05 -4.988887e-05 -1.792984e-05 7.983070e-05
11832.843105 7.600665e-01 -2.882946e-03 1.739022e-03 1.084415e-01 3.142072e-05 -5.355177e-05 -2.348377e-05 7.908155e-05
11835.409556 7.611329e-01 -2.886689e-03 1.683110e-03 1.081995e-01 2.866191e-05 -4.615963e-05 -2.043155e-05 6.915320e-05
11837.988200 7.568083e-01 -2.858928e-03 1.668856e-03 1.075946e-01 3.089075e-05 -5.359027e-05 -2.018539e-05 4.816084e-05
11840.579035 7.572164e-01 -2.867880e-03 1.726746e-03 1.067268e-01 3.335714e-05 -4.925160e-05 -2.898121e-05 5.312830e-05
11843.182062 7.585878e-01 -2.874251e-03 1.741459e-03 1.074863e-01 3.140537e-05 -4.371931e-05 -2.823561e-05 4.915242e-05
11845.797282 7.599243e-01 -2.870647e-03 1.705474e-03 1.080850e-01 2.005314e-05 -4.469316e-05 -2.379764e-05 5.120827e-05
11848.424693 7.580235e-01 -2.871959e-03 1.698705e-03 1.074455e-01 1.536970e-05 -3.898793e-05 -1.078726e-05 6.068553e-05
11851.064296 7.584852e-01 -2.880203e-03 1.779390e-03 1.068073e-01 1.774168e-05 -4.023744e-05 -7.779804e-06 5.518767e-05
11853.716091 7.545847e-01 -2.870110e-03 1.715848e-03 1.071675e-01 3.023514e-05 -4.167415e-05 5.438196e-06 5.103952e-05
11856.380078 7.560356e-01 -2.884918e-03 1.703665e-03 1.073298e-01 3.495109e-05 -3.960254e-05 5.778239e-07 5.825505e-05
11859.056256 7.556987e-01 -2.867651e-03 1.733383e-03 1.074133e-01 3.307367e-05 -4.442968e-05 4.400141e-07 6.129903e-05
11861.744627 7.558877e-01 -2.855409e-03 1.788247e-03 1.075816e-01 3.701503e-05 -4.690466e-05 7.544620e-07 5.547465e-05
11864.445190 7.533098e-01 -2.845827e-03 1.729111e-03 1.079313e-01 3.285183e-05 -4.161054e-05 -9.581898e-06 6.630088e-05
11867.157944 7.547857e-01 -2.850970e-03 1.708767e-03 1.075057e-01 3.642183e-05 -4.022715e-05 -2.551494e-05 6.096867e-05
11869.882891 7.556081e-01 -2.856962e-03 1.711220e-03 1.071717e-01 3.898542e-05 -3.553587e-05 -1.644486e-05 5.003742e-05
11872.620029 7.558539e-01 -2.840207e-03 1.767877e-03 1.076214e-01 3.619234e-05 -3.878078e-05 -2.560005e-05 5.527828e-05
11875.369359 7.556983e-01 -2.854603e-03 1.726939e-03 1.074032e-01 4.702185e-05 -3.171233e-05 -2.418599e-05 6.167294e-05
11878.130881 7.557306e-01 -2.870691e-03 1.706171e-03 1.082511e-01 4.712920e-05 -2.109000e-05 -1.959116e-05 6.409347e-05
11880.904595 7.549984e-01 -2.854091e-03 1.708082e-03 1.086011e-01 4.514033e-05 -2.027407e-05 -2.381560e-05 6.126752e-05
11883.690501 7.542165e-01 -2.855061e-03 1.780185e-03 1.083580e-01 4.113254e-05 -2.398999e-05 -2.156788e-05 7.081011e-05
11886.488599 7.532399e-01 -2.846456e-03 1.705686e-03 1.082254e-01 3.615400e-05 -2.797096e-05 -1.774835e-05 8.133506e-05
11889.298889 7.526200e-01 -2.843902e-03 1.694214e-03 1.091068e-01 3.364830e-05 -3.363374e-05 -2.198124e-05 8.173728e-05
11892.121371 7.512091e-01 -2.851586e-03 1.723855e-03 1.084504e-01 3.643795e-05 -3.536260e-05 -2.089454e-05 7.786647e-05
11894.956044 7.466627e-01 -2.844973e-03 1.706333e-03 1.082845e-01 3.966968e-05 -3.225063e-05 -1.031316e-05 6.111059e-05
11897.802910 7.430758e-01 -2.849549e-03 1.705438e-03 1.072753e-01 3.422452e-05 -3.629886e-05 -1.614538e-05 5.244656e-05
11900.661967 7.487065e-01 -2.847726e-03 1.702209e-03 1.083382e-01 4.012848e-05 -4.512759e-05 -2.139234e-05 5.446560e-05
11903.533217 7.497996e-01 -2.863962e-03 1.788817e-03 1.076104e-01 3.052232e-05 -3.634919e-05 -2.927174e-05 5.792914e-05
11906.416658 7.491393e-01 -2.861497e-03 1.794040e-03 1.079626e-01 2.798515e-05 -2.610811e-05 -2.690214e-05 6.034773e-05
11909.312291 7.481263e-01 -2.860559e-03 1.734151e-03 1.076043e-01 2.444999e-05 -3.335424e-05 -2.860552e-05 6.718907e-05
11912.220116 7.482211e-01 -2.856638e-03 1.729194e-03 1.070097e-01 1.862513e-05 -3.854915e-05 -3.937281e-05 4.258375e-05
11915.140133 7.474213e-01 -2.867841e-03 1.733698e-03 1.078374e-01 2.136205e-05 -3.812418e-05 -2.918459e-05 4.320977e-05
11918.072342 7.464101e-01 -2.859895e-03 1.809659e-03 1.079776e-01 2.093719e-05 -4.053908e-05 -2.680549e-05 5.066268e-05
11921.016743 7.392411e-01 -2.867046e-03 1.782629e-03 1.063089e-01 2.658537e-05 -3.938618e-05 -3.326943e-05 5.409902e-05
11923.973335 7.398017e-01 -2.871070e-03 1.739901e-03 1.072497e-01 2.946116e-05 -3.684004e-05 -4.927729e-05 4.355246e-05
11926.942120 7.445977e-01 -2.852035e-03 1.759903e-03 1.074277e-01 4.340506e-05 -4.596251e-05 -5.708666e-05 6.496706e-05
11929.923096 7.448006e-01 -2.847805e-03 1.731784e-03 1.075397e-01 4.183606e-05 -3.687053e-05 -3.769120e-05 6.371874e-05
11932.916265 7.438437e-01 -2.852013e-03 1.705075e-03 1.073617e-01 4.711642e-05 -3.400601e-05 -2.940806e-05 7.121869e-05
11935.921625 7.432572e-01 -2.853555e-03 1.734905e-03 1.078732e-01 5.858452e-05 -3.674774e-05 -2.841241e-05 7.530755e-05
11938.939177 7.436054e-01 -2.842781e-03 1.717691e-03 1.078944e-01 5.659474e-05 -4.195028e-05 -3.190952e-05 6.343532e-05
11941.968921 7.434768e-01 -2.854653e-03 1.682450e-03 1.075581e-01 6.252214e-05 -4.391518e-05 -3.499852e-05 5.074899e-05
11945.010858 7.418177e-01 -2.868015e-03 1.764755e-03 1.074928e-01 5.037606e-05 -3.702777e-05 -3.864100e-05 7.022255e-05
11948.064985 7.413802e-01 -2.865799e-03 1.730488e-03 1.074697e-01 4.200760e-05 -3.896694e-05 -4.274386e-05 6.222105e-05
11951.131305 7.413107e-01 -2.836968e-03 1.721543e-03 1.085306e-01 3.506046e-05 -3.410293e-05 -4.328525e-05 6.345533e-05
11954.209817 7.402850e-01 -2.844792e-03 1.726721e-03 1.086637e-01 4.083910e-05 -3.336598e-05 -3.415199e-05 6.400118e-05
11957.300521 7.395059e-01 -2.843986e-03 1.721253e-03 1.090294e-01 5.068979e-05 -3.459493e-05 -3.493835e-05 5.149894e-05
11960.403416 7.405542e-01 -2.836006e-03 1.727667e-03 1.083911e-01 4.926875e-05 -3.722302e-05 -3.561039e-05 8.239809e-05
11963.518504 7.415273e-01 -2.862757e-03 1.777697e-03 1.078798e-01 4.467996e-05 -2.787398e-05 -4.112322e-05 6.504561e-05
11966.645783 7.400407e-01 -2.864565e-03 1.742399e-03 1.084319e-01 4.493151e-05 -3.135549e-05 -4.120191e-05 7.521321e-05
11969.785255 7.393602e-01 -2.871724e-03 1.752138e-03 1.083438e-01 4.097847e-05 -2.797630e-05 -3.716857e-05 7.684375e-05
11972.936918 7.385176e-01 -2.843874e-03 1.775905e-03 1.084893e-01 3.523982e-05 -3.167068e-05 -4.739025e-05 6.511601e-05
11976.100773 7.381489e-01 -2.867962e-03 1.745020e-03 1.084610e-01 3.257808e-05 -3.884554e-05 -3.905960e-05 7.229897e-05
11979.276820 7.371586e-01 -2.865820e-03 1.782496e-03 1.089068e-01 3.999328e-05 -3.662976e-05 -3.641368e-05 5.954050e-05
11982.465059 7.364755e-01 -2.871320e-03 1.827642e-03 1.088269e-01 4.168016e-05 -3.528430e-05 -3.044524e-05 6.871920e-05
11985.665490 7.365402e-01 -2.861167e-03 1.779090e-03 1.078518e-01 3.895294e-05 -2.990833e-05 -3.259884e-05 7.133214e-05
11988.878112 7.364262e-01 -2.865935e-03 1.752412e-03 1.084754e-01 2.758173e-05 -3.207003e-05 -3.135075e-05 6.517361e-05
11992.102927 7.351978e-01 -2.883868e-03 1.787768e-03 1.083420e-01 2.859558e-05 -2.545304e-05 -2.514903e-05 7.133772e-05
11995.339934 7.349931e-01 -2.870389e-03 1.714597e-03 1.092271e-01 3.288392e-05 -2.399645e-05 -1.896699e-05 6.851903e-05
11998.589132 7.336997e-01 -2.870032e-03 1.747209e-03 1.115044e-01 3.418280e-05 -1.900856e-05 -2.234637e-05 6.741417e-05
12001.850523 7.336370e-01 -2.838301e-03 1.791122e-03 1.128846e-01 3.138206e-05 -2.165563e-05 -2.134651e-05 6.776568e-05
12005.124105 7.332607e-01 -2.862971e-03 1.782123e-03 1.129168e-01 4.391584e-05 -2.562445e-05 -2.642696e-05 6.828030e-05
12008.409879 7.318654e-01 -2.877057e-03 1.724364e-03 1.101326e-01 4.591155e-05 -2.340475e-05 -3.612077e-05 6.078906e-05
12011.707845 7.317506e-01 -2.866574e-03 1.740794e-03 1.078703e-01 4.065095e-05 -2.720417e-05 -3.994471e-05 5.721781e-05
12015.018003 7.314468e-01 -2.887672e-03 1.768863e-03 1.085961e-01 2.134739e-05 -2.769949e-05 -5.027502e-05 7.236622e-05
12018.340353 7.306306e-01 -2.870036e-03 1.778981e-03 1.082868e-01 2.848330e-05 -2.258070e-05 -5.171074e-05 8.065100e-05
12021.674895 7.301794e-01 -2.880457e-03 1.749430e-03 1.114156e-01 2.681866e-05 -2.165768e-05 -4.928643e-05 6.429555e-05
12025.021629 7.291363e-01 -2.886329e-03 1.774476e-03 1.179728e-01 3.436858e-05 -2.757233e-05 -3.641681e-05 6.787314e-05
12028.380554 7.295426e-01 -2.888843e-03 1.742350e-03 1.278744e-01 3.488602e-05 -2.887452e-05 -3.056865e-05 6.732640e-05
12031.751672 7.285852e-01 -2.889782e-03 1.718878e-03 1.287358e-01 3.112569e-05 -2.921956e-05 -2.876545e-05 5.760765e-05
12035.134982 7.276100e-01 -2.882412e-03 1.705961e-03 1.222087e-01 2.148294e-05 -3.077383e-05 -2.636750e-05 5.272554e-05
12038.530483 7.272286e-01 -2.880629e-03 1.736580e-03 1.125808e-01 3.361911e-05 -3.803851e-05 -3.090965e-05 5.890772e-05
12041.938176 7.268834e-01 -2.883776e-03 1.728492e-03 1.080204e-01 4.085607e-05 -3.435974e-05 -3.240971e-05 6.633481e-05
12045.358061 7.218068e-01 -2.893798e-03 1.722201e-03 1.073172e-01 3.804999e-05 -3.110325e-05 -2.886175e-05 6.370567e-05
12048.790139 7.152081e-01 -2.880397e-03 1.708218e-03 1.068716e-01 4.790609e-05 -2.543080e-05 -3.775743e-05 7.121192e-05
12052.234408 7.240113e-01 -2.865049e-03 1.791063e-03 1.076435e-01 4.297958e-05 -2.109307e-05 -3.023718e-05 6.322993e-05
12055.690868 7.245975e-01 -2.870322e-03 1.744327e-03 1.081924e-01 3.183596e-05 -2.323917e-05 -3.536006e-05 5.372880e-05
12059.159521 7.244975e-01 -2.874569e-03 1.797032e-03 1.091371e-01 2.752040e-05 -2.675256e-05 -2.812305e-05 7.863177e-05
12062.640366 7.240140e-01 -2.884518e-03 1.822754e-03 1.106318e-01 2.659916e-05 -3.280816e-05 -1.753678e-05 7.882183e-05
12066.133403 7.238089e-01 -2.875852e-03 1.824303e-03 1.110837e-01 2.441664e-05 -2.851286e-05 -1.715776e-05 7.469125e-05
12069.638631 7.232147e-01 -2.864726e-03 1.754910e-03 1.116321e-01 2.419387e-05 -3.329307e-05 -9.778482e-06 7.376513e-05
12073.156052 7.223554e-01 -2.863929e-03 1.724010e-03 1.102292e-01 2.260578e-05 -2.919931e-05 -2.291420e-05 6.227296e-05
12076.685664 7.217579e-01 -2.877484e-03 1.710418e-03 1.090120e-01 2.538887e-05 -2.545198e-05 -2.137200e-05 7.426365e-05
12080.227468 7.207469e-01 -2.854782e-03 1.740140e-03 1.084670e-01 3.858794e-05 -2.953586e-05 -2.171133e-05 8.589040e-05
12083.781465 7.202987e-01 -2.873854e-03 1.762280e-03 1.087331e-01 3.504624e-05 -3.369043e-05 -2.827356e-05 7.741848e-05
12087.347653 7.198511e-01 -2.870212e-03 1.768513e-03 1.089654e-01 3.548104e-05 -3.222045e-05 -2.860803e-05 7.159661e-05
12090.926033 7.190528e-01 -2.868395e-03 1.770771e-03 1.090666e-01 3.656823e-05 -3.624507e-05 -2.759129e-05 8.803616e-05
12094.516605 7.177437e-01 -2.857950e-03 1.768923e-03 1.077959e-01 3.107657e-05 -3.778862e-05 -3.766326e-05 9.506187e-05
12098.119369 7.170471e-01 -2.846828e-03 1.759406e-03 1.085585e-01 1.500418e-05 -3.300967e-05 -3.320058e-05 7.878216e-05
12101.734324 7.173528e-01 -2.867638e-03 1.700644e-03 1.085731e-01 1.053988e-05 -3.106149e-05 -2.023755e-05 7.509122e-05
12105.361472 7.167237e-01 -2.853008e-03 1.768287e-03 1.081645e-01 1.677895e-05 -3.374496e-05 -9.846611e-06 8.141506e-05
12109.000811 7.160876e-01 -2.837386e-03 1.727887e-03 1.082276e-01 2.675313e-05 -3.267228e-05 -6.119343e-06 7.706383e-05
12112.652343 7.153814e-01 -2.842284e-03 1.733856e-03 1.081446e-01 3.084589e-05 -3.582763e-05 -1.633291e-06 8.341175e-05
12116.316066 7.134675e-01 -2.865579e-03 1.748363e-03 1.080638e-01 3.854702e-05 -1.945839e-05 2.983422e-06 8.219084e-05
12119.991982 7.125910e-01 -2.861216e-03 1.740414e-03 1.077584e-01 3.250553e-05 -2.467924e-05 -2.710497e-08 8.183199e-05
12123.680089 7.126996e-01 -2.870128e-03 1.735227e-03 1.082740e-01 3.280130e-05 -1.840292e-05 -5.399512e-06 8.754715e-05
12127.380388 7.126927e-01 -2.881702e-03 1.713546e-03 1.082110e-01 2.553081e-05 -1.341839e-05 -7.099504e-06 7.256015e-05
12131.092879 7.117197e-01 -2.874788e-03 1.744784e-03 1.081646e-01 2.664378e-05 -1.907978e-05 -9.874599e-06 7.408829e-05
12134.817562 7.112244e-01 -2.859629e-03 1.694548e-03 1.081003e-01 2.720221e-05 -2.347937e-05 -1.114304e-05 7.104707e-05
12138.554437 7.112435e-01 -2.863173e-03 1.692254e-03 1.083253e-01 1.995001e-05 -3.024346e-05 -7.446076e-06 7.511931e-05
12142.303503 7.108169e-01 -2.875132e-03 1.773807e-03 1.080338e-01 3.333471e-05 -2.649936e-05 -1.226715e-05 6.689150e-05
12146.064762 7.095366e-01 -2.885053e-03 1.751601e-03 1.079398e-01 2.702626e-05 -2.621115e-05 -3.041008e-06 7.459199e-05
12149.838213 7.093293e-01 -2.865532e-03 1.744878e-03 1.081045e-01 3.294510e-05 -2.390598e-05 -2.103828e-05 8.373309e-05
12153.623855 7.087231e-01 -2.881256e-03 1.740055e-03 1.073804e-01 3.888815e-05 -1.473488e-05 -2.929511e-05 7.627525e-05
12157.421689 7.085441e-01 -2.869363e-03 1.756648e-03 1.082112e-01 4.596580e-05 -9.808718e-06 -2.288509e-05 7.903221e-05
12161.231716 7.077145e-01 -2.866491e-03 1.719821e-03 1.080005e-01 4.336750e-05 -1.231752e-05 -2.851625e-05 7.726604e-05
12165.053934 7.079445e-01 -2.880870e-03 1.758046e-03 1.081616e-01 4.487932e-05 -9.667769e-06 -2.982409e-05 7.501830e-05
12168.888344 7.063980e-01 -2.862229e-03 1.733665e-03 1.102044e-01 3.994834e-05 -1.262037e-05 -3.147567e-05 8.833523e-05
12172.734946 7.039000e-01 -2.854606e-03 1.753474e-03 1.177242e-01 3.638958e-05 -1.026120e-05 -3.625266e-05 6.750699e-05
12176.593740 7.042136e-01 -2.886893e-03 1.731455e-03 1.285599e-01 3.037092e-05 -4.828966e-06 -2.807415e-05 7.540742e-05
12180.464726 7.038416e-01 -2.867292e-03 1.771488e-03 1.307796e-01 1.959985e-05 -6.022603e-06 -1.644983e-05 7.741579e-05
12184.347903 7.044987e-01 -2.865182e-03 1.761302e-03 1.250763e-01 1.831870e-05 -3.249573e-06 -1.361905e-05 7.421813e-05
12188.243273 7.032385e-01 -2.871297e-03 1.726280e-03 1.161517e-01 2.169139e-05 -5.550581e-06 -1.059500e-05 6.786447e-05
12192.150835 7.028367e-01 -2.883887e-03 1.741397e-03 1.094390e-01 2.278873e-05 -6.922430e-06 -8.223392e-06 5.856842e-05
12196.070588 7.010871e-01 -2.881130e-03 1.757564e-03 1.076628e-01 2.888791e-05 -1.949318e-05 -8.579797e-06 6.943318e-05
12200.002533 7.004151e-01 -2.871768e-03 1.711766e-03 1.079394e-01 3.069017e-05 -2.988877e-05 -2.214591e-05 7.179918e-05
12203.946671 7.007587e-01 -2.891319e-03 1.769798e-03 1.081936e-01 3.402580e-05 -3.053386e-05 -4.240359e-06 6.260682e-05
12207.903000 7.001527e-01 -2.885920e-03 1.676142e-03 1.082370e-01 3.145672e-05 -2.708280e-05 -6.965708e-06 7.037178e-05
12211.871521 6.991954e-01 -2.867307e-03 1.760164e-03 1.075707e-01 3.324965e-05 -2.708467e-05 -6.162823e-06 7.763608e-05
12215.852234 6.977851e-01 -2.872560e-03 1.705892e-03 1.076608e-01 3.025573e-05 -2.801400e-05 8.155230e-06 7.454698e-05
12219.845139 6.976227e-01 -2.878219e-03 1.749973e-03 1.076975e-01 3.535501e-05 -1.843763e-05 -1.134098e-05 7.362556e-05
12223.850236 6.972427e-01 -2.871095e-03 1.720646e-03 1.078538e-01 4.479664e-05 -2.219292e-05 -1.298432e-05 7.763440e-05
12227.867524 6.968300e-01 -2.885649e-03 1.692441e-03 1.080565e-01 5.543137e-05 -2.608473e-05 -6.000678e-06 7.327704e-05
12231.897005 6.949328e-01 -2.869326e-03 1.699787e-03 1.073645e-01 5.801867e-05 -3.228890e-05 -2.275008e-05 7.355293e-05
12235.938678 6.954522e-01 -2.839920e-03 1.731190e-03 1.074629e-01 4.991577e-05 -3.109552e-05 -1.460053e-05 9.585152e-05
12239.992542 6.945147e-01 -2.854154e-03 1.717115e-03 1.074101e-01 3.567838e-05 -1.759799e-05 -1.714093e-05 8.893399e-05
12244.058598 6.943550e-01 -2.868427e-03 1.717657e-03 1.073299e-01 3.906844e-05 -1.974569e-05 -1.658539e-05 9.060087e-05
12248.136847 6.936377e-01 -2.865071e-03 1.696302e-03 1.075947e-01 3.411194e-05 -1.139384e-05 -5.326067e-06 6.779688e-05
12252.227287 6.880464e-01 -2.856035e-03 1.677559e-03 1.069912e-01 3.659223e-05 -2.100756e-05 -1.202596e-05 7.186343e-05
12256.329919 6.767154e-01 -2.847965e-03 1.737447e-03 1.057011e-01 4.502880e-05 -3.377798e-05 -4.096666e-06 6.747825e-05
12260.444743 6.870711e-01 -2.857106e-03 1.732872e-03 1.074423e-01 3.614501e-05 -2.860076e-05 3.688061e-06 5.700489e-05
12264.571759 6.887321e-01 -2.868053e-03 1.785451e-03 1.095310e-01 3.481666e-05 -2.744054e-05 -3.330821e-06 6.611238e-05
12268.710967 6.892686e-01 -2.874434e-03 1.743373e-03 1.094230e-01 4.858032e-05 -2.400722e-05 -1.224948e-05 7.565181e-05
12272.862366 6.891304e-01 -2.874793e-03 1.707500e-03 1.085377e-01 4.595542e-05 -2.017534e-05 -1.663499e-05 8.664942e-05
12277.025958 6.880280e-01 -2.871646e-03 1.719443e-03 1.082785e-01 4.166908e-05 -1.914216e-05 -1.933677e-05 7.236538e-05
12281.201742 6.875047e-01 -2.858091e-03 1.739722e-03 1.089241e-01 3.058428e-05 -2.031628e-05 -1.306072e-05 8.019525e-05
12285.389717 6.868044e-01 -2.854052e-03 1.789170e-03 1.098948e-01 2.923578e-05 -1.853195e-05 -7.248995e-06 8.068776e-05
12289.589884 6.852605e-01 -2.860053e-03 1.731618e-03 1.092522e-01 2.882732e-05 -1.854448e-05 -1.268917e-05 7.612647e-05
12293.802244 6.849875e-01 -2.862460e-03 1.759987e-03 1.086529e-01 2.904918e-05 -1.423581e-05 -1.882897e-05 7.536744e-05
12298.026795 6.720260e-01 -2.870062e-03 1.715584e-03 1.066022e-01 3.489841e-05 -1.581358e-05 -1.632265e-06 6.988293e-05
12302.263538 6.753517e-01 -2.887142e-03 1.697281e-03 1.067463e-01 5.113331e-05 -1.660117e-05 -1.256036e-05 7.389397e-05
12306.512473 6.830595e-01 -2.875497e-03 1.795425e-03 1.076123e-01 4.984743e-05 -1.383186e-05 -1.898991e-05 7.436369e-05
12310.773600 6.825109e-01 -2.884860e-03 1.738313e-03 1.079986e-01 4.254915e-05 -1.083027e-05 -8.008255e-06 7.019929e-05
12315.046919 6.823951e-01 -2.881978e-03 1.720710e-03 1.081871e-01 3.989406e-05 -1.211130e-05 -1.495930e-05 7.919435e-05
12319.332429 6.820613e-01 -2.887433e-03 1.745974e-03 1.078900e-01 3.415498e-05 -2.056674e-05 -1.293018e-06 7.696247e-05
12323.630132 6.806330e-01 -2.882747e-03 1.790727e-03 1.080449e-01 2.869690e-05 -1.534856e-05 -1.153542e-05 6.639920e-05
12327.940026 6.807555e-01 -2.882176e-03 1.748280e-03 1.082967e-01 3.079956e-05 -1.418387e-05 -1.429192e-06 7.869176e-05
12332.262113 6.800555e-01 -2.883042e-03 1.766738e-03 1.080521e-01 3.481851e-05 -2.070285e-05 -1.035060e-05 7.815765e-05
12336.596391 6.796017e-01 -2.883038e-03 1.720152e-03 1.077002e-01 3.700374e-05 -2.175123e-05 -1.274028e-05 7.182481e-05
12340.942861 6.788877e-01 -2.874567e-03 1.658121e-03 1.077453e-01 4.201085e-05 -1.629855e-05 -1.896454e-05 5.817959e-05
12345.301524 6.779658e-01 -2.872905e-03 1.693383e-03 1.081579e-01 2.820675e-05 -2.014843e-05 -1.503838e-05 6.193176e-05
12349.672378 6.772340e-01 -2.867516e-03 1.709517e-03 1.083486e-01 3.048771e-05 -1.420483e-05 -1.264680e-05 7.250642e-05
12354.055424 6.753571e-01 -2.884024e-03 1.708337e-03 1.077620e-01 3.824360e-05 -8.984781e-06 -1.288052e-05 7.581232e-05
12358.450662 6.758049e-01 -2.880565e-03 1.695463e-03 1.073669e-01 3.200248e-05 -1.886355e-05 -1.786583e-06 7.809444e-05
12362.858091 6.752165e-01 -2.877478e-03 1.740921e-03 1.078085e-01 2.925573e-05 -2.126615e-05 -5.286277e-06 6.394643e-05
12367.277713 6.734083e-01 -2.878334e-03 1.700309e-03 1.077684e-01 2.111860e-05 -1.527900e-05 -1.032554e-05 5.801096e-05
12371.709527 6.737024e-01 -2.891635e-03 1.700724e-03 1.081561e-01 2.206044e-05 -1.861048e-05 -6.677232e-06 5.202045e-05
12376.153532 6.733479e-01 -2.877244e-03 1.720615e-03 1.076307e-01 2.800076e-05 -1.793788e-05 -9.061049e-06 6.433659e-05
12380.609730 6.722593e-01 -2.861711e-03 1.754033e-03 1.073386e-01 2.081235e-05 -1.285690e-05 -1.306279e-05 5.418199e-05
12385.078119 6.715082e-01 -2.857557e-03 1.736429e-03 1.074209e-01 3.305340e-05 -2.355506e-05 -1.607007e-05 6.087853e-05
12389.558700 6.704546e-01 -2.861085e-03 1.763751e-03 1.076131e-01 2.512315e-05 -3.589826e-05 -3.801394e-06 6.516901e-05
12394.051473 6.699932e-01 -2.876881e-03 1.733076e-03 1.083683e-01 2.430136e-05 -3.520714e-05 2.460542e-06 6.539623e-05
12398.556438 6.688242e-01 -2.866177e-03 1.722268e-03 1.082543e-01 3.810739e-05 -2.961318e-05 -1.391997e-06 7.486537e-05
12403.073595 6.681590e-01 -2.870753e-03 1.736668e-03 1.075426e-01 4.522414e-05 -3.405047e-05 -1.024741e-05 7.639476e-05
12407.602944 6.682343e-01 -2.865912e-03 1.786048e-03 1.123586e-01 4.224188e-05 -3.742891e-05 -1.645079e-05 8.304729e-05
12412.144485 6.670754e-01 -2.866378e-03 1.774467e-03 1.184575e-01 3.682689e-05 -3.172576e-05 -1.032978e-05 8.023698e-05
12416.698218 6.646243e-01 -2.866466e-03 1.768422e-03 1.160260e-01 4.092109e-05 -2.069922e-05 -3.921454e-06 7.242211e-05
12421.264142 6.626962e-01 -2.872223e-03 1.754454e-03 1.114477e-01 5.301824e-05 -1.689959e-05 -8.294783e-06 7.404303e-05
12425.842259 6.638512e-01 -2.872206e-03 1.727310e-03 1.079393e-01 6.305084e-05 -1.361151e-05 -1.564897e-05 7.546663e-05
12430.432567 6.645148e-01 -2.870407e-03 1.729364e-03 1.074205e-01 6.434941e-05 -7.412761e-06 -1.728453e-05 8.712767e-05
12435.035068 6.636689e-01 -2.855968e-03 1.772201e-03 1.075851e-01 6.454523e-05 -1.347705e-05 -1.244806e-05 8.062770e-05
12439.649760 6.632138e-01 -2.855918e-03 1.760422e-03 1.081041e-01 5.628059e-05 -2.254133e-05 -4.949835e-06 7.932130e-05
12444.276644 6.616690e-01 -2.864134e-03 1.727659e-03 1.077158e-01 4.956860e-05 -2.354975e-05 2.345064e-06 7.535569e-05
12448.915720 6.602915e-01 -2.862552e-03 1.701869e-03 1.079202e-01 5.455408e-05 -2.204011e-05 -3.737128e-06 6.904035e-05
12453.566988 6.607832e-01 -2.866913e-03 1.683382e-03 1.077764e-01 5.336258e-05 -2.120843e-05 -1.605339e-05 7.460487e-05
12458.230448 6.602294e-01 -2.873554e-03 1.745926e-03 1.075235e-01 4.959223e-05 -2.070896e-05 -3.021497e-05 7.201023e-05
12462.906100 6.595530e-01 -2.845483e-03 1.740745e-03 1.076607e-01 5.000165e-05 -1.934188e-05 -1.272304e-05 5.913947e-05
12467.593943 6.592470e-01 -2.848350e-03 1.746384e-03 1.076087e-01 4.433486e-05 -2.180844e-05 -1.054026e-05 6.498970e-05
12472.293979 6.576625e-01 -2.835517e-03 1.773168e-03 1.075494e-01 4.985350e-05 -2.727518e-05 -1.366863e-05 7.464801e-05
12477.006206 6.574091e-01 -2.834295e-03 1.775894e-03 1.075234e-01 4.876179e-05 -2.440560e-05 -3.060362e-06 7.497628e-05
12481.730626 6.572241e-01 -2.850771e-03 1.730650e-03 1.074688e-01 4.578159e-05 -2.088441e-05 -6.964249e-06 6.541967e-05
12486.467237 6.566945e-01 -2.845053e-03 1.753603e-03 1.076605e-01 4.658066e-05 -2.881556e-05 -1.846711e-05 7.621292e-05
12491.216040 6.560402e-01 -2.843363e-03 1.786905e-03 1.074554e-01 5.692418e-05 -2.523121e-05 -1.851977e-05 7.813104e-05
12495.977036 6.542473e-01 -2.863665e-03 1.748017e-03 1.074945e-01 6.032992e-05 -2.518962e-05 -1.466205e-05 7.418046e-05
12500.750223 6.513638e-01 -2.863588e-03 1.738809e-03 1.069583e-01 5.676612e-05 -1.961697e-05 -5.364597e-06 8.461942e-05
12505.535602 6.532404e-01 -2.859627e-03 1.750165e-03 1.071808e-01 5.889222e-05 -2.628800e-05 -9.362232e-06 7.645175e-05
12510.333172 6.535333e-01 -2.860732e-03 1.799968e-03 1.075753e-01 5.633028e-05 -3.064907e-05 -1.646134e-05 7.347550e-05
12515.142935 6.526833e-01 -2.857246e-03 1.754179e-03 1.080838e-01 4.925159e-05 -3.713687e-05 -9.369477e-06 7.845980e-05
12519.964890 6.520035e-01 -2.866961e-03 1.754872e-03 1.073027e-01 4.711831e-05 -3.645226e-05 -3.318258e-07 7.775964e-05
12524.799037 6.511697e-01 -2.855174e-03 1.786035e-03 1.072941e-01 4.271108e-05 -2.594961e-05 -9.503786e-06 7.834633e-05
12529.645375 6.448001e-01 -2.838354e-03 1.735583e-03 1.067393e-01 5.267223e-05 -2.402075e-05 -9.215449e-06 7.432841e-05
12534.503905 3.330096e-01 -1.458758e-03 8.939443e-04 5.524238e-02 2.817125e-05 -1.074800e-05 -9.012600e-06 3.755238e-05
12539.374628 6.495496e-03 -2.841794e-05 1.816437e-05 1.079460e-03 5.351173e-07 -1.326399e-07 -2.040039e-07 7.669259e-07
