# Facility: NSLS-II
# Beamline: QAS
# Year: 2023
# Cycle: 3
# SAF: 312215
# PI: Reece
# Proposal: 313586
# Scan ID: 271102
# UID: b2d8b1db-e7f8-4168-9ac1-4c838fe1c8fb
# Comment: 
# Start time: 10/18/2023  19:42:58
# Stop time: 10/18/2023  19:43:30
# Total time: 00:31
# Trajectory name: Pt-L3-30s-11564.txt
# Element: Platinum ( 78)
# Edge: L3
# E0: 11564
# Reference Foil Element: Pt
# Keithley Gains I0: 1E6 V/A It: 1E6 V/A Iref: 1E7 V/A PIPS: 1E8 V/A 
# Ion Chamber Gas Flow Rates: I0: 0.00 sccm He + 189.70 sccm N2 + 9.80 sccm Ar 
# Ion Chamber Gas Flow Rates: It&Iref: 39.70 sccm N2 + 60.10 sccm Ar
# Incident Beam Path Vertical: 31.75 mm
# Incident Slits Positions B: TOP: 2.0 mm Bottom: 1.0 mm Inboard: 0.57675 mm Outboard: 1.57675 mm
# Sample Stage Positions: Rotation: 40.0 deg Horizontal: -10.11 mm Vertical: 15.39 mm Beam Direction: 0.00 mm
# PerkinElmer Vertical Position: 500.00 mm
# Linkam Oven Temperature : 3.03 C and Ramp Rate: 20.00 C/min.
# Front End Mirror Horizontal Positions: Up: -14.00 mm Down: -14.00 mm
#
# energy  i0  it  ir  iff  aux1  aux2  aux3  aux4
11380.596982 4.196004e-01 9.461928e-03 1.460895e-02 2.638976e-02 1.032611e-05 7.075034e-07 -4.239520e-06 5.014678e-05
11385.596982 8.244451e-01 1.867297e-02 2.889346e-02 5.203422e-02 2.919791e-05 -9.855087e-07 -6.233782e-06 8.829147e-05
11390.596982 8.314417e-01 1.924856e-02 2.973493e-02 5.247752e-02 3.302674e-05 -1.088729e-05 1.408448e-06 9.216357e-05
11395.596982 8.382119e-01 1.954444e-02 3.019045e-02 5.288715e-02 3.407103e-05 -1.365481e-05 1.042369e-06 9.819195e-05
11400.596982 8.365286e-01 1.967497e-02 3.041192e-02 5.273176e-02 3.315488e-05 -1.264629e-05 4.698634e-06 9.638273e-05
11405.596982 8.352129e-01 1.985620e-02 3.070035e-02 5.292882e-02 2.592016e-05 -2.586141e-05 4.088549e-06 9.658469e-05
11410.596982 8.323779e-01 1.990945e-02 3.082885e-02 5.266691e-02 2.275648e-05 -2.119281e-05 -2.850871e-06 9.124424e-05
11415.596982 8.236381e-01 1.973768e-02 3.072385e-02 5.244714e-02 3.557766e-05 -1.843881e-05 -6.273892e-06 9.730714e-05
11420.596982 8.233486e-01 1.987005e-02 3.095805e-02 5.370468e-02 4.057296e-05 -2.239070e-05 -1.691080e-06 8.791986e-05
11425.596982 8.309302e-01 2.037657e-02 3.164337e-02 5.421734e-02 2.337716e-05 -2.708927e-05 -6.046239e-06 9.425241e-05
11430.596982 8.315766e-01 2.062317e-02 3.196587e-02 5.351789e-02 2.901722e-05 -2.204008e-05 -1.561348e-06 8.684112e-05
11435.596982 8.304446e-01 2.077731e-02 3.229839e-02 5.324377e-02 2.672045e-05 -1.097848e-05 9.325390e-06 8.962862e-05
11440.596982 8.292057e-01 2.085046e-02 3.246497e-02 5.315988e-02 2.856259e-05 -1.865359e-05 6.838954e-06 1.023228e-04
11445.596982 8.288776e-01 2.087164e-02 3.259734e-02 5.343655e-02 2.696779e-05 -1.255741e-05 1.366908e-05 1.083531e-04
11450.596982 8.273094e-01 2.097996e-02 3.283873e-02 5.358572e-02 2.774357e-05 -1.238280e-05 1.412049e-05 1.045605e-04
11455.596982 8.262969e-01 2.104993e-02 3.300132e-02 5.355212e-02 1.796076e-05 -1.305626e-05 1.248315e-05 1.063984e-04
11460.596982 8.248865e-01 2.122233e-02 3.328758e-02 5.353665e-02 1.054319e-05 -7.370529e-06 1.249792e-05 1.084503e-04
11465.596982 8.238766e-01 2.150634e-02 3.374119e-02 5.340742e-02 1.567206e-05 -1.365142e-05 1.561542e-05 1.094413e-04
11470.596982 8.226336e-01 2.159781e-02 3.391244e-02 5.355978e-02 1.102739e-05 -1.204226e-05 8.079728e-06 1.094078e-04
11475.596982 8.219178e-01 2.142843e-02 3.374017e-02 5.372573e-02 7.540645e-06 -2.799083e-09 1.094205e-05 1.114929e-04
11480.596982 8.215992e-01 2.140025e-02 3.378470e-02 5.384656e-02 1.508124e-05 -2.619689e-06 1.058401e-05 1.083921e-04
11485.596982 8.205683e-01 2.203766e-02 3.470624e-02 5.353118e-02 1.029030e-05 -5.579094e-06 1.101382e-05 1.058184e-04
11490.596982 8.189508e-01 2.227410e-02 3.506427e-02 5.356666e-02 1.469529e-05 -1.335597e-05 5.743567e-06 1.031810e-04
11495.596982 8.182289e-01 2.247990e-02 3.535969e-02 5.373219e-02 2.616618e-05 -8.978343e-06 1.571604e-05 1.075239e-04
11500.596982 8.173798e-01 2.260680e-02 3.558792e-02 5.435259e-02 2.813661e-05 -5.433178e-06 1.388926e-05 1.108345e-04
11505.596982 8.162360e-01 2.273453e-02 3.581757e-02 5.444496e-02 3.430439e-05 -6.436791e-06 9.142973e-06 1.128660e-04
11510.596982 8.151239e-01 2.284677e-02 3.601085e-02 5.473926e-02 4.128701e-05 -4.758359e-06 5.005919e-06 9.993928e-05
11515.596982 8.144448e-01 2.302470e-02 3.624367e-02 5.443496e-02 4.235301e-05 -5.858255e-06 1.718529e-05 1.002587e-04
11520.596982 8.139672e-01 2.320825e-02 3.646828e-02 5.454433e-02 3.738359e-05 5.494698e-06 1.360196e-05 1.011813e-04
11525.596982 8.131933e-01 2.331964e-02 3.656634e-02 5.498363e-02 3.936392e-05 -3.818279e-07 1.531755e-05 1.089713e-04
11530.596982 8.125862e-01 2.337528e-02 3.650954e-02 5.537089e-02 3.613226e-05 -1.406997e-05 1.848725e-05 9.973549e-05
11534.000000 8.119924e-01 2.344229e-02 3.653950e-02 5.574117e-02 3.051232e-05 -2.568394e-05 5.609271e-06 9.890638e-05
11535.000000 8.105340e-01 2.342187e-02 3.649041e-02 5.592334e-02 2.765834e-05 -2.427691e-05 9.486938e-06 9.815887e-05
11536.000000 8.108166e-01 2.344045e-02 3.646014e-02 5.550639e-02 2.513873e-05 -1.061657e-05 -5.694080e-06 9.667084e-05
11537.000000 8.109745e-01 2.351261e-02 3.649957e-02 5.625560e-02 2.589948e-05 -9.763200e-06 1.726404e-05 9.418763e-05
11538.000000 8.107164e-01 2.353186e-02 3.644913e-02 5.651823e-02 2.660369e-05 -1.569856e-05 1.614395e-05 8.800073e-05
11539.000000 8.104013e-01 2.354416e-02 3.637158e-02 5.580393e-02 1.807954e-05 -1.797404e-05 2.098877e-05 8.312093e-05
11540.000000 8.103571e-01 2.361846e-02 3.642011e-02 5.637639e-02 7.334802e-06 -1.510326e-05 1.895456e-05 9.193469e-05
11541.000000 8.100769e-01 2.369857e-02 3.637848e-02 5.554321e-02 1.165612e-05 -1.028353e-05 6.495706e-06 9.883844e-05
11541.200000 8.127733e-01 2.368029e-02 3.647837e-02 5.707609e-02 1.697729e-05 -1.659712e-05 1.574840e-05 9.501105e-05
11541.400000 8.058674e-01 2.367399e-02 3.610633e-02 5.544297e-02 5.775138e-06 -1.667731e-05 1.250958e-05 9.480815e-05
11541.600000 8.133779e-01 2.371630e-02 3.664471e-02 5.665421e-02 3.021113e-05 -8.271646e-06 2.414829e-05 9.264953e-05
11541.800000 7.905810e-01 2.313951e-02 3.562040e-02 5.580904e-02 1.953896e-05 -7.971901e-06 1.810111e-05 1.009476e-04
11542.000000 8.233043e-01 2.407216e-02 3.694175e-02 5.866174e-02 2.136856e-05 -1.378465e-05 2.355811e-05 1.040713e-04
11542.200000 8.071589e-01 2.353814e-02 3.620431e-02 5.791626e-02 2.152716e-05 -1.936936e-05 1.508938e-05 9.601331e-05
11542.400000 8.116886e-01 2.382839e-02 3.626665e-02 5.530342e-02 2.121535e-05 -1.948786e-05 1.313030e-05 1.058764e-04
11542.600000 8.078475e-01 2.359903e-02 3.604342e-02 5.590739e-02 2.405860e-05 -1.312838e-05 1.965515e-05 1.043235e-04
11542.800000 8.144419e-01 2.390669e-02 3.638600e-02 5.813802e-02 1.807585e-05 -7.716901e-06 2.842961e-05 1.138045e-04
11543.000000 8.091461e-01 2.366123e-02 3.602553e-02 5.746844e-02 3.028431e-05 -1.794209e-06 3.283263e-05 1.073583e-04
11543.200000 8.143413e-01 2.380076e-02 3.635107e-02 5.709298e-02 1.263272e-05 -5.141826e-06 3.194710e-05 9.826294e-05
11543.400000 8.019937e-01 2.350390e-02 3.572752e-02 5.419068e-02 6.054150e-06 -5.631177e-06 1.926519e-07 9.223106e-05
11543.600000 8.096552e-01 2.366425e-02 3.593194e-02 5.838229e-02 1.792156e-05 -7.520621e-06 7.413737e-06 9.847575e-05
11543.800000 8.160429e-01 2.397655e-02 3.644875e-02 5.800402e-02 9.356113e-06 -3.159713e-06 5.947063e-06 9.546552e-05
11544.000000 8.079796e-01 2.365680e-02 3.621048e-02 5.739816e-02 2.601784e-05 -1.338089e-06 1.639309e-05 9.532396e-05
11544.200000 8.110818e-01 2.391617e-02 3.625849e-02 5.714157e-02 9.310392e-06 -2.916992e-08 2.513296e-05 1.004910e-04
11544.400000 8.059594e-01 2.363141e-02 3.588180e-02 5.388388e-02 1.958787e-05 -6.484554e-06 2.434262e-05 1.091888e-04
11544.600000 8.117109e-01 2.388978e-02 3.609685e-02 5.796485e-02 2.167612e-05 -3.720956e-06 2.416030e-05 1.059049e-04
11544.800000 8.084000e-01 2.378245e-02 3.610079e-02 5.725943e-02 2.060681e-05 -3.055955e-06 3.078236e-05 1.025993e-04
11545.000000 8.101296e-01 2.383141e-02 3.608412e-02 5.927949e-02 3.109050e-05 -9.704712e-06 1.805996e-05 1.084032e-04
11545.200000 8.100161e-01 2.394025e-02 3.616677e-02 5.815091e-02 3.258648e-05 -1.325346e-06 2.602763e-05 1.022629e-04
11545.400000 8.141203e-01 2.390686e-02 3.605400e-02 5.692468e-02 3.624402e-05 -6.322309e-06 2.549648e-05 1.061164e-04
11545.600000 8.105006e-01 2.398556e-02 3.575801e-02 5.680334e-02 2.546644e-05 -1.068201e-05 3.052738e-05 1.120489e-04
11545.800000 8.127698e-01 2.388017e-02 3.616508e-02 5.693779e-02 3.834845e-05 -1.247339e-05 1.896872e-05 9.037307e-05
11546.000000 8.075207e-01 2.390102e-02 3.611258e-02 5.818082e-02 2.177405e-05 -7.944875e-07 1.453785e-05 9.919808e-05
11546.200000 8.023404e-01 2.369679e-02 3.553652e-02 5.690985e-02 1.597767e-05 -9.592994e-06 5.916286e-06 1.009577e-04
11546.400000 8.138166e-01 2.397944e-02 3.596375e-02 5.789539e-02 1.836899e-05 -9.199152e-06 3.556115e-05 9.739393e-05
11546.600000 8.082594e-01 2.393525e-02 3.587412e-02 5.861524e-02 2.071856e-05 -6.461070e-06 2.778515e-05 9.056542e-05
11546.800000 8.116211e-01 2.387915e-02 3.611974e-02 5.837494e-02 3.029333e-05 2.400986e-06 2.932433e-05 9.149350e-05
11547.000000 8.128372e-01 2.406956e-02 3.603996e-02 5.602742e-02 1.625247e-05 -3.089388e-07 3.249027e-05 1.032603e-04
11547.200000 8.063986e-01 2.380251e-02 3.571397e-02 5.898256e-02 3.542174e-05 5.550048e-06 -2.498849e-06 1.106059e-04
11547.400000 8.118707e-01 2.414062e-02 3.592071e-02 5.754390e-02 2.608317e-05 -4.834659e-06 -8.451220e-07 1.081904e-04
11547.600000 8.086624e-01 2.384015e-02 3.547053e-02 5.878438e-02 3.755166e-05 -1.308685e-05 7.210547e-06 1.162419e-04
11547.800000 8.096787e-01 2.401083e-02 3.584325e-02 5.774457e-02 2.133203e-05 -1.740740e-05 1.556963e-05 1.195051e-04
11548.000000 8.093879e-01 2.402626e-02 3.572538e-02 5.831081e-02 1.828860e-05 -6.499022e-06 2.104415e-05 1.105002e-04
11548.200000 8.049888e-01 2.382154e-02 3.522900e-02 5.766315e-02 1.905068e-05 -1.139032e-05 3.048504e-05 9.417354e-05
11548.400000 8.096957e-01 2.409247e-02 3.552101e-02 5.674989e-02 1.651129e-05 -2.149554e-05 2.966953e-05 8.703069e-05
11548.600000 8.027090e-01 2.370689e-02 3.533808e-02 5.808126e-02 3.385609e-05 -1.911161e-05 1.813179e-05 9.075275e-05
11548.800000 8.130971e-01 2.424566e-02 3.568431e-02 5.878961e-02 2.291420e-05 -1.408743e-05 1.279408e-05 9.477500e-05
11549.000000 8.091502e-01 2.396434e-02 3.571087e-02 5.809375e-02 3.649692e-05 -1.406953e-05 1.175370e-05 1.055992e-04
11549.200000 8.097067e-01 2.411708e-02 3.515149e-02 5.877232e-02 2.931126e-05 -4.022678e-06 -3.931793e-06 9.685673e-05
11549.400000 8.144325e-01 2.409878e-02 3.566233e-02 5.879906e-02 4.094054e-05 -1.000615e-05 2.533651e-06 9.171295e-05
11549.600000 7.961829e-01 2.365775e-02 3.477211e-02 5.807762e-02 3.772624e-05 -9.564276e-06 4.897263e-06 1.042180e-04
11549.800000 8.160023e-01 2.419870e-02 3.555527e-02 6.091350e-02 4.011819e-05 -1.169276e-05 1.050573e-05 1.014155e-04
11550.000000 8.040468e-01 2.385541e-02 3.500430e-02 5.958199e-02 3.119180e-05 -8.499314e-06 2.142334e-07 9.125538e-05
11550.200000 8.007401e-01 2.379497e-02 3.454290e-02 5.646669e-02 2.313758e-05 -7.068939e-06 1.170747e-05 8.376916e-05
11550.400000 8.146640e-01 2.418854e-02 3.535347e-02 6.058640e-02 2.834338e-05 -1.413463e-05 1.367563e-05 9.405764e-05
11550.600000 8.107234e-01 2.409643e-02 3.508102e-02 5.867014e-02 2.548146e-05 -2.334391e-05 1.634825e-05 9.119997e-05
11550.800000 7.963728e-01 2.368474e-02 3.462026e-02 5.757614e-02 3.265341e-05 -3.086141e-05 3.357843e-06 8.714148e-05
11551.000000 8.226551e-01 2.444553e-02 3.549033e-02 5.961231e-02 2.442197e-05 -3.078042e-05 6.881744e-06 1.006758e-04
11551.200000 8.057324e-01 2.397359e-02 3.451360e-02 5.915087e-02 2.152943e-05 -2.955011e-05 1.742714e-05 1.078735e-04
11551.400000 8.100291e-01 2.411191e-02 3.467332e-02 6.063300e-02 1.225426e-05 -1.871691e-05 1.547500e-05 1.048032e-04
11551.600000 8.120311e-01 2.410859e-02 3.474498e-02 5.987000e-02 2.663013e-05 -2.374819e-05 1.758319e-05 1.006622e-04
11551.800000 7.915880e-01 2.356020e-02 3.392182e-02 5.965536e-02 1.937495e-05 -1.498492e-05 3.522749e-05 1.033070e-04
11552.000000 8.136841e-01 2.414563e-02 3.443964e-02 6.045574e-02 4.256890e-05 -1.454617e-05 4.055426e-05 1.018057e-04
11552.200000 8.144373e-01 2.427439e-02 3.458274e-02 5.768615e-02 3.957336e-05 -1.789253e-05 4.232889e-05 1.073807e-04
11552.400000 8.103381e-01 2.406669e-02 3.438829e-02 6.063422e-02 4.041099e-05 -1.954644e-05 3.020113e-05 1.052673e-04
11552.600000 8.064262e-01 2.401125e-02 3.424740e-02 5.980519e-02 2.256216e-05 -9.456332e-06 1.798661e-05 1.081462e-04
11552.800000 8.124114e-01 2.405132e-02 3.402763e-02 6.111257e-02 2.518067e-05 -9.015418e-06 2.526212e-05 1.140269e-04
11553.000000 8.091583e-01 2.409574e-02 3.405675e-02 6.185656e-02 1.514136e-05 -2.138253e-05 2.250793e-05 1.106136e-04
11553.200000 8.108972e-01 2.402449e-02 3.375050e-02 6.168800e-02 1.918031e-05 -2.269485e-05 2.123927e-05 1.220405e-04
11553.400000 8.020062e-01 2.390688e-02 3.350238e-02 5.865006e-02 1.603784e-05 -1.851902e-05 2.040663e-05 1.127495e-04
11553.600000 8.099109e-01 2.397962e-02 3.346711e-02 6.229102e-02 2.097071e-05 -1.995485e-05 2.205872e-05 1.118152e-04
11553.800000 8.081190e-01 2.405827e-02 3.349681e-02 6.199449e-02 1.555511e-05 -2.651273e-05 9.659634e-06 1.146219e-04
11554.000000 8.074005e-01 2.390135e-02 3.326679e-02 6.294094e-02 2.029384e-05 -1.501627e-05 1.186889e-05 9.063618e-05
11554.200000 8.087787e-01 2.406528e-02 3.309517e-02 6.205393e-02 8.212764e-06 -1.697792e-05 1.376586e-05 8.127084e-05
11554.400000 8.097026e-01 2.392941e-02 3.325373e-02 6.026121e-02 1.606314e-05 -2.400073e-05 2.417316e-05 9.410870e-05
11554.600000 8.067425e-01 2.397966e-02 3.287824e-02 6.192573e-02 1.761802e-05 -2.085453e-05 2.632513e-05 1.002713e-04
11554.800000 8.092097e-01 2.394344e-02 3.256572e-02 6.295348e-02 3.500171e-05 -1.179388e-05 4.057016e-05 8.823651e-05
11555.000000 8.058137e-01 2.393192e-02 3.246159e-02 6.256981e-02 2.937035e-05 -1.388396e-05 2.707599e-05 9.134814e-05
11555.200000 8.089734e-01 2.395136e-02 3.242056e-02 6.160786e-02 3.039258e-05 -6.957729e-06 1.505861e-05 9.828406e-05
11555.400000 8.076082e-01 2.394906e-02 3.213006e-02 6.372633e-02 1.250870e-05 -1.491319e-05 3.517636e-06 8.567421e-05
11555.600000 8.134482e-01 2.409931e-02 3.229202e-02 6.346002e-02 1.278907e-05 -8.921252e-06 1.203295e-05 8.970817e-05
11555.800000 8.064818e-01 2.387008e-02 3.139488e-02 6.335891e-02 7.478971e-06 -1.435839e-06 1.567532e-05 8.370440e-05
11556.000000 8.092051e-01 2.401365e-02 3.164990e-02 6.590409e-02 6.281306e-06 -1.262920e-06 2.410782e-05 9.090026e-05
11556.200000 8.079460e-01 2.391675e-02 3.117675e-02 6.462348e-02 1.973906e-05 -4.281703e-06 3.375661e-05 9.228747e-05
11556.400000 8.119663e-01 2.404710e-02 3.124355e-02 6.403224e-02 2.021335e-05 -9.015132e-06 4.298508e-05 1.003321e-04
11556.600000 8.067171e-01 2.383427e-02 3.068601e-02 6.392247e-02 2.264261e-05 -1.248025e-05 2.989926e-05 9.569522e-05
11556.800000 8.057406e-01 2.387149e-02 3.044557e-02 6.505817e-02 2.686522e-05 -1.399380e-05 2.801382e-05 1.054302e-04
11557.000000 8.073550e-01 2.383573e-02 3.026655e-02 6.544153e-02 2.775800e-05 -1.542497e-05 3.184981e-05 1.005438e-04
11557.200000 8.116986e-01 2.406973e-02 3.025909e-02 6.725105e-02 1.853956e-05 -2.171462e-05 1.839184e-05 8.387239e-05
11557.400000 7.992521e-01 2.357302e-02 2.960477e-02 6.568199e-02 1.930914e-05 -2.036778e-05 1.542588e-05 8.444838e-05
11557.600000 8.111590e-01 2.406385e-02 2.968647e-02 6.719534e-02 2.080095e-05 -3.124766e-05 1.533597e-05 9.670021e-05
11557.800000 8.107748e-01 2.392326e-02 2.944296e-02 6.701608e-02 3.016148e-05 -2.069606e-05 1.233715e-05 9.276792e-05
11558.000000 8.076103e-01 2.395329e-02 2.921249e-02 6.672020e-02 2.130232e-05 -2.380948e-05 1.813105e-05 9.568481e-05
11558.200000 8.111532e-01 2.397581e-02 2.877022e-02 6.890223e-02 2.682377e-05 -1.915565e-05 1.791673e-05 9.602491e-05
11558.400000 8.061515e-01 2.393981e-02 2.830374e-02 6.973032e-02 1.504939e-05 -2.361048e-05 2.071573e-05 9.315393e-05
11558.600000 8.104639e-01 2.399919e-02 2.803607e-02 6.958054e-02 3.167191e-05 -2.099037e-05 1.478365e-05 1.003847e-04
11558.800000 8.087081e-01 2.400310e-02 2.776191e-02 7.107317e-02 2.372080e-05 -1.733578e-05 2.063303e-05 1.093251e-04
11559.000000 8.089649e-01 2.395913e-02 2.721700e-02 7.093118e-02 2.290557e-05 -9.227656e-06 2.378497e-05 1.042069e-04
11559.200000 8.066041e-01 2.396868e-02 2.679284e-02 7.026886e-02 1.058104e-05 -7.181756e-06 7.646357e-06 9.125880e-05
11559.400000 8.073278e-01 2.401683e-02 2.663624e-02 7.126390e-02 1.520099e-05 -1.498110e-05 -4.644928e-06 9.622475e-05
11559.600000 8.103487e-01 2.406297e-02 2.624900e-02 7.211582e-02 3.247207e-05 -1.203070e-05 -8.867847e-06 1.048529e-04
11559.800000 8.105129e-01 2.411671e-02 2.573630e-02 7.578499e-02 1.927445e-05 -1.699063e-05 -1.287175e-05 1.018856e-04
11560.000000 8.097632e-01 2.405620e-02 2.499911e-02 7.377961e-02 1.991747e-05 -1.922265e-05 1.413752e-05 1.176696e-04
11560.200000 8.056003e-01 2.401941e-02 2.444657e-02 7.544164e-02 1.047423e-05 -2.253690e-05 1.905907e-05 1.234611e-04
11560.400000 8.064729e-01 2.402190e-02 2.388707e-02 7.779048e-02 1.491673e-05 -1.544469e-05 1.852690e-05 1.249538e-04
11560.600000 8.018884e-01 2.388529e-02 2.332709e-02 7.657056e-02 2.724691e-05 -6.394031e-06 1.489210e-05 1.043451e-04
11560.800000 8.051100e-01 2.407553e-02 2.254578e-02 7.755440e-02 2.149880e-05 -5.838925e-06 -5.458624e-06 1.067570e-04
11561.000000 8.013785e-01 2.383526e-02 2.194609e-02 8.018286e-02 2.995692e-05 -1.258172e-05 -6.818652e-06 1.123298e-04
11561.200000 8.126740e-01 2.429415e-02 2.154082e-02 8.229491e-02 3.106862e-05 -8.568326e-06 1.270670e-06 1.115530e-04
11561.400000 8.046286e-01 2.401233e-02 2.075626e-02 8.328668e-02 2.511618e-05 -2.487611e-05 -1.406394e-05 1.069856e-04
11561.600000 8.101765e-01 2.419432e-02 2.012023e-02 8.681821e-02 3.093165e-05 -2.234880e-05 -9.667587e-06 1.012628e-04
11561.800000 8.105405e-01 2.431747e-02 1.923587e-02 8.770439e-02 1.999479e-05 -1.383348e-05 1.390739e-05 1.101167e-04
11562.000000 8.052932e-01 2.414206e-02 1.843739e-02 8.794235e-02 1.819121e-05 -1.191640e-05 2.609552e-05 1.101799e-04
11562.200000 8.095047e-01 2.422450e-02 1.759483e-02 9.267085e-02 2.263536e-05 -9.858442e-06 2.448402e-05 1.088997e-04
11562.400000 8.090407e-01 2.431307e-02 1.685475e-02 9.394591e-02 7.892901e-06 -1.258326e-05 1.499764e-05 1.139931e-04
11562.600000 8.052636e-01 2.423732e-02 1.576974e-02 9.565714e-02 1.442391e-05 -1.284759e-05 6.594913e-06 1.183684e-04
11562.800000 8.094467e-01 2.429043e-02 1.506702e-02 9.916838e-02 2.097194e-05 -2.074870e-05 -4.784507e-07 1.152599e-04
11563.000000 8.062859e-01 2.423628e-02 1.426167e-02 1.009787e-01 2.512671e-05 -2.500298e-05 4.537554e-06 1.194232e-04
11563.200000 8.081712e-01 2.431346e-02 1.351803e-02 1.054706e-01 2.249422e-05 -2.602011e-05 6.068233e-06 1.174443e-04
11563.400000 8.032570e-01 2.412547e-02 1.260056e-02 1.086504e-01 1.143279e-05 -2.808996e-05 -4.271626e-06 1.144207e-04
11563.600000 8.076203e-01 2.424875e-02 1.170734e-02 1.116391e-01 1.421434e-05 -2.739007e-05 -7.290129e-06 1.121242e-04
11563.800000 8.082005e-01 2.433611e-02 1.097904e-02 1.149193e-01 1.681412e-05 -1.979156e-05 -7.416757e-06 1.145094e-04
11564.000000 8.088049e-01 2.436122e-02 1.026644e-02 1.176796e-01 2.574466e-05 -1.574154e-05 4.582212e-06 1.174610e-04
11564.200000 8.097068e-01 2.436559e-02 9.565790e-03 1.231203e-01 2.656807e-05 -2.249443e-05 1.350190e-05 1.116644e-04
11564.400000 8.056715e-01 2.417877e-02 8.764669e-03 1.252167e-01 1.704273e-05 -1.901621e-05 4.641274e-06 9.615460e-05
11564.600000 8.087616e-01 2.431324e-02 8.457960e-03 1.305887e-01 1.777740e-05 -1.981140e-05 1.808821e-05 9.570887e-05
11564.800000 8.069448e-01 2.430341e-02 7.838006e-03 1.336232e-01 1.853610e-05 -1.333728e-05 1.802760e-05 1.015458e-04
11565.000000 8.079613e-01 2.427992e-02 7.456019e-03 1.370414e-01 2.102227e-05 -2.436096e-05 1.181878e-05 1.136450e-04
11565.200000 8.093229e-01 2.434081e-02 6.991181e-03 1.414358e-01 1.323052e-05 -1.922117e-05 2.724236e-05 1.004453e-04
11565.400000 8.044335e-01 2.421110e-02 6.808716e-03 1.436714e-01 7.335769e-06 -2.061855e-05 3.324828e-05 9.612245e-05
11565.600000 8.092034e-01 2.435699e-02 6.473204e-03 1.479486e-01 6.299318e-06 -2.380212e-05 3.872227e-05 1.127113e-04
11565.800000 8.090120e-01 2.433435e-02 5.980512e-03 1.508785e-01 1.411220e-05 -1.729132e-05 2.582768e-05 1.127551e-04
11566.000000 8.082026e-01 2.428971e-02 6.019411e-03 1.528085e-01 1.268491e-05 -2.367032e-05 2.280771e-05 1.051931e-04
11566.200000 8.038121e-01 2.418762e-02 5.817168e-03 1.548693e-01 1.014451e-05 -3.288669e-05 1.307274e-05 9.122056e-05
11566.400000 8.069901e-01 2.431620e-02 5.668064e-03 1.571670e-01 1.013758e-05 -2.296736e-05 7.540747e-06 9.575443e-05
11566.600000 8.070631e-01 2.431572e-02 5.674007e-03 1.585444e-01 9.249964e-06 -3.279278e-05 5.751638e-06 9.197402e-05
11566.800000 8.076975e-01 2.432093e-02 5.678176e-03 1.586275e-01 8.698256e-06 -3.673190e-05 4.883552e-06 9.668867e-05
11567.000000 8.091307e-01 2.438211e-02 5.582605e-03 1.606541e-01 7.662656e-06 -2.815531e-05 9.261680e-07 1.019527e-04
11567.200000 8.059785e-01 2.433479e-02 5.664972e-03 1.590422e-01 4.481090e-06 -2.889910e-05 2.814942e-06 1.114547e-04
11567.400000 8.051919e-01 2.425791e-02 5.600540e-03 1.597196e-01 -1.771603e-06 -2.674922e-05 6.284630e-06 1.112300e-04
11567.600000 8.052430e-01 2.429924e-02 5.659174e-03 1.589802e-01 -1.093221e-06 -2.449102e-05 1.917976e-05 9.215319e-05
11567.800000 8.076192e-01 2.437793e-02 5.900457e-03 1.576438e-01 6.214064e-06 -2.543245e-05 2.159231e-05 1.107654e-04
11568.000000 8.070782e-01 2.436416e-02 5.809217e-03 1.582799e-01 1.140899e-05 -2.633444e-05 6.046421e-06 1.099282e-04
11568.200000 8.055118e-01 2.438325e-02 5.916046e-03 1.543918e-01 1.432829e-05 -1.868551e-05 1.620823e-05 1.009871e-04
11568.400000 8.053782e-01 2.438789e-02 6.193855e-03 1.537935e-01 1.087459e-05 -2.318534e-05 1.933815e-05 9.934446e-05
11568.600000 8.082710e-01 2.447001e-02 6.380367e-03 1.546609e-01 1.209703e-05 -2.454835e-05 1.280324e-06 9.995399e-05
11568.800000 8.067979e-01 2.444273e-02 6.286710e-03 1.521583e-01 2.067802e-05 -2.965446e-05 -8.658951e-06 9.350611e-05
11569.000000 8.064124e-01 2.445256e-02 6.520554e-03 1.499404e-01 2.146851e-05 -2.719969e-05 -5.077032e-06 9.783130e-05
11569.200000 8.050523e-01 2.440862e-02 6.654205e-03 1.482796e-01 1.292211e-05 -3.220903e-05 -3.461139e-06 1.118594e-04
11569.400000 8.077553e-01 2.450716e-02 6.668241e-03 1.477786e-01 1.753104e-05 -2.154856e-05 -9.553463e-06 1.092058e-04
11569.600000 8.075418e-01 2.453720e-02 6.872713e-03 1.453359e-01 1.782229e-05 -1.036654e-05 -8.216905e-06 1.058084e-04
11569.800000 8.037227e-01 2.442917e-02 6.996582e-03 1.417986e-01 1.931159e-05 -7.715523e-06 -1.176429e-05 1.075493e-04
11570.000000 8.076016e-01 2.456467e-02 7.008584e-03 1.410114e-01 1.902766e-05 -1.052846e-05 -2.895892e-06 1.030350e-04
11570.200000 8.078776e-01 2.458988e-02 7.273515e-03 1.405522e-01 1.181658e-05 -1.364865e-05 6.779348e-06 1.102558e-04
11570.400000 8.031029e-01 2.442563e-02 7.150368e-03 1.378508e-01 2.255647e-05 -1.676305e-05 8.704432e-06 1.190835e-04
11570.600000 8.064574e-01 2.455621e-02 7.351166e-03 1.368501e-01 2.171158e-05 -8.993700e-06 7.561774e-07 1.212892e-04
11570.800000 8.032972e-01 2.448357e-02 7.358462e-03 1.358443e-01 1.824783e-05 -5.326806e-06 -9.841917e-07 1.088337e-04
11571.000000 8.078230e-01 2.462390e-02 7.571573e-03 1.346466e-01 2.815712e-05 -7.696758e-06 -1.885832e-07 9.950967e-05
11571.200000 8.071795e-01 2.464729e-02 7.548066e-03 1.339662e-01 3.255691e-05 -1.324926e-05 1.022862e-05 8.971743e-05
11571.400000 8.070601e-01 2.468545e-02 7.588442e-03 1.308654e-01 2.912491e-05 -1.748817e-05 4.700552e-06 8.875102e-05
11571.600000 8.052253e-01 2.462533e-02 7.857053e-03 1.295254e-01 2.666914e-05 -2.037731e-05 -3.438046e-07 1.001023e-04
11571.800000 8.067427e-01 2.466226e-02 7.805854e-03 1.281620e-01 2.961740e-05 -2.807074e-05 7.795842e-06 1.128430e-04
11572.000000 8.063996e-01 2.464692e-02 8.005109e-03 1.273726e-01 3.001903e-05 -2.762068e-05 9.756914e-06 1.088595e-04
11572.200000 8.056102e-01 2.466253e-02 7.875303e-03 1.264750e-01 2.918148e-05 -3.203408e-05 2.748511e-05 1.091921e-04
11572.400000 8.060548e-01 2.469202e-02 7.977531e-03 1.260040e-01 2.676826e-05 -2.729034e-05 1.530149e-06 1.170268e-04
11572.600000 8.062543e-01 2.472318e-02 8.208765e-03 1.253766e-01 2.290986e-05 -2.108299e-05 -6.450156e-06 1.162404e-04
11572.800000 8.049335e-01 2.470529e-02 8.263105e-03 1.244214e-01 3.744144e-05 -1.979661e-05 -4.294912e-06 9.817154e-05
11573.000000 8.047862e-01 2.467812e-02 8.291024e-03 1.232794e-01 4.036202e-05 -1.653576e-05 1.035594e-05 1.097190e-04
11573.200000 8.072583e-01 2.476180e-02 8.296602e-03 1.222596e-01 4.455543e-05 -2.391775e-05 1.867361e-06 1.193972e-04
11573.400000 8.017339e-01 2.457016e-02 8.175528e-03 1.213317e-01 4.124399e-05 -2.893114e-05 7.051566e-06 1.161199e-04
11573.600000 8.062144e-01 2.475639e-02 8.344518e-03 1.214678e-01 3.424593e-05 -2.524116e-05 -1.799804e-06 1.141395e-04
11573.800000 8.056890e-01 2.473328e-02 8.487210e-03 1.211318e-01 3.183275e-05 -2.233811e-05 -3.360832e-06 1.124916e-04
11574.000000 8.063303e-01 2.474537e-02 8.466167e-03 1.221318e-01 3.590929e-05 -1.938412e-05 -1.099454e-05 1.177029e-04
11574.200000 8.058883e-01 2.473694e-02 8.637087e-03 1.207513e-01 4.051465e-05 -2.452966e-05 -1.278330e-05 1.244852e-04
11574.400000 8.063531e-01 2.475159e-02 8.460676e-03 1.198657e-01 3.535881e-05 -2.265631e-05 -6.688582e-06 1.271131e-04
11574.600000 8.059972e-01 2.473724e-02 8.659116e-03 1.189960e-01 2.602888e-05 -1.124454e-05 -1.013985e-05 1.135133e-04
11574.800000 8.058247e-01 2.471829e-02 8.524628e-03 1.185983e-01 2.674811e-05 -1.579669e-05 1.341020e-06 1.185338e-04
11575.000000 8.061929e-01 2.474023e-02 8.564132e-03 1.188997e-01 2.812837e-05 -2.710794e-05 9.151701e-06 1.191545e-04
11575.200000 8.059189e-01 2.476645e-02 8.606385e-03 1.189428e-01 1.643690e-05 -2.085114e-05 1.022609e-05 1.242931e-04
11575.400000 8.050782e-01 2.476833e-02 8.710646e-03 1.180090e-01 1.797562e-05 -8.636406e-06 4.547145e-06 1.175119e-04
11575.600000 8.056223e-01 2.476773e-02 8.700880e-03 1.177251e-01 2.323010e-05 -1.064428e-05 -8.682492e-06 1.112420e-04
11575.800000 8.055689e-01 2.475790e-02 8.622426e-03 1.171879e-01 1.017351e-05 -9.833089e-06 2.105723e-06 1.081716e-04
11576.000000 8.068588e-01 2.484605e-02 8.807501e-03 1.170191e-01 4.027975e-06 -1.714097e-05 1.890346e-06 9.978401e-05
11576.200000 8.050553e-01 2.476725e-02 8.801325e-03 1.172763e-01 2.670262e-06 -1.688826e-05 -1.808916e-05 1.019745e-04
11576.400000 8.053605e-01 2.474197e-02 8.680687e-03 1.169050e-01 3.914124e-06 -1.752790e-05 -3.125828e-06 9.830218e-05
11576.600000 8.052350e-01 2.477743e-02 8.663496e-03 1.170347e-01 7.145057e-06 -1.611165e-05 5.631323e-06 9.953115e-05
11576.800000 8.054058e-01 2.480004e-02 8.571724e-03 1.168499e-01 1.861511e-05 -1.976249e-05 1.266333e-05 1.156183e-04
11577.000000 8.059301e-01 2.482682e-02 8.794148e-03 1.160848e-01 2.237216e-05 -2.421477e-05 1.605339e-05 1.086193e-04
11577.200000 8.030089e-01 2.469519e-02 8.599762e-03 1.159636e-01 2.789695e-05 -1.674835e-05 1.491524e-06 1.139784e-04
11577.400000 8.045985e-01 2.471087e-02 8.566862e-03 1.169103e-01 2.575329e-05 -1.630222e-05 -8.005620e-06 1.140578e-04
11577.600000 8.059911e-01 2.482466e-02 8.534669e-03 1.168960e-01 2.405123e-05 -1.946354e-05 5.666598e-06 1.164898e-04
11577.800000 8.042485e-01 2.477404e-02 8.533554e-03 1.167138e-01 2.996955e-05 -1.961257e-05 1.337695e-06 1.153237e-04
11578.000000 8.049103e-01 2.482567e-02 8.460763e-03 1.166948e-01 2.659556e-05 -2.404684e-05 1.639630e-05 1.087305e-04
11578.200000 8.058101e-01 2.484244e-02 8.402244e-03 1.170226e-01 2.781437e-05 -1.666054e-05 9.307735e-06 1.012771e-04
11578.400000 8.052202e-01 2.484338e-02 8.269397e-03 1.171450e-01 2.301257e-05 -1.838882e-05 1.920896e-05 1.129042e-04
11578.600000 8.056846e-01 2.492943e-02 8.385706e-03 1.170329e-01 2.909022e-05 -2.141440e-05 1.753809e-05 1.222036e-04
11578.800000 8.022254e-01 2.479485e-02 8.698910e-03 1.179556e-01 2.389294e-05 -2.118887e-05 -1.671724e-06 1.192101e-04
11579.000000 8.084978e-01 2.498643e-02 8.359682e-03 1.180391e-01 3.240636e-05 -1.303055e-05 1.105035e-05 1.214643e-04
11579.200000 8.041201e-01 2.486104e-02 8.253744e-03 1.169901e-01 3.810181e-05 -1.638120e-05 4.619075e-06 1.143847e-04
11579.400000 8.066565e-01 2.492048e-02 8.260598e-03 1.175477e-01 3.158716e-05 -2.106460e-05 2.450995e-06 1.237688e-04
11579.600000 8.063135e-01 2.492848e-02 8.420851e-03 1.179679e-01 2.756385e-05 -1.633236e-05 8.905766e-06 1.114431e-04
11579.800000 8.042087e-01 2.489488e-02 8.221416e-03 1.186973e-01 2.703934e-05 -1.171767e-05 1.572210e-06 1.175699e-04
11580.000000 8.050649e-01 2.493860e-02 8.084343e-03 1.176367e-01 2.547567e-05 -2.515092e-05 -7.213522e-06 1.119229e-04
11580.200000 8.044775e-01 2.493555e-02 8.243981e-03 1.173878e-01 2.204929e-05 -1.914429e-05 -4.974289e-06 1.075549e-04
11580.400000 8.053659e-01 2.497677e-02 8.267407e-03 1.188023e-01 2.466947e-05 -2.182435e-05 -3.265364e-06 1.146322e-04
11580.600000 8.033011e-01 2.488206e-02 8.221707e-03 1.185558e-01 2.144325e-05 -2.318024e-05 8.238095e-06 1.202836e-04
11580.800000 8.064840e-01 2.503893e-02 8.215884e-03 1.179013e-01 2.397857e-05 -1.543530e-05 1.300535e-05 1.093422e-04
11581.000000 8.040234e-01 2.499602e-02 8.030680e-03 1.189527e-01 2.992168e-05 -1.344042e-05 1.455605e-05 1.194275e-04
11581.200000 8.066139e-01 2.506190e-02 8.114261e-03 1.197169e-01 2.829978e-05 -3.755951e-06 8.715953e-06 1.191911e-04
11581.400000 8.042979e-01 2.499884e-02 8.282522e-03 1.189749e-01 2.416687e-05 -5.884896e-06 1.592345e-05 1.113259e-04
11581.600000 8.046716e-01 2.498345e-02 8.346761e-03 1.199217e-01 2.682936e-05 -9.890940e-06 7.428294e-06 1.044479e-04
11581.800000 8.037991e-01 2.495774e-02 8.199828e-03 1.183682e-01 3.360513e-05 -1.206817e-05 1.107867e-06 9.481818e-05
11582.000000 8.041835e-01 2.496987e-02 8.238740e-03 1.188764e-01 2.680731e-05 -1.625564e-05 -1.127111e-05 9.051325e-05
11582.200000 8.035194e-01 2.499020e-02 8.375566e-03 1.183757e-01 2.410567e-05 -1.994819e-05 -1.737848e-05 1.002515e-04
11582.400000 8.051415e-01 2.509241e-02 8.278194e-03 1.186110e-01 1.781649e-05 -2.211415e-05 -1.513736e-05 1.043252e-04
11582.600000 8.044200e-01 2.506487e-02 8.248230e-03 1.185242e-01 2.496779e-05 -1.625324e-05 1.306564e-05 1.106699e-04
11582.800000 8.046784e-01 2.503181e-02 8.489255e-03 1.202958e-01 1.103061e-05 -1.049716e-05 1.808623e-06 1.145633e-04
11583.000000 8.039926e-01 2.502224e-02 8.495660e-03 1.188916e-01 9.886854e-06 -7.980985e-06 4.657271e-06 1.078856e-04
11583.200000 8.052259e-01 2.501139e-02 8.526831e-03 1.196471e-01 1.632550e-05 -6.545452e-06 9.073790e-07 9.872901e-05
11583.400000 8.044629e-01 2.502245e-02 8.513781e-03 1.193441e-01 1.604326e-05 -8.806989e-06 -1.096220e-06 1.082503e-04
11583.600000 8.033035e-01 2.502434e-02 8.786217e-03 1.198117e-01 1.792744e-05 -5.796724e-06 -3.362351e-06 1.161073e-04
11583.800000 8.018687e-01 2.496607e-02 8.667060e-03 1.192448e-01 2.144385e-05 -1.255716e-05 -8.473182e-06 1.204966e-04
11584.000000 8.060906e-01 2.509872e-02 8.723304e-03 1.202221e-01 1.077794e-05 -1.519107e-05 -3.718039e-07 1.139728e-04
11584.200000 8.027936e-01 2.499182e-02 8.718834e-03 1.193925e-01 1.131282e-05 -2.192189e-05 -1.379962e-06 1.136554e-04
11584.400000 8.048651e-01 2.503023e-02 8.759521e-03 1.199307e-01 1.332043e-05 -1.386228e-05 -9.717449e-07 1.127714e-04
11584.600000 8.028966e-01 2.500483e-02 8.773890e-03 1.195114e-01 1.138878e-05 -3.541907e-06 -3.279354e-06 9.769315e-05
11584.800000 8.051108e-01 2.506706e-02 8.820428e-03 1.204155e-01 1.005807e-05 -1.280387e-05 -4.228255e-06 9.968992e-05
11585.000000 8.045295e-01 2.500599e-02 8.786246e-03 1.194488e-01 2.108349e-05 -2.133209e-05 -6.517869e-06 9.911408e-05
11585.200000 8.023463e-01 2.494236e-02 8.962774e-03 1.196491e-01 1.904018e-05 -2.953757e-05 -1.776421e-05 8.084279e-05
11585.400000 8.019696e-01 2.495538e-02 8.939600e-03 1.184986e-01 2.042869e-05 -2.691665e-05 -2.403048e-05 8.655483e-05
11585.600000 8.033137e-01 2.501618e-02 9.005816e-03 1.194020e-01 1.666952e-05 -1.973297e-05 -1.388005e-05 1.017555e-04
11585.800000 8.022370e-01 2.499890e-02 8.856187e-03 1.198835e-01 1.423284e-05 -2.163306e-05 -1.781211e-05 1.025983e-04
11586.000000 8.037528e-01 2.500612e-02 8.957824e-03 1.196594e-01 7.709570e-06 -2.075890e-05 -8.460258e-06 1.001234e-04
11586.200000 8.054339e-01 2.507438e-02 8.907037e-03 1.196532e-01 2.110514e-05 -1.769367e-05 -1.628635e-05 9.960885e-05
11586.400000 8.052400e-01 2.507385e-02 9.104251e-03 1.179560e-01 2.177328e-05 -3.024441e-05 -1.022546e-05 1.012757e-04
11586.600000 8.011396e-01 2.490331e-02 8.598846e-03 1.186304e-01 2.305660e-05 -3.144097e-05 -2.158781e-05 1.012486e-04
11586.800000 8.056495e-01 2.507152e-02 8.947124e-03 1.187751e-01 2.958628e-05 -2.339434e-05 -2.489580e-05 1.055784e-04
11587.000000 8.041917e-01 2.504750e-02 8.966821e-03 1.207961e-01 3.877967e-05 -1.777967e-05 -2.205671e-05 1.003908e-04
11587.200000 8.026162e-01 2.505175e-02 9.162218e-03 1.186671e-01 4.002601e-05 -1.015322e-05 -2.402314e-05 9.912083e-05
11587.400000 8.060300e-01 2.513437e-02 9.010920e-03 1.208028e-01 2.959268e-05 -1.465733e-06 -7.774031e-06 1.105094e-04
11587.600000 8.009631e-01 2.495555e-02 8.905392e-03 1.198533e-01 3.441416e-05 1.709236e-06 -1.924191e-05 1.032730e-04
11587.800000 8.053563e-01 2.514962e-02 9.041675e-03 1.203304e-01 3.474979e-05 -3.304779e-06 -1.469836e-05 1.061371e-04
11588.000000 8.026625e-01 2.509486e-02 8.898613e-03 1.196257e-01 1.918464e-05 -8.722346e-06 -8.407376e-06 1.084060e-04
11588.200000 8.050205e-01 2.517906e-02 8.907553e-03 1.210025e-01 1.303079e-05 -6.649180e-06 -7.677035e-06 1.030550e-04
11588.400000 8.026772e-01 2.506207e-02 8.938677e-03 1.209474e-01 2.396699e-05 -6.818328e-06 -9.288474e-06 1.020735e-04
11588.600000 8.046769e-01 2.514809e-02 8.932508e-03 1.202504e-01 2.715508e-05 -1.174150e-05 -1.881409e-05 1.095737e-04
11588.800000 8.048846e-01 2.516910e-02 8.925527e-03 1.208012e-01 1.755988e-05 -9.658600e-06 -6.484212e-06 1.011022e-04
11589.000000 8.045459e-01 2.517315e-02 8.830179e-03 1.216120e-01 7.970321e-06 -9.680942e-06 8.341278e-06 1.135567e-04
11589.200000 8.033762e-01 2.512258e-02 8.782604e-03 1.208403e-01 7.446312e-06 -1.813817e-05 1.685563e-05 1.196452e-04
11589.400000 8.036265e-01 2.512150e-02 8.670857e-03 1.215248e-01 2.122302e-05 -3.227295e-05 1.212794e-05 1.151757e-04
11589.600000 8.039459e-01 2.517499e-02 8.684424e-03 1.199567e-01 1.061785e-05 -2.732592e-05 3.106520e-06 1.107770e-04
11589.800000 8.020134e-01 2.513073e-02 8.597295e-03 1.214597e-01 1.217255e-05 -1.667202e-05 -2.672658e-06 1.133542e-04
11590.000000 8.049802e-01 2.515249e-02 8.595377e-03 1.200028e-01 1.668187e-05 -1.325053e-05 1.100724e-07 1.171547e-04
11590.200000 7.979540e-01 2.489103e-02 8.529814e-03 1.214563e-01 2.320007e-05 -7.525700e-06 -6.019551e-07 1.177825e-04
11590.400000 8.057122e-01 2.522931e-02 8.555228e-03 1.220207e-01 1.771676e-05 -5.656000e-06 1.559274e-05 1.263942e-04
11590.600000 8.033367e-01 2.518178e-02 8.592801e-03 1.206482e-01 2.332550e-05 -1.402448e-05 1.206096e-05 1.197377e-04
11590.800000 8.045126e-01 2.521477e-02 8.401073e-03 1.210831e-01 1.896268e-05 -1.668526e-05 1.074094e-05 1.240016e-04
11591.000000 8.025425e-01 2.522260e-02 8.441266e-03 1.236152e-01 1.559746e-05 -1.625645e-05 -6.987104e-06 1.254309e-04
11591.200000 8.009114e-01 2.511111e-02 8.282479e-03 1.215690e-01 2.403668e-05 -1.897184e-05 -1.984791e-05 1.172989e-04
11591.400000 8.044519e-01 2.518134e-02 8.431891e-03 1.205720e-01 2.609188e-05 -2.718600e-05 -9.478573e-06 1.146203e-04
11591.600000 8.000588e-01 2.513045e-02 8.408526e-03 1.205682e-01 2.012116e-05 -2.789019e-05 -1.014735e-05 1.095883e-04
11591.800000 8.053464e-01 2.527507e-02 8.359460e-03 1.236426e-01 2.225450e-05 -3.102954e-05 -1.042149e-05 1.110812e-04
11592.000000 7.942920e-01 2.487976e-02 7.974745e-03 1.210028e-01 2.610488e-05 -2.520189e-05 -4.463735e-06 1.050234e-04
11592.200000 8.073832e-01 2.537518e-02 8.210453e-03 1.239874e-01 2.607885e-05 -3.193853e-05 -2.388489e-06 1.161267e-04
11592.400000 7.993824e-01 2.509571e-02 8.043524e-03 1.220092e-01 2.416314e-05 -2.967311e-05 -2.256698e-05 1.083880e-04
11592.600000 8.021616e-01 2.517749e-02 8.165890e-03 1.233342e-01 2.359498e-05 -2.312494e-05 -4.199910e-05 1.052862e-04
11592.800000 8.007506e-01 2.519122e-02 7.880179e-03 1.232051e-01 6.922539e-06 -7.786875e-06 -3.765614e-05 1.127162e-04
11593.000000 8.010755e-01 2.511722e-02 7.735130e-03 1.224701e-01 1.167691e-05 -1.824276e-05 -1.527493e-05 1.065210e-04
11593.200000 8.007767e-01 2.514755e-02 7.916069e-03 1.226792e-01 1.537325e-07 -2.234842e-05 -8.685431e-06 1.182791e-04
11593.400000 8.013542e-01 2.515397e-02 7.862060e-03 1.241533e-01 4.015067e-06 -1.947182e-05 -1.475727e-05 1.134671e-04
11593.600000 8.021882e-01 2.514194e-02 7.789772e-03 1.245562e-01 8.235135e-06 -2.467533e-05 -1.943922e-05 1.096173e-04
11593.800000 8.008811e-01 2.517475e-02 7.715199e-03 1.243490e-01 4.570596e-06 -1.662355e-05 -3.534444e-05 1.123289e-04
11594.000000 8.050466e-01 2.520482e-02 7.816785e-03 1.229820e-01 1.118317e-05 -1.188659e-05 -1.650789e-05 1.143920e-04
11594.200000 7.973635e-01 2.502752e-02 7.655138e-03 1.245770e-01 5.258335e-06 -1.504989e-05 -1.601776e-05 1.146083e-04
11594.400000 8.026476e-01 2.508461e-02 7.723384e-03 1.254076e-01 8.819386e-06 -1.100743e-05 -1.562062e-05 1.094361e-04
11594.600000 8.008243e-01 2.510130e-02 7.628390e-03 1.240537e-01 9.661739e-06 -1.722994e-05 -1.523445e-05 1.192258e-04
11594.800000 8.034154e-01 2.508495e-02 7.760988e-03 1.245685e-01 2.072599e-05 -1.528974e-05 3.803708e-07 1.146356e-04
11595.000000 8.026985e-01 2.505194e-02 7.572088e-03 1.227527e-01 1.782506e-05 -1.308673e-05 1.020797e-06 1.119977e-04
11595.200000 8.022924e-01 2.503002e-02 7.854643e-03 1.246200e-01 2.040144e-05 -1.494904e-05 -1.046873e-05 1.068422e-04
11595.400000 8.051305e-01 2.503605e-02 7.896681e-03 1.253210e-01 2.703008e-05 -1.133122e-05 -2.264338e-05 9.654107e-05
11595.600000 8.033084e-01 2.504707e-02 7.927815e-03 1.248238e-01 1.663990e-05 -1.034498e-05 -2.129112e-05 1.092425e-04
11595.800000 7.965817e-01 2.471584e-02 7.542301e-03 1.235825e-01 2.442106e-05 -1.545129e-05 -3.135162e-05 1.091137e-04
11596.000000 8.012208e-01 2.495652e-02 7.834779e-03 1.241412e-01 1.937423e-05 -1.351369e-05 -2.030676e-05 1.158098e-04
11596.200000 8.009712e-01 2.486213e-02 7.709463e-03 1.228388e-01 2.254388e-05 -1.259959e-05 -1.924659e-05 1.249995e-04
11596.400000 8.003578e-01 2.502541e-02 7.821114e-03 1.249048e-01 9.463248e-06 -1.111592e-05 -2.505284e-05 1.193844e-04
11596.600000 7.996604e-01 2.488697e-02 7.791011e-03 1.242384e-01 2.297625e-05 -1.047257e-05 -2.579857e-05 1.085411e-04
11596.800000 8.021820e-01 2.505100e-02 7.816640e-03 1.254073e-01 2.981925e-05 -1.173324e-05 -1.648705e-05 1.164860e-04
11597.000000 8.017462e-01 2.504078e-02 8.046727e-03 1.261812e-01 2.826295e-05 -1.039739e-05 -1.444419e-05 1.102562e-04
11597.700000 8.003737e-01 2.509523e-02 7.981676e-03 1.251805e-01 1.045748e-05 -6.303851e-06 -5.491067e-06 1.091704e-04
11598.400000 8.003642e-01 2.515972e-02 8.019647e-03 1.245589e-01 2.706556e-05 -2.398202e-06 -1.641844e-05 1.131041e-04
11599.100000 7.996039e-01 2.524721e-02 8.260976e-03 1.250784e-01 3.550041e-05 -8.399378e-07 -2.123948e-05 1.061507e-04
11599.800000 8.005176e-01 2.537664e-02 8.381365e-03 1.256414e-01 2.844264e-05 -3.459498e-06 -2.041645e-05 1.197636e-04
11600.500000 7.991528e-01 2.537134e-02 8.461994e-03 1.253171e-01 3.056676e-05 -7.325771e-06 -2.362430e-05 1.114662e-04
11601.200000 8.008641e-01 2.543344e-02 8.598600e-03 1.245573e-01 2.773200e-05 -6.539665e-06 -1.027384e-05 1.214666e-04
11601.900000 8.000799e-01 2.542729e-02 8.628734e-03 1.260554e-01 2.494312e-05 -5.383715e-06 -1.386263e-06 1.226729e-04
11602.600000 7.997745e-01 2.541025e-02 8.685318e-03 1.246859e-01 2.243892e-05 -1.081547e-05 -5.905243e-06 1.233172e-04
11603.300000 7.993065e-01 2.539717e-02 8.719724e-03 1.249807e-01 2.134665e-05 -8.976664e-06 -6.880020e-06 1.211438e-04
11604.993695 7.987708e-01 2.547229e-02 8.829513e-03 1.250916e-01 2.404903e-05 4.998811e-06 -1.053431e-05 1.378195e-04
11605.999583 7.987211e-01 2.555232e-02 8.903863e-03 1.248105e-01 1.480587e-05 -1.610918e-06 -1.032016e-05 1.465488e-04
11607.017662 7.990302e-01 2.563504e-02 8.981667e-03 1.253318e-01 1.175902e-05 3.027910e-06 -1.562354e-05 1.349194e-04
11608.047933 7.986009e-01 2.569237e-02 9.062599e-03 1.254844e-01 5.560952e-06 2.693104e-07 -2.637640e-06 1.295340e-04
11609.090396 7.989574e-01 2.574205e-02 9.123404e-03 1.254647e-01 1.937229e-06 -3.222328e-06 -1.257907e-06 1.337977e-04
11610.145051 7.983864e-01 2.576667e-02 8.935541e-03 1.270140e-01 7.858517e-06 1.374020e-06 -1.558592e-06 1.425578e-04
11611.211898 7.974427e-01 2.580467e-02 8.807201e-03 1.264526e-01 9.223017e-06 1.325031e-06 -3.696122e-06 1.410698e-04
11612.290937 7.982730e-01 2.587778e-02 8.823055e-03 1.267619e-01 1.444554e-05 2.791814e-06 -2.355611e-06 1.360786e-04
11613.382167 7.982565e-01 2.592504e-02 8.598112e-03 1.269762e-01 1.785470e-05 4.862019e-06 -1.026637e-06 1.279173e-04
11614.485590 7.983637e-01 2.597529e-02 8.539720e-03 1.265545e-01 2.253194e-05 -4.853543e-07 6.132043e-06 1.207231e-04
11615.601204 7.976116e-01 2.598097e-02 8.528997e-03 1.271000e-01 2.655060e-05 -1.170358e-05 -7.104973e-06 1.185923e-04
11616.729011 7.974877e-01 2.599257e-02 8.307952e-03 1.275841e-01 2.294537e-05 -1.255182e-05 -4.579439e-06 1.257260e-04
11617.869009 7.967841e-01 2.598553e-02 8.225080e-03 1.269252e-01 2.650555e-05 -4.197030e-06 -3.456676e-06 1.246274e-04
11619.021199 7.967799e-01 2.600520e-02 8.174805e-03 1.275875e-01 2.187205e-05 -1.143554e-05 -1.836758e-05 1.141862e-04
11620.185582 7.966156e-01 2.601841e-02 8.194284e-03 1.277608e-01 2.474543e-05 -4.629074e-06 -1.733756e-05 1.186349e-04
11621.362156 7.963455e-01 2.600210e-02 8.150687e-03 1.264172e-01 3.271121e-05 -5.788114e-06 -1.500446e-05 1.066493e-04
11622.550922 7.965904e-01 2.606208e-02 8.086480e-03 1.266047e-01 4.008466e-05 -2.727135e-07 -9.293046e-06 1.046961e-04
11623.751879 7.951684e-01 2.604003e-02 8.275759e-03 1.275022e-01 3.170435e-05 1.127382e-05 -1.798078e-05 1.147666e-04
11624.965029 7.955940e-01 2.610643e-02 8.374897e-03 1.262118e-01 3.164701e-05 5.825287e-06 -1.676373e-05 1.119269e-04
11626.190371 7.957730e-01 2.616722e-02 8.333100e-03 1.266512e-01 2.843939e-05 7.984784e-06 -1.125174e-05 1.126479e-04
11627.427904 7.948552e-01 2.619447e-02 8.437077e-03 1.256117e-01 3.207781e-05 7.938112e-06 -3.487793e-06 1.273291e-04
11628.677630 7.948042e-01 2.619408e-02 8.472729e-03 1.248187e-01 2.594965e-05 4.787254e-06 -1.938042e-05 1.241108e-04
11629.939547 7.944654e-01 2.621844e-02 8.557495e-03 1.250187e-01 1.858107e-05 6.439900e-06 -1.730519e-05 1.218816e-04
11631.213657 7.940754e-01 2.627462e-02 8.571433e-03 1.241304e-01 2.824642e-05 1.198813e-05 -4.627770e-06 1.320496e-04
11632.499958 7.946030e-01 2.642969e-02 8.724861e-03 1.242794e-01 2.516060e-05 1.988641e-06 -1.223064e-06 1.219779e-04
11633.798451 7.932568e-01 2.649645e-02 8.767091e-03 1.238869e-01 2.320988e-05 3.273854e-06 -5.272786e-07 1.205017e-04
11635.109136 7.934172e-01 2.656343e-02 8.749529e-03 1.233229e-01 2.481099e-05 8.508489e-06 -6.680993e-06 1.189447e-04
11636.432013 7.928444e-01 2.658553e-02 8.906037e-03 1.235412e-01 1.933466e-05 -1.537700e-06 -1.352726e-05 1.185434e-04
11637.767082 7.930386e-01 2.668370e-02 8.988165e-03 1.229799e-01 1.182650e-05 -1.007708e-05 -7.771570e-06 1.221916e-04
11639.114342 7.927244e-01 2.677706e-02 9.068853e-03 1.224797e-01 1.689747e-05 -1.512885e-05 -7.390633e-06 1.173605e-04
11640.473795 7.928692e-01 2.689440e-02 9.257775e-03 1.226017e-01 8.260213e-06 -1.222137e-05 1.816980e-06 1.229671e-04
11641.845440 7.922338e-01 2.694082e-02 9.302192e-03 1.227305e-01 1.179353e-05 -1.561442e-05 -7.013498e-06 1.185888e-04
11643.229276 7.928092e-01 2.700048e-02 9.324485e-03 1.218688e-01 1.909916e-05 -1.529031e-05 -3.584372e-06 1.247264e-04
11644.625305 7.909672e-01 2.699161e-02 9.509196e-03 1.221695e-01 2.674484e-05 -1.184690e-05 1.579103e-06 1.217087e-04
11646.033525 7.918196e-01 2.702267e-02 9.512723e-03 1.229305e-01 2.028210e-05 1.126057e-06 -7.559648e-06 1.147103e-04
11647.453937 7.924055e-01 2.697785e-02 9.550819e-03 1.227886e-01 2.580800e-05 7.751770e-06 -8.290048e-06 1.144631e-04
11648.886541 7.909916e-01 2.697798e-02 9.567030e-03 1.227098e-01 3.228820e-05 3.119503e-06 -1.360066e-06 1.170637e-04
11650.331337 7.912846e-01 2.701099e-02 9.541862e-03 1.225846e-01 2.483221e-05 -8.416153e-06 2.434332e-06 1.241856e-04
11651.788325 7.905087e-01 2.699312e-02 9.540301e-03 1.228679e-01 2.533846e-05 -9.915426e-06 5.256369e-06 1.256323e-04
11653.257505 7.900091e-01 2.696794e-02 9.413962e-03 1.230566e-01 2.138548e-05 -1.704471e-05 8.965060e-06 1.098367e-04
11654.738877 7.897790e-01 2.702938e-02 9.462567e-03 1.224753e-01 2.326468e-05 -1.760958e-05 2.876788e-06 1.219575e-04
11656.232440 7.887368e-01 2.696296e-02 9.240722e-03 1.227152e-01 3.106182e-05 -1.301404e-05 -9.651441e-06 1.288160e-04
11657.738196 7.865951e-01 2.682403e-02 9.177869e-03 1.231777e-01 2.313598e-05 -1.106435e-05 -1.253355e-05 1.342925e-04
11659.256143 7.879689e-01 2.690028e-02 9.120849e-03 1.240151e-01 2.190228e-05 -1.162308e-05 -1.789636e-05 1.330624e-04
11660.786283 7.882397e-01 2.700700e-02 9.023618e-03 1.243068e-01 1.272868e-05 -1.382808e-05 -9.489359e-06 1.380987e-04
11662.328614 7.890193e-01 2.710208e-02 9.090698e-03 1.243617e-01 1.313310e-05 -2.783240e-06 -2.529666e-05 1.298542e-04
11663.883137 7.878832e-01 2.713572e-02 9.063101e-03 1.246283e-01 1.810169e-05 -8.610845e-06 -1.765139e-05 1.280485e-04
11665.449852 7.875271e-01 2.721226e-02 9.087452e-03 1.255446e-01 1.588840e-05 -6.646390e-06 -8.141730e-06 1.273320e-04
11667.028759 7.875433e-01 2.737641e-02 9.114467e-03 1.251450e-01 2.161547e-05 -1.279755e-06 -1.076106e-05 1.220649e-04
11668.619858 7.879052e-01 2.755290e-02 9.153877e-03 1.259322e-01 2.495486e-05 -9.600205e-06 6.843123e-06 1.301687e-04
11670.223149 7.852947e-01 2.758836e-02 9.057638e-03 1.252827e-01 2.500891e-05 -1.327324e-05 8.412463e-06 1.256030e-04
11671.838632 7.840127e-01 2.760172e-02 9.259399e-03 1.252859e-01 2.871387e-05 -6.547533e-06 -1.296643e-05 1.242206e-04
11673.466307 7.845878e-01 2.770336e-02 9.310912e-03 1.252043e-01 3.655516e-05 -6.374536e-06 -6.781712e-06 1.290361e-04
11675.106173 7.855947e-01 2.782465e-02 9.320037e-03 1.251600e-01 3.744603e-05 6.642487e-07 8.529076e-06 1.172036e-04
11676.758232 7.864086e-01 2.786339e-02 9.320453e-03 1.248159e-01 3.028875e-05 -5.990344e-06 3.754361e-06 1.154429e-04
11678.422482 7.858298e-01 2.769361e-02 9.366050e-03 1.243585e-01 2.905381e-05 -8.484178e-06 1.323099e-06 1.170277e-04
11680.098924 7.847570e-01 2.732698e-02 9.232210e-03 1.240180e-01 3.140915e-05 -5.238308e-06 1.074682e-05 1.195003e-04
11681.787558 7.856211e-01 2.703347e-02 9.204030e-03 1.243257e-01 2.708957e-05 -3.698257e-06 3.214775e-06 1.104254e-04
11683.488385 7.831385e-01 2.686000e-02 9.122736e-03 1.248180e-01 1.341800e-05 -7.538329e-06 -6.645595e-07 9.888776e-05
11685.201403 7.840098e-01 2.712375e-02 9.156436e-03 1.246271e-01 1.453192e-05 -1.743561e-06 -3.784475e-06 1.054770e-04
11686.926613 7.843330e-01 2.755212e-02 9.197520e-03 1.249920e-01 1.755778e-05 -2.083963e-06 -6.446650e-06 1.089079e-04
11688.664014 7.842998e-01 2.790753e-02 9.282024e-03 1.249430e-01 2.672055e-05 -8.714401e-06 -4.921340e-06 9.844018e-05
11690.413608 7.839146e-01 2.814196e-02 9.309787e-03 1.243811e-01 2.190549e-05 -1.571722e-05 4.582736e-06 9.971144e-05
11692.175394 7.823790e-01 2.827871e-02 9.411862e-03 1.242149e-01 1.636090e-05 -2.064196e-05 7.085129e-06 1.091036e-04
11693.949371 7.831999e-01 2.846091e-02 9.508222e-03 1.247701e-01 2.676927e-05 -1.435834e-05 1.563260e-07 1.146491e-04
11695.735541 7.829648e-01 2.849091e-02 9.540236e-03 1.233428e-01 2.871558e-05 -1.398567e-05 -4.334629e-07 1.060810e-04
11697.533902 7.830594e-01 2.852598e-02 9.681780e-03 1.239043e-01 2.341775e-05 -1.418030e-05 -3.908409e-06 1.128304e-04
11699.344455 7.827010e-01 2.854521e-02 9.779330e-03 1.232307e-01 2.271970e-05 -2.287350e-05 -9.735227e-06 1.084922e-04
11701.167201 7.813283e-01 2.856481e-02 9.819005e-03 1.230743e-01 2.426673e-05 -2.226802e-05 -1.451408e-05 1.154858e-04
11703.002138 7.779030e-01 2.852352e-02 9.911335e-03 1.234258e-01 1.105189e-05 -1.741302e-05 -3.896877e-07 1.007274e-04
11704.849267 7.807006e-01 2.871778e-02 1.013535e-02 1.241137e-01 4.666890e-06 -1.562773e-05 7.412478e-06 1.146965e-04
11706.708588 7.811028e-01 2.874753e-02 1.022089e-02 1.236441e-01 1.487418e-05 -1.541081e-05 9.675992e-06 1.175621e-04
11708.580100 7.809471e-01 2.875826e-02 1.025009e-02 1.236848e-01 1.843215e-05 -1.078109e-05 -1.378731e-06 1.081137e-04
11710.463805 7.806723e-01 2.886807e-02 1.021997e-02 1.237294e-01 2.249387e-05 -1.818939e-05 9.634424e-06 1.138966e-04
11712.359702 7.811279e-01 2.903798e-02 1.025544e-02 1.235403e-01 2.786156e-05 -1.905319e-05 1.943813e-05 1.119664e-04
11714.267790 7.798338e-01 2.912648e-02 1.024004e-02 1.232246e-01 2.828568e-05 -6.676626e-06 2.501507e-05 1.167310e-04
11716.188071 7.799223e-01 2.923495e-02 1.020685e-02 1.230390e-01 3.009341e-05 -1.170546e-05 2.800310e-05 1.109993e-04
11718.120543 7.790703e-01 2.932765e-02 1.016971e-02 1.225540e-01 3.562866e-05 -1.276145e-05 2.412229e-05 1.180944e-04
11720.065207 7.781265e-01 2.939484e-02 1.020529e-02 1.230034e-01 4.342266e-05 -1.590057e-05 2.036679e-05 1.189920e-04
11722.022064 7.787268e-01 2.952942e-02 1.018386e-02 1.231223e-01 2.864459e-05 -1.401522e-05 1.334948e-05 1.188792e-04
11723.991112 7.778715e-01 2.953922e-02 1.007795e-02 1.235692e-01 2.509943e-05 -1.182974e-05 1.439632e-05 1.170272e-04
11725.972352 7.779737e-01 2.958296e-02 1.009733e-02 1.233478e-01 2.216614e-05 -9.290134e-06 1.606037e-05 1.108438e-04
11727.965784 7.781153e-01 2.964325e-02 1.001369e-02 1.230721e-01 2.299926e-05 -3.763708e-06 1.188719e-05 1.007659e-04
11729.971407 7.765599e-01 2.959951e-02 9.974192e-03 1.237301e-01 2.714335e-05 -5.315221e-06 8.770036e-06 1.025620e-04
11731.989223 7.768200e-01 2.965740e-02 9.922012e-03 1.231581e-01 2.348041e-05 -3.754557e-06 9.565698e-06 1.056762e-04
11734.019231 7.759599e-01 2.962517e-02 9.957787e-03 1.236564e-01 1.939586e-05 -1.303566e-05 6.837460e-06 1.096740e-04
11736.061430 7.759266e-01 2.971845e-02 9.983354e-03 1.243982e-01 1.698540e-05 -2.129791e-05 8.419668e-06 1.079351e-04
11738.115822 7.744742e-01 2.977103e-02 1.003350e-02 1.225816e-01 1.404228e-05 -1.778395e-05 1.836535e-05 1.160919e-04
11740.182405 7.748938e-01 2.990421e-02 1.012506e-02 1.233846e-01 1.216918e-05 -2.514515e-05 1.403823e-05 1.085989e-04
11742.261180 7.718590e-01 2.992958e-02 1.013308e-02 1.231505e-01 1.738721e-05 -2.179703e-05 1.475777e-05 1.147937e-04
11744.352148 7.704711e-01 3.007503e-02 1.010550e-02 1.222365e-01 2.079895e-05 -9.852028e-06 1.049424e-05 1.115909e-04
11746.455307 7.728639e-01 3.033368e-02 1.016084e-02 1.238643e-01 2.119453e-05 -1.291496e-06 4.948016e-06 1.184385e-04
11748.570658 7.733439e-01 3.040270e-02 1.018451e-02 1.244367e-01 1.694506e-05 -1.886171e-06 1.561913e-05 1.095286e-04
11750.698201 7.731348e-01 3.045817e-02 1.018299e-02 1.239841e-01 1.883068e-05 -6.775101e-06 2.438736e-05 1.169883e-04
11752.837935 7.733869e-01 3.059140e-02 1.016570e-02 1.259954e-01 2.196787e-05 -3.231532e-06 7.491662e-06 1.024000e-04
11754.989862 7.716653e-01 3.058180e-02 1.013986e-02 1.267679e-01 2.600034e-05 1.966593e-06 5.675607e-06 1.104249e-04
11757.153981 7.712515e-01 3.059426e-02 1.009017e-02 1.320222e-01 1.930781e-05 6.661890e-06 -8.385316e-06 1.225247e-04
11759.330291 7.696547e-01 3.042494e-02 1.014104e-02 1.341317e-01 1.648071e-05 1.572561e-06 -1.488855e-05 1.141635e-04
11761.518794 7.674551e-01 3.030249e-02 1.021139e-02 1.321692e-01 2.795033e-05 -3.026559e-06 5.170197e-06 1.160398e-04
11763.719488 7.698469e-01 3.061157e-02 1.043110e-02 1.298647e-01 2.865910e-05 -8.460694e-06 -6.573813e-06 1.095466e-04
11765.932374 7.713812e-01 3.078303e-02 1.059406e-02 1.274695e-01 2.351887e-05 -1.352725e-06 -1.981940e-06 1.080675e-04
11768.157453 7.697988e-01 3.076625e-02 1.069366e-02 1.272423e-01 2.369957e-05 2.731279e-06 4.891955e-06 1.043973e-04
11770.394723 7.676353e-01 3.070992e-02 1.069572e-02 1.251833e-01 1.766477e-05 5.176238e-06 4.968751e-06 1.088600e-04
11772.644185 7.693778e-01 3.088111e-02 1.091796e-02 1.247006e-01 1.860402e-05 -2.486005e-06 9.235364e-07 1.217530e-04
11774.905838 7.680278e-01 3.102658e-02 1.097653e-02 1.242354e-01 2.722044e-05 -6.660359e-06 -4.252284e-06 1.218597e-04
11777.179684 7.670410e-01 3.111955e-02 1.102101e-02 1.240937e-01 3.198959e-05 -1.120452e-05 1.362815e-05 1.138616e-04
11779.465722 7.676566e-01 3.112231e-02 1.094566e-02 1.237154e-01 2.558905e-05 -6.737915e-06 9.117270e-06 1.146673e-04
11781.763952 7.684653e-01 3.131072e-02 1.110693e-02 1.241655e-01 9.830944e-06 -2.549237e-06 -7.916443e-06 1.076236e-04
11784.074373 7.677233e-01 3.146551e-02 1.121992e-02 1.245621e-01 9.756232e-06 -8.684353e-07 -6.465873e-06 1.059934e-04
11786.396987 7.664111e-01 3.155628e-02 1.121393e-02 1.237141e-01 9.458061e-06 -5.784818e-06 9.509325e-06 1.270664e-04
11788.731792 7.678561e-01 3.180177e-02 1.123294e-02 1.239109e-01 9.629379e-06 -5.759844e-06 1.657883e-05 1.403768e-04
11791.078789 7.657589e-01 3.197767e-02 1.129915e-02 1.227267e-01 1.095604e-05 -2.731677e-06 7.742304e-06 1.360469e-04
11793.437978 7.653130e-01 3.205942e-02 1.126751e-02 1.232547e-01 2.093084e-05 -3.410011e-09 1.187972e-05 1.414787e-04
11795.809359 7.612615e-01 3.198588e-02 1.126429e-02 1.237144e-01 1.993806e-05 -2.071753e-06 1.792841e-05 1.302462e-04
11798.192932 7.618128e-01 3.213047e-02 1.125290e-02 1.233085e-01 2.287930e-05 4.083863e-06 1.826410e-05 1.359889e-04
11800.588697 7.609093e-01 3.208591e-02 1.121650e-02 1.225504e-01 2.154373e-05 4.764267e-06 2.017843e-05 1.365169e-04
11802.996654 7.636586e-01 3.214206e-02 1.112984e-02 1.232110e-01 2.327151e-05 -6.750906e-06 2.428236e-05 1.351816e-04
11805.416803 7.626983e-01 3.205100e-02 1.105808e-02 1.234008e-01 2.026503e-05 -1.716929e-06 2.043119e-05 1.320056e-04
11807.849143 7.621189e-01 3.218920e-02 1.102267e-02 1.239534e-01 3.194535e-05 -3.543926e-06 1.496647e-05 1.396396e-04
11810.293676 7.639118e-01 3.245433e-02 1.107932e-02 1.239191e-01 3.154019e-05 -3.499288e-06 5.797742e-06 1.423774e-04
11812.750400 7.632185e-01 3.248569e-02 1.100888e-02 1.236828e-01 3.145178e-05 7.171675e-07 1.372887e-05 1.385126e-04
11815.219317 7.630138e-01 3.262695e-02 1.103121e-02 1.229822e-01 2.936952e-05 -5.406770e-06 -3.704897e-06 1.383514e-04
11817.700425 7.623066e-01 3.279681e-02 1.101452e-02 1.238648e-01 2.442767e-05 2.844651e-06 4.097066e-06 1.414386e-04
11820.193725 7.606011e-01 3.288338e-02 1.112835e-02 1.234177e-01 2.856174e-05 1.885510e-06 -2.538340e-06 1.374382e-04
11822.699217 7.591603e-01 3.286312e-02 1.111588e-02 1.237716e-01 3.193248e-05 4.636634e-07 8.296102e-06 1.456864e-04
11825.216901 7.594466e-01 3.286466e-02 1.114642e-02 1.226923e-01 2.744208e-05 -7.188665e-06 4.308197e-06 1.249417e-04
11827.746777 7.566473e-01 3.268879e-02 1.117671e-02 1.231771e-01 2.339730e-05 -1.044020e-05 1.155867e-05 1.289730e-04
11830.288845 7.595948e-01 3.264402e-02 1.133165e-02 1.243359e-01 2.523156e-05 -7.745589e-06 -2.240869e-06 1.304638e-04
11832.843105 7.591053e-01 3.251405e-02 1.138709e-02 1.238661e-01 2.019858e-05 -7.062074e-07 1.209303e-06 1.462362e-04
11835.409556 7.562302e-01 3.252046e-02 1.142156e-02 1.235383e-01 1.272654e-05 6.046240e-06 3.186269e-06 1.428039e-04
11837.988200 7.545491e-01 3.278032e-02 1.164516e-02 1.242002e-01 6.228581e-06 6.799501e-06 1.225096e-05 1.306328e-04
11840.579035 7.542065e-01 3.311703e-02 1.184398e-02 1.236138e-01 9.875479e-06 5.303288e-06 3.399902e-06 1.303747e-04
11843.182062 7.568207e-01 3.355469e-02 1.204519e-02 1.255906e-01 2.336252e-05 -4.633648e-06 7.945857e-07 1.204801e-04
11845.797282 7.549435e-01 3.377323e-02 1.216465e-02 1.253769e-01 1.125967e-05 -1.310980e-05 -2.417727e-06 1.128328e-04
11848.424693 7.560563e-01 3.411465e-02 1.225773e-02 1.245748e-01 3.009752e-06 -6.138209e-06 6.171170e-06 1.139235e-04
11851.064296 7.530177e-01 3.418186e-02 1.230838e-02 1.235547e-01 4.079469e-06 -2.747140e-06 1.070815e-05 1.243376e-04
11853.716091 7.532465e-01 3.432743e-02 1.225479e-02 1.226819e-01 1.275649e-05 -7.442573e-06 9.603790e-06 1.320412e-04
11856.380078 7.538175e-01 3.445684e-02 1.235138e-02 1.234279e-01 1.032273e-05 -6.011618e-06 1.600244e-06 1.200639e-04
11859.056256 7.532586e-01 3.447671e-02 1.238340e-02 1.227603e-01 1.123546e-05 -7.414806e-06 -1.434367e-05 1.199951e-04
11861.744627 7.521862e-01 3.449606e-02 1.239401e-02 1.227740e-01 8.866904e-06 -2.383760e-07 -1.626247e-05 1.153173e-04
11864.445190 7.508199e-01 3.444680e-02 1.238903e-02 1.227259e-01 7.233487e-06 -1.088051e-06 -8.980621e-06 1.180697e-04
11867.157944 7.537630e-01 3.477904e-02 1.255300e-02 1.229767e-01 1.274555e-05 -3.396050e-06 1.144273e-06 1.247519e-04
11869.882891 7.538783e-01 3.490098e-02 1.259947e-02 1.239554e-01 8.704242e-06 -6.537836e-06 7.341639e-06 1.272571e-04
11872.620029 7.531532e-01 3.487468e-02 1.258237e-02 1.237465e-01 8.128433e-06 -9.965056e-06 6.469467e-06 1.142781e-04
11875.369359 7.519933e-01 3.478423e-02 1.252423e-02 1.226239e-01 1.037965e-05 -6.884001e-06 6.548510e-06 1.266785e-04
11878.130881 7.516645e-01 3.484743e-02 1.244602e-02 1.230362e-01 2.145544e-05 -1.502321e-05 -2.841525e-06 1.338304e-04
11880.904595 7.512856e-01 3.500953e-02 1.239868e-02 1.237602e-01 2.378028e-05 -1.434758e-05 -1.505479e-05 1.291523e-04
11883.690501 7.505677e-01 3.522307e-02 1.242966e-02 1.243405e-01 1.504446e-05 -5.008346e-06 -5.820299e-06 1.321567e-04
11886.488599 7.504199e-01 3.546077e-02 1.254448e-02 1.237379e-01 1.144435e-05 -5.068814e-06 2.171593e-06 1.327753e-04
11889.298889 7.495109e-01 3.541892e-02 1.243039e-02 1.231361e-01 1.010160e-05 -6.610186e-06 5.382911e-06 1.254509e-04
11892.121371 7.488672e-01 3.526478e-02 1.234522e-02 1.230025e-01 1.206864e-05 -1.208174e-05 -2.807369e-06 1.280259e-04
11894.956044 7.437250e-01 3.506255e-02 1.231697e-02 1.229957e-01 8.463049e-06 -1.980826e-05 -7.298389e-06 1.263584e-04
11897.802910 7.398655e-01 3.497127e-02 1.230311e-02 1.223387e-01 1.092615e-06 -2.189059e-05 5.867243e-07 1.268946e-04
11900.661967 7.462562e-01 3.531812e-02 1.242258e-02 1.228701e-01 1.162787e-06 -2.303193e-05 -2.353291e-06 1.225371e-04
11903.533217 7.466427e-01 3.530331e-02 1.252317e-02 1.227391e-01 8.543747e-06 -3.343326e-05 -8.704417e-06 1.165435e-04
11906.416658 7.467311e-01 3.528798e-02 1.258177e-02 1.239235e-01 1.659095e-05 -3.542785e-05 -8.248132e-06 1.156288e-04
11909.312291 7.460303e-01 3.517709e-02 1.266771e-02 1.244629e-01 1.759646e-05 -1.653420e-05 -9.217714e-06 1.204471e-04
11912.220116 7.452803e-01 3.515873e-02 1.274017e-02 1.237145e-01 1.958626e-05 -1.941401e-05 -3.730380e-06 9.440920e-05
11915.140133 7.452887e-01 3.543258e-02 1.294740e-02 1.240438e-01 1.238260e-05 -2.690509e-05 -1.497628e-05 9.652205e-05
11918.072342 7.441580e-01 3.582561e-02 1.318672e-02 1.233181e-01 1.048359e-05 -2.368381e-05 -1.218164e-05 1.205545e-04
11921.016743 7.374042e-01 3.596164e-02 1.329271e-02 1.222463e-01 1.314171e-05 -2.233460e-05 -1.734618e-05 1.177991e-04
11923.973335 7.373801e-01 3.631652e-02 1.343852e-02 1.216194e-01 1.591792e-05 -7.168520e-06 -9.902373e-06 1.171553e-04
11926.942120 7.421786e-01 3.680670e-02 1.358419e-02 1.232184e-01 1.368054e-05 -1.272844e-05 -4.151762e-06 1.073862e-04
11929.923096 7.416007e-01 3.697559e-02 1.369690e-02 1.226225e-01 9.898500e-06 -1.805106e-05 -4.215530e-06 1.144627e-04
11932.916265 7.416002e-01 3.714558e-02 1.365431e-02 1.228715e-01 3.733657e-06 -1.867724e-05 -2.700783e-06 1.132360e-04
11935.921625 7.419595e-01 3.718646e-02 1.372636e-02 1.229889e-01 -6.172138e-06 -1.096433e-05 -1.721560e-06 1.068554e-04
11938.939177 7.418442e-01 3.720078e-02 1.372981e-02 1.227547e-01 -1.798701e-06 -1.164985e-05 -5.734573e-06 1.109117e-04
11941.968921 7.408236e-01 3.710560e-02 1.362917e-02 1.232796e-01 5.133064e-06 -1.288345e-05 -1.160909e-05 1.121241e-04
11945.010858 7.405432e-01 3.718987e-02 1.365414e-02 1.226926e-01 1.009609e-05 -6.728312e-06 -4.570388e-06 1.268893e-04
11948.064985 7.399714e-01 3.762189e-02 1.391728e-02 1.229634e-01 1.904296e-05 3.110010e-06 -2.003246e-06 1.295701e-04
11951.131305 7.394435e-01 3.798157e-02 1.398467e-02 1.227706e-01 1.204647e-05 1.494796e-07 -1.209550e-05 1.307789e-04
11954.209817 7.381544e-01 3.822029e-02 1.412685e-02 1.231354e-01 5.915886e-06 -1.115432e-05 -1.424450e-05 1.250962e-04
11957.300521 7.379745e-01 3.843864e-02 1.424327e-02 1.227595e-01 5.938779e-06 -1.670604e-05 5.889207e-06 1.231370e-04
11960.403416 7.379909e-01 3.859994e-02 1.432063e-02 1.228457e-01 3.153546e-06 -1.925837e-05 1.412805e-05 1.205384e-04
11963.518504 7.389264e-01 3.871693e-02 1.438085e-02 1.229892e-01 -3.431000e-06 -2.664789e-05 8.061257e-06 1.144803e-04
11966.645783 7.375786e-01 3.832159e-02 1.421275e-02 1.232020e-01 -3.694590e-06 -3.227588e-05 6.440480e-06 1.099419e-04
11969.785255 7.362838e-01 3.803850e-02 1.406513e-02 1.232952e-01 -1.083589e-05 -3.068574e-05 -8.318983e-06 1.014889e-04
11972.936918 7.358609e-01 3.850721e-02 1.419148e-02 1.237506e-01 -8.227084e-06 -2.791549e-05 -1.599202e-05 1.125547e-04
11976.100773 7.362565e-01 3.894554e-02 1.436372e-02 1.238361e-01 -2.962496e-06 -2.721273e-05 -2.476918e-06 1.089901e-04
11979.276820 7.349610e-01 3.903860e-02 1.430481e-02 1.236647e-01 -7.701335e-06 -3.015356e-05 7.819607e-06 1.105190e-04
11982.465059 7.348268e-01 3.915425e-02 1.437453e-02 1.233417e-01 -1.249596e-05 -2.091014e-05 8.021304e-06 1.098137e-04
11985.665490 7.335934e-01 3.910865e-02 1.438924e-02 1.228319e-01 -2.351616e-05 -1.391040e-05 -2.589048e-07 1.061207e-04
11988.878112 7.340869e-01 3.911087e-02 1.431818e-02 1.231424e-01 -1.523114e-05 -4.620444e-06 -4.774367e-06 1.105779e-04
11992.102927 7.324276e-01 3.921838e-02 1.444336e-02 1.230030e-01 -9.337117e-06 -2.583269e-07 -1.262426e-05 1.161815e-04
11995.339934 7.323744e-01 3.947153e-02 1.453272e-02 1.236614e-01 -5.755038e-06 2.469683e-06 -4.095019e-06 1.172327e-04
11998.589132 7.316640e-01 3.967803e-02 1.467719e-02 1.218887e-01 -7.661511e-06 -6.541760e-06 6.108035e-09 1.205070e-04
12001.850523 7.316699e-01 3.986956e-02 1.478678e-02 1.230133e-01 1.410262e-06 -1.351170e-05 5.003976e-06 1.206124e-04
12005.124105 7.307544e-01 4.006155e-02 1.493212e-02 1.219813e-01 6.117498e-06 -8.801506e-06 3.084367e-06 1.293002e-04
12008.409879 7.299185e-01 4.015059e-02 1.504755e-02 1.234602e-01 2.504067e-06 -1.243122e-05 1.253673e-06 1.331148e-04
12011.707845 7.296791e-01 4.033614e-02 1.530002e-02 1.238042e-01 4.141920e-06 -1.234243e-05 1.785330e-06 1.289920e-04
12015.018003 7.291068e-01 4.023943e-02 1.537054e-02 1.230945e-01 -6.305791e-07 -1.124366e-05 -7.643652e-06 1.294447e-04
12018.340353 7.285797e-01 4.038841e-02 1.552515e-02 1.225803e-01 -1.693595e-07 -1.176219e-05 -4.791965e-06 1.279077e-04
12021.674895 7.274210e-01 4.082188e-02 1.571195e-02 1.218547e-01 6.796064e-06 -8.379063e-06 3.570818e-06 1.219175e-04
12025.021629 7.265396e-01 4.067311e-02 1.564665e-02 1.220492e-01 2.508134e-06 -1.428502e-05 2.843009e-06 9.879512e-05
12028.380554 7.262816e-01 4.003983e-02 1.553510e-02 1.217437e-01 -1.171292e-06 -5.023914e-06 -1.773934e-06 1.068087e-04
12031.751672 7.249938e-01 4.027058e-02 1.561110e-02 1.222793e-01 4.049415e-06 -1.425592e-06 -5.854350e-06 1.080921e-04
12035.134982 7.254611e-01 4.096909e-02 1.579032e-02 1.223625e-01 -4.300000e-06 -2.999638e-06 -1.756487e-05 1.130548e-04
12038.530483 7.247913e-01 4.118743e-02 1.585687e-02 1.220174e-01 -9.352534e-06 -2.880479e-06 -1.090660e-05 1.166916e-04
12041.938176 7.237735e-01 4.124557e-02 1.586147e-02 1.213667e-01 -3.978747e-06 -4.810659e-06 -3.453412e-06 1.106615e-04
12045.358061 7.184281e-01 4.077686e-02 1.577926e-02 1.213379e-01 2.214005e-06 -9.410173e-06 -1.014362e-05 1.112562e-04
12048.790139 7.128363e-01 4.064703e-02 1.567552e-02 1.202906e-01 4.146254e-07 -8.115866e-06 -1.187341e-05 1.118636e-04
12052.234408 7.213082e-01 4.172701e-02 1.603341e-02 1.216691e-01 5.209043e-06 1.379591e-06 -3.249791e-06 1.106560e-04
12055.690868 7.217427e-01 4.208071e-02 1.607787e-02 1.219319e-01 2.343697e-06 2.456145e-06 2.653673e-06 1.088766e-04
12059.159521 7.217104e-01 4.240586e-02 1.624508e-02 1.230161e-01 -1.300508e-05 8.357925e-06 -5.131434e-07 1.103023e-04
12062.640366 7.210963e-01 4.255857e-02 1.632084e-02 1.228469e-01 -2.393850e-05 2.736700e-06 3.503561e-06 1.258630e-04
12066.133403 7.206167e-01 4.262056e-02 1.635668e-02 1.225681e-01 -9.707087e-06 -2.362112e-06 -1.420637e-05 1.134036e-04
12069.638631 7.200054e-01 4.288106e-02 1.648490e-02 1.232516e-01 -1.126325e-05 -7.983877e-06 -1.562821e-05 1.076896e-04
12073.156052 7.198058e-01 4.320343e-02 1.659329e-02 1.224521e-01 -1.545197e-05 -4.105888e-06 -1.595701e-05 1.119951e-04
12076.685664 7.193897e-01 4.341767e-02 1.661896e-02 1.225952e-01 -5.425026e-06 -6.413057e-06 -1.518167e-05 1.054646e-04
12080.227468 7.183591e-01 4.360718e-02 1.673226e-02 1.224035e-01 3.990812e-06 -8.130099e-06 -1.323280e-05 1.021900e-04
12083.781465 7.176749e-01 4.375235e-02 1.678573e-02 1.220809e-01 -2.494807e-06 -7.812060e-06 -7.724862e-06 9.069046e-05
12087.347653 7.169054e-01 4.392286e-02 1.692126e-02 1.219824e-01 -5.242160e-06 -9.697893e-06 3.385640e-06 9.738121e-05
12090.926033 7.165474e-01 4.417159e-02 1.709320e-02 1.223530e-01 -3.787939e-06 -8.831586e-06 3.227307e-06 1.054385e-04
12094.516605 7.163043e-01 4.432344e-02 1.725711e-02 1.222198e-01 -2.349488e-06 -6.759370e-06 8.051902e-06 1.118330e-04
12098.119369 7.147781e-01 4.433689e-02 1.729823e-02 1.220305e-01 -2.200760e-06 -6.457223e-06 -5.071535e-06 1.123680e-04
12101.734324 7.142630e-01 4.441257e-02 1.742841e-02 1.219292e-01 -3.043485e-06 -1.512812e-05 -1.315022e-05 1.055869e-04
12105.361472 7.137502e-01 4.424897e-02 1.744262e-02 1.218394e-01 -4.047486e-06 -1.758983e-05 -1.881836e-05 1.085906e-04
12109.000811 7.131966e-01 4.392209e-02 1.740217e-02 1.224437e-01 1.087992e-06 -6.712322e-06 -1.930598e-05 1.183725e-04
12112.652343 7.128389e-01 4.429043e-02 1.760200e-02 1.219463e-01 8.774182e-07 -7.685262e-06 -9.087130e-06 1.158876e-04
12116.316066 7.106386e-01 4.458735e-02 1.776010e-02 1.214586e-01 4.518613e-06 -3.055951e-06 -2.224547e-05 1.101037e-04
12119.991982 7.102896e-01 4.473874e-02 1.786199e-02 1.211570e-01 3.281590e-06 -6.843883e-06 -2.179637e-05 1.167196e-04
12123.680089 7.115665e-01 4.527288e-02 1.819572e-02 1.212521e-01 -4.895587e-06 -1.022100e-05 -2.194564e-05 1.181161e-04
12127.380388 7.098117e-01 4.551075e-02 1.830210e-02 1.213823e-01 9.889670e-06 -6.544821e-06 -1.729324e-05 1.181173e-04
12131.092879 7.100359e-01 4.574032e-02 1.844820e-02 1.211308e-01 1.150790e-05 -1.028837e-05 -8.552509e-06 1.264881e-04
12134.817562 7.090038e-01 4.592851e-02 1.857279e-02 1.210245e-01 1.588977e-06 -2.056562e-05 -1.125015e-05 1.191579e-04
12138.554437 7.070392e-01 4.594646e-02 1.863950e-02 1.211636e-01 5.680497e-06 -3.012469e-05 -7.034693e-06 1.195169e-04
12142.303503 7.067448e-01 4.581943e-02 1.859189e-02 1.212260e-01 6.821101e-06 -2.585028e-05 -2.552358e-06 1.217801e-04
12146.064762 7.069883e-01 4.573202e-02 1.862524e-02 1.214973e-01 1.864407e-05 -1.888571e-05 8.969630e-07 1.282946e-04
12149.838213 7.069828e-01 4.624211e-02 1.879250e-02 1.217730e-01 8.738324e-06 -1.860151e-05 -1.069209e-06 1.119157e-04
12153.623855 7.073118e-01 4.683236e-02 1.902135e-02 1.214541e-01 -1.184698e-06 -2.028199e-05 -2.669938e-06 9.488372e-05
12157.421689 7.067444e-01 4.711925e-02 1.917055e-02 1.216996e-01 -1.688114e-06 -2.341060e-05 -4.189073e-06 9.889003e-05
12161.231716 7.049238e-01 4.720750e-02 1.908547e-02 1.215853e-01 1.531189e-06 -1.547419e-05 -5.325938e-06 1.076085e-04
12165.053934 7.051850e-01 4.740332e-02 1.919157e-02 1.221702e-01 4.632636e-06 -1.479038e-05 5.944093e-07 1.092414e-04
12168.888344 7.037713e-01 4.763800e-02 1.929769e-02 1.212406e-01 1.154725e-05 -1.309852e-05 3.501079e-06 1.130848e-04
12172.734946 7.008973e-01 4.761743e-02 1.930752e-02 1.201147e-01 1.657796e-05 -1.771311e-05 2.942985e-07 1.161495e-04
12176.593740 7.025642e-01 4.775131e-02 1.938018e-02 1.216437e-01 1.782032e-05 -2.590612e-05 -2.881053e-06 1.019423e-04
12180.464726 7.020008e-01 4.794061e-02 1.951136e-02 1.216051e-01 8.661131e-06 -3.109941e-05 9.721899e-06 1.060294e-04
12184.347903 7.017577e-01 4.833315e-02 1.968502e-02 1.212775e-01 1.271274e-05 -2.207532e-05 1.204234e-05 1.037476e-04
12188.243273 7.000055e-01 4.844335e-02 1.970776e-02 1.206579e-01 9.764964e-06 -1.488822e-05 1.892088e-06 8.886894e-05
12192.150835 7.005393e-01 4.875288e-02 1.984626e-02 1.206518e-01 1.274845e-05 -1.978070e-05 -1.276467e-05 1.008219e-04
12196.070588 6.990622e-01 4.893675e-02 1.997177e-02 1.208785e-01 8.704772e-06 -1.410740e-05 -2.358163e-06 9.858894e-05
12200.002533 6.987032e-01 4.913093e-02 2.009951e-02 1.213242e-01 1.157805e-05 -1.623572e-05 -1.199862e-05 9.458720e-05
12203.946671 6.990809e-01 4.914323e-02 2.012959e-02 1.217021e-01 2.383548e-05 -2.336890e-05 -2.484376e-05 1.000347e-04
12207.903000 6.966504e-01 4.897696e-02 2.018828e-02 1.207450e-01 2.454948e-05 -2.502104e-05 -1.958602e-05 1.033732e-04
12211.871521 6.963354e-01 4.903054e-02 2.029078e-02 1.206278e-01 1.659320e-05 -1.690593e-05 -1.631699e-06 9.748670e-05
12215.852234 6.959670e-01 4.938778e-02 2.053048e-02 1.208024e-01 1.595970e-05 -1.684754e-05 -1.470987e-05 1.017550e-04
12219.845139 6.940696e-01 4.960482e-02 2.075353e-02 1.197465e-01 1.301430e-05 -2.104378e-05 -4.975678e-06 1.030041e-04
12223.850236 6.935083e-01 4.980561e-02 2.089597e-02 1.206473e-01 1.085630e-05 -2.742479e-05 5.146117e-06 9.720228e-05
12227.867524 6.939382e-01 5.009412e-02 2.104282e-02 1.212176e-01 1.667585e-05 -3.449545e-05 8.799909e-06 9.932827e-05
12231.897005 6.924951e-01 5.037197e-02 2.120897e-02 1.205460e-01 3.915740e-06 -3.792916e-05 -7.486786e-06 9.422686e-05
12235.938678 6.928296e-01 5.067033e-02 2.140037e-02 1.206171e-01 1.645376e-06 -3.629354e-05 -9.398707e-06 1.068829e-04
12239.992542 6.921509e-01 5.082565e-02 2.153572e-02 1.208671e-01 1.003279e-05 -2.767932e-05 -4.523542e-06 1.137949e-04
12244.058598 6.915189e-01 5.105159e-02 2.169602e-02 1.209042e-01 1.299329e-05 -2.236620e-05 5.281981e-06 1.161159e-04
12248.136847 6.909381e-01 5.134049e-02 2.186777e-02 1.208928e-01 2.061006e-05 -2.488906e-05 -2.650349e-06 1.025385e-04
12252.227287 6.854447e-01 5.100627e-02 2.181266e-02 1.193738e-01 1.889715e-05 -2.751679e-05 7.419953e-06 1.074731e-04
12256.329919 6.738181e-01 5.001135e-02 2.159235e-02 1.182294e-01 1.416559e-05 -3.539304e-05 1.528233e-05 1.129943e-04
12260.444743 6.850106e-01 5.110499e-02 2.208870e-02 1.199780e-01 9.466232e-06 -3.781945e-05 1.308599e-05 1.149919e-04
12264.571759 6.864055e-01 5.167625e-02 2.236653e-02 1.205968e-01 1.134494e-06 -4.570221e-05 1.081514e-05 1.151263e-04
12268.710967 6.862560e-01 5.193762e-02 2.249751e-02 1.196811e-01 -5.961244e-07 -4.890705e-05 3.812111e-06 1.239597e-04
12272.862366 6.870710e-01 5.235779e-02 2.268490e-02 1.202154e-01 2.129780e-06 -4.660113e-05 -5.902656e-06 1.259736e-04
12277.025958 6.863955e-01 5.253784e-02 2.278777e-02 1.205233e-01 9.477178e-06 -4.031028e-05 8.055400e-06 1.233882e-04
12281.201742 6.858719e-01 5.262696e-02 2.280020e-02 1.198736e-01 1.746370e-05 -3.429150e-05 -2.403520e-06 1.090549e-04
12285.389717 6.836746e-01 5.261415e-02 2.281486e-02 1.200962e-01 1.634380e-05 -4.000943e-05 -9.120648e-07 1.157152e-04
12289.589884 6.827066e-01 5.280778e-02 2.288810e-02 1.202588e-01 1.605309e-05 -3.531412e-05 -9.229566e-06 1.148235e-04
12293.802244 6.814900e-01 5.290707e-02 2.290577e-02 1.206036e-01 1.937980e-05 -3.151222e-05 2.716810e-06 1.202448e-04
12298.026795 6.686771e-01 5.213099e-02 2.264976e-02 1.183954e-01 1.780818e-05 -4.040906e-05 -4.111641e-06 1.216165e-04
12302.263538 6.721156e-01 5.294483e-02 2.291284e-02 1.185734e-01 2.071630e-05 -3.401370e-05 -1.398027e-05 1.229421e-04
12306.512473 6.807136e-01 5.399364e-02 2.330384e-02 1.204267e-01 1.747416e-05 -3.183995e-05 -2.087805e-05 1.186297e-04
12310.773600 6.803426e-01 5.415577e-02 2.348691e-02 1.200908e-01 1.065737e-05 -3.414474e-05 -2.087185e-05 1.171294e-04
12315.046919 6.792907e-01 5.423319e-02 2.357498e-02 1.199373e-01 7.354949e-06 -3.848422e-05 -6.303192e-07 1.145691e-04
12319.332429 6.793015e-01 5.412144e-02 2.361479e-02 1.199424e-01 1.980351e-05 -4.482085e-05 7.508107e-06 1.184750e-04
12323.630132 6.783103e-01 5.404957e-02 2.372654e-02 1.200410e-01 1.159157e-05 -5.256165e-05 1.099672e-05 1.175141e-04
12327.940026 6.775526e-01 5.438793e-02 2.396513e-02 1.202833e-01 1.379997e-05 -4.452985e-05 -5.197208e-06 1.169230e-04
12332.262113 6.770147e-01 5.493889e-02 2.421482e-02 1.197418e-01 8.761573e-06 -3.697551e-05 6.431038e-06 1.173195e-04
12336.596391 6.767719e-01 5.540996e-02 2.461566e-02 1.200363e-01 1.543253e-05 -4.007682e-05 4.690714e-07 1.089756e-04
12340.942861 6.764106e-01 5.548651e-02 2.475035e-02 1.193117e-01 1.754172e-05 -4.121962e-05 5.835340e-06 1.093572e-04
12345.301524 6.756547e-01 5.583565e-02 2.499978e-02 1.200246e-01 1.887017e-05 -3.566095e-05 4.857779e-06 1.131924e-04
12349.672378 6.747008e-01 5.614718e-02 2.520578e-02 1.196889e-01 1.351440e-05 -3.925918e-05 5.097913e-06 1.108475e-04
12354.055424 6.731256e-01 5.615496e-02 2.530077e-02 1.196896e-01 1.187963e-05 -2.792873e-05 4.352739e-06 1.191596e-04
12358.450662 6.733170e-01 5.637055e-02 2.550676e-02 1.198330e-01 1.143496e-05 -3.007777e-05 6.991659e-07 1.060171e-04
12362.858091 6.727500e-01 5.661755e-02 2.565997e-02 1.200961e-01 5.411976e-06 -2.588365e-05 1.335420e-05 1.083109e-04
12367.277713 6.712207e-01 5.643910e-02 2.561679e-02 1.200552e-01 6.687378e-06 -3.241974e-05 6.455169e-06 1.041481e-04
12371.709527 6.714067e-01 5.650690e-02 2.577817e-02 1.201069e-01 1.152362e-05 -4.269564e-05 4.716071e-06 1.041321e-04
12376.153532 6.703858e-01 5.661355e-02 2.588576e-02 1.200974e-01 1.191357e-05 -3.381569e-05 1.682648e-06 1.077870e-04
12380.609730 6.698368e-01 5.680372e-02 2.603025e-02 1.196761e-01 1.145957e-05 -2.064293e-05 9.101209e-07 1.119933e-04
12385.078119 6.693439e-01 5.693361e-02 2.612772e-02 1.190188e-01 1.337869e-05 -1.352561e-05 -1.693912e-06 1.103149e-04
12389.558700 6.684800e-01 5.732999e-02 2.636699e-02 1.191541e-01 1.188332e-05 -1.454859e-05 1.430831e-07 9.969616e-05
12394.051473 6.676640e-01 5.759753e-02 2.656089e-02 1.198654e-01 1.221291e-05 -2.841628e-05 1.249127e-05 9.919332e-05
12398.556438 6.661734e-01 5.785123e-02 2.674590e-02 1.196223e-01 1.668954e-05 -2.731340e-05 7.327707e-06 1.035254e-04
12403.073595 6.664739e-01 5.822745e-02 2.698318e-02 1.195730e-01 2.184462e-05 -1.574149e-05 2.562816e-06 9.770492e-05
12407.602944 6.657609e-01 5.852520e-02 2.718974e-02 1.195328e-01 2.446358e-05 -9.917379e-06 1.627681e-06 9.020899e-05
12412.144485 6.646517e-01 5.888743e-02 2.739434e-02 1.193432e-01 2.316623e-05 -1.283028e-05 1.151535e-05 9.803446e-05
12416.698218 6.629434e-01 5.917952e-02 2.757018e-02 1.190731e-01 2.106144e-05 -1.436593e-05 2.452434e-05 9.891936e-05
12421.264142 6.604553e-01 5.931561e-02 2.763509e-02 1.188403e-01 1.529463e-05 -8.560984e-06 3.531524e-05 9.766484e-05
12425.842259 6.611223e-01 5.972735e-02 2.788337e-02 1.189794e-01 1.475695e-05 -1.770109e-05 2.570456e-05 1.008810e-04
12430.432567 6.618512e-01 6.013983e-02 2.811367e-02 1.183442e-01 7.976840e-06 -1.521596e-05 2.406840e-05 9.440960e-05
12435.035068 6.614113e-01 6.030343e-02 2.818699e-02 1.187989e-01 1.129071e-05 -1.081428e-05 2.650378e-05 9.312578e-05
12439.649760 6.600246e-01 6.048488e-02 2.830719e-02 1.189878e-01 1.975544e-05 -6.980650e-06 2.806073e-05 9.838135e-05
12444.276644 6.592826e-01 6.070730e-02 2.855374e-02 1.193574e-01 1.734048e-05 -5.366702e-06 2.511004e-05 1.009883e-04
12448.915720 6.583626e-01 6.098625e-02 2.871161e-02 1.192332e-01 1.655841e-05 -1.097196e-05 1.466220e-05 1.005116e-04
12453.566988 6.583409e-01 6.133994e-02 2.893779e-02 1.194871e-01 2.070702e-05 -1.172188e-05 1.641668e-05 1.064535e-04
12458.230448 6.576337e-01 6.150677e-02 2.906821e-02 1.194526e-01 9.838891e-06 -1.241910e-05 6.766682e-06 1.077535e-04
12462.906100 6.572537e-01 6.167920e-02 2.924522e-02 1.188624e-01 1.097251e-05 -1.601622e-05 6.874964e-06 1.036387e-04
12467.593943 6.569125e-01 6.182310e-02 2.938202e-02 1.188598e-01 8.760689e-06 -1.901017e-05 1.806430e-05 9.941123e-05
12472.293979 6.554101e-01 6.181186e-02 2.947282e-02 1.187583e-01 1.966066e-05 -2.803132e-05 2.483381e-05 1.090018e-04
12477.006206 6.549914e-01 6.211435e-02 2.975257e-02 1.187741e-01 2.638587e-05 -2.506126e-05 2.500529e-05 9.909018e-05
12481.730626 6.550684e-01 6.232893e-02 3.001628e-02 1.185824e-01 2.666050e-05 -3.135405e-05 2.431500e-05 1.070883e-04
12486.467237 6.543823e-01 6.248846e-02 3.021370e-02 1.189025e-01 2.267594e-05 -3.580751e-05 2.459633e-05 1.085339e-04
12491.216040 6.534360e-01 6.298252e-02 3.053873e-02 1.186704e-01 2.273372e-05 -3.702336e-05 2.087482e-05 1.101720e-04
12495.977036 6.517772e-01 6.326420e-02 3.078570e-02 1.190455e-01 2.152460e-05 -2.264775e-05 3.745468e-06 1.104833e-04
12500.750223 6.487681e-01 6.344059e-02 3.100488e-02 1.186078e-01 2.967247e-05 -2.301346e-05 7.743036e-06 1.143211e-04
12505.535602 6.507887e-01 6.396154e-02 3.133837e-02 1.185713e-01 3.047190e-05 -1.904546e-05 5.464084e-06 1.010680e-04
12510.333172 6.512289e-01 6.428573e-02 3.161464e-02 1.184529e-01 3.012626e-05 -1.514916e-05 2.021652e-06 1.001716e-04
12515.142935 6.504460e-01 6.444048e-02 3.178261e-02 1.185888e-01 3.537604e-05 -2.225428e-05 -1.274161e-06 1.066915e-04
12519.964890 6.497157e-01 6.465222e-02 3.201413e-02 1.187471e-01 3.982983e-05 -2.708121e-05 9.719310e-06 1.121569e-04
12524.799037 6.490806e-01 6.497170e-02 3.220220e-02 1.196579e-01 2.263620e-05 -2.601909e-05 5.207760e-06 1.088929e-04
12529.645375 6.431192e-01 6.472781e-02 3.210152e-02 1.189472e-01 2.797964e-05 -2.868109e-05 1.312272e-05 1.207360e-04
12534.503905 3.386607e-01 3.415437e-02 1.697862e-02 6.248038e-02 1.099739e-05 -1.556445e-05 7.590553e-06 6.368366e-05
12539.374628 6.934851e-03 6.999932e-04 3.483278e-04 1.279357e-03 2.118723e-07 -3.499367e-07 1.418983e-07 1.347591e-06
