# Facility: NSLS-II
# Beamline: QAS
# Year: 2023
# Cycle: 3
# SAF: 312215
# PI: Reece
# Proposal: 313586
# Scan ID: 271136
# UID: 23ccbbb9-1c11-4ca7-bc29-e680f7f86dab
# Comment: 
# Start time: 10/18/2023  20:18:48
# Stop time: 10/18/2023  20:19:20
# Total time: 00:31
# Trajectory name: Pt-L3-30s-11564.txt
# Element: Platinum ( 78)
# Edge: L3
# E0: 11564
# Reference Foil Element: Pt
# Keithley Gains I0: 1E6 V/A It: 1E6 V/A Iref: 1E7 V/A PIPS: 1E8 V/A 
# Ion Chamber Gas Flow Rates: I0: 0.00 sccm He + 189.70 sccm N2 + 9.80 sccm Ar 
# Ion Chamber Gas Flow Rates: It&Iref: 39.70 sccm N2 + 60.10 sccm Ar
# Incident Beam Path Vertical: 31.75 mm
# Incident Slits Positions B: TOP: 2.0 mm Bottom: 1.0 mm Inboard: 0.57675 mm Outboard: 1.57675 mm
# Sample Stage Positions: Rotation: 45.0 deg Horizontal: -10.11 mm Vertical: 15.39 mm Beam Direction: 0.00 mm
# PerkinElmer Vertical Position: 500.00 mm
# Linkam Oven Temperature : 3.03 C and Ramp Rate: 20.00 C/min.
# Front End Mirror Horizontal Positions: Up: -14.00 mm Down: -14.00 mm
#
# energy  i0  it  ir  iff  aux1  aux2  aux3  aux4
11380.425857 4.199793e-01 6.788623e-03 1.127178e-02 2.913966e-02 8.928802e-06 -1.035579e-05 -3.189645e-06 3.987372e-05
11385.425857 8.255576e-01 1.340070e-02 2.226002e-02 5.750137e-02 1.997632e-05 -2.045920e-05 -7.129593e-06 7.366817e-05
11390.425857 8.312680e-01 1.367815e-02 2.271705e-02 5.788665e-02 2.201659e-05 -1.940422e-05 -1.007648e-05 6.553719e-05
11395.425857 8.388949e-01 1.393806e-02 2.309653e-02 5.832373e-02 2.571964e-05 -1.779152e-05 -1.791519e-05 6.197533e-05
11400.425857 8.373817e-01 1.399142e-02 2.323789e-02 5.850272e-02 2.737777e-05 -2.006817e-05 -7.375719e-06 6.846935e-05
11405.425857 8.354157e-01 1.414275e-02 2.344655e-02 5.850577e-02 1.341787e-05 -2.708897e-05 -1.684514e-06 7.372589e-05
11410.425857 8.325900e-01 1.421886e-02 2.362321e-02 5.828016e-02 1.034675e-05 -2.668244e-05 -7.481115e-06 6.847821e-05
11415.425857 8.246754e-01 1.412846e-02 2.361006e-02 5.814662e-02 5.970490e-06 -3.206531e-05 -8.999804e-06 6.627927e-05
11420.425857 8.245286e-01 1.427317e-02 2.385251e-02 5.801981e-02 2.048534e-05 -3.571484e-05 -1.829231e-05 6.344247e-05
11425.425857 8.319006e-01 1.459559e-02 2.427276e-02 5.851740e-02 3.540411e-05 -3.604213e-05 -1.948250e-05 7.385299e-05
11430.425857 8.328012e-01 1.474645e-02 2.452374e-02 5.879270e-02 1.908081e-05 -4.697753e-05 -1.082711e-05 7.951454e-05
11435.425857 8.307665e-01 1.484321e-02 2.473618e-02 5.886461e-02 1.885183e-05 -3.835797e-05 -2.465080e-06 8.476408e-05
11440.425857 8.297090e-01 1.496076e-02 2.489353e-02 5.868938e-02 3.454633e-05 -3.461338e-05 -1.854278e-06 7.988041e-05
11445.425857 8.294536e-01 1.506256e-02 2.510993e-02 5.889893e-02 2.416310e-05 -4.114462e-05 -1.397824e-05 7.339925e-05
11450.425857 8.281797e-01 1.511140e-02 2.518725e-02 5.879631e-02 3.579963e-05 -3.430636e-05 -3.051300e-06 6.745716e-05
11455.425857 8.262506e-01 1.527324e-02 2.547150e-02 6.022256e-02 4.507170e-05 -2.352463e-05 -1.202720e-05 5.893691e-05
11460.425857 8.254050e-01 1.541963e-02 2.575437e-02 6.501796e-02 3.518870e-05 -2.640782e-05 -2.057413e-05 6.817225e-05
11465.425857 8.241558e-01 1.558746e-02 2.604056e-02 6.424021e-02 3.445543e-05 -3.152966e-05 -1.204430e-05 6.605755e-05
11470.425857 8.231561e-01 1.572207e-02 2.624037e-02 6.005478e-02 4.080389e-05 -2.484046e-05 -1.689755e-05 6.591748e-05
11475.425857 8.225399e-01 1.579892e-02 2.635878e-02 5.932365e-02 4.054414e-05 -1.924757e-05 -1.410854e-05 6.405054e-05
11480.425857 8.220479e-01 1.582137e-02 2.650380e-02 5.941415e-02 3.374982e-05 -2.347652e-05 -3.164383e-05 7.570094e-05
11485.425857 8.216603e-01 1.584377e-02 2.656628e-02 5.947360e-02 2.465468e-05 -2.551717e-05 -3.143126e-05 7.092661e-05
11490.425857 8.198671e-01 1.600214e-02 2.677544e-02 5.969476e-02 3.295593e-05 -3.249531e-05 -2.916886e-05 6.143880e-05
11495.425857 8.191987e-01 1.622081e-02 2.710452e-02 5.979688e-02 3.719084e-05 -3.049626e-05 -2.177402e-05 6.415211e-05
11500.425857 8.178982e-01 1.634846e-02 2.737888e-02 5.970438e-02 3.802370e-05 -3.624963e-05 -2.070114e-05 6.966716e-05
11505.425857 8.169361e-01 1.643935e-02 2.755895e-02 5.995542e-02 4.535379e-05 -4.146583e-05 -2.560029e-05 7.062416e-05
11510.425857 8.154916e-01 1.661008e-02 2.775326e-02 6.002686e-02 4.751045e-05 -3.771800e-05 -3.050442e-05 6.874448e-05
11515.425857 8.147293e-01 1.670181e-02 2.786880e-02 6.038556e-02 4.395934e-05 -2.009872e-05 -3.698887e-05 6.178925e-05
11520.425857 8.147586e-01 1.689527e-02 2.806035e-02 6.052072e-02 4.385767e-05 -1.803011e-05 -3.225255e-05 6.040977e-05
11525.425857 8.138581e-01 1.700223e-02 2.821152e-02 6.116058e-02 3.938184e-05 -2.189209e-05 -2.682623e-05 6.917384e-05
11530.425857 8.122924e-01 1.705488e-02 2.824257e-02 6.253141e-02 4.945526e-05 -2.201216e-05 -2.353276e-05 7.734053e-05
11534.000000 8.114224e-01 1.708749e-02 2.816890e-02 6.458188e-02 4.748337e-05 -2.712398e-05 -2.006920e-05 7.699587e-05
11535.000000 8.115462e-01 1.719309e-02 2.826648e-02 6.508271e-02 4.867117e-05 -2.440428e-05 -2.219546e-05 8.567536e-05
11536.000000 8.109915e-01 1.724185e-02 2.838136e-02 6.583933e-02 3.755163e-05 -2.692923e-05 -2.886364e-05 8.533439e-05
11537.000000 8.110512e-01 1.730524e-02 2.837223e-02 6.678648e-02 3.296581e-05 -1.922288e-05 -2.232640e-05 7.852526e-05
11538.000000 8.119533e-01 1.732482e-02 2.832181e-02 6.669732e-02 4.541647e-05 -1.382406e-05 -2.706159e-05 7.087980e-05
11539.000000 8.108706e-01 1.732071e-02 2.819551e-02 6.702064e-02 4.859439e-05 -1.842312e-05 -2.076925e-05 7.659139e-05
11540.000000 8.108913e-01 1.729942e-02 2.815440e-02 6.787782e-02 4.154182e-05 -1.532910e-05 -2.375222e-05 7.272678e-05
11541.000000 8.107596e-01 1.729297e-02 2.801438e-02 6.889165e-02 4.050924e-05 -1.629169e-05 -2.857513e-05 8.448164e-05
11541.200000 8.139805e-01 1.740388e-02 2.814019e-02 6.738306e-02 4.245311e-05 -1.170669e-05 -2.092762e-05 9.607128e-05
11541.400000 8.109775e-01 1.722678e-02 2.797570e-02 6.778490e-02 4.610436e-05 -1.155983e-05 -1.147701e-05 9.411052e-05
11541.600000 8.144105e-01 1.740371e-02 2.807569e-02 6.959967e-02 2.662950e-05 -1.373119e-05 -3.011423e-05 8.371344e-05
11541.800000 8.108310e-01 1.719999e-02 2.802564e-02 6.847182e-02 3.706262e-05 -1.299907e-05 -3.032602e-05 9.237391e-05
11542.000000 8.132670e-01 1.742953e-02 2.831512e-02 6.871573e-02 3.343834e-05 -1.546928e-05 -4.639400e-05 7.735773e-05
11542.200000 8.146132e-01 1.736972e-02 2.825964e-02 6.693469e-02 2.930217e-05 -2.005131e-05 -4.790363e-05 8.600086e-05
11542.400000 8.085033e-01 1.720641e-02 2.785482e-02 6.728443e-02 3.518262e-05 -2.082328e-05 -3.626009e-05 8.601665e-05
11542.600000 8.158086e-01 1.750994e-02 2.825980e-02 6.955676e-02 3.585578e-05 -2.372159e-05 -2.406458e-05 8.699337e-05
11542.800000 8.023794e-01 1.701459e-02 2.766877e-02 6.788944e-02 3.789649e-05 -2.114954e-05 -3.226780e-05 8.456317e-05
11543.000000 8.151418e-01 1.747445e-02 2.820733e-02 6.887283e-02 2.697680e-05 -2.159528e-05 -3.875119e-05 7.061262e-05
11543.200000 8.082380e-01 1.722733e-02 2.790376e-02 6.989259e-02 3.012160e-05 -2.429489e-05 -4.273885e-05 6.730909e-05
11543.400000 8.042858e-01 1.719847e-02 2.771798e-02 7.026860e-02 2.739234e-05 -2.747265e-05 -2.785814e-05 7.572326e-05
11543.600000 8.101023e-01 1.727742e-02 2.755842e-02 6.772219e-02 3.205800e-05 -2.526173e-05 -1.050755e-05 9.136995e-05
11543.800000 8.070555e-01 1.714457e-02 2.799708e-02 6.936316e-02 3.474303e-05 -2.108588e-05 -1.621042e-05 8.335648e-05
11544.000000 8.129326e-01 1.738475e-02 2.781666e-02 6.843307e-02 2.447904e-05 -2.380835e-05 -1.635052e-05 7.642653e-05
11544.200000 8.125259e-01 1.721333e-02 2.773303e-02 6.756300e-02 3.431553e-05 -3.008494e-05 -1.572608e-05 8.317123e-05
11544.400000 7.999185e-01 1.711742e-02 2.730945e-02 6.922912e-02 2.192587e-05 -2.988363e-05 -2.440554e-05 7.935625e-05
11544.600000 8.036679e-01 1.705989e-02 2.723487e-02 6.824926e-02 4.241884e-05 -4.750837e-06 -3.905861e-05 7.595888e-05
11544.800000 8.106353e-01 1.733269e-02 2.788006e-02 6.797144e-02 3.991513e-05 -5.825480e-06 -1.153472e-05 7.990356e-05
11545.000000 8.122661e-01 1.727806e-02 2.760017e-02 6.792530e-02 2.310213e-05 -1.126743e-05 -2.033573e-06 7.648003e-05
11545.200000 8.141715e-01 1.732557e-02 2.773268e-02 6.845569e-02 2.294076e-05 -1.186368e-05 -1.470597e-05 6.978320e-05
11545.400000 8.068258e-01 1.724031e-02 2.778403e-02 6.797104e-02 1.920324e-05 -8.090944e-06 -2.541466e-05 5.921273e-05
11545.600000 8.076635e-01 1.713340e-02 2.758087e-02 6.805283e-02 3.136082e-05 -5.148119e-06 -1.943185e-05 7.412351e-05
11545.800000 8.091118e-01 1.736282e-02 2.752084e-02 6.609714e-02 1.979176e-05 -3.348393e-06 -2.956212e-05 7.160754e-05
11546.000000 8.137962e-01 1.727085e-02 2.773602e-02 7.098342e-02 3.023213e-05 -4.248702e-06 -2.820945e-05 7.498287e-05
11546.200000 8.086435e-01 1.726111e-02 2.754232e-02 6.882863e-02 2.961906e-05 -1.786912e-05 -2.730433e-05 8.090988e-05
11546.400000 8.139537e-01 1.731298e-02 2.719161e-02 6.816860e-02 4.311003e-05 -2.283970e-05 -3.537619e-05 8.084412e-05
11546.600000 8.125199e-01 1.726011e-02 2.757857e-02 6.870434e-02 3.898472e-05 -1.750413e-05 -3.375352e-05 7.793285e-05
11546.800000 8.102512e-01 1.730876e-02 2.746058e-02 6.850159e-02 2.889813e-05 -2.635562e-05 -3.319465e-05 7.623204e-05
11547.000000 8.069858e-01 1.713304e-02 2.740785e-02 6.658581e-02 3.611218e-05 -3.386841e-05 -2.784334e-05 7.803178e-05
11547.200000 8.121979e-01 1.738095e-02 2.772705e-02 6.846483e-02 2.822570e-05 -2.356574e-05 -3.255068e-05 8.675215e-05
11547.400000 8.076051e-01 1.709363e-02 2.730989e-02 6.922483e-02 3.151429e-05 -1.876559e-05 -3.747332e-05 8.704395e-05
11547.600000 8.129872e-01 1.727939e-02 2.732169e-02 6.842823e-02 2.165275e-05 -2.406191e-05 -3.359563e-05 6.818706e-05
11547.800000 8.094256e-01 1.714943e-02 2.688988e-02 6.634418e-02 2.960909e-05 -2.017870e-05 -3.641253e-05 6.245065e-05
11548.000000 8.073667e-01 1.719868e-02 2.713345e-02 7.032654e-02 2.518968e-05 -1.390874e-05 -4.004514e-05 6.185390e-05
11548.200000 8.144400e-01 1.724031e-02 2.720841e-02 7.011081e-02 2.910092e-05 -1.109518e-05 -4.195344e-05 6.717654e-05
11548.400000 8.041182e-01 1.702885e-02 2.667693e-02 6.568636e-02 2.941438e-05 -1.534236e-05 -2.494613e-05 7.731576e-05
11548.600000 7.958174e-01 1.692035e-02 2.672607e-02 6.463528e-02 2.463537e-05 -1.960811e-05 -3.551170e-05 7.546305e-05
11548.800000 8.205150e-01 1.736895e-02 2.752259e-02 7.010267e-02 3.073596e-05 -1.292236e-05 -2.312829e-05 6.804733e-05
11549.000000 8.052769e-01 1.714051e-02 2.712285e-02 6.822424e-02 2.988063e-05 -1.269197e-05 -3.342029e-05 6.191407e-05
11549.200000 8.139698e-01 1.720616e-02 2.708665e-02 6.778202e-02 4.391504e-05 -1.710976e-05 -3.318578e-05 6.415782e-05
11549.400000 8.109658e-01 1.729763e-02 2.704813e-02 6.914121e-02 2.758960e-05 -2.856733e-05 -3.640622e-05 7.329736e-05
11549.600000 8.077988e-01 1.703569e-02 2.650532e-02 6.804423e-02 5.643992e-05 -2.911616e-05 -2.113714e-05 7.683831e-05
11549.800000 8.106868e-01 1.729744e-02 2.689362e-02 6.709244e-02 5.118031e-05 -2.944471e-05 -2.411444e-05 7.855881e-05
11550.000000 8.119409e-01 1.718877e-02 2.676358e-02 6.824386e-02 4.920551e-05 -2.809417e-05 -3.387919e-05 7.094165e-05
11550.200000 7.850878e-01 1.670915e-02 2.599460e-02 6.671646e-02 3.353149e-05 -3.203062e-05 -3.737142e-05 6.356147e-05
11550.400000 8.195840e-01 1.739023e-02 2.702695e-02 6.819677e-02 3.357684e-05 -2.235226e-05 -4.229355e-05 5.808134e-05
11550.600000 8.117019e-01 1.724274e-02 2.663884e-02 6.886059e-02 3.245874e-05 -1.576641e-05 -1.594958e-05 7.512247e-05
11550.800000 8.087246e-01 1.727888e-02 2.666387e-02 6.776762e-02 2.725127e-05 -3.115439e-05 -8.477932e-06 7.160747e-05
11551.000000 8.138752e-01 1.731433e-02 2.658939e-02 6.687982e-02 1.639585e-05 -3.264168e-05 -2.261503e-05 6.320639e-05
11551.200000 8.053126e-01 1.723274e-02 2.662928e-02 6.764927e-02 1.351545e-05 -3.956914e-05 -3.072336e-05 7.204119e-05
11551.400000 8.125288e-01 1.729081e-02 2.640902e-02 6.592879e-02 2.571880e-05 -3.113971e-05 -3.318727e-05 7.045537e-05
11551.600000 8.079832e-01 1.728639e-02 2.623415e-02 6.839422e-02 2.223443e-05 -3.184235e-05 -3.250075e-05 6.954168e-05
11551.800000 8.111685e-01 1.726352e-02 2.635618e-02 6.767121e-02 3.753867e-05 -3.692172e-05 -2.768401e-05 6.321791e-05
11552.000000 8.047210e-01 1.720487e-02 2.630882e-02 6.777122e-02 4.164923e-05 -3.450646e-05 -3.011699e-06 8.231401e-05
11552.200000 8.100068e-01 1.722645e-02 2.630046e-02 6.556393e-02 3.377074e-05 -3.295667e-05 6.648817e-06 9.049067e-05
11552.400000 8.054855e-01 1.724934e-02 2.590574e-02 6.766255e-02 2.816763e-05 -2.710981e-05 -2.577860e-05 8.054596e-05
11552.600000 8.037731e-01 1.709940e-02 2.573633e-02 6.641073e-02 2.385637e-05 -2.127958e-05 -2.557122e-05 7.429466e-05
11552.800000 8.100321e-01 1.736830e-02 2.608853e-02 6.598197e-02 2.431807e-05 -2.893137e-05 -1.979668e-05 7.603156e-05
11553.000000 8.172702e-01 1.737632e-02 2.626760e-02 6.739332e-02 2.642296e-05 -2.476196e-05 -2.233083e-05 7.588604e-05
11553.200000 8.081233e-01 1.724715e-02 2.587974e-02 6.719505e-02 2.449718e-05 -2.901039e-05 -2.431986e-05 7.870176e-05
11553.400000 8.100885e-01 1.716262e-02 2.579893e-02 6.797201e-02 3.336073e-05 -3.247268e-05 -5.588867e-05 6.429027e-05
11553.600000 8.064820e-01 1.722512e-02 2.556933e-02 6.750569e-02 2.338348e-05 -3.028575e-05 -1.057500e-05 8.230336e-05
11553.800000 8.074953e-01 1.713913e-02 2.532692e-02 6.958548e-02 4.039986e-05 -3.498332e-05 9.599573e-06 8.891629e-05
11554.000000 8.134994e-01 1.736924e-02 2.560954e-02 6.833876e-02 2.297203e-05 -2.967255e-05 -7.365849e-07 8.694713e-05
11554.200000 8.078093e-01 1.714998e-02 2.504387e-02 6.784590e-02 2.581620e-05 -2.007166e-05 -1.636307e-05 7.851217e-05
11554.400000 8.072659e-01 1.720478e-02 2.524107e-02 6.901399e-02 2.913359e-05 -2.968382e-05 -1.973363e-05 6.898801e-05
11554.600000 8.069314e-01 1.713281e-02 2.492001e-02 6.879619e-02 2.462669e-05 -3.577216e-05 -1.601535e-05 6.987740e-05
11554.800000 8.102667e-01 1.719081e-02 2.515098e-02 6.930123e-02 1.605644e-05 -3.929031e-05 -1.794810e-05 7.648210e-05
11555.000000 8.047709e-01 1.702828e-02 2.468999e-02 6.770064e-02 2.195868e-05 -3.133393e-05 -8.335420e-06 8.459840e-05
11555.200000 8.118280e-01 1.719697e-02 2.467719e-02 6.980607e-02 3.849971e-05 -3.773536e-05 -2.005139e-05 7.387581e-05
11555.400000 8.074323e-01 1.716572e-02 2.426558e-02 6.950142e-02 3.323831e-05 -2.801140e-05 -3.783391e-05 6.579427e-05
11555.600000 8.058399e-01 1.708063e-02 2.412783e-02 7.076179e-02 1.537810e-05 -2.466633e-05 -5.537427e-05 6.785537e-05
11555.800000 8.107285e-01 1.722385e-02 2.416887e-02 7.047157e-02 6.608156e-06 -3.374627e-05 -4.340818e-05 6.302287e-05
11556.000000 8.114471e-01 1.714021e-02 2.399321e-02 6.999343e-02 1.892543e-05 -4.306197e-05 -3.282599e-05 7.314790e-05
11556.200000 8.068216e-01 1.718273e-02 2.384319e-02 7.182910e-02 1.716318e-05 -4.031956e-05 -1.114255e-05 8.110610e-05
11556.400000 8.023165e-01 1.688145e-02 2.368003e-02 7.087948e-02 2.278676e-05 -3.271293e-05 -1.038288e-05 8.057743e-05
11556.600000 8.096510e-01 1.716100e-02 2.348095e-02 7.002454e-02 2.112007e-05 -3.426842e-05 -2.020385e-05 8.190709e-05
11556.800000 8.122074e-01 1.706318e-02 2.341134e-02 7.296674e-02 2.373850e-05 -3.614098e-05 -2.834305e-05 7.433545e-05
11557.000000 8.057828e-01 1.709337e-02 2.328896e-02 7.400153e-02 1.461690e-05 -3.406192e-05 -2.611024e-05 6.400475e-05
11557.200000 8.100767e-01 1.706092e-02 2.302013e-02 7.219853e-02 2.590345e-05 -4.344157e-05 -2.305512e-05 7.347904e-05
11557.400000 8.079468e-01 1.712200e-02 2.270281e-02 7.364723e-02 1.588448e-05 -3.805787e-05 -1.734772e-05 7.717372e-05
11557.600000 8.090590e-01 1.702306e-02 2.239546e-02 7.436358e-02 2.058853e-05 -3.393281e-05 -1.124155e-05 5.960217e-05
11557.800000 8.063006e-01 1.707512e-02 2.236000e-02 7.246354e-02 1.497340e-05 -3.351470e-05 -1.206964e-05 6.764522e-05
11558.000000 8.138732e-01 1.715506e-02 2.218209e-02 7.449632e-02 2.436727e-05 -2.821903e-05 -5.448656e-06 7.298942e-05
11558.200000 8.095200e-01 1.708108e-02 2.180209e-02 7.634885e-02 1.869387e-05 -3.166013e-05 -2.037527e-05 7.040879e-05
11558.400000 8.086925e-01 1.702711e-02 2.152481e-02 7.476548e-02 1.651615e-05 -2.454994e-05 -2.299460e-05 6.076625e-05
11558.600000 8.128187e-01 1.715261e-02 2.130175e-02 7.615512e-02 2.299612e-05 -2.353413e-05 -1.562341e-05 8.001957e-05
11558.800000 8.058381e-01 1.700051e-02 2.109356e-02 7.632261e-02 2.517808e-05 -2.265924e-05 -2.623095e-05 6.436841e-05
11559.000000 8.108443e-01 1.708332e-02 2.083627e-02 7.803370e-02 3.302307e-05 -2.989104e-05 -4.034099e-05 6.830728e-05
11559.200000 8.028191e-01 1.695809e-02 2.029537e-02 7.627304e-02 1.692717e-05 -3.321396e-05 -3.546589e-05 6.568945e-05
11559.400000 8.097371e-01 1.709422e-02 2.022534e-02 7.845326e-02 1.695039e-05 -3.430450e-05 -2.552304e-05 6.391867e-05
11559.600000 8.107862e-01 1.711711e-02 1.981195e-02 7.967236e-02 9.795123e-06 -2.826355e-05 -2.001284e-05 6.335359e-05
11559.800000 8.028892e-01 1.690854e-02 1.954525e-02 8.079723e-02 1.244122e-05 -2.785613e-05 -1.343329e-05 6.555391e-05
11560.000000 8.045344e-01 1.703874e-02 1.909878e-02 7.940326e-02 4.709319e-06 -3.391182e-05 -2.162788e-05 5.469031e-05
11560.200000 8.067648e-01 1.707380e-02 1.854312e-02 8.120503e-02 1.044872e-05 -3.145698e-05 -3.364589e-05 5.843935e-05
11560.400000 8.065830e-01 1.702768e-02 1.792443e-02 8.248864e-02 1.528663e-05 -2.329746e-05 -1.715545e-05 6.601028e-05
11560.600000 8.037952e-01 1.708437e-02 1.773343e-02 8.347629e-02 1.630564e-05 -2.186231e-05 -4.308132e-05 5.174130e-05
11560.800000 8.108903e-01 1.716452e-02 1.745653e-02 8.436024e-02 3.853155e-05 -1.788392e-05 -3.971319e-05 4.875432e-05
11561.000000 8.101615e-01 1.724429e-02 1.691961e-02 8.539716e-02 3.733118e-05 -2.569621e-05 -2.459378e-05 6.702615e-05
11561.200000 8.057226e-01 1.714961e-02 1.632845e-02 8.708717e-02 4.614852e-05 -2.722180e-05 -1.659464e-05 6.432355e-05
11561.400000 8.101489e-01 1.722002e-02 1.593758e-02 8.877332e-02 5.190992e-05 -3.069931e-05 -2.224003e-05 6.215685e-05
11561.600000 8.054549e-01 1.719708e-02 1.541887e-02 8.963211e-02 4.325642e-05 -2.634592e-05 -3.687356e-05 5.253534e-05
11561.800000 8.045563e-01 1.713274e-02 1.443355e-02 9.159590e-02 3.734017e-05 -2.382942e-05 -1.787642e-05 5.896718e-05
11562.000000 8.083954e-01 1.726979e-02 1.417004e-02 9.564176e-02 3.310059e-05 -2.804471e-05 -2.090220e-05 4.914478e-05
11562.200000 8.092279e-01 1.736222e-02 1.353310e-02 9.645708e-02 2.568286e-05 -1.360398e-05 -4.445905e-05 4.423420e-05
11562.400000 8.093947e-01 1.724058e-02 1.291059e-02 9.630846e-02 2.383341e-05 -1.277002e-05 -4.216584e-05 5.033595e-05
11562.600000 8.026096e-01 1.711235e-02 1.207833e-02 1.000637e-01 1.645699e-05 -1.823903e-05 -3.685504e-05 5.363129e-05
11562.800000 8.146203e-01 1.741452e-02 1.176761e-02 1.034384e-01 4.030939e-06 -2.212678e-05 -4.202387e-05 5.906017e-05
11563.000000 8.088771e-01 1.727312e-02 1.100603e-02 1.038979e-01 1.415939e-05 -2.920237e-05 -4.610799e-05 5.538149e-05
11563.200000 8.054522e-01 1.719823e-02 1.025987e-02 1.068870e-01 2.378891e-05 -3.240495e-05 -3.770076e-05 5.797923e-05
11563.400000 8.106527e-01 1.733843e-02 9.952664e-03 1.100151e-01 2.272733e-05 -2.915857e-05 -3.921384e-05 5.153343e-05
11563.600000 8.056654e-01 1.726249e-02 9.058531e-03 1.114518e-01 2.909682e-05 -1.977290e-05 -2.655921e-05 6.319769e-05
11563.800000 8.088461e-01 1.732068e-02 8.502839e-03 1.161135e-01 3.184760e-05 -1.077077e-05 -3.748505e-05 7.263142e-05
11564.000000 8.083648e-01 1.730360e-02 8.054510e-03 1.191475e-01 3.778231e-05 -1.255413e-05 -4.077675e-05 6.635959e-05
11564.200000 8.078161e-01 1.735731e-02 7.545710e-03 1.219639e-01 3.435893e-05 -2.260733e-05 -3.385747e-05 5.591090e-05
11564.400000 8.077193e-01 1.736932e-02 7.213845e-03 1.248475e-01 3.144164e-05 -2.186379e-05 -1.898915e-05 6.891791e-05
11564.600000 8.024850e-01 1.725584e-02 6.691951e-03 1.257210e-01 2.621668e-05 -1.483785e-05 -3.228400e-05 6.310654e-05
11564.800000 8.073495e-01 1.734388e-02 6.058304e-03 1.319678e-01 2.394408e-05 -2.299490e-05 -3.290119e-05 4.999157e-05
11565.000000 8.083778e-01 1.731273e-02 5.940092e-03 1.359691e-01 1.500115e-05 -2.749985e-05 -1.883906e-05 4.782858e-05
11565.200000 8.070252e-01 1.732625e-02 5.839363e-03 1.362223e-01 1.658066e-05 -2.990308e-05 -1.359964e-05 5.788464e-05
11565.400000 8.088887e-01 1.739157e-02 5.477025e-03 1.406317e-01 3.031486e-05 -2.608666e-05 -2.117739e-05 4.829223e-05
11565.600000 8.078482e-01 1.731497e-02 5.099004e-03 1.427828e-01 2.804617e-05 -2.224197e-05 -3.198921e-05 3.836999e-05
11565.800000 8.093108e-01 1.737176e-02 4.908675e-03 1.455947e-01 2.590381e-05 -3.427791e-05 -3.339270e-05 5.408992e-05
11566.000000 8.114127e-01 1.747873e-02 5.082293e-03 1.480169e-01 3.211782e-05 -3.171053e-05 -2.808627e-05 5.482006e-05
11566.200000 8.036511e-01 1.725622e-02 4.772555e-03 1.484978e-01 4.402551e-05 -2.730997e-05 -2.585417e-05 6.862380e-05
11566.400000 8.079790e-01 1.737172e-02 4.902365e-03 1.517058e-01 4.123302e-05 -1.652726e-05 -2.975971e-05 6.291142e-05
11566.600000 8.057964e-01 1.733970e-02 4.767065e-03 1.507728e-01 3.469371e-05 -1.437990e-05 -3.450565e-05 6.114290e-05
11566.800000 8.082826e-01 1.739441e-02 4.764768e-03 1.545311e-01 3.453378e-05 -1.701229e-05 -3.716002e-05 5.091118e-05
11567.000000 8.060208e-01 1.735982e-02 4.597725e-03 1.555687e-01 4.490354e-05 -1.414877e-05 -3.474083e-05 5.831968e-05
11567.200000 8.059620e-01 1.740382e-02 4.638882e-03 1.551278e-01 4.513654e-05 -1.894122e-05 -4.916011e-05 7.028970e-05
11567.400000 8.072018e-01 1.741384e-02 4.953442e-03 1.553451e-01 5.069801e-05 -1.566686e-05 -4.253878e-05 7.205944e-05
11567.600000 8.057631e-01 1.740770e-02 4.632284e-03 1.550690e-01 5.232275e-05 -2.242386e-05 -3.222281e-05 6.708034e-05
11567.800000 8.065704e-01 1.741009e-02 4.864787e-03 1.564436e-01 3.884247e-05 -1.663050e-05 -4.772272e-05 5.681998e-05
11568.000000 8.050860e-01 1.737828e-02 4.998788e-03 1.549991e-01 3.423780e-05 -1.368413e-05 -3.723653e-05 7.213000e-05
11568.200000 8.076076e-01 1.744754e-02 5.041240e-03 1.556751e-01 2.595222e-05 -1.566800e-05 -2.330208e-05 6.015306e-05
11568.400000 8.073181e-01 1.745188e-02 5.123699e-03 1.564913e-01 2.683879e-05 -1.535567e-05 -5.639130e-06 6.358447e-05
11568.600000 8.053903e-01 1.740923e-02 5.140308e-03 1.543757e-01 2.757939e-05 -4.627453e-06 -2.502224e-05 6.895770e-05
11568.800000 8.077048e-01 1.744916e-02 5.238838e-03 1.548404e-01 2.728168e-05 -9.959934e-06 -2.215056e-05 5.952186e-05
11569.000000 8.087106e-01 1.748359e-02 5.184181e-03 1.541813e-01 1.506273e-05 -4.980391e-06 -1.373021e-05 5.082816e-05
11569.200000 8.076889e-01 1.745977e-02 5.436394e-03 1.530224e-01 1.960437e-05 -1.042989e-05 -2.480309e-05 6.054861e-05
11569.400000 8.067286e-01 1.749502e-02 5.380484e-03 1.531700e-01 1.804602e-05 -1.697788e-05 -2.218987e-05 5.684919e-05
11569.600000 8.070504e-01 1.750536e-02 5.636169e-03 1.503392e-01 1.909452e-05 -2.228932e-05 -2.906092e-05 4.626735e-05
11569.800000 8.049763e-01 1.748212e-02 5.896079e-03 1.505012e-01 1.245763e-05 -1.892427e-05 -1.156952e-05 5.170334e-05
11570.000000 8.106484e-01 1.761040e-02 5.870192e-03 1.501982e-01 2.107653e-05 -2.169786e-05 3.277411e-06 6.263301e-05
11570.200000 8.033229e-01 1.740725e-02 5.697007e-03 1.480014e-01 1.910979e-05 -2.308398e-05 -8.208726e-06 5.051230e-05
11570.400000 8.088397e-01 1.754185e-02 5.948333e-03 1.474464e-01 1.208808e-05 -7.121583e-06 -1.984053e-05 4.639107e-05
11570.600000 8.067325e-01 1.751317e-02 5.988806e-03 1.474904e-01 1.405098e-05 -4.020822e-08 -3.095818e-05 4.814718e-05
11570.800000 8.085689e-01 1.757896e-02 5.941143e-03 1.478696e-01 2.759169e-05 -1.949056e-06 -1.637258e-05 5.462309e-05
11571.000000 8.047352e-01 1.755440e-02 5.971760e-03 1.460449e-01 3.632973e-05 -4.904425e-06 -2.604670e-05 5.079403e-05
11571.200000 8.085714e-01 1.758794e-02 6.263112e-03 1.458689e-01 2.942259e-05 -1.085445e-05 -3.189814e-05 4.890574e-05
11571.400000 8.077049e-01 1.759845e-02 6.196554e-03 1.444924e-01 3.187965e-05 -1.734727e-05 -2.106125e-05 5.321775e-05
11571.600000 8.074802e-01 1.754652e-02 6.156886e-03 1.445139e-01 2.088467e-05 -2.466378e-05 -9.149378e-06 5.689532e-05
11571.800000 8.035720e-01 1.747441e-02 6.156378e-03 1.434628e-01 2.843157e-05 -2.035925e-05 -8.726039e-06 6.210375e-05
11572.000000 8.055474e-01 1.749409e-02 5.982073e-03 1.415742e-01 3.237760e-05 -2.918844e-05 -2.092325e-05 6.793404e-05
11572.200000 8.070415e-01 1.759998e-02 6.408306e-03 1.413306e-01 2.804403e-05 -2.757374e-05 -2.106610e-05 6.069060e-05
11572.400000 8.074934e-01 1.763573e-02 6.454792e-03 1.413141e-01 2.795744e-05 -2.011187e-05 -1.371705e-05 7.064624e-05
11572.600000 8.065812e-01 1.761577e-02 6.424455e-03 1.406732e-01 3.611420e-05 -1.795830e-05 -1.538126e-05 7.115126e-05
11572.800000 8.063500e-01 1.764612e-02 6.480661e-03 1.411250e-01 3.614646e-05 -1.760210e-05 -8.014513e-06 8.915916e-05
11573.000000 8.060241e-01 1.762188e-02 6.489446e-03 1.401402e-01 3.848183e-05 -1.059158e-05 -2.592255e-05 8.785365e-05
11573.200000 8.061724e-01 1.761245e-02 6.478277e-03 1.397083e-01 3.984172e-05 1.363768e-06 -2.456321e-05 8.225988e-05
11573.400000 8.055709e-01 1.762910e-02 6.788128e-03 1.398216e-01 3.975822e-05 -6.005799e-06 -2.400687e-05 8.476287e-05
11573.600000 8.063516e-01 1.764909e-02 6.774068e-03 1.381424e-01 2.999362e-05 -5.118768e-06 -3.087077e-05 7.044570e-05
11573.800000 8.064366e-01 1.766238e-02 6.754940e-03 1.380432e-01 2.851244e-05 -7.027387e-06 -1.748668e-05 6.356268e-05
11574.000000 8.073262e-01 1.765915e-02 6.659581e-03 1.372536e-01 3.264968e-05 -7.031107e-06 6.400299e-06 7.994938e-05
11574.200000 8.037384e-01 1.762439e-02 6.836509e-03 1.365536e-01 3.256398e-05 2.885056e-07 -1.261521e-05 7.322399e-05
11574.400000 8.057590e-01 1.761095e-02 7.051912e-03 1.357603e-01 4.287932e-05 -1.021780e-05 -3.024543e-05 6.805360e-05
11574.600000 8.067914e-01 1.767584e-02 6.882448e-03 1.361546e-01 2.510987e-05 -2.034267e-05 -2.808392e-05 6.406875e-05
11574.800000 8.062681e-01 1.768417e-02 6.888423e-03 1.359621e-01 2.144940e-05 -1.690849e-05 -2.748547e-05 7.045383e-05
11575.000000 8.065072e-01 1.767096e-02 6.839868e-03 1.353423e-01 1.525359e-05 -1.696423e-05 -1.363621e-05 6.676129e-05
11575.200000 8.048935e-01 1.763453e-02 6.857574e-03 1.343217e-01 2.224739e-05 -1.049094e-05 -1.505587e-05 7.104060e-05
11575.400000 8.059983e-01 1.773283e-02 6.926057e-03 1.341457e-01 2.046095e-05 -9.013494e-06 -2.984499e-05 6.457907e-05
11575.600000 8.063880e-01 1.772902e-02 6.998618e-03 1.346340e-01 2.482080e-05 -2.316642e-06 -3.392550e-05 6.486659e-05
11575.800000 8.057396e-01 1.777079e-02 6.939123e-03 1.345306e-01 2.883048e-05 2.864678e-06 -3.602699e-05 6.782247e-05
11576.000000 8.058033e-01 1.774228e-02 6.797542e-03 1.348975e-01 2.558120e-05 -6.184383e-06 -5.766953e-05 6.078707e-05
11576.200000 8.056560e-01 1.769885e-02 6.946332e-03 1.348300e-01 3.137494e-05 -3.192201e-06 -4.751382e-05 7.484312e-05
11576.400000 8.055698e-01 1.772159e-02 6.953156e-03 1.341370e-01 3.001030e-05 8.972864e-07 -3.008048e-05 8.639964e-05
11576.600000 8.056251e-01 1.781247e-02 6.928347e-03 1.343762e-01 1.997415e-05 -2.225313e-06 -2.738393e-05 8.691520e-05
11576.800000 8.057503e-01 1.779538e-02 6.948732e-03 1.334404e-01 2.703170e-05 -6.280437e-06 -2.854747e-05 8.414415e-05
11577.000000 8.060061e-01 1.781087e-02 6.886923e-03 1.339732e-01 3.278298e-05 -1.153854e-05 -3.685336e-05 7.458715e-05
11577.200000 8.064073e-01 1.779394e-02 6.967551e-03 1.338485e-01 2.812885e-05 -1.506737e-05 -3.549955e-05 7.273356e-05
11577.400000 8.054430e-01 1.778898e-02 6.920247e-03 1.328910e-01 2.368604e-05 -2.011827e-05 -4.839938e-05 8.190750e-05
11577.600000 8.060514e-01 1.783045e-02 6.809412e-03 1.333363e-01 2.071475e-05 -2.305166e-05 -3.652144e-05 8.103021e-05
11577.800000 8.034649e-01 1.780205e-02 6.877111e-03 1.323652e-01 2.721985e-05 -1.622681e-05 -4.219399e-05 8.340175e-05
11578.000000 8.065244e-01 1.789422e-02 6.835767e-03 1.336055e-01 3.190821e-05 -1.511754e-05 -3.130432e-05 8.113301e-05
11578.200000 8.063954e-01 1.790091e-02 6.720401e-03 1.349955e-01 3.159699e-05 -1.043934e-05 -2.711287e-05 8.840158e-05
11578.400000 8.036307e-01 1.783946e-02 6.541593e-03 1.334479e-01 3.752105e-05 -6.320947e-06 -1.513673e-05 9.085077e-05
11578.600000 8.066351e-01 1.794323e-02 6.861463e-03 1.354284e-01 2.473736e-05 -9.217858e-06 -1.309875e-05 9.199392e-05
11578.800000 8.055382e-01 1.793420e-02 6.872765e-03 1.344479e-01 1.994304e-05 -1.009326e-05 -1.973103e-05 8.843273e-05
11579.000000 8.056178e-01 1.794148e-02 6.583273e-03 1.351106e-01 2.618486e-05 -6.810491e-06 -1.994056e-05 8.699674e-05
11579.200000 8.050527e-01 1.794342e-02 6.697195e-03 1.340661e-01 2.171414e-05 8.816550e-07 -2.518918e-05 9.120702e-05
11579.400000 8.055079e-01 1.790378e-02 6.721502e-03 1.337936e-01 2.218079e-05 2.510532e-06 -3.019345e-05 8.728672e-05
11579.600000 8.052262e-01 1.795542e-02 6.647555e-03 1.354920e-01 3.057457e-05 -1.416194e-06 -2.802818e-05 7.477196e-05
11579.800000 8.053592e-01 1.796271e-02 6.680767e-03 1.349867e-01 3.042004e-05 -8.229211e-06 -3.579760e-05 8.101311e-05
11580.000000 8.051457e-01 1.796535e-02 6.468100e-03 1.338536e-01 2.832655e-05 -1.142248e-05 -3.052149e-05 8.508271e-05
11580.200000 8.035956e-01 1.796389e-02 6.753489e-03 1.346949e-01 3.330949e-05 -1.851330e-06 -1.592904e-05 8.516475e-05
11580.400000 8.052325e-01 1.802515e-02 6.619499e-03 1.342323e-01 3.193566e-05 -1.473489e-07 -4.560561e-06 9.531731e-05
11580.600000 8.045074e-01 1.802625e-02 6.656351e-03 1.359522e-01 2.761683e-05 -1.159097e-06 -5.391321e-06 1.031530e-04
11580.800000 8.054282e-01 1.807607e-02 6.618983e-03 1.351518e-01 3.642472e-05 -5.283402e-06 8.093043e-08 1.021982e-04
11581.000000 8.040164e-01 1.801252e-02 6.619607e-03 1.349300e-01 2.778083e-05 -7.784029e-06 1.620872e-06 1.093201e-04
11581.200000 8.040038e-01 1.800937e-02 6.605318e-03 1.348225e-01 3.207996e-05 -1.129541e-05 -7.195813e-06 1.092055e-04
11581.400000 8.038650e-01 1.809090e-02 6.795599e-03 1.350225e-01 3.167684e-05 -1.029032e-05 -9.869128e-06 1.026679e-04
11581.600000 8.081701e-01 1.816175e-02 6.736681e-03 1.358551e-01 3.227322e-05 -1.461823e-05 -5.820379e-06 9.217438e-05
11581.800000 8.043830e-01 1.807933e-02 6.652614e-03 1.358142e-01 3.054105e-05 -1.817830e-05 -1.456940e-05 9.004617e-05
11582.000000 7.997577e-01 1.802259e-02 6.629188e-03 1.347086e-01 2.186152e-05 -3.276321e-05 -2.261991e-05 7.291510e-05
11582.200000 8.060419e-01 1.816888e-02 6.720888e-03 1.361118e-01 2.610619e-05 -2.484415e-05 -2.896587e-05 6.431010e-05
11582.400000 8.062884e-01 1.822454e-02 6.847246e-03 1.345573e-01 3.246787e-05 -1.737136e-05 -2.317578e-05 8.045585e-05
11582.600000 8.046476e-01 1.815600e-02 6.807385e-03 1.340174e-01 2.836968e-05 -8.187580e-06 -1.832281e-05 6.987315e-05
11582.800000 8.050434e-01 1.816806e-02 6.829750e-03 1.350466e-01 2.298014e-05 -1.320006e-05 -2.128882e-05 7.321178e-05
11583.000000 8.054246e-01 1.815690e-02 6.993654e-03 1.346715e-01 1.835676e-05 -1.432133e-05 -2.440173e-05 8.784294e-05
11583.200000 7.993016e-01 1.804778e-02 6.963681e-03 1.332280e-01 2.195878e-05 -7.410766e-06 -2.580414e-05 7.622123e-05
11583.400000 8.064604e-01 1.820088e-02 6.987353e-03 1.340011e-01 2.221748e-05 -8.361841e-06 -3.431330e-05 8.398342e-05
11583.600000 8.053135e-01 1.821327e-02 7.004032e-03 1.352781e-01 2.727662e-05 -6.308902e-06 -1.829736e-05 9.328864e-05
11583.800000 8.027567e-01 1.816156e-02 7.103851e-03 1.341252e-01 2.100206e-05 1.460372e-06 3.723784e-06 8.366456e-05
11584.000000 8.062878e-01 1.825044e-02 7.025702e-03 1.338173e-01 2.189669e-05 -1.491834e-05 -1.221342e-05 7.973200e-05
11584.200000 7.983981e-01 1.802951e-02 6.882413e-03 1.342352e-01 3.552917e-05 -1.535029e-05 -1.938107e-05 7.942491e-05
11584.400000 8.070801e-01 1.826588e-02 7.087105e-03 1.338922e-01 3.080366e-05 -1.692242e-05 -2.554210e-05 8.600169e-05
11584.600000 8.040265e-01 1.817930e-02 7.074012e-03 1.336440e-01 3.135935e-05 -1.690783e-05 -3.358917e-05 6.983245e-05
11584.800000 8.057268e-01 1.818716e-02 7.080990e-03 1.341349e-01 2.824198e-05 -8.894946e-06 -3.231263e-05 7.015823e-05
11585.000000 8.020455e-01 1.811354e-02 7.243319e-03 1.326432e-01 2.555675e-05 -8.965115e-06 -3.656126e-05 7.678710e-05
11585.200000 8.038106e-01 1.823755e-02 7.343235e-03 1.335034e-01 1.476965e-05 -1.091983e-05 -3.024530e-05 8.181915e-05
11585.400000 8.033881e-01 1.823681e-02 7.159126e-03 1.325886e-01 1.282762e-05 -1.079921e-05 -3.246955e-05 5.194187e-05
11585.600000 8.049936e-01 1.825063e-02 7.148429e-03 1.319984e-01 1.660574e-05 -3.317638e-06 -1.832401e-05 7.029772e-05
11585.800000 8.034610e-01 1.815894e-02 7.243863e-03 1.330951e-01 2.088921e-05 -6.358640e-06 -1.572258e-05 7.233079e-05
11586.000000 8.057392e-01 1.825123e-02 7.229160e-03 1.328652e-01 1.439281e-05 -2.688331e-06 -2.176937e-05 6.816395e-05
11586.200000 8.028581e-01 1.816979e-02 7.034764e-03 1.329816e-01 2.057797e-05 3.570952e-06 -2.499479e-05 6.639756e-05
11586.400000 8.012289e-01 1.815156e-02 7.024866e-03 1.324529e-01 1.377312e-05 3.993216e-06 -3.287623e-05 7.051723e-05
11586.600000 8.067574e-01 1.828253e-02 7.165336e-03 1.346528e-01 1.080007e-05 -4.851825e-07 -2.497888e-05 6.656763e-05
11586.800000 8.025397e-01 1.820678e-02 7.162136e-03 1.314119e-01 7.413811e-06 -7.479334e-06 -2.884118e-05 7.195599e-05
11587.000000 8.054848e-01 1.828459e-02 7.095137e-03 1.324907e-01 1.020363e-05 -2.712631e-06 -3.062095e-05 7.192811e-05
11587.200000 8.020107e-01 1.816169e-02 7.142893e-03 1.327130e-01 1.788123e-05 -6.656168e-06 -3.151148e-05 6.462333e-05
11587.400000 8.061414e-01 1.826648e-02 7.170920e-03 1.327858e-01 1.077463e-05 -1.856670e-05 -2.321794e-05 6.907015e-05
11587.600000 8.039288e-01 1.817723e-02 7.235967e-03 1.322184e-01 1.642668e-05 -1.809559e-05 -2.965754e-05 6.828311e-05
11587.800000 8.027937e-01 1.819365e-02 7.258746e-03 1.331166e-01 1.311547e-05 -1.678474e-05 -3.111197e-05 7.173011e-05
11588.000000 8.039618e-01 1.825416e-02 7.224545e-03 1.331838e-01 6.880528e-06 -1.424697e-05 -2.176416e-05 6.257669e-05
11588.200000 8.040594e-01 1.822465e-02 7.176660e-03 1.338713e-01 7.918389e-06 -1.791007e-05 -2.539538e-05 7.052068e-05
11588.400000 8.055997e-01 1.827951e-02 7.221819e-03 1.344918e-01 1.785124e-05 -2.759023e-05 -2.250670e-05 6.417507e-05
11588.600000 8.014914e-01 1.820698e-02 7.179311e-03 1.335188e-01 1.659204e-05 -2.252359e-05 -2.283301e-05 6.393419e-05
11588.800000 8.038653e-01 1.822824e-02 7.079268e-03 1.335025e-01 2.945496e-05 -2.386247e-05 -2.238969e-05 5.329970e-05
11589.000000 8.038546e-01 1.820511e-02 7.192661e-03 1.347579e-01 3.379705e-05 -2.774551e-05 -2.360141e-05 4.819582e-05
11589.200000 8.057899e-01 1.827309e-02 7.179242e-03 1.349948e-01 3.237148e-05 -2.827497e-05 -2.313986e-05 5.641727e-05
11589.400000 7.977386e-01 1.814362e-02 7.061890e-03 1.306284e-01 3.253015e-05 -2.379481e-05 -1.045638e-05 5.356340e-05
11589.600000 8.075388e-01 1.836536e-02 7.013984e-03 1.343233e-01 3.482576e-05 -1.102136e-05 -9.261070e-06 5.419107e-05
11589.800000 7.978267e-01 1.810369e-02 6.899418e-03 1.339938e-01 3.897414e-05 -1.404523e-05 -1.001984e-05 5.449357e-05
11590.000000 8.041616e-01 1.824122e-02 6.852223e-03 1.349767e-01 3.758059e-05 -2.106993e-05 -7.534381e-06 5.986968e-05
11590.200000 8.069998e-01 1.834788e-02 7.024775e-03 1.347679e-01 3.851955e-05 -2.345338e-05 -1.094761e-05 5.947735e-05
11590.400000 8.014879e-01 1.816752e-02 6.827408e-03 1.352285e-01 3.921972e-05 -1.814609e-05 -2.351099e-05 5.567501e-05
11590.600000 8.064854e-01 1.833653e-02 6.828332e-03 1.353692e-01 3.586557e-05 -3.161382e-05 -2.146930e-05 5.229127e-05
11590.800000 8.006033e-01 1.824477e-02 6.751869e-03 1.343324e-01 2.656691e-05 -3.000749e-05 -1.659648e-05 5.351871e-05
11591.000000 8.048267e-01 1.828061e-02 6.757387e-03 1.366857e-01 3.840957e-05 -3.034762e-05 -2.849149e-05 6.261495e-05
11591.200000 8.046846e-01 1.825622e-02 6.770747e-03 1.347867e-01 3.193590e-05 -3.562544e-05 -4.159086e-05 6.447779e-05
11591.400000 8.038293e-01 1.827666e-02 6.771678e-03 1.352884e-01 3.038371e-05 -2.986960e-05 -3.529163e-05 7.153539e-05
11591.600000 8.055759e-01 1.832065e-02 6.829415e-03 1.360944e-01 3.477652e-05 -3.292996e-05 -1.805663e-05 7.675832e-05
11591.800000 7.996328e-01 1.819107e-02 6.816521e-03 1.353470e-01 3.733724e-05 -3.424569e-05 -1.445113e-05 7.767252e-05
11592.000000 8.033278e-01 1.832253e-02 6.645541e-03 1.350447e-01 2.475979e-05 -3.377224e-05 -2.387680e-05 5.540829e-05
11592.200000 8.049611e-01 1.834613e-02 6.741574e-03 1.370734e-01 2.308870e-05 -3.012816e-05 -2.516144e-05 6.622393e-05
11592.400000 8.024256e-01 1.817643e-02 6.493426e-03 1.370510e-01 3.215133e-05 -3.317976e-05 -2.822958e-05 7.428876e-05
11592.600000 8.072149e-01 1.841733e-02 6.511768e-03 1.380390e-01 2.506011e-05 -2.890079e-05 -2.581343e-05 6.693066e-05
11592.800000 7.994815e-01 1.813477e-02 6.497462e-03 1.389770e-01 3.963036e-05 -3.550520e-05 -1.367883e-05 7.315640e-05
11593.000000 8.054233e-01 1.838260e-02 6.639697e-03 1.376117e-01 3.046383e-05 -3.308510e-05 -2.029649e-05 7.037009e-05
11593.200000 8.045171e-01 1.832230e-02 6.465518e-03 1.375011e-01 2.803608e-05 -2.433370e-05 -1.867384e-05 6.633184e-05
11593.400000 8.042102e-01 1.837537e-02 6.573395e-03 1.361961e-01 2.127901e-05 -2.463240e-05 -1.075171e-05 6.959021e-05
11593.600000 8.011060e-01 1.834657e-02 6.462734e-03 1.358097e-01 2.789394e-05 -1.666768e-05 -1.914270e-05 6.403497e-05
11593.800000 7.992261e-01 1.819804e-02 6.340998e-03 1.375271e-01 3.639142e-05 -1.438948e-05 -1.396059e-05 6.120904e-05
11594.000000 8.031266e-01 1.835804e-02 6.236456e-03 1.389114e-01 2.250397e-05 -2.332756e-05 -2.081036e-05 5.626209e-05
11594.200000 7.991893e-01 1.818688e-02 6.359755e-03 1.365508e-01 3.117931e-05 -1.707651e-05 -6.374343e-06 6.836487e-05
11594.400000 8.021499e-01 1.830246e-02 6.357396e-03 1.382999e-01 2.192741e-05 -1.996921e-05 -7.349374e-06 7.069670e-05
11594.600000 8.005288e-01 1.827934e-02 6.236785e-03 1.383208e-01 2.530306e-05 -2.122095e-05 -1.028500e-05 6.710941e-05
11594.800000 7.991733e-01 1.817354e-02 6.172173e-03 1.357170e-01 3.244013e-05 -2.191472e-05 6.522513e-06 7.728536e-05
11595.000000 8.063872e-01 1.835299e-02 6.380910e-03 1.382608e-01 2.607304e-05 -2.699354e-05 -4.721711e-07 6.705108e-05
11595.200000 8.014230e-01 1.819815e-02 6.302426e-03 1.365536e-01 3.086864e-05 -1.464481e-05 -1.105358e-05 6.327834e-05
11595.400000 8.035715e-01 1.837408e-02 6.321153e-03 1.375342e-01 1.925820e-05 -1.337668e-05 -2.532992e-05 7.444421e-05
11595.600000 7.935840e-01 1.804983e-02 6.082939e-03 1.363768e-01 1.618701e-05 -2.124661e-05 -9.364367e-06 8.594426e-05
11595.800000 8.070955e-01 1.840898e-02 6.294358e-03 1.383095e-01 2.260689e-05 -2.609985e-05 -1.684463e-05 7.748086e-05
11596.000000 8.040174e-01 1.831173e-02 6.518015e-03 1.392606e-01 1.552230e-05 -2.097624e-05 -8.534835e-06 7.843938e-05
11596.200000 7.957529e-01 1.806186e-02 6.242803e-03 1.383832e-01 1.109693e-05 -3.122506e-05 -3.031378e-06 7.825159e-05
11596.400000 8.025125e-01 1.829179e-02 6.527057e-03 1.376359e-01 1.160859e-05 -3.100873e-05 -1.571056e-05 7.863413e-05
11596.600000 8.038544e-01 1.823434e-02 6.170712e-03 1.380013e-01 2.123911e-05 -2.749682e-05 -2.026550e-05 6.988582e-05
11596.800000 8.007235e-01 1.825193e-02 6.326159e-03 1.382845e-01 2.251041e-05 -3.452734e-05 -1.441788e-05 5.185227e-05
11597.000000 8.012915e-01 1.822085e-02 6.227500e-03 1.386425e-01 2.319194e-05 -3.348944e-05 -9.086905e-06 7.292748e-05
11597.700000 8.011235e-01 1.822633e-02 6.464137e-03 1.367459e-01 1.341969e-05 -2.471696e-05 -2.128552e-05 7.339478e-05
11598.400000 8.007987e-01 1.824330e-02 6.645169e-03 1.360608e-01 1.553279e-05 -2.484628e-05 -3.434855e-05 7.091671e-05
11599.100000 8.009783e-01 1.824811e-02 6.658878e-03 1.361991e-01 1.279280e-05 -2.432793e-05 -3.598598e-05 6.621866e-05
11599.800000 8.000324e-01 1.823927e-02 6.661013e-03 1.355756e-01 1.532018e-05 -1.565817e-05 -3.670800e-05 6.481243e-05
11600.500000 8.000476e-01 1.823836e-02 6.796062e-03 1.349515e-01 3.268552e-05 -1.460262e-05 -3.158470e-05 6.488133e-05
11601.200000 8.002718e-01 1.825992e-02 6.859350e-03 1.351061e-01 2.606805e-05 -1.581241e-05 -1.842781e-05 7.891712e-05
11601.900000 8.017277e-01 1.826305e-02 6.968509e-03 1.351838e-01 2.513566e-05 -1.872405e-05 -1.403846e-05 7.846743e-05
11602.600000 8.012014e-01 1.827854e-02 6.926433e-03 1.353546e-01 1.896095e-05 -2.031657e-05 -1.875984e-05 7.112695e-05
11603.300000 8.001106e-01 1.828404e-02 6.879343e-03 1.344806e-01 1.455651e-05 -1.748900e-05 -1.450087e-05 7.501356e-05
11604.993695 8.001346e-01 1.832133e-02 7.035963e-03 1.338263e-01 3.111543e-05 -9.858853e-06 -1.410759e-05 6.987063e-05
11605.999583 7.999886e-01 1.837129e-02 7.116265e-03 1.337113e-01 3.526738e-05 -7.994076e-06 -1.848819e-05 7.532960e-05
11607.017662 7.998368e-01 1.842402e-02 7.084743e-03 1.327873e-01 2.064996e-05 -1.473459e-05 -2.535197e-05 7.622639e-05
11608.047933 7.995261e-01 1.847509e-02 7.206391e-03 1.333845e-01 8.380087e-06 -4.373648e-06 -3.085270e-05 6.947427e-05
11609.090396 7.993090e-01 1.856496e-02 7.254378e-03 1.335174e-01 1.370082e-05 8.889258e-07 -3.016292e-05 5.142829e-05
11610.145051 7.986741e-01 1.864047e-02 7.226003e-03 1.330861e-01 8.773281e-06 -1.027030e-05 -1.596625e-05 4.360210e-05
11611.211898 7.984225e-01 1.873599e-02 7.125770e-03 1.342521e-01 2.360094e-05 -1.872157e-05 -2.548693e-05 7.926505e-05
11612.290937 7.979050e-01 1.880022e-02 7.093180e-03 1.341720e-01 2.174793e-05 -1.514846e-05 -4.114313e-05 7.467657e-05
11613.382167 7.971287e-01 1.886426e-02 7.058980e-03 1.346243e-01 1.656742e-05 -1.262847e-05 -2.444979e-05 6.793138e-05
11614.485590 7.974254e-01 1.892437e-02 6.995137e-03 1.354053e-01 2.390094e-05 -7.764068e-06 -1.857346e-05 7.431812e-05
11615.601204 7.982453e-01 1.900316e-02 6.969970e-03 1.359942e-01 2.920415e-05 -1.124465e-05 -2.548140e-05 7.511103e-05
11616.729011 7.972269e-01 1.905382e-02 6.887691e-03 1.370583e-01 2.584435e-05 -1.807518e-05 -2.921138e-05 7.473109e-05
11617.869009 7.974019e-01 1.912631e-02 6.774928e-03 1.366045e-01 2.299713e-05 -8.705101e-06 -2.633644e-05 8.256599e-05
11619.021199 7.976628e-01 1.922020e-02 6.680899e-03 1.371990e-01 2.978407e-05 -5.579580e-06 -1.639044e-05 8.162319e-05
11620.185582 7.970519e-01 1.926177e-02 6.727684e-03 1.378523e-01 4.209792e-05 -7.859588e-06 -1.229501e-05 8.506956e-05
11621.362156 7.967430e-01 1.930683e-02 6.708148e-03 1.384398e-01 3.216679e-05 -5.621606e-06 -1.283840e-05 8.157684e-05
11622.550922 7.970620e-01 1.933019e-02 6.709250e-03 1.385587e-01 2.503279e-05 -8.110972e-06 -1.375509e-05 7.730640e-05
11623.751879 7.963232e-01 1.936061e-02 6.832862e-03 1.382392e-01 2.138810e-05 -1.500567e-05 -1.551847e-05 8.418897e-05
11624.965029 7.954473e-01 1.939839e-02 6.801660e-03 1.383537e-01 2.440522e-05 -1.366973e-05 -9.433670e-06 8.592222e-05
11626.190371 7.953080e-01 1.943566e-02 6.851820e-03 1.373664e-01 2.202049e-05 -1.562370e-05 -1.843591e-05 8.316371e-05
11627.427904 7.951942e-01 1.944086e-02 6.804242e-03 1.368869e-01 2.305134e-05 -1.406142e-05 -2.199097e-05 8.027399e-05
11628.677630 7.953038e-01 1.940889e-02 6.963978e-03 1.370431e-01 1.911391e-05 -1.429912e-05 -2.724363e-05 7.288072e-05
11629.939547 7.945475e-01 1.931538e-02 6.926523e-03 1.366621e-01 1.659879e-05 -1.634855e-05 -2.244595e-05 7.359618e-05
11631.213657 7.942323e-01 1.935719e-02 6.994766e-03 1.370640e-01 1.667073e-05 -9.004771e-06 -1.100762e-08 8.743044e-05
11632.499958 7.938192e-01 1.936991e-02 7.101233e-03 1.361034e-01 1.844945e-05 -5.096510e-06 -4.862349e-06 7.551825e-05
11633.798451 7.941808e-01 1.941125e-02 7.084428e-03 1.357886e-01 1.799155e-05 -7.257984e-06 -6.707194e-06 7.224344e-05
11635.109136 7.929397e-01 1.946505e-02 7.135320e-03 1.351029e-01 2.323197e-05 -3.317492e-06 -1.394810e-05 7.721076e-05
11636.432013 7.932309e-01 1.952936e-02 7.196218e-03 1.355830e-01 2.442690e-05 -7.030033e-06 -1.850977e-05 7.857091e-05
11637.767082 7.939106e-01 1.962011e-02 7.318660e-03 1.358277e-01 2.992876e-05 -9.774035e-06 -2.049882e-05 6.700901e-05
11639.114342 7.928773e-01 1.963739e-02 7.396200e-03 1.351898e-01 2.927095e-05 -7.928847e-06 -1.701723e-05 5.466066e-05
11640.473795 7.923077e-01 1.966298e-02 7.380658e-03 1.349311e-01 1.662926e-05 -9.481330e-06 -8.353925e-06 6.079859e-05
11641.845440 7.925180e-01 1.974550e-02 7.503771e-03 1.343702e-01 2.182350e-05 -1.090543e-05 -4.833211e-06 6.018223e-05
11643.229276 7.921574e-01 1.981666e-02 7.535600e-03 1.337483e-01 3.168882e-05 -6.471075e-06 -5.292283e-06 6.935262e-05
11644.625305 7.921093e-01 1.987263e-02 7.587593e-03 1.347614e-01 3.717595e-05 -1.872589e-05 -1.854808e-06 8.466519e-05
11646.033525 7.920764e-01 1.990746e-02 7.602842e-03 1.338286e-01 2.910606e-05 -2.589222e-05 -1.837968e-05 7.914191e-05
11647.453937 7.922800e-01 1.995373e-02 7.705940e-03 1.332037e-01 3.388434e-05 -2.072238e-05 -7.397396e-06 8.296574e-05
11648.886541 7.919193e-01 1.997020e-02 7.773074e-03 1.337363e-01 3.621920e-05 -1.861620e-05 -7.111006e-06 8.156920e-05
11650.331337 7.921727e-01 1.997708e-02 7.736018e-03 1.331213e-01 3.373027e-05 -1.875346e-05 -1.566398e-05 6.681821e-05
11651.788325 7.923928e-01 2.000276e-02 7.787739e-03 1.324984e-01 3.828458e-05 -1.012756e-05 -1.898878e-05 7.080542e-05
11653.257505 7.909325e-01 1.996527e-02 7.779043e-03 1.335366e-01 2.880864e-05 -1.614146e-05 -3.161525e-05 5.940344e-05
11654.738877 7.902331e-01 1.988665e-02 7.607067e-03 1.336440e-01 2.421116e-05 -8.693254e-06 -1.807057e-05 4.818328e-05
11656.232440 7.886494e-01 1.969774e-02 7.448893e-03 1.337436e-01 2.885803e-05 -1.082817e-05 1.429268e-06 7.036894e-05
11657.738196 7.872734e-01 1.969413e-02 7.437788e-03 1.341760e-01 2.478779e-05 -1.460406e-05 -5.416637e-06 6.818334e-05
11659.256143 7.879662e-01 1.999749e-02 7.457598e-03 1.333619e-01 2.289758e-05 -2.326106e-05 -8.678184e-06 6.395439e-05
11660.786283 7.895070e-01 2.017449e-02 7.380143e-03 1.348976e-01 2.589730e-05 -2.539602e-05 -2.713145e-06 6.954489e-05
11662.328614 7.889967e-01 2.023021e-02 7.352219e-03 1.345471e-01 2.401753e-05 -1.542016e-05 -1.244586e-06 7.891579e-05
11663.883137 7.893150e-01 2.031562e-02 7.375371e-03 1.336760e-01 2.311276e-05 -1.286288e-05 -6.295504e-06 7.911685e-05
11665.449852 7.895434e-01 2.040784e-02 7.389633e-03 1.345731e-01 2.375049e-05 -1.973434e-05 -1.708425e-05 8.360606e-05
11667.028759 7.880542e-01 2.045471e-02 7.456099e-03 1.351836e-01 2.231225e-05 -2.289477e-05 -2.071904e-05 7.445641e-05
11668.619858 7.870146e-01 2.045352e-02 7.422940e-03 1.348390e-01 2.525307e-05 -2.144294e-05 -1.018823e-05 8.186486e-05
11670.223149 7.866237e-01 2.048171e-02 7.475545e-03 1.348019e-01 2.752831e-05 -2.390120e-05 -1.004053e-05 7.975613e-05
11671.838632 7.848308e-01 2.051294e-02 7.560869e-03 1.339726e-01 3.391254e-05 -2.192687e-05 -1.598257e-05 6.841670e-05
11673.466307 7.853416e-01 2.058345e-02 7.570851e-03 1.352012e-01 3.747698e-05 -1.063410e-05 -1.532454e-05 7.180688e-05
11675.106173 7.870034e-01 2.065432e-02 7.582482e-03 1.358341e-01 3.022918e-05 -2.556876e-06 -1.561938e-05 7.088836e-05
11676.758232 7.865558e-01 2.067238e-02 7.613149e-03 1.358964e-01 2.504070e-05 -1.004916e-05 -1.411353e-05 7.498915e-05
11678.422482 7.859467e-01 2.070848e-02 7.635932e-03 1.357454e-01 1.490616e-05 -1.718483e-05 -1.126100e-05 7.496696e-05
11680.098924 7.851626e-01 2.073780e-02 7.557366e-03 1.348614e-01 2.606395e-05 -1.638319e-05 -3.134598e-06 8.159331e-05
11681.787558 7.856218e-01 2.077973e-02 7.578982e-03 1.349105e-01 3.200826e-05 -1.544099e-05 -1.204980e-05 8.480080e-05
11683.488385 7.856552e-01 2.084874e-02 7.584123e-03 1.339448e-01 1.587817e-05 -1.543896e-05 -2.727580e-05 7.602374e-05
11685.201403 7.856675e-01 2.093154e-02 7.623262e-03 1.352070e-01 1.762534e-05 -1.307897e-05 -2.959946e-05 7.097107e-05
11686.926613 7.841004e-01 2.098561e-02 7.592343e-03 1.350559e-01 2.926131e-05 -1.969127e-05 -2.036809e-05 8.386013e-05
11688.664014 7.842537e-01 2.105228e-02 7.669912e-03 1.357334e-01 1.600434e-05 -1.254759e-05 -1.711348e-05 8.188244e-05
11690.413608 7.834991e-01 2.107591e-02 7.608291e-03 1.351161e-01 1.047464e-05 -9.595882e-06 -2.469663e-05 8.007203e-05
11692.175394 7.833366e-01 2.109866e-02 7.633351e-03 1.355892e-01 1.169300e-05 7.749850e-07 -2.379387e-05 7.299828e-05
11693.949371 7.821164e-01 2.109646e-02 7.679834e-03 1.344077e-01 1.568190e-05 2.233474e-07 -1.790935e-05 7.603995e-05
11695.735541 7.829443e-01 2.112963e-02 7.751673e-03 1.354552e-01 1.632517e-05 -8.812172e-06 -1.609423e-05 8.660276e-05
11697.533902 7.832653e-01 2.110387e-02 7.793423e-03 1.361326e-01 3.138817e-05 -1.159582e-05 -1.085179e-05 9.314177e-05
11699.344455 7.822902e-01 2.105156e-02 7.894191e-03 1.348492e-01 3.383358e-05 -1.173075e-05 -1.633699e-05 9.579141e-05
11701.167201 7.809378e-01 2.102630e-02 7.933457e-03 1.351704e-01 2.651076e-05 -9.826750e-06 -1.592922e-05 8.652225e-05
11703.002138 7.778148e-01 2.099644e-02 8.094588e-03 1.354919e-01 3.061425e-05 -2.082995e-05 -2.867562e-05 7.869922e-05
11704.849267 7.795672e-01 2.117134e-02 8.120936e-03 1.369159e-01 3.706179e-05 -2.972488e-05 -2.785942e-05 8.217497e-05
11706.708588 7.811383e-01 2.133597e-02 8.139401e-03 1.375927e-01 2.418987e-05 -3.290859e-05 -2.625449e-05 7.959977e-05
11708.580100 7.815453e-01 2.145415e-02 8.322135e-03 1.363778e-01 1.417720e-05 -2.182134e-05 -1.337674e-05 8.212402e-05
11710.463805 7.810920e-01 2.152100e-02 8.291370e-03 1.360083e-01 2.009964e-05 -1.047544e-05 -2.557607e-05 8.865670e-05
11712.359702 7.806646e-01 2.168073e-02 8.219278e-03 1.354173e-01 1.761488e-05 -1.153121e-05 -1.815108e-05 1.022241e-04
11714.267790 7.804104e-01 2.177281e-02 8.276101e-03 1.370287e-01 1.423595e-05 -2.208625e-05 -1.889021e-05 9.686786e-05
11716.188071 7.792040e-01 2.184072e-02 8.337134e-03 1.407266e-01 1.444333e-05 -2.856991e-05 -1.934134e-05 8.491189e-05
11718.120543 7.792243e-01 2.190315e-02 8.278756e-03 1.466922e-01 1.174154e-05 -2.962611e-05 -1.814745e-05 8.434030e-05
11720.065207 7.795510e-01 2.197699e-02 8.168099e-03 1.536218e-01 2.161168e-05 -2.348234e-05 -1.983771e-05 8.274904e-05
11722.022064 7.783373e-01 2.197288e-02 8.187466e-03 1.586345e-01 2.593498e-05 -1.558709e-05 -3.666755e-05 7.518261e-05
11723.991112 7.783909e-01 2.201761e-02 8.188447e-03 1.590548e-01 2.675187e-05 -1.764381e-05 -3.647604e-05 8.388609e-05
11725.972352 7.783481e-01 2.211619e-02 8.190074e-03 1.580844e-01 2.470099e-05 -1.870063e-05 -3.237290e-05 9.922099e-05
11727.965784 7.782146e-01 2.220294e-02 8.089065e-03 1.544213e-01 2.889543e-05 -1.323058e-05 -3.182388e-05 1.001916e-04
11729.971407 7.765369e-01 2.222160e-02 8.091381e-03 1.509824e-01 2.839731e-05 -7.481849e-06 -2.902119e-05 1.040297e-04
11731.989223 7.768815e-01 2.233657e-02 8.206985e-03 1.472626e-01 3.327266e-05 -1.797395e-05 -3.298871e-05 9.587088e-05
11734.019231 7.760833e-01 2.235642e-02 8.161938e-03 1.446985e-01 3.134235e-05 -2.567642e-05 -3.902169e-05 9.122283e-05
11736.061430 7.747337e-01 2.237437e-02 8.257803e-03 1.408511e-01 2.549076e-05 -2.550839e-05 -3.715460e-05 8.096037e-05
11738.115822 7.747244e-01 2.240934e-02 8.205986e-03 1.385726e-01 3.678926e-05 -2.480589e-05 -3.732711e-05 8.586829e-05
11740.182405 7.743009e-01 2.234412e-02 8.252077e-03 1.379541e-01 3.348883e-05 -2.022805e-05 -3.562507e-05 8.593994e-05
11742.261180 7.714213e-01 2.221530e-02 8.220581e-03 1.365775e-01 3.106518e-05 -1.852143e-05 -2.370615e-05 9.376111e-05
11744.352148 7.715436e-01 2.233001e-02 8.200784e-03 1.361416e-01 3.267724e-05 -1.312184e-05 -2.925096e-05 9.879080e-05
11746.455307 7.722756e-01 2.239361e-02 8.289170e-03 1.349486e-01 2.816893e-05 -1.010219e-06 -2.726348e-05 1.037538e-04
11748.570658 7.726996e-01 2.250517e-02 8.313013e-03 1.340931e-01 1.609558e-05 -2.870455e-06 -2.370742e-05 1.029119e-04
11750.698201 7.737313e-01 2.263960e-02 8.254875e-03 1.352672e-01 1.658184e-05 -1.471599e-05 -2.663779e-05 1.116726e-04
11752.837935 7.724351e-01 2.260250e-02 8.259751e-03 1.353584e-01 2.242821e-05 -1.994556e-05 -4.076927e-05 1.036984e-04
11754.989862 7.722988e-01 2.261096e-02 8.206716e-03 1.354405e-01 2.757723e-05 -1.484787e-05 -5.075856e-05 1.065571e-04
11757.153981 7.707214e-01 2.267140e-02 8.219866e-03 1.348728e-01 2.169115e-05 -2.331116e-05 -5.316061e-05 1.052422e-04
11759.330291 7.696761e-01 2.279416e-02 8.355078e-03 1.348689e-01 1.869354e-05 -3.071944e-05 -5.380205e-05 1.052699e-04
11761.518794 7.658771e-01 2.272503e-02 8.363023e-03 1.347475e-01 1.734907e-05 -2.639652e-05 -5.070861e-05 9.820461e-05
11763.719488 7.697483e-01 2.291415e-02 8.483456e-03 1.356009e-01 2.893818e-05 -1.935894e-05 -4.887460e-05 9.197582e-05
11765.932374 7.702763e-01 2.297706e-02 8.598877e-03 1.347987e-01 3.062357e-05 -1.938420e-05 -5.258401e-05 9.553854e-05
11768.157453 7.697942e-01 2.300399e-02 8.705403e-03 1.350225e-01 2.453007e-05 -1.958378e-05 -5.320464e-05 1.011026e-04
11770.394723 7.696546e-01 2.300872e-02 8.676119e-03 1.344800e-01 1.663620e-05 -2.282727e-05 -4.086468e-05 9.549143e-05
11772.644185 7.677062e-01 2.295752e-02 8.746681e-03 1.339847e-01 1.706735e-05 -1.687780e-05 -4.016534e-05 8.725467e-05
11774.905838 7.689313e-01 2.302986e-02 8.812263e-03 1.350995e-01 1.879925e-05 -1.653621e-05 -3.084386e-05 9.238558e-05
11777.179684 7.676305e-01 2.291808e-02 8.905544e-03 1.340207e-01 2.154759e-05 -1.370204e-05 -3.828207e-05 9.693654e-05
11779.465722 7.698268e-01 2.292523e-02 8.873096e-03 1.357823e-01 2.545419e-05 -1.205864e-05 -4.477066e-05 9.855750e-05
11781.763952 7.681774e-01 2.301868e-02 8.790839e-03 1.359078e-01 2.343152e-05 -2.569200e-05 -3.976072e-05 9.587109e-05
11784.074373 7.681572e-01 2.318860e-02 8.872034e-03 1.358075e-01 3.156548e-05 -3.251477e-05 -4.780636e-05 9.769523e-05
11786.396987 7.669826e-01 2.332496e-02 8.975156e-03 1.346202e-01 2.653318e-05 -2.111835e-05 -4.086136e-05 1.064857e-04
11788.731792 7.667862e-01 2.350403e-02 9.104906e-03 1.341346e-01 2.569433e-05 -2.872824e-05 -4.282084e-05 1.017943e-04
11791.078789 7.668790e-01 2.368194e-02 9.056906e-03 1.346806e-01 2.744248e-05 -3.993230e-05 -4.323684e-05 1.113175e-04
11793.437978 7.643667e-01 2.368341e-02 9.087573e-03 1.350535e-01 2.984636e-05 -3.415933e-05 -4.448943e-05 1.017678e-04
11795.809359 7.618638e-01 2.369678e-02 9.084448e-03 1.343978e-01 3.427299e-05 -2.313778e-05 -3.342722e-05 1.062522e-04
11798.192932 7.602319e-01 2.381315e-02 9.170687e-03 1.336484e-01 4.230358e-05 -2.194078e-05 -4.005044e-05 1.054524e-04
11800.588697 7.626131e-01 2.405361e-02 9.143710e-03 1.344723e-01 3.659933e-05 -2.673019e-05 -5.298090e-05 9.546634e-05
11802.996654 7.629872e-01 2.419462e-02 9.020615e-03 1.344648e-01 2.255351e-05 -2.364787e-05 -5.654421e-05 9.242867e-05
11805.416803 7.639319e-01 2.421259e-02 9.040207e-03 1.342728e-01 9.980346e-06 -2.250269e-05 -5.468270e-05 9.624122e-05
11807.849143 7.643274e-01 2.427212e-02 9.056017e-03 1.345021e-01 1.857286e-05 -2.573641e-05 -4.988799e-05 9.102905e-05
11810.293676 7.633389e-01 2.446702e-02 8.973222e-03 1.342412e-01 2.471214e-05 -2.212517e-05 -4.754519e-05 9.951420e-05
11812.750400 7.633072e-01 2.457874e-02 8.891718e-03 1.345738e-01 2.176431e-05 -1.725880e-05 -4.697214e-05 9.991855e-05
11815.219317 7.603625e-01 2.456898e-02 8.834681e-03 1.348030e-01 2.772643e-05 -1.977947e-05 -4.974958e-05 8.711319e-05
11817.700425 7.626279e-01 2.468587e-02 8.895552e-03 1.359572e-01 1.579850e-05 -2.143167e-05 -4.565170e-05 9.223812e-05
11820.193725 7.625879e-01 2.464421e-02 8.973376e-03 1.358312e-01 1.635801e-05 -1.335949e-05 -4.510746e-05 7.909884e-05
11822.699217 7.612621e-01 2.470056e-02 9.018469e-03 1.346901e-01 2.270082e-05 -1.394984e-05 -3.334543e-05 8.522474e-05
11825.216901 7.607441e-01 2.484665e-02 8.997855e-03 1.355385e-01 2.187903e-05 -3.333694e-06 -2.097009e-05 9.315165e-05
11827.746777 7.592546e-01 2.490687e-02 9.094709e-03 1.346323e-01 3.056271e-05 3.257898e-06 -2.462327e-05 1.058775e-04
11830.288845 7.582072e-01 2.494644e-02 9.314981e-03 1.354078e-01 2.306402e-05 7.369773e-06 -3.270387e-05 9.796100e-05
11832.843105 7.592048e-01 2.500863e-02 9.375985e-03 1.353639e-01 5.423624e-06 5.561007e-07 -4.104244e-05 9.944221e-05
11835.409556 7.590956e-01 2.511656e-02 9.504411e-03 1.345704e-01 -1.972086e-06 -2.666014e-07 -5.256077e-05 8.871864e-05
11837.988200 7.555388e-01 2.505803e-02 9.564541e-03 1.350447e-01 -1.272258e-06 -1.056345e-06 -5.947934e-05 9.440489e-05
11840.579035 7.556938e-01 2.512642e-02 9.669554e-03 1.348666e-01 2.401784e-06 -3.161257e-06 -5.630783e-05 1.023209e-04
11843.182062 7.557435e-01 2.524966e-02 9.759080e-03 1.341098e-01 3.775997e-06 -2.033935e-06 -5.107882e-05 9.107183e-05
11845.797282 7.567271e-01 2.534615e-02 9.808919e-03 1.342703e-01 4.839844e-06 -1.341574e-05 -5.315303e-05 8.739716e-05
11848.424693 7.548841e-01 2.544301e-02 9.875060e-03 1.342632e-01 9.512731e-06 -2.033612e-05 -5.565666e-05 9.168893e-05
11851.064296 7.560830e-01 2.558428e-02 9.863846e-03 1.339558e-01 3.508900e-06 -2.019055e-05 -4.236326e-05 9.647494e-05
11853.716091 7.531634e-01 2.560245e-02 9.838490e-03 1.331939e-01 9.972434e-06 -2.470871e-05 -4.365462e-05 9.030758e-05
11856.380078 7.547044e-01 2.589592e-02 9.903567e-03 1.338820e-01 9.801116e-06 -2.114418e-05 -3.859400e-05 9.685248e-05
11859.056256 7.548524e-01 2.608428e-02 9.971120e-03 1.336404e-01 1.033455e-05 -2.874463e-05 -4.604313e-05 9.044191e-05
11861.744627 7.521673e-01 2.614122e-02 9.975833e-03 1.330840e-01 1.350041e-05 -3.518242e-05 -5.463610e-05 9.992269e-05
11864.445190 7.516636e-01 2.615728e-02 1.009827e-02 1.332880e-01 1.081369e-05 -2.514407e-05 -3.930172e-05 1.023021e-04
11867.157944 7.534639e-01 2.616657e-02 1.019781e-02 1.338690e-01 6.448663e-06 -1.825592e-05 -4.240200e-05 9.203543e-05
11869.882891 7.549925e-01 2.626324e-02 1.012315e-02 1.343843e-01 8.785732e-06 -9.322540e-06 -5.047589e-05 8.841135e-05
11872.620029 7.534689e-01 2.636436e-02 1.013949e-02 1.338722e-01 1.223710e-05 -1.073527e-05 -4.382107e-05 1.007995e-04
11875.369359 7.537290e-01 2.650174e-02 1.016704e-02 1.341166e-01 1.298809e-05 -1.932782e-05 -3.106802e-05 1.060271e-04
11878.130881 7.522419e-01 2.651041e-02 1.019700e-02 1.344250e-01 1.300230e-05 -2.093195e-05 -5.039780e-05 1.003459e-04
11880.904595 7.530818e-01 2.663618e-02 1.020155e-02 1.342995e-01 2.090731e-05 -1.706450e-05 -6.431397e-05 1.013186e-04
11883.690501 7.513127e-01 2.671324e-02 1.018887e-02 1.340249e-01 2.941847e-05 -1.808000e-05 -4.862714e-05 9.129586e-05
11886.488599 7.513843e-01 2.681800e-02 1.013807e-02 1.333982e-01 1.990490e-05 -1.311291e-05 -3.796262e-05 9.413798e-05
11889.298889 7.508906e-01 2.694463e-02 1.017315e-02 1.341274e-01 1.544474e-05 -7.614420e-06 -5.453257e-05 8.745301e-05
11892.121371 7.495581e-01 2.705538e-02 1.016158e-02 1.341879e-01 1.834595e-05 -1.325406e-05 -4.365539e-05 9.560743e-05
11894.956044 7.438739e-01 2.696347e-02 1.010101e-02 1.332813e-01 1.390773e-05 -1.251434e-05 -4.741768e-05 8.724089e-05
11897.802910 7.406142e-01 2.695710e-02 1.010639e-02 1.328292e-01 1.199364e-05 -1.083168e-05 -4.861762e-05 8.482390e-05
11900.661967 7.463679e-01 2.734752e-02 1.020261e-02 1.335287e-01 1.300163e-05 -3.143448e-06 -3.896319e-05 8.756505e-05
11903.533217 7.469975e-01 2.747094e-02 1.031252e-02 1.336327e-01 4.354948e-06 2.959064e-07 -2.875181e-05 9.251887e-05
11906.416658 7.468527e-01 2.755074e-02 1.041352e-02 1.339074e-01 4.106751e-06 1.568979e-06 -3.174001e-05 1.013362e-04
11909.312291 7.463701e-01 2.766963e-02 1.057283e-02 1.346174e-01 8.548317e-06 2.440973e-06 -3.014757e-05 1.130522e-04
11912.220116 7.465001e-01 2.779469e-02 1.066882e-02 1.336208e-01 1.378008e-05 6.795913e-06 -3.569820e-05 1.138835e-04
11915.140133 7.461497e-01 2.788805e-02 1.074406e-02 1.335920e-01 1.740900e-05 5.232014e-06 -4.517016e-05 1.040241e-04
11918.072342 7.436511e-01 2.792046e-02 1.084126e-02 1.342336e-01 1.934623e-05 1.146814e-06 -4.844328e-05 9.922235e-05
11921.016743 7.372000e-01 2.772388e-02 1.084625e-02 1.322886e-01 2.061105e-05 -4.046765e-06 -3.577802e-05 9.768466e-05
11923.973335 7.366777e-01 2.775771e-02 1.092074e-02 1.327211e-01 1.764535e-05 -7.129176e-06 -2.859430e-05 9.793445e-05
11926.942120 7.433150e-01 2.801017e-02 1.098152e-02 1.334257e-01 2.412517e-05 -5.297290e-06 -4.589217e-05 8.924106e-05
11929.923096 7.432322e-01 2.793116e-02 1.097495e-02 1.344923e-01 1.974933e-05 -1.403203e-05 -5.369719e-05 8.973590e-05
11932.916265 7.419480e-01 2.785477e-02 1.089707e-02 1.352552e-01 2.430062e-05 -6.706202e-06 -4.850262e-05 9.319878e-05
11935.921625 7.416747e-01 2.797960e-02 1.093337e-02 1.354128e-01 2.014005e-05 -2.791994e-06 -4.534531e-05 8.953568e-05
11938.939177 7.407375e-01 2.830079e-02 1.110655e-02 1.347237e-01 2.602063e-05 -7.596704e-06 -4.424040e-05 9.804141e-05
11941.968921 7.404640e-01 2.855551e-02 1.119352e-02 1.348798e-01 2.492506e-05 -6.705732e-06 -5.179140e-05 1.017381e-04
11945.010858 7.407086e-01 2.856306e-02 1.123438e-02 1.344815e-01 2.255282e-05 -8.318667e-06 -4.533262e-05 9.716306e-05
11948.064985 7.392342e-01 2.841274e-02 1.110520e-02 1.335119e-01 2.259670e-05 -8.159082e-06 -4.144718e-05 1.043262e-04
11951.131305 7.377439e-01 2.828736e-02 1.112924e-02 1.337450e-01 2.315395e-05 -5.455968e-06 -4.270474e-05 1.030156e-04
11954.209817 7.380334e-01 2.802716e-02 1.113618e-02 1.339776e-01 1.633176e-05 -6.842899e-06 -5.168428e-05 9.300240e-05
11957.300521 7.371242e-01 2.785297e-02 1.110387e-02 1.336499e-01 2.222231e-05 -6.895329e-06 -4.531530e-05 8.844218e-05
11960.403416 7.380534e-01 2.804130e-02 1.114626e-02 1.341125e-01 2.091330e-05 -1.046731e-05 -3.143405e-05 8.543926e-05
11963.518504 7.385699e-01 2.832495e-02 1.113640e-02 1.346946e-01 1.847895e-05 -8.962547e-06 -4.342639e-05 8.998396e-05
11966.645783 7.372942e-01 2.860998e-02 1.127859e-02 1.342652e-01 2.342265e-05 -2.082692e-05 -4.669752e-05 9.801922e-05
11969.785255 7.373602e-01 2.893923e-02 1.136310e-02 1.337073e-01 1.991899e-05 -1.659180e-05 -3.763731e-05 1.014447e-04
11972.936918 7.360633e-01 2.926125e-02 1.145947e-02 1.341434e-01 1.794692e-05 -6.529676e-06 -3.406238e-05 1.009602e-04
11976.100773 7.357256e-01 2.937785e-02 1.146842e-02 1.342919e-01 1.365398e-05 8.778013e-06 -2.394317e-05 1.070613e-04
11979.276820 7.350721e-01 2.951914e-02 1.151516e-02 1.339928e-01 1.376761e-05 6.081848e-06 -3.895754e-05 1.017311e-04
11982.465059 7.347989e-01 2.983664e-02 1.159869e-02 1.335639e-01 2.072528e-05 -1.567071e-06 -3.091339e-05 1.051867e-04
11985.665490 7.345860e-01 3.017617e-02 1.169729e-02 1.335001e-01 1.878055e-05 -9.906360e-07 -1.975555e-05 1.060856e-04
11988.878112 7.347790e-01 3.040023e-02 1.175717e-02 1.332265e-01 2.633696e-05 -6.194046e-06 -2.577261e-05 1.031933e-04
11992.102927 7.328073e-01 3.050195e-02 1.185901e-02 1.326176e-01 2.735444e-05 5.053842e-06 -3.751318e-05 9.986113e-05
11995.339934 7.321609e-01 3.057450e-02 1.188375e-02 1.330002e-01 3.289794e-05 2.636907e-06 -3.060760e-05 9.304893e-05
11998.589132 7.311009e-01 3.059789e-02 1.186829e-02 1.332702e-01 2.793915e-05 -5.743520e-07 -2.641950e-05 1.043799e-04
12001.850523 7.310414e-01 3.071877e-02 1.203691e-02 1.335198e-01 2.861912e-05 -1.048912e-05 -4.219551e-05 1.116244e-04
12005.124105 7.304134e-01 3.087859e-02 1.215372e-02 1.331636e-01 4.036596e-05 -1.766188e-05 -4.254598e-05 1.030974e-04
12008.409879 7.298931e-01 3.105462e-02 1.226135e-02 1.330908e-01 4.841450e-05 -9.999222e-06 -3.219450e-05 1.056651e-04
12011.707845 7.291458e-01 3.111119e-02 1.238895e-02 1.330008e-01 3.880823e-05 5.570485e-06 -4.887672e-05 9.017244e-05
12015.018003 7.282299e-01 3.111803e-02 1.248699e-02 1.336367e-01 2.406293e-05 1.399229e-05 -4.049530e-05 9.739509e-05
12018.340353 7.277608e-01 3.113274e-02 1.261394e-02 1.328759e-01 2.193895e-05 4.908627e-07 -4.517890e-05 1.040084e-04
12021.674895 7.275983e-01 3.119821e-02 1.268910e-02 1.324780e-01 1.949589e-05 1.624624e-06 -5.094824e-05 1.032006e-04
12025.021629 7.268199e-01 3.130943e-02 1.274308e-02 1.332304e-01 2.293462e-05 2.632135e-06 -4.033990e-05 1.000919e-04
12028.380554 7.262221e-01 3.136613e-02 1.282255e-02 1.326911e-01 2.806697e-05 1.493994e-07 -5.251754e-05 1.044257e-04
12031.751672 7.254814e-01 3.151202e-02 1.287440e-02 1.332127e-01 2.441988e-05 3.412100e-06 -4.071976e-05 9.262658e-05
12035.134982 7.255509e-01 3.169896e-02 1.287078e-02 1.331420e-01 2.469658e-05 7.522286e-07 -3.683903e-05 9.455093e-05
12038.530483 7.249604e-01 3.172891e-02 1.289276e-02 1.328820e-01 2.713694e-05 -1.080920e-05 -3.840813e-05 9.916106e-05
12041.938176 7.241303e-01 3.174887e-02 1.287623e-02 1.327760e-01 2.496378e-05 -8.784564e-06 -4.265693e-05 9.611582e-05
12045.358061 7.184688e-01 3.166207e-02 1.286177e-02 1.318757e-01 2.205893e-05 -7.635881e-06 -3.927046e-05 1.019447e-04
12048.790139 7.125475e-01 3.150674e-02 1.279288e-02 1.305614e-01 1.961117e-05 -6.697037e-06 -2.862971e-05 1.034826e-04
12052.234408 7.212218e-01 3.210221e-02 1.305735e-02 1.326553e-01 1.919217e-05 -1.280544e-05 -3.738624e-05 1.035999e-04
12055.690868 7.218322e-01 3.243072e-02 1.308750e-02 1.326679e-01 1.721547e-05 -9.783866e-06 -4.763064e-05 9.313690e-05
12059.159521 7.220606e-01 3.277849e-02 1.323679e-02 1.325149e-01 1.360288e-05 -9.837527e-06 -4.808503e-05 1.047078e-04
12062.640366 7.210656e-01 3.292478e-02 1.324311e-02 1.327730e-01 1.404727e-05 -1.524122e-05 -4.254115e-05 1.000726e-04
12066.133403 7.207555e-01 3.312083e-02 1.331055e-02 1.322849e-01 1.426208e-05 -1.614713e-05 -4.345621e-05 1.041449e-04
12069.638631 7.204817e-01 3.323166e-02 1.341636e-02 1.330377e-01 1.281661e-05 -2.348375e-05 -3.532731e-05 1.108664e-04
12073.156052 7.197276e-01 3.336681e-02 1.350000e-02 1.326331e-01 7.065133e-06 -1.747353e-05 -4.433713e-05 1.114143e-04
12076.685664 7.192725e-01 3.349023e-02 1.354479e-02 1.330467e-01 1.360653e-05 -9.820669e-06 -4.019464e-05 1.084418e-04
12080.227468 7.189900e-01 3.364024e-02 1.363193e-02 1.327108e-01 9.864089e-06 -5.903665e-06 -3.797269e-05 9.593710e-05
12083.781465 7.181276e-01 3.372031e-02 1.364872e-02 1.333120e-01 2.023997e-06 -9.061856e-06 -3.705311e-05 8.788300e-05
12087.347653 7.171283e-01 3.388519e-02 1.373951e-02 1.331003e-01 1.722745e-05 -1.511221e-05 -4.466169e-05 8.860198e-05
12090.926033 7.167012e-01 3.412619e-02 1.389586e-02 1.328972e-01 2.170764e-05 -1.802952e-05 -4.257720e-05 9.809031e-05
12094.516605 7.161482e-01 3.425903e-02 1.396767e-02 1.334046e-01 1.259246e-05 -1.354697e-05 -4.571953e-05 1.003122e-04
12098.119369 7.160796e-01 3.432086e-02 1.404289e-02 1.331211e-01 1.781942e-05 -8.268958e-06 -3.731726e-05 9.693844e-05
12101.734324 7.144454e-01 3.429748e-02 1.407880e-02 1.330662e-01 9.966470e-06 -4.569358e-06 -4.211147e-05 8.137807e-05
12105.361472 7.141026e-01 3.421473e-02 1.412869e-02 1.334030e-01 1.123772e-05 -7.933889e-06 -3.443238e-05 9.923411e-05
12109.000811 7.129991e-01 3.420904e-02 1.418147e-02 1.327294e-01 1.751279e-05 -1.610615e-05 -3.609693e-05 1.043065e-04
12112.652343 7.129079e-01 3.470501e-02 1.439540e-02 1.327436e-01 2.309429e-05 -5.205145e-06 -4.345345e-05 9.369716e-05
12116.316066 7.114362e-01 3.486016e-02 1.453268e-02 1.326789e-01 1.800400e-05 3.232188e-06 -3.489161e-05 9.526805e-05
12119.991982 7.102612e-01 3.498867e-02 1.464719e-02 1.324765e-01 1.139647e-05 4.084709e-06 -4.855754e-05 9.398829e-05
12123.680089 7.111056e-01 3.520363e-02 1.479158e-02 1.318772e-01 1.035304e-05 3.111142e-06 -4.592720e-05 9.456459e-05
12127.380388 7.098607e-01 3.529165e-02 1.482525e-02 1.333953e-01 3.270688e-06 7.338077e-07 -3.824051e-05 9.402079e-05
12131.092879 7.098142e-01 3.557237e-02 1.499451e-02 1.332258e-01 6.276320e-06 -5.383423e-06 -3.806728e-05 9.848008e-05
12134.817562 7.094599e-01 3.577887e-02 1.511984e-02 1.329752e-01 7.103235e-06 -7.192621e-06 -3.256942e-05 1.114640e-04
12138.554437 7.078314e-01 3.580149e-02 1.514711e-02 1.323411e-01 1.345129e-05 -4.636945e-06 -2.742626e-05 1.170165e-04
12142.303503 7.080076e-01 3.589679e-02 1.516794e-02 1.325103e-01 2.322731e-05 6.171960e-06 -3.628615e-05 1.019211e-04
12146.064762 7.069611e-01 3.591984e-02 1.526613e-02 1.321255e-01 2.014604e-05 1.561068e-05 -4.149478e-05 9.528656e-05
12149.838213 7.060430e-01 3.592161e-02 1.526309e-02 1.322370e-01 1.669803e-05 8.755021e-06 -4.092524e-05 9.658180e-05
12153.623855 7.060549e-01 3.619015e-02 1.538949e-02 1.321537e-01 1.844236e-05 -4.063994e-06 -2.685830e-05 1.031639e-04
12157.421689 7.064451e-01 3.645774e-02 1.545889e-02 1.320925e-01 2.275334e-05 -3.840208e-06 -1.703577e-05 1.131816e-04
12161.231716 7.048196e-01 3.649698e-02 1.541920e-02 1.322420e-01 1.948842e-05 4.178546e-06 -2.649484e-05 1.111427e-04
12165.053934 7.042376e-01 3.661228e-02 1.551699e-02 1.363995e-01 3.307903e-05 -2.684148e-07 -2.421126e-05 1.150238e-04
12168.888344 7.041758e-01 3.683951e-02 1.564833e-02 1.492010e-01 3.295106e-05 4.804527e-06 -3.192997e-05 1.094911e-04
12172.734946 7.010695e-01 3.669413e-02 1.555970e-02 1.577895e-01 3.149978e-05 4.715315e-06 -3.816730e-05 1.041821e-04
12176.593740 7.016700e-01 3.660433e-02 1.554131e-02 1.527945e-01 1.967680e-05 1.305186e-05 -3.571075e-05 1.051634e-04
12180.464726 7.022014e-01 3.677936e-02 1.563143e-02 1.419139e-01 1.896498e-05 1.116250e-05 -3.871090e-05 1.159556e-04
12184.347903 7.007449e-01 3.712917e-02 1.576415e-02 1.336792e-01 1.853971e-05 -3.090825e-08 -3.449858e-05 1.128874e-04
12188.243273 7.010662e-01 3.742141e-02 1.587579e-02 1.325710e-01 1.393732e-05 -3.299031e-06 -3.637975e-05 1.050342e-04
12192.150835 6.998316e-01 3.761192e-02 1.602270e-02 1.328347e-01 5.993707e-06 5.684594e-06 -3.403662e-05 1.033016e-04
12196.070588 6.991334e-01 3.780045e-02 1.607636e-02 1.322494e-01 3.565052e-06 -3.863073e-06 -2.028742e-05 9.492916e-05
12200.002533 6.988945e-01 3.796295e-02 1.620044e-02 1.325742e-01 1.161245e-05 -1.069518e-06 -2.894421e-05 9.245399e-05
12203.946671 6.978246e-01 3.798531e-02 1.626969e-02 1.324976e-01 1.356652e-05 -3.283999e-06 -2.551577e-05 8.067720e-05
12207.903000 6.958878e-01 3.795493e-02 1.637763e-02 1.322758e-01 9.479280e-06 8.690295e-06 -3.139996e-05 8.101910e-05
12211.871521 6.949679e-01 3.790464e-02 1.642700e-02 1.313310e-01 1.030271e-05 5.460241e-06 -2.808133e-05 9.762668e-05
12215.852234 6.959168e-01 3.774095e-02 1.642374e-02 1.321497e-01 4.811396e-06 3.673004e-07 -3.711104e-05 1.041276e-04
12219.845139 6.949284e-01 3.742766e-02 1.638203e-02 1.324605e-01 1.998556e-05 -9.635307e-06 -4.135481e-05 1.006288e-04
12223.850236 6.938370e-01 3.785473e-02 1.659816e-02 1.406112e-01 1.610442e-05 -1.170593e-05 -4.156676e-05 9.326377e-05
12227.867524 6.939981e-01 3.849141e-02 1.686805e-02 1.515388e-01 1.694736e-05 -1.219612e-05 -4.420732e-05 9.331424e-05
12231.897005 6.929042e-01 3.894043e-02 1.710022e-02 1.478030e-01 1.794990e-05 -6.966051e-06 -4.030205e-05 9.018812e-05
12235.938678 6.924082e-01 3.929445e-02 1.731718e-02 1.401132e-01 1.974006e-05 -2.816815e-06 -4.542515e-05 9.603187e-05
12239.992542 6.919832e-01 3.950485e-02 1.741404e-02 1.339136e-01 9.902945e-06 -7.180625e-06 -5.199187e-05 8.566626e-05
12244.058598 6.914820e-01 3.969657e-02 1.756379e-02 1.327271e-01 2.670546e-06 -6.966901e-06 -5.265596e-05 8.677788e-05
12248.136847 6.906198e-01 3.979226e-02 1.762621e-02 1.325054e-01 7.544703e-06 -1.008555e-05 -5.126896e-05 9.206660e-05
12252.227287 6.846425e-01 3.959871e-02 1.761432e-02 1.330583e-01 3.459893e-06 -4.119732e-06 -5.085019e-05 9.372127e-05
12256.329919 6.744052e-01 3.929310e-02 1.751575e-02 1.323707e-01 4.141642e-06 -4.832242e-06 -4.287649e-05 9.451311e-05
12260.444743 6.851254e-01 4.035177e-02 1.801625e-02 1.342028e-01 5.990871e-06 -6.006849e-06 -4.319129e-05 8.978295e-05
12264.571759 6.868910e-01 4.063651e-02 1.818943e-02 1.324639e-01 1.761354e-05 -8.535752e-06 -4.408334e-05 1.051665e-04
12268.710967 6.859382e-01 4.066985e-02 1.827380e-02 1.316189e-01 2.374122e-05 -6.645451e-06 -4.810433e-05 1.062417e-04
12272.862366 6.868124e-01 4.059202e-02 1.828907e-02 1.313808e-01 2.427991e-05 -1.475821e-05 -5.305135e-05 1.178223e-04
12277.025958 6.855409e-01 4.039298e-02 1.823770e-02 1.317963e-01 1.854669e-05 -1.547287e-05 -4.558177e-05 1.049081e-04
12281.201742 6.855165e-01 4.019814e-02 1.810685e-02 1.309584e-01 1.219671e-05 -3.427878e-06 -4.423929e-05 9.771203e-05
12285.389717 6.836177e-01 4.035456e-02 1.822054e-02 1.306568e-01 1.402141e-05 -5.385092e-06 -5.491471e-05 1.010548e-04
12289.589884 6.827354e-01 4.086421e-02 1.837656e-02 1.303433e-01 -1.572695e-09 -1.095230e-05 -5.373385e-05 1.029574e-04
12293.802244 6.821902e-01 4.145695e-02 1.853607e-02 1.305669e-01 -1.852324e-07 -6.421668e-07 -4.953014e-05 9.112418e-05
12298.026795 6.693134e-01 4.090085e-02 1.840559e-02 1.280592e-01 -8.902659e-06 3.243767e-06 -4.578350e-05 8.540843e-05
12302.263538 6.728198e-01 4.119771e-02 1.850547e-02 1.298740e-01 4.841707e-06 -3.502029e-07 -4.426917e-05 7.864962e-05
12306.512473 6.802428e-01 4.166298e-02 1.869430e-02 1.312732e-01 3.838079e-06 -2.843543e-06 -4.624550e-05 8.145138e-05
12310.773600 6.806192e-01 4.181857e-02 1.885940e-02 1.308305e-01 -5.727606e-07 -5.790168e-06 -3.846118e-05 8.799839e-05
12315.046919 6.801556e-01 4.186985e-02 1.891409e-02 1.311654e-01 5.481637e-06 -7.178109e-06 -4.303933e-05 9.491107e-05
12319.332429 6.791791e-01 4.197592e-02 1.899454e-02 1.307232e-01 7.601551e-06 -7.665975e-06 -4.465625e-05 9.142602e-05
12323.630132 6.777780e-01 4.224791e-02 1.922846e-02 1.303629e-01 1.495731e-05 -8.900336e-06 -5.569456e-05 9.991096e-05
12327.940026 6.780268e-01 4.264734e-02 1.946235e-02 1.307369e-01 1.602544e-05 -1.730653e-05 -5.394247e-05 1.043614e-04
12332.262113 6.773365e-01 4.299557e-02 1.962744e-02 1.303852e-01 1.946369e-05 -1.730860e-05 -5.575668e-05 1.034134e-04
12336.596391 6.773260e-01 4.322888e-02 1.981699e-02 1.310443e-01 1.127269e-05 -2.638952e-05 -5.845654e-05 1.016047e-04
12340.942861 6.764279e-01 4.322274e-02 1.994012e-02 1.305068e-01 2.792777e-05 -1.518383e-05 -6.486951e-05 9.410214e-05
12345.301524 6.757265e-01 4.336573e-02 2.007005e-02 1.305788e-01 3.105537e-05 -1.007700e-05 -6.202702e-05 9.545521e-05
12349.672378 6.749632e-01 4.367042e-02 2.031404e-02 1.311881e-01 3.467296e-05 -8.714786e-06 -6.033257e-05 9.813525e-05
12354.055424 6.726823e-01 4.390042e-02 2.043421e-02 1.304708e-01 2.781973e-05 5.720491e-06 -5.052239e-05 1.037333e-04
12358.450662 6.732998e-01 4.436409e-02 2.072446e-02 1.300003e-01 2.455801e-05 4.306119e-06 -4.038764e-05 1.098480e-04
12362.858091 6.725052e-01 4.457166e-02 2.076721e-02 1.301598e-01 2.199317e-05 -7.792279e-06 -5.027519e-05 1.076552e-04
12367.277713 6.712912e-01 4.462740e-02 2.091573e-02 1.297522e-01 3.208301e-05 2.266781e-06 -5.282922e-05 1.119222e-04
12371.709527 6.714150e-01 4.464411e-02 2.098051e-02 1.304167e-01 2.977277e-05 5.466835e-06 -4.875244e-05 1.028597e-04
12376.153532 6.705029e-01 4.484711e-02 2.113195e-02 1.304067e-01 1.566087e-05 -3.758017e-06 -5.002615e-05 8.993666e-05
12380.609730 6.697748e-01 4.536150e-02 2.142478e-02 1.301631e-01 2.017276e-05 -1.507017e-06 -5.202535e-05 9.337494e-05
12385.078119 6.693688e-01 4.567221e-02 2.161755e-02 1.299377e-01 1.742142e-05 -6.817220e-06 -4.603002e-05 9.761467e-05
12389.558700 6.682979e-01 4.567472e-02 2.166600e-02 1.307005e-01 1.470949e-05 -9.715613e-06 -4.131490e-05 9.783670e-05
12394.051473 6.678194e-01 4.600288e-02 2.186347e-02 1.313568e-01 1.877905e-05 -2.586651e-06 -4.266741e-05 8.980708e-05
12398.556438 6.668843e-01 4.625643e-02 2.199385e-02 1.319239e-01 2.222094e-05 3.434403e-06 -4.193173e-05 9.488822e-05
12403.073595 6.664294e-01 4.635254e-02 2.210560e-02 1.315038e-01 2.179059e-05 -4.136740e-06 -2.981793e-05 9.877253e-05
12407.602944 6.653680e-01 4.643823e-02 2.218525e-02 1.313446e-01 3.016667e-05 -5.227113e-06 -3.643107e-05 8.850901e-05
12412.144485 6.646079e-01 4.661170e-02 2.233178e-02 1.330590e-01 2.145461e-05 -8.223941e-06 -3.041556e-05 7.812316e-05
12416.698218 6.625053e-01 4.680211e-02 2.240959e-02 1.339864e-01 2.901841e-05 -5.150603e-07 -2.800017e-05 9.257391e-05
12421.264142 6.600713e-01 4.693477e-02 2.249115e-02 1.338462e-01 2.644505e-05 8.499303e-07 -2.379270e-05 9.425881e-05
12425.842259 6.613449e-01 4.725215e-02 2.272378e-02 1.322212e-01 1.577959e-05 4.560703e-07 -2.677588e-05 9.249242e-05
12430.432567 6.616581e-01 4.737611e-02 2.274368e-02 1.304431e-01 8.463412e-06 -9.545098e-06 -1.733199e-05 9.667485e-05
12435.035068 6.613764e-01 4.756942e-02 2.288595e-02 1.300571e-01 8.014672e-06 -1.385652e-05 -2.097149e-05 9.812392e-05
12439.649760 6.603652e-01 4.772172e-02 2.303506e-02 1.295566e-01 1.211802e-05 -1.653272e-05 -2.900723e-05 8.874817e-05
12444.276644 6.591929e-01 4.786902e-02 2.318538e-02 1.294889e-01 2.025096e-05 -1.294903e-05 -3.696276e-05 9.247983e-05
12448.915720 6.579090e-01 4.810784e-02 2.333492e-02 1.294950e-01 2.814171e-05 -7.037456e-06 -2.448776e-05 9.565805e-05
12453.566988 6.583543e-01 4.817369e-02 2.342635e-02 1.293789e-01 2.802204e-05 2.687498e-06 -1.941349e-05 9.308685e-05
12458.230448 6.576307e-01 4.841025e-02 2.362274e-02 1.293843e-01 3.227065e-05 -2.868944e-06 -2.738107e-05 9.960213e-05
12462.906100 6.568864e-01 4.838973e-02 2.363432e-02 1.297835e-01 2.464046e-05 -1.066958e-06 -3.281715e-05 9.797394e-05
12467.593943 6.565917e-01 4.825924e-02 2.363154e-02 1.301164e-01 1.730388e-05 4.318434e-06 -3.287733e-05 1.055382e-04
12472.293979 6.555920e-01 4.843884e-02 2.388929e-02 1.301195e-01 1.715446e-05 6.197870e-06 -3.693187e-05 9.493655e-05
12477.006206 6.550653e-01 4.861849e-02 2.403014e-02 1.299067e-01 1.945590e-05 4.375371e-06 -2.541103e-05 9.238895e-05
12481.730626 6.549076e-01 4.870109e-02 2.415097e-02 1.300897e-01 2.248799e-05 6.735094e-06 -2.594661e-05 9.189417e-05
12486.467237 6.540352e-01 4.868146e-02 2.420446e-02 1.305418e-01 2.462961e-05 -3.573301e-06 -2.988373e-05 8.650785e-05
12491.216040 6.533975e-01 4.866998e-02 2.429200e-02 1.305488e-01 2.585761e-05 -4.150852e-06 -3.485843e-05 8.517863e-05
12495.977036 6.515967e-01 4.891023e-02 2.449833e-02 1.299888e-01 2.148692e-05 2.609233e-06 -3.726687e-05 9.296555e-05
12500.750223 6.487457e-01 4.894084e-02 2.459009e-02 1.297152e-01 1.775322e-05 -2.358219e-07 -3.281467e-05 1.027335e-04
12505.535602 6.506971e-01 4.950321e-02 2.499502e-02 1.295228e-01 1.500301e-05 1.749070e-07 -2.884735e-05 1.007166e-04
12510.333172 6.511140e-01 5.034019e-02 2.545097e-02 1.296525e-01 1.373408e-05 7.476330e-06 -3.195164e-05 1.052427e-04
12515.142935 6.502879e-01 5.091915e-02 2.580884e-02 1.298534e-01 1.570245e-05 9.429366e-06 -3.731940e-05 9.288964e-05
12519.964890 6.495410e-01 5.128046e-02 2.604112e-02 1.297809e-01 1.250482e-05 5.638606e-06 -2.567045e-05 8.807982e-05
12524.799037 6.485524e-01 5.148981e-02 2.617256e-02 1.295501e-01 8.010911e-06 6.436517e-07 -2.814891e-05 9.260802e-05
12529.645375 6.423890e-01 5.121783e-02 2.610582e-02 1.284115e-01 8.220202e-06 1.115653e-05 -2.669390e-05 8.709914e-05
12534.503905 3.317961e-01 2.662949e-02 1.359966e-02 6.626853e-02 4.327019e-06 6.103966e-06 -1.715549e-05 4.519259e-05
12539.374628 6.470521e-03 5.202085e-04 2.652709e-04 1.292625e-03 1.701271e-07 1.090175e-07 -3.849482e-07 9.102077e-07
