# Facility: NSLS-II
# Beamline: QAS
# Year: 2023
# Cycle: 3
# SAF: 312215
# PI: Reece
# Proposal: 313586
# Scan ID: 271242
# UID: 6c5a189b-d194-4a41-bfb1-9dbf66295009
# Comment: 
# Start time: 10/18/2023  22:23:43
# Stop time: 10/18/2023  22:24:15
# Total time: 00:31
# Trajectory name: Pt-L3-30s-11564.txt
# Element: Platinum ( 78)
# Edge: L3
# E0: 11564
# Reference Foil Element: Pt
# Keithley Gains I0: 1E6 V/A It: 1E6 V/A Iref: 1E7 V/A PIPS: 1E8 V/A 
# Ion Chamber Gas Flow Rates: I0: 0.00 sccm He + 189.60 sccm N2 + 9.80 sccm Ar 
# Ion Chamber Gas Flow Rates: It&Iref: 39.70 sccm N2 + 60.10 sccm Ar
# Incident Beam Path Vertical: 31.75 mm
# Incident Slits Positions B: TOP: 2.0 mm Bottom: 1.0 mm Inboard: 0.57675 mm Outboard: 1.57675 mm
# Sample Stage Positions: Rotation: 35.0 deg Horizontal: -10.11 mm Vertical: 15.39 mm Beam Direction: 0.00 mm
# PerkinElmer Vertical Position: 500.00 mm
# Linkam Oven Temperature : 3.03 C and Ramp Rate: 20.00 C/min.
# Front End Mirror Horizontal Positions: Up: -14.00 mm Down: -14.00 mm
#
# energy  i0  it  ir  iff  aux1  aux2  aux3  aux4
11380.468179 4.205030e-01 -1.425312e-03 8.682990e-04 2.459497e-02 1.161893e-05 -1.501571e-05 1.057759e-05 3.000459e-05
11385.468179 8.264851e-01 -2.826869e-03 1.733281e-03 4.834135e-02 1.947117e-05 -3.274595e-05 3.284594e-05 6.336450e-05
11390.468179 8.324309e-01 -2.846342e-03 1.752843e-03 4.894017e-02 2.230518e-05 -3.720993e-05 2.620276e-05 5.998574e-05
11395.468179 8.400381e-01 -2.851735e-03 1.777863e-03 4.988908e-02 2.781118e-05 -3.511608e-05 2.393137e-05 6.529857e-05
11400.468179 8.383019e-01 -2.863256e-03 1.745785e-03 5.016754e-02 2.819291e-05 -3.365435e-05 1.058412e-05 5.888102e-05
11405.468179 8.364959e-01 -2.850805e-03 1.751431e-03 5.002868e-02 2.437030e-05 -4.543684e-05 1.796236e-05 5.366385e-05
11410.468179 8.338527e-01 -2.844540e-03 1.732217e-03 4.954068e-02 2.479128e-05 -4.572237e-05 2.130506e-05 5.629877e-05
11415.468179 8.256304e-01 -2.842660e-03 1.758258e-03 4.890532e-02 2.458533e-05 -4.188007e-05 2.778245e-05 4.935642e-05
11420.468179 8.255771e-01 -2.852437e-03 1.750287e-03 4.887880e-02 1.558428e-05 -3.133397e-05 3.002134e-05 5.213267e-05
11425.468179 8.324120e-01 -2.858863e-03 1.788239e-03 4.959201e-02 8.253826e-06 -3.319795e-05 2.688624e-05 5.058779e-05
11430.468179 8.332774e-01 -2.851384e-03 1.741827e-03 4.984800e-02 1.672984e-05 -3.494143e-05 1.002594e-05 5.701169e-05
11435.468179 8.315282e-01 -2.841539e-03 1.770796e-03 4.978646e-02 1.583985e-05 -3.384461e-05 2.730509e-05 5.921794e-05
11440.468179 8.311136e-01 -2.847800e-03 1.762451e-03 4.994955e-02 2.065096e-05 -2.782372e-05 2.248864e-05 4.832583e-05
11445.468179 8.300837e-01 -2.863196e-03 1.772254e-03 4.970930e-02 2.232857e-05 -2.248493e-05 2.198032e-05 6.441292e-05
11450.468179 8.288310e-01 -2.850429e-03 1.728035e-03 5.005406e-02 3.184369e-05 -3.074483e-05 2.206900e-05 6.491410e-05
11455.468179 8.276716e-01 -2.845247e-03 1.735741e-03 5.057964e-02 3.020046e-05 -2.727432e-05 2.281992e-05 5.837293e-05
11460.468179 8.264240e-01 -2.845932e-03 1.759071e-03 5.065449e-02 2.177995e-05 -1.956568e-05 2.120242e-05 6.491969e-05
11465.468179 8.246842e-01 -2.848014e-03 1.783021e-03 5.017653e-02 2.166449e-05 -2.889290e-05 1.929017e-05 6.330733e-05
11470.468179 8.242602e-01 -2.850491e-03 1.744499e-03 5.007015e-02 3.156216e-05 -3.832243e-05 3.424259e-05 6.257673e-05
11475.468179 8.236344e-01 -2.842587e-03 1.775712e-03 5.025681e-02 3.442522e-05 -3.823177e-05 3.571613e-05 6.877593e-05
11480.468179 8.232729e-01 -2.829542e-03 1.798780e-03 5.029515e-02 3.740180e-05 -3.298979e-05 2.767771e-05 8.156315e-05
11485.468179 8.223308e-01 -2.833111e-03 1.816911e-03 5.059447e-02 2.903428e-05 -2.698744e-05 3.642789e-05 7.640206e-05
11490.468179 8.211252e-01 -2.833197e-03 1.765895e-03 5.113442e-02 3.111424e-05 -2.721811e-05 2.401666e-05 7.490328e-05
11495.468179 8.201007e-01 -2.822267e-03 1.713342e-03 5.111813e-02 3.260232e-05 -3.242414e-05 2.716054e-05 8.301191e-05
11500.468179 8.188458e-01 -2.822462e-03 1.753755e-03 5.069298e-02 2.814492e-05 -2.867572e-05 1.568026e-05 7.151388e-05
11505.468179 8.178305e-01 -2.820479e-03 1.785220e-03 5.086559e-02 3.171334e-05 -2.507899e-05 2.133973e-05 7.515068e-05
11510.468179 8.169426e-01 -2.823079e-03 1.726920e-03 5.087717e-02 3.268757e-05 -2.594505e-05 3.090927e-05 7.561504e-05
11515.468179 8.159901e-01 -2.823427e-03 1.764187e-03 5.098993e-02 2.797139e-05 -2.511992e-05 3.222704e-05 6.061311e-05
11520.468179 8.157557e-01 -2.826467e-03 1.780928e-03 5.139673e-02 2.483702e-05 -2.538396e-05 2.489907e-05 5.721529e-05
11525.468179 8.144563e-01 -2.840550e-03 1.763224e-03 5.166749e-02 2.148828e-05 -2.837025e-05 1.774075e-05 6.762510e-05
11530.468179 8.135716e-01 -2.839174e-03 1.731470e-03 5.248612e-02 2.508060e-05 -2.820600e-05 2.130112e-06 8.326648e-05
11534.000000 8.131790e-01 -2.852766e-03 1.764209e-03 5.290113e-02 3.478955e-05 -3.744633e-05 1.214545e-06 8.383661e-05
11535.000000 8.139221e-01 -2.844234e-03 1.797170e-03 5.255531e-02 3.120080e-05 -3.090476e-05 3.633777e-06 8.099802e-05
11536.000000 8.131005e-01 -2.864146e-03 1.739950e-03 5.273513e-02 3.352979e-05 -4.085628e-05 7.483506e-06 5.196173e-05
11537.000000 8.118957e-01 -2.841439e-03 1.781722e-03 5.310276e-02 1.884208e-05 -4.140811e-05 2.334466e-05 8.642466e-05
11538.000000 8.121026e-01 -2.826098e-03 1.751682e-03 5.254815e-02 2.552764e-05 -4.372252e-05 1.928476e-05 7.757719e-05
11539.000000 8.124707e-01 -2.835004e-03 1.731591e-03 5.290537e-02 2.917582e-05 -5.113455e-05 3.370861e-06 7.652121e-05
11540.000000 8.125156e-01 -2.846725e-03 1.695724e-03 5.305396e-02 2.996110e-05 -4.672349e-05 6.029772e-06 8.356532e-05
11541.000000 8.121121e-01 -2.855555e-03 1.762440e-03 5.370015e-02 1.351772e-05 -4.676675e-05 3.106450e-05 9.373507e-05
11541.200000 8.011810e-01 -2.788391e-03 1.667331e-03 5.082233e-02 5.681174e-06 -4.879499e-05 3.815751e-05 7.930803e-05
11541.400000 8.174921e-01 -2.969079e-03 1.707691e-03 5.366103e-02 1.975824e-05 -5.536491e-05 4.267459e-05 1.003144e-04
11541.600000 8.121806e-01 -2.820518e-03 1.814684e-03 5.443917e-02 8.556751e-06 -4.953427e-05 2.706808e-05 7.687277e-05
11541.800000 8.096498e-01 -2.902282e-03 1.516690e-03 5.255488e-02 2.201041e-05 -5.047002e-05 2.813909e-05 8.107110e-05
11542.000000 8.095460e-01 -2.891052e-03 1.720190e-03 5.171487e-02 2.367532e-05 -5.025008e-05 3.035185e-05 9.281068e-05
11542.200000 8.112269e-01 -2.797808e-03 1.695712e-03 5.462758e-02 2.466353e-05 -4.284487e-05 1.262312e-05 8.606581e-05
11542.400000 8.081013e-01 -2.914829e-03 1.625836e-03 5.470578e-02 3.681596e-05 -4.544046e-05 1.377963e-05 9.118843e-05
11542.600000 8.145198e-01 -2.718881e-03 1.820544e-03 5.314642e-02 3.556395e-05 -4.698217e-05 2.684758e-06 8.544773e-05
11542.800000 8.097993e-01 -2.861620e-03 1.474816e-03 5.344810e-02 3.287863e-05 -4.982661e-05 1.431453e-07 8.616897e-05
11543.000000 8.182164e-01 -2.803676e-03 1.790898e-03 5.237049e-02 1.438000e-05 -5.792151e-05 7.233692e-06 7.568301e-05
11543.200000 7.940813e-01 -2.749153e-03 1.884565e-03 5.343198e-02 2.075706e-05 -4.407393e-05 7.242541e-06 8.130818e-05
11543.400000 8.167718e-01 -2.873262e-03 1.895640e-03 5.284307e-02 1.496500e-05 -4.118578e-05 -1.042196e-05 7.293194e-05
11543.600000 8.122351e-01 -2.810834e-03 1.696148e-03 5.147063e-02 2.036215e-05 -5.182004e-05 -1.147741e-05 2.975845e-05
11543.800000 8.119985e-01 -2.915441e-03 1.811463e-03 5.362271e-02 3.374413e-05 -4.570111e-05 1.652481e-05 3.346388e-05
11544.000000 8.093496e-01 -2.779225e-03 1.643040e-03 5.255489e-02 1.065765e-05 -4.827586e-05 2.528385e-05 5.764194e-05
11544.200000 8.149255e-01 -2.952442e-03 1.769758e-03 5.408012e-02 2.003340e-05 -4.740626e-05 4.944033e-06 8.019719e-05
11544.400000 8.103039e-01 -2.812268e-03 1.783657e-03 5.662780e-02 2.006175e-05 -4.841352e-05 1.137007e-06 8.242668e-05
11544.600000 8.059642e-01 -2.858203e-03 1.667669e-03 5.162888e-02 2.627478e-05 -5.388282e-05 1.055505e-05 9.759775e-05
11544.800000 8.114970e-01 -2.878856e-03 1.687162e-03 5.241304e-02 3.352876e-05 -5.333954e-05 1.234913e-05 7.721913e-05
11545.000000 8.163611e-01 -2.817253e-03 1.652953e-03 5.328458e-02 2.189221e-05 -4.806586e-05 2.188542e-05 9.072529e-05
11545.200000 8.022176e-01 -2.882185e-03 1.784565e-03 5.460824e-02 2.598231e-05 -4.387889e-05 2.041262e-05 1.047884e-04
11545.400000 8.136605e-01 -2.758138e-03 2.028409e-03 5.369648e-02 2.599447e-05 -4.192737e-05 2.598903e-05 9.174403e-05
11545.600000 8.114957e-01 -2.868575e-03 1.666157e-03 5.459397e-02 4.512442e-05 -4.484978e-05 2.272693e-05 8.833809e-05
11545.800000 8.131508e-01 -2.718410e-03 1.755343e-03 5.468722e-02 2.711677e-05 -4.557473e-05 4.772672e-05 1.012939e-04
11546.000000 8.086701e-01 -2.806140e-03 1.674746e-03 5.450687e-02 4.108641e-05 -4.252563e-05 2.558973e-05 1.031294e-04
11546.200000 8.126330e-01 -2.820902e-03 1.759038e-03 5.389049e-02 3.402473e-05 -4.199387e-05 2.468299e-05 9.838595e-05
11546.400000 8.099056e-01 -2.806097e-03 1.651269e-03 5.122597e-02 2.946965e-05 -3.855783e-05 -1.096212e-05 7.775025e-05
11546.600000 8.148617e-01 -2.883370e-03 1.531309e-03 5.404589e-02 2.802975e-05 -4.195464e-05 -1.988302e-06 8.508731e-05
11546.800000 8.131503e-01 -2.806584e-03 1.854895e-03 5.802423e-02 2.332377e-05 -4.954535e-05 8.443196e-06 8.989616e-05
11547.000000 8.017574e-01 -2.913803e-03 1.467873e-03 5.297718e-02 3.457594e-05 -4.273351e-05 1.163689e-05 6.111197e-05
11547.200000 8.141513e-01 -2.793691e-03 1.835328e-03 5.275524e-02 2.913487e-05 -4.351360e-05 2.864934e-05 1.041360e-04
11547.400000 8.091949e-01 -2.908395e-03 1.841331e-03 5.284875e-02 3.563162e-05 -3.898247e-05 1.670349e-05 9.672139e-05
11547.600000 8.113592e-01 -2.828708e-03 1.731284e-03 5.630099e-02 1.603564e-05 -4.188748e-05 -5.809143e-06 7.823606e-05
11547.800000 8.110504e-01 -2.887301e-03 1.777718e-03 5.503868e-02 1.482796e-05 -4.733532e-05 8.659636e-06 8.263548e-05
11548.000000 8.108180e-01 -2.908013e-03 1.795160e-03 5.396338e-02 3.433058e-05 -5.320639e-05 3.457847e-05 1.009635e-04
11548.200000 8.119641e-01 -2.825133e-03 1.918775e-03 5.439362e-02 1.034497e-05 -6.041452e-05 7.067711e-06 1.045045e-04
11548.400000 8.106336e-01 -2.908320e-03 1.717794e-03 5.241776e-02 2.159347e-05 -6.593623e-05 2.496168e-06 9.880312e-05
11548.600000 8.123767e-01 -2.802138e-03 1.754032e-03 5.355355e-02 1.714206e-05 -5.363385e-05 4.793263e-06 8.393941e-05
11548.800000 8.052332e-01 -2.876842e-03 1.684875e-03 5.698126e-02 3.905620e-05 -4.784070e-05 1.152696e-05 7.930722e-05
11549.000000 8.136370e-01 -2.811714e-03 1.836303e-03 5.296772e-02 1.988078e-05 -5.275598e-05 8.871705e-06 7.110317e-05
11549.200000 8.075694e-01 -2.900551e-03 1.968147e-03 5.510094e-02 4.364428e-05 -4.363453e-05 -1.494606e-05 6.439581e-05
11549.400000 8.084922e-01 -2.852187e-03 1.626116e-03 5.561352e-02 1.871901e-05 -4.032298e-05 8.552325e-06 7.913848e-05
11549.600000 8.092179e-01 -2.905476e-03 1.506939e-03 5.409556e-02 1.999654e-05 -3.875625e-05 -1.743009e-05 5.521829e-05
11549.800000 8.127164e-01 -2.806497e-03 1.862102e-03 5.465674e-02 1.641530e-05 -4.305530e-05 3.191672e-07 7.658104e-05
11550.000000 8.102898e-01 -2.872405e-03 1.581424e-03 5.407685e-02 2.319559e-05 -5.168780e-05 2.272937e-05 8.856004e-05
11550.200000 8.099561e-01 -2.876240e-03 1.862066e-03 5.577152e-02 2.323210e-05 -4.790756e-05 8.498408e-06 7.824347e-05
11550.400000 8.069941e-01 -2.808348e-03 1.803015e-03 5.417503e-02 2.229185e-05 -4.693331e-05 5.763870e-06 7.059317e-05
11550.600000 8.144829e-01 -2.897072e-03 1.445131e-03 5.532864e-02 2.954129e-05 -4.185853e-05 1.668846e-05 8.098215e-05
11550.800000 8.148025e-01 -2.861990e-03 1.512933e-03 5.536671e-02 2.363178e-05 -4.456538e-05 1.135246e-05 6.544617e-05
11551.000000 8.105854e-01 -2.881254e-03 1.498259e-03 5.726965e-02 2.649401e-05 -4.131778e-05 7.707499e-06 6.937776e-05
11551.200000 8.146988e-01 -2.794509e-03 1.796867e-03 5.674342e-02 2.637510e-05 -3.751179e-05 4.563324e-06 6.850356e-05
11551.400000 8.108316e-01 -2.920986e-03 1.577579e-03 5.517291e-02 3.737929e-05 -4.762769e-05 5.628766e-06 8.022678e-05
11551.600000 8.128741e-01 -2.772038e-03 1.869495e-03 5.519708e-02 2.340931e-05 -5.334221e-05 -8.054520e-07 6.865857e-05
11551.800000 8.089578e-01 -2.895881e-03 1.633382e-03 5.800393e-02 3.536676e-05 -4.116586e-05 2.634902e-05 7.564231e-05
11552.000000 8.102193e-01 -2.749610e-03 1.756482e-03 5.568137e-02 1.774199e-05 -4.246212e-05 3.533857e-05 8.129200e-05
11552.200000 8.064285e-01 -2.870961e-03 1.626409e-03 5.351549e-02 3.256999e-05 -4.226655e-05 2.618468e-05 6.675477e-05
11552.400000 8.129190e-01 -2.779646e-03 1.922059e-03 5.825644e-02 1.803056e-05 -4.782065e-05 3.918849e-05 9.339908e-05
11552.600000 8.086011e-01 -2.865915e-03 2.040646e-03 5.632262e-02 2.707742e-05 -4.528304e-05 1.200037e-05 8.565084e-05
11552.800000 8.171700e-01 -2.851886e-03 1.808180e-03 5.709672e-02 3.206603e-05 -4.512065e-05 3.230341e-05 8.501664e-05
11553.000000 8.105470e-01 -2.903316e-03 1.761067e-03 5.701991e-02 4.844946e-05 -4.971215e-05 1.090138e-05 3.345911e-05
11553.200000 8.098307e-01 -2.731542e-03 1.638671e-03 5.498133e-02 3.812438e-05 -3.747712e-05 1.829387e-05 6.401488e-05
11553.400000 8.124719e-01 -2.891161e-03 1.561940e-03 5.744214e-02 3.793016e-05 -2.520709e-05 1.409049e-05 9.123418e-05
11553.600000 8.105204e-01 -2.758094e-03 1.942485e-03 5.728971e-02 2.961721e-05 -2.835198e-05 1.564155e-05 7.759671e-05
11553.800000 8.121422e-01 -2.873634e-03 1.623299e-03 5.699895e-02 3.755461e-05 -3.049738e-05 3.010766e-05 8.716783e-05
11554.000000 8.113667e-01 -2.748188e-03 1.751666e-03 5.728268e-02 1.621358e-05 -3.848335e-05 2.363110e-05 8.308723e-05
11554.200000 8.056676e-01 -2.854045e-03 1.799860e-03 5.866507e-02 1.319383e-05 -4.222356e-05 2.796643e-05 7.228925e-05
11554.400000 8.097377e-01 -2.851930e-03 1.907581e-03 5.730037e-02 1.231427e-05 -4.901646e-05 1.897145e-05 6.403841e-05
11554.600000 8.075071e-01 -2.908069e-03 1.441865e-03 5.589290e-02 2.867048e-05 -5.325318e-05 2.066423e-05 6.808909e-05
11554.800000 8.148691e-01 -2.826614e-03 1.775018e-03 5.547695e-02 1.034865e-05 -4.929461e-05 1.351326e-05 6.588865e-05
11555.000000 8.020173e-01 -2.905705e-03 1.555457e-03 5.628004e-02 1.176967e-05 -4.905911e-05 1.444172e-05 7.109517e-05
11555.200000 8.153746e-01 -2.833503e-03 1.675930e-03 6.019329e-02 5.044236e-06 -4.304678e-05 1.079860e-05 7.611835e-05
11555.400000 8.044144e-01 -2.913754e-03 1.564737e-03 5.731780e-02 2.173056e-05 -4.233984e-05 2.188563e-05 8.591952e-05
11555.600000 8.105015e-01 -2.837290e-03 1.751136e-03 5.843138e-02 1.964598e-05 -4.323372e-05 1.099488e-05 8.794517e-05
11555.800000 8.091162e-01 -2.893364e-03 1.545295e-03 5.814512e-02 1.793617e-05 -3.741237e-05 -3.328722e-06 8.154083e-05
11556.000000 8.090358e-01 -2.838083e-03 1.901333e-03 5.957442e-02 2.719523e-05 -3.522405e-05 -2.666972e-06 8.881524e-05
11556.200000 8.074869e-01 -2.878263e-03 1.673918e-03 5.967260e-02 3.703929e-05 -4.548654e-05 -5.599263e-08 7.756161e-05
11556.400000 8.127624e-01 -2.880947e-03 1.697555e-03 5.873033e-02 2.751548e-05 -3.962115e-05 -3.871143e-07 7.706305e-05
11556.600000 8.107623e-01 -2.838899e-03 1.804687e-03 5.821409e-02 3.218392e-05 -4.481383e-05 1.886982e-06 6.641808e-05
11556.800000 8.044256e-01 -2.859228e-03 1.768909e-03 5.970501e-02 5.263865e-05 -3.818098e-05 1.538546e-05 8.840674e-05
11557.000000 8.143240e-01 -2.803126e-03 1.622267e-03 6.020936e-02 4.687076e-05 -4.455518e-05 2.756070e-05 9.150943e-05
11557.200000 8.046215e-01 -2.856974e-03 1.663487e-03 6.212981e-02 4.604896e-05 -4.423634e-05 3.042959e-05 8.754076e-05
11557.400000 8.030131e-01 -2.793159e-03 1.554472e-03 6.128249e-02 3.697209e-05 -4.261179e-05 2.306264e-05 7.227135e-05
11557.600000 8.103207e-01 -2.876557e-03 1.729060e-03 6.102539e-02 4.548593e-05 -3.785382e-05 2.764724e-05 6.879109e-05
11557.800000 8.101136e-01 -2.795100e-03 1.796021e-03 5.928716e-02 2.694190e-05 -3.517173e-05 3.475082e-05 7.157086e-05
11558.000000 8.081500e-01 -2.882188e-03 1.573713e-03 6.307985e-02 3.000691e-05 -3.698508e-05 3.503021e-05 8.424392e-05
11558.200000 8.092771e-01 -2.805772e-03 1.604393e-03 6.349176e-02 1.806590e-05 -2.971371e-05 -7.114537e-07 6.762337e-05
11558.400000 8.126269e-01 -2.930627e-03 1.535798e-03 6.441818e-02 3.544394e-05 -3.715861e-05 1.646808e-05 9.053189e-05
11558.600000 8.116996e-01 -2.811905e-03 1.659842e-03 6.332814e-02 2.543360e-05 -3.412038e-05 2.041625e-05 9.013894e-05
11558.800000 8.098760e-01 -2.889906e-03 1.703242e-03 6.355384e-02 2.743016e-05 -3.241686e-05 4.251301e-05 9.934634e-05
11559.000000 8.067382e-01 -2.779775e-03 1.720973e-03 6.511799e-02 1.739070e-05 -2.336039e-05 3.381050e-05 7.697205e-05
11559.200000 8.067686e-01 -2.845233e-03 1.479697e-03 6.491812e-02 1.299209e-05 -2.790913e-05 1.622684e-05 8.052944e-05
11559.400000 8.088033e-01 -2.849326e-03 1.775825e-03 6.517920e-02 2.005133e-05 -2.771556e-05 9.762484e-06 8.495569e-05
11559.600000 8.073921e-01 -2.809700e-03 1.839188e-03 6.717154e-02 1.012165e-05 -1.239743e-05 2.917775e-05 8.671188e-05
11559.800000 8.134413e-01 -2.884444e-03 1.698360e-03 6.788667e-02 1.586259e-05 -1.698180e-05 2.346236e-05 8.442976e-05
11560.000000 8.123314e-01 -2.793418e-03 1.795346e-03 6.634954e-02 1.504946e-05 -1.654676e-05 2.250531e-06 7.521421e-05
11560.200000 8.071934e-01 -2.869628e-03 1.415683e-03 6.858104e-02 1.491431e-05 -1.804573e-05 -2.716773e-06 6.101691e-05
11560.400000 8.117191e-01 -2.827980e-03 1.711146e-03 6.956322e-02 1.499366e-05 -2.160307e-05 3.460459e-06 7.812350e-05
11560.600000 8.076869e-01 -2.849124e-03 1.743952e-03 7.009466e-02 2.180239e-05 -1.867334e-05 -1.014072e-06 8.386480e-05
11560.800000 8.091424e-01 -2.897711e-03 1.745219e-03 7.051133e-02 4.287861e-05 -1.497931e-05 7.062339e-06 7.915955e-05
11561.000000 8.054705e-01 -2.831190e-03 1.708837e-03 7.086335e-02 2.900259e-05 -2.009256e-05 -1.901297e-05 6.499281e-05
11561.200000 8.066480e-01 -2.873646e-03 1.619097e-03 7.185566e-02 2.455484e-05 -3.115459e-05 -3.203368e-07 8.049541e-05
11561.400000 8.121358e-01 -2.874779e-03 1.784515e-03 7.367237e-02 2.350466e-05 -3.138254e-05 -2.050483e-05 6.237879e-05
11561.600000 8.092197e-01 -2.835769e-03 1.709424e-03 7.505756e-02 6.267404e-06 -3.119157e-05 4.616421e-06 8.341589e-05
11561.800000 8.092734e-01 -2.886085e-03 1.705528e-03 7.721871e-02 1.086033e-05 -3.743372e-05 -8.651896e-06 7.292875e-05
11562.000000 8.086661e-01 -2.938978e-03 1.762012e-03 7.853053e-02 1.309522e-05 -4.279963e-05 -1.451888e-05 6.597311e-05
11562.200000 8.117951e-01 -2.868645e-03 1.798825e-03 7.990610e-02 -1.005839e-06 -5.313756e-05 5.773769e-06 6.494566e-05
11562.400000 8.055963e-01 -2.828062e-03 1.912453e-03 8.162555e-02 2.709962e-06 -5.201755e-05 -5.349686e-06 8.078158e-05
11562.600000 8.060524e-01 -2.837035e-03 1.747244e-03 8.173573e-02 1.671175e-05 -4.226795e-05 -6.336679e-06 8.026311e-05
11562.800000 8.082013e-01 -2.821825e-03 1.747549e-03 8.448964e-02 1.476907e-05 -3.516726e-05 1.897238e-05 9.344009e-05
11563.000000 8.085280e-01 -2.887128e-03 1.634633e-03 8.883704e-02 1.781230e-05 -2.675700e-05 3.503071e-05 9.257977e-05
11563.200000 8.111092e-01 -2.859259e-03 1.799894e-03 8.992382e-02 1.362186e-05 -3.322050e-05 7.181053e-06 8.799393e-05
11563.400000 8.084395e-01 -2.838734e-03 1.865198e-03 9.142838e-02 1.449381e-05 -4.221742e-05 -1.184861e-06 8.912370e-05
11563.600000 8.098473e-01 -2.826859e-03 1.669091e-03 9.422946e-02 1.367687e-05 -3.844784e-05 -8.011645e-06 8.281260e-05
11563.800000 8.093307e-01 -2.860649e-03 1.728371e-03 9.826882e-02 8.907620e-06 -2.998884e-05 -1.926014e-05 7.686205e-05
11564.000000 8.120465e-01 -2.860520e-03 1.684190e-03 9.962223e-02 8.272204e-06 -2.171434e-05 -1.401364e-05 8.327746e-05
11564.200000 8.059554e-01 -2.808748e-03 1.924683e-03 1.012053e-01 2.296774e-05 -3.838329e-05 -1.875523e-06 8.059907e-05
11564.400000 8.078530e-01 -2.836682e-03 1.838457e-03 1.054518e-01 1.923907e-05 -4.349399e-05 -1.816937e-05 7.889864e-05
11564.600000 8.098836e-01 -2.877192e-03 1.735303e-03 1.086152e-01 1.205568e-05 -4.154334e-05 8.661493e-06 8.985601e-05
11564.800000 8.079156e-01 -2.856998e-03 1.686959e-03 1.105179e-01 1.595317e-05 -4.835937e-05 2.131240e-05 8.714487e-05
11565.000000 8.096573e-01 -2.833878e-03 1.783977e-03 1.142943e-01 1.400569e-05 -3.996696e-05 -8.426330e-07 7.214927e-05
11565.200000 8.089250e-01 -2.839956e-03 1.753325e-03 1.182088e-01 1.878388e-05 -3.704554e-05 5.008569e-07 3.496987e-05
11565.400000 8.092636e-01 -2.835049e-03 1.706959e-03 1.200139e-01 1.251159e-05 -4.137093e-05 1.415667e-05 5.894765e-05
11565.600000 8.062386e-01 -2.797870e-03 1.901655e-03 1.217227e-01 1.261726e-05 -4.801893e-05 1.692983e-05 7.149068e-05
11565.800000 8.073185e-01 -2.830926e-03 1.849272e-03 1.247475e-01 1.530733e-05 -4.837542e-05 1.163039e-05 7.194159e-05
11566.000000 8.096905e-01 -2.814074e-03 1.839706e-03 1.274475e-01 2.199600e-05 -4.637640e-05 -1.530805e-06 7.961709e-05
11566.200000 8.086670e-01 -2.819810e-03 1.758019e-03 1.267513e-01 1.311259e-05 -5.284047e-05 7.228719e-06 8.442088e-05
11566.400000 8.088491e-01 -2.833286e-03 1.626552e-03 1.319114e-01 7.405786e-06 -5.019344e-05 -1.327083e-05 6.129959e-05
11566.600000 8.089322e-01 -2.841695e-03 1.719077e-03 1.314129e-01 1.540598e-05 -5.024243e-05 1.782625e-05 6.625369e-05
11566.800000 8.072378e-01 -2.833244e-03 1.865023e-03 1.334764e-01 1.350340e-05 -5.663593e-05 9.281428e-06 7.054145e-05
11567.000000 8.101375e-01 -2.830488e-03 1.781072e-03 1.330295e-01 1.155425e-05 -5.811202e-05 2.661721e-05 7.530101e-05
11567.200000 8.081237e-01 -2.802314e-03 1.612682e-03 1.353757e-01 1.441532e-05 -6.570813e-05 1.252128e-05 6.415180e-05
11567.400000 8.079056e-01 -2.816623e-03 1.630017e-03 1.357636e-01 1.554593e-05 -4.950256e-05 1.378405e-05 6.549219e-05
11567.600000 8.017108e-01 -2.842226e-03 1.630824e-03 1.342682e-01 1.842811e-05 -4.730683e-05 2.273910e-05 7.905815e-05
11567.800000 8.011421e-01 -2.844920e-03 1.609680e-03 1.357761e-01 1.481292e-05 -3.947353e-05 8.872041e-06 7.978362e-05
11568.000000 8.061381e-01 -2.852190e-03 1.603371e-03 1.376311e-01 1.301251e-05 -3.805914e-05 1.010738e-05 6.988986e-05
11568.200000 8.068652e-01 -2.857077e-03 1.709547e-03 1.367210e-01 2.245453e-05 -3.928128e-05 2.877013e-05 7.429732e-05
11568.400000 8.057360e-01 -2.828300e-03 1.821323e-03 1.357173e-01 2.614024e-05 -4.373013e-05 1.381259e-05 5.859447e-05
11568.600000 8.056042e-01 -2.852897e-03 1.752851e-03 1.367551e-01 1.991195e-05 -4.943730e-05 1.128828e-05 6.143816e-05
11568.800000 8.062602e-01 -2.837486e-03 1.743842e-03 1.365736e-01 1.595632e-05 -5.078741e-05 1.487079e-05 7.573656e-05
11569.000000 7.999640e-01 -2.853351e-03 1.736047e-03 1.361506e-01 1.693574e-05 -4.929028e-05 1.126481e-05 7.972879e-05
11569.200000 8.069139e-01 -2.898902e-03 1.773963e-03 1.356449e-01 1.997364e-05 -5.766301e-05 1.030031e-05 8.694843e-05
11569.400000 8.050671e-01 -2.805090e-03 1.766740e-03 1.347942e-01 2.697004e-05 -4.422797e-05 2.374337e-05 1.001420e-04
11569.600000 8.069616e-01 -2.839908e-03 1.697545e-03 1.356581e-01 3.427393e-05 -4.415879e-05 2.132444e-05 9.241359e-05
11569.800000 7.985564e-01 -2.807001e-03 1.688124e-03 1.334719e-01 2.888394e-05 -4.578057e-05 1.654758e-05 9.220592e-05
11570.000000 8.065278e-01 -2.834559e-03 1.793588e-03 1.341864e-01 2.324036e-05 -3.672737e-05 1.651759e-05 9.403931e-05
11570.200000 8.051021e-01 -2.828523e-03 1.745926e-03 1.327658e-01 3.329103e-05 -3.842458e-05 1.693931e-05 8.622999e-05
11570.400000 8.051692e-01 -2.836323e-03 1.686645e-03 1.314616e-01 2.944422e-05 -3.964027e-05 2.527774e-05 9.186539e-05
11570.600000 8.051950e-01 -2.869272e-03 1.792714e-03 1.307231e-01 1.949641e-05 -4.365644e-05 1.389329e-05 7.474082e-05
11570.800000 8.069344e-01 -2.866446e-03 1.856251e-03 1.308498e-01 2.214980e-05 -4.550750e-05 2.149387e-05 8.407078e-05
11571.000000 8.029596e-01 -2.860896e-03 1.759499e-03 1.288228e-01 2.552030e-05 -4.651685e-05 1.835059e-05 6.052544e-05
11571.200000 8.045120e-01 -2.890660e-03 1.567942e-03 1.268002e-01 3.574463e-05 -3.875285e-05 1.214615e-05 5.643565e-05
11571.400000 8.068032e-01 -2.855275e-03 1.856354e-03 1.278914e-01 2.915406e-05 -5.062493e-05 1.469563e-05 8.120738e-05
11571.600000 8.056322e-01 -2.848128e-03 1.730574e-03 1.277141e-01 2.067267e-05 -4.623666e-05 7.551195e-06 7.826761e-05
11571.800000 8.052325e-01 -2.848665e-03 1.616146e-03 1.270217e-01 1.500538e-05 -4.156862e-05 8.977633e-06 9.257464e-05
11572.000000 8.022556e-01 -2.843344e-03 1.804559e-03 1.252261e-01 2.242756e-05 -3.345275e-05 8.401345e-06 9.359942e-05
11572.200000 8.059479e-01 -2.835500e-03 1.846139e-03 1.245817e-01 2.347690e-05 -3.384295e-05 2.520635e-06 8.503664e-05
11572.400000 8.041201e-01 -2.827466e-03 1.779829e-03 1.240025e-01 2.097173e-05 -3.399317e-05 1.064900e-05 8.631973e-05
11572.600000 8.048127e-01 -2.879767e-03 1.829861e-03 1.236128e-01 1.659288e-05 -3.601369e-05 1.661033e-05 8.456427e-05
11572.800000 8.047138e-01 -2.868643e-03 1.784398e-03 1.225723e-01 1.150926e-05 -3.860116e-05 1.677539e-05 8.330426e-05
11573.000000 8.044515e-01 -2.861653e-03 1.886762e-03 1.220566e-01 7.544943e-06 -3.810651e-05 1.616745e-05 8.466119e-05
11573.200000 8.040772e-01 -2.843656e-03 1.852973e-03 1.218376e-01 4.710605e-06 -3.418472e-05 9.342709e-06 8.652398e-05
11573.400000 8.032325e-01 -2.842935e-03 1.778004e-03 1.206245e-01 -6.371222e-06 -2.952236e-05 9.969777e-06 8.465833e-05
11573.600000 8.041582e-01 -2.869410e-03 1.827236e-03 1.201520e-01 1.600059e-06 -3.002120e-05 1.289410e-05 7.746912e-05
11573.800000 8.036321e-01 -2.873108e-03 1.698523e-03 1.198500e-01 7.281431e-06 -3.448504e-05 1.349847e-05 7.648108e-05
11574.000000 8.042721e-01 -2.890589e-03 1.655614e-03 1.196773e-01 7.725028e-06 -2.584571e-05 7.679736e-06 7.296827e-05
11574.200000 8.037132e-01 -2.917495e-03 1.679645e-03 1.199687e-01 1.306587e-05 -3.240861e-05 1.853469e-07 7.468090e-05
11574.400000 8.046201e-01 -2.850973e-03 1.706461e-03 1.186793e-01 6.430951e-06 -3.204461e-05 1.488602e-05 7.359953e-05
11574.600000 8.044877e-01 -2.843730e-03 1.770701e-03 1.184391e-01 2.210229e-05 -3.589584e-05 3.910382e-06 7.238729e-05
11574.800000 8.043807e-01 -2.848493e-03 1.727281e-03 1.184267e-01 2.519125e-05 -4.173278e-05 -4.303929e-07 6.200456e-05
11575.000000 8.047455e-01 -2.857240e-03 1.675837e-03 1.180773e-01 7.345282e-06 -3.356827e-05 -4.334709e-06 6.498129e-05
11575.200000 8.053290e-01 -2.835784e-03 1.757603e-03 1.180102e-01 3.186085e-06 -3.118219e-05 1.032283e-05 6.097721e-05
11575.400000 8.040247e-01 -2.907667e-03 1.596759e-03 1.172249e-01 3.780755e-06 -2.681523e-05 4.087350e-06 7.488772e-05
11575.600000 8.045562e-01 -2.895662e-03 1.547864e-03 1.170242e-01 5.400209e-06 -2.689062e-05 -5.702185e-06 6.769465e-05
11575.800000 8.040337e-01 -2.834148e-03 1.597233e-03 1.168817e-01 4.057668e-06 -2.885308e-05 -1.077227e-05 7.981376e-05
11576.000000 8.040735e-01 -2.803371e-03 1.461009e-03 1.184158e-01 2.412566e-06 -3.718512e-05 -3.871150e-06 6.902110e-05
11576.200000 8.042306e-01 -2.857341e-03 1.813091e-03 1.174914e-01 1.462455e-05 -3.379293e-05 6.197684e-06 5.819865e-05
11576.400000 8.044323e-01 -2.823678e-03 1.839144e-03 1.172178e-01 1.469585e-05 -3.198258e-05 2.463722e-05 7.081991e-05
11576.600000 8.037582e-01 -2.847114e-03 1.834041e-03 1.161010e-01 8.470205e-06 -3.373696e-05 1.454341e-05 7.276012e-05
11576.800000 8.045506e-01 -2.798429e-03 1.754748e-03 1.164196e-01 1.400066e-05 -3.099176e-05 1.841737e-05 8.406746e-05
11577.000000 8.043134e-01 -2.846986e-03 1.691309e-03 1.178582e-01 2.087809e-05 -3.098158e-05 7.505260e-06 6.476476e-05
11577.200000 8.045808e-01 -2.868824e-03 1.657191e-03 1.175426e-01 3.585284e-05 -3.152837e-05 -6.857297e-07 6.765150e-05
11577.400000 8.039736e-01 -2.846283e-03 1.756077e-03 1.165132e-01 3.872925e-05 -4.072737e-05 -2.641852e-06 5.315427e-05
11577.600000 8.046751e-01 -2.834998e-03 1.672373e-03 1.160922e-01 2.366969e-05 -3.420955e-05 2.560123e-06 6.222714e-05
11577.800000 8.045314e-01 -2.836513e-03 1.738897e-03 1.169473e-01 2.114134e-05 -3.566725e-05 8.451977e-06 7.565454e-05
11578.000000 8.034471e-01 -2.850280e-03 1.790440e-03 1.179100e-01 2.098511e-05 -4.316317e-05 1.701824e-06 7.874025e-05
11578.200000 8.054133e-01 -2.853673e-03 1.749446e-03 1.171232e-01 1.523413e-05 -4.658888e-05 -4.181207e-06 7.342434e-05
11578.400000 8.039015e-01 -2.833029e-03 1.765959e-03 1.175571e-01 1.993678e-05 -4.253340e-05 -3.996469e-06 6.277052e-05
11578.600000 8.014779e-01 -2.814423e-03 1.528523e-03 1.167411e-01 2.305156e-05 -3.332256e-05 1.825788e-06 6.631639e-05
11578.800000 8.044493e-01 -2.797972e-03 1.751671e-03 1.173150e-01 2.567363e-05 -2.443571e-05 7.936809e-06 5.789081e-05
11579.000000 8.041104e-01 -2.801374e-03 1.733461e-03 1.167688e-01 2.687386e-05 -2.606000e-05 9.480143e-06 7.395894e-05
11579.200000 8.038902e-01 -2.826321e-03 1.715835e-03 1.168458e-01 1.994939e-05 -3.566337e-05 9.586031e-06 7.419118e-05
11579.400000 8.035669e-01 -2.839261e-03 1.704217e-03 1.162758e-01 2.439921e-05 -3.603892e-05 -4.921282e-06 8.051377e-05
11579.600000 8.045864e-01 -2.853377e-03 1.820086e-03 1.164249e-01 1.802399e-05 -4.168806e-05 -5.640156e-06 8.123358e-05
11579.800000 8.011986e-01 -2.795085e-03 2.008592e-03 1.161616e-01 1.137038e-05 -4.074123e-05 9.780553e-06 7.437304e-05
11580.000000 8.038367e-01 -2.798872e-03 1.756586e-03 1.175109e-01 1.047968e-05 -4.046462e-05 2.131115e-05 8.185589e-05
11580.200000 8.045324e-01 -2.820527e-03 1.785741e-03 1.174976e-01 1.818003e-05 -4.186535e-05 1.993258e-05 8.047062e-05
11580.400000 8.003919e-01 -2.817073e-03 1.853575e-03 1.153306e-01 1.787384e-05 -4.757237e-05 9.800225e-06 8.111514e-05
11580.600000 8.051454e-01 -2.837600e-03 1.849099e-03 1.169714e-01 2.365759e-05 -3.973368e-05 -7.802401e-06 6.741327e-05
11580.800000 8.026873e-01 -2.820770e-03 1.667224e-03 1.160091e-01 3.013839e-05 -4.307551e-05 7.285421e-07 6.714460e-05
11581.000000 8.039364e-01 -2.836778e-03 1.490458e-03 1.164019e-01 3.388496e-05 -3.817627e-05 -1.379150e-05 4.925515e-05
11581.200000 8.023817e-01 -2.861657e-03 1.364109e-03 1.172290e-01 3.367564e-05 -3.846683e-05 -6.186788e-06 8.437176e-05
11581.400000 8.048040e-01 -2.843644e-03 1.665885e-03 1.178174e-01 3.205696e-05 -3.406399e-05 -1.162529e-05 7.989948e-05
11581.600000 8.050783e-01 -2.847909e-03 1.864842e-03 1.164917e-01 1.818149e-05 -3.242878e-05 -2.068140e-05 5.506250e-05
11581.800000 8.012612e-01 -2.853283e-03 1.763148e-03 1.160392e-01 1.672802e-05 -4.137823e-05 9.130117e-06 5.676987e-05
11582.000000 8.040995e-01 -2.844772e-03 1.990887e-03 1.155380e-01 2.514464e-05 -4.556716e-05 1.852519e-05 7.374904e-05
11582.200000 8.038229e-01 -2.831329e-03 1.676976e-03 1.159978e-01 1.999828e-05 -4.118315e-05 2.373248e-05 8.312491e-05
11582.400000 8.027158e-01 -2.831299e-03 1.761199e-03 1.174386e-01 1.746913e-05 -4.313206e-05 1.247369e-05 6.617382e-05
11582.600000 8.028467e-01 -2.849488e-03 1.709361e-03 1.168261e-01 2.579827e-05 -3.581039e-05 8.827197e-06 6.119106e-05
11582.800000 8.026215e-01 -2.831312e-03 1.667236e-03 1.149948e-01 2.532846e-05 -3.595124e-05 9.951915e-06 8.625869e-05
11583.000000 8.018632e-01 -2.798999e-03 1.723645e-03 1.167330e-01 2.395385e-05 -3.523542e-05 1.203474e-05 8.646888e-05
11583.200000 8.032869e-01 -2.818482e-03 1.699040e-03 1.171694e-01 1.843757e-05 -3.452272e-05 -2.549096e-06 7.834899e-05
11583.400000 8.035283e-01 -2.806403e-03 1.575282e-03 1.157161e-01 2.426595e-05 -4.055303e-05 -5.683488e-06 8.020583e-05
11583.600000 8.039342e-01 -2.842465e-03 1.788441e-03 1.157086e-01 3.461869e-05 -3.655851e-05 1.040926e-05 8.514001e-05
11583.800000 8.020019e-01 -2.853392e-03 1.667344e-03 1.152053e-01 2.681931e-05 -3.406665e-05 1.131418e-05 9.056261e-05
11584.000000 8.031957e-01 -2.866948e-03 1.804125e-03 1.154487e-01 2.404826e-05 -3.449311e-05 -1.804963e-06 9.360892e-05
11584.200000 8.046572e-01 -2.850257e-03 1.784936e-03 1.152495e-01 3.096539e-05 -4.171696e-05 1.325808e-05 9.534001e-05
11584.400000 7.978268e-01 -2.816837e-03 1.565516e-03 1.152426e-01 2.608427e-05 -4.083095e-05 1.349351e-05 9.436746e-05
11584.600000 8.043870e-01 -2.846326e-03 1.701679e-03 1.155544e-01 2.682256e-05 -3.758702e-05 1.672918e-05 9.544298e-05
11584.800000 8.026988e-01 -2.827108e-03 1.673704e-03 1.175591e-01 3.190006e-05 -3.327489e-05 1.984491e-05 9.684232e-05
11585.000000 8.004324e-01 -2.822344e-03 1.704075e-03 1.144995e-01 3.825651e-05 -3.376918e-05 1.176660e-05 8.370565e-05
11585.200000 8.052344e-01 -2.832322e-03 1.779473e-03 1.165109e-01 3.829745e-05 -3.428724e-05 2.829670e-05 8.995887e-05
11585.400000 7.975743e-01 -2.823409e-03 1.789581e-03 1.148928e-01 4.131906e-05 -3.840277e-05 1.010952e-05 8.352380e-05
11585.600000 8.053228e-01 -2.817438e-03 1.721183e-03 1.158346e-01 3.462580e-05 -3.393623e-05 1.545283e-05 7.992631e-05
11585.800000 7.995990e-01 -2.829179e-03 1.674898e-03 1.154943e-01 2.689608e-05 -4.269520e-05 7.709244e-07 8.272743e-05
11586.000000 7.996416e-01 -2.859697e-03 1.761398e-03 1.138719e-01 2.552515e-05 -4.259948e-05 -6.206972e-06 7.293429e-05
11586.200000 8.040010e-01 -2.872857e-03 1.759062e-03 1.151964e-01 2.858192e-05 -4.086887e-05 1.502132e-05 8.322099e-05
11586.400000 7.953967e-01 -2.816927e-03 1.743570e-03 1.120650e-01 2.604163e-05 -3.570743e-05 -1.792717e-05 6.835786e-05
11586.600000 8.027685e-01 -2.806484e-03 1.637772e-03 1.158336e-01 2.529302e-05 -1.774511e-05 -2.614019e-05 7.194896e-05
11586.800000 8.028461e-01 -2.826168e-03 1.797993e-03 1.153406e-01 3.021353e-05 -2.944354e-05 -1.125725e-05 8.032670e-05
11587.000000 8.026786e-01 -2.858486e-03 1.702660e-03 1.166426e-01 1.854407e-05 -3.417684e-05 1.078276e-05 8.184040e-05
11587.200000 8.031423e-01 -2.856247e-03 1.778312e-03 1.152272e-01 1.231967e-05 -3.613117e-05 -6.057396e-05 3.274600e-05
11587.400000 8.035828e-01 -2.811094e-03 1.773823e-03 1.141027e-01 2.632500e-05 -4.009059e-05 -5.872740e-06 7.766151e-05
11587.600000 7.996288e-01 -2.857733e-03 1.650988e-03 1.145848e-01 2.682177e-05 -4.159435e-05 1.241803e-05 8.623472e-05
11587.800000 7.974789e-01 -2.825765e-03 1.570924e-03 1.145409e-01 3.125371e-05 -5.038007e-05 2.961059e-05 9.143234e-05
11588.000000 8.056394e-01 -2.882152e-03 1.745992e-03 1.153970e-01 1.540973e-05 -4.317366e-05 2.394829e-05 9.193335e-05
11588.200000 8.014918e-01 -2.824357e-03 1.781775e-03 1.155772e-01 1.133771e-05 -4.483937e-05 -1.287945e-05 7.880722e-05
11588.400000 8.045130e-01 -2.828553e-03 1.890661e-03 1.144613e-01 1.493790e-05 -4.441678e-05 5.051947e-06 8.627866e-05
11588.600000 8.014000e-01 -2.839586e-03 1.802398e-03 1.156216e-01 1.670351e-05 -3.808119e-05 7.388273e-06 8.009736e-05
11588.800000 8.027350e-01 -2.895001e-03 1.636237e-03 1.167256e-01 2.561645e-05 -4.486584e-05 -5.237498e-06 8.283537e-05
11589.000000 7.997483e-01 -2.870904e-03 1.707139e-03 1.141225e-01 3.992859e-05 -4.071463e-05 3.034125e-05 8.377930e-05
11589.200000 8.047351e-01 -2.836957e-03 1.770178e-03 1.159717e-01 1.885941e-05 -3.329828e-05 2.188482e-05 8.229762e-05
11589.400000 7.993820e-01 -2.864435e-03 1.771215e-03 1.157498e-01 1.373469e-05 -2.826902e-05 1.928021e-05 8.860309e-05
11589.600000 8.009397e-01 -2.860872e-03 1.680723e-03 1.156422e-01 2.434185e-05 -3.610629e-05 -3.440805e-06 1.006915e-04
11589.800000 8.014488e-01 -2.838706e-03 1.635063e-03 1.150996e-01 2.143993e-05 -3.393303e-05 1.638574e-05 8.745311e-05
11590.000000 8.000466e-01 -2.797499e-03 1.601592e-03 1.145358e-01 2.217699e-05 -3.683821e-05 -7.637599e-06 7.517161e-05
11590.200000 8.038194e-01 -2.862305e-03 1.652975e-03 1.178689e-01 2.584732e-05 -2.954222e-05 -5.518255e-06 9.845823e-05
11590.400000 8.019381e-01 -2.854249e-03 1.605647e-03 1.149618e-01 2.755021e-05 -2.656437e-05 -1.481698e-06 9.919070e-05
11590.600000 7.997686e-01 -2.818197e-03 1.838569e-03 1.156275e-01 4.153425e-06 -2.584300e-05 4.415725e-06 8.767579e-05
11590.800000 7.999042e-01 -2.900108e-03 1.943067e-03 1.159184e-01 9.176322e-06 -2.889200e-05 -2.517899e-05 7.489512e-05
11591.000000 8.025979e-01 -2.825018e-03 1.772054e-03 1.149461e-01 1.252003e-05 -4.690033e-05 -6.250572e-06 7.969940e-05
11591.200000 7.949044e-01 -2.748776e-03 1.836578e-03 1.173796e-01 6.397913e-06 -4.776357e-05 -1.770249e-05 7.558560e-05
11591.400000 8.051072e-01 -2.854295e-03 1.677513e-03 1.183835e-01 1.619989e-05 -4.548838e-05 -2.269353e-05 7.405345e-05
11591.600000 7.971463e-01 -2.828570e-03 1.872073e-03 1.173015e-01 2.722374e-05 -3.926938e-05 -1.435567e-05 7.565809e-05
11591.800000 8.010694e-01 -2.800071e-03 1.853764e-03 1.177701e-01 3.087486e-05 -3.985257e-05 1.325393e-05 9.012722e-05
11592.000000 8.025275e-01 -2.868824e-03 1.704751e-03 1.171475e-01 3.109871e-05 -3.954809e-05 -2.826832e-05 7.084938e-05
11592.200000 8.049451e-01 -2.856224e-03 1.700073e-03 1.171487e-01 4.435765e-05 -4.229949e-05 -6.337082e-06 7.864844e-05
11592.400000 7.972558e-01 -2.784844e-03 1.792681e-03 1.175118e-01 3.501303e-05 -3.675366e-05 -1.696911e-05 7.257243e-05
11592.600000 7.978800e-01 -2.903692e-03 1.715650e-03 1.174844e-01 4.762930e-05 -4.486334e-05 -8.482138e-06 7.493110e-05
11592.800000 8.058276e-01 -2.855990e-03 1.544421e-03 1.185781e-01 3.286657e-05 -4.242319e-05 -1.168038e-05 5.701550e-05
11593.000000 7.995810e-01 -2.844671e-03 1.955805e-03 1.164568e-01 2.958726e-05 -4.653663e-05 -4.552770e-05 5.365525e-05
11593.200000 8.050811e-01 -2.891173e-03 1.666510e-03 1.195944e-01 3.463486e-05 -5.998129e-05 -1.583185e-05 8.164988e-05
11593.400000 7.985739e-01 -2.816329e-03 1.574448e-03 1.191165e-01 3.285150e-05 -6.287138e-05 -2.667273e-05 7.219024e-05
11593.600000 8.013659e-01 -2.885603e-03 1.603449e-03 1.174268e-01 2.735984e-05 -5.558335e-05 -8.440276e-06 7.478314e-05
11593.800000 7.972379e-01 -2.812845e-03 1.708245e-03 1.174697e-01 1.767536e-05 -5.715377e-05 -4.979655e-06 8.220734e-05
11594.000000 8.025502e-01 -2.882677e-03 1.871823e-03 1.188115e-01 2.302478e-05 -6.684698e-05 -8.553691e-06 7.387992e-05
11594.200000 8.022969e-01 -2.857664e-03 1.701379e-03 1.186841e-01 2.867602e-05 -7.038211e-05 4.422937e-06 8.479047e-05
11594.400000 7.997150e-01 -2.826823e-03 1.745924e-03 1.186159e-01 2.857432e-05 -5.722517e-05 5.436758e-06 7.574213e-05
11594.600000 8.049750e-01 -2.896646e-03 1.830377e-03 1.191434e-01 2.329981e-05 -5.624876e-05 -1.741635e-05 6.687895e-05
11594.800000 8.008317e-01 -2.788861e-03 1.672762e-03 1.210988e-01 1.448205e-05 -4.985678e-05 -2.960854e-05 8.092010e-05
11595.000000 8.012568e-01 -2.878142e-03 1.747311e-03 1.175774e-01 2.093757e-05 -5.200479e-05 -3.149035e-05 7.227231e-05
11595.200000 8.005566e-01 -2.790559e-03 1.559756e-03 1.191714e-01 2.434387e-05 -5.390388e-05 -2.746327e-06 9.012006e-05
11595.400000 8.007318e-01 -2.901154e-03 1.863983e-03 1.189913e-01 3.308563e-05 -4.487184e-05 -1.564757e-05 8.317384e-05
11595.600000 7.968413e-01 -2.797682e-03 1.880011e-03 1.164843e-01 2.684585e-05 -3.973955e-05 -2.359540e-05 7.470942e-05
11595.800000 7.983002e-01 -2.884746e-03 1.784660e-03 1.199646e-01 2.662047e-05 -3.970782e-05 -1.783294e-05 7.408238e-05
11596.000000 7.976007e-01 -2.843382e-03 1.603363e-03 1.164563e-01 2.863628e-05 -3.903787e-05 -1.542328e-05 7.476218e-05
11596.200000 8.058222e-01 -2.835359e-03 1.585115e-03 1.173507e-01 2.974671e-05 -4.027852e-05 -2.575987e-05 7.193303e-05
11596.400000 7.995566e-01 -2.872466e-03 1.789012e-03 1.183910e-01 3.794381e-05 -4.124632e-05 -1.504249e-05 8.025334e-05
11596.600000 7.962534e-01 -2.763369e-03 1.912519e-03 1.187109e-01 2.231475e-05 -3.511276e-05 -1.276930e-05 7.593941e-05
11596.800000 8.070407e-01 -2.927122e-03 1.828819e-03 1.185304e-01 3.593798e-05 -3.407336e-05 1.493880e-05 8.861681e-05
11597.000000 7.987252e-01 -2.820893e-03 1.804123e-03 1.174290e-01 3.357014e-05 -3.466541e-05 -8.213059e-06 7.801729e-05
11597.700000 8.004673e-01 -2.867055e-03 1.697000e-03 1.176508e-01 3.168190e-05 -3.185214e-05 -1.532319e-06 7.888222e-05
11598.400000 8.001077e-01 -2.857471e-03 1.655282e-03 1.169315e-01 3.655901e-05 -3.583391e-05 4.586509e-06 8.654471e-05
11599.100000 7.990080e-01 -2.843300e-03 1.796194e-03 1.163188e-01 2.724494e-05 -2.673324e-05 -5.032779e-06 9.191500e-05
11599.800000 7.991955e-01 -2.838668e-03 1.727954e-03 1.162235e-01 1.955870e-05 -3.158944e-05 3.022281e-06 9.231583e-05
11600.500000 7.995447e-01 -2.858875e-03 1.707208e-03 1.169545e-01 2.098006e-05 -2.504132e-05 2.530021e-05 1.111248e-04
11601.200000 7.987443e-01 -2.851918e-03 1.734487e-03 1.158918e-01 1.570457e-05 -3.123347e-05 7.238007e-06 9.964078e-05
11601.900000 7.984824e-01 -2.853282e-03 1.723880e-03 1.164915e-01 2.012968e-05 -3.216108e-05 -1.522752e-05 8.335230e-05
11602.600000 7.988848e-01 -2.851007e-03 1.722252e-03 1.165570e-01 1.483068e-05 -2.750922e-05 -6.980969e-06 9.735248e-05
11603.300000 7.984153e-01 -2.830898e-03 1.736915e-03 1.152353e-01 1.567319e-05 -3.012954e-05 -1.986381e-06 9.780825e-05
11604.993695 7.978257e-01 -2.828623e-03 1.763407e-03 1.149691e-01 1.803789e-05 -3.900595e-05 -1.640119e-05 8.474897e-05
11605.999583 7.974090e-01 -2.844678e-03 1.811247e-03 1.140432e-01 2.543863e-05 -4.103816e-05 -8.896769e-06 8.491271e-05
11607.017662 7.986153e-01 -2.850860e-03 1.786791e-03 1.144634e-01 3.642949e-05 -3.258323e-05 7.270372e-06 9.393368e-05
11608.047933 7.983277e-01 -2.845884e-03 1.631035e-03 1.143315e-01 3.745372e-05 -2.491886e-05 -1.240055e-05 8.433904e-05
11609.090396 7.968449e-01 -2.857791e-03 1.677430e-03 1.146911e-01 2.866101e-05 -2.045523e-05 -1.505715e-05 8.409911e-05
11610.145051 7.972131e-01 -2.852816e-03 1.761669e-03 1.148171e-01 2.722607e-05 -2.919599e-05 5.132773e-06 8.912665e-05
11611.211898 7.975148e-01 -2.856533e-03 1.681507e-03 1.154492e-01 4.607156e-05 -2.567621e-05 1.318145e-05 9.850720e-05
11612.290937 7.969498e-01 -2.842699e-03 1.684089e-03 1.149007e-01 4.975150e-05 -3.452092e-05 4.255381e-06 9.020510e-05
11613.382167 7.957387e-01 -2.858436e-03 1.730707e-03 1.170937e-01 4.663446e-05 -4.137918e-05 2.892983e-06 8.932280e-05
11614.485590 7.960147e-01 -2.853327e-03 1.729080e-03 1.170876e-01 3.772845e-05 -4.012202e-05 6.195437e-06 8.219489e-05
11615.601204 7.957820e-01 -2.868672e-03 1.768207e-03 1.167560e-01 4.131747e-05 -4.184653e-05 4.107246e-06 8.691759e-05
11616.729011 7.955148e-01 -2.857728e-03 1.721350e-03 1.177784e-01 3.912328e-05 -4.122001e-05 3.282674e-06 7.970155e-05
11617.869009 7.953774e-01 -2.844495e-03 1.715226e-03 1.190978e-01 2.619825e-05 -4.508755e-05 1.150291e-05 7.926110e-05
11619.021199 7.951410e-01 -2.841556e-03 1.734104e-03 1.193215e-01 3.004994e-05 -3.875245e-05 1.055161e-05 9.605467e-05
11620.185582 7.948705e-01 -2.853746e-03 1.802441e-03 1.189160e-01 4.104766e-05 -2.485368e-05 6.704025e-06 9.364722e-05
11621.362156 7.944851e-01 -2.849223e-03 1.762536e-03 1.193765e-01 3.971180e-05 -2.756434e-05 2.781759e-06 9.242118e-05
11622.550922 7.935130e-01 -2.876949e-03 1.850991e-03 1.193219e-01 2.639880e-05 -3.345969e-05 1.119602e-05 8.697173e-05
11623.751879 7.936358e-01 -2.861316e-03 1.687121e-03 1.189256e-01 2.581239e-05 -3.388575e-05 1.408891e-05 8.618092e-05
11624.965029 7.934788e-01 -2.859441e-03 1.661223e-03 1.194064e-01 2.586298e-05 -4.427969e-05 2.228320e-05 8.166792e-05
11626.190371 7.929805e-01 -2.853583e-03 1.631753e-03 1.192243e-01 3.343834e-05 -4.249184e-05 1.382797e-05 9.857372e-05
11627.427904 7.931868e-01 -2.857128e-03 1.737269e-03 1.187374e-01 3.034719e-05 -3.851922e-05 6.239372e-06 7.747046e-05
11628.677630 7.923069e-01 -2.830861e-03 1.771911e-03 1.185653e-01 3.142912e-05 -3.850331e-05 1.051294e-06 5.548947e-05
11629.939547 7.931133e-01 -2.846488e-03 1.741548e-03 1.175359e-01 3.875085e-05 -2.840256e-05 1.244960e-06 5.907967e-05
11631.213657 7.927635e-01 -2.860284e-03 1.751731e-03 1.179625e-01 3.140827e-05 -3.082406e-05 1.917472e-05 7.446409e-05
11632.499958 7.917918e-01 -2.856017e-03 1.738381e-03 1.168511e-01 1.813610e-05 -3.785369e-05 1.183410e-05 7.953546e-05
11633.798451 7.923625e-01 -2.849405e-03 1.775017e-03 1.168648e-01 2.192734e-05 -3.430193e-05 1.805022e-05 8.749480e-05
11635.109136 7.917648e-01 -2.817416e-03 1.798212e-03 1.165253e-01 1.703917e-05 -3.711490e-05 2.252256e-05 8.353540e-05
11636.432013 7.917698e-01 -2.819798e-03 1.813330e-03 1.160623e-01 2.097881e-05 -3.775821e-05 1.061393e-05 7.612572e-05
11637.767082 7.916076e-01 -2.830638e-03 1.827127e-03 1.169978e-01 3.113746e-05 -2.749930e-05 1.221061e-05 7.279953e-05
11639.114342 7.914880e-01 -2.834072e-03 1.749599e-03 1.182090e-01 4.186686e-05 -2.569702e-05 -2.953679e-07 6.844662e-05
11640.473795 7.900924e-01 -2.830585e-03 1.677044e-03 1.214264e-01 3.415128e-05 -2.923984e-05 1.511032e-05 4.963092e-05
11641.845440 7.904312e-01 -2.834856e-03 1.642709e-03 1.285909e-01 2.840641e-05 -3.260252e-05 1.520912e-05 6.045122e-05
11643.229276 7.900522e-01 -2.843896e-03 1.685636e-03 1.362369e-01 2.789424e-05 -3.088671e-05 1.891249e-05 8.326374e-05
11644.625305 7.906669e-01 -2.815917e-03 1.757931e-03 1.387199e-01 3.610656e-05 -1.769571e-05 2.327886e-05 7.170799e-05
11646.033525 7.902663e-01 -2.830662e-03 1.785278e-03 1.379346e-01 3.642070e-05 -2.065166e-05 1.152618e-05 8.714520e-05
11647.453937 7.903322e-01 -2.839994e-03 1.681084e-03 1.349372e-01 3.131437e-05 -2.132480e-05 5.720650e-06 8.208076e-05
11648.886541 7.885343e-01 -2.818924e-03 1.767785e-03 1.282730e-01 2.797486e-05 -2.905337e-05 5.876153e-06 8.071520e-05
11650.331337 7.889788e-01 -2.834912e-03 1.765476e-03 1.221823e-01 3.162650e-05 -1.925710e-05 -9.408713e-08 7.754600e-05
11651.788325 7.887024e-01 -2.838532e-03 1.656991e-03 1.185661e-01 2.396726e-05 -2.167315e-05 -3.230093e-06 6.934699e-05
11653.257505 7.885873e-01 -2.843629e-03 1.695133e-03 1.175621e-01 1.849839e-05 -2.897595e-05 2.910820e-06 7.225684e-05
11654.738877 7.888160e-01 -2.844647e-03 1.650627e-03 1.184460e-01 2.019761e-05 -2.876655e-05 -4.789931e-06 7.683927e-05
11656.232440 7.879295e-01 -2.833612e-03 1.703987e-03 1.176469e-01 1.902163e-05 -3.044081e-05 -5.962551e-06 8.654795e-05
11657.738196 7.850320e-01 -2.831345e-03 1.660248e-03 1.172564e-01 1.423124e-05 -3.406919e-05 1.212098e-06 8.725742e-05
11659.256143 7.864072e-01 -2.834423e-03 1.770503e-03 1.177774e-01 1.140872e-05 -2.789621e-05 -6.708006e-06 8.453778e-05
11660.786283 7.869135e-01 -2.848549e-03 1.708511e-03 1.194572e-01 5.137132e-06 -2.909777e-05 1.436721e-05 7.752495e-05
11662.328614 7.870650e-01 -2.845806e-03 1.819641e-03 1.200754e-01 1.617844e-05 -3.214307e-05 3.710272e-06 8.046962e-05
11663.883137 7.859715e-01 -2.832606e-03 1.724222e-03 1.188733e-01 2.704406e-05 -3.670865e-05 1.118366e-05 7.280066e-05
11665.449852 7.864271e-01 -2.823617e-03 1.766149e-03 1.201110e-01 1.850456e-05 -3.163689e-05 1.302359e-05 8.906333e-05
11667.028759 7.865118e-01 -2.831662e-03 1.744851e-03 1.201365e-01 1.529753e-05 -2.558885e-05 -1.823116e-06 9.233815e-05
11668.619858 7.863451e-01 -2.855169e-03 1.718374e-03 1.191357e-01 1.427609e-05 -3.016367e-05 -2.369285e-05 8.584674e-05
11670.223149 7.840441e-01 -2.846493e-03 1.744570e-03 1.180991e-01 2.071688e-05 -2.916566e-05 -1.898428e-05 8.950956e-05
11671.838632 7.819314e-01 -2.867431e-03 1.741602e-03 1.177265e-01 1.801174e-05 -3.659171e-05 -1.628216e-05 9.649032e-05
11673.466307 7.842195e-01 -2.855966e-03 1.772238e-03 1.174228e-01 1.803280e-05 -4.796332e-05 -2.515678e-05 8.825239e-05
11675.106173 7.850137e-01 -2.852727e-03 1.796940e-03 1.182032e-01 2.473609e-05 -4.303949e-05 -2.550947e-05 7.927855e-05
11676.758232 7.842058e-01 -2.857557e-03 1.678370e-03 1.164071e-01 2.446283e-05 -4.202399e-05 -9.916787e-06 8.479749e-05
11678.422482 7.847658e-01 -2.856912e-03 1.722898e-03 1.164607e-01 2.643545e-05 -3.670876e-05 -5.297003e-06 8.920847e-05
11680.098924 7.849315e-01 -2.851955e-03 1.734589e-03 1.173660e-01 1.953366e-05 -4.247745e-05 -5.246745e-06 8.517997e-05
11681.787558 7.836449e-01 -2.830586e-03 1.754073e-03 1.165459e-01 1.799058e-05 -3.544308e-05 -5.587461e-06 8.734136e-05
11683.488385 7.833595e-01 -2.838433e-03 1.706272e-03 1.159596e-01 1.755178e-05 -3.480417e-05 -8.065104e-06 8.391048e-05
11685.201403 7.828917e-01 -2.853249e-03 1.797235e-03 1.164406e-01 1.601232e-05 -3.995201e-05 -5.150990e-06 7.428895e-05
11686.926613 7.829057e-01 -2.856824e-03 1.741771e-03 1.165628e-01 2.461614e-05 -3.801716e-05 4.557951e-08 9.297727e-05
11688.664014 7.828676e-01 -2.856478e-03 1.739580e-03 1.166040e-01 2.937916e-05 -3.086393e-05 -6.761339e-06 8.928254e-05
11690.413608 7.815506e-01 -2.875163e-03 1.722209e-03 1.163155e-01 3.327024e-05 -2.595662e-05 -6.971883e-06 8.310945e-05
11692.175394 7.824974e-01 -2.871938e-03 1.675419e-03 1.168628e-01 2.430793e-05 -1.931282e-05 7.869350e-06 8.548515e-05
11693.949371 7.809304e-01 -2.863367e-03 1.734906e-03 1.161455e-01 1.654794e-05 -1.987765e-05 1.212979e-06 7.747096e-05
11695.735541 7.809982e-01 -2.857091e-03 1.643681e-03 1.163996e-01 1.173194e-05 -3.382238e-05 2.841192e-06 8.161207e-05
11697.533902 7.803736e-01 -2.843520e-03 1.722506e-03 1.155956e-01 1.859544e-05 -3.334924e-05 3.738999e-06 9.290212e-05
11699.344455 7.804975e-01 -2.851232e-03 1.850775e-03 1.161098e-01 1.469373e-05 -4.093824e-05 5.841042e-06 8.841733e-05
11701.167201 7.795134e-01 -2.854347e-03 1.844826e-03 1.152214e-01 2.560411e-05 -3.558588e-05 1.089308e-05 9.439706e-05
11703.002138 7.779133e-01 -2.852216e-03 1.802744e-03 1.154241e-01 2.112526e-05 -3.153559e-05 3.285884e-06 9.192528e-05
11704.849267 7.784062e-01 -2.864414e-03 1.757435e-03 1.149895e-01 2.443059e-05 -4.303544e-05 -2.296491e-06 8.470058e-05
11706.708588 7.796302e-01 -2.839094e-03 1.785953e-03 1.147627e-01 2.225510e-05 -4.476524e-05 5.730642e-06 7.851578e-05
11708.580100 7.798013e-01 -2.838038e-03 1.736614e-03 1.158179e-01 2.908195e-05 -3.887730e-05 2.651752e-06 6.154432e-05
11710.463805 7.787828e-01 -2.862025e-03 1.671051e-03 1.152882e-01 3.813084e-05 -3.690652e-05 -5.479466e-06 5.262961e-05
11712.359702 7.782056e-01 -2.858777e-03 1.808986e-03 1.154178e-01 3.160590e-05 -4.271458e-05 6.166963e-06 7.845817e-05
11714.267790 7.777990e-01 -2.825152e-03 1.746150e-03 1.163303e-01 3.368958e-05 -3.890731e-05 1.437317e-05 8.245254e-05
11716.188071 7.773140e-01 -2.846245e-03 1.660578e-03 1.155017e-01 1.971183e-05 -3.411359e-05 9.410249e-06 8.054955e-05
11718.120543 7.775592e-01 -2.840931e-03 1.667132e-03 1.152879e-01 2.743643e-05 -2.325339e-05 6.067581e-06 8.239506e-05
11720.065207 7.777459e-01 -2.846843e-03 1.725702e-03 1.157064e-01 2.915921e-05 -2.231123e-05 6.614088e-06 8.916069e-05
11722.022064 7.771260e-01 -2.857540e-03 1.829574e-03 1.155683e-01 2.339494e-05 -2.118059e-05 -3.576952e-06 8.830093e-05
11723.991112 7.761274e-01 -2.846717e-03 1.748343e-03 1.162895e-01 2.518887e-05 -1.991070e-05 8.543301e-08 7.169985e-05
11725.972352 7.758498e-01 -2.834072e-03 1.736129e-03 1.155980e-01 3.144086e-05 -3.198630e-05 2.414044e-06 8.606481e-05
11727.965784 7.762428e-01 -2.853165e-03 1.675557e-03 1.167132e-01 3.994385e-05 -2.801421e-05 -5.594623e-06 8.415963e-05
11729.971407 7.761076e-01 -2.831834e-03 1.720091e-03 1.171675e-01 4.054508e-05 -2.751723e-05 -8.387894e-06 8.125076e-05
11731.989223 7.749732e-01 -2.831489e-03 1.822356e-03 1.157835e-01 3.862186e-05 -2.824434e-05 -1.008673e-05 8.568613e-05
11734.019231 7.752310e-01 -2.829239e-03 1.753429e-03 1.162982e-01 3.239680e-05 -2.286609e-05 -1.551631e-05 9.544425e-05
11736.061430 7.741290e-01 -2.833877e-03 1.779803e-03 1.157712e-01 2.900796e-05 -2.224540e-05 -1.507744e-05 1.010449e-04
11738.115822 7.734256e-01 -2.838855e-03 1.725705e-03 1.168284e-01 3.672912e-05 -2.666247e-05 -2.200029e-05 9.181918e-05
11740.182405 7.725097e-01 -2.855995e-03 1.740986e-03 1.162064e-01 4.294663e-05 -2.403020e-05 -1.493641e-05 8.988455e-05
11742.261180 7.704005e-01 -2.863486e-03 1.695819e-03 1.159749e-01 4.067860e-05 -2.812430e-05 -1.235339e-05 9.030689e-05
11744.352148 7.690474e-01 -2.887226e-03 1.649332e-03 1.166946e-01 4.077608e-05 -2.326630e-05 -1.221633e-05 7.700494e-05
11746.455307 7.698534e-01 -2.877972e-03 1.735304e-03 1.171445e-01 2.681214e-05 -2.022126e-05 -2.069934e-06 9.823970e-05
11748.570658 7.711827e-01 -2.834265e-03 1.740274e-03 1.164813e-01 2.763974e-05 -2.242134e-05 3.426007e-06 1.125707e-04
11750.698201 7.698606e-01 -2.863096e-03 1.729289e-03 1.166565e-01 1.787955e-05 -2.565150e-05 7.701234e-06 9.719460e-05
11752.837935 7.704855e-01 -2.865785e-03 1.733247e-03 1.168606e-01 1.813624e-05 -2.723662e-05 -8.435560e-06 8.470631e-05
11754.989862 7.700359e-01 -2.843399e-03 1.774849e-03 1.166112e-01 2.605247e-05 -3.367007e-05 -1.064135e-05 8.753080e-05
11757.153981 7.699124e-01 -2.838228e-03 1.682572e-03 1.166070e-01 2.729424e-05 -2.852713e-05 -2.234513e-05 7.231658e-05
11759.330291 7.669737e-01 -2.853352e-03 1.676111e-03 1.164071e-01 2.748309e-05 -2.636501e-05 -2.205505e-05 6.686614e-05
11761.518794 7.654138e-01 -2.849234e-03 1.735473e-03 1.150020e-01 3.243119e-05 -2.161205e-05 -1.147875e-05 8.294055e-05
11763.719488 7.664305e-01 -2.849766e-03 1.726921e-03 1.163552e-01 3.791272e-05 -2.086301e-05 1.913307e-06 8.096415e-05
11765.932374 7.674958e-01 -2.861143e-03 1.749137e-03 1.154803e-01 2.806389e-05 -2.887561e-05 5.784022e-07 7.657039e-05
11768.157453 7.678851e-01 -2.848596e-03 1.745771e-03 1.154443e-01 2.378804e-05 -3.217372e-05 5.744828e-06 9.919521e-05
11770.394723 7.664133e-01 -2.862908e-03 1.652657e-03 1.162462e-01 1.796302e-05 -3.096809e-05 3.237785e-06 9.778265e-05
11772.644185 7.663863e-01 -2.864961e-03 1.715586e-03 1.147054e-01 1.912182e-05 -2.285050e-05 5.532647e-06 9.174674e-05
11774.905838 7.653848e-01 -2.840896e-03 1.658728e-03 1.156457e-01 2.371799e-05 -2.372240e-05 8.924587e-07 9.924474e-05
11777.179684 7.675485e-01 -2.868501e-03 1.624036e-03 1.150608e-01 1.508718e-05 -3.192143e-05 -1.485455e-05 9.194354e-05
11779.465722 7.675872e-01 -2.842291e-03 1.668225e-03 1.154755e-01 1.183400e-05 -3.732426e-05 -1.451335e-05 8.243789e-05
11781.763952 7.671608e-01 -2.838581e-03 1.695397e-03 1.152682e-01 2.656722e-05 -2.870998e-05 -1.326727e-05 8.056917e-05
11784.074373 7.645471e-01 -2.851587e-03 1.690895e-03 1.157130e-01 3.443874e-05 -2.655820e-05 -1.597831e-05 8.196556e-05
11786.396987 7.656669e-01 -2.847276e-03 1.657205e-03 1.161789e-01 2.946708e-05 -2.626867e-05 -5.161468e-06 9.101328e-05
11788.731792 7.647168e-01 -2.832092e-03 1.656356e-03 1.163659e-01 2.490794e-05 -3.253721e-05 -1.953359e-06 9.864386e-05
11791.078789 7.640895e-01 -2.825860e-03 1.626539e-03 1.153430e-01 1.645872e-05 -3.747577e-05 -7.229224e-06 9.455198e-05
11793.437978 7.627863e-01 -2.839869e-03 1.766830e-03 1.159101e-01 1.432118e-05 -3.739462e-05 -1.314182e-05 7.733900e-05
11795.809359 7.584816e-01 -2.853900e-03 1.762883e-03 1.149545e-01 2.142009e-05 -3.610208e-05 -1.408539e-05 7.036541e-05
11798.192932 7.588105e-01 -2.872159e-03 1.676882e-03 1.157523e-01 2.121685e-05 -3.472107e-05 -1.627292e-05 7.458183e-05
11800.588697 7.606911e-01 -2.874368e-03 1.765749e-03 1.158829e-01 2.565712e-05 -3.877480e-05 -4.807069e-06 8.754808e-05
11802.996654 7.617896e-01 -2.863256e-03 1.698907e-03 1.172418e-01 2.484251e-05 -3.719488e-05 1.118867e-05 9.383547e-05
11805.416803 7.615875e-01 -2.843152e-03 1.768360e-03 1.162136e-01 1.993066e-05 -2.910963e-05 6.088755e-06 9.406736e-05
11807.849143 7.602353e-01 -2.853888e-03 1.791620e-03 1.162797e-01 2.709926e-05 -2.836062e-05 4.306682e-06 7.557718e-05
11810.293676 7.611858e-01 -2.848415e-03 1.795803e-03 1.169166e-01 2.797496e-05 -3.330806e-05 3.728333e-06 9.235573e-05
11812.750400 7.609071e-01 -2.846635e-03 1.716170e-03 1.166111e-01 3.901863e-05 -3.729488e-05 9.831425e-06 9.259558e-05
11815.219317 7.612349e-01 -2.843388e-03 1.729603e-03 1.164246e-01 3.610269e-05 -3.652319e-05 8.913070e-06 9.743151e-05
11817.700425 7.606422e-01 -2.843672e-03 1.772174e-03 1.171349e-01 2.874745e-05 -3.300790e-05 6.026142e-07 8.267816e-05
11820.193725 7.580518e-01 -2.847182e-03 1.721373e-03 1.169550e-01 2.813858e-05 -2.987048e-05 3.143022e-06 8.555167e-05
11822.699217 7.574695e-01 -2.853242e-03 1.645631e-03 1.171610e-01 2.660974e-05 -2.105040e-05 1.235160e-06 8.552994e-05
11825.216901 7.566553e-01 -2.846086e-03 1.777624e-03 1.162149e-01 2.693452e-05 -2.623407e-05 2.749857e-06 7.803813e-05
11827.746777 7.544837e-01 -2.858068e-03 1.692960e-03 1.159283e-01 2.306748e-05 -2.892429e-05 -2.179627e-06 8.494762e-05
11830.288845 7.572086e-01 -2.852731e-03 1.722091e-03 1.160807e-01 3.225464e-05 -3.655863e-05 -1.432547e-06 8.673428e-05
11832.843105 7.576128e-01 -2.867957e-03 1.719924e-03 1.159464e-01 3.503529e-05 -4.708592e-05 3.518140e-06 7.900349e-05
11835.409556 7.536145e-01 -2.853817e-03 1.717686e-03 1.153120e-01 3.503682e-05 -4.528310e-05 1.131980e-06 8.805280e-05
11837.988200 7.529216e-01 -2.857364e-03 1.716541e-03 1.152598e-01 2.539812e-05 -4.826348e-05 -2.300371e-06 5.715877e-05
11840.579035 7.523095e-01 -2.851666e-03 1.745711e-03 1.149204e-01 2.973637e-05 -3.810550e-05 1.053681e-05 6.396702e-05
11843.182062 7.547359e-01 -2.848431e-03 1.735456e-03 1.162406e-01 2.098474e-05 -3.607383e-05 1.746595e-05 7.490877e-05
11845.797282 7.519506e-01 -2.837386e-03 1.719917e-03 1.150246e-01 2.915643e-05 -3.373830e-05 1.129213e-05 8.284849e-05
11848.424693 7.542946e-01 -2.838104e-03 1.720257e-03 1.154913e-01 3.079960e-05 -3.954617e-05 -2.867831e-06 7.765244e-05
11851.064296 7.526525e-01 -2.854899e-03 1.753379e-03 1.152409e-01 2.987955e-05 -3.454116e-05 -4.729008e-06 7.584004e-05
11853.716091 7.504836e-01 -2.860061e-03 1.658335e-03 1.158727e-01 2.726078e-05 -3.284379e-05 3.810893e-07 6.868277e-05
11856.380078 7.523676e-01 -2.833432e-03 1.746073e-03 1.158245e-01 2.258192e-05 -3.809581e-05 1.084842e-05 8.312797e-05
11859.056256 7.519959e-01 -2.853828e-03 1.733137e-03 1.159909e-01 2.726317e-05 -2.842188e-05 2.666451e-07 7.387594e-05
11861.744627 7.510223e-01 -2.857690e-03 1.717017e-03 1.163993e-01 3.078171e-05 -1.890965e-05 9.820420e-06 7.593296e-05
11864.445190 7.506848e-01 -2.855209e-03 1.687489e-03 1.155228e-01 2.041098e-05 -1.393276e-05 1.345078e-05 8.853064e-05
11867.157944 7.516542e-01 -2.851287e-03 1.744870e-03 1.162977e-01 2.328991e-05 -1.265597e-05 -1.860933e-06 9.040818e-05
11869.882891 7.535349e-01 -2.879654e-03 1.764952e-03 1.169376e-01 1.735865e-05 -1.973294e-05 -1.354501e-05 8.413202e-05
11872.620029 7.506345e-01 -2.865308e-03 1.731957e-03 1.166032e-01 1.906525e-05 -2.049341e-05 -1.479240e-05 9.532164e-05
11875.369359 7.497288e-01 -2.856572e-03 1.755591e-03 1.160261e-01 2.627768e-05 -2.888498e-05 -1.225855e-05 8.532548e-05
11878.130881 7.498020e-01 -2.853867e-03 1.733452e-03 1.168502e-01 2.232260e-05 -3.055555e-05 -5.511141e-06 8.220417e-05
11880.904595 7.495872e-01 -2.875413e-03 1.690016e-03 1.162981e-01 2.284019e-05 -3.311076e-05 -3.952201e-06 8.520805e-05
11883.690501 7.484326e-01 -2.876522e-03 1.675921e-03 1.172012e-01 2.621957e-05 -2.886152e-05 5.649459e-06 8.948313e-05
11886.488599 7.484356e-01 -2.855735e-03 1.756747e-03 1.175538e-01 2.300213e-05 -2.851208e-05 6.315989e-07 8.827208e-05
11889.298889 7.474035e-01 -2.843843e-03 1.752216e-03 1.173261e-01 2.993894e-05 -2.560293e-05 -8.173683e-06 7.718567e-05
11892.121371 7.479738e-01 -2.876215e-03 1.745493e-03 1.169783e-01 3.002967e-05 -2.987753e-05 -5.295692e-06 7.404739e-05
11894.956044 7.416103e-01 -2.887402e-03 1.773756e-03 1.155027e-01 3.181497e-05 -2.871530e-05 -5.323730e-06 7.187405e-05
11897.802910 7.390297e-01 -2.847541e-03 1.784588e-03 1.146468e-01 2.951509e-05 -2.779875e-05 8.925114e-08 8.167542e-05
11900.661967 7.450314e-01 -2.845579e-03 1.797019e-03 1.161649e-01 2.308152e-05 -3.541210e-05 -1.119596e-05 7.360458e-05
11903.533217 7.450409e-01 -2.857267e-03 1.722713e-03 1.168038e-01 2.390872e-05 -3.149314e-05 -1.857781e-05 6.363642e-05
11906.416658 7.442495e-01 -2.863839e-03 1.746192e-03 1.167940e-01 1.981993e-05 -2.712349e-05 -1.588606e-05 8.791156e-05
11909.312291 7.439872e-01 -2.859000e-03 1.762447e-03 1.166301e-01 1.831381e-05 -2.748544e-05 -7.769872e-06 9.359585e-05
11912.220116 7.433995e-01 -2.855445e-03 1.750425e-03 1.159983e-01 1.433180e-05 -4.193318e-05 -3.533876e-06 8.988648e-05
11915.140133 7.432392e-01 -2.855786e-03 1.706897e-03 1.160165e-01 1.562726e-05 -4.862436e-05 -1.184836e-06 8.394912e-05
11918.072342 7.428305e-01 -2.863301e-03 1.759269e-03 1.155943e-01 1.525389e-05 -4.046438e-05 -7.146056e-06 9.040505e-05
11921.016743 7.354821e-01 -2.855874e-03 1.693513e-03 1.143392e-01 1.142590e-05 -4.074989e-05 -4.219076e-06 8.113665e-05
11923.973335 7.354899e-01 -2.852881e-03 1.722433e-03 1.149694e-01 2.388375e-05 -3.873380e-05 7.454725e-07 8.960790e-05
11926.942120 7.406939e-01 -2.852027e-03 1.692058e-03 1.162031e-01 3.554148e-05 -3.442673e-05 4.683310e-06 9.721676e-05
11929.923096 7.395410e-01 -2.839385e-03 1.772599e-03 1.154222e-01 2.812086e-05 -3.989276e-05 2.277700e-06 9.013747e-05
11932.916265 7.385747e-01 -2.845251e-03 1.668558e-03 1.157598e-01 1.567613e-05 -4.829710e-05 3.966561e-06 8.268654e-05
11935.921625 7.405353e-01 -2.853709e-03 1.722957e-03 1.161094e-01 1.723113e-05 -4.053271e-05 5.015821e-07 8.265715e-05
11938.939177 7.394674e-01 -2.866804e-03 1.718693e-03 1.161723e-01 2.013225e-05 -2.888023e-05 4.641496e-06 1.030039e-04
11941.968921 7.382937e-01 -2.846331e-03 1.716434e-03 1.153420e-01 2.715990e-05 -2.532919e-05 -9.223078e-06 9.913254e-05
11945.010858 7.384114e-01 -2.856903e-03 1.736594e-03 1.157597e-01 3.291802e-05 -4.449649e-05 -1.403806e-05 9.612220e-05
11948.064985 7.377479e-01 -2.888576e-03 1.754614e-03 1.168327e-01 2.905221e-05 -4.736061e-05 -7.129525e-06 1.019505e-04
11951.131305 7.365325e-01 -2.862444e-03 1.750838e-03 1.165970e-01 1.181687e-05 -4.201722e-05 -7.871341e-07 9.484086e-05
11954.209817 7.363001e-01 -2.851374e-03 1.752281e-03 1.165609e-01 8.515179e-06 -3.900961e-05 -4.774309e-07 1.010239e-04
11957.300521 7.364891e-01 -2.840841e-03 1.726131e-03 1.168507e-01 1.655717e-05 -3.011265e-05 -2.096488e-06 9.077328e-05
11960.403416 7.371723e-01 -2.863870e-03 1.727888e-03 1.164655e-01 9.141309e-06 -3.335843e-05 4.574016e-06 9.623976e-05
11963.518504 7.364934e-01 -2.851800e-03 1.724191e-03 1.164999e-01 7.873243e-06 -3.049565e-05 7.218377e-06 1.091532e-04
11966.645783 7.356391e-01 -2.840912e-03 1.750209e-03 1.160719e-01 1.018794e-05 -3.833402e-05 4.060344e-06 1.220189e-04
11969.785255 7.358441e-01 -2.851674e-03 1.751461e-03 1.168818e-01 1.568626e-05 -3.503851e-05 -1.244618e-06 1.107149e-04
11972.936918 7.348504e-01 -2.873328e-03 1.700871e-03 1.166972e-01 1.824313e-05 -3.260606e-05 4.795365e-06 1.081892e-04
11976.100773 7.350201e-01 -2.844712e-03 1.707163e-03 1.165103e-01 1.808199e-05 -2.740475e-05 6.317877e-06 1.097216e-04
11979.276820 7.345041e-01 -2.836248e-03 1.662810e-03 1.161833e-01 3.711296e-06 -3.991038e-05 -1.795279e-06 1.004857e-04
11982.465059 7.325107e-01 -2.856734e-03 1.659130e-03 1.163872e-01 9.182823e-06 -4.091018e-05 1.000832e-05 9.045782e-05
11985.665490 7.316801e-01 -2.840822e-03 1.678996e-03 1.162138e-01 7.336882e-06 -2.971155e-05 2.081438e-05 9.830288e-05
11988.878112 7.313874e-01 -2.842629e-03 1.654500e-03 1.161297e-01 1.693399e-05 -2.456242e-05 2.222459e-05 9.561264e-05
11992.102927 7.310035e-01 -2.848359e-03 1.676319e-03 1.159068e-01 2.120130e-05 -3.869730e-05 1.286757e-05 8.216363e-05
11995.339934 7.305748e-01 -2.861315e-03 1.698202e-03 1.165570e-01 2.375530e-05 -3.999389e-05 2.131047e-05 8.771258e-05
11998.589132 7.299895e-01 -2.825601e-03 1.736124e-03 1.169896e-01 2.196849e-05 -3.180128e-05 1.483849e-05 8.515027e-05
12001.850523 7.284682e-01 -2.829580e-03 1.777860e-03 1.160394e-01 2.728326e-05 -3.234717e-05 5.252580e-06 8.711295e-05
12005.124105 7.289985e-01 -2.851471e-03 1.710489e-03 1.167283e-01 2.727698e-05 -3.466105e-05 6.228224e-07 8.432660e-05
12008.409879 7.278344e-01 -2.833637e-03 1.771501e-03 1.163358e-01 2.640081e-05 -2.887537e-05 -1.136524e-06 9.234215e-05
12011.707845 7.269773e-01 -2.845582e-03 1.771815e-03 1.164838e-01 1.775835e-05 -2.347091e-05 4.913036e-06 8.197636e-05
12015.018003 7.274466e-01 -2.856736e-03 1.685837e-03 1.170508e-01 1.286763e-05 -2.583675e-05 -4.358664e-06 8.926738e-05
12018.340353 7.266876e-01 -2.838012e-03 1.727400e-03 1.167675e-01 1.475559e-05 -2.982675e-05 4.451444e-06 9.022193e-05
12021.674895 7.258393e-01 -2.834925e-03 1.811889e-03 1.155270e-01 3.136744e-05 -3.041689e-05 7.302899e-06 8.951194e-05
12025.021629 7.253395e-01 -2.848873e-03 1.784500e-03 1.157793e-01 3.345836e-05 -3.104000e-05 4.030872e-06 8.837189e-05
12028.380554 7.244447e-01 -2.842841e-03 1.732228e-03 1.158817e-01 2.247976e-05 -3.236693e-05 1.567688e-05 7.571480e-05
12031.751672 7.243744e-01 -2.817832e-03 1.737601e-03 1.159967e-01 1.769632e-05 -3.012299e-05 1.832612e-05 9.419943e-05
12035.134982 7.240702e-01 -2.825550e-03 1.750045e-03 1.158198e-01 2.610728e-05 -1.850703e-05 2.448631e-05 9.748182e-05
12038.530483 7.224353e-01 -2.834436e-03 1.774797e-03 1.159076e-01 2.329771e-05 -2.487126e-05 1.041147e-06 1.030411e-04
12041.938176 7.222490e-01 -2.841516e-03 1.741131e-03 1.159826e-01 1.356807e-05 -2.573523e-05 8.986452e-06 1.064513e-04
12045.358061 7.168814e-01 -2.834619e-03 1.745462e-03 1.158284e-01 6.738516e-06 -2.495853e-05 1.677071e-05 1.059642e-04
12048.790139 7.109848e-01 -2.819401e-03 1.767904e-03 1.151673e-01 1.253155e-05 -1.954742e-05 1.985210e-05 1.104856e-04
12052.234408 7.197214e-01 -2.820874e-03 1.723720e-03 1.170265e-01 1.558181e-05 -2.354894e-05 1.464515e-06 1.065748e-04
12055.690868 7.205395e-01 -2.829702e-03 1.719229e-03 1.186558e-01 1.954231e-05 -3.375359e-05 -4.812739e-06 1.004720e-04
12059.159521 7.196743e-01 -2.842888e-03 1.698223e-03 1.214340e-01 1.823227e-05 -4.395082e-05 -5.971520e-06 9.718971e-05
12062.640366 7.196024e-01 -2.827542e-03 1.764334e-03 1.242596e-01 1.634180e-05 -3.960585e-05 -1.323555e-07 1.135461e-04
12066.133403 7.190476e-01 -2.816294e-03 1.777830e-03 1.245611e-01 1.201977e-05 -3.495175e-05 6.922205e-07 1.195724e-04
12069.638631 7.186556e-01 -2.827342e-03 1.722698e-03 1.209493e-01 1.266539e-05 -4.442202e-05 -5.808942e-06 1.110912e-04
12073.156052 7.178719e-01 -2.830624e-03 1.737263e-03 1.173207e-01 2.135421e-05 -5.339811e-05 -1.128905e-05 1.008031e-04
12076.685664 7.176869e-01 -2.829546e-03 1.767213e-03 1.166397e-01 1.353819e-05 -4.745797e-05 -1.313743e-05 1.042329e-04
12080.227468 7.166851e-01 -2.846195e-03 1.749799e-03 1.171319e-01 1.565240e-05 -3.800805e-05 -6.828334e-06 1.020795e-04
12083.781465 7.161620e-01 -2.842346e-03 1.716820e-03 1.188189e-01 1.793280e-05 -3.000341e-05 -5.579672e-06 1.024855e-04
12087.347653 7.155836e-01 -2.830943e-03 1.718680e-03 1.175382e-01 2.219490e-05 -2.808855e-05 -1.553636e-05 9.425479e-05
12090.926033 7.139056e-01 -2.846230e-03 1.741900e-03 1.160450e-01 2.874597e-05 -3.054428e-05 -1.940259e-05 9.931567e-05
12094.516605 7.142708e-01 -2.857159e-03 1.754973e-03 1.158022e-01 2.825272e-05 -2.915220e-05 -1.523175e-05 8.139241e-05
12098.119369 7.135589e-01 -2.846436e-03 1.778299e-03 1.162796e-01 2.730377e-05 -2.909892e-05 -1.093668e-05 8.045935e-05
12101.734324 7.125968e-01 -2.837910e-03 1.726200e-03 1.164246e-01 2.356293e-05 -3.333225e-05 -3.855082e-06 9.888247e-05
12105.361472 7.122305e-01 -2.839753e-03 1.756185e-03 1.165538e-01 3.002870e-05 -4.170263e-05 -2.844481e-06 9.442359e-05
12109.000811 7.114061e-01 -2.842951e-03 1.813300e-03 1.168432e-01 2.394474e-05 -4.060828e-05 4.434036e-06 9.397508e-05
12112.652343 7.114718e-01 -2.852750e-03 1.732582e-03 1.166319e-01 1.848040e-05 -4.015616e-05 9.188836e-06 9.948764e-05
12116.316066 7.088426e-01 -2.826372e-03 1.722958e-03 1.162916e-01 1.999456e-05 -3.882799e-05 4.618442e-06 1.009260e-04
12119.991982 7.087643e-01 -2.806923e-03 1.682306e-03 1.161046e-01 2.456495e-05 -3.265710e-05 3.305181e-06 8.352932e-05
12123.680089 7.093366e-01 -2.809841e-03 1.729376e-03 1.167101e-01 2.424057e-05 -2.207610e-05 6.583587e-06 9.489359e-05
12127.380388 7.073218e-01 -2.837164e-03 1.750325e-03 1.163631e-01 1.867344e-05 -2.731089e-05 3.039649e-06 8.849273e-05
12131.092879 7.077193e-01 -2.834456e-03 1.718335e-03 1.163220e-01 1.693675e-05 -2.823783e-05 -7.331034e-06 8.340256e-05
12134.817562 7.066839e-01 -2.845050e-03 1.753240e-03 1.163605e-01 2.916755e-05 -2.124114e-05 -1.141352e-05 9.116279e-05
12138.554437 7.065274e-01 -2.834968e-03 1.788541e-03 1.167053e-01 3.045566e-05 -2.560218e-05 -3.463045e-05 8.024505e-05
12142.303503 7.063340e-01 -2.833996e-03 1.766394e-03 1.206277e-01 2.614663e-05 -2.755886e-05 -2.302270e-05 7.799299e-05
12146.064762 7.053155e-01 -2.834578e-03 1.741196e-03 1.250928e-01 2.333892e-05 -2.864321e-05 -1.014415e-05 8.552201e-05
12149.838213 7.049828e-01 -2.847981e-03 1.732363e-03 1.270354e-01 2.214202e-05 -2.780995e-05 -8.836226e-06 8.646950e-05
12153.623855 7.049482e-01 -2.834126e-03 1.740500e-03 1.241969e-01 2.030744e-05 -2.465333e-05 -2.412314e-06 9.011956e-05
12157.421689 7.040345e-01 -2.837020e-03 1.694478e-03 1.185771e-01 2.772394e-05 -2.385808e-05 -1.366420e-05 8.826770e-05
12161.231716 7.038529e-01 -2.836961e-03 1.708466e-03 1.158958e-01 3.562218e-05 -1.208979e-05 -6.017339e-06 8.742596e-05
12165.053934 7.034062e-01 -2.832756e-03 1.763035e-03 1.162106e-01 3.417490e-05 -1.178410e-05 -8.733936e-06 7.639781e-05
12168.888344 7.024894e-01 -2.824091e-03 1.710982e-03 1.164598e-01 3.667752e-05 -2.121178e-05 6.338229e-06 9.011236e-05
12172.734946 6.992983e-01 -2.839534e-03 1.710864e-03 1.157005e-01 2.492514e-05 -2.338014e-05 -1.756634e-06 8.992910e-05
12176.593740 7.007697e-01 -2.840670e-03 1.728413e-03 1.160278e-01 2.266450e-05 -2.661218e-05 5.391566e-07 1.033746e-04
12180.464726 7.005262e-01 -2.845554e-03 1.722651e-03 1.162227e-01 1.833393e-05 -2.739084e-05 -4.171200e-06 1.064869e-04
12184.347903 6.989855e-01 -2.838099e-03 1.722951e-03 1.160598e-01 2.729461e-05 -2.482419e-05 -8.070032e-06 1.092186e-04
12188.243273 6.987605e-01 -2.842662e-03 1.723696e-03 1.161834e-01 2.550857e-05 -3.189025e-05 -7.093856e-07 1.139484e-04
12192.150835 6.977726e-01 -2.839171e-03 1.752632e-03 1.170418e-01 1.762199e-05 -2.767305e-05 -1.612107e-05 1.085617e-04
12196.070588 6.968995e-01 -2.808335e-03 1.774934e-03 1.172184e-01 1.933619e-05 -2.332110e-05 -9.747129e-06 1.020739e-04
12200.002533 6.976433e-01 -2.804723e-03 1.757915e-03 1.168393e-01 2.795539e-05 -3.234974e-05 -9.250156e-06 9.852349e-05
12203.946671 6.950233e-01 -2.816187e-03 1.726290e-03 1.155478e-01 2.169788e-05 -2.802404e-05 1.363390e-06 9.910364e-05
12207.903000 6.938280e-01 -2.816597e-03 1.736177e-03 1.153105e-01 2.045649e-05 -1.275123e-05 -4.918126e-06 7.375826e-05
12211.871521 6.939941e-01 -2.813421e-03 1.789845e-03 1.161113e-01 7.502280e-06 -1.367025e-05 -7.711974e-06 9.121757e-05
12215.852234 6.938260e-01 -2.826122e-03 1.770401e-03 1.157160e-01 6.423923e-06 -1.574806e-05 -6.501398e-06 9.537144e-05
12219.845139 6.935750e-01 -2.821014e-03 1.808880e-03 1.152502e-01 1.517739e-05 -1.612558e-05 -1.278327e-05 1.022622e-04
12223.850236 6.924059e-01 -2.841536e-03 1.748301e-03 1.154636e-01 1.187877e-05 -2.499456e-05 -9.164004e-06 1.006051e-04
12227.867524 6.924430e-01 -2.847974e-03 1.722190e-03 1.164351e-01 1.333929e-05 -2.515796e-05 1.378246e-05 9.753250e-05
12231.897005 6.922327e-01 -2.835019e-03 1.726634e-03 1.158295e-01 2.065494e-05 -2.066794e-05 1.039100e-05 1.019112e-04
12235.938678 6.910085e-01 -2.836330e-03 1.772388e-03 1.153825e-01 2.564963e-05 -1.929333e-05 5.006694e-06 1.124076e-04
12239.992542 6.904855e-01 -2.846739e-03 1.779369e-03 1.156423e-01 3.237778e-05 -2.145864e-05 -1.474684e-06 1.128141e-04
12244.058598 6.900306e-01 -2.843041e-03 1.744169e-03 1.155002e-01 2.268934e-05 -2.916786e-05 3.300194e-06 1.023921e-04
12248.136847 6.894324e-01 -2.843239e-03 1.683951e-03 1.156020e-01 2.237956e-05 -2.643515e-05 6.497919e-06 1.013557e-04
12252.227287 6.838013e-01 -2.829340e-03 1.764543e-03 1.148297e-01 2.008391e-05 -3.168096e-05 8.467597e-06 1.106926e-04
12256.329919 6.723845e-01 -2.825327e-03 1.724586e-03 1.131218e-01 2.159769e-05 -2.990808e-05 1.186061e-05 9.715364e-05
12260.444743 6.820972e-01 -2.827647e-03 1.727643e-03 1.148342e-01 3.047229e-05 -1.977378e-05 1.628435e-05 1.073632e-04
12264.571759 6.844054e-01 -2.807289e-03 1.698244e-03 1.150701e-01 2.871980e-05 -3.052708e-05 1.897157e-05 1.094342e-04
12268.710967 6.846782e-01 -2.822383e-03 1.735845e-03 1.151403e-01 1.898416e-05 -3.449333e-05 8.876174e-06 1.016115e-04
12272.862366 6.850681e-01 -2.843465e-03 1.714767e-03 1.150680e-01 7.620486e-06 -3.363431e-05 9.154684e-06 1.113052e-04
12277.025958 6.843466e-01 -2.833608e-03 1.729745e-03 1.160081e-01 1.278294e-05 -3.442079e-05 8.650361e-06 1.095188e-04
12281.201742 6.832675e-01 -2.830519e-03 1.735484e-03 1.174416e-01 2.164950e-05 -2.490251e-05 -4.118127e-07 9.083303e-05
12285.389717 6.816559e-01 -2.824256e-03 1.728635e-03 1.179823e-01 2.678231e-05 -2.277809e-05 1.321901e-05 1.016689e-04
12289.589884 6.810028e-01 -2.817399e-03 1.797848e-03 1.158852e-01 2.147364e-05 -2.437003e-05 9.437945e-06 8.846920e-05
12293.802244 6.804294e-01 -2.829204e-03 1.814901e-03 1.155871e-01 1.256654e-05 -1.767514e-05 7.814525e-06 9.924775e-05
12298.026795 6.678840e-01 -2.815280e-03 1.774197e-03 1.137226e-01 1.282774e-05 -1.369686e-05 4.912967e-06 9.547005e-05
12302.263538 6.712416e-01 -2.817545e-03 1.756128e-03 1.136210e-01 2.010235e-05 -1.875579e-05 1.790740e-05 9.981197e-05
12306.512473 6.782429e-01 -2.822884e-03 1.744233e-03 1.155456e-01 2.315360e-05 -1.240772e-05 1.244681e-05 9.554654e-05
12310.773600 6.779698e-01 -2.823843e-03 1.785796e-03 1.149765e-01 2.015165e-05 -1.781015e-05 5.908360e-06 1.005581e-04
12315.046919 6.778447e-01 -2.827684e-03 1.700596e-03 1.152465e-01 1.705214e-05 -8.377900e-06 -2.276106e-06 9.343023e-05
12319.332429 6.771337e-01 -2.820510e-03 1.729433e-03 1.155777e-01 2.332431e-05 -6.189179e-06 -3.915579e-06 8.864773e-05
12323.630132 6.770857e-01 -2.835260e-03 1.693107e-03 1.154763e-01 2.176890e-05 -1.839212e-05 3.409251e-06 6.689224e-05
12327.940026 6.763754e-01 -2.840854e-03 1.691950e-03 1.154725e-01 1.291575e-05 -2.117831e-05 -4.467205e-06 8.220287e-05
12332.262113 6.763152e-01 -2.842461e-03 1.683819e-03 1.153774e-01 3.908876e-06 -1.884916e-05 -3.864269e-07 9.647901e-05
12336.596391 6.754933e-01 -2.821546e-03 1.715226e-03 1.150788e-01 9.869402e-06 -1.985594e-05 5.466365e-06 1.023852e-04
12340.942861 6.749796e-01 -2.810783e-03 1.779492e-03 1.154497e-01 1.935834e-05 -2.319169e-05 5.033516e-06 1.038420e-04
12345.301524 6.739146e-01 -2.824458e-03 1.722581e-03 1.158871e-01 2.424339e-05 -1.999671e-05 1.184247e-05 9.606126e-05
12349.672378 6.731922e-01 -2.834260e-03 1.710928e-03 1.163014e-01 2.641331e-05 -2.255660e-05 1.915845e-05 9.818677e-05
12354.055424 6.714493e-01 -2.822498e-03 1.686951e-03 1.162211e-01 1.666180e-05 -1.440324e-05 7.424140e-06 9.946600e-05
12358.450662 6.713947e-01 -2.808282e-03 1.710629e-03 1.153894e-01 3.083079e-05 -7.759790e-06 -7.877620e-06 9.805860e-05
12362.858091 6.709899e-01 -2.814118e-03 1.702933e-03 1.156510e-01 2.525675e-05 -9.883588e-06 -7.573674e-06 1.015601e-04
12367.277713 6.696363e-01 -2.819456e-03 1.727621e-03 1.155543e-01 2.123436e-05 -1.470619e-05 -4.345156e-06 1.021943e-04
12371.709527 6.697743e-01 -2.830555e-03 1.722552e-03 1.153688e-01 2.355182e-05 -1.437580e-05 -7.428132e-06 1.065613e-04
12376.153532 6.691996e-01 -2.819547e-03 1.752453e-03 1.152996e-01 1.808600e-05 -8.771170e-06 -8.204516e-06 1.170000e-04
12380.609730 6.687292e-01 -2.830561e-03 1.752675e-03 1.150537e-01 1.258832e-05 -7.635496e-06 -1.997540e-06 1.269921e-04
12385.078119 6.676384e-01 -2.823943e-03 1.720580e-03 1.150189e-01 2.079858e-05 -1.620261e-05 -6.255593e-06 1.099912e-04
12389.558700 6.673274e-01 -2.836710e-03 1.736400e-03 1.149908e-01 1.143639e-05 2.490135e-06 -1.618569e-05 1.038383e-04
12394.051473 6.662257e-01 -2.828790e-03 1.733893e-03 1.149343e-01 1.286650e-05 5.954648e-06 -1.172685e-05 1.011825e-04
12398.556438 6.654142e-01 -2.825868e-03 1.686065e-03 1.148537e-01 1.685878e-05 7.381727e-06 -1.192814e-05 1.063648e-04
12403.073595 6.646217e-01 -2.798188e-03 1.710397e-03 1.149965e-01 2.504216e-05 2.038684e-06 -1.485180e-05 1.022992e-04
12407.602944 6.644402e-01 -2.795578e-03 1.751894e-03 1.153931e-01 3.233027e-05 3.864971e-06 -1.484163e-05 1.062470e-04
12412.144485 6.633303e-01 -2.798231e-03 1.764858e-03 1.151367e-01 2.554512e-05 -4.164837e-07 -1.678858e-05 1.135765e-04
12416.698218 6.607985e-01 -2.815385e-03 1.677169e-03 1.149369e-01 2.869338e-05 -1.360214e-05 -1.931986e-05 1.196963e-04
12421.264142 6.584639e-01 -2.818829e-03 1.696589e-03 1.156509e-01 2.291814e-05 -1.030428e-05 -5.556523e-06 1.192857e-04
12425.842259 6.593745e-01 -2.820999e-03 1.723598e-03 1.169741e-01 2.545191e-05 -1.290864e-05 -1.455693e-05 1.136692e-04
12430.432567 6.603839e-01 -2.822925e-03 1.782499e-03 1.170564e-01 2.834209e-05 -1.585937e-05 -3.092070e-05 1.069047e-04
12435.035068 6.599224e-01 -2.833876e-03 1.746547e-03 1.158087e-01 3.184960e-05 -8.438183e-06 -1.934736e-05 9.158196e-05
12439.649760 6.591668e-01 -2.818414e-03 1.738318e-03 1.152227e-01 3.810206e-05 -6.164727e-06 -1.721846e-05 1.049396e-04
12444.276644 6.581926e-01 -2.804598e-03 1.717454e-03 1.154200e-01 3.085963e-05 -3.218387e-06 -1.147331e-05 1.147583e-04
12448.915720 6.565050e-01 -2.801216e-03 1.741474e-03 1.152711e-01 2.808814e-05 -6.262670e-06 -1.652459e-05 1.060724e-04
12453.566988 6.569355e-01 -2.807464e-03 1.724437e-03 1.156491e-01 1.730438e-05 -1.419915e-05 -2.304577e-05 9.182392e-05
12458.230448 6.565052e-01 -2.806597e-03 1.736072e-03 1.156336e-01 1.532658e-05 -9.232018e-06 2.440594e-07 9.507728e-05
12462.906100 6.560058e-01 -2.821002e-03 1.717152e-03 1.156622e-01 2.039991e-05 -1.440930e-05 -6.351347e-06 9.015338e-05
12467.593943 6.552129e-01 -2.801751e-03 1.710158e-03 1.151865e-01 2.575922e-05 -1.583263e-05 -1.334603e-05 8.889791e-05
12472.293979 6.537026e-01 -2.805769e-03 1.716172e-03 1.149678e-01 2.729199e-05 -9.394549e-06 -8.474119e-06 9.410587e-05
12477.006206 6.533154e-01 -2.828802e-03 1.716995e-03 1.152448e-01 2.893071e-05 -7.743054e-06 -5.395280e-06 1.042168e-04
12481.730626 6.533034e-01 -2.839715e-03 1.688133e-03 1.154448e-01 2.275534e-05 -1.299450e-05 -4.937104e-06 1.068772e-04
12486.467237 6.526032e-01 -2.840600e-03 1.694541e-03 1.156392e-01 2.123549e-05 -6.452342e-06 -9.762695e-06 9.940787e-05
12491.216040 6.519522e-01 -2.820447e-03 1.744868e-03 1.152762e-01 1.407017e-05 -9.711209e-06 -1.770790e-05 9.837396e-05
12495.977036 6.501265e-01 -2.830459e-03 1.698247e-03 1.148776e-01 9.665002e-06 -1.256842e-05 -2.024962e-05 1.001478e-04
12500.750223 6.473172e-01 -2.835377e-03 1.710428e-03 1.146576e-01 9.484892e-06 -1.218987e-05 -2.556163e-05 9.540204e-05
12505.535602 6.492459e-01 -2.819222e-03 1.755680e-03 1.148864e-01 1.222108e-05 -1.641293e-05 -1.838367e-05 1.036690e-04
12510.333172 6.495767e-01 -2.812553e-03 1.753256e-03 1.151813e-01 1.123168e-05 -2.004188e-05 -9.799435e-06 1.098661e-04
12515.142935 6.486301e-01 -2.817171e-03 1.698043e-03 1.149822e-01 9.487461e-06 -3.047416e-05 -1.750150e-05 9.130031e-05
12519.964890 6.480145e-01 -2.821501e-03 1.739477e-03 1.149309e-01 2.173185e-05 -2.671834e-05 -1.195618e-05 9.300440e-05
12524.799037 6.471762e-01 -2.833689e-03 1.681663e-03 1.151324e-01 2.557787e-05 -3.169031e-05 -1.364500e-05 9.288527e-05
12529.645375 6.408327e-01 -2.808477e-03 1.691058e-03 1.143088e-01 2.839982e-05 -1.969306e-05 -9.548948e-06 9.165831e-05
12534.503905 3.310057e-01 -1.441849e-03 8.643819e-04 5.910324e-02 7.513928e-06 -8.939631e-06 -9.958345e-06 4.718885e-05
12539.374628 6.454028e-03 -2.799080e-05 1.655199e-05 1.152384e-03 1.037628e-07 -1.758949e-07 -2.529740e-07 9.024301e-07
