# Facility: NSLS-II
# Beamline: QAS
# Year: 2023
# Cycle: 3
# SAF: 312215
# PI: Reece
# Proposal: 313586
# Scan ID: 271191
# UID: f8d4c74b-fcc6-47f8-8954-730cda2c4d87
# Comment: 
# Start time: 10/18/2023  21:32:48
# Stop time: 10/18/2023  21:33:20
# Total time: 00:32
# Trajectory name: Pt-L3-30s-11564.txt
# Element: Platinum ( 78)
# Edge: L3
# E0: 11564
# Reference Foil Element: Pt
# Keithley Gains I0: 1E6 V/A It: 1E6 V/A Iref: 1E7 V/A PIPS: 1E8 V/A 
# Ion Chamber Gas Flow Rates: I0: 0.00 sccm He + 189.60 sccm N2 + 9.80 sccm Ar 
# Ion Chamber Gas Flow Rates: It&Iref: 39.70 sccm N2 + 60.10 sccm Ar
# Incident Beam Path Vertical: 31.75 mm
# Incident Slits Positions B: TOP: 2.0 mm Bottom: 1.0 mm Inboard: 0.57675 mm Outboard: 1.57675 mm
# Sample Stage Positions: Rotation: 40.0 deg Horizontal: -10.11 mm Vertical: 15.39 mm Beam Direction: 0.00 mm
# PerkinElmer Vertical Position: 500.00 mm
# Linkam Oven Temperature : 3.03 C and Ramp Rate: 20.00 C/min.
# Front End Mirror Horizontal Positions: Up: -14.00 mm Down: -14.00 mm
#
# energy  i0  it  ir  iff  aux1  aux2  aux3  aux4
11380.468179 4.218584e-01 1.024602e-02 1.563044e-02 2.500547e-02 2.780825e-05 -1.240978e-05 5.891560e-06 4.534202e-05
11385.468179 8.290741e-01 2.028796e-02 3.098350e-02 4.947075e-02 5.729159e-05 -2.030410e-05 7.989457e-09 8.186270e-05
11390.468179 8.346691e-01 2.062560e-02 3.153258e-02 4.952477e-02 5.534061e-05 -1.734064e-05 -3.775284e-06 8.356049e-05
11395.468179 8.422352e-01 2.100355e-02 3.209167e-02 4.983459e-02 5.654070e-05 -1.869695e-05 -5.844206e-06 8.674738e-05
11400.468179 8.412083e-01 2.092545e-02 3.204041e-02 5.004455e-02 5.255409e-05 -2.694329e-05 -1.889461e-05 8.310405e-05
11405.468179 8.390855e-01 2.091790e-02 3.210086e-02 4.989318e-02 4.679086e-05 -2.276600e-05 -9.179097e-06 8.631846e-05
11410.468179 8.361679e-01 2.089190e-02 3.214040e-02 4.981584e-02 5.747026e-05 -2.531051e-05 -5.608703e-07 8.319518e-05
11415.468179 8.277925e-01 2.087444e-02 3.219997e-02 4.952415e-02 6.079205e-05 -3.027312e-05 4.702248e-06 9.401784e-05
11420.468179 8.277542e-01 2.088627e-02 3.224263e-02 4.988101e-02 6.463794e-05 -3.310414e-05 -5.110091e-06 9.975250e-05
11425.468179 8.351404e-01 2.096020e-02 3.244043e-02 5.119737e-02 5.581925e-05 -2.962688e-05 -7.052666e-06 9.570346e-05
11430.468179 8.364154e-01 2.099072e-02 3.252507e-02 5.089929e-02 5.160145e-05 -3.226575e-05 -3.187069e-06 9.529942e-05
11435.468179 8.348114e-01 2.126898e-02 3.296724e-02 5.069000e-02 5.624218e-05 -2.813367e-05 -2.399791e-06 1.062437e-04
11440.468179 8.332350e-01 2.169489e-02 3.362138e-02 5.041062e-02 5.626333e-05 -2.708464e-05 -6.967438e-06 1.002453e-04
11445.468179 8.320374e-01 2.157698e-02 3.361452e-02 5.054195e-02 6.186396e-05 -2.282664e-05 2.086544e-06 1.003521e-04
11450.468179 8.308647e-01 2.185643e-02 3.405570e-02 5.088859e-02 6.398627e-05 -1.979996e-05 4.376839e-06 9.999758e-05
11455.468179 8.301297e-01 2.199408e-02 3.425148e-02 5.119202e-02 7.014656e-05 -2.627028e-05 5.449543e-06 9.426359e-05
11460.468179 8.291409e-01 2.213626e-02 3.451281e-02 5.140691e-02 6.481902e-05 -2.499468e-05 3.612400e-07 1.025875e-04
11465.468179 8.282016e-01 2.266978e-02 3.524727e-02 5.165575e-02 6.337295e-05 -2.054987e-05 -3.478521e-06 1.084682e-04
11470.468179 8.274545e-01 2.305565e-02 3.589893e-02 5.223179e-02 7.025604e-05 -1.831310e-05 -2.635528e-06 1.035442e-04
11475.468179 8.264623e-01 2.327337e-02 3.624531e-02 5.169242e-02 6.522254e-05 -1.726464e-05 -2.154684e-06 9.456425e-05
11480.468179 8.252750e-01 2.336547e-02 3.640120e-02 5.142854e-02 6.064295e-05 -6.548510e-06 7.031912e-06 8.708500e-05
11485.468179 8.240861e-01 2.348534e-02 3.664877e-02 5.146391e-02 6.673405e-05 -1.057280e-05 -8.330905e-06 9.367477e-05
11490.468179 8.231460e-01 2.358426e-02 3.682815e-02 5.200507e-02 7.126911e-05 -1.199439e-05 -5.604670e-06 9.404998e-05
11495.468179 8.227044e-01 2.373089e-02 3.710980e-02 5.216873e-02 7.168131e-05 -6.472850e-06 -4.227670e-07 9.189902e-05
11500.468179 8.219386e-01 2.377529e-02 3.716822e-02 5.241540e-02 8.488609e-05 -1.220633e-05 7.927876e-08 9.628913e-05
11505.468179 8.211758e-01 2.389434e-02 3.737094e-02 5.220846e-02 8.670701e-05 -9.319993e-06 8.784147e-06 1.022463e-04
11510.468179 8.196904e-01 2.420392e-02 3.784732e-02 5.157641e-02 8.198663e-05 -1.794934e-05 4.849730e-06 1.019041e-04
11515.468179 8.185169e-01 2.452445e-02 3.828057e-02 5.161801e-02 8.139551e-05 -9.565002e-06 -1.772844e-06 9.802045e-05
11520.468179 8.180685e-01 2.475553e-02 3.853200e-02 5.231106e-02 7.399080e-05 -9.089241e-06 8.251873e-07 1.104683e-04
11525.468179 8.170684e-01 2.482164e-02 3.856858e-02 5.241741e-02 7.373292e-05 -1.155766e-05 6.752711e-06 1.206878e-04
11530.468179 8.160203e-01 2.491378e-02 3.861159e-02 5.270552e-02 7.596549e-05 -2.314440e-05 1.309048e-05 1.163851e-04
11534.000000 8.157336e-01 2.493588e-02 3.847945e-02 5.315266e-02 7.140405e-05 -2.928938e-05 9.517600e-06 1.178899e-04
11535.000000 8.158489e-01 2.488842e-02 3.837095e-02 5.283846e-02 6.923410e-05 -2.646613e-05 1.340935e-05 1.162425e-04
11536.000000 8.150415e-01 2.485159e-02 3.829562e-02 5.406005e-02 7.372218e-05 -2.833659e-05 1.919354e-05 1.191975e-04
11537.000000 8.151317e-01 2.486689e-02 3.827308e-02 5.333762e-02 7.459109e-05 -3.252014e-05 1.659213e-05 1.015731e-04
11538.000000 8.156946e-01 2.489754e-02 3.825170e-02 5.327587e-02 8.010279e-05 -3.419080e-05 1.616175e-05 1.177015e-04
11539.000000 8.152201e-01 2.485651e-02 3.806250e-02 5.331345e-02 7.469464e-05 -2.642593e-05 1.173152e-05 1.242846e-04
11540.000000 8.150175e-01 2.481669e-02 3.795007e-02 5.358285e-02 7.250707e-05 -2.713945e-05 6.401239e-06 1.195008e-04
11541.000000 8.143824e-01 2.487892e-02 3.793785e-02 5.386226e-02 6.772292e-05 -2.201529e-05 1.842792e-05 1.176575e-04
11541.200000 8.098346e-01 2.488466e-02 3.767487e-02 5.273941e-02 5.927521e-05 -3.015410e-05 1.661342e-05 1.120685e-04
11541.400000 8.111876e-01 2.478285e-02 3.792386e-02 5.475207e-02 7.433345e-05 -2.337844e-05 9.483401e-06 1.174568e-04
11541.600000 8.198771e-01 2.516787e-02 3.831177e-02 5.598475e-02 6.317371e-05 -3.131801e-05 -7.546881e-07 1.238285e-04
11541.800000 8.133429e-01 2.495874e-02 3.806797e-02 5.063327e-02 6.550512e-05 -3.063376e-05 5.617962e-06 1.106864e-04
11542.000000 8.182195e-01 2.513716e-02 3.835933e-02 5.425606e-02 5.987576e-05 -2.654522e-05 1.009924e-05 8.890520e-05
11542.200000 8.085862e-01 2.492292e-02 3.790066e-02 5.459735e-02 4.634012e-05 -2.790518e-05 1.774876e-05 1.280464e-04
11542.400000 8.178398e-01 2.513195e-02 3.808197e-02 5.415300e-02 6.834825e-05 -3.040932e-05 1.695454e-05 1.242456e-04
11542.600000 8.134710e-01 2.510897e-02 3.811493e-02 5.679683e-02 5.423215e-05 -3.766347e-05 7.552014e-06 1.120077e-04
11542.800000 8.113073e-01 2.499231e-02 3.786617e-02 5.266956e-02 5.197121e-05 -3.188499e-05 1.036338e-05 1.178359e-04
11543.000000 8.204157e-01 2.540890e-02 3.857031e-02 5.439506e-02 5.055500e-05 -2.400312e-05 2.947361e-05 1.186737e-04
11543.200000 8.046333e-01 2.494793e-02 3.781957e-02 5.238926e-02 4.836809e-05 -2.476768e-05 2.321271e-05 1.300820e-04
11543.400000 8.159818e-01 2.528646e-02 3.820574e-02 5.476466e-02 6.329236e-05 -3.560254e-05 1.799613e-05 1.205993e-04
11543.600000 8.131569e-01 2.524961e-02 3.832364e-02 5.500644e-02 4.962517e-05 -3.998664e-05 2.781335e-06 9.953594e-05
11543.800000 8.186708e-01 2.534708e-02 3.824799e-02 5.358197e-02 5.956952e-05 -3.757864e-05 1.980948e-05 1.181514e-04
11544.000000 8.104432e-01 2.528406e-02 3.842009e-02 5.305088e-02 4.608011e-05 -2.810256e-05 7.583567e-06 1.273657e-04
11544.200000 8.069011e-01 2.506360e-02 3.780029e-02 5.443473e-02 6.710513e-05 -2.097525e-05 2.799706e-05 1.280183e-04
11544.400000 8.178122e-01 2.547126e-02 3.841434e-02 5.613723e-02 6.197836e-05 -1.785316e-05 1.890387e-05 1.387688e-04
11544.600000 8.155345e-01 2.542159e-02 3.813683e-02 5.494530e-02 5.726062e-05 -1.733545e-05 5.024807e-06 1.246949e-04
11544.800000 8.153070e-01 2.538999e-02 3.813642e-02 5.585380e-02 6.240741e-05 -2.109964e-05 8.055874e-06 1.231545e-04
11545.000000 8.120415e-01 2.539803e-02 3.802758e-02 5.324424e-02 4.924426e-05 -2.279688e-05 1.135981e-05 1.194064e-04
11545.200000 8.172149e-01 2.537394e-02 3.786939e-02 5.354157e-02 6.054888e-05 -3.162451e-05 1.926767e-05 1.307201e-04
11545.400000 8.142415e-01 2.546507e-02 3.797390e-02 5.677621e-02 5.949696e-05 -3.317706e-05 1.582256e-05 1.345259e-04
11545.600000 8.105313e-01 2.519280e-02 3.785462e-02 5.412983e-02 7.577670e-05 -2.753515e-05 7.804282e-06 1.304718e-04
11545.800000 8.172431e-01 2.559247e-02 3.832981e-02 5.596033e-02 5.437914e-05 -2.512628e-05 1.934470e-05 1.169155e-04
11546.000000 8.139468e-01 2.546678e-02 3.786530e-02 5.326610e-02 5.108593e-05 -2.026255e-05 7.794329e-06 1.123957e-04
11546.200000 8.126061e-01 2.542587e-02 3.781926e-02 5.734129e-02 5.466008e-05 -2.870154e-05 2.443767e-05 1.274048e-04
11546.400000 8.162852e-01 2.566591e-02 3.823297e-02 5.705676e-02 5.289593e-05 -2.941569e-05 2.883207e-05 1.193544e-04
11546.600000 8.137095e-01 2.544899e-02 3.774982e-02 5.406957e-02 7.146143e-05 -2.348050e-05 2.468108e-05 1.063352e-04
11546.800000 8.133205e-01 2.567845e-02 3.818472e-02 5.368549e-02 5.808378e-05 -2.514000e-05 8.641424e-06 1.132295e-04
11547.000000 8.150043e-01 2.558220e-02 3.817892e-02 5.463253e-02 7.258673e-05 -2.088054e-05 2.963289e-05 1.159126e-04
11547.200000 8.128480e-01 2.565399e-02 3.770423e-02 5.809893e-02 6.136388e-05 -2.218848e-05 2.573194e-05 1.269047e-04
11547.400000 8.147120e-01 2.559306e-02 3.785299e-02 5.473895e-02 7.285000e-05 -2.631605e-05 1.743985e-05 1.226598e-04
11547.600000 8.164298e-01 2.574544e-02 3.788590e-02 5.416280e-02 6.347084e-05 -3.283664e-05 1.899726e-05 1.346084e-04
11547.800000 8.097870e-01 2.556150e-02 3.750865e-02 5.601539e-02 5.662902e-05 -2.757529e-05 2.405266e-05 1.350972e-04
11548.000000 8.163122e-01 2.572902e-02 3.784515e-02 5.734079e-02 8.127553e-05 -1.960787e-05 2.667722e-05 1.339096e-04
11548.200000 8.108553e-01 2.563399e-02 3.768542e-02 5.522019e-02 7.009271e-05 -2.962991e-05 1.008406e-05 1.116273e-04
11548.400000 8.143912e-01 2.565944e-02 3.767302e-02 5.194307e-02 9.224150e-05 -2.660593e-05 3.683534e-06 1.076920e-04
11548.600000 8.153902e-01 2.584549e-02 3.811112e-02 5.689239e-02 8.272067e-05 -3.299085e-05 3.540898e-05 1.254032e-04
11548.800000 8.141484e-01 2.566540e-02 3.781723e-02 5.680431e-02 8.780802e-05 -3.467223e-05 2.233485e-05 1.036115e-04
11549.000000 8.138765e-01 2.575667e-02 3.746715e-02 5.589755e-02 7.839903e-05 -3.067588e-05 2.278321e-05 1.069452e-04
11549.200000 8.123466e-01 2.560694e-02 3.745382e-02 5.536438e-02 8.387097e-05 -1.936201e-05 2.109422e-05 1.071393e-04
11549.400000 8.082378e-01 2.560685e-02 3.724452e-02 5.678912e-02 7.788364e-05 -2.326194e-05 9.918745e-06 1.134006e-04
11549.600000 8.178538e-01 2.591672e-02 3.760370e-02 5.711824e-02 7.377804e-05 -3.495786e-05 7.587123e-06 1.161361e-04
11549.800000 8.144780e-01 2.581741e-02 3.757777e-02 5.417508e-02 6.988488e-05 -3.200832e-05 7.190860e-06 1.226966e-04
11550.000000 8.124668e-01 2.570372e-02 3.733370e-02 5.574350e-02 7.624070e-05 -2.530211e-05 1.265723e-05 1.224243e-04
11550.200000 8.134436e-01 2.578942e-02 3.718296e-02 5.686064e-02 7.695872e-05 -2.052397e-05 1.327588e-05 1.262379e-04
11550.400000 8.129086e-01 2.582725e-02 3.707965e-02 5.732112e-02 7.535651e-05 -2.230634e-05 2.233152e-05 1.232683e-04
11550.600000 8.144115e-01 2.576578e-02 3.726171e-02 5.694162e-02 9.042138e-05 -1.835535e-05 1.687376e-05 1.245977e-04
11550.800000 8.151716e-01 2.596791e-02 3.721379e-02 5.635834e-02 6.704796e-05 -1.431450e-05 1.520054e-05 1.186338e-04
11551.000000 8.094332e-01 2.562358e-02 3.662780e-02 5.757505e-02 7.995367e-05 -1.770360e-05 1.944523e-05 1.181207e-04
11551.200000 8.137658e-01 2.588027e-02 3.696521e-02 5.681094e-02 6.522510e-05 -1.814467e-05 8.924496e-06 1.293184e-04
11551.400000 8.199238e-01 2.594544e-02 3.728925e-02 5.600382e-02 6.906154e-05 -1.680384e-05 2.275613e-05 1.270876e-04
11551.600000 8.170486e-01 2.596464e-02 3.684131e-02 5.735086e-02 6.184297e-05 -1.691362e-05 1.545754e-05 1.324855e-04
11551.800000 8.118406e-01 2.572097e-02 3.678880e-02 5.884211e-02 7.828012e-05 -2.148036e-05 2.355807e-05 1.203548e-04
11552.000000 8.124787e-01 2.592281e-02 3.647886e-02 5.763704e-02 6.941404e-05 -2.254337e-05 8.867108e-06 9.237298e-05
11552.200000 8.136337e-01 2.579603e-02 3.658258e-02 5.665868e-02 7.588678e-05 -2.776585e-05 6.851417e-06 1.040967e-04
11552.400000 8.084508e-01 2.578532e-02 3.612189e-02 5.548682e-02 6.192691e-05 -2.583733e-05 1.682584e-05 1.286886e-04
11552.600000 8.162912e-01 2.584461e-02 3.658350e-02 5.709212e-02 6.518978e-05 -1.976324e-05 1.612218e-05 1.368115e-04
11552.800000 7.972705e-01 2.544022e-02 3.570318e-02 5.700358e-02 5.935036e-05 -2.191336e-05 2.210135e-05 1.290058e-04
11553.000000 8.206297e-01 2.606427e-02 3.631281e-02 6.007319e-02 7.144301e-05 -1.678330e-05 1.778723e-05 1.268947e-04
11553.200000 8.097162e-01 2.570300e-02 3.520633e-02 5.618851e-02 6.410326e-05 -1.839476e-05 1.782971e-05 1.200051e-04
11553.400000 8.161379e-01 2.586685e-02 3.608081e-02 5.768852e-02 5.882920e-05 -2.020474e-05 2.048765e-05 1.127830e-04
11553.600000 8.101284e-01 2.577902e-02 3.568103e-02 5.713591e-02 6.701614e-05 -1.537307e-05 1.959905e-05 1.113898e-04
11553.800000 8.126616e-01 2.578383e-02 3.574609e-02 5.822928e-02 7.791569e-05 -1.362203e-05 1.349040e-05 1.290299e-04
11554.000000 8.163920e-01 2.596751e-02 3.561661e-02 6.016575e-02 6.337519e-05 -1.661883e-05 3.358294e-05 1.337555e-04
11554.200000 8.112091e-01 2.572010e-02 3.490918e-02 5.838320e-02 7.096058e-05 -2.226648e-05 2.936688e-05 1.343973e-04
11554.400000 8.119502e-01 2.584887e-02 3.516620e-02 5.713433e-02 7.476418e-05 -1.252366e-05 2.529652e-05 1.398943e-04
11554.600000 8.121556e-01 2.577730e-02 3.505899e-02 5.964981e-02 7.925391e-05 -2.912447e-06 -4.763918e-06 1.132740e-04
11554.800000 8.127281e-01 2.582815e-02 3.485733e-02 5.916631e-02 5.981159e-05 7.044611e-06 -5.171048e-06 1.165610e-04
11555.000000 8.142057e-01 2.576316e-02 3.474140e-02 5.870283e-02 6.941980e-05 -8.842596e-06 1.138164e-06 1.187147e-04
11555.200000 8.078170e-01 2.571459e-02 3.443001e-02 5.895812e-02 6.367941e-05 -9.733196e-06 -7.718652e-06 1.150110e-04
11555.400000 8.107509e-01 2.569108e-02 3.427903e-02 5.966436e-02 7.678024e-05 -8.425796e-06 -6.006563e-06 1.143908e-04
11555.600000 8.150767e-01 2.593237e-02 3.422328e-02 6.054490e-02 8.004055e-05 -6.895853e-06 7.017604e-07 1.276885e-04
11555.800000 8.056137e-01 2.560217e-02 3.366033e-02 6.084599e-02 6.733912e-05 -7.672317e-06 2.646654e-05 1.418547e-04
11556.000000 8.167709e-01 2.598592e-02 3.376721e-02 6.020964e-02 7.507506e-05 -1.290720e-05 2.275252e-05 1.304442e-04
11556.200000 8.091352e-01 2.565723e-02 3.359392e-02 6.112135e-02 8.931247e-05 -1.493476e-05 9.844663e-06 1.236221e-04
11556.400000 8.111475e-01 2.581891e-02 3.326916e-02 6.018532e-02 7.266492e-05 -5.070996e-06 3.067083e-05 1.161452e-04
11556.600000 8.145950e-01 2.598366e-02 3.323059e-02 5.955728e-02 8.223251e-05 -1.693226e-06 3.477895e-05 1.253648e-04
11556.800000 8.118610e-01 2.587341e-02 3.284481e-02 6.265717e-02 7.658246e-05 -2.876193e-06 1.210724e-05 1.039642e-04
11557.000000 8.119262e-01 2.593314e-02 3.278551e-02 6.328527e-02 7.431664e-05 -1.950527e-06 -7.672774e-06 9.968633e-05
11557.200000 8.127273e-01 2.588713e-02 3.228729e-02 6.192998e-02 7.747925e-05 -6.002832e-06 1.188105e-06 1.127391e-04
11557.400000 8.084830e-01 2.585927e-02 3.202777e-02 6.293315e-02 7.127948e-05 -1.346620e-05 9.048374e-06 1.136772e-04
11557.600000 8.128666e-01 2.591450e-02 3.174727e-02 6.172349e-02 9.336522e-05 -1.758930e-05 1.325223e-05 1.124855e-04
11557.800000 8.165476e-01 2.612917e-02 3.183323e-02 6.368741e-02 7.801902e-05 -1.646576e-05 -2.837775e-06 1.046771e-04
11558.000000 8.097269e-01 2.582538e-02 3.117624e-02 6.314436e-02 8.537906e-05 -8.694577e-06 2.297209e-05 1.252481e-04
11558.200000 8.121094e-01 2.608939e-02 3.095056e-02 6.366735e-02 8.223296e-05 -8.335294e-06 3.197555e-05 1.258570e-04
11558.400000 8.113548e-01 2.586850e-02 3.040478e-02 6.462604e-02 9.117655e-05 -5.093848e-06 7.761062e-06 1.197278e-04
11558.600000 8.118876e-01 2.602963e-02 3.002064e-02 6.854400e-02 8.804909e-05 -1.077767e-06 1.501324e-05 1.351539e-04
11558.800000 8.125794e-01 2.589647e-02 2.951148e-02 6.536346e-02 9.150480e-05 4.243660e-06 2.869689e-05 1.308723e-04
11559.000000 8.103815e-01 2.600810e-02 2.919527e-02 6.489134e-02 8.543224e-05 8.251726e-06 3.218724e-05 1.102723e-04
11559.200000 8.137295e-01 2.600061e-02 2.865888e-02 6.741335e-02 8.515701e-05 9.539527e-06 2.505339e-05 9.797197e-05
11559.400000 8.140208e-01 2.599077e-02 2.808860e-02 6.843349e-02 8.215989e-05 3.444872e-06 1.888588e-05 1.076568e-04
11559.600000 8.123521e-01 2.596511e-02 2.749083e-02 6.751973e-02 7.885601e-05 -1.315375e-07 2.322353e-05 1.180709e-04
11559.800000 8.091329e-01 2.585579e-02 2.708438e-02 6.916381e-02 8.371705e-05 5.954738e-06 2.045082e-05 1.242782e-04
11560.000000 8.120955e-01 2.600320e-02 2.650153e-02 6.906021e-02 6.798860e-05 1.341488e-05 1.867037e-05 1.165710e-04
11560.200000 8.132265e-01 2.592043e-02 2.599588e-02 7.110200e-02 8.240486e-05 1.004514e-05 1.036106e-05 1.082093e-04
11560.400000 8.115771e-01 2.595068e-02 2.539970e-02 6.996969e-02 6.963430e-05 6.003161e-06 -2.245370e-06 1.085831e-04
11560.600000 8.142145e-01 2.601719e-02 2.477386e-02 7.318139e-02 7.793557e-05 -2.034976e-06 1.100395e-05 1.133348e-04
11560.800000 8.117904e-01 2.591333e-02 2.408906e-02 7.347252e-02 8.764501e-05 7.936027e-06 1.516509e-05 1.216589e-04
11561.000000 8.151603e-01 2.604908e-02 2.342078e-02 7.445254e-02 7.379129e-05 1.380855e-05 3.842378e-06 1.214497e-04
11561.200000 8.081093e-01 2.575060e-02 2.256987e-02 7.636322e-02 7.669725e-05 1.170687e-05 -3.528107e-06 1.130298e-04
11561.400000 8.079071e-01 2.574358e-02 2.165930e-02 7.656068e-02 6.041490e-05 -2.452091e-07 2.246711e-05 1.229563e-04
11561.600000 8.133517e-01 2.594503e-02 2.103560e-02 7.848218e-02 6.613641e-05 -1.036631e-05 6.052197e-06 1.204883e-04
11561.800000 8.072581e-01 2.568044e-02 2.028493e-02 7.973271e-02 7.060954e-05 -3.465915e-06 9.373908e-07 1.206906e-04
11562.000000 8.164419e-01 2.599492e-02 1.946278e-02 8.181598e-02 6.758779e-05 -8.042582e-06 -1.047017e-05 1.187866e-04
11562.200000 8.071212e-01 2.574782e-02 1.827012e-02 8.230559e-02 5.903853e-05 -5.531692e-06 -1.916451e-05 1.140993e-04
11562.400000 8.120806e-01 2.582618e-02 1.749941e-02 8.585502e-02 6.206546e-05 -2.251882e-06 -8.478623e-06 1.195512e-04
11562.600000 8.087737e-01 2.575412e-02 1.649721e-02 8.557294e-02 6.542542e-05 2.717608e-06 3.964176e-06 1.192143e-04
11562.800000 8.133263e-01 2.592251e-02 1.569770e-02 8.997437e-02 5.632038e-05 -2.697989e-06 1.721097e-05 1.229422e-04
11563.000000 8.135508e-01 2.590018e-02 1.479386e-02 9.222509e-02 5.900733e-05 -4.525849e-06 2.714344e-06 1.203686e-04
11563.200000 8.118988e-01 2.581435e-02 1.378416e-02 9.308277e-02 6.446713e-05 -2.946773e-06 1.053613e-05 1.244573e-04
11563.400000 8.139301e-01 2.593776e-02 1.326246e-02 9.693408e-02 6.175768e-05 -5.526826e-06 1.836449e-06 1.277507e-04
11563.600000 8.121261e-01 2.587749e-02 1.232813e-02 9.904123e-02 5.764016e-05 -1.257678e-05 3.793333e-06 1.199434e-04
11563.800000 8.114126e-01 2.583786e-02 1.150185e-02 1.012703e-01 6.991312e-05 -5.697979e-06 -4.325897e-06 1.151327e-04
11564.000000 8.133181e-01 2.591198e-02 1.066559e-02 1.046882e-01 6.470700e-05 -2.927887e-06 1.512073e-06 1.225645e-04
11564.200000 8.052744e-01 2.567069e-02 9.993401e-03 1.096488e-01 5.673208e-05 -3.985129e-06 -5.608401e-06 1.254897e-04
11564.400000 8.107442e-01 2.582284e-02 9.433523e-03 1.115420e-01 7.131193e-05 5.580854e-06 1.101331e-05 1.273796e-04
11564.600000 8.135339e-01 2.586668e-02 8.742330e-03 1.139352e-01 6.411736e-05 -1.970585e-06 2.183306e-05 1.108195e-04
11564.800000 8.111528e-01 2.579810e-02 8.227616e-03 1.173271e-01 6.253320e-05 -9.753105e-06 9.856873e-06 1.395815e-04
11565.000000 8.129153e-01 2.583834e-02 7.592999e-03 1.212055e-01 6.978191e-05 -1.435726e-05 -6.229063e-07 1.275333e-04
11565.200000 8.092892e-01 2.572120e-02 7.427579e-03 1.233647e-01 6.627826e-05 -1.397130e-05 2.948779e-06 1.224094e-04
11565.400000 8.122939e-01 2.579775e-02 6.991665e-03 1.277612e-01 5.192816e-05 -1.206868e-05 7.448946e-06 1.355236e-04
11565.600000 8.130699e-01 2.582991e-02 6.716419e-03 1.296939e-01 6.076576e-05 -2.024011e-05 6.769943e-06 1.354182e-04
11565.800000 8.145433e-01 2.586842e-02 6.300167e-03 1.315010e-01 6.195449e-05 -9.931629e-06 2.094403e-05 1.341312e-04
11566.000000 8.076849e-01 2.563200e-02 6.073250e-03 1.348267e-01 5.303919e-05 -1.741965e-05 3.172873e-05 1.398434e-04
11566.200000 8.147142e-01 2.578991e-02 6.057631e-03 1.363068e-01 5.136071e-05 -1.518547e-05 1.608171e-05 1.434686e-04
11566.400000 8.118945e-01 2.570618e-02 5.819933e-03 1.386227e-01 4.892311e-05 -1.677845e-05 1.526459e-05 1.360119e-04
11566.600000 8.133281e-01 2.571905e-02 5.655470e-03 1.395052e-01 5.599549e-05 -1.891406e-05 1.619757e-05 1.508889e-04
11566.800000 8.093219e-01 2.558755e-02 5.981849e-03 1.409398e-01 5.367144e-05 -8.723177e-06 8.849684e-06 1.476871e-04
11567.000000 8.115910e-01 2.569601e-02 5.872917e-03 1.426110e-01 5.627721e-05 -8.913999e-06 8.056676e-06 1.349074e-04
11567.200000 8.109665e-01 2.559600e-02 5.944627e-03 1.425593e-01 5.638643e-05 -2.944158e-06 7.520986e-06 1.304505e-04
11567.400000 8.115569e-01 2.561444e-02 6.042432e-03 1.440922e-01 5.330419e-05 1.370720e-05 1.442510e-05 1.382920e-04
11567.600000 8.113011e-01 2.556876e-02 5.966417e-03 1.453548e-01 5.529261e-05 5.745653e-06 7.651998e-06 1.457925e-04
11567.800000 8.112480e-01 2.555845e-02 6.088894e-03 1.449110e-01 6.706291e-05 1.013782e-06 1.343971e-05 1.444924e-04
11568.000000 8.089973e-01 2.551162e-02 6.341541e-03 1.450310e-01 7.992545e-05 1.059685e-05 1.185321e-05 1.355982e-04
11568.200000 8.103688e-01 2.557573e-02 6.416828e-03 1.451192e-01 7.321167e-05 9.911713e-06 1.103240e-05 1.193890e-04
11568.400000 8.112621e-01 2.555002e-02 6.470773e-03 1.459670e-01 7.194540e-05 3.508987e-07 8.598388e-06 1.319718e-04
11568.600000 8.097891e-01 2.552156e-02 6.586171e-03 1.450418e-01 6.560707e-05 5.892741e-06 7.599040e-06 1.278848e-04
11568.800000 8.103338e-01 2.555470e-02 6.628910e-03 1.449755e-01 6.365160e-05 1.806365e-06 8.344372e-06 1.317010e-04
11569.000000 8.098237e-01 2.553517e-02 6.622724e-03 1.438834e-01 6.781331e-05 9.968102e-06 1.760786e-05 1.327067e-04
11569.200000 8.109346e-01 2.556351e-02 6.546488e-03 1.447181e-01 6.199047e-05 1.624420e-05 2.165747e-05 1.235591e-04
11569.400000 8.087293e-01 2.548203e-02 6.794489e-03 1.443008e-01 5.850890e-05 1.097791e-05 1.935045e-05 1.180845e-04
11569.600000 8.128679e-01 2.557643e-02 7.138187e-03 1.444854e-01 5.854655e-05 1.316783e-05 5.897263e-06 1.048859e-04
11569.800000 8.108724e-01 2.549640e-02 7.223323e-03 1.433800e-01 4.689423e-05 6.925034e-06 9.921013e-06 1.209585e-04
11570.000000 8.101923e-01 2.548562e-02 7.258546e-03 1.423709e-01 4.187062e-05 8.411350e-06 1.176071e-06 1.222581e-04
11570.200000 8.115435e-01 2.551041e-02 7.339104e-03 1.400443e-01 5.515125e-05 6.678646e-06 8.777045e-06 1.333154e-04
11570.400000 8.057133e-01 2.529142e-02 7.546092e-03 1.392620e-01 4.463193e-05 6.771539e-06 6.401517e-06 1.268410e-04
11570.600000 8.120613e-01 2.552428e-02 7.677420e-03 1.401850e-01 5.099916e-05 1.100303e-05 -6.424851e-06 1.190150e-04
11570.800000 8.102932e-01 2.543669e-02 7.341289e-03 1.380050e-01 6.307249e-05 1.220247e-06 2.921295e-06 1.297084e-04
11571.000000 8.104150e-01 2.541934e-02 7.870867e-03 1.382879e-01 6.678419e-05 6.020531e-06 -4.419988e-06 1.192161e-04
11571.200000 8.098117e-01 2.539552e-02 7.804203e-03 1.367928e-01 6.895886e-05 -9.056257e-07 -3.790125e-07 1.230656e-04
11571.400000 8.093324e-01 2.534200e-02 7.694947e-03 1.354221e-01 6.924388e-05 -4.006819e-06 -3.594672e-06 1.206542e-04
11571.600000 8.115284e-01 2.540961e-02 7.966236e-03 1.354554e-01 8.344786e-05 1.442623e-07 -1.304288e-06 1.216313e-04
11571.800000 8.094238e-01 2.537259e-02 7.977144e-03 1.340525e-01 7.193192e-05 -9.338258e-07 1.769033e-05 1.206569e-04
11572.000000 8.092424e-01 2.532676e-02 8.112499e-03 1.327113e-01 7.517369e-05 -3.841165e-06 1.412792e-05 1.325556e-04
11572.200000 8.090573e-01 2.524579e-02 8.175364e-03 1.323047e-01 6.575576e-05 2.292240e-06 2.652223e-06 1.206078e-04
11572.400000 8.104325e-01 2.527951e-02 8.008056e-03 1.328291e-01 6.120942e-05 -2.667726e-06 4.809233e-06 1.256177e-04
11572.600000 8.107804e-01 2.528019e-02 8.123353e-03 1.323273e-01 6.025283e-05 -6.580297e-06 -7.728495e-07 1.328078e-04
11572.800000 8.108484e-01 2.521158e-02 8.345373e-03 1.299776e-01 6.808050e-05 -3.328031e-06 -1.172553e-05 1.227560e-04
11573.000000 8.088954e-01 2.518421e-02 8.343360e-03 1.277710e-01 7.970694e-05 -9.254962e-06 -6.511107e-06 1.219694e-04
11573.200000 8.109245e-01 2.520185e-02 8.434967e-03 1.290630e-01 6.830126e-05 -8.260589e-06 1.062627e-06 1.212679e-04
11573.400000 8.094840e-01 2.510360e-02 8.651911e-03 1.277777e-01 5.585174e-05 -1.350241e-06 8.031494e-06 1.080254e-04
11573.600000 8.095452e-01 2.510612e-02 8.342276e-03 1.263761e-01 5.384586e-05 -6.597074e-06 -3.256332e-06 1.175824e-04
11573.800000 8.099470e-01 2.511756e-02 8.530406e-03 1.267662e-01 5.524959e-05 -2.430428e-06 -4.624379e-06 1.205587e-04
11574.000000 8.093424e-01 2.506968e-02 8.659302e-03 1.265474e-01 3.987738e-05 -1.796570e-06 -2.749381e-06 1.064022e-04
11574.200000 8.091844e-01 2.503263e-02 8.586316e-03 1.260958e-01 4.386372e-05 -1.087734e-05 -1.071154e-06 1.029809e-04
11574.400000 8.099964e-01 2.503757e-02 8.650434e-03 1.260307e-01 4.390298e-05 -7.744978e-06 -2.384422e-06 1.045909e-04
11574.600000 8.096042e-01 2.497451e-02 8.678601e-03 1.255280e-01 5.420192e-05 -4.949864e-06 -1.045643e-05 1.018983e-04
11574.800000 8.090451e-01 2.494299e-02 8.718647e-03 1.252951e-01 5.318130e-05 5.538774e-06 -1.561505e-05 8.479951e-05
11575.000000 8.090733e-01 2.493562e-02 8.770547e-03 1.248016e-01 4.649273e-05 4.285894e-06 -1.860610e-05 8.474235e-05
11575.200000 8.094696e-01 2.494619e-02 8.730032e-03 1.243022e-01 4.401706e-05 1.030285e-05 -4.173159e-06 1.017659e-04
11575.400000 8.098116e-01 2.495852e-02 8.746535e-03 1.240399e-01 4.778036e-05 1.633976e-05 3.356015e-06 1.072848e-04
11575.600000 8.089954e-01 2.490752e-02 8.704465e-03 1.234502e-01 4.880503e-05 1.523917e-05 -1.250624e-06 1.027303e-04
11575.800000 8.107771e-01 2.496044e-02 8.749914e-03 1.240848e-01 5.231966e-05 6.049731e-06 1.194029e-05 9.292492e-05
11576.000000 8.103894e-01 2.494992e-02 8.442021e-03 1.224752e-01 5.340133e-05 1.130799e-05 1.991273e-05 9.267418e-05
11576.200000 8.103779e-01 2.497861e-02 8.663281e-03 1.234273e-01 4.311111e-05 4.971584e-06 5.464434e-06 9.589281e-05
11576.400000 8.096332e-01 2.493973e-02 8.804587e-03 1.233875e-01 5.154652e-05 3.138719e-07 -6.130026e-07 8.343033e-05
11576.600000 8.093619e-01 2.492474e-02 8.900739e-03 1.235156e-01 5.640846e-05 -5.111574e-06 4.060261e-06 9.457653e-05
11576.800000 8.056943e-01 2.492204e-02 8.826875e-03 1.215850e-01 5.780113e-05 -3.351925e-07 1.267378e-06 9.325196e-05
11577.000000 8.113800e-01 2.507488e-02 8.771520e-03 1.219875e-01 6.360626e-05 7.499342e-06 1.369464e-05 9.776051e-05
11577.200000 8.101034e-01 2.506636e-02 8.663691e-03 1.224660e-01 5.591173e-05 9.283883e-06 1.448889e-05 9.328615e-05
11577.400000 8.107586e-01 2.511693e-02 8.768868e-03 1.234200e-01 4.827237e-05 1.110390e-05 -3.019653e-06 9.619768e-05
11577.600000 8.078110e-01 2.508998e-02 8.767103e-03 1.225071e-01 4.167131e-05 7.263443e-07 -1.387981e-05 9.790604e-05
11577.800000 8.092119e-01 2.519121e-02 8.725720e-03 1.221931e-01 4.122569e-05 -1.064436e-06 -1.198848e-05 9.965167e-05
11578.000000 8.086681e-01 2.521775e-02 8.469355e-03 1.231787e-01 4.576689e-05 -7.258011e-06 -6.482062e-06 1.051865e-04
11578.200000 8.095715e-01 2.522304e-02 8.576231e-03 1.217517e-01 5.385856e-05 -7.793368e-06 -1.374535e-05 1.074729e-04
11578.400000 8.100065e-01 2.528591e-02 8.683733e-03 1.226311e-01 4.863916e-05 -3.043849e-06 -2.519319e-05 9.527577e-05
11578.600000 8.096510e-01 2.533577e-02 8.666323e-03 1.223497e-01 4.732962e-05 1.371103e-06 -2.278353e-05 9.420214e-05
11578.800000 8.095814e-01 2.537735e-02 8.491140e-03 1.223521e-01 4.637688e-05 3.429184e-06 -2.281741e-05 1.117456e-04
11579.000000 8.085675e-01 2.533426e-02 8.415610e-03 1.229307e-01 5.743153e-05 -6.196547e-08 -1.744507e-05 9.490476e-05
11579.200000 8.091057e-01 2.542830e-02 8.465267e-03 1.222644e-01 5.023096e-05 -5.455999e-06 -2.280101e-05 9.854809e-05
11579.400000 8.072064e-01 2.538933e-02 8.460866e-03 1.212338e-01 4.247173e-05 -1.245337e-05 -2.296339e-05 1.043382e-04
11579.600000 8.086003e-01 2.547758e-02 8.586660e-03 1.231164e-01 6.020579e-05 -2.655188e-06 -1.285669e-05 1.042518e-04
11579.800000 8.084663e-01 2.547498e-02 8.435905e-03 1.221597e-01 6.240783e-05 5.830666e-06 -1.039495e-05 9.195281e-05
11580.000000 8.087336e-01 2.550633e-02 8.463906e-03 1.222731e-01 5.978301e-05 3.941260e-06 -1.209825e-05 9.111877e-05
11580.200000 8.069665e-01 2.545127e-02 8.437053e-03 1.221951e-01 5.399956e-05 -1.972332e-07 -1.827184e-05 9.569705e-05
11580.400000 8.096399e-01 2.553794e-02 8.441427e-03 1.237944e-01 4.470397e-05 -2.221226e-06 -8.369824e-06 8.603651e-05
11580.600000 8.099854e-01 2.554235e-02 8.459412e-03 1.237596e-01 3.828202e-05 2.165007e-06 -7.530208e-06 8.501011e-05
11580.800000 8.069058e-01 2.547432e-02 8.595034e-03 1.228331e-01 3.905005e-05 5.396709e-06 -1.168573e-05 9.081594e-05
11581.000000 8.084310e-01 2.553858e-02 8.386258e-03 1.216509e-01 5.322111e-05 1.064005e-05 5.583195e-06 9.811784e-05
11581.200000 8.095908e-01 2.550901e-02 8.364135e-03 1.241097e-01 5.895357e-05 -3.000195e-06 1.397520e-05 1.012950e-04
11581.400000 8.081931e-01 2.548096e-02 8.380551e-03 1.231406e-01 5.621004e-05 4.173136e-06 3.859622e-06 1.004512e-04
11581.600000 8.105406e-01 2.551283e-02 8.418354e-03 1.239224e-01 5.370474e-05 9.421261e-07 -1.254832e-05 9.920785e-05
11581.800000 8.068747e-01 2.541962e-02 8.341308e-03 1.236701e-01 5.584045e-05 9.824061e-07 -1.378129e-05 9.425840e-05
11582.000000 8.083601e-01 2.547363e-02 8.424936e-03 1.222623e-01 5.576669e-05 -1.055188e-06 -2.266420e-05 1.023656e-04
11582.200000 8.075218e-01 2.544564e-02 8.485413e-03 1.224769e-01 6.403206e-05 6.703929e-06 -1.884715e-05 1.017654e-04
11582.400000 8.083807e-01 2.549418e-02 8.557332e-03 1.244913e-01 5.734255e-05 1.426820e-05 5.405177e-07 1.063293e-04
11582.600000 8.078127e-01 2.540759e-02 8.643178e-03 1.218448e-01 5.083477e-05 1.783475e-05 -1.129353e-05 1.064107e-04
11582.800000 8.088090e-01 2.544974e-02 8.620625e-03 1.228381e-01 5.454415e-05 1.634948e-05 -1.425956e-05 1.032945e-04
11583.000000 8.057164e-01 2.539281e-02 8.575706e-03 1.216815e-01 5.751255e-05 8.036035e-06 -1.370549e-05 9.575566e-05
11583.200000 8.077107e-01 2.540036e-02 8.694011e-03 1.209100e-01 6.574953e-05 6.235587e-06 -8.917306e-06 8.968202e-05
11583.400000 8.067242e-01 2.536118e-02 8.689561e-03 1.217507e-01 6.009344e-05 5.896747e-06 -1.234706e-05 9.244105e-05
11583.600000 8.101057e-01 2.547380e-02 8.834333e-03 1.226099e-01 4.379699e-05 8.616654e-06 -1.396490e-05 9.292967e-05
11583.800000 8.076807e-01 2.536299e-02 8.763577e-03 1.225065e-01 4.012908e-05 6.140236e-06 -4.526835e-06 8.756370e-05
11584.000000 8.088924e-01 2.535120e-02 8.859558e-03 1.216493e-01 5.474480e-05 -3.325451e-07 -3.332490e-07 9.092212e-05
11584.200000 8.069086e-01 2.527831e-02 8.855632e-03 1.218947e-01 5.268315e-05 1.498067e-06 -6.208407e-07 1.010753e-04
11584.400000 8.097528e-01 2.536197e-02 8.871504e-03 1.221824e-01 4.075812e-05 -2.773698e-06 -1.028724e-05 9.644590e-05
11584.600000 8.073028e-01 2.523112e-02 8.790121e-03 1.213916e-01 4.490842e-05 -5.876265e-06 -8.056121e-06 9.774916e-05
11584.800000 8.091085e-01 2.529537e-02 8.839331e-03 1.220070e-01 5.074556e-05 -4.200009e-06 -1.639117e-05 9.751331e-05
11585.000000 8.088560e-01 2.528959e-02 9.021589e-03 1.216393e-01 5.086904e-05 -9.138534e-06 -1.107871e-05 8.943923e-05
11585.200000 8.072915e-01 2.522161e-02 8.737220e-03 1.206910e-01 5.031364e-05 -5.828304e-06 -6.428602e-06 5.113802e-05
11585.400000 8.088018e-01 2.528267e-02 8.743061e-03 1.218798e-01 6.915364e-05 -7.831406e-06 1.215748e-07 7.020186e-05
11585.600000 8.107697e-01 2.535973e-02 8.988679e-03 1.222827e-01 6.358367e-05 -1.401198e-05 -8.593706e-06 6.167772e-05
11585.800000 8.063213e-01 2.514659e-02 9.084408e-03 1.205612e-01 6.310069e-05 -1.052458e-06 -2.267684e-05 3.530237e-05
11586.000000 8.064654e-01 2.513241e-02 8.916377e-03 1.212706e-01 6.349227e-05 -3.991548e-06 -3.485599e-05 6.043452e-05
11586.200000 8.094222e-01 2.515383e-02 8.898740e-03 1.227785e-01 6.820001e-05 8.514374e-06 -4.505986e-05 7.296842e-05
11586.400000 8.071788e-01 2.510651e-02 8.976596e-03 1.210792e-01 6.893015e-05 4.901930e-06 -3.055731e-05 6.820711e-05
11586.600000 8.075867e-01 2.517586e-02 9.051392e-03 1.218203e-01 6.607021e-05 4.675371e-06 -1.428008e-05 7.247015e-05
11586.800000 8.064870e-01 2.511287e-02 8.861562e-03 1.225963e-01 6.463634e-05 1.073261e-05 3.001178e-07 6.775975e-05
11587.000000 8.044958e-01 2.504385e-02 9.004376e-03 1.227066e-01 6.608599e-05 3.065463e-06 -1.430176e-05 7.203732e-05
11587.200000 8.082072e-01 2.517765e-02 8.973527e-03 1.224974e-01 6.792276e-05 2.682685e-06 -2.436775e-05 8.273603e-05
11587.400000 8.075588e-01 2.518698e-02 9.027111e-03 1.209169e-01 6.210778e-05 5.348545e-06 -1.820088e-05 7.639898e-05
11587.600000 8.031514e-01 2.507572e-02 8.934758e-03 1.210426e-01 6.457814e-05 1.491465e-07 -2.093182e-05 9.091827e-05
11587.800000 8.077738e-01 2.521234e-02 8.921456e-03 1.205023e-01 6.011415e-05 2.701130e-06 -1.871049e-05 8.909819e-05
11588.000000 8.064604e-01 2.517476e-02 8.917312e-03 1.221007e-01 5.914829e-05 -8.047058e-07 -5.585138e-06 8.319899e-05
11588.200000 8.083755e-01 2.527908e-02 8.967550e-03 1.228937e-01 5.789924e-05 -3.556641e-06 -6.212615e-06 8.434021e-05
11588.400000 8.024584e-01 2.509680e-02 8.934783e-03 1.209090e-01 5.646812e-05 -8.988227e-07 -1.136654e-05 7.247612e-05
11588.600000 8.086419e-01 2.533307e-02 8.880258e-03 1.220245e-01 5.452911e-05 8.309731e-06 -1.959990e-05 6.117207e-05
11588.800000 8.057328e-01 2.514394e-02 8.898390e-03 1.227202e-01 4.988786e-05 7.764108e-06 -2.192162e-05 7.201125e-05
11589.000000 8.065859e-01 2.522013e-02 8.921472e-03 1.217924e-01 5.857885e-05 2.638200e-06 -1.972980e-05 7.340056e-05
11589.200000 8.064809e-01 2.527406e-02 8.878353e-03 1.224494e-01 6.237978e-05 4.569412e-06 -2.339498e-05 6.914178e-05
11589.400000 8.082100e-01 2.534964e-02 8.834689e-03 1.228689e-01 6.338859e-05 1.229555e-05 -2.059180e-05 6.742142e-05
11589.600000 8.057824e-01 2.523834e-02 8.780315e-03 1.216724e-01 6.887598e-05 1.436190e-05 -1.890898e-05 6.864763e-05
11589.800000 8.058338e-01 2.531179e-02 8.635674e-03 1.208620e-01 6.546012e-05 8.842179e-06 -1.320632e-05 6.766510e-05
11590.000000 8.073545e-01 2.539420e-02 8.931456e-03 1.226901e-01 6.672438e-05 1.744092e-05 -1.168605e-05 8.103502e-05
11590.200000 8.060850e-01 2.531594e-02 8.848721e-03 1.244108e-01 6.819604e-05 2.661663e-05 -1.186005e-05 7.728129e-05
11590.400000 8.093571e-01 2.553513e-02 8.736844e-03 1.243041e-01 5.748190e-05 1.628907e-05 -6.585323e-06 8.632946e-05
11590.600000 8.060622e-01 2.544279e-02 8.597108e-03 1.232311e-01 5.412440e-05 8.303465e-06 4.388364e-06 9.571126e-05
11590.800000 8.065929e-01 2.547017e-02 8.594942e-03 1.227606e-01 6.134531e-05 1.461255e-05 -8.760272e-06 9.263109e-05
11591.000000 8.017414e-01 2.533768e-02 8.450228e-03 1.226480e-01 7.394553e-05 1.925873e-05 -1.128523e-05 8.903689e-05
11591.200000 8.090271e-01 2.565194e-02 8.672042e-03 1.229818e-01 6.190078e-05 1.342733e-05 -1.087373e-05 8.807278e-05
11591.400000 8.078527e-01 2.566136e-02 8.429728e-03 1.243609e-01 6.110243e-05 1.914099e-05 -2.656892e-05 5.851275e-05
11591.600000 8.054533e-01 2.557241e-02 8.426896e-03 1.235837e-01 6.142938e-05 1.676462e-05 -2.506810e-05 7.180254e-05
11591.800000 8.104310e-01 2.578409e-02 8.293249e-03 1.250502e-01 4.930809e-05 1.918004e-05 -1.432357e-05 8.595536e-05
11592.000000 8.095371e-01 2.577091e-02 8.218836e-03 1.242625e-01 5.641656e-05 2.180287e-05 -1.639629e-05 8.913876e-05
11592.200000 8.036240e-01 2.558732e-02 8.071447e-03 1.253005e-01 6.029889e-05 2.006924e-05 -2.338606e-05 8.399693e-05
11592.400000 8.074097e-01 2.576054e-02 8.257814e-03 1.232517e-01 6.313300e-05 1.710071e-05 -2.422706e-05 7.964708e-05
11592.600000 8.070953e-01 2.572300e-02 8.100213e-03 1.245716e-01 6.663969e-05 1.201303e-05 -1.484433e-05 9.920739e-05
11592.800000 8.097241e-01 2.586987e-02 8.111289e-03 1.252105e-01 6.332920e-05 1.982878e-05 -1.845896e-05 1.001641e-04
11593.000000 8.031811e-01 2.569491e-02 8.048705e-03 1.266470e-01 7.050268e-05 1.385841e-05 -1.903579e-05 9.157900e-05
11593.200000 8.041849e-01 2.572032e-02 8.047311e-03 1.266013e-01 6.513144e-05 8.088440e-06 -5.968510e-06 8.911672e-05
11593.400000 8.071503e-01 2.592255e-02 8.080447e-03 1.239456e-01 6.049913e-05 5.370890e-06 -3.344237e-06 9.035744e-05
11593.600000 8.101550e-01 2.602069e-02 7.888673e-03 1.260239e-01 6.102602e-05 1.978739e-05 -2.048844e-05 7.725817e-05
11593.800000 8.028579e-01 2.582058e-02 7.979381e-03 1.252506e-01 5.402044e-05 2.105902e-05 -2.591774e-05 6.732966e-05
11594.000000 8.052133e-01 2.593452e-02 8.007028e-03 1.256562e-01 6.489868e-05 2.048372e-05 -2.528718e-05 6.299859e-05
11594.200000 8.061387e-01 2.598782e-02 7.984014e-03 1.254071e-01 5.456798e-05 2.564354e-05 -3.831922e-05 6.559903e-05
11594.400000 8.031988e-01 2.603406e-02 8.051420e-03 1.269918e-01 4.727603e-05 2.583062e-05 -2.794329e-05 6.784753e-05
11594.600000 8.081222e-01 2.606354e-02 7.915114e-03 1.256385e-01 6.146818e-05 1.175934e-05 -1.593671e-05 8.667086e-05
11594.800000 8.069556e-01 2.622505e-02 8.205610e-03 1.254891e-01 6.388915e-05 1.180914e-05 -1.527025e-06 8.930722e-05
11595.000000 8.095849e-01 2.625645e-02 7.980500e-03 1.258880e-01 5.461479e-05 6.093652e-06 -1.306729e-05 8.154169e-05
11595.200000 8.016810e-01 2.604974e-02 8.077890e-03 1.266604e-01 5.957721e-05 5.763888e-06 -1.853212e-05 7.018662e-05
11595.400000 8.099640e-01 2.626041e-02 8.206007e-03 1.263149e-01 5.054531e-05 -2.870113e-06 1.171705e-06 7.981792e-05
11595.600000 8.055840e-01 2.621457e-02 8.075261e-03 1.260876e-01 5.295680e-05 7.855778e-06 3.340555e-06 8.203478e-05
11595.800000 8.051801e-01 2.627966e-02 7.899854e-03 1.252867e-01 6.608270e-05 1.039141e-05 -1.290037e-05 7.952302e-05
11596.000000 8.039783e-01 2.620308e-02 8.028671e-03 1.268964e-01 7.085743e-05 8.743947e-06 -3.625745e-06 8.982190e-05
11596.200000 8.050049e-01 2.634643e-02 8.229354e-03 1.255606e-01 6.974311e-05 4.698700e-06 -1.051429e-05 8.056332e-05
11596.400000 8.096199e-01 2.640527e-02 8.133672e-03 1.271873e-01 7.751114e-05 8.001014e-06 -3.042333e-05 7.275623e-05
11596.600000 8.066871e-01 2.644253e-02 7.997151e-03 1.271225e-01 7.533201e-05 8.817435e-06 -3.566674e-05 6.756477e-05
11596.800000 8.014394e-01 2.620711e-02 8.035984e-03 1.261582e-01 8.528608e-05 7.503824e-06 -3.225252e-05 7.310696e-05
11597.000000 8.062351e-01 2.642408e-02 8.310513e-03 1.254867e-01 7.747095e-05 1.569538e-05 -2.496350e-05 7.825774e-05
11597.700000 8.053725e-01 2.643046e-02 8.358543e-03 1.249957e-01 7.500847e-05 2.065388e-05 -1.209025e-05 7.371084e-05
11598.400000 8.047938e-01 2.644339e-02 8.527783e-03 1.246105e-01 7.003966e-05 1.385391e-05 -4.067974e-06 8.218651e-05
11599.100000 8.043941e-01 2.647321e-02 8.570085e-03 1.247069e-01 6.123636e-05 5.561328e-06 -4.630657e-06 8.305771e-05
11599.800000 8.046828e-01 2.661123e-02 8.748682e-03 1.232936e-01 5.793270e-05 5.507231e-06 8.868169e-07 8.342628e-05
11600.500000 8.037000e-01 2.666290e-02 8.825040e-03 1.231133e-01 6.063255e-05 4.593051e-06 -5.360987e-06 8.222776e-05
11601.200000 8.034005e-01 2.671813e-02 8.953615e-03 1.223429e-01 6.114199e-05 5.075311e-06 4.353842e-06 9.156232e-05
11601.900000 8.034195e-01 2.675512e-02 8.858252e-03 1.225455e-01 6.360625e-05 7.224179e-06 6.158333e-07 1.035305e-04
11602.600000 8.030912e-01 2.677769e-02 9.006526e-03 1.217230e-01 6.133072e-05 1.174375e-05 -3.166554e-06 9.500746e-05
11603.300000 8.025845e-01 2.678285e-02 9.013887e-03 1.218263e-01 5.602543e-05 7.807055e-06 2.329235e-06 9.762160e-05
11604.993695 8.032964e-01 2.692938e-02 9.161319e-03 1.221565e-01 6.134607e-05 2.984091e-06 -2.885668e-06 9.984820e-05
11605.999583 8.029788e-01 2.700987e-02 9.358335e-03 1.222370e-01 5.400884e-05 3.426430e-06 -5.824070e-07 1.028251e-04
11607.017662 8.029394e-01 2.710557e-02 9.375363e-03 1.219565e-01 5.369461e-05 -3.547358e-06 8.268845e-06 1.015414e-04
11608.047933 8.029736e-01 2.715073e-02 9.405847e-03 1.217904e-01 6.305105e-05 -8.584717e-06 6.123650e-06 9.194775e-05
11609.090396 8.025083e-01 2.711390e-02 9.390347e-03 1.219669e-01 6.266649e-05 -5.716128e-06 -1.682855e-06 8.308541e-05
11610.145051 8.020100e-01 2.707858e-02 9.306358e-03 1.220850e-01 6.646870e-05 -6.699034e-06 -9.648536e-06 9.407310e-05
11611.211898 8.023926e-01 2.712411e-02 9.256258e-03 1.225079e-01 6.962088e-05 -2.356249e-06 -3.849787e-06 9.155141e-05
11612.290937 8.019681e-01 2.712988e-02 9.125013e-03 1.225735e-01 6.373064e-05 1.857199e-06 -1.849973e-05 7.858775e-05
11613.382167 8.020841e-01 2.719472e-02 9.098380e-03 1.237921e-01 5.758303e-05 -3.567042e-06 -2.310100e-05 5.735646e-05
11614.485590 8.029400e-01 2.726768e-02 8.934403e-03 1.247071e-01 5.221847e-05 -3.019008e-06 -9.459091e-07 7.689952e-05
11615.601204 8.013107e-01 2.721337e-02 8.729402e-03 1.253375e-01 5.317327e-05 -9.429674e-06 8.109387e-06 7.747267e-05
11616.729011 8.005710e-01 2.726203e-02 8.642860e-03 1.246978e-01 5.670890e-05 -8.391675e-06 3.673086e-06 7.554701e-05
11617.869009 8.008970e-01 2.736615e-02 8.495749e-03 1.251735e-01 4.582834e-05 -1.883488e-06 7.827623e-06 8.344315e-05
11619.021199 8.005710e-01 2.747577e-02 8.480266e-03 1.256633e-01 4.782566e-05 2.627735e-06 -1.493585e-06 8.322436e-05
11620.185582 8.005032e-01 2.756253e-02 8.455355e-03 1.268789e-01 5.639293e-05 6.327985e-06 1.118735e-07 8.489945e-05
11621.362156 8.000635e-01 2.765005e-02 8.431380e-03 1.266620e-01 5.439241e-05 4.362440e-06 4.585656e-06 7.966043e-05
11622.550922 7.991396e-01 2.770575e-02 8.550415e-03 1.262687e-01 5.563777e-05 6.265985e-06 9.260196e-06 7.321246e-05
11623.751879 7.992481e-01 2.781289e-02 8.549600e-03 1.271429e-01 4.795920e-05 2.623269e-06 8.722977e-06 6.740437e-05
11624.965029 7.993266e-01 2.792173e-02 8.776527e-03 1.260815e-01 5.031651e-05 2.487157e-07 3.679153e-07 6.979695e-05
11626.190371 7.985826e-01 2.793714e-02 8.809235e-03 1.262434e-01 5.592157e-05 2.053240e-06 4.037373e-06 7.816628e-05
11627.427904 7.983313e-01 2.799780e-02 8.862991e-03 1.267861e-01 4.579962e-05 3.271688e-06 4.473796e-06 7.883188e-05
11628.677630 7.994098e-01 2.811409e-02 8.878700e-03 1.258920e-01 4.336474e-05 1.726004e-05 7.112484e-06 6.986206e-05
11629.939547 7.984523e-01 2.808078e-02 8.983391e-03 1.254430e-01 3.574734e-05 1.192161e-05 1.418977e-05 7.120794e-05
11631.213657 7.980661e-01 2.813274e-02 9.102962e-03 1.244024e-01 3.412156e-05 7.149586e-06 1.097526e-05 7.889848e-05
11632.499958 7.983539e-01 2.822390e-02 9.144436e-03 1.251133e-01 4.716850e-05 9.235921e-06 5.051944e-06 7.915079e-05
11633.798451 7.982283e-01 2.824121e-02 9.175659e-03 1.243327e-01 4.507647e-05 3.498272e-06 7.306017e-07 7.631292e-05
11635.109136 7.980501e-01 2.821766e-02 9.221182e-03 1.243579e-01 4.904272e-05 8.948078e-06 5.916076e-06 6.434360e-05
11636.432013 7.966349e-01 2.814418e-02 9.272866e-03 1.233104e-01 5.533175e-05 9.788717e-06 1.433563e-05 7.832583e-05
11637.767082 7.959158e-01 2.805708e-02 9.418930e-03 1.240604e-01 5.908756e-05 1.435809e-05 6.726358e-06 7.015421e-05
11639.114342 7.971300e-01 2.814089e-02 9.464717e-03 1.240600e-01 5.845153e-05 9.771186e-06 1.663037e-05 6.861088e-05
11640.473795 7.960999e-01 2.823324e-02 9.557257e-03 1.234278e-01 5.297859e-05 2.802056e-06 1.953851e-05 7.422536e-05
11641.845440 7.960749e-01 2.835742e-02 9.663648e-03 1.223858e-01 4.851736e-05 -1.934008e-06 1.309557e-05 7.428497e-05
11643.229276 7.955204e-01 2.844263e-02 9.860134e-03 1.221537e-01 5.694439e-05 -6.772167e-06 9.662168e-06 7.448689e-05
11644.625305 7.958135e-01 2.848846e-02 9.855212e-03 1.218366e-01 5.778410e-05 -2.279107e-06 1.178534e-05 8.315818e-05
11646.033525 7.958334e-01 2.847330e-02 9.920352e-03 1.215508e-01 6.228184e-05 -2.505085e-06 2.198959e-06 7.598908e-05
11647.453937 7.952609e-01 2.849625e-02 9.967874e-03 1.213826e-01 5.648045e-05 -4.426891e-06 1.489943e-05 6.837851e-05
11648.886541 7.946285e-01 2.856437e-02 9.951211e-03 1.221978e-01 5.787245e-05 -1.310011e-05 8.824278e-06 5.309018e-05
11650.331337 7.947251e-01 2.864279e-02 9.991997e-03 1.210493e-01 5.818108e-05 -8.673751e-06 -6.991857e-07 6.549488e-05
11651.788325 7.946508e-01 2.871777e-02 1.012926e-02 1.211283e-01 5.638403e-05 -6.539041e-06 1.381066e-05 8.193830e-05
11653.257505 7.940002e-01 2.865307e-02 9.965321e-03 1.217210e-01 4.883631e-05 -1.123740e-05 7.257640e-06 7.694265e-05
11654.738877 7.940766e-01 2.870229e-02 9.930774e-03 1.230687e-01 4.633731e-05 -3.490073e-06 1.037529e-06 8.566270e-05
11656.232440 7.919283e-01 2.875935e-02 9.868743e-03 1.215665e-01 4.229279e-05 1.284248e-06 9.794441e-06 8.520221e-05
11657.738196 7.909106e-01 2.882913e-02 9.731283e-03 1.217523e-01 4.489505e-05 -1.644648e-05 1.285157e-05 7.854276e-05
11659.256143 7.912205e-01 2.890954e-02 9.708883e-03 1.219274e-01 4.938735e-05 -2.175764e-05 2.277850e-05 7.676002e-05
11660.786283 7.922494e-01 2.901772e-02 9.581153e-03 1.226012e-01 5.463408e-05 -2.152126e-05 1.422624e-05 7.647282e-05
11662.328614 7.919070e-01 2.901158e-02 9.611547e-03 1.229583e-01 5.184449e-05 -7.060020e-06 1.596824e-05 8.513069e-05
11663.883137 7.910501e-01 2.897664e-02 9.516156e-03 1.227630e-01 5.071038e-05 -1.437731e-05 4.347887e-06 8.190497e-05
11665.449852 7.913593e-01 2.912257e-02 9.565877e-03 1.230513e-01 5.970305e-05 -4.466783e-06 -1.077401e-06 7.921164e-05
11667.028759 7.912738e-01 2.917417e-02 9.562014e-03 1.239816e-01 5.582668e-05 1.502323e-06 -1.242106e-06 7.332691e-05
11668.619858 7.913592e-01 2.915999e-02 9.513891e-03 1.230662e-01 5.769410e-05 -7.377602e-07 1.614542e-05 6.959094e-05
11670.223149 7.895708e-01 2.908962e-02 9.546533e-03 1.237849e-01 6.365450e-05 5.121173e-06 9.567273e-06 5.608959e-05
11671.838632 7.865865e-01 2.891402e-02 9.549075e-03 1.233917e-01 6.803794e-05 -1.675764e-06 3.134786e-06 6.687851e-05
11673.466307 7.897672e-01 2.903151e-02 9.665539e-03 1.241995e-01 5.543293e-05 7.424986e-06 3.275356e-06 8.247032e-05
11675.106173 7.910123e-01 2.903247e-02 9.621976e-03 1.245225e-01 5.422406e-05 -6.549205e-07 -4.386596e-06 7.185405e-05
11676.758232 7.905095e-01 2.896250e-02 9.626856e-03 1.245466e-01 5.330583e-05 -1.517005e-06 6.342970e-06 7.578179e-05
11678.422482 7.908551e-01 2.886073e-02 9.672429e-03 1.234547e-01 5.177773e-05 -7.632863e-06 -1.599516e-06 7.793316e-05
11680.098924 7.892822e-01 2.869404e-02 9.520005e-03 1.231472e-01 7.164575e-05 -9.579122e-06 -2.336943e-06 6.961532e-05
11681.787558 7.895311e-01 2.860719e-02 9.585209e-03 1.244451e-01 7.168332e-05 -7.705777e-06 1.371468e-05 7.254671e-05
11683.488385 7.887445e-01 2.845903e-02 9.521513e-03 1.230287e-01 6.274348e-05 -4.769306e-06 3.936444e-07 6.923886e-05
11685.201403 7.884859e-01 2.849022e-02 9.462054e-03 1.233793e-01 6.344451e-05 -5.169875e-07 -3.509382e-06 7.495305e-05
11686.926613 7.886215e-01 2.858182e-02 9.427391e-03 1.237432e-01 5.670073e-05 -6.794075e-06 -5.532414e-06 7.146676e-05
11688.664014 7.887153e-01 2.866471e-02 9.489339e-03 1.241556e-01 5.511948e-05 -6.328593e-06 -7.179431e-06 6.847018e-05
11690.413608 7.878407e-01 2.877482e-02 9.522842e-03 1.235723e-01 6.828686e-05 -2.011161e-06 -7.995241e-06 7.858613e-05
11692.175394 7.874361e-01 2.892629e-02 9.688448e-03 1.230612e-01 6.627859e-05 -3.274643e-06 -1.999595e-05 8.019531e-05
11693.949371 7.853149e-01 2.900832e-02 9.686408e-03 1.224489e-01 5.651206e-05 -1.322219e-05 -6.648726e-06 7.616443e-05
11695.735541 7.864077e-01 2.919420e-02 9.724870e-03 1.230818e-01 5.102682e-05 -1.185326e-05 -1.003938e-05 7.491773e-05
11697.533902 7.858841e-01 2.928213e-02 9.854618e-03 1.224558e-01 5.696433e-05 -3.469020e-06 -1.068027e-05 6.876753e-05
11699.344455 7.860754e-01 2.946522e-02 1.007243e-02 1.226931e-01 5.829047e-05 -1.225005e-05 -1.518806e-05 7.592982e-05
11701.167201 7.856052e-01 2.965313e-02 1.025043e-02 1.221914e-01 4.843929e-05 -1.371963e-05 2.210138e-06 8.446807e-05
11703.002138 7.819788e-01 2.968034e-02 1.029790e-02 1.215417e-01 4.419253e-05 -9.228568e-06 -5.271444e-06 7.804264e-05
11704.849267 7.841930e-01 3.005970e-02 1.051371e-02 1.218255e-01 5.711302e-05 -1.509954e-05 8.202230e-07 6.904155e-05
11706.708588 7.857422e-01 3.039471e-02 1.067306e-02 1.222960e-01 5.288106e-05 -1.187483e-05 7.936097e-06 8.087374e-05
11708.580100 7.846116e-01 3.051221e-02 1.073973e-02 1.224596e-01 4.267118e-05 -9.713409e-06 1.632383e-05 7.717164e-05
11710.463805 7.840872e-01 3.066756e-02 1.070974e-02 1.218497e-01 3.506196e-05 -2.940457e-06 2.559693e-05 7.844396e-05
11712.359702 7.838170e-01 3.067691e-02 1.073351e-02 1.219423e-01 4.339076e-05 1.205743e-06 1.520807e-05 7.884045e-05
11714.267790 7.828839e-01 3.076307e-02 1.073226e-02 1.222692e-01 4.272012e-05 -4.652585e-07 1.024004e-05 6.990534e-05
11716.188071 7.828947e-01 3.095220e-02 1.065468e-02 1.227997e-01 4.094895e-05 -7.874019e-07 1.724387e-05 8.172861e-05
11718.120543 7.830591e-01 3.106232e-02 1.066248e-02 1.217616e-01 4.131761e-05 -3.765695e-06 1.427320e-05 8.529146e-05
11720.065207 7.822344e-01 3.118435e-02 1.069273e-02 1.222806e-01 3.954002e-05 2.703455e-06 9.403313e-06 7.208817e-05
11722.022064 7.814611e-01 3.121812e-02 1.057564e-02 1.232973e-01 4.766772e-05 -2.858597e-06 -1.277083e-07 6.496813e-05
11723.991112 7.809194e-01 3.126240e-02 1.048606e-02 1.222434e-01 4.478447e-05 -5.636544e-06 3.086723e-06 7.028730e-05
11725.972352 7.813997e-01 3.126192e-02 1.060076e-02 1.235710e-01 5.304402e-05 -1.538944e-06 9.228296e-06 7.927938e-05
11727.965784 7.809820e-01 3.112521e-02 1.048530e-02 1.230515e-01 6.127525e-05 -3.752307e-06 9.141011e-06 8.300635e-05
11729.971407 7.805113e-01 3.108740e-02 1.035631e-02 1.240423e-01 6.975420e-05 -6.557211e-06 1.443324e-05 6.509991e-05
11731.989223 7.802966e-01 3.130847e-02 1.035243e-02 1.237731e-01 6.750010e-05 9.598831e-06 2.145494e-05 7.349036e-05
11734.019231 7.793233e-01 3.159923e-02 1.052123e-02 1.237759e-01 5.635586e-05 2.133528e-06 2.407902e-05 9.358259e-05
11736.061430 7.788330e-01 3.186989e-02 1.066680e-02 1.247649e-01 5.953978e-05 -4.629847e-06 9.727953e-06 9.346447e-05
11738.115822 7.787903e-01 3.202924e-02 1.059116e-02 1.237304e-01 6.553652e-05 -5.459158e-06 2.200982e-05 9.670287e-05
11740.182405 7.776122e-01 3.202467e-02 1.066341e-02 1.241922e-01 6.899902e-05 7.078615e-06 1.321506e-05 7.898281e-05
11742.261180 7.753767e-01 3.191326e-02 1.063320e-02 1.241050e-01 6.151105e-05 6.849652e-07 9.962795e-06 8.544214e-05
11744.352148 7.754336e-01 3.196000e-02 1.062039e-02 1.233918e-01 5.970132e-05 -5.055223e-06 1.389057e-05 8.677004e-05
11746.455307 7.771315e-01 3.213125e-02 1.062126e-02 1.247138e-01 6.077702e-05 -6.870067e-06 5.999630e-06 7.800218e-05
11748.570658 7.780365e-01 3.225072e-02 1.070625e-02 1.252701e-01 6.094228e-05 -9.774929e-06 -8.047757e-06 8.367660e-05
11750.698201 7.771288e-01 3.215270e-02 1.064184e-02 1.242617e-01 5.505767e-05 -2.988783e-06 4.133818e-06 8.718842e-05
11752.837935 7.767588e-01 3.201259e-02 1.054591e-02 1.239111e-01 5.907857e-05 -6.352504e-06 4.076484e-06 8.754911e-05
11754.989862 7.761185e-01 3.188494e-02 1.053168e-02 1.229684e-01 7.117450e-05 -7.501246e-06 1.560768e-05 9.807678e-05
11757.153981 7.755209e-01 3.181003e-02 1.046833e-02 1.239314e-01 6.917192e-05 -2.348316e-06 1.614853e-05 9.678165e-05
11759.330291 7.742614e-01 3.181311e-02 1.052209e-02 1.240325e-01 6.314595e-05 -5.907430e-06 9.766632e-06 8.109762e-05
11761.518794 7.715002e-01 3.181473e-02 1.063269e-02 1.227534e-01 5.684729e-05 -1.155712e-05 2.094250e-05 9.150510e-05
11763.719488 7.729511e-01 3.200279e-02 1.084627e-02 1.228229e-01 5.119596e-05 -1.500698e-05 1.346239e-05 8.053320e-05
11765.932374 7.733254e-01 3.210561e-02 1.096449e-02 1.221392e-01 5.719026e-05 -1.366915e-05 3.531041e-05 8.870822e-05
11768.157453 7.738575e-01 3.205016e-02 1.107999e-02 1.222892e-01 6.068312e-05 -1.571055e-05 2.319624e-05 7.442181e-05
11770.394723 7.725872e-01 3.209432e-02 1.122033e-02 1.229711e-01 6.602149e-05 -1.123384e-05 1.878171e-05 8.900787e-05
11772.644185 7.727334e-01 3.242239e-02 1.132471e-02 1.226115e-01 6.913841e-05 -7.280092e-06 2.164419e-05 7.139107e-05
11774.905838 7.717899e-01 3.261044e-02 1.137495e-02 1.222460e-01 6.598677e-05 -2.869562e-06 2.051690e-05 8.526850e-05
11777.179684 7.699230e-01 3.245948e-02 1.138902e-02 1.211677e-01 5.857246e-05 1.832150e-07 4.977273e-06 7.854952e-05
11779.465722 7.708100e-01 3.220473e-02 1.131314e-02 1.213386e-01 5.556714e-05 -1.818356e-07 5.697984e-06 6.755124e-05
11781.763952 7.708773e-01 3.221428e-02 1.133104e-02 1.225615e-01 5.352139e-05 -8.570583e-06 1.294748e-05 7.342924e-05
11784.074373 7.708778e-01 3.250594e-02 1.147158e-02 1.230005e-01 6.277627e-05 -7.689793e-06 6.607548e-06 8.015465e-05
11786.396987 7.666861e-01 3.266928e-02 1.152376e-02 1.214855e-01 6.245949e-05 -8.771711e-06 9.472491e-06 8.187227e-05
11788.731792 7.702717e-01 3.320046e-02 1.170563e-02 1.221970e-01 6.568473e-05 -1.014424e-05 1.361366e-05 8.191330e-05
11791.078789 7.702672e-01 3.342352e-02 1.172449e-02 1.228294e-01 6.190414e-05 -9.514920e-06 1.057821e-05 8.338310e-05
11793.437978 7.680557e-01 3.344745e-02 1.172851e-02 1.223335e-01 7.281593e-05 -1.008771e-05 -5.223946e-06 8.988729e-05
11795.809359 7.638284e-01 3.332418e-02 1.168518e-02 1.218945e-01 7.097522e-05 -5.410859e-06 -5.809514e-06 9.292933e-05
11798.192932 7.642847e-01 3.340503e-02 1.169112e-02 1.226323e-01 5.739753e-05 -4.730809e-06 -6.578419e-06 8.304168e-05
11800.588697 7.664745e-01 3.353549e-02 1.162556e-02 1.232359e-01 5.071170e-05 -4.656114e-06 6.006292e-06 8.032628e-05
11802.996654 7.668455e-01 3.355960e-02 1.150860e-02 1.231910e-01 5.847247e-05 -8.042527e-06 1.390691e-05 7.782139e-05
11805.416803 7.650387e-01 3.343513e-02 1.145497e-02 1.227469e-01 6.436383e-05 -9.444874e-06 2.513121e-05 8.254401e-05
11807.849143 7.656028e-01 3.351443e-02 1.143664e-02 1.234088e-01 7.176603e-05 -9.007165e-06 1.878832e-05 7.786968e-05
11810.293676 7.669490e-01 3.379943e-02 1.142820e-02 1.235232e-01 6.492955e-05 1.915506e-06 1.757874e-05 5.910591e-05
11812.750400 7.668919e-01 3.402962e-02 1.143173e-02 1.238682e-01 6.090207e-05 -3.968686e-06 1.181968e-05 6.190034e-05
11815.219317 7.647328e-01 3.407529e-02 1.140832e-02 1.235397e-01 7.437100e-05 -6.419422e-07 1.207442e-05 8.812096e-05
11817.700425 7.646099e-01 3.406413e-02 1.136694e-02 1.243493e-01 7.723811e-05 2.845595e-06 1.524219e-05 7.594143e-05
11820.193725 7.656074e-01 3.412294e-02 1.144158e-02 1.240611e-01 6.492047e-05 2.107527e-06 1.715614e-05 7.246144e-05
11822.699217 7.653681e-01 3.436325e-02 1.151852e-02 1.236646e-01 5.919900e-05 1.208112e-05 6.089675e-06 7.776212e-05
11825.216901 7.641021e-01 3.467920e-02 1.174037e-02 1.245963e-01 6.443131e-05 1.361916e-05 1.578699e-05 8.845312e-05
11827.746777 7.630169e-01 3.504647e-02 1.190293e-02 1.255839e-01 7.068856e-05 6.488359e-06 1.374565e-05 8.916644e-05
11830.288845 7.624195e-01 3.518147e-02 1.202990e-02 1.254413e-01 7.014154e-05 -5.740800e-06 6.616730e-06 9.971175e-05
11832.843105 7.642597e-01 3.536274e-02 1.219588e-02 1.258701e-01 6.554256e-05 -2.942325e-06 1.144344e-05 9.283969e-05
11835.409556 7.599353e-01 3.532537e-02 1.232097e-02 1.256891e-01 6.364835e-05 -6.411951e-06 2.115656e-05 9.591150e-05
11837.988200 7.582298e-01 3.539181e-02 1.247785e-02 1.260591e-01 6.529742e-05 2.242457e-06 8.694753e-06 8.475646e-05
11840.579035 7.588958e-01 3.545415e-02 1.255790e-02 1.241422e-01 5.545147e-05 1.995593e-06 8.879464e-06 8.070258e-05
11843.182062 7.620544e-01 3.576961e-02 1.274449e-02 1.238340e-01 6.114535e-05 -1.449216e-06 8.415927e-07 7.887742e-05
11845.797282 7.597289e-01 3.580359e-02 1.277663e-02 1.223561e-01 6.750589e-05 3.428802e-06 -2.522989e-06 8.347400e-05
11848.424693 7.608790e-01 3.583076e-02 1.281070e-02 1.218704e-01 6.787149e-05 7.088718e-06 -1.017419e-05 6.935813e-05
11851.064296 7.577729e-01 3.592799e-02 1.284156e-02 1.218630e-01 6.966300e-05 5.637416e-06 2.429233e-06 7.478790e-05
11853.716091 7.577738e-01 3.613808e-02 1.283962e-02 1.221782e-01 7.450527e-05 6.881112e-06 -1.600587e-06 8.638053e-05
11856.380078 7.593582e-01 3.631861e-02 1.283374e-02 1.222414e-01 7.635512e-05 3.786635e-06 1.464781e-05 9.222642e-05
11859.056256 7.590831e-01 3.649398e-02 1.289766e-02 1.227471e-01 6.719776e-05 5.414313e-06 1.260451e-05 8.655691e-05
11861.744627 7.564673e-01 3.636803e-02 1.289298e-02 1.219300e-01 5.945276e-05 -1.720063e-06 2.729752e-05 9.849493e-05
11864.445190 7.542859e-01 3.611950e-02 1.285982e-02 1.228658e-01 5.276700e-05 -1.216987e-06 1.620539e-05 9.152490e-05
11867.157944 7.548320e-01 3.613771e-02 1.295939e-02 1.232935e-01 6.028210e-05 -5.480625e-06 1.236035e-05 7.730701e-05
11869.882891 7.563257e-01 3.610276e-02 1.302154e-02 1.221530e-01 5.801076e-05 -1.378931e-05 1.489880e-06 7.528622e-05
11872.620029 7.560120e-01 3.605138e-02 1.296714e-02 1.231687e-01 5.670882e-05 -1.359938e-05 1.151841e-05 8.133616e-05
11875.369359 7.548823e-01 3.604099e-02 1.286671e-02 1.228531e-01 6.368943e-05 8.352387e-07 1.732679e-05 7.668275e-05
11878.130881 7.548052e-01 3.611957e-02 1.282998e-02 1.226592e-01 6.729572e-05 2.432451e-06 2.844347e-05 8.930328e-05
11880.904595 7.544038e-01 3.577382e-02 1.270510e-02 1.227580e-01 6.270352e-05 -5.730888e-06 2.034596e-05 8.621814e-05
11883.690501 7.541230e-01 3.521978e-02 1.252148e-02 1.232630e-01 5.852768e-05 -1.135267e-05 1.714468e-05 8.351744e-05
11886.488599 7.523585e-01 3.569117e-02 1.262973e-02 1.232813e-01 5.522319e-05 -1.069854e-05 1.520893e-05 8.257078e-05
11889.298889 7.535483e-01 3.636928e-02 1.277628e-02 1.228561e-01 6.680317e-05 -4.583481e-06 2.605793e-05 9.465537e-05
11892.121371 7.521688e-01 3.665920e-02 1.279741e-02 1.231457e-01 7.337252e-05 3.676668e-06 1.451350e-05 8.818773e-05
11894.956044 7.482759e-01 3.676211e-02 1.284424e-02 1.229958e-01 7.103908e-05 -3.765415e-06 1.612323e-05 8.352492e-05
11897.802910 7.435712e-01 3.661522e-02 1.278194e-02 1.219291e-01 6.267381e-05 -1.361653e-05 1.683309e-05 8.295898e-05
11900.661967 7.486431e-01 3.695463e-02 1.295387e-02 1.225371e-01 5.928934e-05 -1.533235e-05 1.488013e-05 8.251540e-05
11903.533217 7.490312e-01 3.726697e-02 1.311152e-02 1.222171e-01 4.915085e-05 -1.079219e-05 2.602429e-05 9.492382e-05
11906.416658 7.497294e-01 3.755326e-02 1.320156e-02 1.221614e-01 5.248036e-05 -1.126706e-06 1.660747e-05 8.495192e-05
11909.312291 7.493623e-01 3.768080e-02 1.343231e-02 1.233299e-01 5.520815e-05 -1.640712e-06 1.156151e-05 8.026867e-05
11912.220116 7.486613e-01 3.799463e-02 1.359359e-02 1.227367e-01 6.243746e-05 2.512707e-06 8.043626e-06 8.703055e-05
11915.140133 7.487839e-01 3.831442e-02 1.384250e-02 1.240050e-01 5.807070e-05 8.914063e-06 1.751510e-05 9.729849e-05
11918.072342 7.480709e-01 3.830706e-02 1.389154e-02 1.288986e-01 5.489416e-05 -3.750365e-07 6.097612e-06 1.051802e-04
11921.016743 7.420732e-01 3.787240e-02 1.378228e-02 1.302107e-01 6.289563e-05 -4.356632e-06 1.513663e-05 1.028035e-04
11923.973335 7.421489e-01 3.776187e-02 1.385251e-02 1.271158e-01 6.592235e-05 -1.141002e-05 8.097902e-06 9.040636e-05
11926.942120 7.470804e-01 3.808091e-02 1.392305e-02 1.251283e-01 6.562193e-05 -2.987532e-06 -8.705113e-07 9.833245e-05
11929.923096 7.463010e-01 3.827433e-02 1.399901e-02 1.227215e-01 6.366367e-05 -3.952585e-06 5.712246e-06 9.060699e-05
11932.916265 7.453688e-01 3.860267e-02 1.405769e-02 1.226465e-01 6.262601e-05 -1.403631e-06 -5.008951e-06 7.452032e-05
11935.921625 7.451841e-01 3.893020e-02 1.418076e-02 1.217068e-01 6.856739e-05 2.866369e-06 -8.499445e-06 1.040564e-04
11938.939177 7.455243e-01 3.895867e-02 1.420430e-02 1.224291e-01 7.169525e-05 2.801445e-06 -3.136734e-06 1.041062e-04
11941.968921 7.450283e-01 3.913574e-02 1.429567e-02 1.227482e-01 7.381831e-05 -9.386478e-06 1.188475e-06 9.701135e-05
11945.010858 7.438722e-01 3.924142e-02 1.434111e-02 1.222370e-01 7.118084e-05 -6.923607e-06 5.989857e-06 9.463789e-05
11948.064985 7.429037e-01 3.911939e-02 1.431299e-02 1.226339e-01 7.147833e-05 -8.504089e-06 1.538604e-05 9.804676e-05
11951.131305 7.435442e-01 3.870902e-02 1.428422e-02 1.215650e-01 7.178986e-05 -9.506486e-06 1.318092e-05 8.243870e-05
11954.209817 7.419391e-01 3.855749e-02 1.418241e-02 1.215978e-01 6.849610e-05 -1.660009e-05 1.328016e-05 9.452794e-05
11957.300521 7.428527e-01 3.904421e-02 1.436181e-02 1.226132e-01 6.789624e-05 -1.343793e-05 1.694466e-05 9.562470e-05
11960.403416 7.419404e-01 3.951020e-02 1.459200e-02 1.222797e-01 6.794703e-05 -6.703475e-06 2.268625e-06 9.607332e-05
11963.518504 7.407265e-01 4.008820e-02 1.473941e-02 1.217621e-01 6.733098e-05 -1.261009e-05 1.605377e-05 9.203856e-05
11966.645783 7.402525e-01 4.055594e-02 1.489554e-02 1.220384e-01 6.534741e-05 -1.439813e-05 4.435938e-06 8.760341e-05
11969.785255 7.392337e-01 4.081453e-02 1.492176e-02 1.217440e-01 5.731520e-05 -1.406478e-05 -1.297570e-05 8.666717e-05
11972.936918 7.382295e-01 4.088671e-02 1.488108e-02 1.220698e-01 6.283019e-05 -1.700617e-05 -1.285047e-05 8.783081e-05
11976.100773 7.379385e-01 4.105877e-02 1.491529e-02 1.219094e-01 5.574729e-05 -1.337992e-05 1.857498e-06 9.350117e-05
11979.276820 7.373355e-01 4.114890e-02 1.493368e-02 1.216944e-01 5.936830e-05 -8.364837e-06 7.728136e-06 7.213754e-05
11982.465059 7.370406e-01 4.132684e-02 1.505789e-02 1.222147e-01 5.836821e-05 -1.023522e-05 2.406724e-06 6.526351e-05
11985.665490 7.376060e-01 4.173974e-02 1.520198e-02 1.229544e-01 5.071360e-05 -7.732705e-06 8.647302e-06 8.771856e-05
11988.878112 7.366614e-01 4.190407e-02 1.526551e-02 1.226160e-01 5.064483e-05 -9.056474e-06 7.659865e-06 8.520294e-05
11992.102927 7.359581e-01 4.196574e-02 1.531613e-02 1.221221e-01 5.940717e-05 1.025408e-05 -3.350884e-06 8.424743e-05
11995.339934 7.351772e-01 4.210331e-02 1.533504e-02 1.216398e-01 6.503593e-05 1.732337e-05 -3.962952e-06 8.924292e-05
11998.589132 7.344278e-01 4.216765e-02 1.547630e-02 1.214502e-01 5.911646e-05 1.203332e-05 -9.638885e-06 9.470201e-05
12001.850523 7.341271e-01 4.202063e-02 1.554602e-02 1.221171e-01 6.001861e-05 3.825865e-06 -1.703850e-06 8.871487e-05
12005.124105 7.328693e-01 4.175600e-02 1.551574e-02 1.211917e-01 5.778966e-05 -6.095592e-06 -2.492706e-06 8.920160e-05
12008.409879 7.331624e-01 4.202314e-02 1.573535e-02 1.214509e-01 5.235228e-05 -8.492478e-06 -1.153426e-07 9.365927e-05
12011.707845 7.339564e-01 4.208435e-02 1.582740e-02 1.220638e-01 4.530238e-05 -5.566131e-06 1.306648e-05 9.891807e-05
12015.018003 7.333917e-01 4.123544e-02 1.569759e-02 1.223856e-01 5.305694e-05 -1.061799e-06 4.950048e-06 9.405154e-05
12018.340353 7.322611e-01 4.113727e-02 1.580759e-02 1.217496e-01 5.842245e-05 2.056653e-06 1.488275e-05 1.027459e-04
12021.674895 7.319313e-01 4.222533e-02 1.622879e-02 1.219598e-01 5.859533e-05 2.659531e-06 1.512417e-05 1.085165e-04
12025.021629 7.313902e-01 4.265581e-02 1.641812e-02 1.215612e-01 5.829717e-05 1.040464e-06 8.517156e-06 1.000306e-04
12028.380554 7.307453e-01 4.311058e-02 1.654023e-02 1.211977e-01 5.611972e-05 -3.308696e-06 2.108051e-05 9.856118e-05
12031.751672 7.297979e-01 4.356432e-02 1.671394e-02 1.213968e-01 5.796055e-05 -5.757427e-06 1.686037e-05 1.066877e-04
12035.134982 7.293374e-01 4.394245e-02 1.677441e-02 1.228654e-01 5.679717e-05 5.934421e-07 2.085547e-05 1.056584e-04
12038.530483 7.284561e-01 4.426129e-02 1.684157e-02 1.227331e-01 5.347666e-05 8.871533e-07 2.208454e-05 1.020024e-04
12041.938176 7.283561e-01 4.446370e-02 1.694097e-02 1.231115e-01 5.435523e-05 -1.591900e-06 1.438419e-05 9.922793e-05
12045.358061 7.226023e-01 4.410565e-02 1.682949e-02 1.238321e-01 5.412950e-05 3.667308e-06 9.036321e-06 9.170573e-05
12048.790139 7.165434e-01 4.360868e-02 1.664104e-02 1.226937e-01 6.712343e-05 5.627813e-07 1.067542e-05 9.527560e-05
12052.234408 7.252059e-01 4.416098e-02 1.683605e-02 1.240850e-01 7.530333e-05 -5.499913e-06 1.635681e-05 9.696791e-05
12055.690868 7.254514e-01 4.429112e-02 1.695324e-02 1.229056e-01 7.793163e-05 1.866202e-06 4.237613e-06 8.565604e-05
12059.159521 7.254936e-01 4.441958e-02 1.693770e-02 1.222935e-01 7.327946e-05 4.661411e-06 7.949768e-06 1.004039e-04
12062.640366 7.253144e-01 4.471608e-02 1.705085e-02 1.218782e-01 7.570542e-05 7.739858e-06 7.129257e-06 8.488022e-05
12066.133403 7.239633e-01 4.504397e-02 1.715092e-02 1.211876e-01 6.880637e-05 2.930567e-06 1.846039e-06 7.032176e-05
12069.638631 7.234862e-01 4.513660e-02 1.725101e-02 1.216520e-01 7.466556e-05 9.608309e-06 -1.674373e-06 6.877790e-05
12073.156052 7.232217e-01 4.534672e-02 1.735446e-02 1.221285e-01 7.233037e-05 1.143764e-05 -3.635765e-06 8.338948e-05
12076.685664 7.223484e-01 4.553450e-02 1.733273e-02 1.214377e-01 7.623654e-05 9.848234e-06 -8.200537e-06 9.907281e-05
12080.227468 7.217821e-01 4.567233e-02 1.743369e-02 1.217924e-01 7.987202e-05 1.017483e-05 1.764454e-06 1.055373e-04
12083.781465 7.212889e-01 4.596032e-02 1.752363e-02 1.222252e-01 7.856200e-05 1.134462e-05 -3.366112e-06 1.041057e-04
12087.347653 7.200540e-01 4.600425e-02 1.760649e-02 1.225066e-01 7.611421e-05 1.351748e-05 4.309173e-06 9.945378e-05
12090.926033 7.196989e-01 4.560629e-02 1.756197e-02 1.224536e-01 6.463282e-05 1.924108e-05 1.520989e-05 9.567436e-05
12094.516605 7.189384e-01 4.524766e-02 1.759924e-02 1.222403e-01 6.350140e-05 9.701135e-06 1.340282e-05 9.641701e-05
12098.119369 7.185536e-01 4.511579e-02 1.757696e-02 1.218814e-01 5.983066e-05 5.809408e-06 1.409521e-05 1.200001e-04
12101.734324 7.178657e-01 4.474021e-02 1.752749e-02 1.216687e-01 6.438156e-05 1.447032e-05 1.256176e-05 1.028163e-04
12105.361472 7.165586e-01 4.509471e-02 1.777206e-02 1.219457e-01 6.281002e-05 1.372107e-05 7.548127e-06 1.012420e-04
12109.000811 7.175384e-01 4.582863e-02 1.806973e-02 1.218122e-01 5.820542e-05 1.073942e-05 3.779831e-06 9.187518e-05
12112.652343 7.173200e-01 4.605373e-02 1.822801e-02 1.220857e-01 5.934166e-05 5.955865e-06 1.191713e-06 1.114246e-04
12116.316066 7.149698e-01 4.579464e-02 1.821436e-02 1.212117e-01 5.419830e-05 1.471790e-05 -8.685999e-06 1.085234e-04
12119.991982 7.144589e-01 4.540660e-02 1.812343e-02 1.208649e-01 4.721200e-05 1.388511e-05 -6.499621e-06 1.138793e-04
12123.680089 7.145148e-01 4.644400e-02 1.854465e-02 1.214132e-01 4.634372e-05 6.051429e-06 -7.491436e-06 9.235969e-05
12127.380388 7.145301e-01 4.732333e-02 1.892899e-02 1.210746e-01 5.112205e-05 3.110402e-06 -1.497772e-05 1.044474e-04
12131.092879 7.138020e-01 4.762436e-02 1.912273e-02 1.208481e-01 4.950797e-05 6.910843e-06 -1.289909e-05 1.042179e-04
12134.817562 7.134795e-01 4.803004e-02 1.934734e-02 1.210750e-01 5.263422e-05 7.450880e-06 -1.839005e-05 1.055256e-04
12138.554437 7.121478e-01 4.829150e-02 1.949573e-02 1.212830e-01 5.724979e-05 9.350797e-06 9.761762e-06 1.193434e-04
12142.303503 7.117714e-01 4.829594e-02 1.948913e-02 1.211104e-01 4.791768e-05 9.059751e-06 1.570871e-05 1.135160e-04
12146.064762 7.108191e-01 4.870874e-02 1.959798e-02 1.209205e-01 4.326004e-05 8.289135e-06 -6.006298e-06 1.041442e-04
12149.838213 7.097369e-01 4.895127e-02 1.971813e-02 1.203903e-01 4.976815e-05 1.354398e-05 -4.793167e-06 9.900083e-05
12153.623855 7.087318e-01 4.925546e-02 1.989322e-02 1.199481e-01 5.445787e-05 1.075806e-05 -1.281877e-05 1.051439e-04
12157.421689 7.079770e-01 4.939605e-02 1.994720e-02 1.204726e-01 5.490611e-05 1.050989e-05 -2.039945e-05 9.143785e-05
12161.231716 7.080826e-01 4.954726e-02 1.998854e-02 1.204053e-01 5.308447e-05 1.260802e-05 -1.190525e-05 1.042671e-04
12165.053934 7.084153e-01 4.968919e-02 1.999898e-02 1.200159e-01 5.912558e-05 9.895841e-06 -1.431965e-05 1.129205e-04
12168.888344 7.069399e-01 4.958720e-02 2.003331e-02 1.201362e-01 4.622419e-05 4.557020e-06 -8.353100e-06 9.403308e-05
12172.734946 7.038068e-01 4.976006e-02 2.009468e-02 1.203960e-01 4.276026e-05 4.893870e-06 -1.102510e-05 1.034238e-04
12176.593740 7.036203e-01 4.997351e-02 2.022862e-02 1.210989e-01 4.418004e-05 -1.709821e-06 -1.957236e-05 1.030276e-04
12180.464726 7.046995e-01 5.019129e-02 2.033719e-02 1.215205e-01 4.405502e-05 7.168048e-06 -1.517039e-05 1.025281e-04
12184.347903 7.037833e-01 5.021425e-02 2.033225e-02 1.205839e-01 4.722429e-05 1.351407e-05 5.179876e-06 1.018748e-04
12188.243273 7.042253e-01 5.063045e-02 2.046618e-02 1.204067e-01 4.588115e-05 6.675498e-06 2.171421e-07 1.035051e-04
12192.150835 7.011956e-01 5.084390e-02 2.060799e-02 1.201324e-01 5.622708e-05 9.326344e-06 -9.242232e-06 8.850759e-05
12196.070588 7.032357e-01 5.135820e-02 2.083709e-02 1.214331e-01 6.497189e-05 1.259605e-05 -2.784432e-06 9.422233e-05
12200.002533 7.013823e-01 5.147539e-02 2.095361e-02 1.206470e-01 5.902493e-05 1.288169e-05 1.452438e-05 9.538331e-05
12203.946671 7.017909e-01 5.171907e-02 2.109279e-02 1.210202e-01 5.407450e-05 1.748572e-05 -1.838448e-06 8.622694e-05
12207.903000 7.012307e-01 5.200751e-02 2.123595e-02 1.212327e-01 5.293239e-05 1.196559e-05 -4.242050e-06 1.026371e-04
12211.871521 7.008793e-01 5.201903e-02 2.139810e-02 1.211285e-01 4.651241e-05 8.970829e-06 7.089701e-06 1.023519e-04
12215.852234 6.998746e-01 5.192412e-02 2.144611e-02 1.208071e-01 4.841966e-05 3.764329e-06 -5.977045e-06 9.883373e-05
12219.845139 6.992893e-01 5.213566e-02 2.160063e-02 1.201976e-01 4.870314e-05 9.704715e-06 4.826505e-06 9.483477e-05
12223.850236 6.985721e-01 5.206043e-02 2.174652e-02 1.200999e-01 5.071778e-05 1.175853e-05 -4.168215e-07 8.767032e-05
12227.867524 6.967760e-01 5.152798e-02 2.163318e-02 1.200538e-01 4.848233e-05 7.554378e-06 -3.747908e-06 8.426263e-05
12231.897005 6.971719e-01 5.163464e-02 2.173450e-02 1.249250e-01 5.021029e-05 1.864549e-05 -1.050482e-05 8.072983e-05
12235.938678 6.965882e-01 5.179113e-02 2.180484e-02 1.322393e-01 4.789442e-05 1.125561e-05 -1.275527e-05 8.202542e-05
12239.992542 6.956191e-01 5.237651e-02 2.208535e-02 1.284604e-01 5.064972e-05 8.156304e-06 -1.367995e-05 7.494719e-05
12244.058598 6.943500e-01 5.274753e-02 2.228042e-02 1.222073e-01 6.133899e-05 7.504188e-06 5.004429e-06 8.069420e-05
12248.136847 6.940385e-01 5.319671e-02 2.259086e-02 1.197019e-01 5.999237e-05 7.921252e-06 1.147938e-05 8.016660e-05
12252.227287 6.884978e-01 5.322459e-02 2.262321e-02 1.185903e-01 5.879274e-05 5.531634e-06 1.032508e-05 8.898791e-05
12256.329919 6.762800e-01 5.262394e-02 2.250202e-02 1.157524e-01 6.079592e-05 1.316695e-05 4.769427e-06 8.219540e-05
12260.444743 6.875660e-01 5.371566e-02 2.306284e-02 1.193382e-01 4.430740e-05 1.375756e-05 -7.939055e-07 8.770168e-05
12264.571759 6.892113e-01 5.396632e-02 2.324269e-02 1.194280e-01 3.822750e-05 4.054338e-06 4.558341e-06 9.461423e-05
12268.710967 6.891967e-01 5.406953e-02 2.330804e-02 1.187062e-01 4.605711e-05 -1.742298e-08 7.374613e-07 8.644460e-05
12272.862366 6.893343e-01 5.421116e-02 2.337544e-02 1.195065e-01 5.076824e-05 2.781915e-06 7.155061e-06 8.178509e-05
12277.025958 6.893496e-01 5.433924e-02 2.346305e-02 1.201103e-01 4.935530e-05 5.324158e-06 3.147374e-07 6.902059e-05
12281.201742 6.889473e-01 5.472251e-02 2.368758e-02 1.201757e-01 5.682736e-05 5.081590e-06 2.760409e-06 7.884382e-05
12285.389717 6.869838e-01 5.507532e-02 2.376432e-02 1.197707e-01 5.264515e-05 8.083824e-06 -7.194577e-06 8.713256e-05
12289.589884 6.860293e-01 5.559900e-02 2.394746e-02 1.204612e-01 4.388809e-05 4.342017e-06 -8.735429e-06 9.127119e-05
12293.802244 6.856019e-01 5.591148e-02 2.403587e-02 1.211738e-01 5.368745e-05 1.520829e-06 -1.398960e-05 8.944741e-05
12298.026795 6.733347e-01 5.499199e-02 2.372249e-02 1.190095e-01 5.715797e-05 8.257327e-06 -8.967449e-06 8.991652e-05
12302.263538 6.774005e-01 5.539748e-02 2.395448e-02 1.183257e-01 4.138448e-05 5.495616e-06 -9.677090e-06 8.165287e-05
12306.512473 6.831280e-01 5.630567e-02 2.430028e-02 1.191074e-01 3.780837e-05 -9.888359e-07 8.091324e-08 7.336237e-05
12310.773600 6.842105e-01 5.688699e-02 2.457812e-02 1.196549e-01 4.195097e-05 4.574214e-06 1.419643e-06 6.319953e-05
12315.046919 6.840555e-01 5.705702e-02 2.470589e-02 1.192127e-01 6.980242e-05 8.089926e-06 1.028066e-05 7.354857e-05
12319.332429 6.826701e-01 5.731333e-02 2.482928e-02 1.195762e-01 6.869818e-05 4.297223e-06 7.749822e-06 7.428994e-05
12323.630132 6.821892e-01 5.758726e-02 2.511387e-02 1.189566e-01 6.407359e-05 8.360444e-06 -8.526283e-06 7.402870e-05
12327.940026 6.819423e-01 5.774074e-02 2.527251e-02 1.191816e-01 6.047968e-05 1.411026e-05 4.196481e-06 7.289679e-05
12332.262113 6.810214e-01 5.767825e-02 2.540589e-02 1.186738e-01 5.396777e-05 1.042987e-05 3.423140e-06 7.856040e-05
12336.596391 6.803555e-01 5.803419e-02 2.568326e-02 1.196328e-01 4.660876e-05 1.005129e-05 1.248821e-05 6.689491e-05
12340.942861 6.794745e-01 5.798365e-02 2.576327e-02 1.202855e-01 4.797043e-05 4.980357e-06 1.648042e-05 6.590220e-05
12345.301524 6.788937e-01 5.754266e-02 2.575769e-02 1.224344e-01 4.869245e-05 -1.147655e-06 1.291776e-05 6.746120e-05
12349.672378 6.777597e-01 5.762605e-02 2.585218e-02 1.222739e-01 3.940970e-05 -9.656993e-06 3.412746e-05 8.306260e-05
12354.055424 6.762202e-01 5.769332e-02 2.591704e-02 1.205319e-01 4.597549e-05 -5.839722e-06 2.385308e-05 7.666765e-05
12358.450662 6.766790e-01 5.811117e-02 2.618519e-02 1.192588e-01 6.098310e-05 -6.980187e-06 1.638419e-05 8.284447e-05
12362.858091 6.758677e-01 5.884020e-02 2.656605e-02 1.188099e-01 6.788713e-05 -1.215649e-05 1.435745e-05 7.714267e-05
12367.277713 6.739702e-01 5.906875e-02 2.677384e-02 1.185440e-01 5.554857e-05 -2.264246e-05 1.307446e-05 7.876476e-05
12371.709527 6.747263e-01 5.910921e-02 2.687392e-02 1.194407e-01 5.985778e-05 -1.350035e-05 -1.384310e-06 7.525715e-05
12376.153532 6.744633e-01 5.948299e-02 2.710486e-02 1.191540e-01 6.186709e-05 -6.787295e-06 6.968860e-06 6.852821e-05
12380.609730 6.734740e-01 5.981719e-02 2.732649e-02 1.196029e-01 6.398277e-05 -8.308475e-06 5.273710e-06 6.306365e-05
12385.078119 6.726269e-01 5.999535e-02 2.745880e-02 1.198669e-01 6.748555e-05 -9.776992e-06 1.329890e-05 8.452444e-05
12389.558700 6.719323e-01 6.028266e-02 2.766177e-02 1.198515e-01 7.575448e-05 -1.130084e-05 8.960529e-06 9.450732e-05
12394.051473 6.714103e-01 6.057334e-02 2.784974e-02 1.189667e-01 6.814301e-05 -6.105929e-06 1.675208e-05 9.663681e-05
12398.556438 6.704481e-01 6.087666e-02 2.801022e-02 1.186978e-01 6.786802e-05 -2.935157e-06 1.884628e-05 9.112746e-05
12403.073595 6.699610e-01 6.134664e-02 2.831738e-02 1.187985e-01 6.120371e-05 -3.611094e-06 1.791485e-05 7.134346e-05
12407.602944 6.687564e-01 6.154473e-02 2.852189e-02 1.186104e-01 6.511607e-05 3.713400e-06 1.272367e-05 7.636124e-05
12412.144485 6.675208e-01 6.174024e-02 2.862150e-02 1.182167e-01 6.473100e-05 -3.181424e-06 1.444826e-05 9.034218e-05
12416.698218 6.653987e-01 6.185886e-02 2.869910e-02 1.182411e-01 5.605126e-05 -1.124776e-05 8.293174e-06 8.306775e-05
12421.264142 6.632581e-01 6.201718e-02 2.882829e-02 1.185060e-01 6.419439e-05 -1.963743e-06 1.946108e-05 8.087529e-05
12425.842259 6.645384e-01 6.243181e-02 2.913250e-02 1.187014e-01 7.185916e-05 4.180398e-06 1.297698e-05 8.472290e-05
12430.432567 6.652730e-01 6.278075e-02 2.932898e-02 1.191018e-01 6.715599e-05 5.714660e-06 2.561317e-05 9.083177e-05
12435.035068 6.644015e-01 6.314058e-02 2.943405e-02 1.188161e-01 7.139999e-05 4.100170e-06 3.711374e-05 9.114018e-05
12439.649760 6.640666e-01 6.355413e-02 2.967961e-02 1.186565e-01 6.706758e-05 2.258076e-06 3.133172e-05 9.046979e-05
12444.276644 6.626763e-01 6.347488e-02 2.975870e-02 1.185302e-01 6.783032e-05 -2.728555e-06 1.912215e-05 8.033503e-05
12448.915720 6.615388e-01 6.332429e-02 2.974673e-02 1.190644e-01 6.736551e-05 4.145647e-06 2.375526e-05 8.224654e-05
12453.566988 6.619457e-01 6.350954e-02 2.986323e-02 1.197027e-01 6.117123e-05 6.863754e-06 2.919930e-05 8.460579e-05
12458.230448 6.614730e-01 6.352662e-02 2.998147e-02 1.196645e-01 5.856505e-05 3.046190e-06 3.527249e-05 8.945290e-05
12462.906100 6.604423e-01 6.357095e-02 3.011857e-02 1.190699e-01 6.411917e-05 5.074635e-06 2.866407e-05 9.354162e-05
12467.593943 6.599790e-01 6.401078e-02 3.037755e-02 1.189688e-01 6.711994e-05 9.122572e-06 1.542214e-05 8.459997e-05
12472.293979 6.583724e-01 6.460416e-02 3.077991e-02 1.187751e-01 5.686349e-05 8.630343e-06 2.408734e-05 8.513317e-05
12477.006206 6.579769e-01 6.505216e-02 3.103366e-02 1.184833e-01 4.422732e-05 1.327793e-05 2.300879e-05 8.205973e-05
12481.730626 6.581892e-01 6.546032e-02 3.138441e-02 1.185121e-01 4.084327e-05 1.007454e-05 2.166706e-05 7.848719e-05
12486.467237 6.576147e-01 6.579405e-02 3.165762e-02 1.182120e-01 4.810741e-05 1.059538e-06 2.866875e-05 8.389448e-05
12491.216040 6.567094e-01 6.560632e-02 3.173002e-02 1.180208e-01 5.969349e-05 -1.670177e-06 2.499021e-05 7.959711e-05
12495.977036 6.549690e-01 6.537936e-02 3.181388e-02 1.179084e-01 5.442812e-05 2.115783e-06 1.576341e-05 8.171900e-05
12500.750223 6.520118e-01 6.431790e-02 3.145817e-02 1.175089e-01 5.185863e-05 9.969378e-07 1.472658e-05 8.379089e-05
12505.535602 6.539142e-01 6.541554e-02 3.206423e-02 1.177073e-01 5.519345e-05 7.859553e-07 1.765600e-05 7.766254e-05
12510.333172 6.545439e-01 6.682115e-02 3.281969e-02 1.181651e-01 5.394898e-05 1.393453e-05 2.181291e-05 8.133837e-05
12515.142935 6.537659e-01 6.740963e-02 3.316099e-02 1.178752e-01 5.479116e-05 9.582373e-06 2.204158e-05 7.904964e-05
12519.964890 6.529750e-01 6.770916e-02 3.339556e-02 1.178145e-01 6.079935e-05 7.270411e-06 1.650691e-05 8.863153e-05
12524.799037 6.522436e-01 6.795328e-02 3.358084e-02 1.181009e-01 6.282692e-05 1.406447e-06 2.159671e-05 8.389725e-05
12529.645375 6.462257e-01 6.764954e-02 3.352904e-02 1.173755e-01 6.533825e-05 -1.681151e-06 5.353286e-06 8.661201e-05
12534.503905 3.396963e-01 3.572567e-02 1.769466e-02 6.189557e-02 3.252017e-05 4.764992e-07 -6.895350e-07 4.883909e-05
12539.374628 6.936959e-03 7.303046e-04 3.617672e-04 1.261609e-03 7.024210e-07 2.716369e-08 -2.607055e-08 1.020947e-06
