# Facility: NSLS-II
# Beamline: QAS
# Year: 2023
# Cycle: 3
# SAF: 312215
# PI: Reece
# Proposal: 313586
# Scan ID: 271144
# UID: 580d885a-a51a-40a6-943e-f157bade7059
# Comment: 
# Start time: 10/18/2023  20:23:48
# Stop time: 10/18/2023  20:24:20
# Total time: 00:31
# Trajectory name: Pt-L3-30s-11564.txt
# Element: Platinum ( 78)
# Edge: L3
# E0: 11564
# Reference Foil Element: Pt
# Keithley Gains I0: 1E6 V/A It: 1E6 V/A Iref: 1E7 V/A PIPS: 1E8 V/A 
# Ion Chamber Gas Flow Rates: I0: 0.00 sccm He + 189.60 sccm N2 + 9.80 sccm Ar 
# Ion Chamber Gas Flow Rates: It&Iref: 39.70 sccm N2 + 60.10 sccm Ar
# Incident Beam Path Vertical: 31.75 mm
# Incident Slits Positions B: TOP: 2.0 mm Bottom: 1.0 mm Inboard: 0.57675 mm Outboard: 1.57675 mm
# Sample Stage Positions: Rotation: 40.0 deg Horizontal: -10.11 mm Vertical: 15.39 mm Beam Direction: 0.00 mm
# PerkinElmer Vertical Position: 500.00 mm
# Linkam Oven Temperature : 3.03 C and Ramp Rate: 20.00 C/min.
# Front End Mirror Horizontal Positions: Up: -14.00 mm Down: -14.00 mm
#
# energy  i0  it  ir  iff  aux1  aux2  aux3  aux4
11380.596982 4.217965e-01 9.506739e-03 1.469591e-02 2.857202e-02 1.951828e-05 -1.748271e-05 2.146961e-06 5.322589e-05
11385.596982 8.282315e-01 1.883747e-02 2.913337e-02 5.662509e-02 3.284144e-05 -2.859687e-05 1.410032e-06 9.767929e-05
11390.596982 8.348534e-01 1.934643e-02 2.991154e-02 5.688199e-02 3.348059e-05 -2.405844e-05 -1.947776e-06 8.769840e-05
11395.596982 8.421682e-01 1.962545e-02 3.036146e-02 5.751444e-02 3.098805e-05 -2.702765e-05 2.005731e-06 9.892757e-05
11400.596982 8.406852e-01 1.979540e-02 3.067643e-02 5.728096e-02 3.397335e-05 -2.717609e-05 3.705618e-06 9.728077e-05
11405.596982 8.388591e-01 1.997043e-02 3.095537e-02 5.713772e-02 2.816802e-05 -3.027549e-05 -4.074605e-06 8.785931e-05
11410.596982 8.357901e-01 2.002143e-02 3.103961e-02 5.718947e-02 2.868023e-05 -3.286875e-05 -2.477085e-06 9.149593e-05
11415.596982 8.272636e-01 1.985555e-02 3.091391e-02 5.713041e-02 2.185331e-05 -3.339208e-05 2.902175e-06 9.067993e-05
11420.596982 8.275687e-01 1.997980e-02 3.110625e-02 5.866391e-02 2.630325e-05 -3.114487e-05 6.515595e-06 9.123460e-05
11425.596982 8.349134e-01 2.047074e-02 3.183009e-02 5.865501e-02 3.569969e-05 -3.940783e-05 9.970072e-06 9.037508e-05
11430.596982 8.356798e-01 2.072792e-02 3.225968e-02 5.814207e-02 3.198003e-05 -4.080629e-05 1.435151e-05 8.545213e-05
11435.596982 8.344050e-01 2.088235e-02 3.249220e-02 5.780985e-02 2.650865e-05 -3.188251e-05 5.543941e-06 7.466650e-05
11440.596982 8.332820e-01 2.097069e-02 3.270407e-02 5.760547e-02 1.030587e-05 -3.313979e-05 1.276749e-05 7.316902e-05
11445.596982 8.318820e-01 2.100723e-02 3.287202e-02 5.787560e-02 1.743085e-05 -3.172369e-05 1.367514e-05 8.889242e-05
11450.596982 8.308864e-01 2.112920e-02 3.307562e-02 5.836714e-02 2.083076e-05 -1.779376e-05 1.024951e-05 8.815772e-05
11455.596982 8.299728e-01 2.114095e-02 3.312754e-02 5.823523e-02 2.697895e-05 -3.100179e-05 3.488252e-06 9.367596e-05
11460.596982 8.284863e-01 2.132016e-02 3.346822e-02 5.811837e-02 2.506661e-05 -3.145088e-05 1.348774e-05 9.073527e-05
11465.596982 8.275526e-01 2.164447e-02 3.396794e-02 5.792371e-02 3.172199e-05 -3.200912e-05 8.732394e-06 9.173473e-05
11470.596982 8.268000e-01 2.174187e-02 3.419345e-02 5.818635e-02 3.700256e-05 -2.570137e-05 1.732656e-05 9.093639e-05
11475.596982 8.261363e-01 2.163796e-02 3.407804e-02 5.825612e-02 3.225201e-05 -2.240498e-05 1.221686e-05 9.753805e-05
11480.596982 8.252912e-01 2.148058e-02 3.393320e-02 5.832626e-02 3.540724e-05 -2.059122e-05 6.046275e-06 1.015308e-04
11485.596982 8.239198e-01 2.211160e-02 3.488369e-02 5.833736e-02 3.212530e-05 -1.993017e-05 7.671976e-06 9.763465e-05
11490.596982 8.229164e-01 2.239245e-02 3.531194e-02 5.840853e-02 2.707037e-05 -2.266641e-05 6.837247e-06 9.331804e-05
11495.596982 8.218083e-01 2.258108e-02 3.565694e-02 5.825320e-02 2.575293e-05 -2.651023e-05 4.398947e-06 8.897518e-05
11500.596982 8.204032e-01 2.272799e-02 3.586594e-02 5.861978e-02 1.895986e-05 -2.701837e-05 6.373326e-06 9.289991e-05
11505.596982 8.195930e-01 2.284691e-02 3.609262e-02 5.910603e-02 1.613955e-05 -2.418933e-05 1.106107e-05 9.943966e-05
11510.596982 8.195578e-01 2.301997e-02 3.630213e-02 5.929711e-02 1.013863e-05 -2.075555e-05 2.134530e-05 9.561108e-05
11515.596982 8.187807e-01 2.320195e-02 3.652755e-02 5.914101e-02 1.031165e-05 -2.288721e-05 1.980368e-05 9.994760e-05
11520.596982 8.179550e-01 2.334525e-02 3.671303e-02 5.934438e-02 1.491598e-05 -2.384885e-05 1.370956e-06 1.049225e-04
11525.596982 8.167567e-01 2.342335e-02 3.677456e-02 5.944441e-02 1.030667e-05 -1.793172e-05 -3.292091e-06 9.520160e-05
11530.596982 8.154814e-01 2.349774e-02 3.677883e-02 5.980168e-02 1.374394e-05 -2.242629e-05 9.376031e-06 9.787494e-05
11534.000000 8.155125e-01 2.359373e-02 3.687017e-02 6.001693e-02 1.383599e-05 -3.489293e-05 -1.602121e-06 8.929666e-05
11535.000000 8.155215e-01 2.361951e-02 3.678242e-02 6.055699e-02 7.325490e-06 -3.843612e-05 3.114591e-07 9.317897e-05
11536.000000 8.152904e-01 2.365382e-02 3.671871e-02 6.034032e-02 7.310680e-06 -3.507983e-05 -3.287672e-07 9.103893e-05
11537.000000 8.147624e-01 2.370261e-02 3.676412e-02 6.091042e-02 1.352414e-05 -4.304140e-05 4.842326e-06 8.807311e-05
11538.000000 8.152841e-01 2.372804e-02 3.671896e-02 6.031146e-02 1.376984e-05 -4.964751e-05 1.435896e-05 9.728408e-05
11539.000000 8.140642e-01 2.369316e-02 3.667741e-02 6.063561e-02 1.275549e-05 -5.169025e-05 1.320015e-05 9.594362e-05
11540.000000 8.136781e-01 2.379147e-02 3.675668e-02 6.092583e-02 1.678260e-05 -4.412278e-05 1.688692e-05 8.657425e-05
11541.000000 8.136031e-01 2.384334e-02 3.661574e-02 6.055046e-02 1.612984e-05 -4.359296e-05 3.217278e-06 8.252069e-05
11541.200000 8.262351e-01 2.417413e-02 3.721944e-02 6.091032e-02 2.125260e-05 -4.860506e-05 9.684812e-06 9.137847e-05
11541.400000 7.978657e-01 2.350050e-02 3.570405e-02 5.928372e-02 1.547716e-05 -4.670454e-05 -8.340337e-07 8.489086e-05
11541.600000 7.952004e-01 2.342604e-02 3.591300e-02 5.952493e-02 9.147033e-06 -4.706284e-05 5.438193e-06 8.989555e-05
11541.800000 8.220286e-01 2.408980e-02 3.701543e-02 6.245624e-02 2.076382e-05 -5.512761e-05 4.031338e-06 1.039720e-04
11542.000000 8.123051e-01 2.392235e-02 3.654356e-02 6.113313e-02 1.452179e-05 -4.897286e-05 1.782134e-05 1.139500e-04
11542.200000 8.130236e-01 2.374598e-02 3.651993e-02 6.169752e-02 2.304661e-05 -4.538054e-05 1.119649e-05 9.541727e-05
11542.400000 8.119532e-01 2.383868e-02 3.645067e-02 6.106024e-02 8.545045e-06 -3.635226e-05 2.207070e-05 8.605442e-05
11542.600000 8.174989e-01 2.398969e-02 3.676047e-02 6.168068e-02 2.109151e-05 -3.673059e-05 2.723408e-05 7.308755e-05
11542.800000 8.166313e-01 2.399015e-02 3.672698e-02 6.267561e-02 2.254398e-05 -3.660473e-05 1.708965e-05 8.318535e-05
11543.000000 8.091494e-01 2.376459e-02 3.604762e-02 6.132262e-02 8.191796e-06 -3.826829e-05 2.318651e-05 8.413095e-05
11543.200000 8.179727e-01 2.392030e-02 3.679746e-02 6.146207e-02 2.348861e-05 -3.279979e-05 1.929416e-05 9.348695e-05
11543.400000 8.143478e-01 2.397377e-02 3.644369e-02 6.037068e-02 2.004111e-05 -3.512094e-05 3.533434e-05 1.083348e-04
11543.600000 8.107664e-01 2.367841e-02 3.623267e-02 6.211807e-02 2.486970e-05 -3.786513e-05 1.136937e-05 7.841674e-05
11543.800000 8.175444e-01 2.401465e-02 3.667942e-02 6.035915e-02 1.767468e-05 -4.087872e-05 2.825757e-05 1.064335e-04
11544.000000 8.067155e-01 2.362976e-02 3.582381e-02 6.080609e-02 3.354060e-05 -3.608814e-05 2.802295e-05 1.070960e-04
11544.200000 8.128664e-01 2.393101e-02 3.624637e-02 6.125948e-02 2.377921e-05 -3.711926e-05 1.566254e-05 8.151503e-05
11544.400000 8.142215e-01 2.385995e-02 3.654081e-02 6.222922e-02 2.155277e-05 -5.254889e-05 1.193874e-05 7.954416e-05
11544.600000 8.013531e-01 2.341605e-02 3.602515e-02 6.179350e-02 2.946051e-05 -4.845961e-05 1.015170e-05 8.268341e-05
11544.800000 8.209991e-01 2.413561e-02 3.670216e-02 6.256339e-02 2.120121e-05 -3.158368e-05 7.018451e-06 8.543341e-05
11545.000000 8.122875e-01 2.377996e-02 3.594929e-02 6.112690e-02 3.233926e-05 -3.722060e-05 1.618083e-05 9.935534e-05
11545.200000 8.162107e-01 2.411235e-02 3.621561e-02 6.161440e-02 2.111732e-05 -3.056565e-05 1.916397e-05 1.154538e-04
11545.400000 8.143816e-01 2.388063e-02 3.636955e-02 6.209573e-02 3.007646e-05 -2.949871e-05 1.273991e-05 1.160169e-04
11545.600000 8.096196e-01 2.390224e-02 3.607239e-02 6.170530e-02 1.414208e-05 -4.720794e-05 2.573544e-05 1.101878e-04
11545.800000 8.160634e-01 2.398298e-02 3.633116e-02 6.189367e-02 1.413821e-05 -4.409376e-05 3.200412e-05 1.099846e-04
11546.000000 8.186459e-01 2.406959e-02 3.637474e-02 6.241635e-02 1.419998e-05 -4.498972e-05 3.110391e-05 1.190143e-04
11546.200000 8.145041e-01 2.407501e-02 3.644106e-02 6.271980e-02 -1.114968e-06 -5.097596e-05 1.476770e-05 1.096976e-04
11546.400000 8.159662e-01 2.393326e-02 3.604559e-02 6.252813e-02 1.770279e-05 -4.660892e-05 5.005769e-06 1.042436e-04
11546.600000 8.146422e-01 2.412069e-02 3.618361e-02 6.178061e-02 8.868733e-06 -4.214397e-05 -1.680871e-06 9.492621e-05
11546.800000 8.117764e-01 2.391169e-02 3.617483e-02 6.171709e-02 1.762202e-05 -3.246920e-05 1.497821e-06 1.030762e-04
11547.000000 8.193035e-01 2.428082e-02 3.625902e-02 6.295606e-02 1.153421e-05 -2.726085e-05 1.299170e-05 9.813396e-05
11547.200000 8.038453e-01 2.375522e-02 3.572411e-02 6.175675e-02 2.313862e-05 -1.736808e-05 1.553877e-05 1.195639e-04
11547.400000 8.159601e-01 2.405873e-02 3.600480e-02 6.245427e-02 1.634891e-05 -3.372281e-05 5.938944e-06 1.091345e-04
11547.600000 8.070722e-01 2.393641e-02 3.585486e-02 6.170059e-02 1.228614e-05 -3.246825e-05 1.298785e-05 1.085265e-04
11547.800000 8.169642e-01 2.414449e-02 3.581524e-02 6.174735e-02 1.160433e-05 -4.170146e-05 2.685028e-05 1.110320e-04
11548.000000 8.119530e-01 2.411720e-02 3.583932e-02 6.095938e-02 7.171426e-06 -4.022645e-05 3.876283e-05 1.190878e-04
11548.200000 8.100828e-01 2.389122e-02 3.549676e-02 6.260643e-02 2.318052e-05 -3.794341e-05 2.656359e-05 1.147823e-04
11548.400000 8.160483e-01 2.419842e-02 3.577357e-02 6.283579e-02 1.207008e-05 -3.174304e-05 1.279157e-05 1.071203e-04
11548.600000 8.095056e-01 2.389877e-02 3.538139e-02 6.320196e-02 6.761116e-06 -3.576582e-05 1.268462e-05 1.134098e-04
11548.800000 8.186485e-01 2.426197e-02 3.582901e-02 6.184584e-02 1.803526e-06 -3.603438e-05 1.919312e-05 1.145663e-04
11549.000000 8.135531e-01 2.403721e-02 3.590416e-02 6.149897e-02 2.500931e-06 -3.865757e-05 1.644375e-05 9.875109e-05
11549.200000 8.127266e-01 2.407176e-02 3.555763e-02 6.495164e-02 6.223013e-06 -4.665116e-05 8.781246e-07 8.860354e-05
11549.400000 8.157549e-01 2.416194e-02 3.580775e-02 6.215477e-02 6.728640e-06 -5.010815e-05 8.612391e-06 9.141580e-05
11549.600000 8.128350e-01 2.401153e-02 3.548211e-02 6.381075e-02 1.113224e-05 -5.626154e-05 1.925309e-05 8.516693e-05
11549.800000 8.046594e-01 2.386128e-02 3.505128e-02 6.090137e-02 8.858217e-06 -4.351057e-05 1.997934e-05 8.974010e-05
11550.000000 8.138732e-01 2.408039e-02 3.531298e-02 6.285850e-02 2.479064e-05 -3.744668e-05 3.186831e-05 8.812967e-05
11550.200000 8.139393e-01 2.412964e-02 3.526587e-02 6.237978e-02 1.191729e-05 -3.896910e-05 3.089495e-05 8.839984e-05
11550.400000 8.137083e-01 2.407085e-02 3.524834e-02 6.511812e-02 2.924270e-05 -4.306337e-05 2.887168e-05 9.109815e-05
11550.600000 8.089637e-01 2.399360e-02 3.506327e-02 6.368585e-02 2.269315e-05 -3.171526e-05 1.917604e-05 8.593566e-05
11550.800000 8.121508e-01 2.399896e-02 3.498571e-02 6.492889e-02 3.560792e-05 -2.579558e-05 2.187959e-05 8.868176e-05
11551.000000 8.171331e-01 2.431067e-02 3.522217e-02 6.281549e-02 2.607952e-05 -2.759004e-05 1.996449e-05 9.622315e-05
11551.200000 8.162645e-01 2.409607e-02 3.527636e-02 6.331002e-02 3.306708e-05 -3.564267e-05 7.580696e-06 9.626990e-05
11551.400000 8.147428e-01 2.420250e-02 3.495792e-02 6.444522e-02 1.566894e-05 -2.825025e-05 3.958864e-06 1.015031e-04
11551.600000 8.078889e-01 2.384625e-02 3.478424e-02 6.321104e-02 1.861319e-05 -2.716000e-05 2.148235e-05 9.737879e-05
11551.800000 8.151754e-01 2.418284e-02 3.461475e-02 6.311881e-02 1.593482e-05 -2.439953e-05 2.948322e-05 9.210115e-05
11552.000000 8.147741e-01 2.409461e-02 3.475767e-02 6.571724e-02 1.652719e-05 -3.083265e-05 2.772511e-05 9.345224e-05
11552.200000 8.139897e-01 2.416451e-02 3.442826e-02 6.483007e-02 6.004480e-06 -2.961569e-05 2.988185e-05 9.120566e-05
11552.400000 8.083930e-01 2.390857e-02 3.380448e-02 6.409317e-02 6.788266e-06 -2.879111e-05 4.018790e-05 9.566309e-05
11552.600000 8.107922e-01 2.402411e-02 3.416365e-02 6.490314e-02 5.850131e-06 -3.702372e-05 2.410746e-05 1.027955e-04
11552.800000 8.090126e-01 2.398243e-02 3.419110e-02 6.407759e-02 -1.756327e-06 -4.209279e-05 1.676554e-05 9.846997e-05
11553.000000 8.107599e-01 2.404108e-02 3.389343e-02 6.465641e-02 -5.364632e-06 -4.031385e-05 3.910057e-05 1.053538e-04
11553.200000 8.135033e-01 2.407911e-02 3.394660e-02 6.491612e-02 5.526833e-07 -3.982542e-05 4.379599e-05 1.044789e-04
11553.400000 8.133109e-01 2.405730e-02 3.399592e-02 6.576394e-02 6.408554e-06 -4.080291e-05 2.441475e-05 9.674172e-05
11553.600000 8.071510e-01 2.391787e-02 3.353546e-02 6.428745e-02 7.127174e-06 -4.594061e-05 2.824006e-05 9.211379e-05
11553.800000 8.149771e-01 2.412986e-02 3.359468e-02 6.500668e-02 2.098322e-05 -3.867577e-05 4.213142e-05 9.590997e-05
11554.000000 8.147306e-01 2.410087e-02 3.361535e-02 6.453501e-02 1.755878e-05 -4.036547e-05 4.312624e-05 9.045592e-05
11554.200000 8.073814e-01 2.387636e-02 3.324065e-02 6.488927e-02 4.820795e-06 -5.190247e-05 2.613934e-05 7.839936e-05
11554.400000 8.117182e-01 2.401431e-02 3.332295e-02 6.667925e-02 1.554086e-05 -5.517095e-05 1.854550e-05 9.298313e-05
11554.600000 8.139589e-01 2.411141e-02 3.317010e-02 6.765614e-02 1.551966e-05 -4.161787e-05 2.523905e-05 1.053807e-04
11554.800000 8.098082e-01 2.396656e-02 3.268747e-02 6.608566e-02 3.246665e-05 -3.208787e-05 2.939571e-05 1.088750e-04
11555.000000 8.071767e-01 2.390960e-02 3.245122e-02 6.714929e-02 2.319123e-05 -3.982718e-05 3.536077e-05 1.022590e-04
11555.200000 8.136816e-01 2.407072e-02 3.286178e-02 6.693980e-02 1.927532e-05 -4.153748e-05 2.229679e-05 1.084006e-04
11555.400000 8.096459e-01 2.404910e-02 3.226571e-02 6.822697e-02 8.022492e-06 -3.783525e-05 3.591282e-05 1.078022e-04
11555.600000 8.138058e-01 2.408906e-02 3.227855e-02 6.671098e-02 2.596702e-05 -2.752508e-05 2.422972e-05 1.018017e-04
11555.800000 8.129991e-01 2.417532e-02 3.196248e-02 6.684866e-02 2.219371e-05 -3.255412e-05 8.009506e-06 9.307437e-05
11556.000000 8.082192e-01 2.388132e-02 3.156512e-02 6.666703e-02 2.771879e-05 -3.931669e-05 1.944929e-05 9.141093e-05
11556.200000 8.136426e-01 2.418356e-02 3.169483e-02 6.692186e-02 1.326802e-05 -4.895569e-05 1.931493e-05 9.598029e-05
11556.400000 8.113750e-01 2.407947e-02 3.152041e-02 6.987543e-02 1.697688e-05 -4.634837e-05 2.112782e-05 9.699033e-05
11556.600000 8.093578e-01 2.410141e-02 3.126390e-02 6.956121e-02 8.902604e-06 -4.079763e-05 3.782579e-05 1.016461e-04
11556.800000 8.158172e-01 2.419262e-02 3.128141e-02 6.948594e-02 1.209952e-05 -3.612619e-05 3.091467e-05 9.511254e-05
11557.000000 8.108654e-01 2.415575e-02 3.095417e-02 6.764033e-02 1.259585e-05 -3.271653e-05 2.347616e-05 8.089275e-05
11557.200000 8.099078e-01 2.407884e-02 3.045407e-02 6.777913e-02 2.148146e-05 -3.787783e-05 3.366303e-06 7.907932e-05
11557.400000 8.108588e-01 2.410468e-02 3.024882e-02 6.895871e-02 4.257215e-06 -4.036461e-05 9.583502e-09 7.804968e-05
11557.600000 8.142856e-01 2.419978e-02 3.000356e-02 7.095082e-02 1.916235e-05 -4.905816e-05 1.108347e-05 8.436222e-05
11557.800000 8.123682e-01 2.415519e-02 2.970111e-02 7.182222e-02 1.841262e-05 -4.267129e-05 2.057654e-05 8.546416e-05
11558.000000 8.105924e-01 2.412642e-02 2.931387e-02 7.065728e-02 2.560374e-05 -3.746139e-05 2.075986e-05 9.147022e-05
11558.200000 8.119623e-01 2.418728e-02 2.918923e-02 6.989842e-02 2.098900e-05 -3.993589e-05 1.574195e-05 8.160429e-05
11558.400000 8.134986e-01 2.425222e-02 2.876228e-02 7.211656e-02 1.812738e-05 -4.050087e-05 3.720117e-05 8.797475e-05
11558.600000 8.125132e-01 2.412879e-02 2.835335e-02 7.267673e-02 2.795984e-05 -3.646060e-05 3.996687e-05 8.660854e-05
11558.800000 8.140612e-01 2.431538e-02 2.810319e-02 7.312686e-02 1.743210e-05 -3.446816e-05 2.717417e-05 9.512045e-05
11559.000000 8.103548e-01 2.411666e-02 2.754809e-02 7.226364e-02 3.117480e-05 -3.964848e-05 3.790261e-05 1.043842e-04
11559.200000 8.098518e-01 2.421143e-02 2.719855e-02 7.274914e-02 2.120140e-05 -2.726216e-05 2.786687e-05 9.723449e-05
11559.400000 8.121799e-01 2.418942e-02 2.683342e-02 7.441539e-02 2.599047e-05 -3.051665e-05 2.558263e-05 9.085657e-05
11559.600000 8.090859e-01 2.420558e-02 2.646555e-02 7.551134e-02 2.679379e-05 -3.143013e-05 4.403196e-05 9.725583e-05
11559.800000 8.143546e-01 2.442702e-02 2.604614e-02 7.610994e-02 2.362577e-05 -3.055831e-05 2.871232e-05 9.907877e-05
11560.000000 8.071770e-01 2.418907e-02 2.498133e-02 7.636043e-02 1.974902e-05 -3.457549e-05 3.407156e-05 1.092805e-04
11560.200000 8.120603e-01 2.438235e-02 2.485936e-02 7.727495e-02 6.996045e-06 -4.103020e-05 3.368517e-05 9.258967e-05
11560.400000 8.089877e-01 2.425107e-02 2.424098e-02 8.007088e-02 1.447243e-05 -4.126435e-05 3.105402e-05 8.191510e-05
11560.600000 8.134085e-01 2.442561e-02 2.342584e-02 7.801859e-02 1.500512e-05 -4.155929e-05 3.463042e-05 7.840964e-05
11560.800000 8.046164e-01 2.418526e-02 2.258937e-02 7.963964e-02 1.646254e-05 -3.230934e-05 1.809972e-05 7.291878e-05
11561.000000 8.129434e-01 2.439333e-02 2.236319e-02 8.158923e-02 2.513903e-05 -3.017395e-05 3.857292e-05 8.041276e-05
11561.200000 8.106763e-01 2.441137e-02 2.137481e-02 8.401653e-02 2.159189e-05 -3.049520e-05 3.351680e-05 8.917608e-05
11561.400000 8.119207e-01 2.438587e-02 2.081574e-02 8.504878e-02 3.150361e-05 -3.135082e-05 3.404717e-05 1.019023e-04
11561.600000 8.094649e-01 2.434389e-02 1.993218e-02 8.818135e-02 2.254994e-05 -4.146379e-05 2.793979e-05 9.938923e-05
11561.800000 8.149810e-01 2.457352e-02 1.924505e-02 8.716776e-02 3.216630e-05 -4.803987e-05 2.437036e-05 8.989005e-05
11562.000000 8.072224e-01 2.431266e-02 1.831080e-02 8.791245e-02 3.880037e-05 -4.815761e-05 2.550100e-05 8.147620e-05
11562.200000 8.165077e-01 2.464968e-02 1.806957e-02 9.168126e-02 2.807464e-05 -5.236688e-05 3.323440e-05 8.868899e-05
11562.400000 8.114193e-01 2.449978e-02 1.705705e-02 9.168698e-02 2.451432e-05 -4.759183e-05 1.783238e-05 8.871694e-05
11562.600000 8.112663e-01 2.445313e-02 1.585302e-02 9.434350e-02 2.630381e-05 -4.288216e-05 1.773509e-05 8.613375e-05
11562.800000 8.082324e-01 2.440159e-02 1.501162e-02 9.515229e-02 2.708801e-05 -4.744149e-05 1.356103e-05 8.485966e-05
11563.000000 8.114603e-01 2.457744e-02 1.444849e-02 9.933989e-02 7.957654e-06 -5.279732e-05 2.788952e-05 8.377637e-05
11563.200000 8.139179e-01 2.460356e-02 1.331492e-02 1.030213e-01 1.307080e-05 -5.304676e-05 2.641345e-05 8.339620e-05
11563.400000 8.125190e-01 2.455914e-02 1.257627e-02 1.046006e-01 1.572744e-05 -5.035999e-05 2.030045e-05 7.604283e-05
11563.600000 8.098557e-01 2.450497e-02 1.174569e-02 1.070405e-01 9.068667e-06 -5.319879e-05 1.787950e-05 8.064993e-05
11563.800000 8.108404e-01 2.453666e-02 1.109796e-02 1.111676e-01 1.761074e-05 -4.565601e-05 1.202348e-05 8.544273e-05
11564.000000 8.117823e-01 2.452479e-02 1.043892e-02 1.127180e-01 2.741377e-05 -4.289712e-05 1.403975e-05 8.754157e-05
11564.200000 8.098474e-01 2.443993e-02 9.488401e-03 1.159044e-01 1.946824e-05 -3.789268e-05 1.584301e-05 8.743649e-05
11564.400000 8.117554e-01 2.457684e-02 9.033587e-03 1.196107e-01 1.009763e-05 -3.957450e-05 2.290743e-05 9.857280e-05
11564.600000 8.125910e-01 2.459839e-02 8.488652e-03 1.233082e-01 1.552660e-05 -4.715126e-05 1.414819e-05 9.199845e-05
11564.800000 8.103225e-01 2.449658e-02 7.927136e-03 1.266484e-01 2.145129e-05 -4.740153e-05 2.162922e-05 1.002389e-04
11565.000000 8.112003e-01 2.448088e-02 7.400999e-03 1.278024e-01 5.150005e-06 -5.133466e-05 1.707910e-05 9.555808e-05
11565.200000 8.117316e-01 2.448237e-02 7.020523e-03 1.303751e-01 1.128558e-05 -5.341445e-05 1.894644e-05 9.603312e-05
11565.400000 8.087639e-01 2.442743e-02 6.618950e-03 1.323016e-01 1.096040e-05 -5.422572e-05 2.504328e-05 9.713022e-05
11565.600000 8.107113e-01 2.449902e-02 6.382261e-03 1.364740e-01 1.453569e-05 -5.491314e-05 3.474603e-05 1.008027e-04
11565.800000 8.115412e-01 2.454599e-02 6.202209e-03 1.381077e-01 6.408395e-06 -6.246903e-05 2.941512e-05 1.001315e-04
11566.000000 8.100486e-01 2.448382e-02 5.999909e-03 1.393812e-01 1.490047e-05 -5.338948e-05 2.093703e-05 9.876302e-05
11566.200000 8.129776e-01 2.457104e-02 5.928598e-03 1.428852e-01 1.242672e-05 -5.331479e-05 1.985237e-05 8.405782e-05
11566.400000 8.111097e-01 2.459206e-02 5.797747e-03 1.428671e-01 1.225736e-05 -6.639071e-05 1.202606e-05 9.673641e-05
11566.600000 8.087552e-01 2.452911e-02 5.628689e-03 1.432012e-01 1.268516e-05 -5.369037e-05 1.807244e-05 1.015115e-04
11566.800000 8.084901e-01 2.447448e-02 5.580479e-03 1.460872e-01 5.832756e-06 -5.154741e-05 1.334781e-05 1.059723e-04
11567.000000 8.098066e-01 2.449417e-02 5.693864e-03 1.467656e-01 1.301852e-05 -5.310070e-05 4.133750e-06 9.954523e-05
11567.200000 8.125973e-01 2.464740e-02 5.778624e-03 1.475657e-01 1.751301e-05 -5.223173e-05 1.065418e-06 1.017206e-04
11567.400000 8.108679e-01 2.459454e-02 5.857466e-03 1.471337e-01 2.034844e-05 -5.179922e-05 1.469697e-05 1.069939e-04
11567.600000 8.098325e-01 2.457883e-02 5.698625e-03 1.474063e-01 1.671952e-05 -5.064985e-05 5.577105e-06 9.851676e-05
11567.800000 8.116523e-01 2.460983e-02 5.747223e-03 1.483336e-01 2.337295e-05 -4.230000e-05 -4.766178e-06 9.222319e-05
11568.000000 8.096348e-01 2.457074e-02 6.367318e-03 1.467855e-01 2.196327e-05 -3.540360e-05 5.685198e-06 1.040381e-04
11568.200000 8.152452e-01 2.483116e-02 6.286413e-03 1.494207e-01 1.704147e-05 -4.127713e-05 1.726625e-05 1.127307e-04
11568.400000 8.036573e-01 2.444396e-02 6.146371e-03 1.466101e-01 2.709264e-05 -4.018704e-05 1.990490e-05 1.126697e-04
11568.600000 8.118784e-01 2.471277e-02 6.335133e-03 1.476415e-01 2.214541e-05 -4.072416e-05 -4.140450e-06 9.521239e-05
11568.800000 8.104927e-01 2.470005e-02 6.556102e-03 1.470732e-01 2.200311e-05 -4.633198e-05 -8.036052e-06 7.377497e-05
11569.000000 8.106270e-01 2.469301e-02 6.804530e-03 1.471633e-01 3.093822e-05 -3.780211e-05 9.356260e-06 9.023180e-05
11569.200000 8.119023e-01 2.476189e-02 6.931787e-03 1.455671e-01 2.566759e-05 -3.562870e-05 5.840813e-06 9.562725e-05
11569.400000 8.069896e-01 2.458507e-02 6.836495e-03 1.453365e-01 1.750978e-05 -3.154895e-05 -1.036112e-05 8.622566e-05
11569.600000 8.077501e-01 2.463208e-02 6.976603e-03 1.436995e-01 1.761270e-05 -3.803229e-05 9.214976e-06 1.009110e-04
11569.800000 8.115024e-01 2.472196e-02 7.059720e-03 1.450432e-01 2.099876e-05 -3.531120e-05 2.750828e-05 1.032849e-04
11570.000000 8.098037e-01 2.468629e-02 7.258221e-03 1.424074e-01 1.489195e-05 -3.166694e-05 2.896979e-05 9.846582e-05
11570.200000 8.102290e-01 2.474624e-02 7.389247e-03 1.415577e-01 6.050940e-06 -2.930453e-05 1.822598e-05 8.938303e-05
11570.400000 8.092400e-01 2.474049e-02 7.257815e-03 1.405957e-01 1.549251e-05 -3.416996e-05 2.367808e-05 8.608800e-05
11570.600000 8.132033e-01 2.486891e-02 7.464688e-03 1.402388e-01 5.633262e-06 -4.039161e-05 9.476335e-06 8.425769e-05
11570.800000 8.089479e-01 2.476206e-02 7.346135e-03 1.408015e-01 6.259659e-06 -3.624592e-05 2.809561e-05 9.116250e-05
11571.000000 8.107890e-01 2.481319e-02 7.595161e-03 1.397154e-01 1.041873e-05 -2.796143e-05 3.329185e-05 9.655880e-05
11571.200000 8.103571e-01 2.482570e-02 7.690363e-03 1.382434e-01 8.860080e-06 -3.143414e-05 6.891744e-06 1.001315e-04
11571.400000 8.090084e-01 2.479207e-02 7.809968e-03 1.376108e-01 1.281666e-05 -3.423215e-05 2.914381e-05 1.086538e-04
11571.600000 8.099884e-01 2.480867e-02 7.867478e-03 1.373907e-01 -3.335387e-07 -3.037969e-05 1.846519e-05 1.005491e-04
11571.800000 8.102527e-01 2.484182e-02 7.955816e-03 1.372976e-01 1.507357e-05 -5.072900e-05 1.202151e-05 9.939294e-05
11572.000000 8.077882e-01 2.474430e-02 7.955723e-03 1.356752e-01 2.948630e-05 -4.793848e-05 1.133126e-05 9.314932e-05
11572.200000 8.112219e-01 2.491488e-02 8.287718e-03 1.356334e-01 1.839798e-05 -4.807791e-05 4.864742e-06 8.927741e-05
11572.400000 8.101383e-01 2.488953e-02 8.274343e-03 1.349317e-01 1.442785e-05 -4.727140e-05 5.007072e-06 9.539329e-05
11572.600000 8.084729e-01 2.481461e-02 8.449945e-03 1.343992e-01 2.019169e-05 -5.202663e-05 6.704971e-06 1.039802e-04
11572.800000 8.094497e-01 2.485378e-02 8.296525e-03 1.346545e-01 1.279822e-05 -5.278642e-05 5.152372e-06 1.015182e-04
11573.000000 8.091141e-01 2.489785e-02 8.162198e-03 1.335271e-01 7.701261e-06 -3.858248e-05 4.262324e-06 8.934031e-05
11573.200000 8.098218e-01 2.491868e-02 8.385551e-03 1.324450e-01 2.297011e-05 -3.397770e-05 1.608956e-05 1.017523e-04
11573.400000 8.092229e-01 2.488623e-02 8.379892e-03 1.318475e-01 1.736016e-05 -3.567137e-05 1.236195e-05 1.010950e-04
11573.600000 8.097669e-01 2.489011e-02 8.478928e-03 1.318879e-01 1.413986e-05 -2.991930e-05 1.225543e-05 1.035322e-04
11573.800000 8.103239e-01 2.493039e-02 8.581482e-03 1.312497e-01 1.427190e-05 -3.001934e-05 1.734663e-05 1.083890e-04
11574.000000 8.086402e-01 2.485863e-02 8.497813e-03 1.309351e-01 2.026641e-05 -3.762850e-05 2.195220e-05 1.113340e-04
11574.200000 8.102567e-01 2.489282e-02 8.600237e-03 1.314218e-01 3.728591e-05 -3.824236e-05 6.259267e-06 1.056192e-04
11574.400000 8.101260e-01 2.489574e-02 8.727469e-03 1.303128e-01 2.603432e-05 -3.345026e-05 -1.696733e-06 1.103143e-04
11574.600000 8.102109e-01 2.490159e-02 8.654062e-03 1.305251e-01 2.690685e-05 -2.309284e-05 1.460341e-05 1.054557e-04
11574.800000 8.091488e-01 2.491627e-02 8.719922e-03 1.297707e-01 2.880768e-05 -2.171648e-05 2.517332e-05 1.068109e-04
11575.000000 8.091422e-01 2.492548e-02 8.774478e-03 1.303211e-01 3.108563e-05 -2.526667e-05 1.422913e-05 1.049665e-04
11575.200000 8.099346e-01 2.489608e-02 8.697785e-03 1.295893e-01 2.871156e-05 -3.024690e-05 8.910081e-06 9.869687e-05
11575.400000 8.095422e-01 2.490601e-02 8.715152e-03 1.293625e-01 2.914995e-05 -3.423120e-05 4.742327e-06 9.037033e-05
11575.600000 8.074782e-01 2.488439e-02 8.803627e-03 1.292652e-01 2.574420e-05 -3.968987e-05 1.554927e-05 8.753592e-05
11575.800000 8.097662e-01 2.496143e-02 8.783774e-03 1.284720e-01 3.037100e-05 -4.299289e-05 5.183845e-06 9.501949e-05
11576.000000 8.085052e-01 2.490386e-02 8.985289e-03 1.286697e-01 3.651718e-05 -2.527955e-05 -2.433849e-06 8.688770e-05
11576.200000 8.083767e-01 2.492380e-02 8.758795e-03 1.288754e-01 3.064069e-05 -2.827124e-05 4.599699e-06 8.760923e-05
11576.400000 8.082690e-01 2.488713e-02 8.752794e-03 1.277243e-01 3.365789e-05 -2.989432e-05 1.674982e-05 9.062264e-05
11576.600000 8.088440e-01 2.498845e-02 8.770827e-03 1.278210e-01 2.120031e-05 -3.084801e-05 1.031170e-05 9.344434e-05
11576.800000 8.085904e-01 2.495079e-02 8.633641e-03 1.276836e-01 2.829067e-05 -3.534250e-05 1.517246e-05 9.700846e-05
11577.000000 8.093845e-01 2.498905e-02 8.657157e-03 1.285553e-01 3.801826e-05 -3.759329e-05 2.950742e-05 1.109590e-04
11577.200000 8.093348e-01 2.499391e-02 8.898211e-03 1.279435e-01 2.866269e-05 -3.385436e-05 3.579250e-05 1.110098e-04
11577.400000 8.091038e-01 2.491469e-02 8.654577e-03 1.281870e-01 3.185971e-05 -1.887173e-05 3.079548e-05 1.062429e-04
11577.600000 8.089498e-01 2.499142e-02 8.768637e-03 1.286907e-01 3.958895e-05 -2.920109e-05 1.979003e-05 1.025272e-04
11577.800000 8.091012e-01 2.496445e-02 8.631004e-03 1.291071e-01 3.851902e-05 -3.852128e-05 1.113533e-05 8.497026e-05
11578.000000 8.061348e-01 2.486975e-02 8.553644e-03 1.278892e-01 4.237061e-05 -4.003634e-05 5.304209e-06 8.527522e-05
11578.200000 8.106248e-01 2.500370e-02 8.411435e-03 1.296539e-01 5.114206e-05 -3.646671e-05 8.980260e-06 9.156171e-05
11578.400000 8.107130e-01 2.500312e-02 8.415038e-03 1.280239e-01 4.688216e-05 -2.804172e-05 1.194634e-06 9.261594e-05
11578.600000 8.035218e-01 2.473544e-02 8.337042e-03 1.266223e-01 5.094418e-05 -2.663611e-05 1.495993e-05 8.853980e-05
11578.800000 8.123777e-01 2.507493e-02 8.542757e-03 1.290127e-01 4.466392e-05 -3.320554e-05 7.451109e-06 8.258202e-05
11579.000000 8.074396e-01 2.491703e-02 8.446515e-03 1.280442e-01 4.083173e-05 -2.494906e-05 2.586022e-06 7.775578e-05
11579.200000 8.093652e-01 2.503546e-02 8.455304e-03 1.280739e-01 2.748188e-05 -1.718105e-05 9.289380e-06 6.879951e-05
11579.400000 8.082243e-01 2.500787e-02 8.309626e-03 1.287720e-01 2.184922e-05 -2.007823e-05 1.212867e-05 6.060218e-05
11579.600000 8.079987e-01 2.501732e-02 8.349782e-03 1.292777e-01 2.666893e-05 -2.219985e-05 6.755018e-06 7.033464e-05
11579.800000 8.105709e-01 2.512149e-02 8.306735e-03 1.290681e-01 2.302171e-05 -1.359440e-05 2.640592e-06 8.939797e-05
11580.000000 8.073803e-01 2.498413e-02 8.323010e-03 1.280248e-01 2.585328e-05 -2.103452e-05 2.775696e-06 8.858942e-05
11580.200000 8.087242e-01 2.504759e-02 8.172945e-03 1.281286e-01 3.091664e-05 -3.500277e-05 3.520891e-06 9.846810e-05
11580.400000 8.084870e-01 2.511532e-02 8.257003e-03 1.284200e-01 3.167350e-05 -2.353067e-05 -3.524100e-06 1.023909e-04
11580.600000 8.082231e-01 2.508409e-02 8.335294e-03 1.293448e-01 2.869053e-05 -1.638729e-05 2.630409e-06 8.607016e-05
11580.800000 8.089920e-01 2.510058e-02 8.180025e-03 1.294451e-01 3.021641e-05 -3.591453e-05 1.582780e-05 6.475011e-05
11581.000000 8.081547e-01 2.512089e-02 8.246678e-03 1.295030e-01 2.814336e-05 -2.973382e-05 1.970844e-05 9.584327e-05
11581.200000 8.081333e-01 2.513935e-02 8.152328e-03 1.288941e-01 3.099928e-05 -3.499231e-05 1.585511e-05 9.946901e-05
11581.400000 8.076262e-01 2.516616e-02 8.233850e-03 1.288756e-01 3.805019e-05 -3.545854e-05 6.973697e-06 1.009958e-04
11581.600000 8.081559e-01 2.516658e-02 8.375120e-03 1.276397e-01 5.299443e-05 -4.303905e-05 -4.639394e-06 9.473347e-05
11581.800000 8.087052e-01 2.515870e-02 8.283784e-03 1.288540e-01 5.168724e-05 -3.194791e-05 -5.384904e-06 1.010128e-04
11582.000000 8.034439e-01 2.498889e-02 8.343581e-03 1.271939e-01 4.237380e-05 -3.035065e-05 8.491497e-06 1.088132e-04
11582.200000 8.093923e-01 2.517421e-02 8.415752e-03 1.293285e-01 2.359054e-05 -3.481007e-05 -6.918393e-06 9.445514e-05
11582.400000 8.074570e-01 2.518636e-02 8.682511e-03 1.288981e-01 2.986449e-05 -3.295393e-05 -1.042049e-05 9.577234e-05
11582.600000 8.079027e-01 2.519962e-02 8.470265e-03 1.293133e-01 3.599459e-05 -2.642829e-05 -1.803778e-06 9.529983e-05
11582.800000 8.085259e-01 2.523999e-02 8.571002e-03 1.288239e-01 4.676481e-05 -3.266544e-05 -3.551510e-06 1.016737e-04
11583.000000 8.081865e-01 2.521643e-02 8.524634e-03 1.283361e-01 5.298872e-05 -2.399284e-05 -4.349835e-06 1.090623e-04
11583.200000 8.076456e-01 2.519051e-02 8.709730e-03 1.273008e-01 4.948186e-05 -3.790485e-06 2.561605e-06 1.142929e-04
11583.400000 8.067760e-01 2.517787e-02 8.822528e-03 1.286648e-01 5.103846e-05 -9.638038e-06 1.416820e-05 1.067315e-04
11583.600000 8.094034e-01 2.522382e-02 8.765859e-03 1.288909e-01 4.237510e-05 -1.231508e-05 1.374188e-05 1.052342e-04
11583.800000 8.085132e-01 2.524504e-02 8.864405e-03 1.261116e-01 4.933746e-05 -1.440741e-05 7.866875e-06 1.113201e-04
11584.000000 8.053881e-01 2.516075e-02 8.822679e-03 1.269690e-01 5.850174e-05 -9.402954e-06 5.667166e-07 1.126655e-04
11584.200000 8.108684e-01 2.534341e-02 8.948929e-03 1.288274e-01 5.415965e-05 -1.918225e-05 1.555897e-05 1.130433e-04
11584.400000 8.081450e-01 2.522737e-02 8.766427e-03 1.282929e-01 4.823725e-05 -2.094399e-05 1.236416e-05 1.172114e-04
11584.600000 8.082468e-01 2.522359e-02 8.751078e-03 1.272375e-01 3.081062e-05 -1.859947e-05 1.022073e-05 1.074471e-04
11584.800000 8.059670e-01 2.513979e-02 8.609758e-03 1.268075e-01 3.802226e-05 -1.845897e-05 8.120140e-06 1.022899e-04
11585.000000 8.079339e-01 2.520605e-02 8.938118e-03 1.271968e-01 4.384702e-05 -2.323221e-05 2.730874e-07 1.058046e-04
11585.200000 8.086310e-01 2.521039e-02 8.855860e-03 1.283399e-01 4.627889e-05 -2.140504e-05 -4.279911e-06 1.034787e-04
11585.400000 8.075904e-01 2.520435e-02 8.944023e-03 1.279012e-01 4.829033e-05 -2.027432e-05 -1.771294e-06 1.027691e-04
11585.600000 8.034869e-01 2.507277e-02 8.955808e-03 1.255521e-01 4.626557e-05 -1.991129e-05 1.182150e-05 9.702649e-05
11585.800000 8.069680e-01 2.520613e-02 8.872000e-03 1.264006e-01 4.991229e-05 -1.295858e-05 1.426665e-06 1.032235e-04
11586.000000 8.081380e-01 2.524206e-02 8.978684e-03 1.276167e-01 5.072135e-05 -1.335309e-05 9.249687e-06 1.058102e-04
11586.200000 8.076218e-01 2.519453e-02 8.888067e-03 1.285896e-01 4.753074e-05 -1.923613e-05 1.071462e-05 9.895006e-05
11586.400000 8.051578e-01 2.512913e-02 8.917673e-03 1.273335e-01 3.695022e-05 -1.891117e-05 1.866414e-05 1.052197e-04
11586.600000 8.099500e-01 2.532687e-02 9.019968e-03 1.255039e-01 3.658619e-05 -1.505904e-05 1.737449e-05 1.030824e-04
11586.800000 8.071497e-01 2.524107e-02 8.849801e-03 1.275455e-01 3.642709e-05 -1.406655e-05 1.512524e-05 1.155219e-04
11587.000000 8.055809e-01 2.519446e-02 9.105601e-03 1.292288e-01 4.311799e-05 -1.804138e-05 1.945014e-05 1.159296e-04
11587.200000 8.097050e-01 2.530952e-02 8.940035e-03 1.275072e-01 3.897510e-05 -1.551985e-05 3.153050e-05 1.197538e-04
11587.400000 8.066082e-01 2.520362e-02 8.865248e-03 1.267138e-01 3.745504e-05 -1.749482e-05 3.408826e-05 1.181596e-04
11587.600000 8.083303e-01 2.526037e-02 8.940707e-03 1.276859e-01 3.732859e-05 -1.913478e-05 3.700431e-05 1.131847e-04
11587.800000 8.079399e-01 2.526204e-02 9.103517e-03 1.276644e-01 4.058379e-05 -1.990192e-05 2.655413e-05 1.134909e-04
11588.000000 8.037474e-01 2.515177e-02 8.873488e-03 1.284766e-01 4.610620e-05 -1.813944e-05 9.898582e-06 1.116681e-04
11588.200000 8.075931e-01 2.523188e-02 8.983797e-03 1.284206e-01 5.240964e-05 -2.907902e-05 1.254489e-05 1.172046e-04
11588.400000 8.073039e-01 2.524596e-02 8.930828e-03 1.264020e-01 4.349952e-05 -2.740055e-05 2.142072e-05 1.176057e-04
11588.600000 8.070858e-01 2.524601e-02 8.881224e-03 1.273931e-01 4.352619e-05 -2.806151e-05 1.264034e-05 1.098317e-04
11588.800000 8.070955e-01 2.529010e-02 8.901735e-03 1.277085e-01 4.955242e-05 -2.387686e-05 1.440629e-06 1.092957e-04
11589.000000 8.082282e-01 2.528841e-02 8.745946e-03 1.286458e-01 3.912521e-05 -1.515071e-05 4.894903e-07 1.066592e-04
11589.200000 8.078372e-01 2.531257e-02 9.008442e-03 1.278992e-01 3.519356e-05 -2.092499e-05 7.347743e-07 1.084056e-04
11589.400000 8.071023e-01 2.533721e-02 8.759954e-03 1.273783e-01 4.156027e-05 -2.637729e-05 6.566949e-06 1.103253e-04
11589.600000 8.074508e-01 2.530994e-02 8.683920e-03 1.272013e-01 4.453044e-05 -2.485210e-05 1.797546e-05 1.176682e-04
11589.800000 8.105861e-01 2.539441e-02 8.886099e-03 1.294163e-01 4.854182e-05 -2.126695e-05 9.558879e-06 1.042613e-04
11590.000000 8.041866e-01 2.525733e-02 8.657820e-03 1.287687e-01 3.385406e-05 -2.485828e-05 1.741106e-05 1.089150e-04
11590.200000 8.047350e-01 2.525038e-02 8.729625e-03 1.291215e-01 3.580299e-05 -2.908851e-05 8.103148e-06 1.096467e-04
11590.400000 8.095861e-01 2.533858e-02 8.666023e-03 1.278097e-01 3.425060e-05 -2.846532e-05 1.922416e-05 1.165030e-04
11590.600000 8.068946e-01 2.531790e-02 8.659192e-03 1.310866e-01 3.406708e-05 -3.296924e-05 2.927947e-05 1.072511e-04
11590.800000 8.021050e-01 2.522832e-02 8.548768e-03 1.301499e-01 2.439512e-05 -3.761010e-05 2.660126e-05 1.210924e-04
11591.000000 8.104643e-01 2.541841e-02 8.625774e-03 1.290878e-01 2.774002e-05 -2.016423e-05 1.775072e-05 1.095567e-04
11591.200000 8.032963e-01 2.525866e-02 8.320276e-03 1.283247e-01 3.169959e-05 -2.625322e-05 8.536384e-06 1.079724e-04
11591.400000 8.087980e-01 2.538160e-02 8.362918e-03 1.311308e-01 2.434507e-05 -2.538498e-05 1.434036e-05 1.038224e-04
11591.600000 8.022046e-01 2.514104e-02 8.335247e-03 1.285265e-01 2.815740e-05 -3.116258e-05 2.545555e-05 1.064677e-04
11591.800000 8.096254e-01 2.538674e-02 8.336551e-03 1.303878e-01 2.801231e-05 -3.273556e-05 3.243171e-05 1.073410e-04
11592.000000 8.027140e-01 2.521394e-02 8.306602e-03 1.298641e-01 1.896177e-05 -2.795098e-05 2.972477e-05 9.923155e-05
11592.200000 8.044000e-01 2.523977e-02 8.093544e-03 1.295012e-01 2.956409e-05 -2.110488e-05 2.220453e-05 1.043710e-04
11592.400000 8.080053e-01 2.537253e-02 8.157862e-03 1.311043e-01 1.632778e-05 -2.770933e-05 6.714177e-06 9.470183e-05
11592.600000 8.052904e-01 2.528216e-02 8.272287e-03 1.319896e-01 1.212869e-05 -2.460769e-05 1.220824e-05 9.857490e-05
11592.800000 8.043037e-01 2.523520e-02 8.021890e-03 1.293808e-01 1.576191e-05 -2.410313e-05 1.092973e-05 9.688519e-05
11593.000000 8.050655e-01 2.532525e-02 8.152253e-03 1.310791e-01 1.753720e-05 -2.745177e-05 2.608623e-05 9.520566e-05
11593.200000 8.081659e-01 2.537249e-02 8.059264e-03 1.320971e-01 1.226315e-05 -3.174879e-05 2.438758e-05 1.133613e-04
11593.400000 8.079553e-01 2.539171e-02 8.150208e-03 1.316589e-01 9.888113e-06 -3.539682e-05 2.399772e-05 1.054809e-04
11593.600000 8.067353e-01 2.534909e-02 8.005825e-03 1.323430e-01 1.305225e-05 -3.332631e-05 2.074400e-05 1.057670e-04
11593.800000 8.066506e-01 2.523011e-02 7.879501e-03 1.307041e-01 9.436503e-06 -2.392646e-05 2.391701e-05 1.163476e-04
11594.000000 8.066278e-01 2.528832e-02 8.006460e-03 1.317930e-01 6.912139e-06 -1.942546e-05 2.870591e-05 1.238066e-04
11594.200000 8.080173e-01 2.523421e-02 7.868274e-03 1.318034e-01 1.210198e-05 -1.911942e-05 3.849568e-05 1.154623e-04
11594.400000 8.014700e-01 2.509140e-02 7.774374e-03 1.302893e-01 1.042924e-05 -2.081548e-05 4.718899e-05 1.106647e-04
11594.600000 8.100009e-01 2.529681e-02 7.781039e-03 1.321020e-01 1.351512e-05 -1.636319e-05 3.451122e-05 1.126631e-04
11594.800000 8.122786e-01 2.530416e-02 7.842357e-03 1.317288e-01 1.462644e-05 -1.660521e-05 3.434762e-05 1.156528e-04
11595.000000 8.003466e-01 2.499654e-02 7.746303e-03 1.299928e-01 1.597658e-05 -8.708683e-06 3.280282e-05 1.042846e-04
11595.200000 8.038871e-01 2.502727e-02 7.574104e-03 1.322187e-01 1.995809e-05 -1.364069e-05 2.560497e-05 1.040447e-04
11595.400000 8.048224e-01 2.519174e-02 7.747177e-03 1.307735e-01 1.846216e-05 -2.349576e-05 2.267977e-05 1.012834e-04
11595.600000 8.037971e-01 2.504035e-02 7.710656e-03 1.306082e-01 3.466044e-05 -2.133173e-05 1.500460e-05 1.047879e-04
11595.800000 8.048766e-01 2.520375e-02 7.695977e-03 1.312874e-01 1.438498e-05 -1.949533e-05 2.948023e-05 1.061046e-04
11596.000000 8.107538e-01 2.528096e-02 7.823096e-03 1.319315e-01 2.914240e-05 -2.546861e-05 3.577934e-05 1.128217e-04
11596.200000 8.050975e-01 2.527049e-02 7.962690e-03 1.323413e-01 2.309711e-05 -2.188987e-05 2.830010e-05 1.112715e-04
11596.400000 8.084117e-01 2.526862e-02 7.807180e-03 1.319714e-01 2.615833e-05 -2.648666e-05 3.165786e-05 1.164889e-04
11596.600000 8.013867e-01 2.518313e-02 8.027653e-03 1.307670e-01 2.166083e-05 -3.041890e-05 3.506467e-05 1.057057e-04
11596.800000 8.070067e-01 2.531082e-02 8.002774e-03 1.311781e-01 3.197693e-05 -3.533282e-05 2.302468e-05 1.175005e-04
11597.000000 8.060806e-01 2.532096e-02 7.985767e-03 1.303762e-01 2.585844e-05 -2.555205e-05 2.977856e-05 1.197457e-04
11597.700000 8.048256e-01 2.534197e-02 8.116470e-03 1.305679e-01 2.861926e-05 -2.191724e-05 3.403482e-05 1.165875e-04
11598.400000 8.044675e-01 2.543949e-02 8.254548e-03 1.301029e-01 3.024338e-05 -1.978961e-05 2.587292e-05 1.005667e-04
11599.100000 8.044301e-01 2.552329e-02 8.445040e-03 1.301595e-01 3.182689e-05 -1.468979e-05 5.383415e-06 7.817747e-05
11599.800000 8.035163e-01 2.554433e-02 8.495272e-03 1.293755e-01 2.512450e-05 -1.191640e-05 1.286249e-05 8.200224e-05
11600.500000 8.035513e-01 2.558689e-02 8.515136e-03 1.289333e-01 3.301019e-05 -2.054022e-05 2.288010e-05 9.560214e-05
11601.200000 8.032705e-01 2.560519e-02 8.675023e-03 1.285409e-01 3.430465e-05 -2.019104e-05 2.808413e-05 1.002840e-04
11601.900000 8.039675e-01 2.561953e-02 8.562361e-03 1.289071e-01 4.193559e-05 -1.041097e-05 2.286967e-05 8.948625e-05
11602.600000 8.035452e-01 2.559448e-02 8.713480e-03 1.291482e-01 4.676627e-05 -1.738903e-05 1.801191e-05 8.688494e-05
11603.300000 8.035618e-01 2.564121e-02 8.729535e-03 1.290652e-01 3.637305e-05 -1.862408e-05 1.831739e-05 9.263156e-05
11604.993695 8.032393e-01 2.572840e-02 8.845725e-03 1.277675e-01 3.588054e-05 -1.908459e-05 3.209415e-05 8.852247e-05
11605.999583 8.029219e-01 2.580284e-02 8.956333e-03 1.278976e-01 3.505556e-05 -1.697839e-05 1.537467e-05 9.171797e-05
11607.017662 8.022983e-01 2.584462e-02 9.126380e-03 1.276910e-01 3.977787e-05 -2.313295e-05 9.288298e-06 1.043630e-04
11608.047933 8.015368e-01 2.584738e-02 9.107921e-03 1.277846e-01 2.481940e-05 -2.140462e-05 1.797169e-05 1.086801e-04
11609.090396 8.022749e-01 2.590971e-02 9.110768e-03 1.270584e-01 2.466072e-05 -2.426240e-05 9.591167e-06 8.904042e-05
11610.145051 8.035981e-01 2.603539e-02 9.004537e-03 1.279105e-01 2.537915e-05 -2.459726e-05 1.356660e-05 7.929462e-05
11611.211898 8.025754e-01 2.601973e-02 8.947663e-03 1.280594e-01 2.204062e-05 -3.675290e-05 3.177452e-05 8.051361e-05
11612.290937 8.020953e-01 2.604909e-02 8.853074e-03 1.285289e-01 2.976637e-05 -2.211482e-05 2.740695e-05 7.821660e-05
11613.382167 8.012631e-01 2.606219e-02 8.794658e-03 1.288922e-01 3.524548e-05 -2.013433e-05 2.035992e-05 9.076111e-05
11614.485590 8.008024e-01 2.610739e-02 8.599312e-03 1.299370e-01 3.187415e-05 -1.263719e-05 3.203152e-05 9.613595e-05
11615.601204 8.002504e-01 2.611474e-02 8.518241e-03 1.300810e-01 2.559885e-05 -1.574899e-05 1.569912e-05 9.626025e-05
11616.729011 8.006245e-01 2.613554e-02 8.440535e-03 1.306517e-01 3.435053e-05 -1.533455e-05 1.851044e-05 8.791000e-05
11617.869009 8.004309e-01 2.611217e-02 8.360695e-03 1.310032e-01 4.316035e-05 -1.650456e-05 3.022256e-05 8.075174e-05
11619.021199 7.993724e-01 2.609404e-02 8.149289e-03 1.311258e-01 4.175091e-05 -2.110967e-05 3.555158e-05 9.620812e-05
11620.185582 7.998986e-01 2.608826e-02 8.205607e-03 1.315148e-01 3.561824e-05 -1.770968e-05 1.340346e-05 9.055874e-05
11621.362156 7.998788e-01 2.611367e-02 8.208448e-03 1.315673e-01 3.181976e-05 -1.334552e-05 3.393086e-05 9.119656e-05
11622.550922 7.989064e-01 2.613364e-02 8.224924e-03 1.313359e-01 2.548636e-05 -1.318293e-05 3.065933e-05 9.376828e-05
11623.751879 7.981053e-01 2.616735e-02 8.266309e-03 1.318178e-01 2.885168e-05 -7.394520e-06 2.129203e-05 8.472514e-05
11624.965029 7.985006e-01 2.627519e-02 8.379163e-03 1.309217e-01 3.720579e-05 -1.431413e-05 3.005783e-05 8.714040e-05
11626.190371 7.982827e-01 2.636195e-02 8.404539e-03 1.310467e-01 4.041222e-05 -1.600906e-05 2.911054e-05 9.592759e-05
11627.427904 7.989635e-01 2.641937e-02 8.485535e-03 1.304687e-01 3.670141e-05 -5.405366e-06 1.657051e-05 9.973513e-05
11628.677630 7.982234e-01 2.644200e-02 8.594230e-03 1.304817e-01 2.804788e-05 -1.160474e-05 1.210975e-05 9.496474e-05
11629.939547 7.974527e-01 2.647590e-02 8.584306e-03 1.307450e-01 3.273331e-05 -1.160148e-05 7.893726e-06 9.465682e-05
11631.213657 7.978270e-01 2.652484e-02 8.651899e-03 1.293285e-01 2.911570e-05 -1.944416e-05 7.009112e-06 1.087195e-04
11632.499958 7.967669e-01 2.659822e-02 8.746334e-03 1.290010e-01 2.132123e-05 -2.669833e-05 1.302624e-05 1.058687e-04
11633.798451 7.965212e-01 2.670008e-02 8.785916e-03 1.293463e-01 1.999909e-05 -3.354069e-05 2.249432e-05 9.768876e-05
11635.109136 7.962003e-01 2.674831e-02 8.832420e-03 1.286394e-01 3.266230e-05 -4.222401e-05 1.881602e-05 9.462660e-05
11636.432013 7.969918e-01 2.684184e-02 8.967800e-03 1.288975e-01 4.219209e-05 -3.904816e-05 1.229236e-05 9.637685e-05
11637.767082 7.967863e-01 2.685325e-02 9.060525e-03 1.293529e-01 4.220699e-05 -3.519371e-05 7.321189e-06 1.072373e-04
11639.114342 7.967835e-01 2.697023e-02 9.206055e-03 1.286559e-01 4.140845e-05 -3.119308e-05 2.185698e-05 1.091633e-04
11640.473795 7.966740e-01 2.706441e-02 9.312203e-03 1.278923e-01 4.398340e-05 -2.808139e-05 1.621493e-05 8.799740e-05
11641.845440 7.955594e-01 2.709702e-02 9.379909e-03 1.278796e-01 4.147700e-05 -3.373684e-05 9.221343e-06 8.792487e-05
11643.229276 7.955934e-01 2.714249e-02 9.471099e-03 1.274984e-01 4.215704e-05 -4.033600e-05 6.513317e-06 9.722299e-05
11644.625305 7.950234e-01 2.717367e-02 9.528493e-03 1.276604e-01 5.095270e-05 -4.927002e-05 2.046995e-05 9.977465e-05
11646.033525 7.954377e-01 2.723965e-02 9.644193e-03 1.271803e-01 5.280432e-05 -5.216735e-05 1.979372e-05 8.792306e-05
11647.453937 7.948224e-01 2.719190e-02 9.784171e-03 1.268308e-01 5.145482e-05 -4.642401e-05 1.645537e-05 1.000841e-04
11648.886541 7.945834e-01 2.708980e-02 9.664396e-03 1.271343e-01 4.642671e-05 -3.393164e-05 4.264890e-06 9.490291e-05
11650.331337 7.936500e-01 2.709893e-02 9.644739e-03 1.281713e-01 5.754320e-05 -2.502548e-05 9.617695e-06 8.877924e-05
11651.788325 7.944018e-01 2.717197e-02 9.669035e-03 1.285651e-01 5.141734e-05 -1.590285e-05 1.439218e-05 9.675169e-05
11653.257505 7.937889e-01 2.719298e-02 9.596407e-03 1.274038e-01 4.752855e-05 -1.994489e-05 9.892284e-06 9.898629e-05
11654.738877 7.939553e-01 2.722419e-02 9.552982e-03 1.281490e-01 3.495278e-05 -2.180459e-05 1.692044e-05 8.750364e-05
11656.232440 7.922749e-01 2.709430e-02 9.372170e-03 1.282139e-01 2.870812e-05 -1.321673e-05 1.616981e-05 8.469836e-05
11657.738196 7.903935e-01 2.696057e-02 9.286985e-03 1.282779e-01 3.265833e-05 -1.693299e-05 8.479512e-06 8.476260e-05
11659.256143 7.908897e-01 2.701886e-02 9.216600e-03 1.288325e-01 2.828789e-05 -2.470778e-05 1.659663e-05 7.976800e-05
11660.786283 7.925466e-01 2.716795e-02 9.127324e-03 1.299267e-01 2.763141e-05 -2.430575e-05 2.915567e-06 7.194182e-05
11662.328614 7.914786e-01 2.725187e-02 9.049664e-03 1.297070e-01 2.769384e-05 -2.891011e-05 1.253145e-05 7.512029e-05
11663.883137 7.920740e-01 2.734625e-02 9.117115e-03 1.303546e-01 2.144805e-05 -2.933670e-05 5.900728e-06 7.560063e-05
11665.449852 7.905021e-01 2.738152e-02 9.112190e-03 1.300306e-01 1.979121e-05 -2.942455e-05 1.081189e-05 7.585042e-05
11667.028759 7.910390e-01 2.758635e-02 9.158734e-03 1.304316e-01 3.202929e-05 -3.619006e-05 2.281315e-05 8.174103e-05
11668.619858 7.918474e-01 2.781270e-02 9.247420e-03 1.314158e-01 3.559139e-05 -2.921168e-05 3.005204e-05 9.014194e-05
11670.223149 7.892516e-01 2.781655e-02 9.228486e-03 1.299901e-01 3.466513e-05 -2.837958e-05 1.678009e-05 8.874531e-05
11671.838632 7.877330e-01 2.779393e-02 9.259303e-03 1.292206e-01 3.818573e-05 -2.183820e-05 1.130514e-05 7.803261e-05
11673.466307 7.895286e-01 2.795088e-02 9.404725e-03 1.290228e-01 3.241578e-05 -2.047589e-05 2.034475e-05 7.384506e-05
11675.106173 7.893449e-01 2.803614e-02 9.358419e-03 1.295910e-01 3.660178e-05 -2.271199e-05 1.174275e-05 7.037625e-05
11676.758232 7.890736e-01 2.810279e-02 9.398835e-03 1.292908e-01 4.208556e-05 -2.734481e-05 5.128135e-06 7.044580e-05
11678.422482 7.891727e-01 2.814088e-02 9.413404e-03 1.291964e-01 5.365425e-05 -2.920125e-05 1.860832e-05 7.703119e-05
11680.098924 7.888783e-01 2.797369e-02 9.424571e-03 1.286074e-01 5.374823e-05 -2.660757e-05 2.140127e-05 7.989789e-05
11681.787558 7.883505e-01 2.757505e-02 9.352646e-03 1.287199e-01 4.825506e-05 -2.495565e-05 1.298299e-05 7.967732e-05
11683.488385 7.879020e-01 2.709320e-02 9.174616e-03 1.284747e-01 3.408946e-05 -3.223079e-05 2.192908e-05 8.626706e-05
11685.201403 7.875890e-01 2.691404e-02 9.087632e-03 1.298002e-01 3.534619e-05 -2.638900e-05 1.897213e-05 8.642163e-05
11686.926613 7.869185e-01 2.729308e-02 9.107459e-03 1.292237e-01 4.237001e-05 -2.285249e-05 5.113823e-06 9.257344e-05
11688.664014 7.871639e-01 2.791092e-02 9.253384e-03 1.293531e-01 4.772010e-05 -2.183221e-05 1.258953e-05 9.740686e-05
11690.413608 7.874138e-01 2.830534e-02 9.378566e-03 1.293632e-01 5.196229e-05 -2.143184e-05 1.729564e-05 8.549992e-05
11692.175394 7.871298e-01 2.852708e-02 9.434449e-03 1.287281e-01 5.599845e-05 -2.807415e-05 -3.888834e-06 8.902406e-05
11693.949371 7.877281e-01 2.868638e-02 9.571964e-03 1.287765e-01 5.390596e-05 -3.717240e-05 5.889078e-06 1.096689e-04
11695.735541 7.865764e-01 2.869362e-02 9.698326e-03 1.291248e-01 5.516653e-05 -4.282115e-05 7.078285e-06 1.044660e-04
11697.533902 7.862881e-01 2.870350e-02 9.763777e-03 1.279353e-01 5.166297e-05 -4.299377e-05 1.316277e-05 8.949682e-05
11699.344455 7.857235e-01 2.871329e-02 9.763970e-03 1.285977e-01 5.195739e-05 -4.419343e-05 1.059133e-05 7.960836e-05
11701.167201 7.847652e-01 2.878432e-02 9.980948e-03 1.284254e-01 3.881714e-05 -3.686688e-05 1.055406e-05 9.769095e-05
11703.002138 7.821399e-01 2.875560e-02 1.004900e-02 1.283511e-01 3.320488e-05 -3.066850e-05 1.067863e-05 8.951238e-05
11704.849267 7.838637e-01 2.888890e-02 1.014964e-02 1.278704e-01 3.938801e-05 -1.742542e-05 1.750028e-06 8.196666e-05
11706.708588 7.846898e-01 2.895183e-02 1.025881e-02 1.280270e-01 4.311836e-05 -2.453056e-05 -6.536278e-06 8.918743e-05
11708.580100 7.841495e-01 2.897828e-02 1.029208e-02 1.287142e-01 4.376300e-05 -3.394798e-05 6.282101e-06 9.179274e-05
11710.463805 7.841903e-01 2.908349e-02 1.033767e-02 1.285099e-01 3.749510e-05 -1.776841e-05 1.332519e-05 9.321617e-05
11712.359702 7.834455e-01 2.919806e-02 1.030772e-02 1.280082e-01 4.700957e-05 -2.107529e-05 3.635784e-06 8.886309e-05
11714.267790 7.831395e-01 2.926032e-02 1.035961e-02 1.279861e-01 5.003587e-05 -1.587528e-05 -1.004551e-06 9.181899e-05
11716.188071 7.829338e-01 2.938192e-02 1.039009e-02 1.276785e-01 4.741211e-05 -1.345666e-05 1.488481e-05 8.997314e-05
11718.120543 7.819852e-01 2.944263e-02 1.029928e-02 1.283439e-01 3.861731e-05 -1.277336e-05 6.762895e-06 9.211545e-05
11720.065207 7.822802e-01 2.956707e-02 1.023512e-02 1.278974e-01 4.769419e-05 -1.495074e-05 7.933047e-06 8.759307e-05
11722.022064 7.807602e-01 2.965188e-02 1.021170e-02 1.286922e-01 5.291513e-05 -2.031104e-05 2.588957e-05 9.054251e-05
11723.991112 7.815249e-01 2.974792e-02 1.010696e-02 1.287835e-01 5.459075e-05 -3.187994e-05 2.184314e-05 9.271491e-05
11725.972352 7.812521e-01 2.979956e-02 1.012401e-02 1.281969e-01 4.379679e-05 -3.433950e-05 4.528996e-06 9.303175e-05
11727.965784 7.800220e-01 2.980804e-02 1.014558e-02 1.284301e-01 4.716990e-05 -3.460815e-05 5.775216e-06 8.716945e-05
11729.971407 7.795451e-01 2.979151e-02 1.012699e-02 1.291946e-01 4.900732e-05 -3.381000e-05 1.408867e-05 9.155181e-05
11731.989223 7.795128e-01 2.979577e-02 1.008810e-02 1.292165e-01 4.118987e-05 -2.891019e-05 2.044924e-05 8.875471e-05
11734.019231 7.787419e-01 2.978309e-02 1.007084e-02 1.286212e-01 5.128152e-05 -3.097336e-05 1.290801e-05 9.109561e-05
11736.061430 7.791988e-01 2.987506e-02 1.004421e-02 1.294422e-01 5.584940e-05 -3.527248e-05 5.435725e-06 1.006394e-04
11738.115822 7.787841e-01 2.994882e-02 1.003397e-02 1.296756e-01 4.188234e-05 -3.288005e-05 1.032176e-05 9.851848e-05
11740.182405 7.775758e-01 3.002074e-02 1.014581e-02 1.291978e-01 3.433949e-05 -2.978422e-05 1.015928e-05 8.901575e-05
11742.261180 7.750233e-01 3.007594e-02 1.009683e-02 1.283939e-01 3.660877e-05 -4.155550e-05 1.829837e-05 9.242559e-05
11744.352148 7.753620e-01 3.027176e-02 1.025321e-02 1.292799e-01 3.768912e-05 -3.427556e-05 3.168884e-05 9.107650e-05
11746.455307 7.753313e-01 3.047236e-02 1.030421e-02 1.290040e-01 5.017576e-05 -3.464004e-05 2.516474e-05 1.016453e-04
11748.570658 7.763154e-01 3.059267e-02 1.032360e-02 1.292533e-01 6.182284e-05 -3.827899e-05 2.929802e-05 1.041210e-04
11750.698201 7.759067e-01 3.063903e-02 1.029924e-02 1.295271e-01 6.045171e-05 -3.516921e-05 2.233726e-05 1.062244e-04
11752.837935 7.754809e-01 3.072316e-02 1.034654e-02 1.314739e-01 5.470113e-05 -3.553584e-05 1.594707e-05 9.731723e-05
11754.989862 7.741711e-01 3.071765e-02 1.032173e-02 1.353099e-01 4.062359e-05 -3.204096e-05 2.118735e-05 1.046873e-04
11757.153981 7.740269e-01 3.072038e-02 1.024058e-02 1.394290e-01 4.102892e-05 -3.155784e-05 2.141832e-05 1.078668e-04
11759.330291 7.730534e-01 3.065032e-02 1.031638e-02 1.404880e-01 4.017961e-05 -2.771775e-05 1.901501e-05 1.050399e-04
11761.518794 7.713637e-01 3.053860e-02 1.030033e-02 1.377887e-01 5.252551e-05 -2.567431e-05 8.786771e-06 1.101849e-04
11763.719488 7.733270e-01 3.077299e-02 1.042694e-02 1.357585e-01 4.589219e-05 -2.831836e-05 1.618495e-05 1.077120e-04
11765.932374 7.742843e-01 3.090059e-02 1.061974e-02 1.328529e-01 4.166048e-05 -3.542240e-05 1.722058e-05 9.940734e-05
11768.157453 7.736438e-01 3.088273e-02 1.073099e-02 1.306913e-01 5.162863e-05 -3.540675e-05 2.093461e-05 9.966072e-05
11770.394723 7.727934e-01 3.094271e-02 1.084586e-02 1.304425e-01 3.766876e-05 -2.381145e-05 1.851640e-05 9.608287e-05
11772.644185 7.725338e-01 3.108209e-02 1.098635e-02 1.280307e-01 4.017799e-05 -3.352291e-05 2.610673e-05 9.642520e-05
11774.905838 7.722667e-01 3.124248e-02 1.103893e-02 1.278247e-01 4.129432e-05 -2.434059e-05 1.960115e-05 1.018487e-04
11777.179684 7.709056e-01 3.132889e-02 1.120952e-02 1.289883e-01 4.242822e-05 -2.718030e-05 1.529930e-05 9.960323e-05
11779.465722 7.722372e-01 3.144973e-02 1.118300e-02 1.286980e-01 4.294934e-05 -2.783617e-05 1.114430e-05 9.786815e-05
11781.763952 7.721578e-01 3.148560e-02 1.124752e-02 1.289088e-01 4.352371e-05 -3.079260e-05 5.547581e-06 9.576173e-05
11784.074373 7.700995e-01 3.160637e-02 1.120090e-02 1.280046e-01 5.197552e-05 -3.301061e-05 7.947567e-06 8.818632e-05
11786.396987 7.684194e-01 3.174626e-02 1.122431e-02 1.282662e-01 6.310610e-05 -2.812940e-05 3.234337e-05 1.066511e-04
11788.731792 7.704775e-01 3.203493e-02 1.140008e-02 1.281238e-01 5.974586e-05 -2.131170e-05 1.292085e-05 1.019592e-04
11791.078789 7.683120e-01 3.216977e-02 1.140516e-02 1.288336e-01 6.317869e-05 -2.459648e-05 1.616201e-05 1.027514e-04
11793.437978 7.666293e-01 3.219064e-02 1.136553e-02 1.278922e-01 5.608988e-05 -2.954305e-05 2.326352e-05 1.072025e-04
11795.809359 7.638913e-01 3.216073e-02 1.136427e-02 1.270201e-01 4.864392e-05 -3.590314e-05 1.430566e-05 9.646164e-05
11798.192932 7.619833e-01 3.219950e-02 1.128970e-02 1.276441e-01 5.286036e-05 -4.227156e-05 1.527483e-05 9.713005e-05
11800.588697 7.660695e-01 3.238817e-02 1.128521e-02 1.279735e-01 5.865840e-05 -3.651553e-05 2.890479e-05 9.536609e-05
11802.996654 7.665605e-01 3.230822e-02 1.122337e-02 1.284154e-01 5.177124e-05 -3.592366e-05 1.449712e-05 8.414513e-05
11805.416803 7.670788e-01 3.231761e-02 1.112573e-02 1.285734e-01 5.113156e-05 -3.159112e-05 1.382642e-05 8.074237e-05
11807.849143 7.677482e-01 3.253358e-02 1.114701e-02 1.283852e-01 5.422545e-05 -3.491565e-05 1.263724e-05 7.548005e-05
11810.293676 7.654455e-01 3.257467e-02 1.108787e-02 1.280412e-01 3.924314e-05 -3.501195e-05 1.330062e-05 9.104650e-05
11812.750400 7.647522e-01 3.256804e-02 1.104805e-02 1.287370e-01 4.494584e-05 -3.287808e-05 2.166933e-05 9.952354e-05
11815.219317 7.621999e-01 3.263059e-02 1.106182e-02 1.284907e-01 5.595317e-05 -1.754029e-05 2.564204e-05 9.646086e-05
11817.700425 7.649590e-01 3.299867e-02 1.115137e-02 1.283466e-01 6.432880e-05 -1.398756e-05 2.077062e-05 8.692876e-05
11820.193725 7.622667e-01 3.301651e-02 1.109214e-02 1.287018e-01 6.452456e-05 -2.501172e-05 2.935812e-05 8.980729e-05
11822.699217 7.616814e-01 3.302793e-02 1.121049e-02 1.286202e-01 5.746312e-05 -2.119745e-05 3.500726e-05 9.276533e-05
11825.216901 7.636618e-01 3.310260e-02 1.131928e-02 1.292124e-01 6.094149e-05 -1.836436e-05 2.178977e-05 8.160487e-05
11827.746777 7.630687e-01 3.301527e-02 1.135872e-02 1.283700e-01 6.632497e-05 -2.266630e-05 1.090743e-05 8.067200e-05
11830.288845 7.595148e-01 3.275043e-02 1.148756e-02 1.290833e-01 5.659805e-05 -1.441347e-05 6.891174e-06 9.081620e-05
11832.843105 7.619208e-01 3.275345e-02 1.147228e-02 1.291836e-01 5.260679e-05 -1.871155e-05 1.961541e-05 9.600781e-05
11835.409556 7.620600e-01 3.284739e-02 1.166891e-02 1.290057e-01 5.366277e-05 -1.631026e-05 2.435039e-05 9.395511e-05
11837.988200 7.551145e-01 3.285264e-02 1.174207e-02 1.284105e-01 5.171313e-05 -1.948743e-05 1.306312e-05 9.090979e-05
11840.579035 7.573641e-01 3.327587e-02 1.193664e-02 1.289203e-01 5.091422e-05 -2.274801e-05 7.891347e-06 8.737977e-05
11843.182062 7.583540e-01 3.364161e-02 1.213095e-02 1.294518e-01 5.782372e-05 -1.594432e-05 1.128372e-05 1.010483e-04
11845.797282 7.601669e-01 3.403091e-02 1.223064e-02 1.305785e-01 6.170273e-05 -1.914496e-05 1.600767e-05 9.743122e-05
11848.424693 7.602732e-01 3.431841e-02 1.237641e-02 1.299994e-01 5.578640e-05 -2.887112e-05 1.267515e-05 8.691796e-05
11851.064296 7.585378e-01 3.442335e-02 1.247056e-02 1.278082e-01 4.825458e-05 -2.979268e-05 1.547847e-05 1.076618e-04
11853.716091 7.580384e-01 3.454807e-02 1.237896e-02 1.277539e-01 5.186213e-05 -2.970316e-05 1.037843e-05 9.045034e-05
11856.380078 7.589799e-01 3.470697e-02 1.248588e-02 1.283669e-01 5.076755e-05 -3.723507e-05 1.633411e-05 8.202345e-05
11859.056256 7.575330e-01 3.474191e-02 1.242048e-02 1.278704e-01 4.750483e-05 -4.104023e-05 2.484174e-05 8.658585e-05
11861.744627 7.571604e-01 3.473682e-02 1.254930e-02 1.277140e-01 5.053516e-05 -4.149675e-05 2.889344e-05 8.848473e-05
11864.445190 7.555049e-01 3.475241e-02 1.262055e-02 1.273487e-01 5.175218e-05 -3.785483e-05 1.330006e-05 1.023400e-04
11867.157944 7.560223e-01 3.497838e-02 1.269058e-02 1.274629e-01 4.584774e-05 -3.606442e-05 1.652919e-05 1.185774e-04
11869.882891 7.565793e-01 3.509801e-02 1.267671e-02 1.284764e-01 4.113662e-05 -3.256319e-05 2.278880e-05 1.062264e-04
11872.620029 7.562300e-01 3.501817e-02 1.265156e-02 1.283529e-01 4.699833e-05 -3.120602e-05 1.092726e-05 8.851278e-05
11875.369359 7.556169e-01 3.494875e-02 1.264879e-02 1.280748e-01 4.402720e-05 -3.320104e-05 2.356121e-05 1.030163e-04
11878.130881 7.556540e-01 3.512823e-02 1.260998e-02 1.286612e-01 5.079411e-05 -3.716670e-05 2.008845e-05 9.876723e-05
11880.904595 7.551204e-01 3.526600e-02 1.263467e-02 1.292535e-01 5.690198e-05 -3.479887e-05 1.672485e-05 9.534621e-05
11883.690501 7.548271e-01 3.550108e-02 1.263682e-02 1.284338e-01 5.384744e-05 -3.806927e-05 2.314963e-05 1.089100e-04
11886.488599 7.529368e-01 3.559509e-02 1.260988e-02 1.279255e-01 5.169453e-05 -4.129927e-05 2.106647e-05 9.628378e-05
11889.298889 7.526444e-01 3.552990e-02 1.256717e-02 1.278605e-01 5.939103e-05 -3.396844e-05 2.747732e-05 1.055459e-04
11892.121371 7.518785e-01 3.547677e-02 1.250319e-02 1.283239e-01 6.313497e-05 -3.594184e-05 2.202312e-05 1.057835e-04
11894.956044 7.474499e-01 3.530226e-02 1.239047e-02 1.277006e-01 7.167308e-05 -3.487752e-05 2.149542e-05 9.492639e-05
11897.802910 7.441522e-01 3.522205e-02 1.243847e-02 1.275362e-01 6.851052e-05 -4.210640e-05 2.647812e-05 1.047804e-04
11900.661967 7.497481e-01 3.546181e-02 1.252029e-02 1.281559e-01 6.631285e-05 -3.909596e-05 1.172768e-05 1.007415e-04
11903.533217 7.496474e-01 3.547123e-02 1.254593e-02 1.290947e-01 6.452270e-05 -3.878786e-05 2.630188e-05 1.083023e-04
11906.416658 7.492138e-01 3.538205e-02 1.260918e-02 1.289910e-01 5.884640e-05 -3.302362e-05 2.565728e-05 9.917250e-05
11909.312291 7.479864e-01 3.526044e-02 1.272327e-02 1.289084e-01 5.346844e-05 -3.502643e-05 6.270701e-06 9.112437e-05
11912.220116 7.487110e-01 3.534058e-02 1.284902e-02 1.293750e-01 4.866754e-05 -2.860036e-05 1.739843e-05 1.045278e-04
11915.140133 7.487250e-01 3.562621e-02 1.303130e-02 1.283122e-01 4.270957e-05 -2.619513e-05 1.103430e-06 1.009706e-04
11918.072342 7.473088e-01 3.619377e-02 1.335548e-02 1.279007e-01 4.418660e-05 -1.854598e-05 7.184848e-06 1.156321e-04
11921.016743 7.410467e-01 3.634807e-02 1.341184e-02 1.270106e-01 4.133965e-05 -2.199412e-05 2.149646e-05 1.090110e-04
11923.973335 7.388760e-01 3.656127e-02 1.357905e-02 1.266555e-01 4.016799e-05 -2.687386e-05 1.675171e-05 1.086500e-04
11926.942120 7.447688e-01 3.707254e-02 1.376487e-02 1.275625e-01 3.475749e-05 -2.163438e-05 1.404059e-05 1.057801e-04
11929.923096 7.441515e-01 3.721272e-02 1.379553e-02 1.272974e-01 4.326140e-05 -1.965273e-05 1.184646e-05 9.741009e-05
11932.916265 7.443303e-01 3.737878e-02 1.379699e-02 1.277267e-01 4.588204e-05 -5.311177e-06 2.494156e-05 6.675196e-05
11935.921625 7.439390e-01 3.745138e-02 1.380837e-02 1.283037e-01 4.996338e-05 -6.843175e-06 1.888233e-05 9.434566e-05
11938.939177 7.454100e-01 3.753700e-02 1.380128e-02 1.278852e-01 4.002229e-05 -1.606179e-05 2.658372e-05 9.541829e-05
11941.968921 7.447343e-01 3.747309e-02 1.378550e-02 1.281590e-01 4.863271e-05 -1.891039e-05 1.518156e-05 9.076806e-05
11945.010858 7.442928e-01 3.748499e-02 1.378142e-02 1.284366e-01 4.549971e-05 -2.292344e-05 1.397221e-05 8.725479e-05
11948.064985 7.432354e-01 3.767020e-02 1.390855e-02 1.276727e-01 3.855128e-05 -2.691586e-05 2.029109e-05 8.829026e-05
11951.131305 7.432664e-01 3.811528e-02 1.407285e-02 1.281538e-01 4.824145e-05 -2.869237e-05 1.626737e-05 8.866631e-05
11954.209817 7.426758e-01 3.849969e-02 1.427687e-02 1.277147e-01 4.449319e-05 -2.219729e-05 2.107753e-05 9.505932e-05
11957.300521 7.423548e-01 3.872876e-02 1.437188e-02 1.277876e-01 5.010006e-05 -2.360594e-05 2.040536e-05 1.075836e-04
11960.403416 7.414198e-01 3.882656e-02 1.444246e-02 1.282102e-01 5.583267e-05 -2.895677e-05 2.247002e-05 1.071797e-04
11963.518504 7.416969e-01 3.879973e-02 1.441998e-02 1.291058e-01 5.315926e-05 -3.300103e-05 1.911911e-05 1.110591e-04
11966.645783 7.399491e-01 3.830960e-02 1.418263e-02 1.283425e-01 4.781000e-05 -3.504176e-05 1.301406e-05 1.034168e-04
11969.785255 7.393149e-01 3.839136e-02 1.414167e-02 1.286962e-01 5.274296e-05 -3.290967e-05 1.688894e-05 1.026541e-04
11972.936918 7.387177e-01 3.888858e-02 1.428140e-02 1.286998e-01 4.984507e-05 -3.091902e-05 1.554279e-05 1.055559e-04
11976.100773 7.379168e-01 3.919989e-02 1.441972e-02 1.276280e-01 3.680546e-05 -4.045763e-05 1.482780e-05 1.027231e-04
11979.276820 7.374113e-01 3.931028e-02 1.442760e-02 1.276940e-01 4.485653e-05 -4.111228e-05 7.392489e-06 1.044556e-04
11982.465059 7.376594e-01 3.945824e-02 1.449718e-02 1.280846e-01 4.636885e-05 -4.776860e-05 1.764928e-05 1.064845e-04
11985.665490 7.371789e-01 3.941098e-02 1.452547e-02 1.278807e-01 4.485590e-05 -4.403181e-05 1.202176e-05 1.017971e-04
11988.878112 7.358711e-01 3.929723e-02 1.443628e-02 1.276070e-01 3.921395e-05 -4.521153e-05 1.153649e-05 1.035849e-04
11992.102927 7.360549e-01 3.946748e-02 1.455633e-02 1.278565e-01 4.704804e-05 -4.162579e-05 5.980233e-06 1.025859e-04
11995.339934 7.352526e-01 3.967123e-02 1.463862e-02 1.279474e-01 4.367456e-05 -4.251491e-05 1.389721e-05 9.721552e-05
11998.589132 7.337931e-01 3.986233e-02 1.477190e-02 1.273868e-01 4.960049e-05 -3.810781e-05 -4.178065e-06 8.950637e-05
12001.850523 7.333826e-01 4.004549e-02 1.491370e-02 1.273633e-01 4.402438e-05 -4.152497e-05 4.140228e-06 8.948322e-05
12005.124105 7.331661e-01 4.028534e-02 1.502709e-02 1.275009e-01 4.598922e-05 -4.104786e-05 1.169437e-05 9.872455e-05
12008.409879 7.319234e-01 4.034722e-02 1.517979e-02 1.277219e-01 3.869488e-05 -4.118680e-05 7.960841e-06 8.624903e-05
12011.707845 7.326521e-01 4.053077e-02 1.531133e-02 1.277660e-01 3.689391e-05 -4.742504e-05 9.626628e-06 9.646366e-05
12015.018003 7.320227e-01 4.051101e-02 1.547456e-02 1.279757e-01 3.592952e-05 -4.962621e-05 6.052901e-07 8.965844e-05
12018.340353 7.316720e-01 4.049106e-02 1.560963e-02 1.266877e-01 3.296316e-05 -5.165423e-05 1.111855e-05 9.186883e-05
12021.674895 7.312264e-01 4.101219e-02 1.589798e-02 1.272431e-01 3.874598e-05 -4.883800e-05 8.272082e-06 8.695684e-05
12025.021629 7.297147e-01 4.098622e-02 1.589787e-02 1.269881e-01 4.224246e-05 -4.717754e-05 6.854980e-06 8.868349e-05
12028.380554 7.293453e-01 4.041979e-02 1.573167e-02 1.270443e-01 3.439417e-05 -3.491856e-05 -5.319446e-06 9.133288e-05
12031.751672 7.285877e-01 4.039006e-02 1.562596e-02 1.272476e-01 3.954648e-05 -3.014754e-05 3.176130e-06 9.835041e-05
12035.134982 7.294245e-01 4.125122e-02 1.598641e-02 1.277016e-01 4.475614e-05 -2.772815e-05 4.256466e-06 1.014879e-04
12038.530483 7.288810e-01 4.147281e-02 1.605690e-02 1.272560e-01 4.568076e-05 -2.775007e-05 4.830274e-07 1.022652e-04
12041.938176 7.280191e-01 4.142325e-02 1.601139e-02 1.269753e-01 4.342825e-05 -3.387705e-05 2.887885e-06 1.155762e-04
12045.358061 7.222280e-01 4.097623e-02 1.586951e-02 1.259430e-01 4.462971e-05 -3.654454e-05 4.714180e-06 1.136319e-04
12048.790139 7.165209e-01 4.105597e-02 1.583000e-02 1.257896e-01 5.513771e-05 -4.475973e-05 7.225227e-06 1.118751e-04
12052.234408 7.248138e-01 4.204057e-02 1.621380e-02 1.270111e-01 5.698471e-05 -5.063485e-05 4.149977e-06 1.078727e-04
12055.690868 7.252540e-01 4.240943e-02 1.627400e-02 1.268543e-01 6.081600e-05 -4.911564e-05 -9.539963e-07 1.127332e-04
12059.159521 7.251442e-01 4.268045e-02 1.636296e-02 1.274099e-01 4.505789e-05 -4.964771e-05 -2.583436e-06 1.086607e-04
12062.640366 7.239116e-01 4.276741e-02 1.639359e-02 1.273881e-01 3.917681e-05 -4.698108e-05 5.769018e-06 1.144689e-04
12066.133403 7.239226e-01 4.292601e-02 1.651558e-02 1.280752e-01 3.636891e-05 -3.732406e-05 5.156113e-08 1.097657e-04
12069.638631 7.230361e-01 4.315364e-02 1.658383e-02 1.284918e-01 3.885801e-05 -3.421612e-05 2.019549e-06 1.063409e-04
12073.156052 7.224228e-01 4.347963e-02 1.670144e-02 1.273232e-01 3.427382e-05 -3.600096e-05 9.231858e-06 9.652341e-05
12076.685664 7.217401e-01 4.367550e-02 1.680368e-02 1.273495e-01 3.237831e-05 -3.014618e-05 1.402687e-05 1.191109e-04
12080.227468 7.211521e-01 4.387668e-02 1.691516e-02 1.273603e-01 4.329691e-05 -2.979850e-05 1.350627e-05 1.123593e-04
12083.781465 7.199400e-01 4.400065e-02 1.701902e-02 1.261322e-01 4.941966e-05 -3.853245e-05 1.344905e-05 1.144896e-04
12087.347653 7.203510e-01 4.423160e-02 1.708622e-02 1.258746e-01 4.491324e-05 -4.568122e-05 1.318565e-05 1.125326e-04
12090.926033 7.196125e-01 4.446220e-02 1.727410e-02 1.271252e-01 4.869690e-05 -3.952191e-05 2.080868e-05 1.254873e-04
12094.516605 7.191155e-01 4.456253e-02 1.739488e-02 1.274938e-01 4.601102e-05 -3.636041e-05 2.766900e-05 1.196170e-04
12098.119369 7.182406e-01 4.465551e-02 1.749920e-02 1.265742e-01 4.836430e-05 -3.062875e-05 8.429420e-06 1.210895e-04
12101.734324 7.174015e-01 4.482491e-02 1.756429e-02 1.270544e-01 5.226477e-05 -3.096733e-05 1.416193e-05 1.239983e-04
12105.361472 7.165929e-01 4.482270e-02 1.765789e-02 1.268308e-01 4.636763e-05 -2.852725e-05 2.122937e-05 1.122323e-04
12109.000811 7.162969e-01 4.450979e-02 1.757427e-02 1.266144e-01 4.615594e-05 -2.966371e-05 3.104792e-05 1.126280e-04
12112.652343 7.155738e-01 4.427927e-02 1.760876e-02 1.266308e-01 4.478813e-05 -3.723714e-05 1.453384e-05 1.136820e-04
12116.316066 7.129562e-01 4.454182e-02 1.776253e-02 1.264838e-01 4.332903e-05 -4.241914e-05 1.368027e-05 1.113889e-04
12119.991982 7.127219e-01 4.490089e-02 1.795501e-02 1.266674e-01 3.705861e-05 -4.030854e-05 2.579947e-05 1.129909e-04
12123.680089 7.137229e-01 4.553138e-02 1.826396e-02 1.263906e-01 3.870048e-05 -4.358803e-05 1.651836e-05 1.148392e-04
12127.380388 7.138290e-01 4.588607e-02 1.844854e-02 1.263903e-01 4.284787e-05 -4.054767e-05 1.600595e-05 9.320609e-05
12131.092879 7.144592e-01 4.611682e-02 1.865149e-02 1.267681e-01 4.820007e-05 -4.553522e-05 1.192384e-05 1.078373e-04
12134.817562 7.130367e-01 4.629708e-02 1.873150e-02 1.260854e-01 4.676191e-05 -3.960567e-05 2.060926e-05 1.147288e-04
12138.554437 7.115007e-01 4.637618e-02 1.876296e-02 1.262268e-01 5.029772e-05 -3.459267e-05 9.215293e-06 1.080494e-04
12142.303503 7.121940e-01 4.636989e-02 1.879626e-02 1.269439e-01 4.931453e-05 -3.217073e-05 2.443706e-05 1.141003e-04
12146.064762 7.110775e-01 4.613734e-02 1.872803e-02 1.265280e-01 4.074571e-05 -3.751534e-05 2.335270e-05 1.149564e-04
12149.838213 7.102806e-01 4.647512e-02 1.885962e-02 1.263518e-01 4.167139e-05 -4.503955e-05 2.652785e-05 1.215688e-04
12153.623855 7.088713e-01 4.696891e-02 1.905114e-02 1.262860e-01 3.299499e-05 -4.484076e-05 2.255537e-05 1.193637e-04
12157.421689 7.082621e-01 4.732689e-02 1.927059e-02 1.261007e-01 2.720586e-05 -4.199279e-05 2.154587e-05 1.140880e-04
12161.231716 7.077963e-01 4.749691e-02 1.928743e-02 1.265986e-01 3.005800e-05 -3.875536e-05 2.598861e-05 1.147420e-04
12165.053934 7.068848e-01 4.757692e-02 1.932734e-02 1.261878e-01 2.241011e-05 -3.557957e-05 1.592079e-05 1.140051e-04
12168.888344 7.063994e-01 4.788177e-02 1.940444e-02 1.254635e-01 2.704029e-05 -3.053234e-05 2.173542e-05 1.063407e-04
12172.734946 7.043702e-01 4.787588e-02 1.944386e-02 1.255063e-01 3.447299e-05 -4.285722e-05 1.991151e-05 1.211589e-04
12176.593740 7.038870e-01 4.791418e-02 1.943409e-02 1.257458e-01 2.376410e-05 -4.116251e-05 1.578585e-05 1.265299e-04
12180.464726 7.046347e-01 4.827544e-02 1.963090e-02 1.262515e-01 1.168189e-05 -3.652328e-05 1.271533e-05 1.111536e-04
12184.347903 7.035321e-01 4.857043e-02 1.973312e-02 1.257395e-01 2.628620e-05 -3.707039e-05 -2.723267e-06 1.103324e-04
12188.243273 7.025296e-01 4.868930e-02 1.981028e-02 1.259701e-01 2.454471e-05 -2.966329e-05 -2.604407e-06 1.067077e-04
12192.150835 7.027026e-01 4.897457e-02 1.988484e-02 1.254674e-01 2.442867e-05 -3.223702e-05 1.305493e-05 1.063994e-04
12196.070588 7.023426e-01 4.928897e-02 2.015813e-02 1.254698e-01 2.293676e-05 -3.454188e-05 1.003902e-05 1.088324e-04
12200.002533 7.004929e-01 4.935603e-02 2.024614e-02 1.264855e-01 2.397754e-05 -3.959716e-05 1.381980e-05 1.084305e-04
12203.946671 7.014557e-01 4.942623e-02 2.027800e-02 1.263186e-01 2.212670e-05 -4.629775e-05 1.580959e-05 1.117693e-04
12207.903000 7.009464e-01 4.936533e-02 2.038207e-02 1.262538e-01 2.327807e-05 -4.684665e-05 4.715370e-06 1.095009e-04
12211.871521 6.994493e-01 4.935562e-02 2.048271e-02 1.260668e-01 2.570448e-05 -5.479875e-05 8.946298e-06 1.106206e-04
12215.852234 6.991197e-01 4.975003e-02 2.066997e-02 1.262403e-01 3.184165e-05 -5.196323e-05 8.766916e-06 1.118372e-04
12219.845139 6.981003e-01 4.999351e-02 2.083274e-02 1.257838e-01 2.548823e-05 -5.254083e-05 1.997578e-05 1.125320e-04
12223.850236 6.976933e-01 5.022861e-02 2.103163e-02 1.252714e-01 1.946374e-05 -5.419999e-05 1.393998e-05 1.162866e-04
12227.867524 6.983495e-01 5.052873e-02 2.127974e-02 1.258972e-01 1.770141e-05 -5.704961e-05 -1.242913e-06 1.123552e-04
12231.897005 6.972460e-01 5.081820e-02 2.150031e-02 1.259428e-01 1.536522e-05 -5.372276e-05 6.171820e-06 1.104523e-04
12235.938678 6.965747e-01 5.102952e-02 2.157800e-02 1.258776e-01 1.221039e-05 -5.139969e-05 9.497846e-06 1.029152e-04
12239.992542 6.947713e-01 5.112663e-02 2.169368e-02 1.254853e-01 9.045977e-06 -4.588824e-05 2.237976e-06 1.083635e-04
12244.058598 6.944679e-01 5.138966e-02 2.188331e-02 1.257527e-01 7.527756e-06 -4.992314e-05 -8.644615e-06 1.208124e-04
12248.136847 6.937454e-01 5.171317e-02 2.209371e-02 1.255244e-01 1.485628e-05 -5.368422e-05 -1.117143e-05 1.132837e-04
12252.227287 6.884696e-01 5.143661e-02 2.203904e-02 1.249052e-01 1.972617e-05 -4.789124e-05 -1.035555e-07 1.011382e-04
12256.329919 6.770123e-01 5.052034e-02 2.172923e-02 1.226761e-01 2.979145e-05 -3.833803e-05 1.980203e-05 1.029626e-04
12260.444743 6.875567e-01 5.132359e-02 2.212088e-02 1.242531e-01 2.322677e-05 -4.243811e-05 2.868206e-05 1.093554e-04
12264.571759 6.894537e-01 5.191202e-02 2.242831e-02 1.251781e-01 2.636017e-05 -4.471601e-05 3.041106e-05 1.189093e-04
12268.710967 6.888058e-01 5.222698e-02 2.261419e-02 1.247341e-01 2.869789e-05 -5.097620e-05 3.036728e-05 1.230160e-04
12272.862366 6.894468e-01 5.262071e-02 2.281503e-02 1.253184e-01 2.364429e-05 -5.658105e-05 2.878953e-05 1.176814e-04
12277.025958 6.887223e-01 5.279246e-02 2.292233e-02 1.252085e-01 3.115949e-05 -5.645431e-05 2.720540e-05 1.191996e-04
12281.201742 6.880449e-01 5.291362e-02 2.295352e-02 1.257687e-01 2.355927e-05 -5.091313e-05 1.570725e-05 1.219258e-04
12285.389717 6.859816e-01 5.293171e-02 2.296885e-02 1.247881e-01 1.992836e-05 -4.874827e-05 1.382064e-05 1.099648e-04
12289.589884 6.860032e-01 5.315573e-02 2.302252e-02 1.249959e-01 2.971928e-05 -4.175274e-05 1.675436e-05 8.732410e-05
12293.802244 6.852912e-01 5.329469e-02 2.307303e-02 1.250405e-01 3.216675e-05 -3.333705e-05 3.664774e-06 9.087259e-05
12298.026795 6.721355e-01 5.249044e-02 2.281090e-02 1.239882e-01 2.499606e-05 -5.225483e-05 -9.576254e-07 1.096178e-04
12302.263538 6.751224e-01 5.329099e-02 2.308895e-02 1.245782e-01 3.378545e-05 -4.910951e-05 4.730385e-06 1.142677e-04
12306.512473 6.841518e-01 5.432836e-02 2.350477e-02 1.253271e-01 2.527095e-05 -5.428403e-05 1.737429e-05 1.224909e-04
12310.773600 6.840889e-01 5.449741e-02 2.365442e-02 1.251826e-01 2.435677e-05 -5.176908e-05 1.662708e-05 1.169184e-04
12315.046919 6.835824e-01 5.453973e-02 2.372647e-02 1.247519e-01 2.649394e-05 -5.479073e-05 1.475019e-05 1.101168e-04
12319.332429 6.826510e-01 5.434502e-02 2.376226e-02 1.247600e-01 3.417399e-05 -5.350019e-05 1.791323e-05 1.161443e-04
12323.630132 6.823182e-01 5.450860e-02 2.391142e-02 1.246349e-01 3.870354e-05 -4.609223e-05 1.508820e-05 1.071129e-04
12327.940026 6.807493e-01 5.477965e-02 2.414688e-02 1.252050e-01 3.879219e-05 -4.120955e-05 1.697185e-05 9.508089e-05
12332.262113 6.805415e-01 5.533229e-02 2.447296e-02 1.246332e-01 2.401210e-05 -4.208068e-05 1.087657e-05 9.903088e-05
12336.596391 6.800944e-01 5.576580e-02 2.475679e-02 1.251179e-01 3.519163e-05 -4.173742e-05 2.031417e-05 1.059811e-04
12340.942861 6.791060e-01 5.576699e-02 2.491648e-02 1.247947e-01 3.661352e-05 -4.926401e-05 1.948300e-05 1.045750e-04
12345.301524 6.784656e-01 5.610108e-02 2.512482e-02 1.245326e-01 3.094729e-05 -3.987845e-05 1.054049e-05 1.066176e-04
12349.672378 6.775535e-01 5.646116e-02 2.532075e-02 1.247545e-01 3.218685e-05 -3.653092e-05 4.917645e-06 1.016915e-04
12354.055424 6.758847e-01 5.654575e-02 2.554511e-02 1.247767e-01 3.531065e-05 -3.931248e-05 1.233747e-05 1.095321e-04
12358.450662 6.759878e-01 5.667281e-02 2.562908e-02 1.253636e-01 3.352726e-05 -3.228266e-05 1.556097e-05 1.165957e-04
12362.858091 6.754132e-01 5.685799e-02 2.577145e-02 1.249829e-01 4.676947e-05 -2.646965e-05 9.939726e-06 1.105037e-04
12367.277713 6.741243e-01 5.662049e-02 2.578037e-02 1.251857e-01 3.610976e-05 -3.517612e-05 7.607297e-06 1.099894e-04
12371.709527 6.746256e-01 5.679468e-02 2.591642e-02 1.250989e-01 3.164103e-05 -3.619704e-05 1.217301e-05 1.098770e-04
12376.153532 6.737587e-01 5.688447e-02 2.599949e-02 1.248675e-01 3.077305e-05 -3.736585e-05 5.101036e-06 1.140377e-04
12380.609730 6.726704e-01 5.708764e-02 2.618477e-02 1.243100e-01 3.028627e-05 -4.285587e-05 5.946091e-06 1.166201e-04
12385.078119 6.720754e-01 5.732794e-02 2.633335e-02 1.242234e-01 2.569788e-05 -4.279496e-05 9.134748e-06 1.213864e-04
12389.558700 6.710886e-01 5.766366e-02 2.658247e-02 1.245272e-01 3.748266e-05 -3.382149e-05 2.681227e-06 1.173157e-04
12394.051473 6.710842e-01 5.805120e-02 2.686217e-02 1.242567e-01 4.743512e-05 -3.197683e-05 1.961014e-05 1.155039e-04
12398.556438 6.700456e-01 5.834872e-02 2.706321e-02 1.242046e-01 4.822059e-05 -3.460089e-05 2.488226e-05 1.247980e-04
12403.073595 6.693659e-01 5.856274e-02 2.715762e-02 1.248968e-01 4.904108e-05 -2.207453e-05 2.733590e-05 1.203375e-04
12407.602944 6.687401e-01 5.891725e-02 2.733337e-02 1.247592e-01 4.514491e-05 -2.752384e-05 3.281880e-05 1.167976e-04
12412.144485 6.676904e-01 5.930285e-02 2.759829e-02 1.242211e-01 4.635703e-05 -2.553856e-05 2.897179e-05 1.152468e-04
12416.698218 6.659175e-01 5.961582e-02 2.775589e-02 1.235556e-01 3.729669e-05 -2.128043e-05 2.111622e-05 1.094915e-04
12421.264142 6.626652e-01 5.967497e-02 2.786321e-02 1.236105e-01 3.938084e-05 -2.146170e-05 2.330044e-05 1.121472e-04
12425.842259 6.641548e-01 6.015121e-02 2.805384e-02 1.243061e-01 3.747539e-05 -3.102817e-05 2.652011e-05 1.175905e-04
12430.432567 6.649495e-01 6.055490e-02 2.834021e-02 1.241139e-01 2.260936e-05 -4.137621e-05 2.345417e-05 1.090522e-04
12435.035068 6.644420e-01 6.070788e-02 2.847489e-02 1.235958e-01 2.414547e-05 -4.319055e-05 2.281717e-05 1.153507e-04
12439.649760 6.634631e-01 6.091559e-02 2.859309e-02 1.237965e-01 2.932678e-05 -3.457940e-05 1.730453e-05 1.140356e-04
12444.276644 6.617958e-01 6.105863e-02 2.869251e-02 1.235485e-01 3.874825e-05 -4.428181e-05 2.298036e-05 1.145915e-04
12448.915720 6.609851e-01 6.139599e-02 2.887279e-02 1.238443e-01 3.938037e-05 -5.228652e-05 1.289262e-05 1.141225e-04
12453.566988 6.617028e-01 6.178462e-02 2.911382e-02 1.241429e-01 3.290234e-05 -4.983724e-05 2.075554e-05 1.119140e-04
12458.230448 6.612118e-01 6.195233e-02 2.933753e-02 1.243711e-01 3.331338e-05 -4.126706e-05 2.726235e-05 1.154082e-04
12462.906100 6.602234e-01 6.207655e-02 2.952254e-02 1.240751e-01 3.210672e-05 -3.612959e-05 2.493380e-05 1.128425e-04
12467.593943 6.597170e-01 6.219227e-02 2.958250e-02 1.239401e-01 3.313939e-05 -3.940833e-05 2.030577e-05 1.094299e-04
12472.293979 6.580629e-01 6.220802e-02 2.973967e-02 1.237748e-01 3.071949e-05 -3.612917e-05 1.485617e-05 1.139553e-04
12477.006206 6.579364e-01 6.256287e-02 3.005365e-02 1.239301e-01 3.394789e-05 -3.088684e-05 2.479510e-05 1.067598e-04
12481.730626 6.577784e-01 6.278501e-02 3.024235e-02 1.236562e-01 3.583802e-05 -2.965601e-05 3.139485e-05 9.899074e-05
12486.467237 6.570340e-01 6.285324e-02 3.041605e-02 1.237502e-01 2.656219e-05 -2.187366e-05 2.675350e-05 9.532924e-05
12491.216040 6.562295e-01 6.334583e-02 3.073646e-02 1.237602e-01 1.807700e-05 -2.659768e-05 3.077014e-05 1.063247e-04
12495.977036 6.544905e-01 6.357994e-02 3.098602e-02 1.239525e-01 2.425245e-05 -2.884751e-05 4.081805e-05 1.121146e-04
12500.750223 6.517651e-01 6.375885e-02 3.116437e-02 1.233324e-01 2.531028e-05 -1.927724e-05 3.260464e-05 1.124175e-04
12505.535602 6.533302e-01 6.428463e-02 3.157534e-02 1.233107e-01 4.543196e-05 -2.710879e-05 3.137881e-05 1.203106e-04
12510.333172 6.538828e-01 6.463015e-02 3.180312e-02 1.235743e-01 4.162659e-05 -4.267680e-05 3.277526e-05 1.237066e-04
12515.142935 6.532453e-01 6.480729e-02 3.194798e-02 1.233277e-01 3.557589e-05 -4.757149e-05 2.132226e-05 1.091202e-04
12519.964890 6.524057e-01 6.496704e-02 3.217643e-02 1.235702e-01 4.979880e-05 -3.949419e-05 2.126537e-05 1.054603e-04
12524.799037 6.517397e-01 6.529907e-02 3.239047e-02 1.245597e-01 4.771811e-05 -3.521721e-05 1.309834e-05 1.073030e-04
12529.645375 6.455012e-01 6.504027e-02 3.233909e-02 1.236526e-01 4.189888e-05 -1.802708e-05 6.386254e-06 1.009024e-04
12534.503905 3.333840e-01 3.367657e-02 1.677697e-02 6.352547e-02 1.928621e-05 -5.346483e-06 5.919740e-06 5.193776e-05
12539.374628 6.499887e-03 6.575857e-04 3.283110e-04 1.237319e-03 3.935882e-07 -9.146931e-08 1.238003e-07 1.038240e-06
