# Facility: NSLS-II
# Beamline: QAS
# Year: 2023
# Cycle: 3
# SAF: 312215
# PI: Reece
# Proposal: 313586
# Scan ID: 271171
# UID: a5a0b59d-f8a6-444f-94de-d52bf622c30a
# Comment: 
# Start time: 10/18/2023  20:40:05
# Stop time: 10/18/2023  20:40:36
# Total time: 00:31
# Trajectory name: Pt-L3-30s-11564.txt
# Element: Platinum ( 78)
# Edge: L3
# E0: 11564
# Reference Foil Element: Pt
# Keithley Gains I0: 1E6 V/A It: 1E6 V/A Iref: 1E7 V/A PIPS: 1E8 V/A 
# Ion Chamber Gas Flow Rates: I0: 0.00 sccm He + 189.70 sccm N2 + 9.80 sccm Ar 
# Ion Chamber Gas Flow Rates: It&Iref: 39.70 sccm N2 + 60.10 sccm Ar
# Incident Beam Path Vertical: 31.75 mm
# Incident Slits Positions B: TOP: 2.0 mm Bottom: 1.0 mm Inboard: 0.57675 mm Outboard: 1.57675 mm
# Sample Stage Positions: Rotation: 30.0 deg Horizontal: -10.11 mm Vertical: 15.39 mm Beam Direction: 0.00 mm
# PerkinElmer Vertical Position: 500.00 mm
# Linkam Oven Temperature : 3.03 C and Ramp Rate: 20.00 C/min.
# Front End Mirror Horizontal Positions: Up: -14.00 mm Down: -14.00 mm
#
# energy  i0  it  ir  iff  aux1  aux2  aux3  aux4
11380.425709 4.203764e-01 -1.429158e-03 8.818789e-04 2.786763e-02 5.544848e-06 -6.039640e-06 1.279638e-06 4.353044e-05
11385.425709 8.260585e-01 -2.843766e-03 1.732345e-03 5.500505e-02 4.455468e-06 -1.376351e-05 -2.617939e-06 8.301172e-05
11390.425709 8.320016e-01 -2.892646e-03 1.720829e-03 5.527518e-02 2.241154e-06 -9.207572e-06 -5.773032e-06 8.678637e-05
11395.425709 8.391479e-01 -2.895186e-03 1.756472e-03 5.547670e-02 -4.907586e-06 -1.025039e-05 -8.663353e-06 8.289626e-05
11400.425709 8.377193e-01 -2.908982e-03 1.781594e-03 5.550367e-02 -7.582967e-06 -1.022242e-05 -1.720282e-05 8.837662e-05
11405.425709 8.357978e-01 -2.912041e-03 1.724082e-03 5.556067e-02 -5.782573e-06 -1.636465e-05 -1.748307e-05 8.935935e-05
11410.425709 8.329497e-01 -2.893248e-03 1.702427e-03 5.535615e-02 8.301707e-07 -2.567104e-05 -8.206674e-06 8.096556e-05
11415.425709 8.247012e-01 -2.885304e-03 1.744936e-03 5.506298e-02 -4.810134e-06 -2.098294e-05 8.750475e-06 8.645537e-05
11420.425709 8.241827e-01 -2.891377e-03 1.751303e-03 5.539093e-02 -3.410608e-06 -1.871147e-05 7.623980e-10 9.035499e-05
11425.425709 8.321382e-01 -2.885472e-03 1.776806e-03 5.593610e-02 1.209801e-06 -8.944373e-06 4.323503e-06 9.273459e-05
11430.425709 8.335102e-01 -2.884107e-03 1.718212e-03 5.624951e-02 3.053751e-06 -7.764998e-06 8.611612e-06 9.214762e-05
11435.425709 8.315596e-01 -2.883437e-03 1.744954e-03 5.616236e-02 6.511196e-06 -1.943365e-05 9.890176e-06 8.934656e-05
11440.425709 8.301255e-01 -2.876337e-03 1.744339e-03 5.608680e-02 -1.142515e-06 -2.161392e-05 9.976771e-06 1.004707e-04
11445.425709 8.286559e-01 -2.877332e-03 1.763300e-03 5.610721e-02 4.295268e-06 -1.757270e-05 -2.738699e-06 1.084189e-04
11450.425709 8.279514e-01 -2.879021e-03 1.754742e-03 5.606965e-02 3.577093e-06 -1.436035e-05 -1.067718e-05 1.026585e-04
11455.425709 8.268847e-01 -2.887723e-03 1.768766e-03 5.618442e-02 3.198449e-06 -1.366524e-05 -5.333471e-06 9.057346e-05
11460.425709 8.262173e-01 -2.887483e-03 1.759233e-03 5.653397e-02 -6.948907e-06 -1.051867e-05 -1.834543e-06 8.259917e-05
11465.425709 8.254166e-01 -2.878062e-03 1.776572e-03 5.628676e-02 1.797657e-06 -1.232748e-05 -3.101006e-06 8.461315e-05
11470.425709 8.244494e-01 -2.868484e-03 1.762820e-03 5.644624e-02 -3.094105e-07 -2.989323e-05 -1.144372e-06 8.510174e-05
11475.425709 8.232470e-01 -2.865431e-03 1.730762e-03 5.657647e-02 -5.230923e-06 -1.758102e-05 5.574433e-07 9.095189e-05
11480.425709 8.222792e-01 -2.874033e-03 1.721941e-03 5.661908e-02 -9.874409e-06 -1.051807e-05 -1.109677e-06 8.501474e-05
11485.425709 8.214168e-01 -2.885872e-03 1.731222e-03 5.703587e-02 1.515841e-06 -1.681748e-05 -1.738726e-06 8.579994e-05
11490.425709 8.200094e-01 -2.883406e-03 1.724578e-03 5.680208e-02 1.244486e-05 -2.226079e-05 3.971032e-06 8.618815e-05
11495.425709 8.192169e-01 -2.900446e-03 1.761790e-03 5.696597e-02 1.582594e-05 -2.239878e-05 5.606143e-06 8.897085e-05
11500.425709 8.189223e-01 -2.915696e-03 1.766071e-03 5.710325e-02 2.504197e-05 -1.766348e-05 1.111862e-05 9.776784e-05
11505.425709 8.179727e-01 -2.905118e-03 1.763531e-03 5.739373e-02 2.751769e-05 -1.617682e-05 1.911176e-06 9.275506e-05
11510.425709 8.174351e-01 -2.897466e-03 1.768340e-03 5.766545e-02 1.177772e-05 -1.606444e-05 -3.649298e-06 9.721730e-05
11515.425709 8.156411e-01 -2.884651e-03 1.742756e-03 5.802877e-02 1.111169e-05 -1.904308e-05 -2.035623e-06 9.105523e-05
11520.425709 8.153706e-01 -2.899917e-03 1.740424e-03 5.764640e-02 1.654888e-05 -1.800571e-05 1.094615e-05 8.336109e-05
11525.425709 8.143699e-01 -2.895347e-03 1.744981e-03 5.777122e-02 1.203708e-05 -1.813324e-05 2.039171e-05 8.678928e-05
11530.425709 8.135571e-01 -2.890249e-03 1.765105e-03 5.825307e-02 9.097532e-06 -1.534478e-05 1.661059e-05 8.885372e-05
11534.000000 8.128453e-01 -2.871809e-03 1.742979e-03 5.813339e-02 5.730526e-06 -1.502218e-05 2.211001e-05 9.456638e-05
11535.000000 8.135908e-01 -2.876592e-03 1.726687e-03 5.830684e-02 6.901845e-06 -8.117024e-06 2.380870e-05 1.004011e-04
11536.000000 8.127353e-01 -2.889639e-03 1.662216e-03 5.825998e-02 1.076533e-05 -5.837187e-06 2.004396e-05 8.495637e-05
11537.000000 8.132257e-01 -2.887812e-03 1.752751e-03 5.827034e-02 1.517055e-05 -1.742846e-05 1.139655e-05 9.412300e-05
11538.000000 8.122639e-01 -2.882081e-03 1.806487e-03 5.913834e-02 1.133920e-05 -1.899388e-05 9.890434e-06 9.135822e-05
11539.000000 8.125308e-01 -2.882075e-03 1.756748e-03 5.875589e-02 5.142455e-06 -2.493447e-05 9.621122e-06 9.699201e-05
11540.000000 8.110744e-01 -2.887505e-03 1.701736e-03 5.891871e-02 1.256632e-05 -2.820092e-05 8.098649e-06 9.148025e-05
11541.000000 8.128064e-01 -2.887502e-03 1.792093e-03 5.843487e-02 1.641374e-05 -2.573409e-05 1.718137e-06 8.557089e-05
11541.200000 8.152817e-01 -2.978569e-03 1.732910e-03 5.926503e-02 2.578844e-05 -2.713144e-05 -5.996425e-06 7.927966e-05
11541.400000 8.112402e-01 -2.770121e-03 1.930036e-03 5.882339e-02 1.482872e-05 -3.022500e-05 -1.656795e-06 7.537674e-05
11541.600000 8.118433e-01 -2.944478e-03 1.673701e-03 5.773879e-02 2.319950e-05 -2.197803e-05 1.223526e-05 9.171821e-05
11541.800000 8.129565e-01 -2.806196e-03 1.599347e-03 5.998108e-02 1.435455e-05 -1.504026e-05 5.485893e-06 1.007565e-04
11542.000000 8.126287e-01 -2.825596e-03 1.759759e-03 5.908378e-02 2.341611e-05 -8.760893e-06 3.968312e-06 9.392857e-05
11542.200000 8.104366e-01 -2.928809e-03 1.615014e-03 5.925876e-02 1.825088e-05 -1.299403e-05 1.292667e-06 9.154846e-05
11542.400000 8.069901e-01 -2.781112e-03 1.816608e-03 5.807730e-02 4.059803e-06 -1.927572e-05 2.434546e-05 1.072554e-04
11542.600000 8.205263e-01 -2.990646e-03 1.640760e-03 5.826844e-02 1.869164e-05 -2.576500e-05 -8.386040e-07 9.967530e-05
11542.800000 8.090859e-01 -2.777265e-03 1.999767e-03 5.774726e-02 7.396288e-06 -2.217540e-05 -9.210443e-06 8.746183e-05
11543.000000 8.121280e-01 -2.919653e-03 1.537249e-03 6.040327e-02 2.424227e-05 -2.169044e-05 -9.651015e-06 8.712188e-05
11543.200000 8.131597e-01 -2.901530e-03 1.751277e-03 5.853098e-02 2.016840e-05 -1.157418e-05 1.384052e-06 9.607392e-05
11543.400000 8.118105e-01 -2.800171e-03 1.601426e-03 5.862934e-02 1.325901e-05 -1.001823e-05 7.231893e-06 9.428143e-05
11543.600000 8.116443e-01 -2.968305e-03 1.949407e-03 6.017518e-02 1.680576e-05 -1.365041e-05 1.553473e-05 1.016552e-04
11543.800000 8.076644e-01 -2.771525e-03 1.870161e-03 6.072928e-02 1.252079e-05 -1.316096e-05 2.104916e-06 9.782852e-05
11544.000000 8.095472e-01 -2.923999e-03 1.690943e-03 5.896719e-02 2.511506e-05 -3.556623e-06 3.735117e-06 9.664901e-05
11544.200000 8.153672e-01 -2.834477e-03 1.758208e-03 5.939944e-02 1.699215e-05 -9.640189e-06 1.242752e-06 1.022584e-04
11544.400000 8.121723e-01 -2.880456e-03 1.815346e-03 6.036648e-02 1.416785e-05 -1.203601e-05 1.517063e-05 9.573431e-05
11544.600000 8.089027e-01 -2.876760e-03 1.848699e-03 5.812953e-02 1.501896e-05 -1.376794e-05 2.055006e-05 1.056159e-04
11544.800000 8.051672e-01 -2.806923e-03 1.612503e-03 5.787059e-02 1.682674e-05 -1.887253e-05 1.861090e-05 1.167287e-04
11545.000000 8.118426e-01 -2.948640e-03 1.840291e-03 6.159363e-02 1.359055e-05 -2.147152e-05 8.569417e-06 1.193349e-04
11545.200000 8.248032e-01 -2.830107e-03 1.697660e-03 6.190935e-02 2.123750e-06 -2.048380e-05 1.070783e-05 1.103345e-04
11545.400000 7.859040e-01 -2.882673e-03 1.711703e-03 5.688887e-02 1.726634e-05 -1.487307e-05 -2.886776e-06 9.372323e-05
11545.600000 8.225636e-01 -2.899227e-03 1.999372e-03 5.903533e-02 3.868570e-06 -5.740206e-06 -1.376601e-05 9.957195e-05
11545.800000 7.927957e-01 -2.906044e-03 1.425605e-03 5.989386e-02 1.973696e-05 -7.864838e-06 -3.190786e-06 1.061415e-04
11546.000000 8.184233e-01 -2.895599e-03 1.965269e-03 6.329930e-02 1.627025e-05 -1.082503e-05 5.533700e-06 1.097044e-04
11546.200000 8.085484e-01 -2.823330e-03 1.786596e-03 5.955570e-02 9.565585e-06 -1.919789e-05 8.350624e-06 1.040575e-04
11546.400000 8.110017e-01 -2.926315e-03 1.649410e-03 5.828039e-02 2.187687e-05 -2.689617e-05 7.723015e-06 9.488279e-05
11546.600000 8.127817e-01 -2.792781e-03 1.867731e-03 5.961635e-02 7.486551e-06 -3.827176e-05 2.254887e-05 8.956355e-05
11546.800000 8.144472e-01 -2.964831e-03 1.681783e-03 6.046691e-02 1.187735e-05 -3.826530e-05 1.053199e-05 9.728567e-05
11547.000000 8.032142e-01 -2.769008e-03 1.622441e-03 5.952306e-02 -1.741554e-06 -3.018578e-05 7.617002e-06 1.041154e-04
11547.200000 8.022825e-01 -2.934817e-03 1.852032e-03 5.761777e-02 1.970765e-05 -3.176283e-05 1.447716e-05 9.835524e-05
11547.400000 8.131131e-01 -2.836134e-03 1.802318e-03 6.081674e-02 -1.980974e-06 -3.157235e-05 6.538647e-06 9.261276e-05
11547.600000 8.072552e-01 -2.911045e-03 1.500797e-03 6.126803e-02 7.477766e-06 -2.771616e-05 2.713296e-06 9.792394e-05
11547.800000 8.096966e-01 -2.851186e-03 1.817862e-03 5.950232e-02 1.859728e-05 -3.641347e-05 3.515891e-06 9.232190e-05
11548.000000 8.095486e-01 -2.869498e-03 1.869965e-03 5.984254e-02 1.696199e-05 -3.073831e-05 2.946052e-06 9.569083e-05
11548.200000 8.066274e-01 -2.957566e-03 1.589283e-03 6.158746e-02 2.058534e-05 -2.805161e-05 1.586049e-06 9.849839e-05
11548.400000 8.165396e-01 -2.870696e-03 1.739048e-03 5.850471e-02 6.092278e-06 -3.421309e-05 7.936870e-06 9.510787e-05
11548.600000 8.048378e-01 -2.947441e-03 1.950070e-03 5.887751e-02 1.801201e-05 -2.667123e-05 1.221047e-05 1.095808e-04
11548.800000 8.167698e-01 -2.855085e-03 1.902625e-03 5.980697e-02 6.232500e-06 -2.344315e-05 1.917544e-05 1.079656e-04
11549.000000 8.076672e-01 -2.920049e-03 1.833041e-03 6.028108e-02 -9.150449e-07 -1.927678e-05 2.338990e-05 9.873074e-05
11549.200000 8.089035e-01 -2.834543e-03 1.617169e-03 6.131650e-02 -1.254022e-05 -2.369081e-05 1.433768e-05 1.011560e-04
11549.400000 8.135202e-01 -2.923618e-03 1.674010e-03 6.081773e-02 -8.208517e-06 -3.284751e-05 2.247337e-05 1.077780e-04
11549.600000 8.152636e-01 -2.888944e-03 1.732674e-03 6.096617e-02 -6.304400e-06 -4.169857e-05 9.409480e-06 9.313823e-05
11549.800000 8.001267e-01 -2.871099e-03 1.926367e-03 6.046350e-02 -1.017815e-05 -2.852881e-05 1.403512e-05 9.357781e-05
11550.000000 8.065666e-01 -2.872106e-03 1.685896e-03 6.120483e-02 -8.041041e-06 -9.444609e-06 4.179572e-06 1.003847e-04
11550.200000 8.158131e-01 -2.886716e-03 2.055683e-03 5.987899e-02 2.615149e-06 -2.181917e-05 -9.129114e-06 1.023056e-04
11550.400000 8.122536e-01 -2.920391e-03 1.913906e-03 6.151775e-02 1.571216e-05 -2.835660e-05 4.133473e-06 9.728060e-05
11550.600000 8.110112e-01 -2.860844e-03 1.689921e-03 6.149435e-02 9.423277e-06 -2.512870e-05 1.322301e-05 1.034622e-04
11550.800000 8.081489e-01 -2.934410e-03 1.636881e-03 6.119871e-02 1.730888e-05 -1.300243e-05 1.506314e-05 1.042335e-04
11551.000000 8.086478e-01 -2.824922e-03 1.811623e-03 5.976504e-02 1.046541e-05 -2.311548e-05 1.253067e-05 1.077054e-04
11551.200000 8.081380e-01 -2.955825e-03 1.562739e-03 6.138830e-02 1.983358e-05 -3.150212e-05 8.128352e-06 1.124045e-04
11551.400000 8.112598e-01 -2.816270e-03 1.812628e-03 6.145893e-02 5.751508e-06 -1.867181e-05 2.132853e-06 1.103759e-04
11551.600000 8.104713e-01 -3.001354e-03 1.949335e-03 6.147968e-02 1.577787e-05 -1.362883e-05 2.110845e-06 9.732181e-05
11551.800000 8.052585e-01 -2.847225e-03 1.976093e-03 5.969827e-02 9.837202e-06 -1.169479e-05 1.218238e-06 1.008723e-04
11552.000000 8.137852e-01 -2.986862e-03 1.781897e-03 6.175479e-02 1.889496e-05 -1.429599e-05 2.857265e-07 1.146838e-04
11552.200000 8.122126e-01 -2.816089e-03 1.836428e-03 6.251722e-02 9.951562e-06 -1.585778e-05 -9.967926e-06 1.060245e-04
11552.400000 8.089173e-01 -2.956833e-03 1.750768e-03 6.000220e-02 2.053266e-05 -1.476495e-05 -7.558863e-06 1.106475e-04
11552.600000 8.116742e-01 -2.822111e-03 1.749078e-03 6.055903e-02 1.942224e-05 -1.796881e-05 7.563240e-07 1.040846e-04
11552.800000 8.061851e-01 -2.946128e-03 1.904337e-03 6.169757e-02 2.059838e-05 -9.803327e-06 1.341079e-05 8.966130e-05
11553.000000 8.068660e-01 -2.823961e-03 1.957379e-03 6.178759e-02 1.376255e-05 -1.450065e-05 1.780510e-05 9.507181e-05
11553.200000 8.109636e-01 -2.965035e-03 1.844366e-03 6.199877e-02 1.663595e-05 -1.010136e-05 1.148181e-05 1.026926e-04
11553.400000 8.096604e-01 -2.849515e-03 1.591615e-03 6.285534e-02 1.706284e-05 -9.770732e-06 1.633305e-05 1.000775e-04
11553.600000 8.120713e-01 -2.963781e-03 1.573253e-03 6.224840e-02 1.955138e-05 -1.425345e-05 1.265271e-05 1.162011e-04
11553.800000 8.101744e-01 -2.848530e-03 1.735283e-03 6.265606e-02 1.154335e-05 -1.753837e-05 1.284745e-06 1.107736e-04
11554.000000 8.128483e-01 -2.972795e-03 1.643841e-03 6.457787e-02 1.574081e-05 -1.615312e-05 -4.142560e-06 1.027491e-04
11554.200000 8.128334e-01 -2.867025e-03 2.205914e-03 6.385534e-02 3.841474e-08 -1.981133e-05 -1.311723e-05 9.863256e-05
11554.400000 8.037588e-01 -2.977547e-03 1.807510e-03 6.181322e-02 6.026552e-06 -1.833594e-05 -1.828639e-05 9.764098e-05
11554.600000 8.094337e-01 -2.815520e-03 1.562626e-03 6.348556e-02 2.056435e-06 -2.379079e-05 2.862466e-06 1.023622e-04
11554.800000 8.119820e-01 -2.942990e-03 1.781069e-03 6.314581e-02 2.601902e-05 -2.341992e-05 2.597788e-05 1.275513e-04
11555.000000 8.133420e-01 -2.840689e-03 1.734393e-03 6.369676e-02 5.533217e-06 -1.201486e-05 3.056187e-05 1.089965e-04
11555.200000 8.090841e-01 -2.920337e-03 1.873509e-03 6.439150e-02 4.979716e-06 -1.422626e-05 6.404785e-06 1.057055e-04
11555.400000 8.063391e-01 -2.882893e-03 1.798484e-03 6.443680e-02 6.581006e-06 -2.178469e-05 -1.449629e-05 1.018039e-04
11555.600000 8.134817e-01 -2.939529e-03 1.786287e-03 6.330586e-02 1.185567e-05 -1.759398e-05 7.828559e-06 9.874206e-05
11555.800000 8.074793e-01 -2.843689e-03 1.685060e-03 6.500070e-02 1.005022e-05 -1.543248e-05 -8.171181e-06 1.072243e-04
11556.000000 8.139351e-01 -2.920932e-03 1.795634e-03 6.478740e-02 1.251884e-05 -1.687238e-05 -1.519050e-05 1.091405e-04
11556.200000 8.015620e-01 -2.840239e-03 1.743859e-03 6.385180e-02 1.667985e-05 -1.714212e-05 1.328203e-06 1.036659e-04
11556.400000 8.114598e-01 -2.896196e-03 1.749234e-03 6.486273e-02 1.829387e-05 -1.453115e-05 5.527055e-06 1.103922e-04
11556.600000 8.032445e-01 -2.925235e-03 1.557997e-03 6.473778e-02 3.074612e-05 -2.602838e-05 2.023742e-05 1.107740e-04
11556.800000 8.102806e-01 -2.848787e-03 1.860175e-03 6.474583e-02 2.599982e-05 -1.837953e-05 1.348022e-05 1.202068e-04
11557.000000 8.124380e-01 -2.957498e-03 1.716718e-03 6.488277e-02 3.208290e-05 -2.272964e-05 2.022807e-05 1.137777e-04
11557.200000 8.043216e-01 -2.851061e-03 1.882798e-03 6.669413e-02 2.152750e-05 -2.343895e-05 1.857953e-05 1.100853e-04
11557.400000 8.051235e-01 -2.882122e-03 1.797741e-03 6.459557e-02 3.378133e-05 -1.733927e-05 1.264405e-05 1.039978e-04
11557.600000 8.150495e-01 -2.822497e-03 1.855966e-03 6.762146e-02 2.026219e-05 -1.647719e-05 2.083278e-05 1.033858e-04
11557.800000 8.038954e-01 -2.923801e-03 1.497893e-03 6.613319e-02 2.166451e-05 -1.755182e-05 2.315856e-05 1.015655e-04
11558.000000 8.141279e-01 -2.886076e-03 1.613937e-03 6.757098e-02 1.548381e-05 -1.044164e-05 1.430428e-05 8.869114e-05
11558.200000 8.101257e-01 -2.982261e-03 1.654942e-03 6.785572e-02 1.869895e-05 -2.172976e-05 2.529314e-06 8.088306e-05
11558.400000 8.063065e-01 -2.835122e-03 1.541410e-03 6.662200e-02 9.182330e-06 -1.797136e-05 5.005011e-06 7.800544e-05
11558.600000 8.090460e-01 -2.962182e-03 1.681990e-03 6.672644e-02 1.790522e-05 -1.462500e-05 5.893049e-06 8.294020e-05
11558.800000 8.060582e-01 -2.822335e-03 1.702885e-03 7.044964e-02 8.245031e-06 -1.601041e-05 2.193111e-06 1.005360e-04
11559.000000 8.091492e-01 -2.912839e-03 1.677136e-03 7.085650e-02 2.527756e-05 -1.165674e-05 1.964707e-05 1.162505e-04
11559.200000 8.037003e-01 -2.828537e-03 1.817733e-03 6.787970e-02 1.751058e-05 -1.365821e-05 1.303493e-05 1.179470e-04
11559.400000 8.120076e-01 -2.868549e-03 1.659546e-03 7.031305e-02 1.035748e-05 -9.639946e-06 7.366843e-06 1.073968e-04
11559.600000 8.113081e-01 -2.926067e-03 1.635096e-03 7.103547e-02 2.293209e-05 -9.155222e-06 1.030539e-05 9.977373e-05
11559.800000 8.098887e-01 -2.874895e-03 1.834657e-03 7.255325e-02 1.447752e-05 -4.607366e-06 6.732844e-06 8.835269e-05
11560.000000 8.100529e-01 -2.925703e-03 1.861682e-03 7.305041e-02 2.232905e-05 -4.148781e-06 2.638280e-06 8.162185e-05
11560.200000 8.087783e-01 -2.841637e-03 1.811788e-03 7.296253e-02 2.045079e-05 -1.491425e-05 6.467070e-06 8.886820e-05
11560.400000 8.118338e-01 -2.926840e-03 1.832025e-03 7.417679e-02 1.342974e-05 -2.646453e-05 -1.758595e-05 8.609989e-05
11560.600000 8.124780e-01 -2.923729e-03 1.659845e-03 7.412369e-02 1.773255e-05 -2.753293e-05 -5.844721e-06 9.522248e-05
11560.800000 8.085555e-01 -2.884751e-03 1.718828e-03 7.396842e-02 1.818341e-05 -2.121023e-05 -8.062209e-06 1.038422e-04
11561.000000 8.072373e-01 -2.945249e-03 1.675661e-03 7.443780e-02 1.824535e-05 -9.708880e-06 3.119870e-06 1.034904e-04
11561.200000 8.098627e-01 -2.890312e-03 1.786780e-03 7.690400e-02 7.420975e-06 -9.485851e-06 -4.627032e-06 1.077090e-04
11561.400000 8.076884e-01 -2.902407e-03 1.701209e-03 7.799859e-02 8.110273e-06 -9.903808e-06 -1.127600e-05 9.846878e-05
11561.600000 8.078580e-01 -2.973235e-03 1.761416e-03 7.836575e-02 1.698380e-05 -1.377167e-05 -8.332586e-06 8.882426e-05
11561.800000 8.075012e-01 -2.842586e-03 1.694722e-03 8.141259e-02 2.360686e-05 -2.100353e-05 -9.768813e-06 8.804797e-05
11562.000000 8.111436e-01 -2.890237e-03 1.574128e-03 8.108861e-02 2.388755e-05 -1.940351e-05 -7.746339e-06 1.055630e-04
11562.200000 8.063245e-01 -2.924886e-03 1.536384e-03 8.328301e-02 1.761237e-05 -1.981245e-05 -1.098960e-05 1.078460e-04
11562.400000 8.087757e-01 -2.891855e-03 1.728903e-03 8.420856e-02 1.737304e-05 -1.785777e-05 -1.426688e-05 9.973317e-05
11562.600000 8.107602e-01 -2.867032e-03 1.759587e-03 8.593485e-02 1.759518e-05 -1.392580e-05 -2.661608e-05 9.265350e-05
11562.800000 8.081406e-01 -2.910335e-03 1.701194e-03 8.772217e-02 7.437809e-06 -7.953639e-06 -2.764997e-05 9.813508e-05
11563.000000 8.111598e-01 -2.866664e-03 1.613195e-03 8.959925e-02 6.318153e-06 -7.739366e-06 -2.820361e-05 9.214441e-05
11563.200000 8.102757e-01 -2.855566e-03 1.707346e-03 9.149945e-02 1.649472e-05 -1.772480e-05 -2.037103e-05 8.885020e-05
11563.400000 8.079970e-01 -2.929800e-03 1.625262e-03 9.366634e-02 2.409087e-05 -1.777851e-05 -1.892662e-05 8.556718e-05
11563.600000 8.086449e-01 -2.923184e-03 1.556462e-03 9.635999e-02 2.098272e-05 -2.189002e-05 -5.649702e-06 1.080721e-04
11563.800000 8.071013e-01 -2.854961e-03 1.701845e-03 9.824797e-02 1.308749e-05 -2.164815e-05 4.181702e-06 1.199541e-04
11564.000000 8.079745e-01 -2.916164e-03 1.754856e-03 1.011956e-01 1.478109e-05 -1.551945e-05 -7.909661e-06 1.024674e-04
11564.200000 8.097668e-01 -2.908316e-03 1.721123e-03 1.029599e-01 1.296407e-05 -2.019640e-05 -4.222026e-06 1.020241e-04
11564.400000 8.047241e-01 -2.883085e-03 1.602059e-03 1.049347e-01 2.047577e-05 -1.545282e-05 9.948439e-06 1.106848e-04
11564.600000 8.088736e-01 -2.871830e-03 1.913610e-03 1.078510e-01 2.337213e-05 -1.528149e-05 -5.309690e-06 1.050152e-04
11564.800000 8.103827e-01 -2.868148e-03 1.732006e-03 1.119423e-01 2.545870e-05 -2.354308e-05 -8.457545e-06 1.128589e-04
11565.000000 8.055608e-01 -2.909600e-03 1.745055e-03 1.122339e-01 1.262638e-05 -2.698038e-05 -3.626483e-07 1.124165e-04
11565.200000 8.101861e-01 -2.909382e-03 1.699411e-03 1.151767e-01 6.137603e-06 -3.017831e-05 -5.033440e-06 1.022671e-04
11565.400000 8.064678e-01 -2.863663e-03 1.743238e-03 1.181685e-01 6.210557e-06 -2.707229e-05 -7.096610e-06 9.026857e-05
11565.600000 8.083028e-01 -2.897362e-03 1.837966e-03 1.198947e-01 1.671756e-06 -2.606556e-05 -9.625284e-06 9.937641e-05
11565.800000 8.071606e-01 -2.871460e-03 1.836129e-03 1.209549e-01 3.733249e-06 -3.232565e-05 -1.347303e-05 9.278408e-05
11566.000000 8.072738e-01 -2.872821e-03 1.817096e-03 1.227511e-01 8.424844e-07 -3.080021e-05 -6.037991e-07 9.476871e-05
11566.200000 8.056176e-01 -2.852726e-03 1.617970e-03 1.231263e-01 4.543097e-06 -2.840603e-05 -7.905188e-07 9.275309e-05
11566.400000 8.095877e-01 -2.911338e-03 1.792439e-03 1.264556e-01 1.333722e-05 -2.542158e-05 3.153689e-06 9.957113e-05
11566.600000 8.050779e-01 -2.930381e-03 1.809221e-03 1.260245e-01 1.857139e-05 -2.911518e-05 -4.980484e-06 8.920340e-05
11566.800000 8.077910e-01 -2.917258e-03 1.879188e-03 1.273786e-01 2.198338e-06 -2.167837e-05 -3.481208e-07 9.124299e-05
11567.000000 8.090219e-01 -2.898393e-03 1.705921e-03 1.291384e-01 5.867400e-06 -1.395856e-05 -8.089320e-07 8.267437e-05
11567.200000 8.090006e-01 -2.880259e-03 1.870849e-03 1.288590e-01 -3.010539e-06 -1.687136e-05 1.244438e-05 8.309867e-05
11567.400000 8.078318e-01 -2.879939e-03 1.735355e-03 1.294315e-01 5.050621e-06 -1.319148e-05 -1.111756e-05 8.089636e-05
11567.600000 8.083361e-01 -2.900560e-03 1.700408e-03 1.291691e-01 1.512106e-05 -5.577034e-06 -1.428942e-05 8.723533e-05
11567.800000 8.082046e-01 -2.909531e-03 1.841694e-03 1.282842e-01 2.372952e-05 -1.107306e-05 -4.152904e-06 8.174643e-05
11568.000000 8.089191e-01 -2.914755e-03 1.719145e-03 1.299547e-01 3.406906e-05 -1.708441e-05 -4.021423e-06 7.957789e-05
11568.200000 8.060780e-01 -2.881190e-03 1.899420e-03 1.291623e-01 2.706123e-05 -2.128494e-05 -1.765774e-05 7.684900e-05
11568.400000 8.083407e-01 -2.916129e-03 1.892252e-03 1.281165e-01 2.993725e-05 -7.015597e-06 -1.693719e-06 7.584645e-05
11568.600000 8.065498e-01 -2.898081e-03 1.446688e-03 1.273569e-01 2.398277e-05 -1.379040e-05 1.642382e-06 8.979689e-05
11568.800000 8.095210e-01 -2.886822e-03 1.778944e-03 1.285847e-01 1.894264e-05 -2.256508e-05 1.459709e-06 7.607204e-05
11569.000000 8.073138e-01 -2.852565e-03 1.756919e-03 1.273216e-01 1.490588e-05 -2.405526e-05 8.819681e-06 8.079491e-05
11569.200000 8.085948e-01 -2.877409e-03 1.691324e-03 1.276248e-01 1.598173e-05 -1.872430e-05 -4.057040e-06 8.108499e-05
11569.400000 8.094356e-01 -2.907189e-03 1.692807e-03 1.261014e-01 2.173952e-05 -1.585177e-05 -1.130615e-05 8.539548e-05
11569.600000 8.048093e-01 -2.848149e-03 1.534334e-03 1.249243e-01 2.610571e-05 -2.366730e-05 -4.144585e-06 7.627965e-05
11569.800000 8.092120e-01 -2.888531e-03 1.725039e-03 1.255234e-01 3.506856e-05 -2.278681e-05 -2.168810e-07 7.943737e-05
11570.000000 8.047484e-01 -2.902040e-03 1.925170e-03 1.246927e-01 3.228720e-05 -1.317127e-05 1.595559e-07 8.710559e-05
11570.200000 8.095849e-01 -2.881956e-03 1.965440e-03 1.233110e-01 2.672003e-05 -2.103190e-05 -1.077931e-06 8.118011e-05
11570.400000 8.046187e-01 -2.835827e-03 1.666595e-03 1.229910e-01 1.537936e-05 -2.371377e-05 5.218404e-06 8.557917e-05
11570.600000 8.080487e-01 -2.853842e-03 1.801117e-03 1.227286e-01 1.057530e-05 -1.794781e-05 2.382321e-06 8.711858e-05
11570.800000 8.077614e-01 -2.860457e-03 1.752318e-03 1.224310e-01 1.724025e-05 -1.422333e-05 -2.069030e-06 8.132763e-05
11571.000000 8.096651e-01 -2.882100e-03 1.755570e-03 1.216797e-01 2.151412e-05 -1.808722e-05 -2.652329e-06 8.153346e-05
11571.200000 8.042674e-01 -2.912718e-03 1.838803e-03 1.193053e-01 2.184764e-05 -2.229299e-05 1.008456e-05 8.596409e-05
11571.400000 8.098090e-01 -2.872323e-03 1.781895e-03 1.219643e-01 2.613202e-05 -2.437748e-05 8.352990e-06 8.049074e-05
11571.600000 8.078342e-01 -2.836722e-03 1.893286e-03 1.202747e-01 2.736716e-05 -2.022940e-05 3.238915e-06 7.429675e-05
11571.800000 8.057924e-01 -2.845889e-03 1.538152e-03 1.205725e-01 3.504249e-05 -1.928231e-05 -1.152257e-05 7.242872e-05
11572.000000 8.084423e-01 -2.878791e-03 1.726456e-03 1.200815e-01 3.215571e-05 -2.581506e-05 -1.577963e-06 7.981947e-05
11572.200000 8.028274e-01 -2.821532e-03 1.553726e-03 1.184322e-01 2.364390e-05 -2.567142e-05 2.658224e-06 9.477573e-05
11572.400000 8.094985e-01 -2.854073e-03 1.695252e-03 1.187175e-01 1.827514e-05 -2.956082e-05 -2.901179e-06 9.004852e-05
11572.600000 8.067704e-01 -2.865015e-03 1.730576e-03 1.174356e-01 2.215769e-05 -3.632126e-05 1.015647e-06 7.605262e-05
11572.800000 8.062833e-01 -2.824772e-03 1.630679e-03 1.172504e-01 2.141771e-05 -3.357072e-05 9.069266e-07 6.325640e-05
11573.000000 8.072303e-01 -2.861567e-03 1.711033e-03 1.171626e-01 1.295393e-05 -2.007637e-05 1.119381e-05 7.737212e-05
11573.200000 8.072305e-01 -2.841148e-03 1.663507e-03 1.168378e-01 1.305157e-05 -2.357678e-05 -3.424176e-06 8.482618e-05
11573.400000 8.062840e-01 -2.862710e-03 1.695332e-03 1.159967e-01 2.172974e-05 -3.259722e-05 -1.104971e-05 9.086954e-05
11573.600000 8.066327e-01 -2.884187e-03 1.713667e-03 1.155122e-01 1.958493e-05 -2.456129e-05 -4.340433e-06 9.196891e-05
11573.800000 8.071017e-01 -2.859693e-03 1.753450e-03 1.161247e-01 3.017703e-05 -2.915841e-05 -9.932951e-06 8.932998e-05
11574.000000 8.078373e-01 -2.849805e-03 1.847983e-03 1.150036e-01 3.297944e-05 -3.841229e-05 -1.294822e-05 9.738884e-05
11574.200000 8.066771e-01 -2.858372e-03 1.721475e-03 1.144619e-01 1.870168e-05 -3.365837e-05 -2.440216e-05 8.728447e-05
11574.400000 8.063733e-01 -2.874437e-03 1.768312e-03 1.146891e-01 1.086335e-05 -3.689621e-05 -1.939126e-05 9.553975e-05
11574.600000 8.066713e-01 -2.887663e-03 1.790279e-03 1.148041e-01 3.161344e-05 -2.842686e-05 -5.171707e-06 9.153481e-05
11574.800000 8.067441e-01 -2.898523e-03 1.801387e-03 1.144770e-01 3.306579e-05 -2.877911e-05 4.743126e-06 9.171196e-05
11575.000000 8.066677e-01 -2.916339e-03 1.889034e-03 1.139290e-01 3.373921e-05 -3.097205e-05 8.479548e-06 9.894001e-05
11575.200000 8.075929e-01 -2.919969e-03 1.712357e-03 1.143492e-01 3.599704e-05 -3.533810e-05 1.259370e-05 9.830708e-05
11575.400000 8.065220e-01 -2.925687e-03 1.809548e-03 1.138814e-01 3.680649e-05 -3.286767e-05 1.360698e-05 9.005911e-05
11575.600000 8.066172e-01 -2.913872e-03 1.784031e-03 1.137313e-01 3.108536e-05 -3.602615e-05 1.122049e-05 8.973040e-05
11575.800000 8.068815e-01 -2.906108e-03 1.779754e-03 1.133180e-01 3.224111e-05 -4.235137e-05 -5.561130e-06 8.762764e-05
11576.000000 8.070886e-01 -2.901505e-03 1.678980e-03 1.128964e-01 2.980278e-05 -3.855861e-05 -1.720116e-06 8.682124e-05
11576.200000 8.071469e-01 -2.911772e-03 1.607538e-03 1.130203e-01 2.444336e-05 -3.728891e-05 1.619704e-05 9.299453e-05
11576.400000 8.070725e-01 -2.888883e-03 1.665709e-03 1.128602e-01 1.979156e-05 -4.086116e-05 1.635463e-05 1.005372e-04
11576.600000 8.064703e-01 -2.888745e-03 1.734601e-03 1.127064e-01 2.184904e-05 -3.849933e-05 1.648153e-05 1.169917e-04
11576.800000 8.075345e-01 -2.883012e-03 1.800650e-03 1.127125e-01 2.538623e-05 -3.857687e-05 2.272704e-05 1.084641e-04
11577.000000 8.038762e-01 -2.885480e-03 2.159179e-03 1.123531e-01 2.169474e-05 -3.450036e-05 3.193761e-05 1.047033e-04
11577.200000 8.075760e-01 -2.913004e-03 1.686894e-03 1.132752e-01 2.664823e-05 -3.106949e-05 2.889817e-05 9.933434e-05
11577.400000 8.060393e-01 -2.888901e-03 1.549011e-03 1.127572e-01 1.834450e-05 -3.607336e-05 2.442590e-05 1.003294e-04
11577.600000 8.060792e-01 -2.856511e-03 1.680239e-03 1.136140e-01 1.018930e-05 -3.829035e-05 2.356544e-05 9.101700e-05
11577.800000 8.058349e-01 -2.887059e-03 1.643937e-03 1.133719e-01 6.010585e-06 -3.420996e-05 1.775189e-05 8.000160e-05
11578.000000 8.051066e-01 -2.932848e-03 1.755691e-03 1.122405e-01 1.408439e-05 -3.878886e-05 1.052761e-05 8.794466e-05
11578.200000 8.051859e-01 -2.871266e-03 1.869807e-03 1.121637e-01 1.293910e-05 -3.621625e-05 1.913069e-05 9.548372e-05
11578.400000 8.083878e-01 -2.887469e-03 1.713109e-03 1.137685e-01 2.601700e-05 -4.422293e-05 1.454043e-05 9.453941e-05
11578.600000 8.028646e-01 -2.882015e-03 1.724862e-03 1.132712e-01 2.076892e-05 -4.451448e-05 1.120367e-05 1.051789e-04
11578.800000 8.085617e-01 -2.862607e-03 1.783496e-03 1.129440e-01 2.716547e-05 -4.609547e-05 2.077680e-05 1.060466e-04
11579.000000 8.067984e-01 -2.870680e-03 1.795472e-03 1.134972e-01 2.843681e-05 -4.588965e-05 9.293696e-06 1.086720e-04
11579.200000 8.052365e-01 -2.888955e-03 1.623918e-03 1.131436e-01 3.075785e-05 -3.482404e-05 2.242974e-06 1.091643e-04
11579.400000 8.059126e-01 -2.893359e-03 1.801851e-03 1.120645e-01 3.144292e-05 -3.143351e-05 -5.377793e-06 1.022882e-04
11579.600000 8.060578e-01 -2.861427e-03 1.727588e-03 1.137934e-01 2.961124e-05 -3.441409e-05 9.791570e-06 9.750772e-05
11579.800000 8.074879e-01 -2.858655e-03 1.864578e-03 1.124868e-01 2.069037e-05 -3.107373e-05 1.996613e-05 9.440380e-05
11580.000000 8.062795e-01 -2.864230e-03 1.978512e-03 1.128212e-01 3.406609e-05 -2.961805e-05 1.514797e-06 8.477630e-05
11580.200000 8.060246e-01 -2.867970e-03 1.783681e-03 1.131748e-01 3.422023e-05 -3.833215e-05 5.872150e-06 9.202323e-05
11580.400000 8.058651e-01 -2.885897e-03 1.726816e-03 1.134819e-01 4.027082e-05 -3.714936e-05 2.224691e-06 9.810275e-05
11580.600000 8.061954e-01 -2.867764e-03 1.740396e-03 1.124618e-01 2.855875e-05 -3.813429e-05 6.043562e-06 8.991909e-05
11580.800000 8.050929e-01 -2.837578e-03 1.627379e-03 1.135417e-01 1.850051e-05 -3.081543e-05 1.624386e-05 8.406114e-05
11581.000000 8.060043e-01 -2.873165e-03 1.592511e-03 1.148218e-01 1.264020e-05 -2.828303e-05 1.882245e-05 9.059562e-05
11581.200000 8.056471e-01 -2.874460e-03 1.612898e-03 1.139411e-01 1.333297e-05 -2.613802e-05 -1.961624e-06 8.607609e-05
11581.400000 8.060630e-01 -2.875375e-03 1.753813e-03 1.141386e-01 1.922959e-05 -3.405005e-05 8.224615e-06 9.313039e-05
11581.600000 8.053532e-01 -2.872860e-03 1.780244e-03 1.131718e-01 1.617182e-05 -4.006579e-05 9.234004e-06 9.173591e-05
11581.800000 8.050396e-01 -2.848911e-03 1.701823e-03 1.145645e-01 2.690682e-05 -4.370747e-05 9.339503e-06 1.016924e-04
11582.000000 8.080135e-01 -2.873685e-03 1.763572e-03 1.132740e-01 3.819283e-05 -4.156847e-05 6.515980e-06 9.912676e-05
11582.200000 8.048153e-01 -2.812233e-03 1.553700e-03 1.146487e-01 3.362711e-05 -3.755905e-05 1.340787e-05 8.771114e-05
11582.400000 8.064040e-01 -2.876319e-03 1.767631e-03 1.129215e-01 2.844248e-05 -2.553144e-05 4.209815e-06 9.624985e-05
11582.600000 8.050616e-01 -2.859558e-03 1.760767e-03 1.127871e-01 2.111029e-05 -2.218519e-05 4.526968e-06 1.015198e-04
11582.800000 8.044205e-01 -2.852157e-03 1.656553e-03 1.123063e-01 2.476628e-05 -2.765076e-05 4.288177e-06 9.686745e-05
11583.000000 8.071980e-01 -2.863957e-03 1.758798e-03 1.124877e-01 3.208754e-05 -3.120384e-05 -6.231765e-06 9.653955e-05
11583.200000 8.031813e-01 -2.867166e-03 1.873270e-03 1.136936e-01 3.127278e-05 -2.768918e-05 2.261657e-06 9.979761e-05
11583.400000 8.045419e-01 -2.859858e-03 1.766180e-03 1.124750e-01 3.237147e-05 -2.192685e-05 1.546535e-05 1.031937e-04
11583.600000 8.058256e-01 -2.850560e-03 1.885553e-03 1.130192e-01 2.790251e-05 -1.834492e-05 1.454541e-05 1.000968e-04
11583.800000 8.029444e-01 -2.858282e-03 1.658039e-03 1.121130e-01 2.819488e-05 -2.623650e-05 -5.939331e-06 1.076399e-04
11584.000000 8.069719e-01 -2.895499e-03 1.613085e-03 1.120757e-01 2.745767e-05 -2.965792e-05 1.503196e-05 1.090478e-04
11584.200000 8.047556e-01 -2.839749e-03 1.706272e-03 1.121160e-01 3.234368e-05 -2.560406e-05 1.878651e-05 1.072917e-04
11584.400000 8.019887e-01 -2.842145e-03 1.759153e-03 1.117495e-01 4.141233e-05 -4.494813e-05 1.389141e-05 7.896891e-05
11584.600000 8.060323e-01 -2.857841e-03 1.797282e-03 1.136081e-01 3.098062e-05 -3.098228e-05 1.128231e-05 8.533211e-05
11584.800000 8.050279e-01 -2.887803e-03 1.796729e-03 1.127597e-01 3.755999e-05 -3.660092e-05 1.033287e-05 1.200236e-04
11585.000000 8.041616e-01 -2.889624e-03 1.895722e-03 1.111020e-01 3.764155e-05 -3.538324e-05 2.102298e-05 1.140161e-04
11585.200000 8.050844e-01 -2.905009e-03 1.749012e-03 1.114368e-01 4.400282e-05 -3.901727e-05 5.827950e-06 1.035460e-04
11585.400000 8.078700e-01 -2.869718e-03 1.694913e-03 1.130587e-01 4.327360e-05 -3.684320e-05 5.311981e-06 1.017276e-04
11585.600000 8.027858e-01 -2.813238e-03 1.990439e-03 1.127196e-01 3.771948e-05 -4.192538e-05 1.017918e-05 1.051714e-04
11585.800000 8.064254e-01 -2.836302e-03 1.762445e-03 1.115064e-01 3.709186e-05 -4.592068e-05 1.574381e-05 1.120151e-04
11586.000000 8.046905e-01 -2.808097e-03 1.815559e-03 1.137443e-01 5.249081e-05 -4.196954e-05 1.881731e-05 1.203638e-04
11586.200000 8.002097e-01 -2.832921e-03 1.759634e-03 1.120079e-01 4.533710e-05 -3.878443e-05 6.470090e-06 1.109428e-04
11586.400000 8.056319e-01 -2.832581e-03 1.748101e-03 1.134910e-01 3.854476e-05 -3.306152e-05 -3.007743e-06 1.020507e-04
11586.600000 8.050274e-01 -2.883018e-03 1.836472e-03 1.118221e-01 4.927091e-05 -3.316363e-05 5.306763e-06 1.031991e-04
11586.800000 8.050090e-01 -2.876362e-03 1.790410e-03 1.125401e-01 5.002187e-05 -2.142147e-05 -4.144034e-06 9.926739e-05
11587.000000 8.019077e-01 -2.839911e-03 1.675986e-03 1.126448e-01 4.641266e-05 -2.300956e-05 6.222537e-06 1.075761e-04
11587.200000 8.048134e-01 -2.878871e-03 1.790096e-03 1.126023e-01 4.647096e-05 -2.592265e-05 5.031846e-06 1.013424e-04
11587.400000 8.064617e-01 -2.851291e-03 1.807409e-03 1.130295e-01 4.357429e-05 -2.695343e-05 7.808072e-06 1.042670e-04
11587.600000 8.030284e-01 -2.890241e-03 1.874706e-03 1.132870e-01 4.353044e-05 -3.500713e-05 -7.349041e-06 1.080384e-04
11587.800000 8.032322e-01 -2.864379e-03 1.924804e-03 1.135717e-01 4.002612e-05 -3.147422e-05 -1.157918e-05 1.151093e-04
11588.000000 8.052905e-01 -2.816904e-03 1.798242e-03 1.126154e-01 3.166628e-05 -3.330559e-05 -4.794678e-06 9.609825e-05
11588.200000 8.039265e-01 -2.839700e-03 1.793578e-03 1.118113e-01 3.443839e-05 -3.465058e-05 6.607306e-06 8.777693e-05
11588.400000 8.041004e-01 -2.886798e-03 1.995039e-03 1.121793e-01 2.627502e-05 -4.646289e-05 9.741898e-06 8.154569e-05
11588.600000 8.072439e-01 -2.907753e-03 1.797057e-03 1.132464e-01 2.271442e-05 -4.422567e-05 9.230914e-06 8.941174e-05
11588.800000 7.984368e-01 -2.784635e-03 1.867817e-03 1.116920e-01 2.465123e-05 -4.024932e-05 -9.272486e-07 6.922645e-05
11589.000000 8.068333e-01 -2.882100e-03 1.640608e-03 1.126753e-01 4.078001e-05 -2.624521e-05 4.732778e-08 8.031004e-05
11589.200000 8.016356e-01 -2.880567e-03 1.732779e-03 1.109082e-01 4.277737e-05 -3.916823e-05 -1.674707e-05 7.882247e-05
11589.400000 8.038015e-01 -2.866264e-03 1.837806e-03 1.131883e-01 4.115157e-05 -3.899809e-05 -1.607633e-05 9.206000e-05
11589.600000 8.034592e-01 -2.826840e-03 2.001285e-03 1.118183e-01 5.001814e-05 -2.991823e-05 -9.313877e-07 9.920556e-05
11589.800000 8.072356e-01 -2.831080e-03 1.845321e-03 1.129565e-01 4.537817e-05 -3.447726e-05 6.877799e-07 1.004299e-04
11590.000000 8.040228e-01 -2.902039e-03 2.002330e-03 1.124186e-01 4.096219e-05 -3.437102e-05 1.400571e-05 8.840601e-05
11590.200000 8.012496e-01 -2.863671e-03 1.736769e-03 1.116744e-01 3.644560e-05 -2.972069e-05 1.418469e-05 9.040566e-05
11590.400000 8.052236e-01 -2.865318e-03 1.787955e-03 1.141116e-01 3.949602e-05 -2.758373e-05 1.432322e-05 8.369904e-05
11590.600000 8.081670e-01 -2.939561e-03 1.650961e-03 1.129795e-01 4.272992e-05 -2.920368e-05 9.276582e-06 7.685791e-05
11590.800000 7.980033e-01 -2.835556e-03 1.783235e-03 1.118601e-01 4.292072e-05 -2.454226e-05 6.962570e-06 8.071315e-05
11591.000000 8.079092e-01 -2.857835e-03 1.805653e-03 1.137415e-01 4.064014e-05 -1.958444e-05 9.692376e-06 8.857619e-05
11591.200000 8.026932e-01 -2.884329e-03 1.661251e-03 1.148434e-01 4.725856e-05 -1.807377e-05 -1.584548e-06 7.925662e-05
11591.400000 8.042405e-01 -2.850804e-03 1.781828e-03 1.150651e-01 3.992889e-05 -2.608440e-05 1.577395e-05 8.673881e-05
11591.600000 8.025662e-01 -2.783590e-03 1.840279e-03 1.141978e-01 4.042394e-05 -2.296875e-05 1.570372e-05 9.872820e-05
11591.800000 8.051016e-01 -2.889619e-03 1.787028e-03 1.138591e-01 4.061191e-05 -2.292960e-05 2.084552e-05 9.801492e-05
11592.000000 8.026516e-01 -2.878008e-03 1.831681e-03 1.147177e-01 4.945132e-05 -2.294326e-05 1.038047e-05 9.433783e-05
11592.200000 8.076094e-01 -2.840943e-03 1.848089e-03 1.161196e-01 4.143412e-05 -2.029022e-05 -4.485086e-06 8.475808e-05
11592.400000 7.997357e-01 -2.914583e-03 1.834018e-03 1.134801e-01 4.047831e-05 -3.242551e-05 -1.466484e-06 8.486893e-05
11592.600000 8.080802e-01 -2.848321e-03 1.773855e-03 1.158986e-01 2.864142e-05 -3.872201e-05 1.212184e-05 8.984358e-05
11592.800000 7.942203e-01 -2.850701e-03 1.485020e-03 1.132868e-01 2.322079e-05 -3.285717e-05 1.124258e-05 8.901241e-05
11593.000000 8.034198e-01 -2.843106e-03 1.694721e-03 1.154444e-01 2.246831e-05 -3.050183e-05 2.585549e-05 9.585957e-05
11593.200000 8.014681e-01 -2.800805e-03 1.821601e-03 1.140932e-01 1.747808e-05 -3.233182e-05 1.724138e-05 9.467567e-05
11593.400000 8.015258e-01 -2.873988e-03 1.784224e-03 1.145495e-01 3.130411e-05 -3.697233e-05 9.635125e-06 1.020014e-04
11593.600000 7.984083e-01 -2.848907e-03 1.750709e-03 1.149444e-01 2.603474e-05 -3.589906e-05 8.308961e-06 8.959872e-05
11593.800000 8.057809e-01 -2.873606e-03 1.799701e-03 1.162879e-01 2.304579e-05 -3.342532e-05 -8.565204e-06 8.896903e-05
11594.000000 8.023082e-01 -2.877379e-03 1.805657e-03 1.134762e-01 3.836940e-05 -3.540145e-05 1.201056e-05 9.332267e-05
11594.200000 8.020162e-01 -2.776302e-03 1.695834e-03 1.150159e-01 2.551597e-05 -4.240844e-05 3.082387e-05 9.907694e-05
11594.400000 8.073621e-01 -2.886937e-03 1.849807e-03 1.164049e-01 2.750961e-05 -3.206500e-05 1.893184e-05 1.009724e-04
11594.600000 8.019918e-01 -2.778560e-03 1.837248e-03 1.155650e-01 3.148735e-05 -2.130881e-05 1.147726e-05 1.062994e-04
11594.800000 8.048672e-01 -2.861681e-03 1.747912e-03 1.170967e-01 3.221712e-05 -4.434307e-05 1.485592e-05 9.526943e-05
11595.000000 8.041889e-01 -2.837075e-03 1.673558e-03 1.145457e-01 2.829421e-05 -4.939043e-05 8.760999e-06 9.130855e-05
11595.200000 7.998639e-01 -2.868253e-03 1.680341e-03 1.144913e-01 2.854614e-05 -4.832850e-05 1.158792e-05 9.248782e-05
11595.400000 8.074145e-01 -2.881522e-03 1.777848e-03 1.161964e-01 2.415634e-05 -4.214574e-05 2.703439e-05 9.983546e-05
11595.600000 7.998103e-01 -2.820750e-03 1.791936e-03 1.155532e-01 2.027579e-05 -5.040417e-05 2.882729e-05 1.108167e-04
11595.800000 7.998310e-01 -2.909697e-03 1.807570e-03 1.139070e-01 2.579842e-05 -5.483395e-05 2.657545e-05 1.222823e-04
11596.000000 8.035715e-01 -2.811991e-03 1.864186e-03 1.157054e-01 2.961258e-05 -4.655153e-05 1.145261e-05 1.049537e-04
11596.200000 8.036814e-01 -2.926394e-03 1.483130e-03 1.163795e-01 4.463786e-05 -4.290511e-05 1.358584e-05 1.009225e-04
11596.400000 8.018060e-01 -2.800572e-03 1.842590e-03 1.150532e-01 4.257116e-05 -3.406305e-05 4.038675e-06 1.019666e-04
11596.600000 8.046700e-01 -2.940180e-03 1.726335e-03 1.180287e-01 5.055901e-05 -3.050772e-05 -9.581396e-06 8.825512e-05
11596.800000 8.012075e-01 -2.822660e-03 1.910236e-03 1.160833e-01 3.875689e-05 -2.791269e-05 1.768570e-05 9.573175e-05
11597.000000 8.016907e-01 -2.841717e-03 1.906904e-03 1.154314e-01 3.854428e-05 -3.405241e-05 1.156353e-05 1.023924e-04
11597.700000 8.019032e-01 -2.854720e-03 1.875044e-03 1.152607e-01 3.007396e-05 -4.076770e-05 2.019197e-05 1.021390e-04
11598.400000 8.027254e-01 -2.858353e-03 1.668561e-03 1.148403e-01 3.739921e-05 -3.338822e-05 1.566436e-05 1.020568e-04
11599.100000 8.015701e-01 -2.859199e-03 1.795123e-03 1.138936e-01 3.443444e-05 -3.334830e-05 -9.196542e-07 1.030672e-04
11599.800000 8.012493e-01 -2.875606e-03 1.837137e-03 1.146078e-01 3.907900e-05 -2.637722e-05 2.793851e-06 1.017575e-04
11600.500000 8.012166e-01 -2.871777e-03 1.829112e-03 1.140078e-01 3.881173e-05 -3.181030e-05 1.375682e-05 9.422913e-05
11601.200000 8.009090e-01 -2.878286e-03 1.784705e-03 1.139296e-01 2.981363e-05 -3.575577e-05 7.210475e-06 8.777066e-05
11601.900000 8.007855e-01 -2.867712e-03 1.684478e-03 1.132861e-01 2.631573e-05 -3.881524e-05 4.970627e-06 1.021965e-04
11602.600000 8.018213e-01 -2.887164e-03 1.679992e-03 1.129842e-01 3.563207e-05 -3.865031e-05 4.135592e-06 1.047973e-04
11603.300000 8.015550e-01 -2.864800e-03 1.819150e-03 1.133178e-01 3.276165e-05 -3.361548e-05 1.173148e-05 1.083322e-04
11604.993695 7.994270e-01 -2.889685e-03 1.718899e-03 1.126334e-01 2.850081e-05 -3.351116e-05 1.815704e-05 1.079224e-04
11605.999583 7.999563e-01 -2.913526e-03 1.709159e-03 1.120482e-01 2.440677e-05 -3.221434e-05 1.437081e-05 1.049109e-04
11607.017662 7.998284e-01 -2.892894e-03 1.809744e-03 1.122756e-01 3.287237e-05 -4.007707e-05 1.805613e-05 8.776888e-05
11608.047933 8.004051e-01 -2.868741e-03 1.817552e-03 1.134259e-01 4.263550e-05 -4.009928e-05 6.772111e-06 9.129273e-05
11609.090396 8.015924e-01 -2.888382e-03 1.765134e-03 1.129639e-01 4.278979e-05 -4.231984e-05 1.776250e-05 1.028538e-04
11610.145051 7.989551e-01 -2.892791e-03 1.718497e-03 1.121732e-01 4.417669e-05 -3.706050e-05 1.620807e-05 9.840102e-05
11611.211898 7.997297e-01 -2.877395e-03 1.773944e-03 1.129495e-01 4.682244e-05 -4.337940e-05 1.193913e-06 9.655066e-05
11612.290937 7.993343e-01 -2.864005e-03 1.775683e-03 1.134547e-01 4.066543e-05 -4.727095e-05 3.139687e-06 9.192666e-05
11613.382167 7.988124e-01 -2.886598e-03 1.729813e-03 1.138725e-01 3.832889e-05 -5.321080e-05 7.410449e-06 9.169716e-05
11614.485590 7.989416e-01 -2.892780e-03 1.791181e-03 1.133262e-01 3.522189e-05 -4.748251e-05 9.679471e-06 8.800057e-05
11615.601204 7.978819e-01 -2.869464e-03 1.800687e-03 1.138831e-01 3.201907e-05 -4.924833e-05 1.580550e-05 9.155698e-05
11616.729011 7.980156e-01 -2.841656e-03 1.800030e-03 1.139110e-01 4.198993e-05 -3.898430e-05 2.069694e-05 9.288606e-05
11617.869009 7.980134e-01 -2.864223e-03 1.740252e-03 1.150647e-01 4.276673e-05 -3.368978e-05 1.025992e-05 8.893161e-05
11619.021199 7.974724e-01 -2.864292e-03 1.757182e-03 1.153050e-01 3.254573e-05 -3.805063e-05 1.489522e-05 7.948112e-05
11620.185582 7.965117e-01 -2.866187e-03 1.769621e-03 1.157346e-01 2.628857e-05 -3.780184e-05 8.411963e-06 7.497646e-05
11621.362156 7.974080e-01 -2.858161e-03 1.690056e-03 1.158509e-01 2.536082e-05 -3.817741e-05 1.056525e-05 7.408462e-05
11622.550922 7.969571e-01 -2.880405e-03 1.744130e-03 1.159281e-01 2.609946e-05 -4.383445e-05 1.516922e-06 7.982416e-05
11623.751879 7.973407e-01 -2.847440e-03 1.810675e-03 1.162968e-01 2.317648e-05 -3.959644e-05 4.930323e-06 8.466243e-05
11624.965029 7.987577e-01 -2.865226e-03 1.810851e-03 1.159637e-01 1.822029e-05 -3.854272e-05 7.510120e-06 8.243185e-05
11626.190371 7.977467e-01 -2.862848e-03 1.713654e-03 1.164020e-01 3.092155e-05 -4.289579e-05 1.557313e-05 8.452111e-05
11627.427904 7.957471e-01 -2.862927e-03 1.763256e-03 1.149318e-01 2.932344e-05 -4.445324e-05 2.000387e-05 8.835344e-05
11628.677630 7.961314e-01 -2.857959e-03 1.773535e-03 1.155430e-01 3.370165e-05 -3.841126e-05 -3.447955e-06 9.978778e-05
11629.939547 7.961118e-01 -2.859366e-03 1.816919e-03 1.158105e-01 2.972479e-05 -3.844318e-05 3.028802e-06 1.032910e-04
11631.213657 7.954773e-01 -2.869903e-03 1.744578e-03 1.153434e-01 2.233745e-05 -4.653723e-05 -2.652096e-06 8.529904e-05
11632.499958 7.947522e-01 -2.863927e-03 1.755818e-03 1.147175e-01 2.355084e-05 -3.817295e-05 1.166087e-06 7.961505e-05
11633.798451 7.943321e-01 -2.881808e-03 1.768280e-03 1.144191e-01 1.771143e-05 -3.143526e-05 -3.568509e-06 8.373643e-05
11635.109136 7.949119e-01 -2.884629e-03 1.747332e-03 1.142513e-01 8.508421e-06 -3.500177e-05 2.300894e-07 9.468597e-05
11636.432013 7.945629e-01 -2.876086e-03 1.764793e-03 1.147769e-01 8.478010e-06 -3.174742e-05 5.313405e-06 9.619444e-05
11637.767082 7.942904e-01 -2.888716e-03 1.792840e-03 1.134723e-01 1.122320e-05 -3.068494e-05 -6.593053e-06 8.382444e-05
11639.114342 7.952962e-01 -2.869664e-03 1.785300e-03 1.137878e-01 1.230269e-05 -3.098862e-05 -3.131930e-06 8.469477e-05
11640.473795 7.933935e-01 -2.882315e-03 1.763444e-03 1.135596e-01 2.237923e-05 -2.658582e-05 -5.398666e-06 8.974058e-05
11641.845440 7.934687e-01 -2.852589e-03 1.732866e-03 1.129089e-01 2.372146e-05 -2.475050e-05 -1.144854e-06 8.702929e-05
11643.229276 7.933978e-01 -2.831393e-03 1.739671e-03 1.127495e-01 1.755612e-05 -2.113919e-05 -4.540088e-07 8.750409e-05
11644.625305 7.935189e-01 -2.846913e-03 1.705480e-03 1.127568e-01 2.926317e-05 -1.911602e-05 2.578853e-06 8.723759e-05
11646.033525 7.924377e-01 -2.881470e-03 1.804440e-03 1.127930e-01 2.668558e-05 -2.076600e-05 -7.380248e-06 7.877148e-05
11647.453937 7.933534e-01 -2.880474e-03 1.691580e-03 1.127115e-01 2.119363e-05 -2.454862e-05 -1.156525e-05 8.797487e-05
11648.886541 7.919739e-01 -2.873026e-03 1.723044e-03 1.128044e-01 4.324860e-06 -2.193657e-05 -7.086436e-06 8.449912e-05
11650.331337 7.918510e-01 -2.866785e-03 1.704366e-03 1.128214e-01 -2.052691e-06 -1.434866e-05 7.586255e-06 8.297383e-05
11651.788325 7.910762e-01 -2.881420e-03 1.695300e-03 1.128306e-01 1.621889e-05 -1.820302e-05 -1.598008e-07 9.793594e-05
11653.257505 7.916292e-01 -2.877518e-03 1.783592e-03 1.133653e-01 2.453171e-05 -1.864226e-05 6.402501e-07 1.008486e-04
11654.738877 7.904608e-01 -2.868764e-03 1.766271e-03 1.126232e-01 1.864945e-05 -1.916624e-05 -6.879676e-06 9.119712e-05
11656.232440 7.890835e-01 -2.862385e-03 1.796951e-03 1.124922e-01 9.627317e-06 -1.523368e-05 -1.517492e-05 7.945534e-05
11657.738196 7.872922e-01 -2.844971e-03 1.755342e-03 1.125624e-01 1.688416e-05 -2.083879e-05 -8.029588e-06 8.267254e-05
11659.256143 7.878225e-01 -2.861253e-03 1.777571e-03 1.131603e-01 2.521985e-05 -2.167700e-05 9.799802e-06 9.178718e-05
11660.786283 7.888895e-01 -2.863985e-03 1.679701e-03 1.129896e-01 2.194534e-05 -2.523693e-05 2.460307e-05 9.978163e-05
11662.328614 7.890666e-01 -2.866402e-03 1.759747e-03 1.135201e-01 2.069701e-05 -2.619754e-05 1.985901e-05 1.004911e-04
11663.883137 7.894214e-01 -2.880614e-03 1.791251e-03 1.132351e-01 1.742686e-05 -3.637921e-05 1.155536e-05 1.068492e-04
11665.449852 7.881629e-01 -2.888688e-03 1.811353e-03 1.131464e-01 1.401552e-05 -2.972279e-05 1.524916e-05 9.527323e-05
11667.028759 7.885346e-01 -2.870285e-03 1.773555e-03 1.140494e-01 1.478808e-05 -3.585449e-05 1.560849e-05 1.013509e-04
11668.619858 7.884399e-01 -2.883957e-03 1.766286e-03 1.133935e-01 1.489573e-05 -3.433836e-05 2.188505e-05 9.573221e-05
11670.223149 7.875578e-01 -2.882513e-03 1.706733e-03 1.136819e-01 2.263248e-05 -3.301767e-05 7.486037e-06 8.102337e-05
11671.838632 7.860889e-01 -2.899585e-03 1.730357e-03 1.125667e-01 2.073276e-05 -3.685398e-05 1.436058e-05 8.270776e-05
11673.466307 7.871660e-01 -2.883907e-03 1.709512e-03 1.136079e-01 2.260858e-05 -3.446994e-05 2.193138e-05 9.152559e-05
11675.106173 7.858492e-01 -2.877042e-03 1.685168e-03 1.130681e-01 1.811826e-05 -3.641484e-05 2.182894e-05 1.009705e-04
11676.758232 7.872252e-01 -2.893117e-03 1.806651e-03 1.136549e-01 1.737290e-05 -4.008603e-05 2.733237e-05 8.741237e-05
11678.422482 7.871485e-01 -2.883369e-03 1.793527e-03 1.141955e-01 2.177088e-05 -3.262688e-05 1.712638e-05 8.171918e-05
11680.098924 7.866920e-01 -2.888665e-03 1.830100e-03 1.134248e-01 2.259192e-05 -4.109996e-05 1.503619e-05 8.821521e-05
11681.787558 7.872400e-01 -2.903766e-03 1.807597e-03 1.134795e-01 2.222079e-05 -4.220804e-05 1.522892e-05 8.186839e-05
11683.488385 7.862559e-01 -2.900760e-03 1.766988e-03 1.142443e-01 1.503062e-05 -3.369464e-05 1.603226e-05 8.017749e-05
11685.201403 7.856214e-01 -2.914720e-03 1.699735e-03 1.137508e-01 2.205424e-05 -3.474938e-05 2.045196e-05 7.523114e-05
11686.926613 7.852300e-01 -2.905299e-03 1.781430e-03 1.141097e-01 2.258414e-05 -3.696252e-05 1.541336e-05 7.705920e-05
11688.664014 7.843163e-01 -2.889709e-03 1.790163e-03 1.143945e-01 2.467390e-05 -4.252472e-05 1.743797e-05 7.607611e-05
11690.413608 7.841586e-01 -2.887527e-03 1.799050e-03 1.130782e-01 2.129160e-05 -4.308018e-05 1.582257e-05 7.922024e-05
11692.175394 7.835287e-01 -2.912503e-03 1.740689e-03 1.134818e-01 1.820959e-05 -3.862138e-05 2.007180e-05 8.828090e-05
11693.949371 7.836903e-01 -2.894245e-03 1.811599e-03 1.134461e-01 1.277257e-05 -3.307202e-05 9.745750e-06 8.210795e-05
11695.735541 7.837926e-01 -2.870615e-03 1.694793e-03 1.143812e-01 6.922624e-06 -3.963064e-05 2.581422e-06 8.445231e-05
11697.533902 7.839010e-01 -2.891825e-03 1.660110e-03 1.138449e-01 1.213990e-05 -4.581838e-05 4.569351e-06 8.363528e-05
11699.344455 7.830197e-01 -2.899650e-03 1.737574e-03 1.140553e-01 1.902499e-05 -4.263178e-05 -1.592665e-05 8.197982e-05
11701.167201 7.823944e-01 -2.875533e-03 1.788117e-03 1.135308e-01 2.031277e-05 -4.885635e-05 -9.425780e-06 8.872416e-05
11703.002138 7.800705e-01 -2.866662e-03 1.773736e-03 1.129303e-01 1.698383e-05 -4.254623e-05 7.584852e-06 9.342885e-05
11704.849267 7.813143e-01 -2.871787e-03 1.745038e-03 1.132837e-01 1.064915e-05 -4.495940e-05 9.979851e-06 8.467438e-05
11706.708588 7.817672e-01 -2.885674e-03 1.774103e-03 1.130360e-01 4.840192e-06 -5.444257e-05 -1.498317e-06 8.208335e-05
11708.580100 7.812837e-01 -2.866079e-03 1.755809e-03 1.140050e-01 1.359592e-05 -4.980579e-05 2.061310e-06 9.086469e-05
11710.463805 7.810243e-01 -2.865674e-03 1.825324e-03 1.136231e-01 1.917447e-05 -5.196534e-05 -3.675706e-07 9.263234e-05
11712.359702 7.808192e-01 -2.863266e-03 1.860299e-03 1.130583e-01 1.548502e-05 -4.936877e-05 -5.066745e-06 8.653243e-05
11714.267790 7.812103e-01 -2.874594e-03 1.865945e-03 1.133690e-01 1.563867e-05 -4.872624e-05 -1.617909e-05 6.544942e-05
11716.188071 7.808267e-01 -2.871813e-03 1.817841e-03 1.135032e-01 7.587800e-06 -3.155778e-05 -1.684572e-06 7.818981e-05
11718.120543 7.794108e-01 -2.876762e-03 1.696811e-03 1.139852e-01 3.545986e-06 -2.985352e-05 -4.146889e-06 8.192298e-05
11720.065207 7.795998e-01 -2.888505e-03 1.693074e-03 1.137317e-01 5.836866e-07 -3.712659e-05 -3.176099e-06 6.926456e-05
11722.022064 7.788971e-01 -2.891794e-03 1.776383e-03 1.150282e-01 3.036729e-06 -3.573321e-05 -3.544264e-07 7.647259e-05
11723.991112 7.791499e-01 -2.881644e-03 1.764267e-03 1.143958e-01 6.545078e-06 -3.457257e-05 1.061329e-05 8.920529e-05
11725.972352 7.794156e-01 -2.899696e-03 1.800781e-03 1.139166e-01 1.716253e-05 -4.182345e-05 7.135277e-06 8.130995e-05
11727.965784 7.782164e-01 -2.904542e-03 1.795974e-03 1.137424e-01 2.053361e-05 -4.288454e-05 1.668037e-06 7.260019e-05
11729.971407 7.774249e-01 -2.891829e-03 1.807561e-03 1.144863e-01 2.245523e-05 -4.504917e-05 1.273596e-06 7.221409e-05
11731.989223 7.771848e-01 -2.886591e-03 1.676491e-03 1.137013e-01 2.050620e-05 -3.989146e-05 -4.118709e-06 7.793137e-05
11734.019231 7.775118e-01 -2.883653e-03 1.712716e-03 1.139448e-01 1.853689e-05 -3.788545e-05 -1.768010e-06 6.164908e-05
11736.061430 7.768146e-01 -2.879608e-03 1.717111e-03 1.141515e-01 2.580598e-05 -3.891392e-05 -2.846356e-06 6.360220e-05
11738.115822 7.767130e-01 -2.887473e-03 1.707491e-03 1.131259e-01 3.141006e-05 -4.487946e-05 7.043478e-06 6.476774e-05
11740.182405 7.756054e-01 -2.880479e-03 1.707558e-03 1.139148e-01 3.301431e-05 -4.458801e-05 7.248256e-06 7.640675e-05
11742.261180 7.736156e-01 -2.870387e-03 1.657316e-03 1.140129e-01 3.012388e-05 -5.144683e-05 4.565535e-06 7.430036e-05
11744.352148 7.732318e-01 -2.894280e-03 1.755581e-03 1.149319e-01 2.032820e-05 -3.971755e-05 -3.836986e-07 7.375663e-05
11746.455307 7.751111e-01 -2.896305e-03 1.807246e-03 1.151633e-01 9.598221e-06 -3.789516e-05 -8.853248e-06 7.631401e-05
11748.570658 7.751598e-01 -2.886752e-03 1.780109e-03 1.140145e-01 6.515041e-06 -2.917144e-05 -1.621582e-05 6.950474e-05
11750.698201 7.744485e-01 -2.881775e-03 1.811644e-03 1.139890e-01 1.058066e-05 -2.875038e-05 -1.050390e-05 6.964766e-05
11752.837935 7.753514e-01 -2.860649e-03 1.818325e-03 1.143928e-01 1.400303e-05 -3.600193e-05 7.153607e-06 7.952314e-05
11754.989862 7.734668e-01 -2.871317e-03 1.750754e-03 1.148577e-01 1.333894e-05 -3.910404e-05 1.089153e-05 7.114432e-05
11757.153981 7.717206e-01 -2.880485e-03 1.660115e-03 1.138652e-01 2.190987e-05 -3.611382e-05 7.053734e-06 6.313037e-05
11759.330291 7.712004e-01 -2.897202e-03 1.696248e-03 1.137186e-01 9.967593e-06 -3.487534e-05 2.272818e-05 7.528990e-05
11761.518794 7.687473e-01 -2.898456e-03 1.776228e-03 1.137455e-01 1.283515e-05 -3.694396e-05 4.483907e-06 7.530825e-05
11763.719488 7.708718e-01 -2.881827e-03 1.815252e-03 1.139790e-01 1.067100e-05 -3.609325e-05 3.964859e-06 7.800582e-05
11765.932374 7.710363e-01 -2.869579e-03 1.827735e-03 1.141026e-01 6.579937e-06 -2.996940e-05 2.598946e-06 7.498676e-05
11768.157453 7.712126e-01 -2.874892e-03 1.749980e-03 1.139070e-01 7.873492e-07 -3.808882e-05 3.758236e-06 7.345496e-05
11770.394723 7.707048e-01 -2.855970e-03 1.699892e-03 1.141365e-01 -6.702133e-09 -4.161099e-05 2.584968e-05 8.357130e-05
11772.644185 7.699989e-01 -2.877107e-03 1.747521e-03 1.137281e-01 4.494479e-08 -3.451126e-05 1.045052e-05 9.521161e-05
11774.905838 7.688738e-01 -2.896827e-03 1.680718e-03 1.142711e-01 9.467877e-06 -3.642782e-05 1.268506e-05 8.126778e-05
11777.179684 7.690612e-01 -2.899054e-03 1.752780e-03 1.137292e-01 1.669441e-05 -3.800017e-05 1.335992e-05 7.995450e-05
11779.465722 7.671953e-01 -2.887338e-03 1.801791e-03 1.133647e-01 2.141307e-05 -3.045677e-05 8.492354e-06 8.413855e-05
11781.763952 7.677043e-01 -2.896328e-03 1.801972e-03 1.127917e-01 2.667575e-05 -2.982679e-05 6.456048e-06 7.742352e-05
11784.074373 7.672280e-01 -2.902057e-03 1.737385e-03 1.137549e-01 3.100725e-05 -3.436306e-05 -6.061717e-06 7.705306e-05
11786.396987 7.658865e-01 -2.889738e-03 1.779185e-03 1.135393e-01 2.656863e-05 -3.750505e-05 5.014219e-07 8.261376e-05
11788.731792 7.661187e-01 -2.893087e-03 1.757231e-03 1.138832e-01 2.561387e-05 -3.323736e-05 3.547550e-06 8.543750e-05
11791.078789 7.651988e-01 -2.915666e-03 1.728291e-03 1.129035e-01 3.221063e-05 -3.136970e-05 -8.811520e-07 8.630668e-05
11793.437978 7.633206e-01 -2.913612e-03 1.634212e-03 1.142063e-01 3.372674e-05 -3.762945e-05 -3.521720e-07 8.838278e-05
11795.809359 7.617875e-01 -2.897720e-03 1.715956e-03 1.130688e-01 2.776203e-05 -4.931198e-05 -5.441291e-06 9.446832e-05
11798.192932 7.615249e-01 -2.917182e-03 1.770623e-03 1.127596e-01 2.174979e-05 -4.389816e-05 6.276550e-06 9.296040e-05
11800.588697 7.633952e-01 -2.892134e-03 1.750514e-03 1.136229e-01 2.189995e-05 -3.036672e-05 6.115906e-06 8.017891e-05
11802.996654 7.623801e-01 -2.893552e-03 1.756828e-03 1.138122e-01 2.377058e-05 -3.718842e-05 1.142595e-05 7.978286e-05
11805.416803 7.649052e-01 -2.865736e-03 1.778113e-03 1.148589e-01 2.538468e-05 -3.409989e-05 7.505161e-06 8.646078e-05
11807.849143 7.644791e-01 -2.887348e-03 1.773505e-03 1.145516e-01 2.336732e-05 -3.804188e-05 -9.824523e-07 7.804504e-05
11810.293676 7.615665e-01 -2.883407e-03 1.795851e-03 1.135018e-01 2.555712e-05 -4.098896e-05 9.001480e-07 7.178648e-05
11812.750400 7.608653e-01 -2.880051e-03 1.835992e-03 1.142201e-01 1.877243e-05 -5.024396e-05 1.429508e-06 7.239016e-05
11815.219317 7.615592e-01 -2.869818e-03 1.751566e-03 1.138444e-01 1.000855e-05 -5.041013e-05 1.127805e-06 7.445264e-05
11817.700425 7.625525e-01 -2.864646e-03 1.754818e-03 1.146145e-01 8.679899e-06 -4.453839e-05 9.723319e-06 8.447758e-05
11820.193725 7.604617e-01 -2.885689e-03 1.780877e-03 1.141270e-01 8.919125e-06 -4.059411e-05 1.097426e-05 8.407764e-05
11822.699217 7.594723e-01 -2.875878e-03 1.735897e-03 1.143169e-01 1.021692e-06 -4.591597e-05 2.090165e-05 8.275852e-05
11825.216901 7.622197e-01 -2.880472e-03 1.770625e-03 1.142901e-01 1.449922e-05 -4.724800e-05 1.782152e-05 8.562723e-05
11827.746777 7.615513e-01 -2.910114e-03 1.728425e-03 1.146205e-01 2.408144e-05 -6.119325e-05 1.089705e-05 8.903602e-05
11830.288845 7.603370e-01 -2.884835e-03 1.723765e-03 1.141622e-01 1.829748e-05 -5.966139e-05 4.322603e-06 8.897481e-05
11832.843105 7.581073e-01 -2.879048e-03 1.742203e-03 1.139298e-01 1.178362e-05 -5.422686e-05 1.401779e-05 8.677069e-05
11835.409556 7.598414e-01 -2.876102e-03 1.727912e-03 1.138914e-01 1.187551e-05 -6.063218e-05 9.584514e-06 7.880820e-05
11837.988200 7.540029e-01 -2.865403e-03 1.740805e-03 1.132931e-01 9.582144e-06 -5.920922e-05 -8.004597e-06 7.950420e-05
11840.579035 7.566388e-01 -2.861527e-03 1.712286e-03 1.139018e-01 1.789465e-05 -6.305481e-05 -6.785801e-06 8.578316e-05
11843.182062 7.568838e-01 -2.869751e-03 1.742740e-03 1.133727e-01 2.553896e-05 -6.200030e-05 7.494162e-06 8.903842e-05
11845.797282 7.584961e-01 -2.867955e-03 1.704772e-03 1.143617e-01 2.815328e-05 -5.703319e-05 3.492355e-06 9.995768e-05
11848.424693 7.562099e-01 -2.865800e-03 1.780608e-03 1.135189e-01 3.816988e-05 -5.637941e-05 6.395037e-06 9.920139e-05
11851.064296 7.562910e-01 -2.864955e-03 1.756881e-03 1.136130e-01 3.395058e-05 -5.930119e-05 -1.057679e-05 8.625009e-05
11853.716091 7.534298e-01 -2.870793e-03 1.738605e-03 1.134022e-01 3.748444e-05 -5.138642e-05 -8.127306e-06 9.333388e-05
11856.380078 7.549386e-01 -2.870575e-03 1.753644e-03 1.140717e-01 3.620146e-05 -5.105086e-05 1.233157e-06 9.715562e-05
11859.056256 7.563129e-01 -2.863265e-03 1.800549e-03 1.145631e-01 2.877759e-05 -4.663835e-05 3.925143e-06 1.034846e-04
11861.744627 7.545980e-01 -2.859899e-03 1.777975e-03 1.141045e-01 3.198801e-05 -4.731121e-05 -3.830923e-06 9.220925e-05
11864.445190 7.526952e-01 -2.872564e-03 1.812969e-03 1.145034e-01 2.900359e-05 -5.517022e-05 -6.380356e-06 9.661421e-05
11867.157944 7.526274e-01 -2.865487e-03 1.739930e-03 1.135803e-01 2.780065e-05 -5.257806e-05 4.410054e-06 1.192189e-04
11869.882891 7.544928e-01 -2.868552e-03 1.763294e-03 1.142221e-01 3.158944e-05 -5.242838e-05 2.818481e-07 1.061949e-04
11872.620029 7.526072e-01 -2.861263e-03 1.801926e-03 1.146616e-01 2.505110e-05 -4.515822e-05 -3.453943e-06 9.898068e-05
11875.369359 7.525392e-01 -2.850205e-03 1.753658e-03 1.142998e-01 3.273120e-05 -5.957671e-05 8.032550e-07 1.050204e-04
11878.130881 7.506356e-01 -2.857627e-03 1.780217e-03 1.138734e-01 1.835664e-05 -6.191437e-05 4.244805e-06 9.704859e-05
11880.904595 7.521419e-01 -2.862368e-03 1.789563e-03 1.140921e-01 2.208589e-05 -5.847960e-05 2.778145e-06 9.623723e-05
11883.690501 7.505098e-01 -2.866007e-03 1.773565e-03 1.143926e-01 2.360551e-05 -6.191792e-05 2.561685e-06 1.061254e-04
11886.488599 7.495521e-01 -2.877428e-03 1.732655e-03 1.142250e-01 1.816623e-05 -5.555231e-05 5.829198e-06 1.070143e-04
11889.298889 7.503821e-01 -2.861250e-03 1.781896e-03 1.149062e-01 1.346969e-05 -5.004808e-05 1.342308e-05 9.822837e-05
11892.121371 7.506369e-01 -2.864783e-03 1.718471e-03 1.148792e-01 4.497688e-06 -4.909009e-05 2.264924e-05 9.809585e-05
11894.956044 7.456811e-01 -2.868067e-03 1.740165e-03 1.136835e-01 1.883670e-05 -4.562508e-05 1.375764e-05 1.016374e-04
11897.802910 7.413328e-01 -2.854575e-03 1.755007e-03 1.134616e-01 1.800344e-05 -4.429016e-05 4.205185e-06 1.125407e-04
11900.661967 7.465426e-01 -2.876800e-03 1.722134e-03 1.142151e-01 1.564518e-05 -5.435746e-05 3.448011e-06 1.078891e-04
11903.533217 7.481241e-01 -2.883187e-03 1.777208e-03 1.143910e-01 1.872195e-05 -4.009041e-05 -1.881591e-06 9.789533e-05
11906.416658 7.469325e-01 -2.881681e-03 1.786297e-03 1.131028e-01 1.624135e-05 -3.452141e-05 6.282031e-06 8.987671e-05
11909.312291 7.478866e-01 -2.874160e-03 1.723589e-03 1.147285e-01 2.183391e-05 -3.480070e-05 5.917686e-06 9.221913e-05
11912.220116 7.483635e-01 -2.878679e-03 1.761701e-03 1.147872e-01 1.960574e-05 -3.622542e-05 -7.709527e-07 9.919670e-05
11915.140133 7.469325e-01 -2.870144e-03 1.724237e-03 1.144312e-01 2.251058e-05 -3.303914e-05 -1.239096e-05 1.043108e-04
11918.072342 7.459707e-01 -2.873165e-03 1.736201e-03 1.144798e-01 3.101716e-05 -3.355731e-05 3.775286e-06 1.040484e-04
11921.016743 7.395943e-01 -2.879564e-03 1.797944e-03 1.143457e-01 3.525434e-05 -3.449823e-05 1.951050e-05 9.847639e-05
11923.973335 7.392599e-01 -2.866192e-03 1.774398e-03 1.142188e-01 2.497412e-05 -3.525261e-05 1.279382e-05 1.037838e-04
11926.942120 7.439685e-01 -2.839565e-03 1.787975e-03 1.144973e-01 2.790347e-05 -3.809953e-05 4.327215e-06 9.715423e-05
11929.923096 7.431097e-01 -2.855932e-03 1.772029e-03 1.143788e-01 3.635555e-05 -4.017998e-05 9.550063e-06 1.001247e-04
11932.916265 7.436725e-01 -2.858507e-03 1.796096e-03 1.140659e-01 2.878664e-05 -4.078192e-05 4.332893e-06 1.033976e-04
11935.921625 7.443185e-01 -2.858935e-03 1.795345e-03 1.142910e-01 3.020743e-05 -5.244611e-05 1.493535e-05 1.025444e-04
11938.939177 7.425870e-01 -2.858190e-03 1.832837e-03 1.141993e-01 3.010273e-05 -5.276236e-05 2.078453e-05 1.024610e-04
11941.968921 7.418622e-01 -2.855566e-03 1.759833e-03 1.143664e-01 2.644962e-05 -5.117297e-05 1.946927e-05 1.055208e-04
11945.010858 7.409295e-01 -2.857249e-03 1.781139e-03 1.144459e-01 2.266290e-05 -5.906292e-05 1.320444e-05 1.054394e-04
11948.064985 7.397965e-01 -2.877261e-03 1.800228e-03 1.161153e-01 1.517923e-05 -6.246560e-05 1.026171e-05 1.038672e-04
11951.131305 7.395142e-01 -2.891955e-03 1.740423e-03 1.190834e-01 1.703342e-05 -5.520791e-05 1.473173e-05 1.031852e-04
11954.209817 7.394696e-01 -2.859473e-03 1.768691e-03 1.213800e-01 1.312062e-05 -5.178345e-05 1.179385e-05 9.900991e-05
11957.300521 7.400053e-01 -2.859599e-03 1.732677e-03 1.196903e-01 2.085310e-05 -5.585222e-05 8.520043e-06 9.612677e-05
11960.403416 7.391470e-01 -2.845965e-03 1.720983e-03 1.168785e-01 2.513992e-05 -5.669948e-05 1.536197e-05 1.005867e-04
11963.518504 7.386830e-01 -2.850576e-03 1.821329e-03 1.146318e-01 1.469786e-05 -6.023329e-05 2.670511e-05 1.110553e-04
11966.645783 7.372095e-01 -2.840433e-03 1.769872e-03 1.139488e-01 1.734986e-05 -4.546677e-05 1.803704e-05 1.073941e-04
11969.785255 7.363146e-01 -2.848612e-03 1.737308e-03 1.144946e-01 2.152017e-05 -4.053671e-05 1.110572e-05 1.088367e-04
11972.936918 7.360246e-01 -2.857340e-03 1.745277e-03 1.135731e-01 2.815038e-05 -5.185717e-05 2.018421e-05 1.158592e-04
11976.100773 7.368837e-01 -2.869216e-03 1.730737e-03 1.149039e-01 2.312537e-05 -5.071140e-05 1.248464e-05 1.159440e-04
11979.276820 7.345299e-01 -2.891766e-03 1.779904e-03 1.140640e-01 2.476929e-05 -5.043736e-05 8.872183e-06 1.174074e-04
11982.465059 7.342792e-01 -2.873372e-03 1.766069e-03 1.139162e-01 2.728513e-05 -3.982155e-05 1.624017e-05 1.084539e-04
11985.665490 7.344376e-01 -2.871384e-03 1.787163e-03 1.142669e-01 2.912183e-05 -4.207087e-05 2.967280e-05 1.136406e-04
11988.878112 7.331302e-01 -2.856145e-03 1.823878e-03 1.144193e-01 3.236410e-05 -4.846006e-05 2.509428e-05 9.709660e-05
11992.102927 7.332401e-01 -2.869767e-03 1.788564e-03 1.147415e-01 2.212000e-05 -4.768626e-05 1.899839e-05 9.597189e-05
11995.339934 7.330416e-01 -2.873410e-03 1.742813e-03 1.140547e-01 2.290913e-05 -3.271308e-05 1.864601e-05 9.847578e-05
11998.589132 7.322521e-01 -2.874225e-03 1.779310e-03 1.146394e-01 2.711677e-05 -2.720902e-05 1.080060e-05 9.772393e-05
12001.850523 7.319298e-01 -2.878065e-03 1.806078e-03 1.146316e-01 2.349879e-05 -2.953352e-05 7.754306e-06 9.418663e-05
12005.124105 7.320344e-01 -2.871508e-03 1.759722e-03 1.147123e-01 2.280328e-05 -2.830414e-05 9.127375e-06 1.004060e-04
12008.409879 7.313402e-01 -2.875503e-03 1.765862e-03 1.144595e-01 1.633168e-05 -2.900027e-05 2.009515e-06 9.819972e-05
12011.707845 7.302987e-01 -2.892634e-03 1.756750e-03 1.141840e-01 8.936337e-06 -3.631690e-05 -7.126478e-06 1.031081e-04
12015.018003 7.299435e-01 -2.873761e-03 1.770147e-03 1.141277e-01 1.654027e-05 -4.251290e-05 1.379136e-05 1.085886e-04
12018.340353 7.296853e-01 -2.883901e-03 1.738722e-03 1.143927e-01 1.809192e-05 -4.249488e-05 1.127139e-05 1.068555e-04
12021.674895 7.289939e-01 -2.888154e-03 1.780358e-03 1.141153e-01 1.299709e-05 -3.837913e-05 3.997645e-06 9.125592e-05
12025.021629 7.283787e-01 -2.876395e-03 1.706772e-03 1.141261e-01 7.523165e-06 -3.780966e-05 3.540281e-06 1.022921e-04
12028.380554 7.283402e-01 -2.882179e-03 1.736827e-03 1.137850e-01 1.182951e-05 -3.540983e-05 1.064512e-05 1.018513e-04
12031.751672 7.274463e-01 -2.876942e-03 1.720987e-03 1.139840e-01 1.697567e-05 -3.739494e-05 1.737946e-05 1.058936e-04
12035.134982 7.265659e-01 -2.878205e-03 1.682408e-03 1.141391e-01 1.277872e-05 -4.135270e-05 2.045809e-05 1.153622e-04
12038.530483 7.262315e-01 -2.881967e-03 1.761986e-03 1.139878e-01 4.646071e-06 -4.925776e-05 2.343360e-05 1.147516e-04
12041.938176 7.255435e-01 -2.884398e-03 1.812265e-03 1.139712e-01 1.263435e-05 -4.842578e-05 3.069838e-05 1.233670e-04
12045.358061 7.198763e-01 -2.887813e-03 1.851373e-03 1.131931e-01 7.655070e-06 -4.515423e-05 2.126225e-05 1.260907e-04
12048.790139 7.137762e-01 -2.886072e-03 1.791816e-03 1.130232e-01 1.375129e-05 -3.979747e-05 1.350652e-05 1.210971e-04
12052.234408 7.219969e-01 -2.879994e-03 1.781589e-03 1.144932e-01 1.858421e-05 -3.843196e-05 1.016439e-05 1.102484e-04
12055.690868 7.226267e-01 -2.891402e-03 1.782051e-03 1.142834e-01 2.231533e-05 -3.896045e-05 2.339360e-05 1.081857e-04
12059.159521 7.224855e-01 -2.895900e-03 1.774194e-03 1.141711e-01 2.412035e-05 -4.060645e-05 1.603838e-05 1.063472e-04
12062.640366 7.219460e-01 -2.876364e-03 1.755992e-03 1.142101e-01 3.147546e-05 -4.702280e-05 1.542413e-05 1.117462e-04
12066.133403 7.216938e-01 -2.900357e-03 1.727926e-03 1.140379e-01 1.936874e-05 -4.353400e-05 8.654703e-06 1.048268e-04
12069.638631 7.210595e-01 -2.891706e-03 1.737196e-03 1.141751e-01 1.932480e-05 -4.615054e-05 -2.207794e-06 1.108499e-04
12073.156052 7.205393e-01 -2.878635e-03 1.749197e-03 1.143946e-01 1.378659e-05 -4.372014e-05 1.048669e-05 1.153522e-04
12076.685664 7.193384e-01 -2.883623e-03 1.747659e-03 1.138949e-01 7.836884e-06 -3.625185e-05 1.269077e-05 1.070920e-04
12080.227468 7.182445e-01 -2.866597e-03 1.743341e-03 1.138031e-01 1.625312e-05 -3.667373e-05 2.072505e-06 1.180053e-04
12083.781465 7.182942e-01 -2.874464e-03 1.743864e-03 1.139629e-01 1.626774e-05 -3.569983e-05 1.434926e-05 1.211179e-04
12087.347653 7.170015e-01 -2.876612e-03 1.719949e-03 1.136193e-01 1.950531e-05 -4.312842e-05 1.278968e-05 1.125579e-04
12090.926033 7.169765e-01 -2.874605e-03 1.756322e-03 1.143319e-01 2.188196e-05 -4.210584e-05 5.677892e-06 1.110751e-04
12094.516605 7.165683e-01 -2.880880e-03 1.776944e-03 1.144968e-01 2.699790e-05 -3.680429e-05 7.596156e-06 1.335099e-04
12098.119369 7.163835e-01 -2.899701e-03 1.779844e-03 1.148861e-01 1.680614e-05 -2.885113e-05 -7.873474e-06 1.237938e-04
12101.734324 7.156991e-01 -2.885071e-03 1.797937e-03 1.152343e-01 6.824629e-06 -2.553305e-05 -1.268253e-05 1.283750e-04
12105.361472 7.158246e-01 -2.905449e-03 1.798178e-03 1.153586e-01 1.420874e-05 -3.180476e-05 -1.045943e-05 1.177770e-04
12109.000811 7.152781e-01 -2.865461e-03 1.785111e-03 1.150990e-01 7.225752e-06 -3.999259e-05 -1.716164e-05 1.159570e-04
12112.652343 7.145839e-01 -2.876514e-03 1.756617e-03 1.141451e-01 1.063914e-05 -4.191315e-05 -7.866823e-06 1.172145e-04
12116.316066 7.127725e-01 -2.883313e-03 1.830265e-03 1.141582e-01 9.117496e-06 -4.305305e-05 -9.410078e-06 1.101516e-04
12119.991982 7.115919e-01 -2.887222e-03 1.771554e-03 1.137897e-01 1.015010e-05 -3.324168e-05 -1.082882e-05 1.089890e-04
12123.680089 7.124057e-01 -2.873029e-03 1.760832e-03 1.139736e-01 8.837268e-06 -2.849089e-05 -9.299536e-06 1.032094e-04
12127.380388 7.118050e-01 -2.868135e-03 1.787744e-03 1.144572e-01 2.307603e-05 -2.513983e-05 -8.360986e-06 1.088583e-04
12131.092879 7.117405e-01 -2.907087e-03 1.762376e-03 1.142707e-01 2.624319e-05 -3.221749e-05 -9.410679e-06 1.149336e-04
12134.817562 7.104434e-01 -2.897534e-03 1.745479e-03 1.134782e-01 1.335659e-05 -2.145721e-05 -1.903734e-05 1.127888e-04
12138.554437 7.100292e-01 -2.868614e-03 1.781482e-03 1.134194e-01 1.520338e-05 -3.499095e-05 -1.110463e-05 1.149174e-04
12142.303503 7.087276e-01 -2.852511e-03 1.774103e-03 1.134929e-01 2.323510e-05 -4.385833e-05 -3.254758e-07 1.111343e-04
12146.064762 7.085567e-01 -2.868662e-03 1.822698e-03 1.140487e-01 2.314255e-05 -3.880726e-05 4.190050e-07 1.166648e-04
12149.838213 7.081048e-01 -2.873350e-03 1.800993e-03 1.136770e-01 3.003931e-05 -3.990838e-05 -5.340712e-07 1.238214e-04
12153.623855 7.070712e-01 -2.873258e-03 1.800306e-03 1.138015e-01 2.605113e-05 -3.925098e-05 -7.538562e-07 1.151113e-04
12157.421689 7.060098e-01 -2.874243e-03 1.762901e-03 1.138196e-01 2.647634e-05 -3.816296e-05 3.302929e-06 1.186378e-04
12161.231716 7.053547e-01 -2.882653e-03 1.810008e-03 1.140177e-01 2.844314e-05 -4.036552e-05 -1.424316e-05 1.201074e-04
12165.053934 7.044830e-01 -2.885777e-03 1.771938e-03 1.139373e-01 2.877652e-05 -3.487967e-05 -8.235159e-06 1.322857e-04
12168.888344 7.034803e-01 -2.880987e-03 1.716110e-03 1.142100e-01 2.939260e-05 -3.564323e-05 7.156047e-06 1.386462e-04
12172.734946 7.017751e-01 -2.882614e-03 1.752537e-03 1.137963e-01 3.727131e-05 -3.840086e-05 -3.189788e-06 1.295857e-04
12176.593740 7.026195e-01 -2.887599e-03 1.752117e-03 1.136618e-01 2.805009e-05 -3.599532e-05 -1.751646e-05 1.185272e-04
12180.464726 7.028830e-01 -2.879196e-03 1.780350e-03 1.137750e-01 2.895676e-05 -5.006296e-05 -1.724836e-05 1.111413e-04
12184.347903 7.019285e-01 -2.884291e-03 1.766637e-03 1.143643e-01 3.487402e-05 -3.993111e-05 -2.137667e-05 9.975586e-05
12188.243273 6.997531e-01 -2.870981e-03 1.781425e-03 1.146604e-01 2.669261e-05 -3.206669e-05 -8.121489e-06 1.127959e-04
12192.150835 7.011587e-01 -2.855653e-03 1.758538e-03 1.148030e-01 2.119171e-05 -4.248068e-05 -1.161973e-06 1.153670e-04
12196.070588 7.007827e-01 -2.855763e-03 1.736512e-03 1.147234e-01 2.507195e-05 -4.477243e-05 4.094342e-06 1.050295e-04
12200.002533 7.005579e-01 -2.872588e-03 1.766779e-03 1.139382e-01 1.998545e-05 -4.328793e-05 1.485952e-05 1.026967e-04
12203.946671 7.000613e-01 -2.870783e-03 1.846823e-03 1.142455e-01 2.709084e-05 -3.770525e-05 3.603241e-06 1.070388e-04
12207.903000 6.982565e-01 -2.869208e-03 1.754437e-03 1.140548e-01 3.515387e-05 -3.188952e-05 1.084477e-06 1.078850e-04
12211.871521 6.969412e-01 -2.859857e-03 1.720858e-03 1.136111e-01 3.881617e-05 -3.461269e-05 1.198988e-06 9.943762e-05
12215.852234 6.958181e-01 -2.873055e-03 1.772384e-03 1.132622e-01 2.852748e-05 -2.946246e-05 -6.592785e-06 1.060266e-04
12219.845139 6.961279e-01 -2.872027e-03 1.749760e-03 1.140803e-01 2.993500e-05 -2.432863e-05 -1.013949e-05 1.126574e-04
12223.850236 6.958044e-01 -2.875637e-03 1.739810e-03 1.140159e-01 2.042338e-05 -2.688778e-05 -8.239426e-06 1.137974e-04
12227.867524 6.952903e-01 -2.871790e-03 1.750868e-03 1.137450e-01 2.831172e-05 -2.636541e-05 -9.931943e-06 1.096993e-04
12231.897005 6.939820e-01 -2.855184e-03 1.770470e-03 1.135520e-01 2.056663e-05 -1.947148e-05 -2.144234e-06 1.113744e-04
12235.938678 6.935074e-01 -2.866085e-03 1.789528e-03 1.135076e-01 1.915217e-05 -2.739748e-05 4.500902e-06 1.133775e-04
12239.992542 6.926786e-01 -2.855498e-03 1.794206e-03 1.137823e-01 2.643371e-05 -3.324052e-05 2.239290e-06 1.132501e-04
12244.058598 6.931507e-01 -2.874350e-03 1.805138e-03 1.136958e-01 2.504794e-05 -2.806229e-05 3.561912e-06 1.225058e-04
12248.136847 6.906106e-01 -2.878782e-03 1.774516e-03 1.138804e-01 1.516666e-05 -2.909873e-05 4.812353e-06 1.171813e-04
12252.227287 6.855572e-01 -2.877961e-03 1.758964e-03 1.129985e-01 9.521011e-06 -2.934891e-05 6.687254e-06 1.123709e-04
12256.329919 6.746224e-01 -2.868787e-03 1.802373e-03 1.119275e-01 1.685859e-05 -3.847819e-05 -2.692425e-06 1.111071e-04
12260.444743 6.847169e-01 -2.853413e-03 1.791390e-03 1.130540e-01 2.035997e-05 -3.306399e-05 -2.322513e-06 1.152396e-04
12264.571759 6.868884e-01 -2.863199e-03 1.765141e-03 1.136896e-01 2.375545e-05 -3.638896e-05 -1.288410e-05 1.039517e-04
12268.710967 6.858128e-01 -2.871578e-03 1.762399e-03 1.137165e-01 2.516619e-05 -3.849573e-05 -7.861311e-06 9.658567e-05
12272.862366 6.867180e-01 -2.845151e-03 1.778480e-03 1.138520e-01 2.171517e-05 -3.664656e-05 -4.520759e-06 1.068682e-04
12277.025958 6.865726e-01 -2.852483e-03 1.743275e-03 1.136990e-01 1.700749e-05 -4.875935e-05 7.827306e-07 1.137616e-04
12281.201742 6.860515e-01 -2.873768e-03 1.755983e-03 1.140026e-01 1.892415e-05 -5.115991e-05 -3.637815e-06 1.051267e-04
12285.389717 6.843239e-01 -2.870866e-03 1.776983e-03 1.133547e-01 2.031036e-05 -3.791062e-05 -1.967016e-06 1.065536e-04
12289.589884 6.843062e-01 -2.876347e-03 1.708720e-03 1.135439e-01 1.458555e-05 -3.096304e-05 5.912562e-06 1.009597e-04
12293.802244 6.839282e-01 -2.879893e-03 1.772521e-03 1.138682e-01 6.601391e-06 -3.488131e-05 8.903202e-06 1.127122e-04
12298.026795 6.705456e-01 -2.879875e-03 1.753755e-03 1.120839e-01 3.806096e-06 -2.742219e-05 9.516900e-06 1.162434e-04
12302.263538 6.740799e-01 -2.891913e-03 1.748323e-03 1.126200e-01 1.407067e-05 -2.611399e-05 1.275456e-07 1.004409e-04
12306.512473 6.811496e-01 -2.858361e-03 1.746910e-03 1.138129e-01 1.674327e-05 -2.986996e-05 1.419043e-06 9.366378e-05
12310.773600 6.809952e-01 -2.864479e-03 1.769277e-03 1.139377e-01 2.179774e-05 -3.771935e-05 6.579105e-06 1.033197e-04
12315.046919 6.807634e-01 -2.865096e-03 1.784948e-03 1.134844e-01 2.449380e-05 -3.777497e-05 5.353164e-06 9.999846e-05
12319.332429 6.801841e-01 -2.872794e-03 1.804473e-03 1.136633e-01 2.378133e-05 -3.638310e-05 3.606623e-06 1.082950e-04
12323.630132 6.799569e-01 -2.890322e-03 1.769063e-03 1.137488e-01 1.337060e-05 -3.637087e-05 9.096263e-06 1.136308e-04
12327.940026 6.791300e-01 -2.894626e-03 1.763320e-03 1.142326e-01 1.899790e-05 -3.497722e-05 1.949724e-06 1.119962e-04
12332.262113 6.784048e-01 -2.862264e-03 1.789970e-03 1.159882e-01 2.436328e-05 -4.140654e-05 9.887013e-06 1.171849e-04
12336.596391 6.777983e-01 -2.871881e-03 1.790597e-03 1.178241e-01 2.956890e-05 -3.241609e-05 5.614958e-06 1.220088e-04
12340.942861 6.770453e-01 -2.881315e-03 1.755415e-03 1.148498e-01 1.687520e-05 -2.619234e-05 1.063111e-05 1.197542e-04
12345.301524 6.766504e-01 -2.878147e-03 1.770833e-03 1.140740e-01 1.617588e-05 -3.528649e-05 2.320223e-05 1.256951e-04
12349.672378 6.756493e-01 -2.877777e-03 1.739466e-03 1.138186e-01 1.601051e-05 -4.103589e-05 1.833364e-05 1.159944e-04
12354.055424 6.736950e-01 -2.869187e-03 1.782891e-03 1.128524e-01 1.410763e-05 -4.355341e-05 1.337285e-05 1.108015e-04
12358.450662 6.740165e-01 -2.872127e-03 1.789892e-03 1.136629e-01 1.186782e-05 -4.167683e-05 8.954811e-06 1.030237e-04
12362.858091 6.732690e-01 -2.884234e-03 1.808307e-03 1.139792e-01 1.039527e-05 -3.010228e-05 2.780117e-06 1.014742e-04
12367.277713 6.720370e-01 -2.895812e-03 1.802450e-03 1.139790e-01 7.226178e-06 -1.724298e-05 1.187838e-05 9.910663e-05
12371.709527 6.724480e-01 -2.881910e-03 1.758097e-03 1.139214e-01 9.283239e-06 -1.671131e-05 1.376502e-05 1.182035e-04
12376.153532 6.719608e-01 -2.862130e-03 1.758357e-03 1.137655e-01 2.134109e-05 -1.941950e-05 6.799646e-06 1.137329e-04
12380.609730 6.711421e-01 -2.861078e-03 1.710591e-03 1.143832e-01 2.483968e-05 -2.320657e-05 5.255353e-06 1.046364e-04
12385.078119 6.703265e-01 -2.866952e-03 1.737534e-03 1.135288e-01 2.077219e-05 -2.314696e-05 -1.220996e-05 1.061810e-04
12389.558700 6.695799e-01 -2.872886e-03 1.784258e-03 1.139463e-01 2.654469e-05 -2.303551e-05 -8.375200e-06 1.021603e-04
12394.051473 6.687228e-01 -2.856070e-03 1.832448e-03 1.134882e-01 1.639674e-05 -1.845110e-05 -5.094620e-06 1.063391e-04
12398.556438 6.679690e-01 -2.872850e-03 1.739310e-03 1.132860e-01 1.664673e-05 -2.279798e-05 -3.515140e-07 1.080462e-04
12403.073595 6.668372e-01 -2.898851e-03 1.705339e-03 1.134051e-01 2.079144e-05 -2.239297e-05 -5.655555e-07 1.051678e-04
12407.602944 6.661735e-01 -2.890646e-03 1.725611e-03 1.139244e-01 2.299918e-05 -2.341363e-05 7.581039e-06 1.085647e-04
12412.144485 6.654946e-01 -2.867959e-03 1.739003e-03 1.133139e-01 3.014454e-05 -2.086616e-05 7.329922e-06 1.013698e-04
12416.698218 6.637557e-01 -2.858433e-03 1.801531e-03 1.132888e-01 2.758790e-05 -1.551478e-05 -2.509492e-06 9.722661e-05
12421.264142 6.609970e-01 -2.871336e-03 1.753315e-03 1.131062e-01 2.487730e-05 -1.454612e-05 -4.246899e-06 1.031504e-04
12425.842259 6.623184e-01 -2.876277e-03 1.738865e-03 1.134592e-01 3.072239e-05 -2.306949e-05 -3.161949e-06 1.095794e-04
12430.432567 6.629317e-01 -2.870498e-03 1.745833e-03 1.136797e-01 2.720172e-05 -3.073423e-05 -2.691801e-06 1.206706e-04
12435.035068 6.620503e-01 -2.861304e-03 1.788410e-03 1.136856e-01 1.542215e-05 -3.232338e-05 -7.742137e-06 1.094239e-04
12439.649760 6.616253e-01 -2.862939e-03 1.794226e-03 1.138514e-01 2.632294e-05 -4.166093e-05 7.073501e-07 9.977645e-05
12444.276644 6.610082e-01 -2.881839e-03 1.773664e-03 1.133869e-01 2.890866e-05 -4.052308e-05 -1.790743e-06 9.863798e-05
12448.915720 6.596376e-01 -2.870132e-03 1.774301e-03 1.133309e-01 2.944757e-05 -4.341903e-05 -8.919086e-06 1.049969e-04
12453.566988 6.594899e-01 -2.868486e-03 1.696449e-03 1.134355e-01 2.564856e-05 -3.648651e-05 -9.257462e-06 1.045055e-04
12458.230448 6.587228e-01 -2.872383e-03 1.755113e-03 1.136008e-01 2.476594e-05 -3.010872e-05 -5.136385e-06 9.229669e-05
12462.906100 6.581883e-01 -2.868452e-03 1.811819e-03 1.135093e-01 2.803607e-05 -2.598198e-05 -5.423524e-06 9.201023e-05
12467.593943 6.576566e-01 -2.870867e-03 1.775989e-03 1.138198e-01 3.226143e-05 -2.046820e-05 1.107786e-05 8.821253e-05
12472.293979 6.562036e-01 -2.877496e-03 1.749590e-03 1.139209e-01 3.433721e-05 -2.708440e-05 1.221055e-05 9.476823e-05
12477.006206 6.557395e-01 -2.869195e-03 1.753546e-03 1.138959e-01 3.124245e-05 -3.210650e-05 9.834926e-06 9.943257e-05
12481.730626 6.559296e-01 -2.875463e-03 1.767464e-03 1.139226e-01 2.772277e-05 -3.932541e-05 7.047882e-06 9.706531e-05
12486.467237 6.553597e-01 -2.869339e-03 1.787950e-03 1.135971e-01 2.393400e-05 -4.939041e-05 1.628264e-05 9.937728e-05
12491.216040 6.544842e-01 -2.865631e-03 1.754562e-03 1.133812e-01 3.442160e-05 -4.469066e-05 1.239554e-05 9.903702e-05
12495.977036 6.526583e-01 -2.874210e-03 1.780095e-03 1.134944e-01 3.835906e-05 -3.893558e-05 3.786958e-06 9.794125e-05
12500.750223 6.496416e-01 -2.860795e-03 1.785042e-03 1.130999e-01 3.472136e-05 -3.748514e-05 9.832044e-06 9.609480e-05
12505.535602 6.516976e-01 -2.852923e-03 1.759987e-03 1.133100e-01 3.697628e-05 -3.765873e-05 2.130958e-05 1.018444e-04
12510.333172 6.520943e-01 -2.861229e-03 1.744534e-03 1.136285e-01 4.761808e-05 -3.450120e-05 2.410364e-05 1.021638e-04
12515.142935 6.511729e-01 -2.867961e-03 1.697963e-03 1.136001e-01 3.765889e-05 -4.306458e-05 1.103718e-06 1.016839e-04
12519.964890 6.506914e-01 -2.878446e-03 1.750650e-03 1.137544e-01 3.155574e-05 -3.918805e-05 9.493311e-07 9.992031e-05
12524.799037 6.497932e-01 -2.864381e-03 1.693269e-03 1.133133e-01 1.891332e-05 -3.695675e-05 1.369227e-05 1.008854e-04
12529.645375 6.439537e-01 -2.836886e-03 1.696969e-03 1.124736e-01 2.010372e-05 -3.066459e-05 1.361406e-05 9.400146e-05
12534.503905 3.386000e-01 -1.500053e-03 8.705136e-04 5.934872e-02 1.309730e-05 -1.425887e-05 1.648576e-06 5.145165e-05
12539.374628 6.911831e-03 -3.057592e-05 1.777104e-05 1.211897e-03 3.303971e-07 -3.116648e-07 -3.493350e-08 1.107503e-06
