# Facility: NSLS-II
# Beamline: QAS
# Year: 2023
# Cycle: 3
# SAF: 312215
# PI: Reece
# Proposal: 313586
# Scan ID: 271112
# UID: 29d14cdd-80f3-4326-8682-e0e46d87fa62
# Comment: 
# Start time: 10/18/2023  19:49:14
# Stop time: 10/18/2023  19:49:46
# Total time: 00:31
# Trajectory name: Pt-L3-30s-11564.txt
# Element: Platinum ( 78)
# Edge: L3
# E0: 11564
# Reference Foil Element: Pt
# Keithley Gains I0: 1E6 V/A It: 1E6 V/A Iref: 1E7 V/A PIPS: 1E8 V/A 
# Ion Chamber Gas Flow Rates: I0: 0.00 sccm He + 189.70 sccm N2 + 9.80 sccm Ar 
# Ion Chamber Gas Flow Rates: It&Iref: 39.70 sccm N2 + 60.10 sccm Ar
# Incident Beam Path Vertical: 31.75 mm
# Incident Slits Positions B: TOP: 2.0 mm Bottom: 1.0 mm Inboard: 0.57675 mm Outboard: 1.57675 mm
# Sample Stage Positions: Rotation: 35.0 deg Horizontal: -10.11 mm Vertical: 15.39 mm Beam Direction: 0.00 mm
# PerkinElmer Vertical Position: 500.00 mm
# Linkam Oven Temperature : 3.03 C and Ramp Rate: 20.00 C/min.
# Front End Mirror Horizontal Positions: Up: -14.00 mm Down: -14.00 mm
#
# energy  i0  it  ir  iff  aux1  aux2  aux3  aux4
11380.468179 4.209128e-01 -1.421272e-03 8.782709e-04 2.730506e-02 2.528822e-05 -1.710302e-05 1.674060e-06 5.054825e-05
11385.468179 8.275334e-01 -2.813752e-03 1.740186e-03 5.387052e-02 4.463903e-05 -2.359756e-05 6.950121e-06 9.351444e-05
11390.468179 8.335169e-01 -2.841475e-03 1.781208e-03 5.387591e-02 5.140686e-05 -2.325190e-05 -1.398873e-06 9.670639e-05
11395.468179 8.410192e-01 -2.840636e-03 1.779712e-03 5.404734e-02 5.341584e-05 -2.643790e-05 -5.386727e-06 9.789687e-05
11400.468179 8.396350e-01 -2.837944e-03 1.751829e-03 5.416201e-02 5.304108e-05 -2.653746e-05 -2.956368e-06 9.606943e-05
11405.468179 8.378299e-01 -2.840040e-03 1.777817e-03 5.410537e-02 5.068986e-05 -2.710977e-05 -1.059676e-05 9.555129e-05
11410.468179 8.352069e-01 -2.850496e-03 1.774649e-03 5.464704e-02 4.871263e-05 -2.415618e-05 -1.552412e-05 9.758459e-05
11415.468179 8.268098e-01 -2.830082e-03 1.743259e-03 5.418421e-02 4.999762e-05 -3.019786e-05 -9.737422e-06 1.003555e-04
11420.468179 8.266967e-01 -2.831121e-03 1.740860e-03 5.428793e-02 4.746151e-05 -3.019007e-05 -1.910859e-05 9.776985e-05
11425.468179 8.339833e-01 -2.836694e-03 1.760730e-03 5.476393e-02 5.345580e-05 -2.800100e-05 -5.739242e-06 9.950670e-05
11430.468179 8.351720e-01 -2.830555e-03 1.714692e-03 5.495019e-02 5.955804e-05 -3.110398e-05 -2.856843e-06 1.002197e-04
11435.468179 8.330606e-01 -2.830615e-03 1.666790e-03 5.470284e-02 5.006183e-05 -3.918670e-05 6.735876e-07 1.023620e-04
11440.468179 8.323487e-01 -2.836540e-03 1.738876e-03 5.465570e-02 4.273672e-05 -3.330405e-05 2.345483e-06 1.033902e-04
11445.468179 8.317266e-01 -2.841709e-03 1.753811e-03 5.468397e-02 5.464458e-05 -2.635757e-05 5.097699e-06 9.836819e-05
11450.468179 8.302807e-01 -2.838286e-03 1.752617e-03 5.489923e-02 5.677829e-05 -2.764616e-05 -5.882268e-07 8.477222e-05
11455.468179 8.290825e-01 -2.839535e-03 1.771317e-03 5.491776e-02 5.262527e-05 -3.602964e-05 -9.549735e-07 9.350211e-05
11460.468179 8.280642e-01 -2.838850e-03 1.732874e-03 5.496581e-02 5.941747e-05 -3.612963e-05 1.449194e-06 9.995104e-05
11465.468179 8.270871e-01 -2.828359e-03 1.737042e-03 5.503272e-02 5.763148e-05 -2.726190e-05 -3.733757e-06 9.008937e-05
11470.468179 8.260244e-01 -2.829793e-03 1.728926e-03 5.515797e-02 5.961491e-05 -2.151796e-05 -1.266337e-06 9.192956e-05
11475.468179 8.253128e-01 -2.827210e-03 1.761041e-03 5.513407e-02 5.564625e-05 -3.214719e-05 1.629708e-06 9.399180e-05
11480.468179 8.241881e-01 -2.826215e-03 1.707955e-03 5.509183e-02 5.661817e-05 -4.150799e-05 7.678856e-06 1.105317e-04
11485.468179 8.239759e-01 -2.823793e-03 1.732151e-03 5.553934e-02 5.413508e-05 -4.809707e-05 3.489223e-06 1.040728e-04
11490.468179 8.226716e-01 -2.826012e-03 1.779212e-03 5.557877e-02 5.988749e-05 -4.306812e-05 -1.073754e-05 9.971988e-05
11495.468179 8.218823e-01 -2.820643e-03 1.754668e-03 5.564081e-02 5.558228e-05 -3.933929e-05 -1.583359e-05 1.020128e-04
11500.468179 8.210865e-01 -2.822090e-03 1.710223e-03 5.582894e-02 5.408899e-05 -3.918754e-05 -1.192799e-06 1.096841e-04
11505.468179 8.198795e-01 -2.808644e-03 1.730603e-03 5.622445e-02 4.550008e-05 -4.833620e-05 -5.899961e-06 1.101133e-04
11510.468179 8.191025e-01 -2.824450e-03 1.773439e-03 5.620350e-02 4.344291e-05 -4.671506e-05 -1.367249e-05 1.032590e-04
11515.468179 8.178391e-01 -2.826010e-03 1.782135e-03 5.627262e-02 3.976247e-05 -4.788651e-05 -7.988802e-06 9.459630e-05
11520.468179 8.175231e-01 -2.825091e-03 1.759086e-03 5.651000e-02 3.857520e-05 -4.553981e-05 -4.634241e-06 8.788576e-05
11525.468179 8.166855e-01 -2.826555e-03 1.788076e-03 5.664886e-02 4.655293e-05 -4.472044e-05 -8.017476e-06 8.208228e-05
11530.468179 8.156121e-01 -2.845344e-03 1.739087e-03 5.666048e-02 5.276440e-05 -3.774214e-05 -2.206327e-06 8.039260e-05
11534.000000 8.147263e-01 -2.843143e-03 1.756259e-03 5.711002e-02 4.604434e-05 -4.511846e-05 3.507609e-08 6.655755e-05
11535.000000 8.145015e-01 -2.850515e-03 1.811259e-03 5.750578e-02 4.075177e-05 -4.594977e-05 6.185238e-06 6.951485e-05
11536.000000 8.146079e-01 -2.827957e-03 1.782506e-03 5.744131e-02 3.531809e-05 -5.482372e-05 6.413593e-06 7.482714e-05
11537.000000 8.156889e-01 -2.847016e-03 1.736157e-03 5.696892e-02 2.981508e-05 -5.575609e-05 1.462463e-06 9.117230e-05
11538.000000 8.139024e-01 -2.831660e-03 1.798549e-03 5.782291e-02 2.371390e-05 -4.700067e-05 6.550625e-06 8.819347e-05
11539.000000 8.138248e-01 -2.840043e-03 1.724415e-03 5.797960e-02 2.472886e-05 -5.080877e-05 -3.265683e-06 8.788594e-05
11540.000000 8.137522e-01 -2.837646e-03 1.770371e-03 5.740776e-02 3.563147e-05 -4.929004e-05 -1.528662e-05 8.287668e-05
11541.000000 8.122594e-01 -2.814187e-03 1.868519e-03 5.755996e-02 4.045771e-05 -4.007295e-05 -2.287975e-05 6.920666e-05
11541.200000 8.053684e-01 -2.859200e-03 1.803942e-03 5.685210e-02 6.150063e-05 -3.240097e-05 -1.154823e-05 7.606503e-05
11541.400000 8.164798e-01 -2.777904e-03 1.879090e-03 5.668485e-02 3.638161e-05 -4.072957e-05 -1.953970e-05 8.294444e-05
11541.600000 8.090799e-01 -2.879408e-03 1.745265e-03 5.787806e-02 3.336042e-05 -3.337878e-05 -1.638062e-05 7.935681e-05
11541.800000 8.167088e-01 -2.831187e-03 1.948719e-03 5.650367e-02 3.583547e-05 -3.379357e-05 -2.034477e-05 7.690493e-05
11542.000000 8.138124e-01 -2.808999e-03 1.878194e-03 5.847102e-02 2.077381e-05 -3.289102e-05 -2.226749e-05 8.990507e-05
11542.200000 8.154846e-01 -2.937294e-03 1.908116e-03 5.941424e-02 1.892742e-05 -3.979011e-05 -1.811216e-05 7.908573e-05
11542.400000 8.104506e-01 -2.736055e-03 1.724211e-03 5.804853e-02 1.024668e-05 -3.640550e-05 -3.191759e-05 7.035912e-05
11542.600000 8.133740e-01 -2.901482e-03 1.703544e-03 5.711523e-02 3.178546e-05 -3.631646e-05 -6.212276e-06 7.283167e-05
11542.800000 8.178149e-01 -2.820420e-03 1.758248e-03 5.943405e-02 3.576637e-05 -3.881942e-05 -3.463915e-06 8.675396e-05
11543.000000 8.166076e-01 -2.854982e-03 1.876038e-03 5.876777e-02 3.797067e-05 -2.988450e-05 2.617324e-07 9.193346e-05
11543.200000 8.122189e-01 -2.876744e-03 1.690674e-03 5.996064e-02 3.630096e-05 -3.317452e-05 5.359292e-06 9.370892e-05
11543.400000 8.125962e-01 -2.795972e-03 1.670564e-03 5.832037e-02 3.472193e-05 -3.108127e-05 -1.504118e-06 8.575083e-05
11543.600000 8.122011e-01 -2.935054e-03 1.633582e-03 5.781739e-02 4.727278e-05 -4.047890e-05 -1.684993e-05 8.374344e-05
11543.800000 8.123249e-01 -2.750563e-03 1.785927e-03 5.914156e-02 4.613772e-05 -3.877886e-05 -1.405408e-05 8.895385e-05
11544.000000 8.173349e-01 -2.924752e-03 1.735241e-03 5.792945e-02 4.963225e-05 -3.533899e-05 -2.107203e-05 9.021788e-05
11544.200000 8.116289e-01 -2.818876e-03 1.929326e-03 5.883819e-02 3.902216e-05 -3.342533e-05 -2.089801e-05 8.752140e-05
11544.400000 8.101059e-01 -2.841275e-03 1.850535e-03 5.856695e-02 5.254358e-05 -3.787178e-05 -1.840271e-05 8.624484e-05
11544.600000 8.173207e-01 -2.914353e-03 1.797785e-03 5.875428e-02 4.402286e-05 -3.632921e-05 -1.269773e-05 1.041222e-04
11544.800000 8.136012e-01 -2.789909e-03 2.036696e-03 5.956032e-02 4.486274e-05 -3.604444e-05 -1.650530e-05 9.283178e-05
11545.000000 8.125663e-01 -2.911384e-03 1.757392e-03 5.908999e-02 5.204700e-05 -3.678340e-05 -2.193840e-05 8.163260e-05
11545.200000 8.155446e-01 -2.791758e-03 1.785860e-03 5.877614e-02 4.096829e-05 -3.073751e-05 -1.210964e-05 8.713970e-05
11545.400000 8.127508e-01 -2.889525e-03 1.755586e-03 6.117173e-02 4.663120e-05 -2.882859e-05 -7.682718e-06 9.251534e-05
11545.600000 8.122995e-01 -2.788773e-03 1.678663e-03 5.737514e-02 3.690227e-05 -2.600640e-05 -5.238740e-06 8.400329e-05
11545.800000 8.126795e-01 -2.919313e-03 1.673633e-03 5.790351e-02 4.010686e-05 -3.281060e-05 -9.879429e-06 8.102772e-05
11546.000000 8.100923e-01 -2.845704e-03 1.645756e-03 5.866159e-02 3.772506e-05 -2.289780e-05 -1.037215e-05 8.411846e-05
11546.200000 8.143990e-01 -2.810933e-03 1.686372e-03 6.013165e-02 4.496011e-05 -2.011853e-05 -2.540668e-06 8.838208e-05
11546.400000 8.095718e-01 -2.921356e-03 1.635994e-03 5.899869e-02 5.533473e-05 -3.287452e-05 1.843787e-06 7.767954e-05
11546.600000 8.180321e-01 -2.811497e-03 1.894112e-03 5.943882e-02 4.519643e-05 -3.587021e-05 5.766970e-06 8.580390e-05
11546.800000 8.208826e-01 -2.973132e-03 1.652574e-03 6.103926e-02 4.446689e-05 -2.959256e-05 -4.013468e-06 8.881963e-05
11547.000000 8.097471e-01 -2.797302e-03 2.012540e-03 6.023837e-02 3.299278e-05 -2.962829e-05 -8.731477e-06 8.489932e-05
11547.200000 8.087580e-01 -2.910905e-03 1.693776e-03 5.701794e-02 4.359524e-05 -3.580109e-05 7.901845e-06 1.002455e-04
11547.400000 8.196642e-01 -2.829053e-03 1.739408e-03 5.985874e-02 3.737431e-05 -4.665747e-05 2.851765e-06 9.181407e-05
11547.600000 8.093963e-01 -2.844662e-03 1.738278e-03 6.078235e-02 5.923582e-05 -4.383315e-05 -8.092358e-06 8.063179e-05
11547.800000 8.171318e-01 -2.890879e-03 1.885785e-03 6.157010e-02 5.621138e-05 -3.546837e-05 -5.787769e-06 7.734024e-05
11548.000000 8.135858e-01 -2.808261e-03 1.874975e-03 6.143317e-02 4.419408e-05 -3.592250e-05 3.214934e-06 6.168506e-05
11548.200000 8.135114e-01 -2.925837e-03 1.898886e-03 6.033657e-02 4.156614e-05 -3.634010e-05 -1.868281e-06 8.621655e-05
11548.400000 8.098904e-01 -2.765661e-03 2.123805e-03 5.911602e-02 1.309002e-05 -4.563181e-05 -8.845496e-06 9.584678e-05
11548.600000 8.101690e-01 -2.932819e-03 2.112536e-03 6.008453e-02 2.574722e-05 -4.087171e-05 -8.479060e-07 8.812246e-05
11548.800000 8.150189e-01 -2.783725e-03 1.946451e-03 5.937203e-02 2.477931e-05 -4.462610e-05 1.881578e-06 7.969419e-05
11549.000000 8.184507e-01 -2.947874e-03 1.817993e-03 6.028443e-02 2.926839e-05 -4.542696e-05 -3.588315e-06 7.902403e-05
11549.200000 8.086100e-01 -2.790309e-03 1.837343e-03 5.897901e-02 1.520233e-05 -4.054767e-05 5.345247e-06 8.114741e-05
11549.400000 8.154331e-01 -2.884759e-03 1.939807e-03 6.118328e-02 2.968795e-05 -3.582697e-05 4.409090e-06 7.212087e-05
11549.600000 8.099725e-01 -2.860081e-03 1.750660e-03 6.069929e-02 2.408286e-05 -3.433638e-05 2.760228e-06 7.436000e-05
11549.800000 8.103569e-01 -2.849601e-03 1.796427e-03 6.106756e-02 2.338866e-05 -3.770511e-05 1.017764e-05 8.595607e-05
11550.000000 8.113984e-01 -2.849056e-03 1.637011e-03 5.985311e-02 2.664200e-05 -4.196852e-05 -6.247836e-06 9.528058e-05
11550.200000 8.130024e-01 -2.772988e-03 1.816181e-03 6.044559e-02 2.599658e-05 -3.330592e-05 2.678867e-06 1.026021e-04
11550.400000 8.102414e-01 -2.912760e-03 1.610624e-03 6.106413e-02 3.209190e-05 -4.140936e-05 -5.074034e-06 9.081263e-05
11550.600000 8.136373e-01 -2.798150e-03 1.904960e-03 6.232362e-02 3.653803e-05 -4.340868e-05 -1.484549e-05 9.282101e-05
11550.800000 8.104380e-01 -2.957148e-03 1.761310e-03 6.002423e-02 4.317859e-05 -4.289804e-05 -1.456428e-05 9.331409e-05
11551.000000 8.110061e-01 -2.795545e-03 1.834413e-03 5.916068e-02 4.028174e-05 -4.776163e-05 -8.421790e-06 1.000310e-04
11551.200000 8.119364e-01 -2.887749e-03 1.660741e-03 6.081430e-02 4.320053e-05 -5.387050e-05 -1.380939e-05 8.680309e-05
11551.400000 8.116730e-01 -2.809269e-03 1.954973e-03 5.984943e-02 3.612109e-05 -5.821680e-05 -3.336967e-06 9.817063e-05
11551.600000 8.109298e-01 -2.916090e-03 1.516983e-03 6.161417e-02 5.399737e-05 -5.503596e-05 -3.940884e-06 9.691640e-05
11551.800000 8.079294e-01 -2.750704e-03 2.001772e-03 6.302303e-02 5.390087e-05 -4.714433e-05 -1.368039e-05 9.135532e-05
11552.000000 8.134324e-01 -2.888219e-03 1.773552e-03 6.152801e-02 5.376519e-05 -4.588396e-05 -1.992524e-07 8.780478e-05
11552.200000 8.112897e-01 -2.779598e-03 1.871942e-03 6.298869e-02 4.050886e-05 -3.904481e-05 -6.645929e-06 8.909860e-05
11552.400000 8.146327e-01 -2.966405e-03 1.491433e-03 6.221836e-02 5.238422e-05 -4.392870e-05 -8.073812e-06 9.722489e-05
11552.600000 8.042528e-01 -2.735890e-03 1.636924e-03 6.146312e-02 3.878959e-05 -3.947655e-05 3.034510e-06 9.483803e-05
11552.800000 8.203602e-01 -2.917096e-03 1.695388e-03 6.181481e-02 6.206729e-05 -4.188700e-05 -6.949940e-06 9.878809e-05
11553.000000 8.146835e-01 -2.758904e-03 1.855292e-03 6.361129e-02 4.222115e-05 -4.630058e-05 -9.767185e-06 9.460648e-05
11553.200000 8.121716e-01 -2.902185e-03 1.689985e-03 6.284071e-02 4.830374e-05 -4.365420e-05 -1.852337e-05 1.120942e-04
11553.400000 8.065256e-01 -2.793931e-03 1.762873e-03 6.150909e-02 3.923618e-05 -3.349001e-05 -2.028002e-05 1.127839e-04
11553.600000 8.114897e-01 -2.934177e-03 1.490739e-03 6.405648e-02 5.585464e-05 -3.576654e-05 -2.148112e-05 1.039750e-04
11553.800000 8.110502e-01 -2.769967e-03 1.973428e-03 6.250999e-02 4.681228e-05 -3.224360e-05 -2.070832e-05 9.124283e-05
11554.000000 8.107299e-01 -2.901834e-03 1.707397e-03 6.019310e-02 5.294074e-05 -4.496286e-05 -2.488747e-05 9.108399e-05
11554.200000 8.145430e-01 -2.806526e-03 1.760228e-03 6.410431e-02 5.254010e-05 -4.003660e-05 -2.720052e-05 1.004370e-04
11554.400000 8.149296e-01 -2.880953e-03 1.561337e-03 6.359760e-02 7.574094e-05 -2.818787e-05 -2.482682e-05 1.048005e-04
11554.600000 8.073153e-01 -2.713917e-03 1.560116e-03 6.231002e-02 6.628248e-05 -2.199384e-05 -1.288916e-05 1.001105e-04
11554.800000 8.128939e-01 -2.934625e-03 1.798189e-03 6.403829e-02 5.946248e-05 -2.792675e-05 -8.573921e-06 8.703159e-05
11555.000000 8.108432e-01 -2.771068e-03 1.900147e-03 6.283117e-02 4.556271e-05 -2.177986e-05 -1.005836e-05 9.592326e-05
11555.200000 8.164210e-01 -2.911198e-03 1.705342e-03 6.573769e-02 6.140340e-05 -2.704966e-05 -1.750262e-05 1.038043e-04
11555.400000 8.103507e-01 -2.786875e-03 1.841407e-03 6.464324e-02 6.043902e-05 -3.830499e-05 -1.664250e-05 9.014311e-05
11555.600000 8.113531e-01 -2.829425e-03 1.539346e-03 6.380642e-02 6.272698e-05 -3.385304e-05 -5.369958e-06 8.887248e-05
11555.800000 8.141349e-01 -2.805927e-03 1.830111e-03 6.580364e-02 4.073189e-05 -3.205962e-05 -1.065211e-05 9.046046e-05
11556.000000 8.134432e-01 -2.888692e-03 1.694784e-03 6.619332e-02 4.067436e-05 -2.716582e-05 -3.642945e-06 1.015351e-04
11556.200000 8.093081e-01 -2.847106e-03 1.608511e-03 6.286009e-02 4.421013e-05 -3.287270e-05 -4.807532e-06 9.514509e-05
11556.400000 8.101080e-01 -2.847032e-03 1.659201e-03 6.412295e-02 5.431012e-05 -4.097518e-05 -4.556755e-06 9.507136e-05
11556.600000 8.127671e-01 -2.870475e-03 1.847248e-03 6.755652e-02 6.383450e-05 -3.454643e-05 -1.835162e-06 1.041740e-04
11556.800000 8.120261e-01 -2.818450e-03 1.765483e-03 6.460055e-02 5.685385e-05 -2.840803e-05 -2.706137e-07 9.579289e-05
11557.000000 8.122934e-01 -2.879143e-03 1.855718e-03 6.552674e-02 5.229652e-05 -2.831653e-05 -1.016541e-05 1.035552e-04
11557.200000 8.126866e-01 -2.788820e-03 1.820735e-03 6.772273e-02 4.938677e-05 -3.304647e-05 -3.523322e-06 1.145698e-04
11557.400000 8.107726e-01 -2.895347e-03 1.738539e-03 6.849527e-02 5.786044e-05 -3.577709e-05 -8.557652e-06 1.006391e-04
11557.600000 8.174359e-01 -2.804395e-03 1.788932e-03 6.940426e-02 4.416446e-05 -3.811340e-05 -1.234958e-05 9.889091e-05
11557.800000 8.133674e-01 -2.903168e-03 1.666471e-03 6.788230e-02 6.181242e-05 -4.050011e-05 -4.876984e-06 1.025075e-04
11558.000000 8.101358e-01 -2.774486e-03 1.742398e-03 6.808257e-02 5.076842e-05 -4.457892e-05 -2.521641e-05 9.842047e-05
11558.200000 8.111043e-01 -2.891418e-03 1.900646e-03 7.104625e-02 5.908633e-05 -3.505819e-05 -2.965860e-06 9.800850e-05
11558.400000 8.105272e-01 -2.766118e-03 1.653800e-03 6.861574e-02 4.760883e-05 -3.820186e-05 -4.255214e-06 9.510757e-05
11558.600000 8.139859e-01 -2.899826e-03 1.822195e-03 7.120002e-02 5.716145e-05 -3.346659e-05 2.009968e-07 1.000305e-04
11558.800000 8.032634e-01 -2.742088e-03 1.796102e-03 7.043592e-02 5.366207e-05 -2.422661e-05 1.045486e-06 9.398441e-05
11559.000000 8.168547e-01 -2.871919e-03 1.806407e-03 7.180252e-02 6.391974e-05 -2.980450e-05 2.153577e-06 8.704646e-05
11559.200000 8.072209e-01 -2.804861e-03 1.773174e-03 7.062837e-02 5.841300e-05 -3.360301e-05 8.094080e-06 8.542274e-05
11559.400000 8.097904e-01 -2.810567e-03 1.750611e-03 7.282924e-02 5.949054e-05 -3.160542e-05 4.544549e-06 7.492137e-05
11559.600000 8.188926e-01 -2.896788e-03 1.778274e-03 7.435406e-02 6.619921e-05 -3.127767e-05 6.090139e-06 8.998459e-05
11559.800000 8.079908e-01 -2.752249e-03 2.093089e-03 7.374527e-02 6.020014e-05 -3.310155e-05 -3.052550e-07 7.990080e-05
11560.000000 8.111437e-01 -2.878613e-03 1.682221e-03 7.384317e-02 6.708220e-05 -3.111086e-05 -8.795343e-06 8.609861e-05
11560.200000 8.102440e-01 -2.774653e-03 1.707915e-03 7.624570e-02 5.087679e-05 -3.503181e-05 -1.939608e-06 9.052882e-05
11560.400000 8.089823e-01 -2.874921e-03 1.790060e-03 7.716253e-02 4.588885e-05 -4.355532e-05 1.196208e-05 9.169822e-05
11560.600000 8.177625e-01 -2.893257e-03 1.566525e-03 7.769868e-02 4.392831e-05 -3.488646e-05 1.215114e-05 7.634827e-05
11560.800000 8.132050e-01 -2.818191e-03 1.747067e-03 7.981078e-02 4.655044e-05 -3.653436e-05 1.280319e-05 9.029043e-05
11561.000000 8.140443e-01 -2.903833e-03 1.660681e-03 8.222840e-02 4.868792e-05 -2.724207e-05 3.168658e-05 8.890464e-05
11561.200000 8.061484e-01 -2.793181e-03 1.923261e-03 8.106790e-02 3.212547e-05 -3.614759e-05 3.065131e-05 9.128913e-05
11561.400000 8.053346e-01 -2.816146e-03 1.860131e-03 8.378208e-02 3.350480e-05 -3.725937e-05 2.967605e-05 1.067598e-04
11561.600000 8.151252e-01 -2.846088e-03 1.646363e-03 8.486991e-02 3.435896e-05 -2.898748e-05 3.187367e-05 1.107791e-04
11561.800000 8.027063e-01 -2.750284e-03 2.099717e-03 8.460863e-02 2.877933e-05 -3.875736e-05 2.358911e-05 9.797461e-05
11562.000000 8.149438e-01 -2.841952e-03 1.876084e-03 8.828546e-02 3.087221e-05 -4.282212e-05 2.541660e-05 1.022779e-04
11562.200000 8.048555e-01 -2.831806e-03 1.735194e-03 8.905234e-02 4.763642e-05 -4.245714e-05 1.902058e-05 9.354545e-05
11562.400000 8.112585e-01 -2.772136e-03 1.752385e-03 9.153596e-02 4.617425e-05 -4.325994e-05 1.948874e-05 1.047934e-04
11562.600000 8.102329e-01 -2.759888e-03 1.630424e-03 9.384138e-02 4.104959e-05 -3.672694e-05 1.145033e-05 1.021069e-04
11562.800000 8.113440e-01 -2.858716e-03 1.645309e-03 9.781799e-02 4.858250e-05 -2.360850e-05 5.847942e-06 9.411797e-05
11563.000000 8.082849e-01 -2.805556e-03 1.668924e-03 9.863632e-02 4.073023e-05 -2.872287e-05 1.413101e-05 9.661526e-05
11563.200000 8.110197e-01 -2.809303e-03 1.745293e-03 1.016042e-01 4.388860e-05 -2.671990e-05 1.552127e-05 9.301746e-05
11563.400000 8.130705e-01 -2.846278e-03 1.823639e-03 1.046775e-01 4.360864e-05 -2.957873e-05 1.438273e-05 9.755439e-05
11563.600000 8.115399e-01 -2.816628e-03 1.923946e-03 1.087234e-01 3.884773e-05 -2.982151e-05 2.778012e-05 9.795861e-05
11563.800000 8.131525e-01 -2.824841e-03 1.821673e-03 1.125234e-01 3.879351e-05 -3.392335e-05 1.685281e-05 8.989147e-05
11564.000000 8.063447e-01 -2.850578e-03 1.707397e-03 1.141332e-01 5.041639e-05 -4.012721e-05 1.548048e-05 9.589923e-05
11564.200000 8.128556e-01 -2.852090e-03 1.802834e-03 1.181972e-01 4.373118e-05 -4.582641e-05 7.599961e-06 9.592302e-05
11564.400000 8.115919e-01 -2.825568e-03 1.719292e-03 1.220906e-01 4.349657e-05 -3.558129e-05 8.610344e-06 8.960824e-05
11564.600000 8.071884e-01 -2.766968e-03 1.751021e-03 1.244650e-01 4.257378e-05 -2.049128e-05 1.010939e-05 8.654584e-05
11564.800000 8.120980e-01 -2.791775e-03 1.822613e-03 1.284775e-01 3.965387e-05 -2.961629e-05 9.013174e-06 9.430067e-05
11565.000000 8.103640e-01 -2.835456e-03 1.922307e-03 1.312487e-01 4.291660e-05 -2.460006e-05 2.002901e-05 1.002464e-04
11565.200000 8.117811e-01 -2.840632e-03 1.903338e-03 1.357750e-01 4.026907e-05 -2.898291e-05 1.055299e-05 9.338432e-05
11565.400000 8.087622e-01 -2.811676e-03 1.795625e-03 1.361932e-01 3.943732e-05 -3.126278e-05 5.657140e-07 8.445053e-05
11565.600000 8.117301e-01 -2.806900e-03 1.864243e-03 1.406994e-01 3.750998e-05 -3.456524e-05 9.925306e-06 8.847160e-05
11565.800000 8.092048e-01 -2.820320e-03 1.955274e-03 1.441573e-01 4.060750e-05 -3.722576e-05 1.061093e-05 9.391223e-05
11566.000000 8.100677e-01 -2.850998e-03 1.657410e-03 1.452501e-01 5.298840e-05 -3.674538e-05 7.001215e-07 8.457416e-05
11566.200000 8.110506e-01 -2.810667e-03 1.763337e-03 1.484657e-01 4.866565e-05 -4.164652e-05 -1.022999e-05 7.977955e-05
11566.400000 8.104053e-01 -2.836709e-03 1.677698e-03 1.504649e-01 4.853455e-05 -3.445808e-05 -8.383572e-06 8.398431e-05
11566.600000 8.118476e-01 -2.831278e-03 1.805287e-03 1.516120e-01 3.911592e-05 -3.238754e-05 -7.879759e-06 7.822690e-05
11566.800000 8.099620e-01 -2.841330e-03 1.759453e-03 1.540563e-01 4.539900e-05 -2.867669e-05 -1.189953e-05 9.069655e-05
11567.000000 8.126144e-01 -2.848230e-03 1.802306e-03 1.544624e-01 4.693147e-05 -2.686141e-05 -8.744477e-07 1.046078e-04
11567.200000 8.096994e-01 -2.813390e-03 1.772290e-03 1.541777e-01 4.119118e-05 -1.421558e-05 -3.788894e-06 9.266825e-05
11567.400000 8.080767e-01 -2.822353e-03 1.671464e-03 1.536936e-01 3.639090e-05 -2.208635e-05 -7.395841e-06 9.541423e-05
11567.600000 8.055363e-01 -2.786424e-03 1.863258e-03 1.534779e-01 3.962387e-05 -2.953451e-05 -8.625836e-06 9.935000e-05
11567.800000 8.128663e-01 -2.838814e-03 1.724978e-03 1.537202e-01 3.555383e-05 -3.095410e-05 -1.476480e-05 9.436234e-05
11568.000000 8.064473e-01 -2.832460e-03 1.830199e-03 1.525958e-01 4.708701e-05 -3.183669e-05 -1.061224e-05 9.216892e-05
11568.200000 8.110850e-01 -2.830004e-03 1.850672e-03 1.540994e-01 3.907580e-05 -2.641366e-05 -6.218617e-06 9.647115e-05
11568.400000 8.086683e-01 -2.818919e-03 1.663861e-03 1.498401e-01 4.075187e-05 -2.185614e-05 3.113887e-06 1.108124e-04
11568.600000 8.117760e-01 -2.823433e-03 1.555344e-03 1.519054e-01 3.613323e-05 -2.238907e-05 -1.215132e-05 1.070300e-04
11568.800000 8.100317e-01 -2.806516e-03 1.679500e-03 1.495079e-01 3.896342e-05 -3.349409e-05 -1.325690e-05 1.048703e-04
11569.000000 8.087794e-01 -2.781396e-03 1.781093e-03 1.478974e-01 3.682757e-05 -4.315834e-05 1.237512e-06 1.063900e-04
11569.200000 8.106131e-01 -2.799344e-03 1.999959e-03 1.467134e-01 3.683023e-05 -3.807195e-05 -1.199262e-05 1.037698e-04
11569.400000 8.101986e-01 -2.799854e-03 1.959281e-03 1.435897e-01 3.456682e-05 -4.576740e-05 -1.904809e-06 1.080093e-04
11569.600000 8.066064e-01 -2.780727e-03 2.122128e-03 1.420053e-01 3.887397e-05 -4.331858e-05 -1.349758e-05 1.032063e-04
11569.800000 8.105859e-01 -2.828230e-03 1.810040e-03 1.405065e-01 4.891701e-05 -4.678670e-05 -1.265931e-05 1.019197e-04
11570.000000 8.074726e-01 -2.838363e-03 1.626174e-03 1.379986e-01 4.363169e-05 -4.685239e-05 -1.467814e-05 9.196891e-05
11570.200000 8.107227e-01 -2.827725e-03 1.709694e-03 1.354773e-01 3.240796e-05 -4.985998e-05 -2.238615e-05 9.190907e-05
11570.400000 8.086786e-01 -2.807507e-03 1.696604e-03 1.349568e-01 2.802599e-05 -5.168398e-05 -2.493527e-05 8.808824e-05
11570.600000 8.071258e-01 -2.791685e-03 1.881874e-03 1.332557e-01 3.186261e-05 -4.051900e-05 -2.427091e-05 8.034609e-05
11570.800000 8.111611e-01 -2.833768e-03 1.780179e-03 1.322685e-01 3.317695e-05 -3.386414e-05 -1.888242e-05 9.300745e-05
11571.000000 8.091947e-01 -2.839460e-03 1.690414e-03 1.302857e-01 3.126850e-05 -3.471262e-05 -2.161604e-05 1.006385e-04
11571.200000 8.093688e-01 -2.836884e-03 1.728414e-03 1.292094e-01 3.496380e-05 -4.416574e-05 -1.698908e-05 1.050160e-04
11571.400000 8.090600e-01 -2.848597e-03 1.683404e-03 1.285396e-01 4.531124e-05 -4.604374e-05 -2.028234e-05 1.052609e-04
11571.600000 8.098791e-01 -2.830123e-03 1.680397e-03 1.268606e-01 4.788954e-05 -4.667749e-05 -1.489727e-05 1.112155e-04
11571.800000 8.085867e-01 -2.852629e-03 1.525454e-03 1.252554e-01 4.301602e-05 -5.135742e-05 -1.741320e-05 1.032759e-04
11572.000000 8.093723e-01 -2.847363e-03 1.616211e-03 1.246759e-01 4.063126e-05 -4.875420e-05 -1.702905e-05 1.101333e-04
11572.200000 8.078500e-01 -2.820296e-03 1.596897e-03 1.235349e-01 3.560018e-05 -5.072615e-05 -1.273840e-05 9.923451e-05
11572.400000 8.095411e-01 -2.818854e-03 1.713444e-03 1.228073e-01 3.978308e-05 -4.328301e-05 -1.015532e-05 1.014837e-04
11572.600000 8.093249e-01 -2.802608e-03 1.614690e-03 1.219517e-01 3.433202e-05 -3.938938e-05 -1.252393e-05 9.551565e-05
11572.800000 8.092150e-01 -2.837984e-03 1.824042e-03 1.212879e-01 3.470787e-05 -4.460803e-05 -8.823246e-06 8.630854e-05
11573.000000 8.090395e-01 -2.826189e-03 1.843802e-03 1.201774e-01 4.429764e-05 -3.636308e-05 -1.092195e-05 7.767832e-05
11573.200000 8.096965e-01 -2.773004e-03 1.856509e-03 1.198299e-01 4.953668e-05 -3.943171e-05 -2.208152e-05 7.243277e-05
11573.400000 8.078474e-01 -2.840374e-03 1.868190e-03 1.194980e-01 5.723664e-05 -4.497598e-05 -1.333892e-05 8.255514e-05
11573.600000 8.089502e-01 -2.856599e-03 1.784028e-03 1.181847e-01 4.948741e-05 -3.724892e-05 -1.189838e-05 9.373967e-05
11573.800000 8.085886e-01 -2.820187e-03 1.837448e-03 1.182802e-01 4.701209e-05 -3.493994e-05 -8.939052e-06 1.000094e-04
11574.000000 8.068174e-01 -2.772673e-03 1.703387e-03 1.175798e-01 4.673488e-05 -4.273840e-05 -4.990842e-06 1.060431e-04
11574.200000 8.090382e-01 -2.841273e-03 1.694243e-03 1.172148e-01 5.083557e-05 -5.288594e-05 -1.970949e-05 9.269963e-05
11574.400000 8.093422e-01 -2.830087e-03 1.679660e-03 1.168949e-01 4.851248e-05 -4.496555e-05 -2.448946e-05 9.571945e-05
11574.600000 8.086475e-01 -2.859086e-03 1.879516e-03 1.161096e-01 5.298089e-05 -3.649924e-05 -5.553151e-06 9.810186e-05
11574.800000 8.080524e-01 -2.882021e-03 1.858596e-03 1.156124e-01 5.639647e-05 -3.644495e-05 2.913286e-06 1.035744e-04
11575.000000 8.077386e-01 -2.847660e-03 1.730356e-03 1.159539e-01 5.074066e-05 -3.762499e-05 1.208077e-05 1.075932e-04
11575.200000 8.087277e-01 -2.826812e-03 1.837759e-03 1.155677e-01 5.644648e-05 -3.740194e-05 7.956645e-06 1.026660e-04
11575.400000 8.081936e-01 -2.847338e-03 1.808205e-03 1.146798e-01 6.913442e-05 -3.697330e-05 7.944059e-06 9.106664e-05
11575.600000 8.070353e-01 -2.797166e-03 1.756790e-03 1.136463e-01 6.869327e-05 -3.167330e-05 9.237865e-06 7.888640e-05
11575.800000 8.077475e-01 -2.840144e-03 1.689272e-03 1.147862e-01 7.607265e-05 -2.522455e-05 3.797091e-06 9.674707e-05
11576.000000 8.080574e-01 -2.823942e-03 1.755797e-03 1.146207e-01 7.398852e-05 -2.629170e-05 -2.701707e-06 1.009950e-04
11576.200000 8.075579e-01 -2.829087e-03 1.760828e-03 1.141404e-01 7.009747e-05 -2.481422e-05 -4.961135e-06 9.973134e-05
11576.400000 8.072502e-01 -2.833963e-03 1.821553e-03 1.142109e-01 5.779295e-05 -2.523946e-05 -9.443701e-06 9.393244e-05
11576.600000 8.080843e-01 -2.840769e-03 1.810364e-03 1.146684e-01 5.384032e-05 -2.936567e-05 -5.183891e-06 9.226833e-05
11576.800000 8.067590e-01 -2.816220e-03 1.802526e-03 1.131409e-01 5.494108e-05 -3.087232e-05 6.367814e-06 1.008950e-04
11577.000000 8.089276e-01 -2.825035e-03 1.740060e-03 1.138225e-01 5.678088e-05 -4.390522e-05 -1.305414e-05 9.481988e-05
11577.200000 8.081017e-01 -2.842679e-03 1.515544e-03 1.137089e-01 5.819405e-05 -4.219852e-05 -3.112133e-06 1.019182e-04
11577.400000 8.077910e-01 -2.810738e-03 1.737300e-03 1.140620e-01 5.673301e-05 -3.918446e-05 2.182030e-06 8.966760e-05
11577.600000 8.076689e-01 -2.840269e-03 1.820892e-03 1.140403e-01 5.507118e-05 -3.154468e-05 1.325207e-05 1.043637e-04
11577.800000 8.072935e-01 -2.846770e-03 1.795334e-03 1.152022e-01 5.184441e-05 -3.773924e-05 1.603361e-05 1.098120e-04
11578.000000 8.082342e-01 -2.892997e-03 1.777487e-03 1.142265e-01 5.507133e-05 -3.426184e-05 3.783021e-06 1.090934e-04
11578.200000 8.084715e-01 -2.867368e-03 1.842587e-03 1.133758e-01 5.941902e-05 -3.725306e-05 -2.614742e-06 1.177205e-04
11578.400000 8.069933e-01 -2.876682e-03 1.883871e-03 1.140340e-01 6.835042e-05 -3.111950e-05 9.183285e-06 1.145079e-04
11578.600000 8.083947e-01 -2.852244e-03 1.732461e-03 1.144678e-01 6.128504e-05 -4.659194e-05 1.303462e-05 1.065181e-04
11578.800000 8.083587e-01 -2.835232e-03 1.870285e-03 1.155669e-01 5.560938e-05 -4.219840e-05 1.156668e-05 1.071538e-04
11579.000000 8.070382e-01 -2.839844e-03 1.739272e-03 1.148881e-01 6.208656e-05 -3.323392e-05 3.787526e-06 9.339887e-05
11579.200000 8.083430e-01 -2.853692e-03 1.650831e-03 1.134816e-01 5.677319e-05 -3.431091e-05 4.320239e-06 1.057526e-04
11579.400000 8.056408e-01 -2.876275e-03 1.691205e-03 1.135044e-01 5.781699e-05 -3.724163e-05 5.066763e-06 1.051579e-04
11579.600000 8.065047e-01 -2.838313e-03 1.741847e-03 1.143770e-01 6.140842e-05 -4.825651e-05 -2.309737e-06 1.123626e-04
11579.800000 8.073562e-01 -2.863631e-03 1.619456e-03 1.144580e-01 6.419785e-05 -4.068292e-05 7.295206e-06 1.110905e-04
11580.000000 8.036215e-01 -2.837293e-03 1.674191e-03 1.138495e-01 6.018806e-05 -4.593171e-05 1.102291e-05 1.226384e-04
11580.200000 8.072762e-01 -2.852148e-03 1.585865e-03 1.144516e-01 6.348961e-05 -4.394513e-05 1.148800e-05 1.106975e-04
11580.400000 8.079243e-01 -2.875818e-03 1.688859e-03 1.153148e-01 5.543493e-05 -4.087274e-05 6.467251e-06 9.666471e-05
11580.600000 8.073052e-01 -2.854160e-03 1.854438e-03 1.140629e-01 5.907551e-05 -3.921659e-05 1.208443e-05 1.059510e-04
11580.800000 8.055336e-01 -2.819534e-03 1.768150e-03 1.143987e-01 4.852808e-05 -3.663679e-05 1.594708e-05 1.023683e-04
11581.000000 8.057195e-01 -2.845929e-03 1.947545e-03 1.153391e-01 5.384213e-05 -3.063423e-05 6.315907e-06 1.040793e-04
11581.200000 8.060869e-01 -2.853496e-03 1.727824e-03 1.169334e-01 3.991229e-05 -2.877258e-05 2.656750e-05 1.009156e-04
11581.400000 8.077158e-01 -2.812798e-03 1.778107e-03 1.153577e-01 4.262773e-05 -3.752459e-05 3.527008e-05 1.108718e-04
11581.600000 8.081795e-01 -2.839890e-03 1.654977e-03 1.153892e-01 5.653282e-05 -4.130982e-05 2.866287e-05 1.147319e-04
11581.800000 8.062716e-01 -2.839861e-03 1.756993e-03 1.150077e-01 6.147483e-05 -2.963920e-05 1.196967e-05 1.221552e-04
11582.000000 8.070358e-01 -2.827627e-03 1.768596e-03 1.159545e-01 4.988438e-05 -3.596292e-05 1.639402e-05 1.118329e-04
11582.200000 8.062602e-01 -2.846623e-03 1.878143e-03 1.159834e-01 5.604733e-05 -2.888454e-05 1.560395e-05 1.087899e-04
11582.400000 8.069080e-01 -2.840039e-03 1.842692e-03 1.169771e-01 6.691324e-05 -3.031282e-05 3.430864e-06 1.001574e-04
11582.600000 8.063430e-01 -2.839548e-03 1.749946e-03 1.154542e-01 6.612710e-05 -2.745156e-05 1.575728e-05 1.049369e-04
11582.800000 8.079716e-01 -2.846371e-03 1.678224e-03 1.164858e-01 6.303394e-05 -4.004608e-05 1.592874e-05 1.054932e-04
11583.000000 8.066849e-01 -2.804420e-03 1.593449e-03 1.156176e-01 6.194208e-05 -3.365429e-05 1.050023e-05 1.098015e-04
11583.200000 8.004738e-01 -2.871728e-03 1.884912e-03 1.149437e-01 6.775431e-05 -3.601693e-05 -3.974307e-06 1.110992e-04
11583.400000 8.082926e-01 -2.870528e-03 1.779431e-03 1.161236e-01 6.641839e-05 -3.475134e-05 3.126924e-06 1.231059e-04
11583.600000 8.093544e-01 -2.843156e-03 1.721887e-03 1.179553e-01 6.529827e-05 -3.137353e-05 1.904458e-05 1.236506e-04
11583.800000 8.027813e-01 -2.776929e-03 1.570589e-03 1.155771e-01 5.724211e-05 -3.416250e-05 2.923464e-05 1.145015e-04
11584.000000 8.052000e-01 -2.781160e-03 1.608945e-03 1.148702e-01 5.342686e-05 -3.669815e-05 1.555671e-05 1.043430e-04
11584.200000 8.017038e-01 -2.762461e-03 1.673655e-03 1.166422e-01 5.439002e-05 -3.566567e-05 7.106795e-06 1.152084e-04
11584.400000 8.100609e-01 -2.845109e-03 1.735074e-03 1.163483e-01 6.218699e-05 -3.440062e-05 1.011812e-05 1.169791e-04
11584.600000 8.024179e-01 -2.769298e-03 1.780655e-03 1.154642e-01 6.194336e-05 -4.006546e-05 1.433482e-05 1.157682e-04
11584.800000 8.074363e-01 -2.820532e-03 1.879619e-03 1.168188e-01 6.809000e-05 -4.287244e-05 5.513676e-06 1.091417e-04
11585.000000 8.070905e-01 -2.840933e-03 1.933419e-03 1.153284e-01 6.513289e-05 -4.090984e-05 2.812575e-06 1.029974e-04
11585.200000 8.078184e-01 -2.830939e-03 1.833786e-03 1.152886e-01 7.444457e-05 -2.791617e-05 4.664775e-06 1.133595e-04
11585.400000 8.049238e-01 -2.830441e-03 1.775650e-03 1.153435e-01 7.261947e-05 -3.010895e-05 -4.973520e-06 1.165730e-04
11585.600000 8.072667e-01 -2.846201e-03 1.878180e-03 1.165012e-01 6.671582e-05 -4.242180e-05 -5.606332e-06 1.256083e-04
11585.800000 8.084939e-01 -2.836849e-03 1.774047e-03 1.183412e-01 7.260602e-05 -3.992819e-05 1.335267e-05 1.246502e-04
11586.000000 8.066908e-01 -2.800200e-03 2.045183e-03 1.149743e-01 6.461246e-05 -3.550671e-05 3.267180e-06 1.100399e-04
11586.200000 8.071699e-01 -2.818904e-03 1.786509e-03 1.163303e-01 5.887407e-05 -3.843638e-05 -2.612628e-06 1.113594e-04
11586.400000 8.064972e-01 -2.826337e-03 1.623593e-03 1.180319e-01 5.820631e-05 -4.114131e-05 -2.782052e-06 1.102819e-04
11586.600000 8.050352e-01 -2.827179e-03 1.754701e-03 1.163427e-01 5.205381e-05 -2.818508e-05 3.528740e-06 1.082276e-04
11586.800000 8.059901e-01 -2.815517e-03 1.577602e-03 1.140856e-01 5.097990e-05 -2.635844e-05 2.178674e-05 1.175298e-04
11587.000000 8.068379e-01 -2.848156e-03 1.705801e-03 1.169774e-01 5.419962e-05 -2.852676e-05 1.364564e-05 1.204205e-04
11587.200000 8.053509e-01 -2.791130e-03 1.640607e-03 1.164297e-01 5.434258e-05 -2.948012e-05 2.000183e-05 1.202880e-04
11587.400000 8.048513e-01 -2.820788e-03 1.921683e-03 1.163818e-01 5.444974e-05 -2.567532e-05 1.979177e-05 1.045582e-04
11587.600000 8.042077e-01 -2.862608e-03 1.731782e-03 1.170331e-01 6.225048e-05 -2.800078e-05 5.739057e-06 9.630832e-05
11587.800000 8.084398e-01 -2.874213e-03 1.710112e-03 1.169215e-01 6.524417e-05 -3.031238e-05 1.533809e-05 1.018169e-04
11588.000000 8.029910e-01 -2.824094e-03 1.809807e-03 1.163439e-01 5.192295e-05 -2.673294e-05 1.458493e-05 1.134543e-04
11588.200000 8.074220e-01 -2.826325e-03 1.784408e-03 1.164244e-01 5.083212e-05 -2.723333e-05 1.221091e-05 1.080991e-04
11588.400000 8.046953e-01 -2.829148e-03 1.837000e-03 1.175335e-01 4.638900e-05 -3.281650e-05 9.404654e-06 1.232927e-04
11588.600000 8.056900e-01 -2.866509e-03 1.701735e-03 1.171980e-01 5.389022e-05 -4.355066e-05 1.888826e-06 1.149922e-04
11588.800000 8.062267e-01 -2.857130e-03 1.721373e-03 1.176308e-01 5.554885e-05 -5.023741e-05 2.117102e-06 1.086572e-04
11589.000000 8.061806e-01 -2.853178e-03 1.827671e-03 1.163548e-01 5.748067e-05 -4.858147e-05 1.220061e-05 1.115916e-04
11589.200000 8.061947e-01 -2.838992e-03 1.927734e-03 1.167063e-01 5.478938e-05 -4.335880e-05 1.532667e-05 1.132804e-04
11589.400000 8.057571e-01 -2.864437e-03 2.091230e-03 1.175375e-01 4.956843e-05 -4.719328e-05 1.861344e-05 1.190354e-04
11589.600000 8.069811e-01 -2.850338e-03 1.678978e-03 1.183303e-01 4.624389e-05 -4.949007e-05 1.676386e-05 1.219394e-04
11589.800000 8.061474e-01 -2.828857e-03 1.785164e-03 1.176654e-01 5.621352e-05 -4.310765e-05 2.879899e-05 1.106475e-04
11590.000000 8.055527e-01 -2.875442e-03 1.800945e-03 1.166899e-01 6.069038e-05 -3.222732e-05 2.629298e-05 1.115824e-04
11590.200000 8.080147e-01 -2.849423e-03 1.876442e-03 1.184606e-01 6.127395e-05 -3.547659e-05 1.991997e-05 1.145230e-04
11590.400000 8.059032e-01 -2.811448e-03 1.745247e-03 1.176108e-01 6.077280e-05 -4.440566e-05 1.524474e-05 1.131756e-04
11590.600000 8.052324e-01 -2.861633e-03 1.833581e-03 1.163043e-01 5.784122e-05 -4.522984e-05 6.091324e-06 1.165685e-04
11590.800000 8.024010e-01 -2.853254e-03 1.665981e-03 1.166847e-01 5.784868e-05 -4.486618e-05 5.703353e-06 1.078059e-04
11591.000000 8.034221e-01 -2.807865e-03 1.636428e-03 1.182491e-01 5.433924e-05 -5.815065e-05 1.523060e-05 9.388016e-05
11591.200000 8.071082e-01 -2.873582e-03 1.803192e-03 1.195545e-01 4.737408e-05 -5.933466e-05 1.041119e-05 1.121317e-04
11591.400000 8.042336e-01 -2.879577e-03 1.692545e-03 1.186616e-01 4.727504e-05 -6.040552e-05 1.243736e-05 1.092048e-04
11591.600000 8.066896e-01 -2.824229e-03 1.754558e-03 1.180422e-01 4.250363e-05 -5.931680e-05 1.435465e-05 1.069685e-04
11591.800000 8.008704e-01 -2.818471e-03 1.633209e-03 1.198424e-01 5.089414e-05 -5.601402e-05 1.460930e-05 9.853710e-05
11592.000000 8.072851e-01 -2.870127e-03 1.715673e-03 1.195378e-01 5.934135e-05 -6.804474e-05 1.692484e-05 1.134356e-04
11592.200000 8.023252e-01 -2.826399e-03 1.650026e-03 1.166611e-01 6.511368e-05 -6.139257e-05 1.445348e-05 1.059950e-04
11592.400000 8.062243e-01 -2.893115e-03 1.856218e-03 1.195362e-01 7.190372e-05 -5.861704e-05 1.655032e-05 1.092712e-04
11592.600000 8.044127e-01 -2.908329e-03 1.701426e-03 1.190752e-01 8.029467e-05 -5.502914e-05 2.086146e-05 1.121020e-04
11592.800000 8.048280e-01 -2.821302e-03 1.736497e-03 1.219630e-01 6.789492e-05 -5.154517e-05 1.724026e-05 9.944187e-05
11593.000000 7.990765e-01 -2.912068e-03 1.777006e-03 1.156771e-01 7.632283e-05 -5.016900e-05 2.069631e-05 9.921333e-05
11593.200000 8.052741e-01 -2.845686e-03 1.788808e-03 1.194797e-01 6.816617e-05 -5.393408e-05 2.157276e-05 8.965361e-05
11593.400000 8.024661e-01 -2.867864e-03 1.852933e-03 1.189871e-01 7.448597e-05 -4.962305e-05 2.783223e-05 1.006406e-04
11593.600000 8.044282e-01 -2.872615e-03 1.886333e-03 1.206522e-01 7.311286e-05 -4.177349e-05 2.370899e-05 1.048601e-04
11593.800000 8.000652e-01 -2.793102e-03 1.876176e-03 1.176713e-01 6.123506e-05 -5.548633e-05 2.143859e-05 1.164910e-04
11594.000000 8.073998e-01 -2.898608e-03 1.795931e-03 1.207536e-01 6.626844e-05 -5.007743e-05 7.658927e-06 1.118247e-04
11594.200000 7.992890e-01 -2.805070e-03 1.859676e-03 1.185954e-01 5.160635e-05 -4.522944e-05 1.705036e-05 1.109065e-04
11594.400000 8.066963e-01 -2.956788e-03 1.729768e-03 1.208967e-01 5.652786e-05 -4.612985e-05 1.804691e-05 1.130878e-04
11594.600000 8.040954e-01 -2.858495e-03 1.785407e-03 1.193185e-01 6.063313e-05 -4.654791e-05 -5.677290e-07 1.051286e-04
11594.800000 8.049302e-01 -2.887488e-03 2.015154e-03 1.198568e-01 7.042983e-05 -4.108327e-05 -4.340755e-06 1.084507e-04
11595.000000 8.043351e-01 -2.846220e-03 1.865802e-03 1.205373e-01 6.508221e-05 -2.848266e-05 -6.379013e-07 1.160206e-04
11595.200000 8.044084e-01 -2.831918e-03 1.896762e-03 1.210749e-01 5.523810e-05 -3.137965e-05 1.815943e-05 1.132391e-04
11595.400000 8.055673e-01 -2.921983e-03 1.810878e-03 1.201670e-01 6.556678e-05 -3.339168e-05 1.377781e-05 1.116875e-04
11595.600000 8.048747e-01 -2.862628e-03 1.739256e-03 1.236542e-01 5.912948e-05 -2.945459e-05 2.742905e-05 1.134714e-04
11595.800000 8.033352e-01 -2.950749e-03 1.644461e-03 1.213560e-01 5.708442e-05 -2.987210e-05 1.479659e-05 1.213263e-04
11596.000000 8.031412e-01 -2.821065e-03 1.596874e-03 1.189926e-01 4.689188e-05 -2.949174e-05 5.873416e-06 1.189318e-04
11596.200000 8.062037e-01 -2.902534e-03 1.627969e-03 1.196192e-01 4.636875e-05 -3.468819e-05 1.607213e-05 1.217165e-04
11596.400000 8.049720e-01 -2.831115e-03 1.840437e-03 1.226213e-01 4.317452e-05 -2.748721e-05 2.575588e-05 1.233066e-04
11596.600000 8.068839e-01 -2.851054e-03 1.979285e-03 1.200947e-01 5.286399e-05 -3.067353e-05 1.335984e-05 1.194754e-04
11596.800000 8.051857e-01 -2.836339e-03 1.583469e-03 1.210913e-01 4.815950e-05 -3.538447e-05 1.172389e-05 1.016507e-04
11597.000000 8.037704e-01 -2.839801e-03 1.701284e-03 1.203387e-01 5.344122e-05 -3.262557e-05 8.108454e-06 1.055067e-04
11597.700000 8.026232e-01 -2.855095e-03 1.752007e-03 1.198665e-01 6.085633e-05 -4.040745e-05 1.687044e-05 1.173251e-04
11598.400000 8.027150e-01 -2.880414e-03 1.827019e-03 1.200134e-01 5.219640e-05 -4.526975e-05 1.176449e-05 1.198277e-04
11599.100000 8.027682e-01 -2.860209e-03 1.769148e-03 1.198271e-01 4.022468e-05 -4.931710e-05 1.022315e-05 1.176860e-04
11599.800000 8.020609e-01 -2.852619e-03 1.741291e-03 1.199505e-01 5.267783e-05 -4.604341e-05 8.559406e-06 1.043087e-04
11600.500000 8.022401e-01 -2.880359e-03 1.658021e-03 1.199175e-01 5.608474e-05 -4.169195e-05 4.983141e-06 1.070678e-04
11601.200000 8.033398e-01 -2.876436e-03 1.603577e-03 1.197236e-01 5.746154e-05 -3.983114e-05 2.007749e-05 1.068600e-04
11601.900000 8.028955e-01 -2.851400e-03 1.675837e-03 1.193525e-01 5.366701e-05 -4.167591e-05 1.151205e-05 1.023146e-04
11602.600000 8.024426e-01 -2.858363e-03 1.755113e-03 1.209642e-01 4.981976e-05 -3.976735e-05 9.737545e-06 9.952578e-05
11603.300000 8.021912e-01 -2.877878e-03 1.770690e-03 1.203080e-01 4.689080e-05 -4.025820e-05 2.164019e-05 1.086298e-04
11604.993695 8.011381e-01 -2.859162e-03 1.827922e-03 1.202678e-01 4.147035e-05 -4.706906e-05 3.954362e-06 1.098186e-04
11605.999583 8.010232e-01 -2.886182e-03 1.735691e-03 1.201414e-01 4.237752e-05 -4.456905e-05 6.315050e-06 1.173663e-04
11607.017662 8.005809e-01 -2.872315e-03 1.742868e-03 1.203737e-01 4.467875e-05 -4.605401e-05 1.554876e-05 1.228264e-04
11608.047933 8.016821e-01 -2.847778e-03 1.749679e-03 1.209830e-01 4.942686e-05 -3.962061e-05 1.091255e-05 1.175390e-04
11609.090396 8.019279e-01 -2.848419e-03 1.752348e-03 1.206246e-01 3.842357e-05 -4.544705e-05 1.155665e-05 1.240246e-04
11610.145051 8.006031e-01 -2.849250e-03 1.790207e-03 1.211008e-01 3.466265e-05 -4.619836e-05 7.861329e-06 1.216318e-04
11611.211898 8.001962e-01 -2.846397e-03 1.796344e-03 1.213102e-01 3.171794e-05 -4.150903e-05 7.260666e-06 1.062889e-04
11612.290937 7.998992e-01 -2.874874e-03 1.768423e-03 1.212385e-01 3.519187e-05 -4.736455e-05 1.301969e-05 1.198656e-04
11613.382167 7.999786e-01 -2.867106e-03 1.685217e-03 1.217476e-01 4.642921e-05 -4.520986e-05 -2.710224e-06 1.186499e-04
11614.485590 7.996904e-01 -2.869030e-03 1.752164e-03 1.222054e-01 4.752330e-05 -4.549104e-05 -8.893940e-06 1.084126e-04
11615.601204 7.978802e-01 -2.863468e-03 1.740832e-03 1.216903e-01 4.066134e-05 -4.313501e-05 2.273584e-06 1.066110e-04
11616.729011 7.990475e-01 -2.849262e-03 1.751374e-03 1.222375e-01 3.730828e-05 -4.771710e-05 6.503690e-06 1.027156e-04
11617.869009 7.988540e-01 -2.872287e-03 1.736707e-03 1.222200e-01 4.162516e-05 -4.142496e-05 7.498283e-06 9.030033e-05
11619.021199 7.981934e-01 -2.866081e-03 1.817449e-03 1.212792e-01 5.003747e-05 -4.375764e-05 -2.272980e-06 8.061834e-05
11620.185582 7.980424e-01 -2.864307e-03 1.744438e-03 1.212375e-01 5.423146e-05 -4.115246e-05 -5.305476e-06 8.808849e-05
11621.362156 7.978634e-01 -2.864527e-03 1.805319e-03 1.211274e-01 4.699811e-05 -4.267358e-05 -6.170267e-06 9.618611e-05
11622.550922 7.979462e-01 -2.863409e-03 1.778556e-03 1.214080e-01 3.716278e-05 -4.450414e-05 8.840813e-06 1.039621e-04
11623.751879 7.972175e-01 -2.857974e-03 1.760265e-03 1.210918e-01 3.048739e-05 -4.721150e-05 4.995581e-06 1.008811e-04
11624.965029 7.978731e-01 -2.859492e-03 1.684734e-03 1.209906e-01 4.178262e-05 -4.326650e-05 1.241144e-06 1.058793e-04
11626.190371 7.969446e-01 -2.857272e-03 1.741556e-03 1.203204e-01 5.237409e-05 -4.482714e-05 -6.358163e-06 1.082830e-04
11627.427904 7.963648e-01 -2.838538e-03 1.724782e-03 1.199215e-01 5.177444e-05 -4.283738e-05 -1.711024e-05 1.010962e-04
11628.677630 7.967122e-01 -2.841356e-03 1.856998e-03 1.192712e-01 4.798872e-05 -4.418685e-05 -9.064312e-06 1.020640e-04
11629.939547 7.960013e-01 -2.835399e-03 1.739891e-03 1.197668e-01 4.023396e-05 -4.090524e-05 -6.155458e-06 1.086972e-04
11631.213657 7.961973e-01 -2.864592e-03 1.723493e-03 1.187962e-01 4.061011e-05 -3.139621e-05 -1.304262e-05 1.200594e-04
11632.499958 7.955390e-01 -2.860189e-03 1.771176e-03 1.188762e-01 4.422378e-05 -3.400402e-05 -1.196305e-05 1.130111e-04
11633.798451 7.955505e-01 -2.852379e-03 1.783791e-03 1.188079e-01 5.892596e-05 -4.193407e-05 -2.474927e-05 1.064509e-04
11635.109136 7.954115e-01 -2.858441e-03 1.730227e-03 1.188471e-01 5.387969e-05 -3.894393e-05 -2.529038e-05 1.100795e-04
11636.432013 7.959956e-01 -2.879658e-03 1.797047e-03 1.185851e-01 5.299313e-05 -3.543117e-05 -2.776335e-05 1.040079e-04
11637.767082 7.940091e-01 -2.872020e-03 1.727046e-03 1.175797e-01 5.298233e-05 -3.356234e-05 -3.911306e-05 9.754680e-05
11639.114342 7.949190e-01 -2.847412e-03 1.790699e-03 1.181212e-01 3.727456e-05 -3.916002e-05 -3.174821e-05 1.020201e-04
11640.473795 7.948359e-01 -2.847649e-03 1.824362e-03 1.176216e-01 4.055023e-05 -3.985464e-05 -2.178883e-05 1.068925e-04
11641.845440 7.949507e-01 -2.854419e-03 1.738274e-03 1.183599e-01 4.132230e-05 -4.169641e-05 -1.127255e-05 1.095737e-04
11643.229276 7.946217e-01 -2.846580e-03 1.748425e-03 1.175503e-01 3.660747e-05 -4.910511e-05 -7.487658e-06 1.100286e-04
11644.625305 7.940432e-01 -2.859236e-03 1.764107e-03 1.168621e-01 4.141830e-05 -4.343421e-05 -7.259990e-06 1.007648e-04
11646.033525 7.936604e-01 -2.867636e-03 1.659748e-03 1.180309e-01 4.259658e-05 -4.895083e-05 -1.386681e-05 9.770990e-05
11647.453937 7.938709e-01 -2.847068e-03 1.685696e-03 1.180300e-01 4.698630e-05 -5.769055e-05 -1.233179e-05 8.889535e-05
11648.886541 7.941751e-01 -2.842553e-03 1.696995e-03 1.171714e-01 5.172438e-05 -4.540594e-05 -1.069482e-05 9.378085e-05
11650.331337 7.935078e-01 -2.842156e-03 1.720738e-03 1.177535e-01 4.686036e-05 -4.263172e-05 -5.811899e-06 9.116622e-05
11651.788325 7.923991e-01 -2.850377e-03 1.746614e-03 1.168158e-01 4.284022e-05 -4.543435e-05 -5.993333e-06 1.001197e-04
11653.257505 7.924644e-01 -2.871483e-03 1.716670e-03 1.177659e-01 5.840635e-05 -4.619653e-05 -6.093496e-06 1.022951e-04
11654.738877 7.920729e-01 -2.833926e-03 1.662959e-03 1.176573e-01 6.384668e-05 -4.329460e-05 1.287095e-05 1.110529e-04
11656.232440 7.901238e-01 -2.817881e-03 1.743488e-03 1.179877e-01 6.121367e-05 -3.798588e-05 6.569053e-06 1.053836e-04
11657.738196 7.885152e-01 -2.821270e-03 1.752772e-03 1.181340e-01 5.705882e-05 -4.215847e-05 1.146207e-05 1.158448e-04
11659.256143 7.893062e-01 -2.822663e-03 1.753282e-03 1.180458e-01 5.276846e-05 -3.787512e-05 1.209298e-05 1.074163e-04
11660.786283 7.911887e-01 -2.829740e-03 1.729933e-03 1.177138e-01 5.109094e-05 -3.509328e-05 1.282277e-05 1.169072e-04
11662.328614 7.898135e-01 -2.822452e-03 1.714093e-03 1.184881e-01 5.099305e-05 -4.908436e-05 -4.749809e-07 1.099760e-04
11663.883137 7.908851e-01 -2.845557e-03 1.731277e-03 1.185150e-01 4.511906e-05 -4.536278e-05 6.449432e-06 1.101757e-04
11665.449852 7.901777e-01 -2.846728e-03 1.697281e-03 1.183017e-01 4.799348e-05 -5.222737e-05 8.724927e-06 1.098430e-04
11667.028759 7.891972e-01 -2.851328e-03 1.707975e-03 1.184273e-01 5.869388e-05 -3.966087e-05 -7.253163e-06 1.013648e-04
11668.619858 7.884875e-01 -2.835389e-03 1.732366e-03 1.189567e-01 4.478545e-05 -3.236366e-05 1.173360e-05 1.194964e-04
11670.223149 7.874913e-01 -2.844147e-03 1.727880e-03 1.191063e-01 4.569714e-05 -4.242835e-05 2.106387e-07 1.113862e-04
11671.838632 7.865346e-01 -2.849617e-03 1.779635e-03 1.190288e-01 4.901881e-05 -4.318098e-05 -8.900127e-06 9.791343e-05
11673.466307 7.870729e-01 -2.835126e-03 1.680902e-03 1.193940e-01 5.534446e-05 -4.315634e-05 1.835965e-07 1.029277e-04
11675.106173 7.880335e-01 -2.837768e-03 1.752533e-03 1.189920e-01 4.855870e-05 -3.895450e-05 3.869237e-06 1.135329e-04
11676.758232 7.878367e-01 -2.843431e-03 1.799996e-03 1.192110e-01 5.103419e-05 -4.183966e-05 1.048369e-06 1.095371e-04
11678.422482 7.873239e-01 -2.831283e-03 1.800237e-03 1.197319e-01 5.892306e-05 -4.058788e-05 -8.871072e-06 9.680739e-05
11680.098924 7.875713e-01 -2.825320e-03 1.778016e-03 1.202608e-01 5.169335e-05 -3.048888e-05 -5.356250e-06 1.026985e-04
11681.787558 7.867118e-01 -2.825233e-03 1.815924e-03 1.196121e-01 4.963813e-05 -3.491219e-05 -7.631693e-06 9.686429e-05
11683.488385 7.854376e-01 -2.834207e-03 1.819218e-03 1.197594e-01 4.659085e-05 -4.479093e-05 1.253804e-06 1.012996e-04
11685.201403 7.860818e-01 -2.852796e-03 1.805847e-03 1.194956e-01 5.044930e-05 -5.283176e-05 3.312817e-07 9.507079e-05
11686.926613 7.867187e-01 -2.854046e-03 1.743635e-03 1.202270e-01 4.974958e-05 -5.205545e-05 1.654803e-06 9.660156e-05
11688.664014 7.861337e-01 -2.839101e-03 1.825007e-03 1.200112e-01 5.595070e-05 -5.355690e-05 -5.758723e-06 1.055462e-04
11690.413608 7.854054e-01 -2.850831e-03 1.751925e-03 1.195834e-01 4.748242e-05 -5.342532e-05 -5.753910e-06 1.079158e-04
11692.175394 7.843019e-01 -2.854061e-03 1.728574e-03 1.195719e-01 4.861728e-05 -4.693371e-05 9.779153e-06 1.239564e-04
11693.949371 7.839477e-01 -2.824591e-03 1.823948e-03 1.184716e-01 5.302753e-05 -4.238891e-05 -6.028741e-07 1.170933e-04
11695.735541 7.843573e-01 -2.821543e-03 1.764937e-03 1.198692e-01 4.705267e-05 -3.797021e-05 -2.560285e-06 1.193903e-04
11697.533902 7.852923e-01 -2.847937e-03 1.814254e-03 1.190636e-01 4.749436e-05 -4.175976e-05 -1.350692e-05 1.076582e-04
11699.344455 7.840625e-01 -2.844825e-03 1.687484e-03 1.195879e-01 4.212257e-05 -4.106766e-05 -9.185303e-06 1.073845e-04
11701.167201 7.808570e-01 -2.815367e-03 1.734208e-03 1.181325e-01 4.911007e-05 -4.357194e-05 -7.937519e-06 1.073337e-04
11703.002138 7.808628e-01 -2.832455e-03 1.685795e-03 1.183393e-01 4.238440e-05 -4.082305e-05 -1.437306e-05 1.048497e-04
11704.849267 7.818179e-01 -2.821728e-03 1.747042e-03 1.190614e-01 5.143223e-05 -4.616741e-05 -1.490064e-06 1.097877e-04
11706.708588 7.830554e-01 -2.831935e-03 1.751459e-03 1.185724e-01 5.019785e-05 -4.307415e-05 -1.351102e-05 1.002596e-04
11708.580100 7.827154e-01 -2.847608e-03 1.698529e-03 1.189610e-01 6.108563e-05 -4.322176e-05 -6.665765e-06 1.055827e-04
11710.463805 7.829347e-01 -2.827642e-03 1.746849e-03 1.187108e-01 5.958402e-05 -5.013853e-05 -6.366837e-06 1.094388e-04
11712.359702 7.823682e-01 -2.849334e-03 1.746589e-03 1.187730e-01 5.372555e-05 -6.002918e-05 -2.393234e-06 1.144147e-04
11714.267790 7.820471e-01 -2.830014e-03 1.765635e-03 1.187523e-01 5.020074e-05 -5.696851e-05 -5.639643e-06 1.001754e-04
11716.188071 7.822288e-01 -2.832771e-03 1.715384e-03 1.186031e-01 4.256849e-05 -5.011361e-05 4.089673e-07 1.019152e-04
11718.120543 7.811933e-01 -2.821548e-03 1.855858e-03 1.191745e-01 3.467835e-05 -4.332508e-05 -3.099237e-06 1.006124e-04
11720.065207 7.817634e-01 -2.827943e-03 1.797881e-03 1.188863e-01 3.634929e-05 -4.625875e-05 -1.491063e-05 1.030924e-04
11722.022064 7.810262e-01 -2.818903e-03 1.746224e-03 1.185634e-01 3.630799e-05 -4.771250e-05 2.366921e-06 1.103380e-04
11723.991112 7.809796e-01 -2.833320e-03 1.768020e-03 1.193004e-01 3.532847e-05 -4.459925e-05 -5.250327e-06 1.107476e-04
11725.972352 7.793404e-01 -2.838665e-03 1.770594e-03 1.183420e-01 4.032211e-05 -4.320521e-05 -8.710932e-06 1.068535e-04
11727.965784 7.795110e-01 -2.837192e-03 1.706773e-03 1.186184e-01 4.194703e-05 -3.763141e-05 -4.551506e-06 1.093368e-04
11729.971407 7.799469e-01 -2.842751e-03 1.731430e-03 1.189647e-01 4.271157e-05 -3.556967e-05 -6.791891e-06 1.109403e-04
11731.989223 7.786730e-01 -2.867781e-03 1.793604e-03 1.185702e-01 3.860296e-05 -4.025262e-05 -7.512796e-06 1.161644e-04
11734.019231 7.794526e-01 -2.846907e-03 1.743253e-03 1.189481e-01 4.231985e-05 -3.993769e-05 2.219758e-06 1.244170e-04
11736.061430 7.782973e-01 -2.843988e-03 1.693596e-03 1.192739e-01 4.420044e-05 -4.213230e-05 7.841984e-06 1.280640e-04
11738.115822 7.755860e-01 -2.838707e-03 1.708894e-03 1.185958e-01 4.719933e-05 -3.970900e-05 6.079335e-06 1.279439e-04
11740.182405 7.770881e-01 -2.844943e-03 1.747728e-03 1.190491e-01 4.286637e-05 -3.853621e-05 5.334215e-07 1.265229e-04
11742.261180 7.737943e-01 -2.855685e-03 1.746238e-03 1.191551e-01 4.819784e-05 -3.904170e-05 -1.759427e-05 1.275737e-04
11744.352148 7.723098e-01 -2.844182e-03 1.758654e-03 1.191978e-01 4.988612e-05 -4.285621e-05 -2.744289e-06 1.247318e-04
11746.455307 7.748727e-01 -2.843476e-03 1.795486e-03 1.191471e-01 4.283413e-05 -3.745572e-05 -8.115593e-06 1.138731e-04
11748.570658 7.754039e-01 -2.861017e-03 1.730346e-03 1.186346e-01 4.429724e-05 -3.461406e-05 5.508351e-06 1.006679e-04
11750.698201 7.755797e-01 -2.862178e-03 1.752256e-03 1.195133e-01 5.827286e-05 -3.401920e-05 5.563032e-06 1.034186e-04
11752.837935 7.743762e-01 -2.833984e-03 1.770028e-03 1.191535e-01 4.969515e-05 -3.187676e-05 3.301592e-06 1.094897e-04
11754.989862 7.743988e-01 -2.822821e-03 1.804088e-03 1.197502e-01 4.935538e-05 -2.662547e-05 -8.733706e-07 1.080996e-04
11757.153981 7.752837e-01 -2.819189e-03 1.786986e-03 1.196299e-01 4.625884e-05 -2.263920e-05 6.086666e-06 1.019609e-04
11759.330291 7.717273e-01 -2.832223e-03 1.797948e-03 1.196849e-01 4.479558e-05 -2.549001e-05 -6.117292e-06 1.074222e-04
11761.518794 7.687342e-01 -2.821230e-03 1.780188e-03 1.194023e-01 5.178664e-05 -3.224836e-05 -7.922302e-06 1.060239e-04
11763.719488 7.686623e-01 -2.810454e-03 1.769962e-03 1.189398e-01 4.459895e-05 -3.678114e-05 2.548771e-06 1.150138e-04
11765.932374 7.725908e-01 -2.825742e-03 1.772664e-03 1.200257e-01 5.024365e-05 -3.635320e-05 -4.183287e-06 1.025851e-04
11768.157453 7.711238e-01 -2.844247e-03 1.796198e-03 1.198486e-01 5.390237e-05 -3.570845e-05 -9.581344e-06 1.060255e-04
11770.394723 7.707703e-01 -2.854070e-03 1.782157e-03 1.200400e-01 4.713939e-05 -3.039139e-05 -8.795374e-06 9.519314e-05
11772.644185 7.708466e-01 -2.863384e-03 1.745724e-03 1.193205e-01 4.984151e-05 -2.867391e-05 1.019560e-05 1.065351e-04
11774.905838 7.691834e-01 -2.852971e-03 1.769439e-03 1.194018e-01 4.783365e-05 -2.845072e-05 7.878014e-06 1.018718e-04
11777.179684 7.699536e-01 -2.840242e-03 1.792789e-03 1.191564e-01 4.897105e-05 -2.972184e-05 9.714558e-06 1.116921e-04
11779.465722 7.716400e-01 -2.824770e-03 1.701966e-03 1.195730e-01 5.561310e-05 -3.198801e-05 6.642828e-06 1.204915e-04
11781.763952 7.688141e-01 -2.821504e-03 1.688226e-03 1.194863e-01 5.532473e-05 -2.975997e-05 5.257835e-06 1.179888e-04
11784.074373 7.707044e-01 -2.824912e-03 1.729911e-03 1.205775e-01 5.761402e-05 -2.942358e-05 1.025427e-05 1.174057e-04
11786.396987 7.691735e-01 -2.846966e-03 1.737709e-03 1.196742e-01 6.213684e-05 -2.788877e-05 2.940109e-06 1.261004e-04
11788.731792 7.675323e-01 -2.836084e-03 1.821508e-03 1.193382e-01 5.101128e-05 -3.144200e-05 7.700432e-06 1.271690e-04
11791.078789 7.687322e-01 -2.831061e-03 1.873647e-03 1.200624e-01 4.439823e-05 -3.403727e-05 -1.951493e-05 1.183255e-04
11793.437978 7.671808e-01 -2.851297e-03 1.813058e-03 1.188996e-01 5.200471e-05 -2.596318e-05 -1.625999e-05 1.151044e-04
11795.809359 7.631116e-01 -2.840228e-03 1.769133e-03 1.186163e-01 5.191569e-05 -3.561254e-05 -1.607938e-05 1.151476e-04
11798.192932 7.627840e-01 -2.847613e-03 1.758336e-03 1.194519e-01 5.790511e-05 -4.660422e-05 -7.274077e-06 1.197284e-04
11800.588697 7.638868e-01 -2.846294e-03 1.728693e-03 1.195881e-01 6.413858e-05 -4.634400e-05 -8.648037e-06 1.262494e-04
11802.996654 7.652515e-01 -2.843389e-03 1.695985e-03 1.198928e-01 6.444117e-05 -2.944638e-05 -1.324020e-05 1.188276e-04
11805.416803 7.652699e-01 -2.858274e-03 1.681179e-03 1.205519e-01 5.636052e-05 -2.849268e-05 -1.241265e-05 1.229873e-04
11807.849143 7.655229e-01 -2.864741e-03 1.687978e-03 1.204479e-01 5.194834e-05 -3.626162e-05 -1.869399e-05 1.183318e-04
11810.293676 7.654583e-01 -2.851373e-03 1.740037e-03 1.198645e-01 5.619480e-05 -4.463757e-05 -9.284421e-06 1.150350e-04
11812.750400 7.654137e-01 -2.871052e-03 1.733133e-03 1.201501e-01 6.668019e-05 -3.442649e-05 -6.662850e-06 1.131181e-04
11815.219317 7.644856e-01 -2.861835e-03 1.778346e-03 1.210398e-01 6.606702e-05 -4.158647e-05 1.082941e-06 1.119408e-04
11817.700425 7.630247e-01 -2.852082e-03 1.737644e-03 1.196432e-01 6.049692e-05 -4.276779e-05 7.510647e-06 1.173781e-04
11820.193725 7.623740e-01 -2.852516e-03 1.817123e-03 1.193351e-01 6.381439e-05 -3.920450e-05 -7.086940e-06 1.052674e-04
11822.699217 7.618773e-01 -2.835694e-03 1.816032e-03 1.194937e-01 6.086819e-05 -3.802732e-05 -8.989286e-06 1.053799e-04
11825.216901 7.603690e-01 -2.817893e-03 1.751278e-03 1.191988e-01 5.557406e-05 -5.382636e-05 -1.978907e-05 1.004823e-04
11827.746777 7.607684e-01 -2.836703e-03 1.733721e-03 1.194959e-01 5.351449e-05 -4.705601e-05 -2.210738e-05 9.896668e-05
11830.288845 7.621942e-01 -2.827018e-03 1.745083e-03 1.197376e-01 5.429543e-05 -4.820482e-05 -1.274325e-05 1.020595e-04
11832.843105 7.615833e-01 -2.848164e-03 1.773923e-03 1.194307e-01 5.571849e-05 -5.039686e-05 -2.210584e-06 1.020248e-04
11835.409556 7.579505e-01 -2.819286e-03 1.773235e-03 1.193618e-01 5.202033e-05 -4.422073e-05 1.504612e-06 1.053474e-04
11837.988200 7.568956e-01 -2.844503e-03 1.709426e-03 1.190800e-01 4.803045e-05 -4.930330e-05 -1.809483e-06 1.090058e-04
11840.579035 7.558302e-01 -2.836629e-03 1.703583e-03 1.191409e-01 4.661141e-05 -4.722747e-05 1.797531e-05 1.105774e-04
11843.182062 7.584977e-01 -2.835082e-03 1.783380e-03 1.195200e-01 4.306809e-05 -4.799109e-05 1.742644e-05 1.081023e-04
11845.797282 7.586366e-01 -2.842089e-03 1.711616e-03 1.196049e-01 5.316005e-05 -3.844494e-05 6.981554e-06 1.063081e-04
11848.424693 7.596326e-01 -2.848101e-03 1.742508e-03 1.194290e-01 5.331070e-05 -3.331158e-05 4.143103e-06 1.063107e-04
11851.064296 7.554328e-01 -2.853184e-03 1.840827e-03 1.182814e-01 5.941607e-05 -2.999266e-05 4.328034e-06 1.134723e-04
11853.716091 7.551924e-01 -2.833295e-03 1.805732e-03 1.194782e-01 6.054938e-05 -3.473337e-05 1.290369e-06 1.234740e-04
11856.380078 7.557664e-01 -2.851266e-03 1.839281e-03 1.193010e-01 5.158822e-05 -3.738402e-05 -9.362509e-06 1.158789e-04
11859.056256 7.544011e-01 -2.857391e-03 1.679954e-03 1.187621e-01 4.960008e-05 -3.329133e-05 -1.607476e-06 1.266087e-04
11861.744627 7.552632e-01 -2.838369e-03 1.674052e-03 1.194569e-01 5.632523e-05 -2.755084e-05 -4.026672e-06 1.250113e-04
11864.445190 7.532783e-01 -2.843270e-03 1.712851e-03 1.190623e-01 5.791516e-05 -3.533489e-05 -6.905223e-07 1.270135e-04
11867.157944 7.530312e-01 -2.837041e-03 1.801104e-03 1.190302e-01 5.365370e-05 -3.790445e-05 -9.683059e-06 1.149276e-04
11869.882891 7.553029e-01 -2.855327e-03 1.752484e-03 1.198600e-01 5.407502e-05 -3.976312e-05 -7.563071e-06 1.121365e-04
11872.620029 7.556558e-01 -2.866484e-03 1.751208e-03 1.201817e-01 5.174301e-05 -3.287693e-05 -4.483615e-06 1.123622e-04
11875.369359 7.551864e-01 -2.851126e-03 1.705275e-03 1.197548e-01 5.931206e-05 -3.785111e-05 1.101028e-06 1.199261e-04
11878.130881 7.549075e-01 -2.837222e-03 1.775601e-03 1.193401e-01 5.511809e-05 -4.327275e-05 8.511014e-06 1.148303e-04
11880.904595 7.542512e-01 -2.846896e-03 1.733379e-03 1.196046e-01 5.320813e-05 -3.261952e-05 1.611903e-05 1.105283e-04
11883.690501 7.528944e-01 -2.824405e-03 1.733049e-03 1.199777e-01 5.225661e-05 -3.321940e-05 1.225935e-05 1.072377e-04
11886.488599 7.527167e-01 -2.839036e-03 1.756844e-03 1.190625e-01 4.759412e-05 -3.198868e-05 8.306326e-06 1.145160e-04
11889.298889 7.511100e-01 -2.844790e-03 1.749469e-03 1.191524e-01 5.524557e-05 -2.969010e-05 1.223955e-05 1.203988e-04
11892.121371 7.509018e-01 -2.836202e-03 1.803151e-03 1.193375e-01 5.072762e-05 -3.495911e-05 8.013880e-06 1.002940e-04
11894.956044 7.470842e-01 -2.834153e-03 1.777894e-03 1.191037e-01 3.956968e-05 -3.458711e-05 1.383150e-05 1.093646e-04
11897.802910 7.427491e-01 -2.834350e-03 1.786778e-03 1.185527e-01 4.371919e-05 -4.548885e-05 5.394394e-06 1.023952e-04
11900.661967 7.482974e-01 -2.840489e-03 1.715312e-03 1.196608e-01 4.305056e-05 -4.765799e-05 3.448055e-06 1.149417e-04
11903.533217 7.488322e-01 -2.841052e-03 1.712145e-03 1.197522e-01 4.532876e-05 -4.045431e-05 -2.211064e-06 1.039516e-04
11906.416658 7.489607e-01 -2.849000e-03 1.787763e-03 1.193742e-01 4.606715e-05 -3.703492e-05 8.284494e-06 1.039704e-04
11909.312291 7.469297e-01 -2.838737e-03 1.827256e-03 1.195605e-01 4.400272e-05 -4.584421e-05 -1.201751e-05 1.006441e-04
11912.220116 7.477903e-01 -2.847114e-03 1.751553e-03 1.198038e-01 4.615773e-05 -4.807403e-05 -1.484288e-05 9.810123e-05
11915.140133 7.469262e-01 -2.864660e-03 1.710504e-03 1.197157e-01 5.297902e-05 -4.454300e-05 1.204587e-06 1.063109e-04
11918.072342 7.461833e-01 -2.861456e-03 1.759208e-03 1.195015e-01 5.728007e-05 -4.779705e-05 -1.293519e-05 1.032163e-04
11921.016743 7.385060e-01 -2.857902e-03 1.768118e-03 1.185155e-01 4.919336e-05 -3.792712e-05 -1.105067e-05 1.094125e-04
11923.973335 7.390628e-01 -2.832651e-03 1.809857e-03 1.185649e-01 4.227762e-05 -3.415560e-05 8.855630e-06 1.108750e-04
11926.942120 7.445860e-01 -2.828015e-03 1.802339e-03 1.192572e-01 4.184265e-05 -3.302523e-05 -9.018929e-07 1.053561e-04
11929.923096 7.432048e-01 -2.835435e-03 1.755292e-03 1.191983e-01 3.466861e-05 -3.370208e-05 4.383705e-07 1.033224e-04
11932.916265 7.436326e-01 -2.827347e-03 1.768871e-03 1.189407e-01 3.759160e-05 -3.888890e-05 6.427180e-06 1.167589e-04
11935.921625 7.436598e-01 -2.839306e-03 1.744997e-03 1.196225e-01 3.823849e-05 -3.849822e-05 2.811871e-06 1.074284e-04
11938.939177 7.427054e-01 -2.854035e-03 1.743253e-03 1.197574e-01 3.534216e-05 -3.780047e-05 9.499586e-07 1.014081e-04
11941.968921 7.407427e-01 -2.840953e-03 1.769742e-03 1.190196e-01 3.019340e-05 -3.759373e-05 -2.479585e-06 1.041999e-04
11945.010858 7.421723e-01 -2.819812e-03 1.805567e-03 1.189260e-01 3.585786e-05 -3.461701e-05 -8.029280e-06 1.075331e-04
11948.064985 7.414024e-01 -2.812831e-03 1.784464e-03 1.194111e-01 3.855067e-05 -3.396333e-05 -1.015705e-05 1.041412e-04
11951.131305 7.390360e-01 -2.829170e-03 1.761217e-03 1.199258e-01 4.131997e-05 -3.270572e-05 -1.228664e-05 9.759323e-05
11954.209817 7.388934e-01 -2.816024e-03 1.795578e-03 1.190508e-01 3.238478e-05 -4.114619e-05 -1.761103e-05 1.009335e-04
11957.300521 7.390938e-01 -2.809236e-03 1.806736e-03 1.201303e-01 3.184325e-05 -4.514193e-05 -8.721363e-06 1.094718e-04
11960.403416 7.389628e-01 -2.821090e-03 1.739898e-03 1.198865e-01 3.065282e-05 -4.981130e-05 1.536241e-06 1.143372e-04
11963.518504 7.404658e-01 -2.803757e-03 1.734085e-03 1.198922e-01 4.038273e-05 -4.367091e-05 -1.427998e-05 1.155064e-04
11966.645783 7.394656e-01 -2.813010e-03 1.759362e-03 1.190633e-01 3.759319e-05 -4.848085e-05 -1.563967e-05 1.018032e-04
11969.785255 7.389987e-01 -2.813023e-03 1.737358e-03 1.197559e-01 2.917418e-05 -3.958816e-05 -7.913912e-06 1.078286e-04
11972.936918 7.386690e-01 -2.821973e-03 1.790650e-03 1.193975e-01 2.803419e-05 -4.921752e-05 -1.921902e-05 1.037203e-04
11976.100773 7.375920e-01 -2.830093e-03 1.758857e-03 1.186995e-01 3.047740e-05 -5.470648e-05 -2.971489e-06 1.043102e-04
11979.276820 7.372641e-01 -2.827498e-03 1.747826e-03 1.192923e-01 3.902159e-05 -5.625812e-05 7.494811e-06 9.943206e-05
11982.465059 7.360768e-01 -2.828245e-03 1.796829e-03 1.190545e-01 4.229528e-05 -5.545642e-05 1.189825e-05 1.089460e-04
11985.665490 7.356923e-01 -2.827109e-03 1.755550e-03 1.198593e-01 4.249164e-05 -5.119130e-05 1.043002e-06 1.122643e-04
11988.878112 7.356192e-01 -2.813279e-03 1.722024e-03 1.213902e-01 3.682034e-05 -5.176905e-05 -2.157053e-05 9.446011e-05
11992.102927 7.344048e-01 -2.814944e-03 1.770855e-03 1.199175e-01 4.345249e-05 -4.908302e-05 -1.087189e-05 1.019564e-04
11995.339934 7.334244e-01 -2.828921e-03 1.712311e-03 1.202575e-01 3.942081e-05 -4.747117e-05 -8.460057e-06 1.042824e-04
11998.589132 7.337938e-01 -2.828275e-03 1.745235e-03 1.205559e-01 4.375566e-05 -4.745258e-05 -9.487123e-06 1.006116e-04
12001.850523 7.324373e-01 -2.836484e-03 1.717195e-03 1.201677e-01 5.109410e-05 -4.714244e-05 -1.081764e-06 9.872088e-05
12005.124105 7.325858e-01 -2.826784e-03 1.758117e-03 1.202098e-01 4.978084e-05 -4.501099e-05 -6.200069e-06 1.103958e-04
12008.409879 7.317585e-01 -2.839926e-03 1.760639e-03 1.202094e-01 4.878471e-05 -5.321928e-05 -8.890354e-06 1.184140e-04
12011.707845 7.310820e-01 -2.827960e-03 1.739687e-03 1.192755e-01 4.722272e-05 -5.697956e-05 1.230695e-06 1.291254e-04
12015.018003 7.307971e-01 -2.839934e-03 1.756422e-03 1.189168e-01 3.428616e-05 -5.354071e-05 8.926761e-06 1.237874e-04
12018.340353 7.304072e-01 -2.862879e-03 1.744416e-03 1.193521e-01 2.887273e-05 -5.274418e-05 -4.647613e-06 1.230220e-04
12021.674895 7.298355e-01 -2.839385e-03 1.746668e-03 1.198198e-01 4.563893e-05 -4.616645e-05 -8.226072e-06 1.222559e-04
12025.021629 7.287767e-01 -2.831506e-03 1.775996e-03 1.197953e-01 5.392765e-05 -3.830233e-05 4.380759e-06 1.213843e-04
12028.380554 7.283763e-01 -2.858453e-03 1.785514e-03 1.190530e-01 4.761313e-05 -4.018881e-05 -1.683526e-06 1.046590e-04
12031.751672 7.274497e-01 -2.858185e-03 1.818391e-03 1.184878e-01 3.844302e-05 -3.702316e-05 -8.511931e-06 1.037342e-04
12035.134982 7.267797e-01 -2.834835e-03 1.800008e-03 1.186732e-01 4.020150e-05 -4.139850e-05 -3.735960e-06 1.013069e-04
12038.530483 7.264115e-01 -2.825317e-03 1.772254e-03 1.192936e-01 4.294604e-05 -4.946138e-05 -6.839965e-06 1.096694e-04
12041.938176 7.264965e-01 -2.833208e-03 1.770358e-03 1.188767e-01 4.629555e-05 -5.186517e-05 -2.442714e-07 1.135118e-04
12045.358061 7.200976e-01 -2.825964e-03 1.778161e-03 1.181362e-01 4.851964e-05 -4.942968e-05 -1.094191e-05 1.177324e-04
12048.790139 7.139997e-01 -2.840634e-03 1.760984e-03 1.173865e-01 6.202567e-05 -5.079551e-05 -1.635252e-05 1.163667e-04
12052.234408 7.229150e-01 -2.827791e-03 1.793629e-03 1.193102e-01 5.586360e-05 -4.268673e-05 -1.391676e-05 1.142696e-04
12055.690868 7.228894e-01 -2.832409e-03 1.781719e-03 1.195876e-01 6.881372e-05 -3.935508e-05 -6.477387e-06 1.149365e-04
12059.159521 7.234041e-01 -2.839980e-03 1.764437e-03 1.190772e-01 6.543553e-05 -3.960055e-05 -7.706174e-06 1.099620e-04
12062.640366 7.230642e-01 -2.842341e-03 1.780079e-03 1.212824e-01 6.397464e-05 -4.432366e-05 -2.887204e-06 1.070693e-04
12066.133403 7.220202e-01 -2.826833e-03 1.760470e-03 1.260514e-01 5.577616e-05 -4.390239e-05 -1.330306e-05 1.070859e-04
12069.638631 7.222012e-01 -2.843252e-03 1.755717e-03 1.255636e-01 5.365826e-05 -5.201294e-05 -1.769340e-05 1.043996e-04
12073.156052 7.218487e-01 -2.841983e-03 1.748839e-03 1.229079e-01 5.844681e-05 -5.082006e-05 -1.677403e-05 1.046233e-04
12076.685664 7.216597e-01 -2.850549e-03 1.717273e-03 1.204497e-01 6.152836e-05 -5.560456e-05 -1.543674e-05 1.171267e-04
12080.227468 7.200424e-01 -2.844969e-03 1.747694e-03 1.191328e-01 6.074273e-05 -4.568626e-05 -2.407267e-05 1.146839e-04
12083.781465 7.195208e-01 -2.859721e-03 1.698750e-03 1.188928e-01 5.301195e-05 -3.644665e-05 -1.258726e-05 1.147867e-04
12087.347653 7.190885e-01 -2.847279e-03 1.773114e-03 1.194927e-01 4.892103e-05 -3.863365e-05 -4.604800e-06 1.294934e-04
12090.926033 7.187499e-01 -2.833107e-03 1.798728e-03 1.188335e-01 5.250276e-05 -4.833205e-05 -1.252691e-05 1.127770e-04
12094.516605 7.186100e-01 -2.848107e-03 1.760485e-03 1.192243e-01 4.453181e-05 -5.296192e-05 -1.683573e-05 1.093692e-04
12098.119369 7.177285e-01 -2.855099e-03 1.698580e-03 1.192719e-01 4.773916e-05 -4.614236e-05 -1.266904e-05 1.087881e-04
12101.734324 7.159012e-01 -2.834301e-03 1.693790e-03 1.193979e-01 5.577328e-05 -4.655795e-05 -5.438815e-06 1.110617e-04
12105.361472 7.164888e-01 -2.827013e-03 1.722567e-03 1.198589e-01 5.147845e-05 -5.207849e-05 -7.588732e-06 1.199823e-04
12109.000811 7.155917e-01 -2.836952e-03 1.754631e-03 1.200666e-01 4.060582e-05 -6.167752e-05 -1.094580e-05 1.238153e-04
12112.652343 7.151526e-01 -2.843457e-03 1.768669e-03 1.202500e-01 4.205100e-05 -7.064708e-05 -1.887211e-05 1.095707e-04
12116.316066 7.124988e-01 -2.851382e-03 1.760414e-03 1.204082e-01 4.899035e-05 -6.183860e-05 -1.344894e-05 1.061887e-04
12119.991982 7.118272e-01 -2.855903e-03 1.700842e-03 1.195433e-01 5.127354e-05 -5.218151e-05 -1.415384e-05 1.040801e-04
12123.680089 7.131179e-01 -2.855219e-03 1.728843e-03 1.187003e-01 4.438237e-05 -4.822180e-05 -1.663308e-05 1.026038e-04
12127.380388 7.124215e-01 -2.871535e-03 1.726660e-03 1.191215e-01 3.695294e-05 -5.126040e-05 -4.121527e-06 1.036854e-04
12131.092879 7.112722e-01 -2.849699e-03 1.744062e-03 1.184645e-01 3.858389e-05 -6.213770e-05 -1.162357e-05 1.081531e-04
12134.817562 7.113873e-01 -2.842713e-03 1.775040e-03 1.188411e-01 3.983788e-05 -5.772231e-05 -1.741149e-05 1.039145e-04
12138.554437 7.107701e-01 -2.857653e-03 1.786828e-03 1.186506e-01 4.186725e-05 -4.789117e-05 -1.410102e-05 1.093970e-04
12142.303503 7.095383e-01 -2.844238e-03 1.694262e-03 1.194144e-01 3.648669e-05 -4.762384e-05 -5.747902e-06 1.119926e-04
12146.064762 7.090247e-01 -2.824765e-03 1.725826e-03 1.189707e-01 3.535248e-05 -5.178782e-05 -9.514402e-06 1.095783e-04
12149.838213 7.082542e-01 -2.863214e-03 1.713593e-03 1.197131e-01 3.387281e-05 -5.356669e-05 -8.406720e-06 1.124897e-04
12153.623855 7.084334e-01 -2.853540e-03 1.771182e-03 1.195132e-01 3.683285e-05 -4.604244e-05 -9.644671e-06 1.064076e-04
12157.421689 7.080361e-01 -2.859827e-03 1.800280e-03 1.192060e-01 3.220883e-05 -4.743832e-05 -1.170407e-05 9.476421e-05
12161.231716 7.075623e-01 -2.851206e-03 1.812740e-03 1.192491e-01 4.445451e-05 -4.685646e-05 -1.093342e-05 9.169454e-05
12165.053934 7.062946e-01 -2.843254e-03 1.788876e-03 1.189364e-01 4.112297e-05 -5.501952e-05 -2.728381e-06 1.011364e-04
12168.888344 7.055040e-01 -2.820352e-03 1.744786e-03 1.193632e-01 3.372337e-05 -5.727827e-05 -4.078805e-06 9.718772e-05
12172.734946 7.024098e-01 -2.843619e-03 1.770104e-03 1.189427e-01 3.707329e-05 -5.362748e-05 -9.362157e-06 9.849297e-05
12176.593740 7.037814e-01 -2.854915e-03 1.772747e-03 1.195486e-01 3.316699e-05 -5.831931e-05 -1.305517e-05 1.056323e-04
12180.464726 7.032014e-01 -2.850667e-03 1.733492e-03 1.191320e-01 2.568492e-05 -5.608751e-05 5.349674e-07 1.065617e-04
12184.347903 7.029252e-01 -2.844835e-03 1.724206e-03 1.186207e-01 2.856466e-05 -6.088005e-05 1.028673e-06 1.188554e-04
12188.243273 7.022976e-01 -2.836441e-03 1.769605e-03 1.193243e-01 2.525214e-05 -6.594406e-05 -4.164258e-07 1.202568e-04
12192.150835 7.018252e-01 -2.833431e-03 1.805054e-03 1.192057e-01 2.690342e-05 -6.283670e-05 -5.042676e-06 1.152190e-04
12196.070588 7.007138e-01 -2.852849e-03 1.727199e-03 1.190591e-01 2.921029e-05 -6.769909e-05 -4.690031e-06 1.069674e-04
12200.002533 7.008066e-01 -2.859425e-03 1.778769e-03 1.189981e-01 2.457359e-05 -7.150014e-05 -1.403509e-05 1.051683e-04
12203.946671 6.995711e-01 -2.855307e-03 1.768423e-03 1.186023e-01 3.131561e-05 -6.730703e-05 -1.602185e-05 1.016424e-04
12207.903000 6.989672e-01 -2.855170e-03 1.731289e-03 1.189951e-01 3.817258e-05 -7.551698e-05 -6.976233e-06 9.351829e-05
12211.871521 6.973843e-01 -2.847367e-03 1.705238e-03 1.191668e-01 3.227685e-05 -6.571639e-05 -1.055259e-05 1.093037e-04
12215.852234 6.974430e-01 -2.849242e-03 1.732604e-03 1.186625e-01 3.120270e-05 -6.315109e-05 -1.733365e-05 1.085601e-04
12219.845139 6.969063e-01 -2.846221e-03 1.718702e-03 1.193232e-01 3.437628e-05 -7.025319e-05 -5.122648e-06 1.054123e-04
12223.850236 6.965391e-01 -2.839043e-03 1.740038e-03 1.186312e-01 4.524497e-05 -6.439433e-05 -4.785067e-06 1.026165e-04
12227.867524 6.959449e-01 -2.835086e-03 1.743227e-03 1.184627e-01 4.988757e-05 -6.128912e-05 -1.075247e-05 9.865994e-05
12231.897005 6.949847e-01 -2.827678e-03 1.754399e-03 1.191288e-01 4.629571e-05 -5.580292e-05 -1.487645e-05 9.770948e-05
12235.938678 6.944522e-01 -2.851534e-03 1.759512e-03 1.186220e-01 5.307685e-05 -4.723304e-05 -7.033023e-06 9.853422e-05
12239.992542 6.932613e-01 -2.860392e-03 1.778235e-03 1.180783e-01 4.874365e-05 -5.570516e-05 -9.783846e-06 9.322214e-05
12244.058598 6.931045e-01 -2.854004e-03 1.743999e-03 1.186497e-01 5.387671e-05 -5.267867e-05 -6.181996e-06 9.132784e-05
12248.136847 6.922876e-01 -2.856914e-03 1.692775e-03 1.189065e-01 4.529326e-05 -4.348491e-05 -7.156126e-06 9.320761e-05
12252.227287 6.875297e-01 -2.840233e-03 1.706470e-03 1.179476e-01 4.537636e-05 -5.052147e-05 -2.984595e-06 9.696852e-05
12256.329919 6.757599e-01 -2.827718e-03 1.715108e-03 1.165249e-01 4.509304e-05 -4.935613e-05 -6.063003e-06 8.963429e-05
12260.444743 6.863782e-01 -2.844122e-03 1.741741e-03 1.179744e-01 4.880181e-05 -4.088739e-05 -1.087895e-06 9.755589e-05
12264.571759 6.876667e-01 -2.862750e-03 1.745166e-03 1.184811e-01 4.539332e-05 -4.902961e-05 1.531175e-07 9.777473e-05
12268.710967 6.877795e-01 -2.862900e-03 1.747589e-03 1.187984e-01 4.908168e-05 -5.579965e-05 1.447056e-05 1.010160e-04
12272.862366 6.885494e-01 -2.862909e-03 1.751490e-03 1.193953e-01 5.104665e-05 -5.844506e-05 6.831969e-06 1.025893e-04
12277.025958 6.879218e-01 -2.849583e-03 1.728439e-03 1.193679e-01 6.062334e-05 -6.034097e-05 -8.878866e-06 1.121023e-04
12281.201742 6.865662e-01 -2.842300e-03 1.757175e-03 1.193397e-01 5.072208e-05 -6.363445e-05 4.470731e-07 1.195352e-04
12285.389717 6.858422e-01 -2.838419e-03 1.793881e-03 1.188865e-01 5.203843e-05 -5.038296e-05 1.322732e-06 1.288136e-04
12289.589884 6.845837e-01 -2.842521e-03 1.756284e-03 1.180805e-01 6.649829e-05 -5.270548e-05 5.975937e-07 1.186356e-04
12293.802244 6.839616e-01 -2.838505e-03 1.766926e-03 1.184505e-01 6.401657e-05 -6.128835e-05 1.052996e-05 1.142774e-04
12298.026795 6.705565e-01 -2.844148e-03 1.779294e-03 1.171881e-01 5.630721e-05 -5.553605e-05 -2.685231e-08 9.715958e-05
12302.263538 6.746643e-01 -2.841539e-03 1.727781e-03 1.167898e-01 4.493899e-05 -5.224501e-05 -8.243354e-06 8.884337e-05
12306.512473 6.812609e-01 -2.826100e-03 1.739016e-03 1.185125e-01 4.936223e-05 -5.331130e-05 -6.529895e-06 9.809384e-05
12310.773600 6.819480e-01 -2.833523e-03 1.770553e-03 1.183039e-01 4.633254e-05 -5.036012e-05 -1.526142e-05 9.892025e-05
12315.046919 6.816692e-01 -2.858181e-03 1.713498e-03 1.183813e-01 4.867311e-05 -4.315074e-05 -8.756375e-06 1.047536e-04
12319.332429 6.807552e-01 -2.851970e-03 1.721962e-03 1.182697e-01 5.468305e-05 -5.007291e-05 1.048573e-05 1.052092e-04
12323.630132 6.806439e-01 -2.819562e-03 1.782625e-03 1.189049e-01 6.343964e-05 -5.260886e-05 7.706570e-06 1.012125e-04
12327.940026 6.799501e-01 -2.829561e-03 1.719670e-03 1.186586e-01 5.730613e-05 -4.635449e-05 6.329834e-06 1.109974e-04
12332.262113 6.785848e-01 -2.842439e-03 1.756243e-03 1.181999e-01 6.087002e-05 -4.492657e-05 -8.095227e-06 1.150118e-04
12336.596391 6.787423e-01 -2.842404e-03 1.691345e-03 1.182694e-01 5.483176e-05 -5.153195e-05 -1.629232e-05 1.134477e-04
12340.942861 6.781390e-01 -2.836601e-03 1.741249e-03 1.187088e-01 5.739264e-05 -4.949690e-05 -1.179113e-05 1.157173e-04
12345.301524 6.771637e-01 -2.850209e-03 1.763272e-03 1.193974e-01 5.606297e-05 -4.221274e-05 -1.139137e-05 1.086386e-04
12349.672378 6.763636e-01 -2.846795e-03 1.701262e-03 1.187471e-01 5.018541e-05 -4.975231e-05 -1.054073e-05 1.131209e-04
12354.055424 6.748368e-01 -2.823039e-03 1.769542e-03 1.185573e-01 5.186005e-05 -5.404203e-05 -1.658602e-06 1.222751e-04
12358.450662 6.749231e-01 -2.835120e-03 1.736790e-03 1.180789e-01 4.472421e-05 -4.829791e-05 -3.898239e-06 1.141268e-04
12362.858091 6.741245e-01 -2.841742e-03 1.718323e-03 1.185304e-01 5.243929e-05 -4.151746e-05 3.906844e-07 1.182477e-04
12367.277713 6.729381e-01 -2.833033e-03 1.736474e-03 1.186707e-01 5.544736e-05 -4.909328e-05 1.675534e-06 1.128190e-04
12371.709527 6.733861e-01 -2.808746e-03 1.801088e-03 1.187424e-01 6.051815e-05 -5.399660e-05 -9.850001e-07 1.179381e-04
12376.153532 6.725075e-01 -2.839877e-03 1.781267e-03 1.185458e-01 6.539749e-05 -3.716590e-05 -4.964225e-06 1.210526e-04
12380.609730 6.713958e-01 -2.833330e-03 1.752085e-03 1.190028e-01 5.864950e-05 -3.732751e-05 -1.161902e-06 1.123560e-04
12385.078119 6.708458e-01 -2.822474e-03 1.785325e-03 1.184673e-01 5.838909e-05 -4.540674e-05 -2.923935e-06 1.122099e-04
12389.558700 6.698509e-01 -2.829398e-03 1.771959e-03 1.184175e-01 5.803269e-05 -4.670700e-05 4.512260e-07 1.140924e-04
12394.051473 6.689343e-01 -2.842089e-03 1.751623e-03 1.185993e-01 6.288365e-05 -3.947901e-05 -2.355512e-06 9.937586e-05
12398.556438 6.689370e-01 -2.829059e-03 1.770476e-03 1.184918e-01 5.909562e-05 -3.794604e-05 -4.908463e-06 1.033719e-04
12403.073595 6.677866e-01 -2.807588e-03 1.771286e-03 1.182921e-01 5.786190e-05 -4.463103e-05 -5.457659e-06 1.104263e-04
12407.602944 6.668159e-01 -2.815281e-03 1.817356e-03 1.183598e-01 5.280340e-05 -5.122447e-05 7.268886e-07 1.136851e-04
12412.144485 6.660320e-01 -2.804262e-03 1.760062e-03 1.183473e-01 4.641655e-05 -5.637610e-05 6.527533e-06 1.126849e-04
12416.698218 6.639244e-01 -2.819577e-03 1.733135e-03 1.178388e-01 3.901661e-05 -4.565560e-05 1.816283e-06 1.198599e-04
12421.264142 6.615547e-01 -2.816881e-03 1.702417e-03 1.178593e-01 4.241997e-05 -3.582172e-05 3.098143e-07 1.184369e-04
12425.842259 6.633329e-01 -2.815066e-03 1.757062e-03 1.183771e-01 3.570302e-05 -3.397697e-05 2.860553e-06 1.119896e-04
12430.432567 6.641026e-01 -2.826078e-03 1.753484e-03 1.185121e-01 3.802847e-05 -3.931745e-05 3.854752e-07 1.039250e-04
12435.035068 6.634371e-01 -2.806664e-03 1.781346e-03 1.184383e-01 4.513354e-05 -4.075450e-05 7.469974e-07 1.023152e-04
12439.649760 6.620631e-01 -2.808531e-03 1.732497e-03 1.183363e-01 5.421936e-05 -3.891600e-05 -1.724933e-05 1.019916e-04
12444.276644 6.610130e-01 -2.829461e-03 1.745413e-03 1.181320e-01 5.697198e-05 -4.633138e-05 -2.211890e-05 1.089137e-04
12448.915720 6.597378e-01 -2.831006e-03 1.720800e-03 1.182747e-01 5.713791e-05 -3.493245e-05 -2.923237e-05 1.103394e-04
12453.566988 6.599434e-01 -2.829659e-03 1.776552e-03 1.183913e-01 6.183104e-05 -3.641566e-05 -3.594874e-05 1.102074e-04
12458.230448 6.598445e-01 -2.830470e-03 1.684264e-03 1.185239e-01 5.839571e-05 -4.137142e-05 -2.017180e-05 1.160051e-04
12462.906100 6.592876e-01 -2.829818e-03 1.761727e-03 1.188660e-01 4.778539e-05 -3.962841e-05 -2.128803e-05 1.101286e-04
12467.593943 6.583606e-01 -2.843797e-03 1.724091e-03 1.187845e-01 4.299659e-05 -3.582760e-05 -1.848517e-05 1.055316e-04
12472.293979 6.570559e-01 -2.847734e-03 1.771551e-03 1.180261e-01 3.972090e-05 -2.553954e-05 -8.769322e-06 1.206230e-04
12477.006206 6.566532e-01 -2.848878e-03 1.767097e-03 1.185153e-01 3.680169e-05 -2.520950e-05 -1.169903e-05 1.138830e-04
12481.730626 6.567381e-01 -2.855553e-03 1.793630e-03 1.185804e-01 4.179509e-05 -2.824749e-05 -1.990076e-05 1.111081e-04
12486.467237 6.560383e-01 -2.855577e-03 1.761548e-03 1.185657e-01 3.976849e-05 -2.739313e-05 -1.867544e-05 1.131546e-04
12491.216040 6.551303e-01 -2.846697e-03 1.773016e-03 1.183806e-01 4.264807e-05 -3.144201e-05 -7.478405e-06 1.087565e-04
12495.977036 6.532928e-01 -2.841247e-03 1.805393e-03 1.182728e-01 4.751257e-05 -3.391606e-05 -5.231177e-06 9.561249e-05
12500.750223 6.505152e-01 -2.843686e-03 1.762197e-03 1.179841e-01 3.059501e-05 -2.778302e-05 -1.266758e-06 1.064628e-04
12505.535602 6.523847e-01 -2.843026e-03 1.820577e-03 1.178958e-01 2.869460e-05 -4.108970e-05 -5.577248e-06 1.189284e-04
12510.333172 6.528344e-01 -2.852766e-03 1.792018e-03 1.183235e-01 2.976128e-05 -4.424900e-05 -6.291787e-06 1.121054e-04
12515.142935 6.520700e-01 -2.847151e-03 1.788573e-03 1.183833e-01 3.321996e-05 -5.142628e-05 -2.269703e-06 1.094585e-04
12519.964890 6.513189e-01 -2.836132e-03 1.776991e-03 1.186547e-01 3.183344e-05 -5.239145e-05 -1.017214e-05 1.162104e-04
12524.799037 6.506011e-01 -2.833581e-03 1.762888e-03 1.188285e-01 4.798232e-05 -6.261071e-05 -2.047794e-05 1.178717e-04
12529.645375 6.447452e-01 -2.821406e-03 1.728840e-03 1.181280e-01 4.948366e-05 -6.300226e-05 -1.822926e-05 1.183417e-04
12534.503905 3.393405e-01 -1.479750e-03 9.222315e-04 6.241525e-02 2.007139e-05 -2.358237e-05 -1.132799e-05 6.081740e-05
12539.374628 6.940196e-03 -3.023622e-05 1.854581e-05 1.278045e-03 3.884298e-07 -3.873377e-07 -2.807418e-07 1.222192e-06
