# Facility: NSLS-II
# Beamline: QAS
# Year: 2023
# Cycle: 3
# SAF: 312215
# PI: Reece
# Proposal: 313586
# Scan ID: 271185
# UID: 8b228591-b793-4e4d-aaf1-385aeec3683f
# Comment: 
# Start time: 10/18/2023  21:29:18
# Stop time: 10/18/2023  21:29:49
# Total time: 00:31
# Trajectory name: Pt-L3-30s-11564.txt
# Element: Platinum ( 78)
# Edge: L3
# E0: 11564
# Reference Foil Element: Pt
# Keithley Gains I0: 1E6 V/A It: 1E6 V/A Iref: 1E7 V/A PIPS: 1E8 V/A 
# Ion Chamber Gas Flow Rates: I0: 0.00 sccm He + 189.60 sccm N2 + 9.80 sccm Ar 
# Ion Chamber Gas Flow Rates: It&Iref: 39.70 sccm N2 + 60.10 sccm Ar
# Incident Beam Path Vertical: 31.75 mm
# Incident Slits Positions B: TOP: 2.0 mm Bottom: 1.0 mm Inboard: 0.57675 mm Outboard: 1.57675 mm
# Sample Stage Positions: Rotation: 40.0 deg Horizontal: -10.11 mm Vertical: 15.39 mm Beam Direction: 0.00 mm
# PerkinElmer Vertical Position: 500.00 mm
# Linkam Oven Temperature : 3.03 C and Ramp Rate: 20.00 C/min.
# Front End Mirror Horizontal Positions: Up: -14.00 mm Down: -14.00 mm
#
# energy  i0  it  ir  iff  aux1  aux2  aux3  aux4
11380.468179 4.193747e-01 1.018724e-02 1.551124e-02 2.495930e-02 1.764140e-05 -1.450846e-05 -2.196155e-06 2.988975e-05
11385.468179 8.241100e-01 2.017445e-02 3.079363e-02 4.954049e-02 2.766747e-05 -2.522520e-05 -6.848174e-06 5.453403e-05
11390.468179 8.303719e-01 2.051110e-02 3.132128e-02 4.964852e-02 3.692046e-05 -2.660709e-05 3.546509e-06 5.723920e-05
11395.468179 8.381485e-01 2.086484e-02 3.183465e-02 4.987485e-02 3.517900e-05 -3.675030e-05 2.343384e-06 6.046395e-05
11400.468179 8.360178e-01 2.074943e-02 3.178440e-02 4.994072e-02 4.289483e-05 -3.252697e-05 2.165574e-06 6.153672e-05
11405.468179 8.340074e-01 2.074298e-02 3.187142e-02 4.992949e-02 4.417551e-05 -2.418715e-05 1.224930e-05 5.629609e-05
11410.468179 8.309491e-01 2.073539e-02 3.196862e-02 4.984687e-02 4.375278e-05 -3.214909e-05 1.135240e-05 6.005907e-05
11415.468179 8.227588e-01 2.072186e-02 3.199456e-02 4.954274e-02 4.139507e-05 -1.924317e-05 1.480124e-05 5.441495e-05
11420.468179 8.228340e-01 2.067837e-02 3.200017e-02 4.999823e-02 5.340284e-05 -1.561831e-05 2.506247e-05 5.141251e-05
11425.468179 8.308616e-01 2.078141e-02 3.218820e-02 5.129752e-02 5.052317e-05 -2.495820e-05 2.217970e-05 6.287773e-05
11430.468179 8.315423e-01 2.081982e-02 3.230116e-02 5.096275e-02 4.336065e-05 -2.941440e-05 1.630068e-05 6.435461e-05
11435.468179 8.297332e-01 2.117318e-02 3.282841e-02 5.049026e-02 4.314351e-05 -2.603413e-05 8.529724e-06 6.118999e-05
11440.468179 8.285447e-01 2.156714e-02 3.338411e-02 5.038070e-02 4.589473e-05 -4.030106e-05 -4.021693e-06 7.298686e-05
11445.468179 8.276507e-01 2.143388e-02 3.329896e-02 5.067809e-02 4.507395e-05 -2.688356e-05 -5.595160e-06 6.687546e-05
11450.468179 8.262049e-01 2.172551e-02 3.379504e-02 5.096370e-02 3.464835e-05 -8.238446e-06 1.472807e-06 6.548166e-05
11455.468179 8.250603e-01 2.179777e-02 3.395073e-02 5.106187e-02 2.877536e-05 -2.086521e-05 6.908602e-06 7.057493e-05
11460.468179 8.245083e-01 2.203429e-02 3.433221e-02 5.140836e-02 3.472246e-05 -2.048468e-05 6.622212e-06 7.104005e-05
11465.468179 8.235363e-01 2.258017e-02 3.510141e-02 5.188289e-02 4.379407e-05 -1.227738e-05 7.304811e-07 7.342736e-05
11470.468179 8.226103e-01 2.290143e-02 3.566885e-02 5.217046e-02 4.292594e-05 -1.483033e-05 3.500005e-06 7.675971e-05
11475.468179 8.218307e-01 2.312699e-02 3.602654e-02 5.139160e-02 4.166407e-05 -1.916117e-05 4.919708e-07 7.612989e-05
11480.468179 8.204916e-01 2.318726e-02 3.620853e-02 5.139470e-02 5.362976e-05 -1.909166e-05 -7.036718e-06 7.722475e-05
11485.468179 8.193891e-01 2.331657e-02 3.642375e-02 5.163528e-02 4.635322e-05 -9.079179e-06 -3.920098e-06 8.227656e-05
11490.468179 8.185871e-01 2.340610e-02 3.657918e-02 5.196036e-02 4.327639e-05 -1.318228e-05 4.515144e-07 7.473067e-05
11495.468179 8.177072e-01 2.354224e-02 3.685668e-02 5.254153e-02 5.227341e-05 -2.069133e-05 5.294646e-07 8.380938e-05
11500.468179 8.169335e-01 2.358788e-02 3.694086e-02 5.239365e-02 4.816387e-05 -2.590382e-05 -9.911379e-06 7.050631e-05
11505.468179 8.164213e-01 2.372473e-02 3.713052e-02 5.174755e-02 4.454687e-05 -2.147499e-05 -8.901159e-06 7.047555e-05
11510.468179 8.154111e-01 2.406991e-02 3.766945e-02 5.171002e-02 4.706079e-05 -2.414890e-05 -1.000339e-05 7.092288e-05
11515.468179 8.139568e-01 2.436200e-02 3.806397e-02 5.168985e-02 4.722709e-05 -2.439884e-05 2.479852e-06 7.834776e-05
11520.468179 8.130384e-01 2.455013e-02 3.832259e-02 5.204733e-02 5.458124e-05 -2.853856e-05 3.169906e-06 7.215685e-05
11525.468179 8.124557e-01 2.460172e-02 3.830725e-02 5.239447e-02 5.811795e-05 -2.447701e-05 1.762384e-05 7.594446e-05
11530.468179 8.113481e-01 2.472543e-02 3.836354e-02 5.279488e-02 4.737574e-05 -3.292919e-05 1.445998e-05 8.271186e-05
11534.000000 8.107506e-01 2.470070e-02 3.824422e-02 5.302455e-02 3.937163e-05 -3.337534e-05 1.729528e-06 7.580443e-05
11535.000000 8.099627e-01 2.465135e-02 3.816133e-02 5.287863e-02 3.801558e-05 -3.104646e-05 4.178361e-06 6.930862e-05
11536.000000 8.102638e-01 2.462640e-02 3.805760e-02 5.304513e-02 3.577359e-05 -2.846967e-05 1.290144e-05 7.650090e-05
11537.000000 8.105367e-01 2.465408e-02 3.799669e-02 5.381538e-02 4.165619e-05 -2.637108e-05 6.905573e-06 7.406124e-05
11538.000000 8.117450e-01 2.468129e-02 3.797935e-02 5.293046e-02 4.258868e-05 -2.635436e-05 -5.177923e-06 6.586526e-05
11539.000000 8.106207e-01 2.460938e-02 3.780313e-02 5.319493e-02 3.443570e-05 -2.561346e-05 -2.417033e-05 7.251594e-05
11540.000000 8.097920e-01 2.461861e-02 3.767401e-02 5.370938e-02 3.296016e-05 -2.019922e-05 -1.046535e-05 6.285107e-05
11541.000000 8.098106e-01 2.475664e-02 3.779861e-02 5.311889e-02 2.829297e-05 -1.358267e-05 7.200086e-06 8.507668e-05
11541.200000 8.056808e-01 2.463030e-02 3.749104e-02 5.295939e-02 2.794732e-05 -1.790168e-05 1.243982e-05 8.609398e-05
11541.400000 8.155415e-01 2.500961e-02 3.813998e-02 5.424581e-02 3.049383e-05 -2.481575e-05 2.271990e-05 1.184006e-04
11541.600000 8.073195e-01 2.468964e-02 3.776120e-02 5.346641e-02 3.547560e-05 -2.571679e-05 9.047006e-06 1.092729e-04
11541.800000 8.152635e-01 2.513360e-02 3.808814e-02 5.489934e-02 3.286706e-05 -2.696757e-05 1.697319e-06 8.847834e-05
11542.000000 8.108012e-01 2.495043e-02 3.812726e-02 5.579349e-02 3.899470e-05 -3.055602e-05 6.942581e-07 8.218471e-05
11542.200000 8.095321e-01 2.497389e-02 3.798009e-02 5.272634e-02 2.072950e-05 -2.282637e-05 3.931901e-05 9.822538e-05
11542.400000 8.067680e-01 2.488454e-02 3.780569e-02 5.372700e-02 2.686999e-05 -2.425462e-05 2.635695e-05 1.061530e-04
11542.600000 8.020999e-01 2.473623e-02 3.787330e-02 5.452517e-02 2.620327e-05 -2.108446e-05 -3.873456e-05 5.860808e-05
11542.800000 8.199645e-01 2.538753e-02 3.833454e-02 5.500785e-02 1.071250e-05 -2.027504e-05 -4.310924e-05 6.464380e-05
11543.000000 8.035262e-01 2.481619e-02 3.782647e-02 5.470553e-02 3.290110e-05 -2.154965e-05 -2.964571e-05 6.498210e-05
11543.200000 8.099497e-01 2.514188e-02 3.787416e-02 5.423925e-02 1.433840e-05 -1.714115e-05 2.149252e-05 9.407731e-05
11543.400000 8.120363e-01 2.513017e-02 3.803536e-02 5.217889e-02 3.739826e-05 -1.813433e-05 -1.185009e-05 7.019141e-05
11543.600000 8.061180e-01 2.507170e-02 3.796035e-02 5.463996e-02 3.636897e-05 -1.248647e-05 1.429164e-05 7.583115e-05
11543.800000 8.142401e-01 2.525487e-02 3.809659e-02 5.458990e-02 3.047167e-05 -1.599278e-05 1.770524e-05 9.164836e-05
11544.000000 8.002672e-01 2.479110e-02 3.758149e-02 5.429112e-02 3.543111e-05 -2.477802e-05 -3.581692e-06 8.171447e-05
11544.200000 8.111983e-01 2.524284e-02 3.814097e-02 5.488784e-02 1.060905e-05 -3.357640e-05 -1.711825e-05 8.614822e-05
11544.400000 8.104158e-01 2.510540e-02 3.802349e-02 5.494876e-02 1.720641e-05 -2.396494e-05 -5.531643e-06 7.448044e-05
11544.600000 8.021759e-01 2.506200e-02 3.776380e-02 5.343063e-02 1.826040e-05 -2.282515e-05 1.143241e-05 9.567446e-05
11544.800000 8.113943e-01 2.519376e-02 3.796454e-02 5.408869e-02 2.486220e-05 -2.420434e-05 6.527110e-07 7.946161e-05
11545.000000 8.038991e-01 2.510884e-02 3.776463e-02 5.410381e-02 3.465633e-05 -2.770092e-05 1.237907e-05 9.343052e-05
11545.200000 8.143818e-01 2.538546e-02 3.813320e-02 5.745753e-02 3.482031e-05 -2.804827e-05 2.419777e-05 8.657903e-05
11545.400000 8.052850e-01 2.511827e-02 3.768168e-02 5.580088e-02 4.325131e-05 -2.289279e-05 2.857940e-05 8.608215e-05
11545.600000 8.148539e-01 2.547222e-02 3.809458e-02 5.440402e-02 2.904145e-05 -2.694748e-05 1.483182e-05 8.583975e-05
11545.800000 8.067592e-01 2.513107e-02 3.795297e-02 5.693356e-02 4.071423e-05 -2.272089e-05 4.139689e-06 9.330393e-05
11546.000000 8.130720e-01 2.552517e-02 3.833722e-02 5.434729e-02 2.489700e-05 -2.726546e-05 -9.894623e-06 8.880026e-05
11546.200000 8.047992e-01 2.510312e-02 3.742462e-02 5.340742e-02 3.897959e-05 -2.582422e-05 -1.059274e-05 5.615742e-05
11546.400000 8.078186e-01 2.538153e-02 3.775524e-02 5.434536e-02 1.591445e-05 -1.731156e-05 1.260924e-05 7.301059e-05
11546.600000 8.068586e-01 2.530519e-02 3.768334e-02 5.584068e-02 4.163076e-05 -1.856661e-05 -3.573120e-05 5.077113e-05
11546.800000 8.099871e-01 2.543504e-02 3.762775e-02 5.516468e-02 4.891135e-05 -3.285345e-05 1.350074e-05 9.040339e-05
11547.000000 8.111599e-01 2.548763e-02 3.770681e-02 5.453560e-02 3.717710e-05 -2.458012e-05 1.447533e-05 7.784535e-05
11547.200000 8.124487e-01 2.548256e-02 3.782873e-02 5.453918e-02 3.308398e-05 -2.873908e-05 3.838554e-05 9.700710e-05
11547.400000 8.060366e-01 2.546814e-02 3.762620e-02 5.486956e-02 2.027073e-05 -3.029929e-05 -4.247096e-06 7.230873e-05
11547.600000 8.082267e-01 2.533430e-02 3.725523e-02 5.567917e-02 2.438218e-05 -3.227994e-05 -2.777234e-05 4.644104e-05
11547.800000 8.080732e-01 2.546742e-02 3.757838e-02 5.627978e-02 6.293374e-06 -3.634193e-05 -2.302575e-05 5.900043e-05
11548.000000 8.090389e-01 2.542472e-02 3.746474e-02 5.555331e-02 2.247969e-05 -3.193387e-05 1.882698e-05 8.266375e-05
11548.200000 8.173394e-01 2.572699e-02 3.779265e-02 5.490674e-02 1.862127e-05 -3.123669e-05 -4.124380e-05 5.645546e-05
11548.400000 8.041389e-01 2.531128e-02 3.713669e-02 5.483076e-02 3.917356e-05 -2.839044e-05 3.525992e-05 9.903991e-05
11548.600000 8.112183e-01 2.553275e-02 3.752199e-02 5.711730e-02 5.147503e-05 -2.080582e-05 2.634633e-05 6.380663e-05
11548.800000 8.003191e-01 2.533323e-02 3.701508e-02 5.449052e-02 3.471699e-05 -2.253723e-05 7.766494e-06 1.567058e-05
11549.000000 8.125285e-01 2.562421e-02 3.736949e-02 5.631407e-02 5.716924e-05 -3.359870e-05 2.685544e-05 3.320838e-05
11549.200000 8.090355e-01 2.554442e-02 3.752045e-02 5.688337e-02 2.535270e-05 -1.892158e-05 5.790253e-06 6.923604e-05
11549.400000 8.089122e-01 2.544953e-02 3.729205e-02 5.550348e-02 3.295889e-05 -1.896714e-05 1.541944e-05 5.674600e-05
11549.600000 8.034845e-01 2.540913e-02 3.703815e-02 5.595667e-02 2.281599e-05 -3.752146e-05 1.935237e-05 8.257401e-05
11549.800000 8.083670e-01 2.549821e-02 3.708468e-02 5.618516e-02 3.423364e-05 -2.926358e-05 1.610291e-05 6.591829e-05
11550.000000 7.956916e-01 2.522205e-02 3.678426e-02 5.213865e-02 3.666762e-05 -2.979985e-05 2.711534e-05 7.316214e-05
11550.200000 8.175041e-01 2.581156e-02 3.719680e-02 5.943451e-02 5.278788e-05 -2.200415e-05 2.754239e-05 7.068155e-05
11550.400000 8.057066e-01 2.551815e-02 3.683546e-02 5.599831e-02 5.086141e-05 -1.198846e-05 -8.748636e-06 2.037423e-05
11550.600000 8.106564e-01 2.565075e-02 3.674135e-02 5.685551e-02 5.757445e-05 -1.788797e-05 -1.099335e-05 2.843615e-05
11550.800000 8.059050e-01 2.556574e-02 3.690540e-02 5.489363e-02 5.513439e-05 -2.619800e-05 -7.861007e-06 5.368276e-05
11551.000000 8.077725e-01 2.556143e-02 3.670103e-02 5.602404e-02 6.029856e-05 -2.702691e-05 -5.733891e-06 5.979789e-05
11551.200000 8.033000e-01 2.549192e-02 3.650046e-02 5.734294e-02 5.164116e-05 -1.728407e-05 -1.617563e-05 5.138808e-05
11551.400000 8.115776e-01 2.570885e-02 3.659774e-02 5.524833e-02 3.664972e-05 -1.638682e-05 1.034938e-05 7.241147e-05
11551.600000 8.082038e-01 2.559648e-02 3.684233e-02 5.857411e-02 4.467777e-05 -2.274486e-05 1.844075e-05 6.626196e-05
11551.800000 8.127271e-01 2.574240e-02 3.661781e-02 5.668306e-02 4.185134e-05 -2.263716e-05 6.906939e-06 7.211847e-05
11552.000000 8.039804e-01 2.545057e-02 3.646922e-02 5.456180e-02 3.886382e-05 -1.253403e-05 -1.932753e-06 7.595523e-05
11552.200000 8.057161e-01 2.556551e-02 3.632772e-02 5.769535e-02 4.270379e-05 -1.576421e-05 2.331246e-06 6.344348e-05
11552.400000 8.071818e-01 2.549908e-02 3.612777e-02 5.749969e-02 4.942290e-05 -1.024529e-05 1.207313e-05 7.250719e-05
11552.600000 8.121051e-01 2.584498e-02 3.630766e-02 5.867632e-02 4.579361e-05 -1.515828e-05 -4.975701e-06 6.691885e-05
11552.800000 8.026571e-01 2.533310e-02 3.558238e-02 5.714125e-02 5.218840e-05 -1.375657e-05 7.614287e-06 6.739946e-05
11553.000000 8.115347e-01 2.573799e-02 3.597394e-02 5.701434e-02 5.201192e-05 -2.350010e-05 1.335791e-05 8.562438e-05
11553.200000 8.085644e-01 2.547231e-02 3.549670e-02 5.884098e-02 6.034947e-05 -1.958065e-05 1.450087e-05 7.715157e-05
11553.400000 8.056239e-01 2.557192e-02 3.550251e-02 5.731991e-02 5.089000e-05 -1.769197e-05 1.729535e-05 7.409608e-05
11553.600000 8.143212e-01 2.569381e-02 3.591293e-02 5.804931e-02 5.683249e-05 -1.312865e-05 1.725184e-05 7.727029e-05
11553.800000 8.094803e-01 2.566454e-02 3.535889e-02 5.669951e-02 5.103382e-05 -1.264204e-05 6.316367e-06 6.313745e-05
11554.000000 8.065419e-01 2.548037e-02 3.504262e-02 5.852499e-02 5.643535e-05 -1.555281e-05 -1.022909e-05 6.101042e-05
11554.200000 8.109399e-01 2.573034e-02 3.516626e-02 6.007555e-02 4.788303e-05 -1.910057e-05 1.763808e-05 7.426145e-05
11554.400000 8.078238e-01 2.553856e-02 3.510136e-02 5.920217e-02 5.348193e-05 -8.155025e-06 9.194721e-06 5.754826e-05
11554.600000 8.071312e-01 2.563021e-02 3.462906e-02 5.978174e-02 4.276270e-05 -1.628083e-05 1.168614e-05 5.307619e-05
11554.800000 8.029720e-01 2.541634e-02 3.434287e-02 5.708017e-02 3.597228e-05 -3.100978e-05 -1.079507e-05 5.726033e-05
11555.000000 8.103598e-01 2.573898e-02 3.456126e-02 6.015203e-02 4.701613e-05 -2.794022e-05 1.105285e-05 4.797980e-05
11555.200000 8.107128e-01 2.569065e-02 3.430493e-02 5.880539e-02 5.801782e-05 -3.446342e-05 4.259635e-05 8.730912e-05
11555.400000 8.111348e-01 2.573149e-02 3.439294e-02 6.199704e-02 5.789355e-05 -2.828148e-05 3.536785e-05 8.562558e-05
11555.600000 8.095964e-01 2.569992e-02 3.378984e-02 5.976881e-02 4.918807e-05 -3.172615e-05 1.561693e-05 7.379199e-05
11555.800000 8.095838e-01 2.567398e-02 3.376381e-02 6.000949e-02 6.590304e-05 -3.347778e-05 4.118625e-05 8.704462e-05
11556.000000 8.030957e-01 2.557458e-02 3.338371e-02 6.069326e-02 4.924300e-05 -3.184034e-05 4.592782e-05 7.970798e-05
11556.200000 8.062015e-01 2.561706e-02 3.342594e-02 6.049599e-02 5.022171e-05 -3.922873e-05 3.351940e-05 7.610269e-05
11556.400000 8.065833e-01 2.576624e-02 3.326145e-02 6.168383e-02 4.419457e-05 -3.353116e-05 4.273373e-05 7.813957e-05
11556.600000 8.080728e-01 2.567823e-02 3.287957e-02 6.161041e-02 3.876763e-05 -2.705013e-05 2.541147e-05 6.935895e-05
11556.800000 8.070166e-01 2.578331e-02 3.283907e-02 6.070409e-02 3.458612e-05 -2.573473e-05 1.927091e-05 6.908762e-05
11557.000000 8.081778e-01 2.570826e-02 3.249010e-02 6.335519e-02 5.968071e-05 -2.065364e-05 1.598746e-05 7.938324e-05
11557.200000 8.109950e-01 2.594880e-02 3.234443e-02 6.318019e-02 4.011811e-05 -2.249291e-05 2.211516e-05 7.709550e-05
11557.400000 8.018366e-01 2.553181e-02 3.170091e-02 6.138421e-02 6.064517e-05 -1.835297e-05 3.299250e-06 6.869411e-05
11557.600000 8.082433e-01 2.581827e-02 3.140923e-02 6.346827e-02 4.678862e-05 -2.119776e-05 2.687319e-05 6.180577e-05
11557.800000 8.061080e-01 2.563313e-02 3.085950e-02 6.275786e-02 4.471730e-05 -2.526476e-05 1.741403e-05 2.698849e-05
11558.000000 8.095339e-01 2.590186e-02 3.114198e-02 6.195487e-02 4.915935e-05 -2.050067e-05 2.224978e-05 5.078778e-05
11558.200000 8.064455e-01 2.570216e-02 3.044954e-02 6.384916e-02 5.517847e-05 -2.567297e-05 2.054708e-05 6.143829e-05
11558.400000 8.064999e-01 2.576270e-02 3.013709e-02 6.525627e-02 5.288388e-05 -3.258128e-05 1.897488e-05 6.178491e-05
11558.600000 8.101704e-01 2.583956e-02 2.994206e-02 6.635541e-02 5.109138e-05 -3.463744e-05 2.673340e-06 6.267827e-05
11558.800000 8.074642e-01 2.579065e-02 2.941380e-02 6.495995e-02 4.597033e-05 -2.759724e-05 6.760295e-06 7.031629e-05
11559.000000 8.054333e-01 2.570998e-02 2.881653e-02 6.452499e-02 4.601364e-05 -1.555014e-05 -2.094321e-05 6.336241e-05
11559.200000 8.107954e-01 2.580796e-02 2.832508e-02 6.730403e-02 4.541650e-05 -1.791264e-05 -1.612090e-05 6.148198e-05
11559.400000 8.078638e-01 2.583155e-02 2.809400e-02 6.675647e-02 4.817154e-05 -1.207948e-05 -7.926400e-06 6.366574e-05
11559.600000 8.056083e-01 2.563638e-02 2.758819e-02 6.690682e-02 5.776490e-05 -1.365948e-05 2.411101e-05 8.459745e-05
11559.800000 8.069409e-01 2.577750e-02 2.690787e-02 6.879069e-02 4.184715e-05 -8.320828e-06 -6.650679e-06 6.629562e-05
11560.000000 8.098293e-01 2.576514e-02 2.640372e-02 6.983767e-02 5.083459e-05 -1.074864e-05 2.458839e-05 7.180538e-05
11560.200000 8.022379e-01 2.550303e-02 2.571028e-02 6.957322e-02 5.381888e-05 -1.207257e-05 3.786206e-05 8.591730e-05
11560.400000 8.092206e-01 2.578414e-02 2.531343e-02 7.155015e-02 4.678911e-05 -1.730836e-05 2.296530e-05 7.052487e-05
11560.600000 8.086128e-01 2.566360e-02 2.450405e-02 7.123495e-02 5.542374e-05 -2.129271e-05 2.531743e-05 7.245466e-05
11560.800000 8.077143e-01 2.574117e-02 2.395683e-02 7.312126e-02 4.717085e-05 -2.624392e-05 5.021257e-05 7.432740e-05
11561.000000 8.046720e-01 2.560394e-02 2.324499e-02 7.226875e-02 5.292580e-05 -2.515861e-05 5.161759e-05 8.903666e-05
11561.200000 8.003307e-01 2.547321e-02 2.201735e-02 7.588468e-02 4.602676e-05 -3.325743e-05 4.084490e-05 9.883129e-05
11561.400000 8.113538e-01 2.585087e-02 2.175908e-02 7.644982e-02 3.477051e-05 -2.516201e-05 3.661505e-05 9.017687e-05
11561.600000 8.064795e-01 2.564475e-02 2.091836e-02 7.912916e-02 3.955051e-05 -3.307769e-05 4.462822e-05 9.024648e-05
11561.800000 8.101810e-01 2.576489e-02 1.998774e-02 7.890824e-02 3.717322e-05 -4.001411e-05 1.707631e-05 7.175597e-05
11562.000000 8.031980e-01 2.557346e-02 1.884970e-02 8.142917e-02 3.850270e-05 -4.248107e-05 3.285463e-05 8.431363e-05
11562.200000 8.100371e-01 2.577161e-02 1.818478e-02 8.190240e-02 5.749246e-05 -4.014795e-05 3.933574e-05 9.259148e-05
11562.400000 8.070030e-01 2.560579e-02 1.744184e-02 8.525976e-02 6.520704e-05 -3.468108e-05 3.959463e-05 7.262810e-05
11562.600000 8.078836e-01 2.569150e-02 1.655576e-02 8.691219e-02 4.720595e-05 -3.601894e-05 4.583424e-05 9.398112e-05
11562.800000 8.024855e-01 2.550199e-02 1.551844e-02 8.876302e-02 6.494288e-05 -3.126112e-05 2.069007e-05 7.374374e-05
11563.000000 8.068366e-01 2.563842e-02 1.477853e-02 9.081251e-02 5.883849e-05 -3.089436e-05 2.232771e-05 9.046819e-05
11563.200000 8.099470e-01 2.581890e-02 1.381503e-02 9.365072e-02 4.263953e-05 -3.287858e-05 2.380328e-05 9.337543e-05
11563.400000 8.043055e-01 2.561136e-02 1.275181e-02 9.550889e-02 3.303560e-05 -3.415110e-05 3.515710e-06 7.939132e-05
11563.600000 8.055309e-01 2.559792e-02 1.210636e-02 9.873221e-02 4.734080e-05 -2.701224e-05 -7.177709e-07 7.837386e-05
11563.800000 8.064181e-01 2.561450e-02 1.123387e-02 1.022816e-01 3.110947e-05 -2.409472e-05 4.702758e-06 8.404274e-05
11564.000000 8.086967e-01 2.573195e-02 1.053556e-02 1.051529e-01 2.338792e-05 -2.050038e-05 -1.841357e-05 6.392376e-05
11564.200000 8.070935e-01 2.565004e-02 9.889287e-03 1.071543e-01 4.138224e-05 -2.053799e-05 2.701065e-06 6.623296e-05
11564.400000 8.067784e-01 2.561536e-02 9.090800e-03 1.111453e-01 2.793169e-05 -2.042710e-05 2.742993e-05 9.293989e-05
11564.600000 8.066315e-01 2.558758e-02 8.533545e-03 1.133229e-01 2.582368e-05 -8.135731e-06 -1.705710e-06 7.747443e-05
11564.800000 8.071604e-01 2.566041e-02 8.102299e-03 1.176563e-01 2.960512e-05 -1.960048e-06 8.243902e-06 6.940440e-05
11565.000000 8.066588e-01 2.559402e-02 7.558227e-03 1.197309e-01 3.697129e-05 -4.365217e-06 2.668631e-05 9.367300e-05
11565.200000 8.040973e-01 2.547801e-02 7.225562e-03 1.236391e-01 5.049905e-05 -1.261401e-05 -4.645373e-06 8.426137e-05
11565.400000 8.061272e-01 2.553891e-02 6.831237e-03 1.235638e-01 4.125124e-05 -9.851487e-06 1.028433e-05 8.922957e-05
11565.600000 8.071893e-01 2.555102e-02 6.460329e-03 1.286823e-01 4.345177e-05 -1.140180e-05 -1.324371e-05 8.338060e-05
11565.800000 8.051954e-01 2.551609e-02 6.289159e-03 1.302266e-01 4.174362e-05 -1.438992e-05 -7.723668e-06 7.865923e-05
11566.000000 8.062599e-01 2.548952e-02 5.988522e-03 1.327364e-01 4.335702e-05 -1.032077e-05 -7.423807e-06 7.869382e-05
11566.200000 8.053349e-01 2.545179e-02 6.017683e-03 1.351801e-01 4.524547e-05 -6.980726e-06 -9.453051e-06 6.919516e-05
11566.400000 8.050513e-01 2.541841e-02 5.810303e-03 1.371178e-01 5.435225e-05 -7.997872e-06 -1.223264e-05 7.187381e-05
11566.600000 8.092591e-01 2.554486e-02 5.766313e-03 1.394096e-01 5.044414e-05 -1.780602e-05 -2.068848e-06 7.287371e-05
11566.800000 8.047840e-01 2.536329e-02 5.491703e-03 1.416073e-01 5.786802e-05 -2.888492e-05 -3.762537e-05 4.697354e-05
11567.000000 8.074981e-01 2.544184e-02 5.644886e-03 1.413149e-01 7.133556e-05 -2.812601e-05 1.783671e-05 5.906059e-05
11567.200000 8.060693e-01 2.538578e-02 5.750709e-03 1.421807e-01 5.727620e-05 -1.439035e-05 1.446801e-05 8.643086e-05
11567.400000 8.051942e-01 2.537701e-02 5.709346e-03 1.421579e-01 5.925824e-05 -1.744015e-05 2.130802e-05 7.770449e-05
11567.600000 8.072809e-01 2.543338e-02 5.928079e-03 1.444179e-01 5.682590e-05 -1.249893e-05 6.824945e-06 8.497769e-05
11567.800000 8.076419e-01 2.542410e-02 6.022440e-03 1.439383e-01 6.053383e-05 -1.327531e-05 2.851768e-07 7.054253e-05
11568.000000 8.056938e-01 2.531196e-02 5.934236e-03 1.440443e-01 6.232825e-05 -1.114272e-05 2.335490e-05 6.887880e-05
11568.200000 8.060987e-01 2.534947e-02 6.192288e-03 1.447203e-01 4.713627e-05 -1.454566e-05 6.140756e-06 6.099064e-05
11568.400000 8.055837e-01 2.530515e-02 6.136799e-03 1.444081e-01 4.576035e-05 -2.091670e-05 -3.909532e-05 4.699068e-05
11568.600000 8.056480e-01 2.525276e-02 6.359826e-03 1.453906e-01 4.921588e-05 -2.327214e-05 1.678258e-05 6.663129e-05
11568.800000 8.069211e-01 2.531987e-02 6.589227e-03 1.445944e-01 5.252478e-05 -8.576394e-06 1.536098e-05 5.039688e-05
11569.000000 8.051294e-01 2.526373e-02 6.787589e-03 1.440277e-01 6.142393e-05 -1.059943e-05 2.016920e-05 7.229900e-05
11569.200000 8.048505e-01 2.525393e-02 6.906868e-03 1.438361e-01 4.655073e-05 -1.130876e-05 -8.767474e-07 5.895299e-05
11569.400000 8.034998e-01 2.522177e-02 6.915095e-03 1.426548e-01 4.666717e-05 -1.506164e-05 -1.568588e-05 6.032644e-05
11569.600000 8.060743e-01 2.530144e-02 7.152793e-03 1.425713e-01 5.310095e-05 -1.972417e-05 -2.899945e-05 7.140665e-05
11569.800000 8.065585e-01 2.526576e-02 6.999296e-03 1.413638e-01 5.742170e-05 -1.792245e-05 -1.376020e-05 7.263187e-05
11570.000000 8.037495e-01 2.517873e-02 7.292766e-03 1.423480e-01 5.917541e-05 -1.655195e-05 -1.748515e-05 7.693880e-05
11570.200000 8.069659e-01 2.528185e-02 7.192774e-03 1.401887e-01 6.504448e-05 -2.296072e-05 -3.644451e-05 5.843894e-05
11570.400000 8.045628e-01 2.514498e-02 7.347258e-03 1.390905e-01 6.243003e-05 -1.458609e-05 -1.603386e-05 7.632010e-05
11570.600000 8.054925e-01 2.518357e-02 7.275200e-03 1.375109e-01 6.180304e-05 -1.021828e-05 -9.646720e-06 7.604421e-05
11570.800000 8.064470e-01 2.521503e-02 7.386668e-03 1.369612e-01 5.409134e-05 -1.707634e-05 -1.492288e-05 7.460362e-05
11571.000000 8.051632e-01 2.518162e-02 7.476448e-03 1.369888e-01 6.249221e-05 -1.877333e-05 -8.766142e-06 7.916282e-05
11571.200000 8.041524e-01 2.511255e-02 7.684832e-03 1.362082e-01 7.744491e-05 -1.315223e-05 1.014853e-05 8.077967e-05
11571.400000 8.052245e-01 2.514459e-02 7.810015e-03 1.358199e-01 6.211275e-05 -1.493071e-05 -2.050258e-05 6.785296e-05
11571.600000 8.056495e-01 2.511928e-02 8.035295e-03 1.344546e-01 5.610778e-05 -2.435408e-05 -8.299145e-06 8.513745e-05
11571.800000 8.056532e-01 2.503627e-02 7.997840e-03 1.328862e-01 6.390891e-05 -2.165487e-05 -1.898182e-05 7.451417e-05
11572.000000 8.059418e-01 2.504033e-02 7.967056e-03 1.326649e-01 6.539622e-05 -1.497659e-05 -2.025683e-05 7.623794e-05
11572.200000 8.057766e-01 2.501774e-02 7.909654e-03 1.316803e-01 6.424369e-05 -1.889064e-05 -2.295555e-05 7.428015e-05
11572.400000 8.050298e-01 2.492015e-02 7.895184e-03 1.310460e-01 6.186734e-05 -2.606952e-05 -2.553708e-05 7.867046e-05
11572.600000 8.052557e-01 2.493255e-02 8.037010e-03 1.298162e-01 4.878739e-05 -2.982939e-05 -1.741166e-05 8.652117e-05
11572.800000 8.048236e-01 2.494022e-02 8.438018e-03 1.294068e-01 4.750201e-05 -2.804535e-05 -2.698000e-05 7.416945e-05
11573.000000 8.042768e-01 2.483344e-02 8.156174e-03 1.287741e-01 5.719326e-05 -2.947553e-05 -3.486681e-05 6.564522e-05
11573.200000 8.049404e-01 2.484387e-02 8.258846e-03 1.289082e-01 4.686016e-05 -2.530062e-05 -1.677764e-05 5.423172e-05
11573.400000 8.048883e-01 2.485864e-02 8.299031e-03 1.274829e-01 5.014052e-05 -1.326012e-05 -2.504451e-05 7.917877e-05
11573.600000 8.052170e-01 2.486117e-02 8.411590e-03 1.267523e-01 4.429293e-05 -1.242663e-05 -1.626182e-05 8.562485e-05
11573.800000 8.043031e-01 2.480892e-02 8.415457e-03 1.250795e-01 4.629113e-05 -1.417871e-05 -1.684654e-05 7.257918e-05
11574.000000 8.048598e-01 2.479558e-02 8.492992e-03 1.253383e-01 5.452135e-05 -1.216504e-05 -1.602794e-05 7.811062e-05
11574.200000 8.050275e-01 2.478230e-02 8.501142e-03 1.261833e-01 5.849459e-05 -9.698165e-06 -1.144305e-05 7.593416e-05
11574.400000 8.032981e-01 2.472490e-02 8.630488e-03 1.250315e-01 5.787806e-05 -1.316864e-05 -3.182279e-05 7.508533e-05
11574.600000 8.052764e-01 2.475879e-02 8.569300e-03 1.249231e-01 4.906529e-05 -2.360460e-05 -5.398081e-06 8.552485e-05
11574.800000 8.050054e-01 2.472991e-02 8.644398e-03 1.245003e-01 4.368872e-05 -2.864998e-05 6.036314e-06 8.831879e-05
11575.000000 8.043720e-01 2.467981e-02 8.620163e-03 1.237537e-01 4.560484e-05 -2.256501e-05 -8.090659e-07 8.222644e-05
11575.200000 8.048863e-01 2.469694e-02 8.746270e-03 1.240658e-01 5.280988e-05 -1.779814e-05 7.145710e-06 7.837880e-05
11575.400000 8.056509e-01 2.471922e-02 8.615110e-03 1.232319e-01 4.786882e-05 -1.718372e-05 1.057924e-05 8.861280e-05
11575.600000 8.048336e-01 2.475639e-02 8.581208e-03 1.231484e-01 4.000342e-05 -1.199013e-05 1.485628e-05 9.723445e-05
11575.800000 8.049317e-01 2.476861e-02 8.694387e-03 1.234916e-01 4.517669e-05 -1.668845e-05 5.580606e-06 7.911695e-05
11576.000000 8.050527e-01 2.479435e-02 8.711350e-03 1.236488e-01 5.113999e-05 -1.288141e-05 -7.081425e-06 7.316574e-05
11576.200000 8.040202e-01 2.482423e-02 8.702183e-03 1.220609e-01 4.417836e-05 -1.660624e-05 -1.123355e-05 6.546961e-05
11576.400000 8.049682e-01 2.483466e-02 8.866050e-03 1.223967e-01 5.284920e-05 -1.785852e-05 -1.317709e-05 6.282256e-05
11576.600000 8.034360e-01 2.479834e-02 8.585853e-03 1.221635e-01 5.376119e-05 -1.665778e-05 -1.275018e-05 7.417762e-05
11576.800000 8.035228e-01 2.485338e-02 8.711098e-03 1.223993e-01 5.424652e-05 -2.685438e-05 -7.307650e-06 8.019303e-05
11577.000000 8.050312e-01 2.496796e-02 8.675544e-03 1.218766e-01 4.548926e-05 -3.498753e-05 3.853458e-06 7.636899e-05
11577.200000 8.055683e-01 2.498136e-02 8.677499e-03 1.220735e-01 4.782426e-05 -3.560003e-05 -6.670999e-06 7.095077e-05
11577.400000 8.020664e-01 2.493588e-02 8.639478e-03 1.212583e-01 4.014991e-05 -3.411230e-05 1.501967e-06 6.536740e-05
11577.600000 8.057490e-01 2.509608e-02 8.620553e-03 1.227020e-01 3.980618e-05 -4.472590e-05 7.057805e-06 6.628529e-05
11577.800000 8.030067e-01 2.506474e-02 8.488764e-03 1.219824e-01 4.407246e-05 -4.215473e-05 -6.465068e-06 5.512091e-05
11578.000000 8.031107e-01 2.510557e-02 8.572898e-03 1.211691e-01 4.485533e-05 -3.485079e-05 -5.294160e-06 6.487634e-05
11578.200000 8.028088e-01 2.511639e-02 8.505174e-03 1.226018e-01 5.150227e-05 -2.826487e-05 9.922738e-06 7.440450e-05
11578.400000 8.037944e-01 2.518147e-02 8.485552e-03 1.221843e-01 4.532040e-05 -3.354738e-05 9.522000e-06 5.383870e-05
11578.600000 8.044172e-01 2.523517e-02 8.492116e-03 1.224032e-01 3.956650e-05 -3.870334e-05 3.362744e-06 4.498821e-05
11578.800000 8.028366e-01 2.521101e-02 8.565556e-03 1.215738e-01 4.616725e-05 -4.282321e-05 6.827420e-06 5.904177e-05
11579.000000 8.038578e-01 2.524680e-02 8.452305e-03 1.227280e-01 4.481443e-05 -5.162581e-05 -5.321164e-06 6.924775e-05
11579.200000 8.040770e-01 2.528134e-02 8.383992e-03 1.224323e-01 4.207481e-05 -5.496028e-05 -1.761238e-05 5.874262e-05
11579.400000 8.032413e-01 2.527308e-02 8.330578e-03 1.220082e-01 3.722291e-05 -3.998343e-05 -1.528955e-05 5.186251e-05
11579.600000 8.052127e-01 2.532778e-02 8.336517e-03 1.221573e-01 5.216497e-05 -4.325108e-05 -1.287611e-05 6.501841e-05
11579.800000 8.020974e-01 2.527973e-02 8.156112e-03 1.229067e-01 4.739002e-05 -4.505721e-05 -3.376585e-07 6.514507e-05
11580.000000 8.046768e-01 2.538643e-02 8.255029e-03 1.222560e-01 4.676553e-05 -4.351202e-05 1.116785e-06 7.367302e-05
11580.200000 8.035505e-01 2.534291e-02 8.225491e-03 1.220313e-01 4.625503e-05 -3.567806e-05 7.635686e-06 8.307869e-05
11580.400000 8.021871e-01 2.525658e-02 8.133667e-03 1.228728e-01 5.095014e-05 -3.414771e-05 1.872000e-06 7.761582e-05
11580.600000 8.052666e-01 2.536389e-02 8.097417e-03 1.234753e-01 4.986962e-05 -4.386350e-05 -6.794421e-06 7.104004e-05
11580.800000 8.002840e-01 2.523763e-02 8.120854e-03 1.224431e-01 4.402100e-05 -6.334048e-05 -1.008074e-06 5.203272e-05
11581.000000 8.053465e-01 2.527050e-02 8.141685e-03 1.222025e-01 4.468117e-05 -5.471016e-05 1.068729e-05 6.888530e-05
11581.200000 8.047940e-01 2.531648e-02 8.137820e-03 1.232968e-01 4.174844e-05 -4.087887e-05 2.111361e-05 6.300137e-05
11581.400000 8.028733e-01 2.525216e-02 8.283917e-03 1.217552e-01 5.335326e-05 -4.677678e-05 6.622777e-06 2.782141e-05
11581.600000 8.038705e-01 2.529741e-02 8.320247e-03 1.221606e-01 4.984162e-05 -4.959998e-05 -8.721114e-06 3.403731e-05
11581.800000 8.037028e-01 2.529079e-02 8.375933e-03 1.218333e-01 4.397383e-05 -4.238597e-05 -1.115852e-05 6.746817e-05
11582.000000 8.031354e-01 2.528837e-02 8.488606e-03 1.232450e-01 4.576522e-05 -4.327488e-05 -1.571313e-05 5.884487e-05
11582.200000 8.040766e-01 2.527165e-02 8.502031e-03 1.221278e-01 3.926574e-05 -4.489490e-05 -1.301353e-05 5.032570e-05
11582.400000 8.039507e-01 2.526804e-02 8.621418e-03 1.232008e-01 4.364359e-05 -3.482675e-05 -1.212173e-05 6.814466e-05
11582.600000 7.986171e-01 2.504586e-02 8.731613e-03 1.220565e-01 5.255806e-05 -4.087904e-05 -5.408346e-06 6.924574e-05
11582.800000 8.059116e-01 2.529007e-02 8.432158e-03 1.225104e-01 6.514007e-05 -4.096440e-05 -9.565128e-06 6.226945e-05
11583.000000 7.999455e-01 2.506683e-02 8.494926e-03 1.231309e-01 6.738928e-05 -3.725012e-05 -9.420536e-07 6.979616e-05
11583.200000 8.019737e-01 2.514181e-02 8.617526e-03 1.236371e-01 6.996427e-05 -4.507022e-05 -1.030306e-05 6.874165e-05
11583.400000 8.030337e-01 2.513598e-02 8.657537e-03 1.218377e-01 6.464181e-05 -3.567913e-05 -3.268534e-06 6.687231e-05
11583.600000 8.047888e-01 2.517338e-02 8.608371e-03 1.225485e-01 6.844827e-05 -3.830084e-05 -2.472583e-05 6.108173e-05
11583.800000 7.988638e-01 2.495126e-02 8.522495e-03 1.200348e-01 5.338126e-05 -4.402808e-05 -2.635004e-05 5.883417e-05
11584.000000 8.062118e-01 2.519817e-02 8.711463e-03 1.218135e-01 5.308989e-05 -3.204080e-05 -2.403050e-05 5.752226e-05
11584.200000 7.986933e-01 2.495748e-02 8.689726e-03 1.205133e-01 4.271270e-05 -2.958112e-05 -2.143006e-05 6.261028e-05
11584.400000 8.060147e-01 2.515849e-02 8.715442e-03 1.221844e-01 5.230017e-05 -2.524952e-05 -3.459829e-05 6.739125e-05
11584.600000 7.998114e-01 2.498248e-02 8.578682e-03 1.184889e-01 4.408550e-05 -2.124530e-05 -3.252249e-05 6.133690e-05
11584.800000 8.008034e-01 2.494274e-02 8.645906e-03 1.219814e-01 5.167269e-05 -2.214492e-05 -2.443321e-05 6.340426e-05
11585.000000 8.045817e-01 2.506311e-02 8.898981e-03 1.204464e-01 5.015202e-05 -2.903402e-05 -2.766163e-05 5.166045e-05
11585.200000 8.010764e-01 2.491334e-02 8.886884e-03 1.198756e-01 3.894674e-05 -3.739020e-05 -2.718988e-05 4.820458e-05
11585.400000 8.045685e-01 2.502480e-02 8.879348e-03 1.210533e-01 4.056783e-05 -3.542368e-05 -2.493311e-05 5.135222e-05
11585.600000 7.996229e-01 2.482199e-02 9.064912e-03 1.208251e-01 3.641723e-05 -3.986948e-05 -1.445608e-05 6.761200e-05
11585.800000 8.012704e-01 2.486841e-02 8.957690e-03 1.206500e-01 5.249695e-05 -3.666756e-05 1.069900e-05 7.698975e-05
11586.000000 8.034667e-01 2.495266e-02 8.842400e-03 1.205280e-01 5.211940e-05 -3.099762e-05 -8.503846e-06 6.634507e-05
11586.200000 8.043241e-01 2.502012e-02 9.009255e-03 1.215587e-01 5.287131e-05 -3.389596e-05 -2.969609e-05 6.389218e-05
11586.400000 7.954766e-01 2.480832e-02 8.798661e-03 1.199298e-01 5.271485e-05 -1.954618e-05 -1.450203e-05 7.250456e-05
11586.600000 8.015611e-01 2.491901e-02 8.962196e-03 1.220863e-01 5.623323e-05 -2.253908e-05 -2.819607e-06 7.215659e-05
11586.800000 8.036078e-01 2.503734e-02 8.989591e-03 1.199955e-01 4.376251e-05 -2.250035e-05 5.660329e-06 8.049333e-05
11587.000000 7.972630e-01 2.484167e-02 8.941774e-03 1.202047e-01 4.788984e-05 -2.759127e-05 -4.115863e-06 8.686577e-05
11587.200000 8.047278e-01 2.511785e-02 8.936524e-03 1.216285e-01 5.723729e-05 -2.614070e-05 -1.866316e-05 8.102695e-05
11587.400000 7.999614e-01 2.500028e-02 8.757265e-03 1.222685e-01 5.210149e-05 -2.338121e-05 -1.339245e-05 7.254002e-05
11587.600000 8.017222e-01 2.499635e-02 8.880591e-03 1.214146e-01 4.212692e-05 -2.549263e-05 -8.376469e-06 7.878589e-05
11587.800000 8.043146e-01 2.507373e-02 8.980250e-03 1.229835e-01 4.570428e-05 -2.574992e-05 -1.401842e-05 7.458171e-05
11588.000000 8.000909e-01 2.498433e-02 8.913160e-03 1.211367e-01 4.490810e-05 -2.729539e-05 -1.162488e-06 8.144983e-05
11588.200000 8.076921e-01 2.518420e-02 8.888901e-03 1.210813e-01 3.845061e-05 -3.069886e-05 -1.201590e-05 6.114641e-05
11588.400000 7.977183e-01 2.489688e-02 8.755221e-03 1.205876e-01 5.732376e-05 -1.984308e-05 3.299314e-06 8.068952e-05
11588.600000 8.029633e-01 2.508678e-02 8.738678e-03 1.222965e-01 5.752376e-05 -2.686119e-05 6.438319e-06 7.946494e-05
11588.800000 8.027493e-01 2.514117e-02 8.797183e-03 1.228933e-01 4.427210e-05 -2.878464e-05 -3.958322e-06 6.642665e-05
11589.000000 8.019721e-01 2.513393e-02 8.747755e-03 1.205571e-01 4.314155e-05 -3.224537e-05 -8.581018e-06 6.357064e-05
11589.200000 8.015719e-01 2.513629e-02 8.795496e-03 1.214320e-01 5.038751e-05 -3.436005e-05 -1.200818e-05 6.733338e-05
11589.400000 8.035138e-01 2.516800e-02 8.704439e-03 1.213781e-01 4.386505e-05 -3.382573e-05 -2.587095e-05 7.291924e-05
11589.600000 8.023643e-01 2.518465e-02 8.696476e-03 1.220214e-01 4.176584e-05 -2.337774e-05 -2.630318e-05 7.064199e-05
11589.800000 8.029113e-01 2.532039e-02 8.755108e-03 1.212664e-01 6.396232e-05 -2.844748e-05 -2.308395e-06 7.129374e-05
11590.000000 8.045870e-01 2.539901e-02 8.788542e-03 1.231024e-01 6.164489e-05 -2.300340e-05 -7.958620e-06 8.095053e-05
11590.200000 7.992539e-01 2.526768e-02 8.753141e-03 1.203337e-01 5.452656e-05 -2.151114e-05 4.887241e-06 8.099702e-05
11590.400000 8.003446e-01 2.531785e-02 8.663455e-03 1.230571e-01 3.683805e-05 -2.167561e-05 5.288927e-06 8.064665e-05
11590.600000 8.021033e-01 2.534922e-02 8.450805e-03 1.228902e-01 4.709059e-05 -1.909162e-05 -2.249664e-05 7.497934e-05
11590.800000 8.033279e-01 2.542186e-02 8.519690e-03 1.226695e-01 4.711629e-05 -2.859692e-05 -6.413452e-06 9.272945e-05
11591.000000 8.004706e-01 2.545002e-02 8.673745e-03 1.235805e-01 3.686795e-05 -2.731230e-05 -1.854164e-05 6.430735e-05
11591.200000 8.041802e-01 2.549905e-02 8.461859e-03 1.243436e-01 4.914169e-05 -3.183354e-05 -2.166125e-05 4.774231e-05
11591.400000 7.975384e-01 2.530373e-02 8.197132e-03 1.217453e-01 4.991697e-05 -3.556434e-05 2.151855e-05 1.030619e-04
11591.600000 8.030806e-01 2.556901e-02 8.322544e-03 1.245339e-01 5.433019e-05 -3.371381e-05 -2.339740e-06 8.574843e-05
11591.800000 8.013068e-01 2.551643e-02 8.283463e-03 1.247164e-01 3.686103e-05 -3.020782e-05 -1.205529e-05 8.300024e-05
11592.000000 8.033666e-01 2.558151e-02 8.194715e-03 1.224833e-01 4.208206e-05 -4.289549e-05 -1.180193e-05 7.978787e-05
11592.200000 7.991308e-01 2.551979e-02 8.258145e-03 1.255163e-01 3.572165e-05 -3.919916e-05 2.003695e-05 1.015040e-04
11592.400000 8.018117e-01 2.564153e-02 8.359510e-03 1.242080e-01 4.693511e-05 -3.585762e-05 -1.433082e-05 7.549665e-05
11592.600000 8.048795e-01 2.574932e-02 8.282224e-03 1.261486e-01 4.647218e-05 -3.010764e-05 1.532470e-05 9.200081e-05
11592.800000 7.988286e-01 2.561350e-02 8.105521e-03 1.230176e-01 2.917603e-05 -3.867623e-05 1.948976e-05 8.322209e-05
11593.000000 8.013904e-01 2.568320e-02 7.923309e-03 1.227429e-01 4.848552e-05 -3.652084e-05 3.075097e-05 9.003550e-05
11593.200000 8.015475e-01 2.576535e-02 8.066863e-03 1.268728e-01 3.794340e-05 -3.781959e-05 2.039084e-05 7.971599e-05
11593.400000 8.031815e-01 2.580197e-02 8.069791e-03 1.243869e-01 4.460108e-05 -3.066595e-05 -2.458296e-06 9.692838e-05
11593.600000 8.003461e-01 2.580215e-02 8.013069e-03 1.237937e-01 5.400748e-05 -2.958323e-05 5.805070e-06 9.662410e-05
11593.800000 8.006309e-01 2.579804e-02 8.008904e-03 1.248841e-01 5.658666e-05 -2.339418e-05 1.905049e-05 1.040490e-04
11594.000000 8.059781e-01 2.599012e-02 7.867809e-03 1.280053e-01 5.613810e-05 -2.517256e-05 2.563104e-05 9.694086e-05
11594.200000 7.983441e-01 2.583927e-02 7.781379e-03 1.262886e-01 5.612482e-05 -3.052715e-05 2.946354e-05 8.666136e-05
11594.400000 8.060677e-01 2.604490e-02 7.858373e-03 1.248455e-01 4.864405e-05 -2.772451e-05 -6.892672e-06 7.736114e-05
11594.600000 8.022558e-01 2.604099e-02 8.080534e-03 1.262856e-01 5.425330e-05 -3.401250e-05 2.278641e-06 9.553602e-05
11594.800000 7.875185e-01 2.551289e-02 7.327426e-03 1.237957e-01 5.991300e-05 -3.350439e-05 8.824435e-06 9.903233e-05
11595.000000 8.061586e-01 2.616598e-02 7.960955e-03 1.268633e-01 5.187005e-05 -2.961592e-05 -2.022467e-05 8.742801e-05
11595.200000 8.016458e-01 2.609343e-02 7.872341e-03 1.254069e-01 3.693570e-05 -2.907649e-05 3.182492e-06 1.009401e-04
11595.400000 8.014237e-01 2.604708e-02 8.135695e-03 1.255449e-01 4.312020e-05 -3.467684e-05 2.139460e-05 1.133450e-04
11595.600000 7.991769e-01 2.607538e-02 7.910562e-03 1.263648e-01 4.223033e-05 -3.259464e-05 3.439179e-05 1.159488e-04
11595.800000 8.002165e-01 2.602101e-02 7.919465e-03 1.238724e-01 5.428801e-05 -3.085083e-05 3.196770e-05 7.883940e-05
11596.000000 8.027378e-01 2.623738e-02 7.976078e-03 1.246668e-01 4.298010e-05 -2.994229e-05 6.719655e-07 9.229260e-05
11596.200000 7.954720e-01 2.591212e-02 7.731666e-03 1.273994e-01 4.598672e-05 -2.748408e-05 1.045497e-05 1.151209e-04
11596.400000 8.049540e-01 2.634249e-02 8.057160e-03 1.268375e-01 3.401388e-05 -2.661679e-05 -2.880513e-06 8.838588e-05
11596.600000 8.007088e-01 2.615653e-02 8.319478e-03 1.232866e-01 6.479483e-05 -2.650727e-05 3.697454e-06 1.055526e-04
11596.800000 7.987518e-01 2.621904e-02 8.222071e-03 1.249609e-01 6.172851e-05 -2.369520e-05 7.183679e-06 1.125290e-04
11597.000000 8.006076e-01 2.622393e-02 8.035779e-03 1.250486e-01 5.699951e-05 -2.697744e-05 1.595146e-05 1.063060e-04
11597.700000 7.995814e-01 2.621534e-02 8.184944e-03 1.241237e-01 4.960158e-05 -2.518060e-05 -4.633637e-06 7.252737e-05
11598.400000 8.003243e-01 2.625503e-02 8.384453e-03 1.246938e-01 3.480881e-05 -2.370984e-05 5.602151e-07 8.336750e-05
11599.100000 7.987882e-01 2.630836e-02 8.515483e-03 1.230516e-01 3.786026e-05 -3.202708e-05 -1.075304e-05 8.690416e-05
11599.800000 7.993384e-01 2.645056e-02 8.615147e-03 1.224412e-01 4.663427e-05 -2.829721e-05 -9.456524e-08 9.175801e-05
11600.500000 7.983782e-01 2.649222e-02 8.761840e-03 1.231574e-01 4.633650e-05 -1.857450e-05 -8.469938e-06 6.953578e-05
11601.200000 7.999480e-01 2.659308e-02 8.769560e-03 1.232426e-01 3.875181e-05 -1.568621e-05 3.278923e-06 7.436449e-05
11601.900000 7.998141e-01 2.661245e-02 8.876409e-03 1.225542e-01 4.127085e-05 -2.260479e-05 9.133131e-06 8.686665e-05
11602.600000 7.976660e-01 2.656070e-02 8.941469e-03 1.218739e-01 5.102596e-05 -2.748556e-05 1.712977e-05 1.012104e-04
11603.300000 7.981829e-01 2.660886e-02 8.791600e-03 1.211528e-01 5.649258e-05 -2.825002e-05 1.654316e-05 1.006481e-04
11604.993695 7.978240e-01 2.670635e-02 8.989238e-03 1.206692e-01 3.436805e-05 -3.214709e-05 1.705780e-05 1.078848e-04
11605.999583 7.979427e-01 2.682474e-02 9.101176e-03 1.207140e-01 3.065431e-05 -3.537262e-05 1.534587e-05 1.115384e-04
11607.017662 7.973648e-01 2.688570e-02 9.177233e-03 1.209549e-01 3.530059e-05 -4.289310e-05 1.998005e-05 1.019253e-04
11608.047933 7.971040e-01 2.690174e-02 9.206199e-03 1.205317e-01 3.247140e-05 -3.092065e-05 3.177117e-07 9.372069e-05
11609.090396 7.971972e-01 2.687535e-02 9.406852e-03 1.211951e-01 4.491490e-05 -2.826394e-05 -1.212809e-05 9.034908e-05
11610.145051 7.973162e-01 2.686507e-02 9.309541e-03 1.215150e-01 5.644411e-05 -2.112898e-05 -1.342742e-05 9.182696e-05
11611.211898 7.967318e-01 2.688258e-02 9.181921e-03 1.210577e-01 5.000966e-05 -1.384348e-05 -1.385016e-05 9.016099e-05
11612.290937 7.970015e-01 2.695705e-02 9.121441e-03 1.224167e-01 5.025788e-05 -1.126540e-05 -7.067550e-06 9.021679e-05
11613.382167 7.961089e-01 2.701316e-02 8.955391e-03 1.227773e-01 4.934875e-05 -1.491653e-05 -1.167858e-05 7.708385e-05
11614.485590 7.963064e-01 2.700827e-02 8.896108e-03 1.235503e-01 4.902868e-05 -2.189281e-05 -8.715329e-06 8.663081e-05
11615.601204 7.963543e-01 2.701753e-02 8.777669e-03 1.239726e-01 5.364545e-05 -2.443062e-05 7.413945e-06 7.951944e-05
11616.729011 7.960198e-01 2.708381e-02 8.570133e-03 1.240711e-01 5.629497e-05 -2.218503e-05 2.734688e-06 8.721986e-05
11617.869009 7.960164e-01 2.723052e-02 8.514972e-03 1.246447e-01 6.187811e-05 -2.029967e-05 -4.227786e-07 9.388288e-05
11619.021199 7.949131e-01 2.730921e-02 8.451073e-03 1.260330e-01 6.683764e-05 -2.629705e-05 7.180956e-06 1.025568e-04
11620.185582 7.941756e-01 2.736121e-02 8.466209e-03 1.262457e-01 5.471813e-05 -3.169170e-05 7.595161e-06 1.115878e-04
11621.362156 7.930316e-01 2.738939e-02 8.488230e-03 1.256342e-01 5.061139e-05 -2.576758e-05 4.660638e-08 7.457414e-05
11622.550922 7.944263e-01 2.753392e-02 8.569179e-03 1.264618e-01 4.668115e-05 -1.867236e-05 -4.383446e-06 6.343390e-05
11623.751879 7.942158e-01 2.760988e-02 8.592211e-03 1.261988e-01 4.860866e-05 -1.182854e-05 -7.258559e-06 7.783969e-05
11624.965029 7.941274e-01 2.768918e-02 8.614059e-03 1.262929e-01 5.300551e-05 -1.272823e-05 -1.292059e-05 7.871985e-05
11626.190371 7.933753e-01 2.770637e-02 8.680889e-03 1.262869e-01 4.632187e-05 -1.614529e-05 -3.371091e-06 8.199643e-05
11627.427904 7.931049e-01 2.776330e-02 8.754325e-03 1.254846e-01 5.043668e-05 -1.849971e-05 1.729917e-06 8.962491e-05
11628.677630 7.939474e-01 2.781165e-02 8.868189e-03 1.253350e-01 4.881450e-05 -1.949092e-05 7.039414e-07 8.685218e-05
11629.939547 7.930977e-01 2.783258e-02 8.998158e-03 1.247956e-01 4.729121e-05 -2.726167e-05 -4.558529e-06 8.773656e-05
11631.213657 7.931539e-01 2.793063e-02 9.013722e-03 1.237701e-01 2.986970e-05 -2.509233e-05 -3.214369e-05 7.291438e-05
11632.499958 7.925252e-01 2.796341e-02 9.072627e-03 1.242693e-01 4.244383e-05 -3.237004e-05 -2.109571e-05 8.252919e-05
11633.798451 7.920293e-01 2.794855e-02 9.066555e-03 1.238241e-01 4.894816e-05 -3.179623e-05 -1.754733e-06 8.481195e-05
11635.109136 7.922178e-01 2.793317e-02 9.124728e-03 1.241516e-01 5.151312e-05 -2.853443e-05 -2.270510e-05 6.132277e-05
11636.432013 7.919614e-01 2.788766e-02 9.203960e-03 1.237061e-01 5.532707e-05 -1.590849e-05 -1.616541e-05 8.709620e-05
11637.767082 7.916309e-01 2.787423e-02 9.192652e-03 1.230280e-01 5.619679e-05 -2.082160e-05 -9.334879e-06 8.550480e-05
11639.114342 7.909921e-01 2.790977e-02 9.316319e-03 1.228773e-01 4.773621e-05 -2.662245e-05 -1.790850e-05 7.625410e-05
11640.473795 7.912055e-01 2.805750e-02 9.436304e-03 1.217902e-01 4.364107e-05 -2.764027e-05 1.136156e-05 1.063866e-04
11641.845440 7.907468e-01 2.816193e-02 9.590669e-03 1.221488e-01 4.329192e-05 -1.110413e-05 4.223500e-06 1.060482e-04
11643.229276 7.906451e-01 2.822449e-02 9.762459e-03 1.215312e-01 4.192286e-05 -1.225087e-05 1.061379e-05 1.004761e-04
11644.625305 7.897544e-01 2.820090e-02 9.810543e-03 1.211388e-01 4.689540e-05 -2.046646e-05 3.087854e-06 9.196567e-05
11646.033525 7.907275e-01 2.825795e-02 9.795181e-03 1.209331e-01 3.922660e-05 -2.848016e-05 -8.403345e-06 8.312112e-05
11647.453937 7.902419e-01 2.828105e-02 9.926470e-03 1.207116e-01 4.365376e-05 -2.536393e-05 -4.361191e-06 7.543456e-05
11648.886541 7.895576e-01 2.830742e-02 9.939967e-03 1.211733e-01 3.349610e-05 -2.347835e-05 -2.920778e-06 7.867267e-05
11650.331337 7.887724e-01 2.840017e-02 9.853210e-03 1.208091e-01 3.427177e-05 -2.137450e-05 -1.804640e-05 7.401470e-05
11651.788325 7.887814e-01 2.842393e-02 9.947392e-03 1.210365e-01 5.135704e-05 -1.201420e-05 1.174532e-05 8.762875e-05
11653.257505 7.890163e-01 2.843755e-02 9.843501e-03 1.210467e-01 4.245338e-05 -1.123395e-05 1.169032e-05 8.974250e-05
11654.738877 7.882200e-01 2.847935e-02 9.777536e-03 1.210324e-01 5.021075e-05 -2.507940e-05 6.000642e-07 7.686900e-05
11656.232440 7.868427e-01 2.854804e-02 9.653649e-03 1.216088e-01 5.114114e-05 -3.323269e-05 1.941860e-05 8.644139e-05
11657.738196 7.847887e-01 2.859731e-02 9.584730e-03 1.216859e-01 4.631153e-05 -2.433603e-05 2.799506e-05 9.797196e-05
11659.256143 7.852174e-01 2.869292e-02 9.581392e-03 1.214243e-01 4.634928e-05 -2.415330e-05 2.204001e-05 8.794484e-05
11660.786283 7.866712e-01 2.877744e-02 9.563899e-03 1.210200e-01 4.113112e-05 -3.620516e-05 2.405266e-05 8.225246e-05
11662.328614 7.860878e-01 2.872208e-02 9.491709e-03 1.213628e-01 4.014227e-05 -3.783504e-05 5.826067e-06 7.297707e-05
11663.883137 7.860514e-01 2.881498e-02 9.420286e-03 1.221229e-01 3.877245e-05 -3.646760e-05 2.272590e-05 8.363871e-05
11665.449852 7.865891e-01 2.890482e-02 9.524833e-03 1.218891e-01 4.163080e-05 -3.643223e-05 2.283089e-05 8.247341e-05
11667.028759 7.862076e-01 2.892333e-02 9.515928e-03 1.224076e-01 3.459494e-05 -3.586599e-05 1.749983e-05 8.709476e-05
11668.619858 7.854764e-01 2.889520e-02 9.481633e-03 1.226997e-01 3.335725e-05 -3.314581e-05 2.125942e-05 8.142925e-05
11670.223149 7.828824e-01 2.872708e-02 9.474028e-03 1.224443e-01 3.507125e-05 -3.421011e-05 1.274106e-05 8.361558e-05
11671.838632 7.821679e-01 2.869119e-02 9.476902e-03 1.224964e-01 3.849804e-05 -2.674427e-05 4.593067e-06 8.166843e-05
11673.466307 7.848325e-01 2.877821e-02 9.524169e-03 1.232746e-01 4.309752e-05 -3.861117e-05 2.038622e-05 1.041164e-04
11675.106173 7.844023e-01 2.872637e-02 9.569974e-03 1.234089e-01 3.906098e-05 -3.687318e-05 1.103228e-05 9.408972e-05
11676.758232 7.845604e-01 2.866997e-02 9.563184e-03 1.235510e-01 4.454716e-05 -2.985493e-05 1.865083e-06 5.039624e-05
11678.422482 7.845723e-01 2.850789e-02 9.514798e-03 1.231381e-01 3.313079e-05 -2.271425e-05 -5.446108e-06 6.021608e-05
11680.098924 7.846812e-01 2.840634e-02 9.447380e-03 1.228018e-01 3.638542e-05 -2.782475e-05 8.316800e-06 7.139637e-05
11681.787558 7.848504e-01 2.833017e-02 9.504411e-03 1.234472e-01 4.941800e-05 -1.894676e-05 1.479197e-06 5.985146e-05
11683.488385 7.834838e-01 2.821368e-02 9.454842e-03 1.220785e-01 3.934508e-05 -2.505947e-05 1.064600e-05 7.663439e-05
11685.201403 7.831039e-01 2.826626e-02 9.370130e-03 1.227570e-01 4.063722e-05 -2.902269e-05 1.386900e-05 1.000911e-04
11686.926613 7.825315e-01 2.833168e-02 9.482769e-03 1.230936e-01 4.017501e-05 -2.669169e-05 1.282165e-05 9.937609e-05
11688.664014 7.829653e-01 2.848179e-02 9.424527e-03 1.234128e-01 2.945332e-05 -3.193843e-05 1.381788e-05 9.483226e-05
11690.413608 7.820135e-01 2.857322e-02 9.443990e-03 1.233214e-01 3.732643e-05 -3.325369e-05 9.901567e-07 8.887344e-05
11692.175394 7.815309e-01 2.871412e-02 9.580339e-03 1.221219e-01 3.976301e-05 -2.684142e-05 2.419188e-05 9.435944e-05
11693.949371 7.819435e-01 2.889882e-02 9.561435e-03 1.228703e-01 4.137220e-05 -2.870877e-05 1.124745e-05 1.037261e-04
11695.735541 7.816022e-01 2.896061e-02 9.647408e-03 1.224952e-01 2.941583e-05 -1.731839e-05 2.767217e-06 9.360697e-05
11697.533902 7.811228e-01 2.913150e-02 9.890654e-03 1.224092e-01 2.575094e-05 -2.224458e-05 -4.437590e-06 8.584727e-05
11699.344455 7.806877e-01 2.928764e-02 9.969988e-03 1.214087e-01 2.874093e-05 -2.139571e-05 -1.485004e-05 8.580916e-05
11701.167201 7.798382e-01 2.945733e-02 1.014762e-02 1.207687e-01 2.869198e-05 -2.852856e-05 6.164799e-06 7.983566e-05
11703.002138 7.768056e-01 2.951312e-02 1.021640e-02 1.210219e-01 3.089987e-05 -2.634613e-05 1.253315e-05 1.001170e-04
11704.849267 7.787163e-01 2.987932e-02 1.044693e-02 1.211719e-01 3.323616e-05 -2.198431e-05 6.626097e-06 1.005252e-04
11706.708588 7.802867e-01 3.014860e-02 1.059709e-02 1.215554e-01 2.612634e-05 -2.320311e-05 -5.926442e-06 8.829119e-05
11708.580100 7.781685e-01 3.029975e-02 1.060310e-02 1.208561e-01 3.290547e-05 -2.616852e-05 1.941403e-05 9.851896e-05
11710.463805 7.775858e-01 3.039900e-02 1.069537e-02 1.216216e-01 3.665786e-05 -2.796415e-05 1.680788e-05 9.601783e-05
11712.359702 7.786042e-01 3.048190e-02 1.070196e-02 1.211058e-01 3.258121e-05 -2.820933e-05 1.483346e-05 8.642318e-05
11714.267790 7.771165e-01 3.056105e-02 1.059644e-02 1.209995e-01 3.311457e-05 -1.903061e-05 5.851282e-06 7.710931e-05
11716.188071 7.775932e-01 3.070830e-02 1.060185e-02 1.211894e-01 2.493566e-05 -2.637873e-05 -4.763603e-06 6.855747e-05
11718.120543 7.768043e-01 3.084349e-02 1.057717e-02 1.214390e-01 3.222178e-05 -3.083921e-05 5.382378e-06 8.445372e-05
11720.065207 7.767913e-01 3.092972e-02 1.052217e-02 1.226744e-01 3.494564e-05 -2.123319e-05 -2.458955e-06 8.402158e-05
11722.022064 7.770117e-01 3.099697e-02 1.048597e-02 1.221973e-01 2.735173e-05 -2.830103e-05 -9.117489e-06 8.001934e-05
11723.991112 7.769594e-01 3.104970e-02 1.045151e-02 1.228528e-01 2.339198e-05 -3.877590e-05 8.213771e-06 8.645873e-05
11725.972352 7.764134e-01 3.097193e-02 1.037492e-02 1.220176e-01 2.690315e-05 -3.661070e-05 1.745909e-06 7.236923e-05
11727.965784 7.744668e-01 3.077363e-02 1.027663e-02 1.227433e-01 2.238304e-05 -2.774366e-05 -1.067368e-06 8.319151e-05
11729.971407 7.752408e-01 3.087037e-02 1.031401e-02 1.233775e-01 2.067266e-05 -2.957093e-05 -3.579181e-06 7.338750e-05
11731.989223 7.734353e-01 3.111478e-02 1.039760e-02 1.228376e-01 2.361627e-05 -2.316329e-05 1.408929e-05 7.810915e-05
11734.019231 7.744231e-01 3.146308e-02 1.049985e-02 1.229440e-01 2.694976e-05 -2.895029e-05 9.696356e-06 8.523525e-05
11736.061430 7.750280e-01 3.170295e-02 1.053409e-02 1.235586e-01 3.678922e-05 -2.535156e-05 2.938943e-06 9.022486e-05
11738.115822 7.732416e-01 3.176205e-02 1.057964e-02 1.238534e-01 4.824600e-05 -2.794988e-05 7.808523e-06 5.415396e-05
11740.182405 7.733901e-01 3.183295e-02 1.067773e-02 1.230562e-01 4.343363e-05 -3.146936e-05 7.049244e-06 5.898035e-05
11742.261180 7.707919e-01 3.168289e-02 1.061221e-02 1.227625e-01 3.587149e-05 -2.744828e-05 -2.365974e-06 8.033855e-05
11744.352148 7.696524e-01 3.168428e-02 1.051754e-02 1.226590e-01 3.976849e-05 -2.722350e-05 2.243177e-05 6.877911e-05
11746.455307 7.712863e-01 3.188169e-02 1.050253e-02 1.234639e-01 3.560036e-05 -3.423144e-05 1.344450e-05 8.767394e-05
11748.570658 7.719588e-01 3.196737e-02 1.059348e-02 1.230676e-01 4.589415e-05 -2.700932e-05 -2.641174e-06 6.774930e-05
11750.698201 7.712228e-01 3.182065e-02 1.043468e-02 1.230096e-01 4.819041e-05 -2.639734e-05 -8.620509e-07 7.630267e-05
11752.837935 7.717133e-01 3.174005e-02 1.046802e-02 1.230783e-01 4.434923e-05 -3.249024e-05 -4.746498e-06 8.484247e-05
11754.989862 7.704215e-01 3.160924e-02 1.041784e-02 1.226487e-01 4.819209e-05 -3.156907e-05 -1.199638e-05 8.818314e-05
11757.153981 7.703864e-01 3.156865e-02 1.039935e-02 1.227917e-01 5.520510e-05 -2.974428e-05 1.628833e-05 9.129098e-05
11759.330291 7.677869e-01 3.153447e-02 1.049801e-02 1.225480e-01 3.690502e-05 -2.342368e-05 7.870872e-06 7.157161e-05
11761.518794 7.654860e-01 3.155362e-02 1.054630e-02 1.215271e-01 3.055630e-05 -2.195917e-05 1.745570e-05 6.712768e-05
11763.719488 7.671495e-01 3.173465e-02 1.069725e-02 1.222767e-01 2.683587e-05 -2.332934e-05 2.539044e-05 8.644502e-05
11765.932374 7.683556e-01 3.180165e-02 1.083970e-02 1.218951e-01 2.649075e-05 -2.527880e-05 2.614419e-05 7.146525e-05
11768.157453 7.681165e-01 3.174504e-02 1.100395e-02 1.221407e-01 2.814290e-05 -2.210120e-05 1.804697e-05 7.301622e-05
11770.394723 7.672634e-01 3.186090e-02 1.104515e-02 1.215174e-01 3.204153e-05 -2.399567e-05 1.782141e-05 7.804196e-05
11772.644185 7.661029e-01 3.213882e-02 1.119632e-02 1.215571e-01 3.279065e-05 -1.457910e-05 -6.501616e-07 4.304910e-05
11774.905838 7.680024e-01 3.238044e-02 1.128127e-02 1.218966e-01 3.817971e-05 -1.295123e-05 4.443387e-06 7.933128e-05
11777.179684 7.661396e-01 3.213310e-02 1.123133e-02 1.218426e-01 3.625306e-05 -1.104085e-05 8.417763e-06 8.169735e-05
11779.465722 7.667829e-01 3.194050e-02 1.124934e-02 1.221213e-01 3.283339e-05 -6.664373e-06 -1.816456e-06 5.616944e-05
11781.763952 7.642022e-01 3.191047e-02 1.130764e-02 1.211768e-01 4.345261e-05 -4.484926e-06 1.175162e-05 7.887603e-05
11784.074373 7.655499e-01 3.235693e-02 1.133613e-02 1.217441e-01 3.611164e-05 -1.333207e-05 2.345118e-05 7.814056e-05
11786.396987 7.639843e-01 3.261735e-02 1.151480e-02 1.228366e-01 2.989313e-05 -1.016279e-05 1.942283e-05 7.555778e-05
11788.731792 7.650649e-01 3.300712e-02 1.156713e-02 1.215396e-01 2.536927e-05 -1.466114e-05 3.062237e-05 8.318494e-05
11791.078789 7.656061e-01 3.320127e-02 1.166373e-02 1.215801e-01 3.147199e-05 -2.518285e-05 1.925328e-05 7.211690e-05
11793.437978 7.622012e-01 3.318427e-02 1.158947e-02 1.216823e-01 3.477649e-05 -1.847066e-05 2.563952e-05 5.150139e-05
11795.809359 7.581162e-01 3.306895e-02 1.160863e-02 1.220572e-01 3.619233e-05 -1.535448e-05 2.193969e-05 7.004212e-05
11798.192932 7.598254e-01 3.317592e-02 1.159458e-02 1.222286e-01 3.583570e-05 -8.155306e-06 2.504526e-05 7.959404e-05
11800.588697 7.603010e-01 3.321380e-02 1.153501e-02 1.220082e-01 3.048203e-05 -5.178643e-06 -5.234604e-06 5.126834e-05
11802.996654 7.615978e-01 3.324493e-02 1.154110e-02 1.224754e-01 3.766437e-05 -1.727868e-05 -2.666893e-06 6.289491e-05
11805.416803 7.596314e-01 3.316932e-02 1.127398e-02 1.224660e-01 5.244898e-05 -2.071852e-05 7.307737e-06 7.038163e-05
11807.849143 7.592589e-01 3.324164e-02 1.124281e-02 1.226054e-01 4.954095e-05 -3.130586e-05 1.691379e-05 7.025381e-05
11810.293676 7.614083e-01 3.355620e-02 1.130710e-02 1.235165e-01 4.803999e-05 -2.928861e-05 3.719915e-06 5.931200e-05
11812.750400 7.606183e-01 3.373478e-02 1.135752e-02 1.230797e-01 4.451934e-05 -2.640563e-05 9.246782e-06 6.180377e-05
11815.219317 7.575566e-01 3.371998e-02 1.126718e-02 1.219976e-01 4.360186e-05 -2.785895e-05 2.651454e-06 6.058383e-05
11817.700425 7.581269e-01 3.372654e-02 1.121650e-02 1.230493e-01 5.614247e-05 -2.241652e-05 -3.410588e-06 5.061641e-05
11820.193725 7.591326e-01 3.384563e-02 1.127775e-02 1.233401e-01 6.448879e-05 -2.352367e-05 3.796973e-06 5.382665e-05
11822.699217 7.600274e-01 3.416314e-02 1.149881e-02 1.234717e-01 5.419019e-05 -3.612116e-05 8.730963e-06 5.417844e-05
11825.216901 7.603619e-01 3.459039e-02 1.168943e-02 1.251812e-01 5.543739e-05 -3.693920e-05 9.307338e-06 6.530239e-05
11827.746777 7.583446e-01 3.488402e-02 1.175269e-02 1.255211e-01 4.695423e-05 -2.953837e-05 4.765374e-06 5.718020e-05
11830.288845 7.579662e-01 3.495787e-02 1.189751e-02 1.250179e-01 4.557086e-05 -1.777030e-05 -3.185166e-06 5.687852e-05
11832.843105 7.580673e-01 3.509370e-02 1.204390e-02 1.244130e-01 5.156183e-05 -1.659771e-05 9.721910e-06 6.279574e-05
11835.409556 7.556051e-01 3.513987e-02 1.215899e-02 1.247495e-01 4.801942e-05 -1.851810e-05 3.246516e-06 6.561902e-05
11837.988200 7.524423e-01 3.508323e-02 1.232151e-02 1.243389e-01 4.363282e-05 -2.188890e-05 7.405990e-06 7.298209e-05
11840.579035 7.531465e-01 3.518340e-02 1.249808e-02 1.234805e-01 4.520441e-05 -2.705320e-05 1.295024e-06 7.397508e-05
11843.182062 7.557812e-01 3.551429e-02 1.259373e-02 1.222591e-01 4.265801e-05 -2.862315e-05 1.365545e-05 8.025740e-05
11845.797282 7.546476e-01 3.554648e-02 1.264034e-02 1.212011e-01 4.651993e-05 -2.327318e-05 -7.143598e-06 5.558783e-05
11848.424693 7.555029e-01 3.556422e-02 1.271532e-02 1.217025e-01 3.865149e-05 -1.635974e-05 -1.008791e-05 3.638925e-05
11851.064296 7.539529e-01 3.581554e-02 1.278693e-02 1.211130e-01 4.515856e-05 -3.079301e-05 -8.021665e-06 6.193650e-05
11853.716091 7.521984e-01 3.584038e-02 1.269969e-02 1.214809e-01 4.744586e-05 -3.157807e-05 2.231076e-06 7.894949e-05
11856.380078 7.533375e-01 3.603001e-02 1.273363e-02 1.212539e-01 4.627357e-05 -2.732992e-05 -9.439728e-06 6.597704e-05
11859.056256 7.518908e-01 3.617228e-02 1.280148e-02 1.210673e-01 5.031421e-05 -2.536756e-05 -3.738181e-06 6.385779e-05
11861.744627 7.521034e-01 3.605265e-02 1.280250e-02 1.213858e-01 4.642303e-05 -2.935074e-05 2.014434e-05 7.270435e-05
11864.445190 7.507863e-01 3.590135e-02 1.287213e-02 1.217015e-01 5.249686e-05 -2.753490e-05 -8.712621e-06 4.988416e-05
11867.157944 7.513593e-01 3.592836e-02 1.286043e-02 1.221677e-01 5.192026e-05 -3.529433e-05 -1.964448e-06 5.138815e-05
11869.882891 7.508568e-01 3.578918e-02 1.284413e-02 1.220453e-01 4.899797e-05 -3.933666e-05 5.761228e-06 5.302488e-05
11872.620029 7.512730e-01 3.579517e-02 1.288794e-02 1.221491e-01 4.275040e-05 -3.866674e-05 -1.345325e-05 4.666144e-05
11875.369359 7.503195e-01 3.583769e-02 1.291821e-02 1.218925e-01 3.936137e-05 -3.809963e-05 1.587797e-06 5.560972e-05
11878.130881 7.510495e-01 3.589504e-02 1.283045e-02 1.232225e-01 3.529376e-05 -3.407423e-05 4.712814e-06 7.073528e-05
11880.904595 7.497448e-01 3.538348e-02 1.263540e-02 1.227905e-01 3.803243e-05 -2.952776e-05 1.542489e-05 7.935536e-05
11883.690501 7.485558e-01 3.492748e-02 1.242252e-02 1.230273e-01 4.951149e-05 -1.872280e-05 1.490606e-05 8.296010e-05
11886.488599 7.476964e-01 3.565584e-02 1.261727e-02 1.221206e-01 5.118552e-05 -2.114555e-05 8.425565e-06 7.258453e-05
11889.298889 7.476366e-01 3.614077e-02 1.275327e-02 1.226859e-01 4.999199e-05 -1.911873e-05 -4.057698e-06 6.614502e-05
11892.121371 7.470336e-01 3.646146e-02 1.270560e-02 1.218147e-01 5.388423e-05 -2.322819e-05 -2.487613e-06 7.198311e-05
11894.956044 7.420887e-01 3.642004e-02 1.266476e-02 1.219828e-01 5.314181e-05 -2.001917e-05 -3.531980e-06 7.850956e-05
11897.802910 7.383747e-01 3.632659e-02 1.264567e-02 1.211408e-01 4.926651e-05 -1.918130e-05 -1.811858e-07 6.503229e-05
11900.661967 7.439298e-01 3.666636e-02 1.279332e-02 1.222942e-01 4.828360e-05 -2.425144e-05 -8.434977e-07 7.174808e-05
11903.533217 7.451134e-01 3.710911e-02 1.301103e-02 1.225967e-01 4.591950e-05 -2.221237e-05 1.440547e-05 8.228695e-05
11906.416658 7.443142e-01 3.725060e-02 1.310197e-02 1.217284e-01 4.846016e-05 -2.394073e-05 8.072778e-06 7.516417e-05
11909.312291 7.434481e-01 3.738579e-02 1.329736e-02 1.227188e-01 4.881653e-05 -2.171117e-05 1.668794e-05 8.286324e-05
11912.220116 7.438642e-01 3.781209e-02 1.351701e-02 1.232483e-01 4.313353e-05 -2.480677e-05 1.229770e-05 8.698625e-05
11915.140133 7.445376e-01 3.808869e-02 1.370160e-02 1.246235e-01 4.030753e-05 -2.903522e-05 4.426241e-09 9.224804e-05
11918.072342 7.436924e-01 3.807376e-02 1.377310e-02 1.293666e-01 4.172333e-05 -2.169816e-05 1.056768e-06 1.016196e-04
11921.016743 7.371605e-01 3.758074e-02 1.374919e-02 1.286068e-01 3.813257e-05 -2.706192e-05 -5.349047e-06 9.653933e-05
11923.973335 7.361447e-01 3.740020e-02 1.374392e-02 1.252031e-01 3.827225e-05 -2.436603e-05 -6.259772e-06 9.124067e-05
11926.942120 7.402594e-01 3.773392e-02 1.386238e-02 1.230927e-01 4.038887e-05 -2.348360e-05 -4.189375e-06 8.776694e-05
11929.923096 7.417659e-01 3.805368e-02 1.390862e-02 1.228777e-01 3.819707e-05 -2.469170e-05 1.759904e-06 8.617484e-05
11932.916265 7.404730e-01 3.837000e-02 1.403957e-02 1.218042e-01 4.454178e-05 -1.916845e-05 -2.185064e-06 7.822074e-05
11935.921625 7.400137e-01 3.861246e-02 1.412911e-02 1.217363e-01 4.464552e-05 -2.094358e-05 -5.158085e-06 6.855598e-05
11938.939177 7.396657e-01 3.865417e-02 1.412356e-02 1.215630e-01 4.699420e-05 -2.508048e-05 -9.151920e-07 5.740445e-05
11941.968921 7.397210e-01 3.885806e-02 1.422480e-02 1.208378e-01 4.998535e-05 -2.240166e-05 3.419355e-07 7.856058e-05
11945.010858 7.390302e-01 3.890415e-02 1.418257e-02 1.212838e-01 4.422825e-05 -2.805652e-05 -7.238606e-07 8.785512e-05
11948.064985 7.376438e-01 3.872200e-02 1.411410e-02 1.218372e-01 4.830283e-05 -3.503889e-05 6.758256e-06 7.856456e-05
11951.131305 7.381400e-01 3.834350e-02 1.411649e-02 1.214677e-01 4.173133e-05 -3.538985e-05 7.002855e-06 7.037652e-05
11954.209817 7.372287e-01 3.835833e-02 1.424736e-02 1.212261e-01 4.095754e-05 -2.757609e-05 -3.807962e-06 8.121655e-05
11957.300521 7.365986e-01 3.884276e-02 1.439043e-02 1.214500e-01 4.328135e-05 -2.081055e-05 -1.903350e-05 6.745406e-05
11960.403416 7.355057e-01 3.922631e-02 1.449848e-02 1.212273e-01 5.076846e-05 -3.049822e-05 -1.585956e-05 7.293299e-05
11963.518504 7.354484e-01 3.989339e-02 1.465666e-02 1.210433e-01 5.018690e-05 -3.245748e-05 -7.741217e-06 8.030076e-05
11966.645783 7.346858e-01 4.030691e-02 1.476161e-02 1.211576e-01 5.069581e-05 -2.649308e-05 -5.753226e-06 9.355370e-05
11969.785255 7.348191e-01 4.057026e-02 1.482103e-02 1.210977e-01 4.236562e-05 -2.962342e-05 6.214511e-06 9.308155e-05
11972.936918 7.338880e-01 4.059328e-02 1.477589e-02 1.210703e-01 3.315530e-05 -4.010071e-05 8.239078e-06 8.079722e-05
11976.100773 7.330443e-01 4.075411e-02 1.484654e-02 1.217678e-01 4.945187e-05 -3.510064e-05 -4.416252e-08 7.617630e-05
11979.276820 7.325085e-01 4.082763e-02 1.488673e-02 1.213380e-01 4.185682e-05 -1.579554e-05 -5.341202e-06 7.870815e-05
11982.465059 7.323717e-01 4.106436e-02 1.495293e-02 1.215051e-01 3.930627e-05 -2.572489e-05 5.588187e-06 8.597870e-05
11985.665490 7.312308e-01 4.139704e-02 1.508286e-02 1.212848e-01 3.917249e-05 -3.086368e-05 4.756927e-07 9.097813e-05
11988.878112 7.304220e-01 4.152315e-02 1.509163e-02 1.213539e-01 4.180305e-05 -3.111087e-05 -7.388433e-06 8.769950e-05
11992.102927 7.304678e-01 4.165342e-02 1.514567e-02 1.209294e-01 4.801952e-05 -2.812106e-05 -2.114085e-05 8.311032e-05
11995.339934 7.295714e-01 4.172673e-02 1.520851e-02 1.213717e-01 4.321856e-05 -2.897760e-05 -2.339423e-06 8.315100e-05
11998.589132 7.295503e-01 4.181729e-02 1.530371e-02 1.220286e-01 4.246007e-05 -2.847996e-05 -7.757430e-06 7.947560e-05
12001.850523 7.285613e-01 4.156943e-02 1.522387e-02 1.210459e-01 4.150053e-05 -2.389520e-05 -9.493245e-06 7.897408e-05
12005.124105 7.276727e-01 4.144395e-02 1.532431e-02 1.206247e-01 5.102476e-05 -1.678867e-05 4.231044e-06 8.138375e-05
12008.409879 7.280900e-01 4.173305e-02 1.558033e-02 1.215492e-01 5.178300e-05 -2.465031e-05 -1.076490e-05 8.256710e-05
12011.707845 7.286530e-01 4.169351e-02 1.563837e-02 1.221502e-01 5.539028e-05 -1.610434e-05 2.506867e-07 6.130890e-05
12015.018003 7.277890e-01 4.072614e-02 1.545526e-02 1.217445e-01 5.382706e-05 -1.658808e-05 4.103387e-06 8.037014e-05
12018.340353 7.267605e-01 4.095139e-02 1.572647e-02 1.209262e-01 4.514296e-05 -2.655024e-05 -1.459922e-05 7.549092e-05
12021.674895 7.261611e-01 4.190168e-02 1.608568e-02 1.215433e-01 3.751173e-05 -3.042811e-05 -2.157023e-05 8.483803e-05
12025.021629 7.258448e-01 4.236708e-02 1.627590e-02 1.217697e-01 3.813944e-05 -3.431831e-05 4.129465e-06 9.489882e-05
12028.380554 7.256128e-01 4.286748e-02 1.644586e-02 1.211892e-01 2.763358e-05 -2.896869e-05 -5.790678e-06 8.280537e-05
12031.751672 7.247732e-01 4.329781e-02 1.657096e-02 1.221915e-01 2.764391e-05 -2.770198e-05 -7.692491e-06 6.965490e-05
12035.134982 7.246093e-01 4.368617e-02 1.666837e-02 1.216963e-01 4.312167e-05 -2.507976e-05 1.370493e-06 9.924370e-05
12038.530483 7.236229e-01 4.395684e-02 1.676467e-02 1.221151e-01 4.609725e-05 -2.068368e-05 -5.318850e-06 9.408943e-05
12041.938176 7.225723e-01 4.410140e-02 1.680374e-02 1.230739e-01 4.471226e-05 -2.292014e-05 -3.135694e-06 9.053744e-05
12045.358061 7.173879e-01 4.373547e-02 1.669602e-02 1.225554e-01 3.992733e-05 -2.428393e-05 3.203232e-07 8.409589e-05
12048.790139 7.115667e-01 4.324871e-02 1.657750e-02 1.224074e-01 3.950805e-05 -2.373293e-05 -1.578808e-05 7.759235e-05
12052.234408 7.196182e-01 4.381527e-02 1.673090e-02 1.224972e-01 4.037494e-05 -1.805301e-05 -2.785066e-05 7.554319e-05
12055.690868 7.200168e-01 4.396731e-02 1.676342e-02 1.215557e-01 3.222483e-05 -1.746699e-05 -3.336926e-05 7.954307e-05
12059.159521 7.199546e-01 4.410096e-02 1.681248e-02 1.213774e-01 3.565138e-05 -2.224241e-05 -1.937055e-05 8.268142e-05
12062.640366 7.190131e-01 4.437177e-02 1.696526e-02 1.214474e-01 3.430915e-05 -3.484873e-05 -1.763528e-05 8.307177e-05
12066.133403 7.188508e-01 4.472067e-02 1.697692e-02 1.211130e-01 3.509366e-05 -3.225567e-05 -1.309426e-05 8.878680e-05
12069.638631 7.185241e-01 4.482254e-02 1.702039e-02 1.209651e-01 4.275108e-05 -2.533415e-05 -1.503064e-05 9.304625e-05
12073.156052 7.178068e-01 4.503184e-02 1.714585e-02 1.212072e-01 4.586505e-05 -3.030572e-05 -1.506484e-05 9.058238e-05
12076.685664 7.167580e-01 4.516947e-02 1.726741e-02 1.212236e-01 4.779203e-05 -2.935349e-05 -2.154617e-05 7.660170e-05
12080.227468 7.163760e-01 4.534256e-02 1.733758e-02 1.209223e-01 5.914781e-05 -2.781944e-05 -1.540281e-05 8.546684e-05
12083.781465 7.159215e-01 4.559388e-02 1.743436e-02 1.206051e-01 5.066717e-05 -2.497978e-05 -1.872681e-05 7.927244e-05
12087.347653 7.153290e-01 4.560555e-02 1.750005e-02 1.212913e-01 3.889491e-05 -2.853319e-05 -4.089219e-06 7.573613e-05
12090.926033 7.150675e-01 4.522172e-02 1.742720e-02 1.216648e-01 3.347890e-05 -2.836055e-05 -6.767243e-06 8.691649e-05
12094.516605 7.143231e-01 4.487092e-02 1.736815e-02 1.214115e-01 3.310886e-05 -2.827068e-05 -1.776282e-05 8.250510e-05
12098.119369 7.134814e-01 4.467743e-02 1.733982e-02 1.215266e-01 3.896384e-05 -2.512133e-05 -2.181698e-05 7.876508e-05
12101.734324 7.135065e-01 4.441076e-02 1.739711e-02 1.211828e-01 4.117288e-05 -2.034807e-05 -3.164494e-05 9.085889e-05
12105.361472 7.116563e-01 4.488065e-02 1.761750e-02 1.209664e-01 4.539531e-05 -2.597099e-05 -3.554648e-05 9.411524e-05
12109.000811 7.126613e-01 4.551431e-02 1.791434e-02 1.213799e-01 4.474466e-05 -3.008078e-05 -2.733628e-05 9.586678e-05
12112.652343 7.112591e-01 4.560630e-02 1.804818e-02 1.205650e-01 4.432349e-05 -2.007122e-05 -2.956605e-05 9.372888e-05
12116.316066 7.094637e-01 4.526510e-02 1.797461e-02 1.205276e-01 4.246735e-05 -2.619313e-05 -2.798218e-05 9.456541e-05
12119.991982 7.090467e-01 4.507239e-02 1.800143e-02 1.191537e-01 4.229034e-05 -3.369445e-05 -1.914654e-05 9.506804e-05
12123.680089 7.098492e-01 4.637535e-02 1.852875e-02 1.199031e-01 4.775100e-05 -3.245503e-05 -8.480330e-06 9.868882e-05
12127.380388 7.094913e-01 4.703930e-02 1.880051e-02 1.205624e-01 4.340572e-05 -2.969532e-05 -2.241918e-06 8.882737e-05
12131.092879 7.092149e-01 4.733181e-02 1.897361e-02 1.203537e-01 3.115217e-05 -2.748849e-05 3.112174e-06 8.649611e-05
12134.817562 7.080207e-01 4.770044e-02 1.920915e-02 1.203029e-01 2.785276e-05 -2.605406e-05 2.743477e-07 9.182297e-05
12138.554437 7.066537e-01 4.788844e-02 1.930792e-02 1.202967e-01 3.626145e-05 -2.115429e-05 7.525142e-06 8.183545e-05
12142.303503 7.058696e-01 4.793378e-02 1.930312e-02 1.201556e-01 4.556949e-05 -2.419671e-05 3.022098e-06 8.028921e-05
12146.064762 7.058917e-01 4.840469e-02 1.951687e-02 1.203988e-01 4.710602e-05 -2.049648e-05 -4.555335e-06 7.884884e-05
12149.838213 7.052555e-01 4.862493e-02 1.960810e-02 1.200770e-01 5.396263e-05 -1.823409e-05 -2.508771e-07 7.794249e-05
12153.623855 7.040368e-01 4.892405e-02 1.973181e-02 1.192221e-01 4.798981e-05 -1.290893e-05 -1.143009e-05 7.042484e-05
12157.421689 7.029814e-01 4.905330e-02 1.981625e-02 1.194652e-01 3.946573e-05 -2.890827e-05 -1.281199e-05 7.124970e-05
12161.231716 7.033623e-01 4.921513e-02 1.982656e-02 1.199710e-01 4.129675e-05 -3.093253e-05 -4.712609e-07 1.003348e-04
12165.053934 7.022552e-01 4.926507e-02 1.982944e-02 1.200018e-01 4.170292e-05 -2.444998e-05 -1.567356e-05 9.665833e-05
12168.888344 7.017970e-01 4.921963e-02 1.980995e-02 1.197515e-01 4.080124e-05 -3.394632e-05 -9.296073e-06 9.819311e-05
12172.734946 6.992440e-01 4.945328e-02 1.991531e-02 1.198608e-01 4.242428e-05 -3.101042e-05 1.143668e-06 1.012961e-04
12176.593740 6.996903e-01 4.967710e-02 2.000887e-02 1.204961e-01 4.855486e-05 -2.676513e-05 -9.115219e-06 9.674129e-05
12180.464726 7.001799e-01 4.983494e-02 2.006660e-02 1.207566e-01 4.584516e-05 -2.414568e-05 -1.181218e-05 6.863321e-05
12184.347903 6.998832e-01 4.995362e-02 2.010376e-02 1.200269e-01 4.997942e-05 -3.188391e-05 -1.460362e-06 7.590408e-05
12188.243273 6.986478e-01 5.026766e-02 2.033873e-02 1.199446e-01 4.841035e-05 -3.051124e-05 -7.004448e-06 8.539239e-05
12192.150835 6.980696e-01 5.064577e-02 2.049694e-02 1.198555e-01 4.223959e-05 -2.177862e-05 -4.031051e-06 8.917752e-05
12196.070588 6.969905e-01 5.090558e-02 2.063681e-02 1.199635e-01 3.395038e-05 -2.034031e-05 8.234511e-06 8.955559e-05
12200.002533 6.975050e-01 5.118623e-02 2.083863e-02 1.202649e-01 4.137528e-05 -1.826735e-05 7.956669e-06 9.624323e-05
12203.946671 6.967255e-01 5.131893e-02 2.091964e-02 1.196568e-01 4.617677e-05 -2.568122e-05 -1.020122e-06 7.618221e-05
12207.903000 6.955929e-01 5.155733e-02 2.112623e-02 1.199224e-01 4.775439e-05 -2.505244e-05 3.221942e-06 8.331377e-05
12211.871521 6.945323e-01 5.143342e-02 2.117028e-02 1.195468e-01 3.663542e-05 -1.680873e-05 -1.753008e-06 7.664841e-05
12215.852234 6.935346e-01 5.139143e-02 2.128991e-02 1.196699e-01 3.340878e-05 -1.305045e-05 -8.929577e-06 7.452476e-05
12219.845139 6.931927e-01 5.162824e-02 2.149924e-02 1.194929e-01 4.028463e-05 -1.294045e-05 -2.024162e-06 8.326737e-05
12223.850236 6.933437e-01 5.149255e-02 2.153558e-02 1.201927e-01 5.279869e-05 -2.212834e-05 -1.039263e-05 8.455353e-05
12227.867524 6.928140e-01 5.105643e-02 2.141479e-02 1.202312e-01 3.725275e-05 -2.602362e-05 -6.230048e-06 9.029566e-05
12231.897005 6.915674e-01 5.111378e-02 2.149904e-02 1.255923e-01 3.479009e-05 -2.261308e-05 -2.478386e-06 8.818312e-05
12235.938678 6.914452e-01 5.141816e-02 2.166882e-02 1.312364e-01 3.584923e-05 -2.575824e-05 -7.773226e-06 8.147952e-05
12239.992542 6.902437e-01 5.201102e-02 2.192105e-02 1.265498e-01 2.691179e-05 -2.408099e-05 -1.483377e-05 8.580742e-05
12244.058598 6.895741e-01 5.235118e-02 2.214835e-02 1.206680e-01 2.744721e-05 -1.920085e-05 -1.275878e-05 9.285868e-05
12248.136847 6.889350e-01 5.286017e-02 2.244474e-02 1.189761e-01 3.119288e-05 -1.459168e-05 -1.017621e-05 8.268453e-05
12252.227287 6.828561e-01 5.275702e-02 2.248079e-02 1.181485e-01 2.560286e-05 -2.208696e-05 -7.788922e-06 7.913770e-05
12256.329919 6.715968e-01 5.219968e-02 2.227007e-02 1.166068e-01 2.950670e-05 -2.685677e-05 -4.126135e-06 9.380812e-05
12260.444743 6.821600e-01 5.323830e-02 2.281644e-02 1.179878e-01 3.812093e-05 -2.879922e-05 -1.295133e-05 9.284705e-05
12264.571759 6.835959e-01 5.346112e-02 2.300210e-02 1.186566e-01 3.416178e-05 -1.959710e-05 -1.248321e-05 9.787075e-05
12268.710967 6.838457e-01 5.362198e-02 2.306870e-02 1.188670e-01 2.973967e-05 -1.414605e-05 -1.568701e-05 9.496219e-05
12272.862366 6.841124e-01 5.374209e-02 2.314798e-02 1.190671e-01 3.609566e-05 -2.473623e-05 -1.396629e-05 9.199134e-05
12277.025958 6.842048e-01 5.391970e-02 2.326282e-02 1.199095e-01 3.706459e-05 -2.357920e-05 -1.424595e-05 1.009404e-04
12281.201742 6.836332e-01 5.427551e-02 2.338256e-02 1.194369e-01 3.656421e-05 -1.803304e-05 -1.064643e-05 9.516899e-05
12285.389717 6.822910e-01 5.476272e-02 2.362759e-02 1.197934e-01 4.131198e-05 -1.896200e-05 -1.351861e-05 8.895086e-05
12289.589884 6.811177e-01 5.522314e-02 2.384610e-02 1.196222e-01 3.424404e-05 -1.488052e-05 -2.371300e-05 8.200337e-05
12293.802244 6.813922e-01 5.556837e-02 2.395970e-02 1.198113e-01 3.932196e-05 -2.328165e-05 -4.237331e-05 8.945906e-05
12298.026795 6.688693e-01 5.454897e-02 2.354215e-02 1.175695e-01 3.423316e-05 -2.189372e-05 -3.433324e-05 9.427327e-05
12302.263538 6.718762e-01 5.496461e-02 2.370758e-02 1.175972e-01 3.178334e-05 -1.781525e-05 -1.667514e-05 9.677838e-05
12306.512473 6.792069e-01 5.599319e-02 2.414565e-02 1.190334e-01 3.714665e-05 -2.617318e-05 5.197887e-07 9.536063e-05
12310.773600 6.791393e-01 5.640374e-02 2.436778e-02 1.191246e-01 4.016989e-05 -2.616201e-05 -1.998738e-05 9.472726e-05
12315.046919 6.781807e-01 5.653317e-02 2.447227e-02 1.186986e-01 4.352112e-05 -2.069367e-05 -3.839262e-05 8.138157e-05
12319.332429 6.779473e-01 5.689625e-02 2.466032e-02 1.186538e-01 5.269388e-05 -2.775242e-05 -4.013323e-05 8.677999e-05
12323.630132 6.769695e-01 5.713827e-02 2.493421e-02 1.190395e-01 5.192064e-05 -2.104753e-05 -3.655190e-05 9.505504e-05
12327.940026 6.760555e-01 5.718153e-02 2.505343e-02 1.188097e-01 4.876388e-05 -1.995443e-05 -2.314497e-05 1.020342e-04
12332.262113 6.757783e-01 5.723009e-02 2.517603e-02 1.186573e-01 5.042763e-05 -1.984628e-05 -2.302605e-05 1.015751e-04
12336.596391 6.752430e-01 5.758446e-02 2.543852e-02 1.194586e-01 4.378099e-05 -2.397286e-05 -1.419811e-05 9.444029e-05
12340.942861 6.744639e-01 5.741124e-02 2.550099e-02 1.207327e-01 5.421323e-05 -2.112575e-05 -1.293342e-06 1.033956e-04
12345.301524 6.737843e-01 5.702971e-02 2.545114e-02 1.221144e-01 4.323730e-05 -1.732120e-05 -5.485883e-07 1.017319e-04
12349.672378 6.730336e-01 5.722881e-02 2.559155e-02 1.215797e-01 4.678422e-05 -2.224128e-05 -4.792598e-06 9.732071e-05
12354.055424 6.714279e-01 5.723032e-02 2.567055e-02 1.190636e-01 5.186980e-05 -1.806977e-05 -4.252602e-06 9.933445e-05
12358.450662 6.715974e-01 5.767820e-02 2.603034e-02 1.184579e-01 4.979515e-05 -2.197293e-05 1.157097e-06 1.044943e-04
12362.858091 6.711402e-01 5.845960e-02 2.638229e-02 1.180186e-01 5.480163e-05 -3.057854e-05 1.430925e-05 1.005845e-04
12367.277713 6.693699e-01 5.862357e-02 2.654398e-02 1.175591e-01 6.308449e-05 -2.499752e-05 9.426607e-06 9.471672e-05
12371.709527 6.699376e-01 5.864030e-02 2.659359e-02 1.188560e-01 5.577934e-05 -2.052397e-05 6.402449e-06 9.164965e-05
12376.153532 6.695667e-01 5.909085e-02 2.689285e-02 1.185897e-01 4.617879e-05 -1.548270e-05 9.065774e-06 8.113010e-05
12380.609730 6.686499e-01 5.936712e-02 2.706999e-02 1.185434e-01 5.673688e-05 -1.773865e-05 5.061261e-06 7.964278e-05
12385.078119 6.677477e-01 5.954249e-02 2.723764e-02 1.188810e-01 6.444943e-05 -1.499922e-05 -9.046725e-06 8.532501e-05
12389.558700 6.669071e-01 5.979610e-02 2.742365e-02 1.188635e-01 6.263799e-05 -1.614709e-05 -3.279780e-06 9.124737e-05
12394.051473 6.656616e-01 6.001587e-02 2.762776e-02 1.184973e-01 4.782573e-05 -2.106257e-05 -3.738376e-06 9.115481e-05
12398.556438 6.655408e-01 6.042797e-02 2.784685e-02 1.180777e-01 4.714922e-05 -2.916113e-05 -8.184413e-06 7.379452e-05
12403.073595 6.645818e-01 6.083276e-02 2.810169e-02 1.181133e-01 4.691092e-05 -3.322848e-05 -1.094699e-05 7.103447e-05
12407.602944 6.630544e-01 6.097895e-02 2.820928e-02 1.180259e-01 4.873481e-05 -2.429550e-05 -3.405065e-06 9.506193e-05
12412.144485 6.623747e-01 6.121674e-02 2.837286e-02 1.178823e-01 4.549527e-05 -2.266571e-05 -1.132079e-06 7.757383e-05
12416.698218 6.607431e-01 6.139081e-02 2.848428e-02 1.174412e-01 4.663581e-05 -2.192826e-05 6.747551e-06 9.137899e-05
12421.264142 6.582049e-01 6.151104e-02 2.856647e-02 1.175165e-01 4.932283e-05 -2.461443e-05 1.310028e-05 1.029722e-04
12425.842259 6.595590e-01 6.195370e-02 2.882729e-02 1.183660e-01 5.393180e-05 -3.761632e-05 1.628758e-05 1.036731e-04
12430.432567 6.605801e-01 6.232688e-02 2.902783e-02 1.180602e-01 5.219194e-05 -5.579627e-05 1.538957e-05 9.765559e-05
12435.035068 6.594375e-01 6.268117e-02 2.918712e-02 1.184163e-01 5.305408e-05 -5.232488e-05 2.015033e-05 1.071254e-04
12439.649760 6.591715e-01 6.304437e-02 2.943756e-02 1.186116e-01 5.806002e-05 -4.865452e-05 1.852262e-05 1.022919e-04
12444.276644 6.580914e-01 6.294110e-02 2.940764e-02 1.183087e-01 5.417931e-05 -4.713569e-05 1.682778e-05 7.670950e-05
12448.915720 6.566466e-01 6.278641e-02 2.946070e-02 1.189551e-01 5.203021e-05 -5.191533e-05 1.617211e-05 7.536340e-05
12453.566988 6.569164e-01 6.296445e-02 2.960129e-02 1.189338e-01 4.401822e-05 -4.587503e-05 1.846639e-05 7.963610e-05
12458.230448 6.565057e-01 6.300254e-02 2.970829e-02 1.189820e-01 3.792431e-05 -3.851932e-05 1.213946e-05 8.753742e-05
12462.906100 6.558869e-01 6.308438e-02 2.986298e-02 1.184732e-01 4.369590e-05 -4.359690e-05 6.620163e-06 1.019492e-04
12467.593943 6.549628e-01 6.360067e-02 3.020783e-02 1.179814e-01 5.031161e-05 -4.454404e-05 6.330938e-06 1.005168e-04
12472.293979 6.535879e-01 6.415177e-02 3.050905e-02 1.174906e-01 5.131726e-05 -3.973732e-05 1.033124e-05 9.907576e-05
12477.006206 6.532544e-01 6.457951e-02 3.090031e-02 1.180602e-01 5.252715e-05 -3.941288e-05 3.834800e-06 9.597340e-05
12481.730626 6.532811e-01 6.497360e-02 3.120066e-02 1.180320e-01 4.797611e-05 -3.817464e-05 9.749201e-06 9.505996e-05
12486.467237 6.526945e-01 6.525738e-02 3.140754e-02 1.176442e-01 5.314165e-05 -4.046791e-05 1.836974e-05 1.054044e-04
12491.216040 6.517407e-01 6.504171e-02 3.142791e-02 1.172309e-01 5.790104e-05 -3.850280e-05 1.471844e-05 1.001726e-04
12495.977036 6.500521e-01 6.478358e-02 3.148124e-02 1.173514e-01 5.018172e-05 -2.919257e-05 2.054120e-06 9.517393e-05
12500.750223 6.471369e-01 6.381543e-02 3.118249e-02 1.170649e-01 5.810277e-05 -2.834905e-05 2.448288e-06 9.680304e-05
12505.535602 6.489958e-01 6.510676e-02 3.188064e-02 1.172188e-01 5.983999e-05 -4.224205e-05 -7.672751e-06 9.465107e-05
12510.333172 6.495070e-01 6.638867e-02 3.254639e-02 1.171111e-01 4.513709e-05 -4.465317e-05 -1.446350e-05 9.951190e-05
12515.142935 6.488274e-01 6.690517e-02 3.293536e-02 1.170797e-01 3.973763e-05 -4.230536e-05 -8.889378e-06 8.589183e-05
12519.964890 6.481352e-01 6.718975e-02 3.314396e-02 1.173467e-01 4.439770e-05 -4.420816e-05 -1.382287e-05 7.988328e-05
12524.799037 6.472662e-01 6.740175e-02 3.334497e-02 1.178797e-01 4.467880e-05 -4.428657e-05 -5.646369e-06 8.291511e-05
12529.645375 6.409165e-01 6.711509e-02 3.323112e-02 1.168726e-01 4.395605e-05 -3.067267e-05 -3.836427e-06 9.679160e-05
12534.503905 3.311207e-01 3.483579e-02 1.728645e-02 6.044279e-02 2.328661e-05 -1.647917e-05 -4.123382e-06 4.891601e-05
12539.374628 6.455728e-03 6.800755e-04 3.382270e-04 1.176388e-03 4.505730e-07 -3.233046e-07 -8.034155e-08 9.896373e-07
