# Facility: NSLS-II
# Beamline: QAS
# Year: 2023
# Cycle: 3
# SAF: 312215
# PI: Reece
# Proposal: 313586
# Scan ID: 271214
# UID: 3a44b9cc-7bc3-4a83-8dd0-fa38cda4621a
# Comment: 
# Start time: 10/18/2023  22:06:43
# Stop time: 10/18/2023  22:07:16
# Total time: 00:32
# Trajectory name: Pt-L3-30s-11564.txt
# Element: Platinum ( 78)
# Edge: L3
# E0: 11564
# Reference Foil Element: Pt
# Keithley Gains I0: 1E6 V/A It: 1E6 V/A Iref: 1E7 V/A PIPS: 1E8 V/A 
# Ion Chamber Gas Flow Rates: I0: 0.00 sccm He + 189.70 sccm N2 + 9.80 sccm Ar 
# Ion Chamber Gas Flow Rates: It&Iref: 39.70 sccm N2 + 60.10 sccm Ar
# Incident Beam Path Vertical: 31.75 mm
# Incident Slits Positions B: TOP: 2.0 mm Bottom: 1.0 mm Inboard: 0.57675 mm Outboard: 1.57675 mm
# Sample Stage Positions: Rotation: 45.0 deg Horizontal: -10.11 mm Vertical: 15.39 mm Beam Direction: 0.00 mm
# PerkinElmer Vertical Position: 500.00 mm
# Linkam Oven Temperature : 3.03 C and Ramp Rate: 20.00 C/min.
# Front End Mirror Horizontal Positions: Up: -14.00 mm Down: -14.00 mm
#
# energy  i0  it  ir  iff  aux1  aux2  aux3  aux4
11380.640371 4.211836e-01 7.229943e-03 1.179978e-02 2.522889e-02 1.543575e-05 -5.783286e-06 4.730912e-07 3.843955e-05
11385.640371 8.276082e-01 1.425465e-02 2.332194e-02 4.980202e-02 3.484585e-05 -1.877848e-05 -7.917496e-07 7.589144e-05
11390.640371 8.344594e-01 1.435950e-02 2.356058e-02 5.018664e-02 4.105989e-05 -1.462301e-05 1.746900e-06 6.868272e-05
11395.640371 8.414690e-01 1.468838e-02 2.404144e-02 5.026431e-02 3.597410e-05 -1.522055e-05 1.162447e-05 6.601965e-05
11400.640371 8.399193e-01 1.491379e-02 2.434206e-02 5.023728e-02 3.676222e-05 -1.904373e-05 6.947826e-06 5.539586e-05
11405.640371 8.381280e-01 1.504175e-02 2.454725e-02 5.037938e-02 2.240856e-05 -1.910972e-05 8.288527e-06 5.861557e-05
11410.640371 8.351565e-01 1.525519e-02 2.488967e-02 4.998683e-02 3.017855e-05 -1.770041e-05 7.395442e-06 6.593901e-05
11415.640371 8.267018e-01 1.511509e-02 2.476864e-02 4.944598e-02 3.824587e-05 -2.133165e-05 3.048041e-06 7.370815e-05
11420.640371 8.272388e-01 1.517644e-02 2.491791e-02 4.977703e-02 3.430902e-05 -1.752836e-05 1.813933e-06 7.113759e-05
11425.640371 8.335837e-01 1.553434e-02 2.543889e-02 5.046604e-02 4.107039e-05 -1.542217e-05 1.124463e-06 7.161466e-05
11430.640371 8.342931e-01 1.573851e-02 2.571433e-02 5.065943e-02 3.532026e-05 -2.041341e-05 5.629108e-06 6.274262e-05
11435.640371 8.333839e-01 1.588320e-02 2.601386e-02 5.078216e-02 3.373466e-05 -1.418150e-05 1.077478e-05 5.610813e-05
11440.640371 8.323536e-01 1.602059e-02 2.625219e-02 5.086487e-02 2.920165e-05 -1.449570e-05 9.146329e-06 5.025026e-05
11445.640371 8.312428e-01 1.614565e-02 2.641910e-02 5.103624e-02 2.884897e-05 -1.518515e-05 6.590119e-06 5.516455e-05
11450.640371 8.308908e-01 1.619001e-02 2.653778e-02 5.113578e-02 3.768293e-05 -1.527386e-05 1.872918e-05 6.536986e-05
11455.640371 8.291945e-01 1.636301e-02 2.689859e-02 5.106966e-02 3.840360e-05 -2.417854e-05 2.182081e-05 5.367502e-05
11460.640371 8.283368e-01 1.648636e-02 2.707281e-02 5.091408e-02 4.163689e-05 -2.203318e-05 1.189795e-05 6.002232e-05
11465.640371 8.268161e-01 1.630561e-02 2.689159e-02 5.128052e-02 4.547337e-05 -1.206959e-05 6.554067e-06 6.329074e-05
11470.640371 8.261283e-01 1.612320e-02 2.674821e-02 5.203656e-02 3.977877e-05 -2.705611e-05 7.472797e-06 6.913431e-05
11475.640371 8.249886e-01 1.627401e-02 2.700796e-02 5.184615e-02 2.827903e-05 -2.955019e-05 -2.468759e-07 6.059528e-05
11480.640371 8.239000e-01 1.666415e-02 2.750186e-02 5.206553e-02 2.904231e-05 -2.751568e-05 9.022473e-06 6.054965e-05
11485.640371 8.237183e-01 1.693776e-02 2.792583e-02 5.200347e-02 3.872400e-05 -1.369299e-05 1.706083e-06 7.127778e-05
11490.640371 8.227019e-01 1.710294e-02 2.821556e-02 5.303683e-02 3.540596e-05 -1.416860e-05 -2.759811e-06 7.770411e-05
11495.640371 8.213552e-01 1.724025e-02 2.842036e-02 5.247418e-02 3.349134e-05 -9.623020e-06 3.499944e-08 7.186139e-05
11500.640371 8.201472e-01 1.729800e-02 2.858618e-02 5.175413e-02 3.356334e-05 -4.642918e-06 6.451569e-06 8.038079e-05
11505.640371 8.196271e-01 1.762208e-02 2.908072e-02 5.218196e-02 3.266401e-05 -1.121913e-05 6.299583e-06 7.253850e-05
11510.640371 8.183096e-01 1.776685e-02 2.925646e-02 5.220282e-02 2.835479e-05 -1.182430e-05 4.804567e-06 5.876383e-05
11515.640371 8.171680e-01 1.779454e-02 2.931501e-02 5.239418e-02 2.096798e-05 -1.286032e-05 -4.935991e-06 6.290342e-05
11520.640371 8.170101e-01 1.778201e-02 2.924690e-02 5.269725e-02 1.849858e-05 -1.363559e-05 2.051473e-06 6.890429e-05
11525.640371 8.164627e-01 1.792112e-02 2.939424e-02 5.385257e-02 2.848542e-05 -1.697197e-05 1.148130e-05 7.952459e-05
11530.640371 8.155141e-01 1.799997e-02 2.943804e-02 6.170348e-02 3.017500e-05 -9.126063e-06 7.166211e-06 7.922514e-05
11534.000000 8.141104e-01 1.808425e-02 2.945496e-02 8.043405e-02 1.392860e-05 -2.362795e-07 -7.325972e-07 8.003882e-05
11535.000000 8.144260e-01 1.811847e-02 2.941157e-02 8.549428e-02 1.671494e-05 3.170359e-06 5.708524e-06 9.343615e-05
11536.000000 8.139751e-01 1.813841e-02 2.935710e-02 8.669931e-02 3.060439e-05 7.945684e-06 1.061266e-06 9.081421e-05
11537.000000 8.140131e-01 1.816154e-02 2.940330e-02 8.725620e-02 2.923020e-05 -4.660560e-06 -4.512385e-06 8.900555e-05
11538.000000 8.137686e-01 1.809722e-02 2.925594e-02 8.603228e-02 2.783876e-05 -1.109568e-05 -2.499194e-06 5.011369e-05
11539.000000 8.140684e-01 1.801415e-02 2.910986e-02 8.368218e-02 1.646661e-05 -8.918372e-06 8.984087e-06 8.063370e-05
11540.000000 8.133934e-01 1.790003e-02 2.890534e-02 7.897432e-02 1.517555e-05 -2.299003e-06 3.289995e-06 9.950855e-05
11541.000000 8.132996e-01 1.782127e-02 2.878884e-02 7.323454e-02 1.163988e-05 3.070386e-06 -3.009842e-06 9.124266e-05
11541.200000 8.110942e-01 1.769748e-02 2.851561e-02 7.287170e-02 1.897583e-05 1.091074e-05 -1.482146e-05 8.813248e-05
11541.400000 8.135594e-01 1.792634e-02 2.857562e-02 7.354052e-02 -5.937690e-06 -5.972634e-06 8.951822e-06 1.033465e-04
11541.600000 8.170531e-01 1.788974e-02 2.886765e-02 7.222705e-02 1.083321e-05 2.021875e-06 4.152533e-06 9.587609e-05
11541.800000 8.135482e-01 1.787846e-02 2.878207e-02 7.239356e-02 1.618658e-05 -4.867262e-06 4.546307e-06 9.662572e-05
11542.000000 8.225489e-01 1.805135e-02 2.897497e-02 7.221679e-02 1.934698e-05 -8.265034e-06 1.189915e-05 1.036315e-04
11542.200000 7.957755e-01 1.746747e-02 2.786798e-02 7.022330e-02 2.190241e-05 -1.203131e-05 1.190724e-05 9.537126e-05
11542.400000 8.121393e-01 1.794713e-02 2.869828e-02 7.165628e-02 1.756358e-05 -4.595602e-06 1.109084e-05 7.175684e-05
11542.600000 8.139926e-01 1.792825e-02 2.870727e-02 7.055140e-02 2.398158e-05 -7.962968e-07 -4.173039e-06 7.079319e-05
11542.800000 8.157364e-01 1.815404e-02 2.877430e-02 6.992815e-02 8.407427e-06 -4.065434e-06 4.826806e-06 9.547359e-05
11543.000000 8.121419e-01 1.801368e-02 2.882259e-02 6.768445e-02 2.449876e-05 -2.085420e-06 7.957191e-06 1.045157e-04
11543.200000 8.138226e-01 1.813746e-02 2.910382e-02 6.760470e-02 2.721452e-05 -6.526164e-06 1.867946e-05 9.776166e-05
11543.400000 8.075068e-01 1.808368e-02 2.865074e-02 6.751811e-02 2.297960e-05 -5.204451e-06 3.990241e-07 8.610697e-05
11543.600000 8.165734e-01 1.821619e-02 2.939306e-02 6.727425e-02 3.805170e-05 7.049218e-06 9.735899e-06 8.779849e-05
11543.800000 8.156876e-01 1.835315e-02 2.888874e-02 6.544405e-02 3.188726e-05 8.688422e-06 7.844153e-06 8.657774e-05
11544.000000 8.116475e-01 1.816568e-02 2.891347e-02 6.151181e-02 4.393574e-05 2.901544e-06 5.293696e-06 7.428263e-05
11544.200000 8.091046e-01 1.831929e-02 2.899963e-02 6.120551e-02 3.433345e-05 -4.617602e-06 1.145700e-05 7.090427e-05
11544.400000 8.128128e-01 1.826721e-02 2.906292e-02 5.938424e-02 4.151636e-05 -1.702455e-06 1.588629e-05 7.294881e-05
11544.600000 8.136413e-01 1.837593e-02 2.905009e-02 6.010297e-02 3.267953e-05 -1.613762e-05 1.738551e-05 8.980191e-05
11544.800000 8.099481e-01 1.832572e-02 2.884996e-02 5.985721e-02 2.373971e-05 -1.085242e-05 7.961709e-06 8.570797e-05
11545.000000 8.160028e-01 1.843980e-02 2.901920e-02 6.118831e-02 2.640837e-05 -1.500617e-05 -6.962192e-06 8.711257e-05
11545.200000 8.124112e-01 1.852668e-02 2.960700e-02 5.880991e-02 1.013540e-05 -9.149128e-06 4.721938e-07 8.957785e-05
11545.400000 8.136822e-01 1.838839e-02 2.892567e-02 5.700144e-02 3.507100e-05 -3.433096e-07 8.362337e-06 8.551360e-05
11545.600000 8.111449e-01 1.853798e-02 2.921199e-02 5.533197e-02 2.231759e-05 -3.035791e-06 -3.426181e-06 7.639546e-05
11545.800000 8.123852e-01 1.841934e-02 2.901937e-02 5.558781e-02 3.444591e-05 -1.229010e-05 -4.403697e-06 5.700129e-05
11546.000000 8.151477e-01 1.858800e-02 2.928547e-02 5.963217e-02 2.368512e-05 -1.114090e-05 -1.815727e-06 6.973498e-05
11546.200000 8.101786e-01 1.853225e-02 2.908856e-02 5.549414e-02 3.171300e-05 -6.697412e-06 7.490556e-06 7.700705e-05
11546.400000 8.120911e-01 1.844323e-02 2.885726e-02 5.725666e-02 3.799704e-05 -6.117057e-06 2.689380e-06 7.334644e-05
11546.600000 8.159704e-01 1.871649e-02 2.934383e-02 5.614397e-02 2.318426e-05 -2.613134e-06 5.964932e-06 8.854788e-05
11546.800000 7.940335e-01 1.808948e-02 2.807051e-02 5.608955e-02 2.920516e-05 -2.567207e-06 -1.216107e-05 6.615540e-05
11547.000000 8.230780e-01 1.895343e-02 2.964691e-02 5.704155e-02 2.630385e-05 -5.061857e-06 4.447014e-06 5.950458e-05
11547.200000 8.161921e-01 1.863291e-02 2.918119e-02 5.565655e-02 3.755241e-05 -1.168325e-05 5.455770e-06 7.529629e-05
11547.400000 8.121024e-01 1.867971e-02 2.915040e-02 5.680482e-02 2.585318e-05 -1.394682e-05 3.122591e-06 7.647070e-05
11547.600000 8.025459e-01 1.841291e-02 2.856099e-02 5.683324e-02 2.400699e-05 -1.079485e-05 1.286024e-05 7.756057e-05
11547.800000 8.180316e-01 1.880100e-02 2.903130e-02 5.768715e-02 1.774879e-05 -1.011460e-05 -1.115848e-05 6.406744e-05
11548.000000 8.094768e-01 1.864377e-02 2.888202e-02 5.790428e-02 2.665276e-05 -1.918011e-05 -1.408487e-05 5.683967e-05
11548.200000 8.089636e-01 1.850155e-02 2.873457e-02 5.668030e-02 2.868095e-05 -2.340555e-05 -7.635287e-06 5.888903e-05
11548.400000 8.068596e-01 1.861530e-02 2.878055e-02 5.436567e-02 2.769080e-05 -2.198493e-05 -8.139555e-06 5.889648e-05
11548.600000 8.104589e-01 1.857690e-02 2.885490e-02 5.910139e-02 4.000062e-05 -1.650440e-05 -1.239853e-06 6.000686e-05
11548.800000 8.144256e-01 1.874725e-02 2.870739e-02 5.651937e-02 2.614453e-05 -2.847771e-05 -8.197927e-06 4.846186e-05
11549.000000 8.103241e-01 1.854313e-02 2.863519e-02 5.699389e-02 3.085365e-05 -2.498533e-05 -9.766689e-06 6.655075e-05
11549.200000 8.142328e-01 1.871792e-02 2.880022e-02 5.430558e-02 1.556480e-05 -2.086584e-05 2.517263e-06 7.870882e-05
11549.400000 8.104491e-01 1.856434e-02 2.852231e-02 5.763492e-02 1.820769e-05 -1.752923e-05 5.262793e-07 8.271917e-05
11549.600000 8.103965e-01 1.860673e-02 2.869487e-02 5.797469e-02 2.157175e-05 -2.076102e-05 -1.524579e-05 7.525610e-05
11549.800000 8.128872e-01 1.866899e-02 2.866579e-02 5.874543e-02 3.680542e-05 -3.090464e-05 -1.709937e-05 8.401654e-05
11550.000000 8.091717e-01 1.860362e-02 2.865184e-02 5.800427e-02 2.779768e-05 -3.698952e-05 -1.103604e-05 8.205893e-05
11550.200000 8.134521e-01 1.871188e-02 2.847491e-02 5.673901e-02 3.205933e-05 -2.479380e-05 1.527420e-06 7.350089e-05
11550.400000 8.158265e-01 1.869456e-02 2.865483e-02 5.830089e-02 3.916122e-05 -2.110470e-05 7.932076e-06 6.909826e-05
11550.600000 8.070018e-01 1.861773e-02 2.837635e-02 5.643141e-02 1.074025e-05 -1.783381e-05 1.266220e-05 8.024054e-05
11550.800000 8.184843e-01 1.874893e-02 2.862792e-02 5.802120e-02 1.520359e-05 -2.726296e-05 -4.253069e-06 7.021726e-05
11551.000000 8.054951e-01 1.853487e-02 2.808380e-02 5.708484e-02 3.793523e-06 -2.731128e-05 -6.850843e-06 7.247802e-05
11551.200000 8.172565e-01 1.873811e-02 2.848596e-02 5.868437e-02 2.216401e-05 -2.345637e-05 -6.572654e-06 7.660941e-05
11551.400000 8.080036e-01 1.874849e-02 2.806352e-02 5.667844e-02 2.105372e-05 -2.828310e-05 -9.174492e-06 5.551611e-05
11551.600000 8.169612e-01 1.879963e-02 2.817722e-02 5.826561e-02 3.042281e-05 -2.632212e-05 -1.359081e-05 7.321945e-05
11551.800000 8.091183e-01 1.879343e-02 2.790253e-02 5.882066e-02 1.351019e-05 -1.745690e-05 -1.028816e-05 7.365813e-05
11552.000000 8.128251e-01 1.872516e-02 2.802695e-02 5.858985e-02 2.440369e-05 -1.898917e-05 -8.383065e-06 7.364344e-05
11552.200000 8.048506e-01 1.862636e-02 2.759781e-02 5.754567e-02 1.738885e-05 -2.903570e-05 -1.615017e-05 7.215866e-05
11552.400000 8.158729e-01 1.881541e-02 2.796074e-02 5.717881e-02 3.116145e-05 -3.587889e-05 -5.001089e-06 5.284351e-05
11552.600000 8.142504e-01 1.893366e-02 2.804366e-02 5.938450e-02 1.421959e-05 -3.576057e-05 -9.780554e-06 4.183988e-05
11552.800000 8.027381e-01 1.856285e-02 2.755487e-02 5.723747e-02 2.582047e-05 -3.008528e-05 -8.829761e-06 6.890101e-05
11553.000000 8.172262e-01 1.899160e-02 2.799339e-02 5.893372e-02 1.996105e-05 -2.321783e-05 -1.824582e-06 5.222253e-05
11553.200000 8.120670e-01 1.882738e-02 2.798939e-02 6.156016e-02 2.193088e-05 -1.951417e-05 -5.560296e-06 8.443661e-05
11553.400000 8.148523e-01 1.900114e-02 2.749863e-02 6.044360e-02 1.042960e-05 -1.917753e-05 -1.009849e-05 8.245267e-05
11553.600000 8.092248e-01 1.876104e-02 2.710385e-02 5.950380e-02 2.066861e-05 -1.956341e-05 -2.178169e-05 7.227568e-05
11553.800000 8.091520e-01 1.886148e-02 2.713899e-02 5.753319e-02 1.613756e-05 -2.212496e-05 -8.290875e-06 8.086679e-05
11554.000000 8.141378e-01 1.889409e-02 2.721440e-02 6.058875e-02 1.976462e-05 -1.928305e-05 8.290930e-07 7.874180e-05
11554.200000 8.146129e-01 1.897798e-02 2.747659e-02 5.962216e-02 1.551837e-05 -9.654833e-06 5.104847e-06 7.292257e-05
11554.400000 8.052213e-01 1.869416e-02 2.690596e-02 6.096578e-02 2.476752e-05 -2.210259e-05 4.110245e-06 6.062063e-05
11554.600000 8.154885e-01 1.906077e-02 2.701939e-02 6.038701e-02 1.137518e-05 -2.805625e-05 -1.154633e-05 6.311102e-05
11554.800000 8.086623e-01 1.882658e-02 2.669412e-02 6.105225e-02 1.801667e-05 -3.030320e-05 -1.405879e-05 8.130216e-05
11555.000000 8.138013e-01 1.900749e-02 2.672052e-02 6.076234e-02 6.688564e-06 -2.878886e-05 -1.596222e-05 7.614947e-05
11555.200000 8.079658e-01 1.876056e-02 2.645305e-02 6.024751e-02 2.026713e-05 -2.028465e-05 -7.649717e-06 6.427846e-05
11555.400000 8.126971e-01 1.901969e-02 2.646221e-02 6.040916e-02 1.971196e-05 -2.003497e-05 4.310223e-06 6.606841e-05
11555.600000 8.099483e-01 1.885841e-02 2.615202e-02 6.110992e-02 3.348825e-05 -3.108134e-05 5.664511e-06 6.197550e-05
11555.800000 8.093269e-01 1.889887e-02 2.609877e-02 6.108379e-02 2.686763e-05 -3.573888e-05 -1.074499e-05 6.737369e-05
11556.000000 8.091236e-01 1.887343e-02 2.577279e-02 6.304698e-02 3.247458e-05 -3.390745e-05 1.239109e-05 8.280137e-05
11556.200000 8.153187e-01 1.900519e-02 2.595001e-02 6.200641e-02 1.893683e-05 -2.676767e-05 1.001913e-05 8.162194e-05
11556.400000 8.102108e-01 1.890058e-02 2.533116e-02 6.047889e-02 1.172041e-05 -2.950893e-05 6.597481e-06 6.858674e-05
11556.600000 8.097354e-01 1.890189e-02 2.554107e-02 6.242804e-02 1.450253e-05 -3.264729e-05 1.753983e-05 8.883554e-05
11556.800000 8.135520e-01 1.898084e-02 2.532538e-02 6.247173e-02 2.042681e-05 -3.846113e-05 3.375392e-06 7.599221e-05
11557.000000 8.094989e-01 1.883938e-02 2.504054e-02 6.532983e-02 2.497066e-05 -3.119322e-05 -7.392720e-06 4.741561e-05
11557.200000 8.123036e-01 1.898510e-02 2.488910e-02 6.318044e-02 2.539874e-05 -3.509282e-05 1.714275e-07 5.341195e-05
11557.400000 8.115766e-01 1.892244e-02 2.472836e-02 6.297603e-02 4.626793e-05 -2.935728e-05 9.230936e-06 4.974757e-05
11557.600000 8.143198e-01 1.898065e-02 2.460857e-02 6.523041e-02 3.035980e-05 -3.607762e-05 1.734514e-05 6.601445e-05
11557.800000 8.054171e-01 1.875569e-02 2.400450e-02 6.512812e-02 2.822827e-05 -2.552403e-05 -1.156666e-06 8.641345e-05
11558.000000 8.132348e-01 1.903590e-02 2.395028e-02 6.570823e-02 1.618998e-05 -1.904725e-05 -1.255487e-05 7.485542e-05
11558.200000 8.127502e-01 1.893109e-02 2.370108e-02 6.458446e-02 2.600030e-05 -1.100903e-05 -5.808002e-06 7.592366e-05
11558.400000 8.010989e-01 1.875104e-02 2.308256e-02 6.624105e-02 9.637601e-06 -9.000603e-06 4.144102e-06 6.904665e-05
11558.600000 8.148431e-01 1.895047e-02 2.315749e-02 6.725521e-02 2.432931e-05 -9.237572e-06 8.732229e-06 6.833266e-05
11558.800000 8.109292e-01 1.897520e-02 2.290652e-02 6.717669e-02 2.782955e-05 -9.595172e-06 9.632784e-06 7.902242e-05
11559.000000 8.134493e-01 1.887843e-02 2.255173e-02 6.899043e-02 3.223581e-05 -8.703021e-06 7.885698e-06 7.577778e-05
11559.200000 8.117709e-01 1.892857e-02 2.215121e-02 6.906887e-02 2.858596e-05 -5.430354e-06 -9.087246e-07 6.514082e-05
11559.400000 8.112848e-01 1.885681e-02 2.173663e-02 7.095380e-02 2.856965e-05 -9.644038e-06 -1.110140e-06 6.706457e-05
11559.600000 8.151002e-01 1.894800e-02 2.152645e-02 7.124594e-02 3.941025e-05 -5.923865e-06 -4.042093e-06 6.026635e-05
11559.800000 8.097544e-01 1.886522e-02 2.072669e-02 6.918652e-02 3.458186e-05 -3.285229e-06 -8.791311e-06 5.466290e-05
11560.000000 8.097354e-01 1.878719e-02 2.051514e-02 7.180661e-02 3.342377e-05 -8.452415e-06 -9.141428e-06 5.273227e-05
11560.200000 8.165745e-01 1.900288e-02 2.027374e-02 7.250454e-02 2.215784e-05 -1.467146e-05 4.748441e-06 5.575968e-05
11560.400000 8.068529e-01 1.873061e-02 1.945157e-02 7.212377e-02 2.354226e-05 -1.481774e-05 -8.455377e-06 4.868805e-05
11560.600000 8.172833e-01 1.898281e-02 1.929705e-02 7.436268e-02 2.330300e-05 -1.529026e-05 -7.469200e-06 6.835398e-05
11560.800000 8.107332e-01 1.888649e-02 1.858791e-02 7.575816e-02 1.693069e-05 -1.459868e-05 -4.734370e-06 7.106710e-05
11561.000000 8.122352e-01 1.884318e-02 1.787129e-02 7.611225e-02 2.052282e-05 -1.736828e-05 1.215792e-05 8.397895e-05
11561.200000 8.054459e-01 1.872625e-02 1.748116e-02 7.770221e-02 1.616691e-05 -2.032222e-05 2.670986e-06 7.865781e-05
11561.400000 8.136803e-01 1.890551e-02 1.697215e-02 7.977319e-02 1.913381e-05 -1.928739e-05 4.412098e-06 8.147653e-05
11561.600000 8.133943e-01 1.885207e-02 1.621543e-02 8.060397e-02 2.264503e-05 -1.457972e-05 1.140800e-05 7.444623e-05
11561.800000 8.079937e-01 1.880713e-02 1.552388e-02 8.169110e-02 1.973975e-05 -1.136865e-05 1.038969e-05 4.813061e-05
11562.000000 8.118175e-01 1.885196e-02 1.510916e-02 8.537753e-02 1.969110e-05 -1.462341e-05 5.028006e-06 7.085445e-05
11562.200000 8.124171e-01 1.887946e-02 1.414672e-02 8.688091e-02 2.091563e-05 -2.310450e-05 7.244835e-06 9.087844e-05
11562.400000 8.072548e-01 1.877318e-02 1.357432e-02 8.816093e-02 9.921347e-06 -2.643511e-05 2.764817e-06 7.872386e-05
11562.600000 8.142260e-01 1.893266e-02 1.301265e-02 9.000156e-02 2.474276e-05 -2.803595e-05 -1.463873e-05 7.639825e-05
11562.800000 8.085606e-01 1.874584e-02 1.209906e-02 9.430494e-02 3.408847e-05 -1.047835e-05 -1.096746e-05 8.522316e-05
11563.000000 8.111638e-01 1.884558e-02 1.157255e-02 9.557426e-02 3.214004e-05 -1.536103e-05 -1.504095e-06 8.424369e-05
11563.200000 8.118521e-01 1.888948e-02 1.091722e-02 9.597399e-02 2.461697e-05 -1.254784e-05 -9.051709e-06 6.332762e-05
11563.400000 8.116878e-01 1.883966e-02 1.033420e-02 1.015374e-01 2.685646e-05 -1.887358e-05 -4.006394e-06 7.031516e-05
11563.600000 8.074189e-01 1.872643e-02 9.512591e-03 1.023009e-01 2.623567e-05 -1.773000e-05 -4.403751e-06 7.574762e-05
11563.800000 8.148455e-01 1.892304e-02 8.971680e-03 1.080481e-01 1.462453e-05 -2.304231e-05 9.585598e-06 7.763404e-05
11564.000000 8.056602e-01 1.870666e-02 8.346966e-03 1.091649e-01 8.867858e-06 -2.402471e-05 1.856981e-05 8.296724e-05
11564.200000 8.128670e-01 1.879729e-02 7.959828e-03 1.149253e-01 1.526676e-05 -2.527727e-05 1.820421e-05 7.084942e-05
11564.400000 8.110825e-01 1.876469e-02 7.336778e-03 1.174266e-01 2.109544e-05 -2.635516e-05 9.389468e-06 7.237756e-05
11564.600000 8.085629e-01 1.876508e-02 6.930824e-03 1.198985e-01 2.818309e-05 -2.453438e-05 1.006440e-05 7.950002e-05
11564.800000 8.114408e-01 1.877810e-02 6.525746e-03 1.233385e-01 1.744986e-05 -1.645515e-05 9.486952e-06 7.726919e-05
11565.000000 8.113734e-01 1.874183e-02 5.989788e-03 1.291693e-01 2.188877e-05 -2.373233e-05 1.801710e-05 7.596360e-05
11565.200000 8.110058e-01 1.872183e-02 5.811337e-03 1.299026e-01 2.050369e-05 -1.688238e-05 3.834242e-07 6.329237e-05
11565.400000 8.107452e-01 1.867067e-02 5.647871e-03 1.346316e-01 1.810568e-05 -5.208184e-06 -1.050818e-05 7.448106e-05
11565.600000 8.106073e-01 1.869686e-02 5.372473e-03 1.375120e-01 1.256523e-05 -1.089539e-05 -1.075136e-05 8.126097e-05
11565.800000 8.085592e-01 1.863285e-02 5.096451e-03 1.382972e-01 1.269987e-05 -8.290013e-07 -9.948594e-06 7.454236e-05
11566.000000 8.077756e-01 1.854020e-02 5.031011e-03 1.410765e-01 1.391709e-05 2.235809e-06 -1.119810e-05 6.849052e-05
11566.200000 8.107137e-01 1.859623e-02 4.939391e-03 1.432573e-01 1.791645e-05 -2.794659e-06 1.079081e-05 6.648932e-05
11566.400000 8.087590e-01 1.859666e-02 5.172048e-03 1.452379e-01 2.173873e-05 -1.032350e-05 -1.305740e-06 6.690598e-05
11566.600000 8.087855e-01 1.861336e-02 4.744308e-03 1.471599e-01 2.745322e-05 -1.147355e-05 2.074585e-06 7.770426e-05
11566.800000 8.094298e-01 1.856085e-02 4.835265e-03 1.486987e-01 3.897209e-05 -1.237714e-05 7.809026e-06 6.821221e-05
11567.000000 8.108650e-01 1.865623e-02 4.986249e-03 1.514019e-01 4.299519e-05 1.570136e-06 2.608213e-07 6.104847e-05
11567.200000 8.095026e-01 1.860781e-02 4.881395e-03 1.513971e-01 3.938401e-05 2.381605e-06 7.324774e-06 7.021010e-05
11567.400000 8.080060e-01 1.863446e-02 4.986856e-03 1.528903e-01 2.642054e-05 2.528562e-06 5.096023e-06 7.365310e-05
11567.600000 8.099582e-01 1.865766e-02 4.880077e-03 1.535282e-01 2.405038e-05 1.044575e-05 1.209650e-05 7.628432e-05
11567.800000 8.092897e-01 1.864445e-02 4.995229e-03 1.549196e-01 2.955163e-05 9.945192e-06 2.624471e-05 8.001524e-05
11568.000000 8.114563e-01 1.868817e-02 5.155547e-03 1.542248e-01 1.695250e-05 2.570085e-06 1.800320e-05 7.215833e-05
11568.200000 8.081054e-01 1.860715e-02 5.290348e-03 1.535952e-01 1.429052e-05 -4.888970e-06 1.908667e-05 6.763712e-05
11568.400000 8.086636e-01 1.865157e-02 5.206508e-03 1.530029e-01 1.688613e-05 -3.956931e-07 3.130506e-05 5.882420e-05
11568.600000 8.097840e-01 1.871373e-02 5.314452e-03 1.543814e-01 8.473110e-06 -9.734073e-07 2.743805e-05 6.489177e-05
11568.800000 8.071909e-01 1.861034e-02 5.477221e-03 1.536109e-01 2.097102e-05 -1.940842e-06 2.421514e-05 7.615586e-05
11569.000000 8.117486e-01 1.871742e-02 5.459686e-03 1.553897e-01 2.343068e-05 6.578217e-06 2.716497e-05 7.027599e-05
11569.200000 8.099561e-01 1.872676e-02 5.465392e-03 1.530567e-01 2.332011e-05 -3.423121e-07 2.309812e-05 6.238093e-05
11569.400000 8.097443e-01 1.868443e-02 5.699532e-03 1.525110e-01 2.569485e-05 -7.695951e-07 1.101783e-05 5.919725e-05
11569.600000 8.091319e-01 1.869432e-02 5.755483e-03 1.510052e-01 2.176627e-05 3.212434e-06 1.681391e-05 3.466749e-05
11569.800000 8.086389e-01 1.867103e-02 5.798328e-03 1.494719e-01 2.747443e-05 -1.768318e-06 1.640315e-05 5.358480e-05
11570.000000 8.111509e-01 1.874704e-02 5.879129e-03 1.489032e-01 2.223392e-05 9.318467e-07 1.868468e-05 4.789483e-05
11570.200000 8.056351e-01 1.859957e-02 5.682220e-03 1.482137e-01 2.402138e-05 4.531111e-06 6.482050e-06 4.921797e-05
11570.400000 8.097167e-01 1.866866e-02 6.048430e-03 1.466903e-01 2.927282e-05 5.002606e-06 7.240319e-06 5.485254e-05
11570.600000 8.107754e-01 1.869190e-02 6.061776e-03 1.472692e-01 2.361474e-05 -2.755703e-06 5.367291e-06 4.803025e-05
11570.800000 8.102717e-01 1.868325e-02 6.181686e-03 1.455969e-01 8.649663e-06 -3.760597e-07 2.099108e-06 4.638070e-05
11571.000000 8.100510e-01 1.868046e-02 6.249913e-03 1.454895e-01 1.010741e-05 -6.745933e-06 2.913051e-06 4.945670e-05
11571.200000 8.090744e-01 1.863318e-02 6.236319e-03 1.428458e-01 7.948047e-06 -8.746007e-06 1.308410e-05 6.635069e-05
11571.400000 8.073220e-01 1.857956e-02 6.401981e-03 1.432709e-01 7.191842e-06 -3.393413e-06 2.052049e-05 6.975004e-05
11571.600000 8.095821e-01 1.862126e-02 6.393890e-03 1.422625e-01 1.653952e-05 -8.816787e-06 1.667717e-05 7.181809e-05
11571.800000 8.091667e-01 1.867230e-02 6.560128e-03 1.411746e-01 1.662997e-05 -1.622082e-05 1.471110e-05 7.107625e-05
11572.000000 8.078470e-01 1.866202e-02 6.612953e-03 1.399840e-01 5.755507e-06 -1.766084e-05 8.226316e-06 6.408779e-05
11572.200000 8.105801e-01 1.870844e-02 6.623697e-03 1.387930e-01 5.490241e-06 -1.553649e-05 3.422530e-07 5.710232e-05
11572.400000 8.102108e-01 1.872704e-02 6.838150e-03 1.380191e-01 -3.247311e-06 -7.370222e-06 1.672357e-06 5.403661e-05
11572.600000 8.101716e-01 1.873251e-02 6.799780e-03 1.378560e-01 5.953839e-06 8.603076e-07 -4.785198e-06 5.235698e-05
11572.800000 8.030964e-01 1.854945e-02 6.553483e-03 1.359433e-01 7.734877e-06 8.794959e-06 8.696207e-06 6.545171e-05
11573.000000 8.104273e-01 1.874251e-02 6.830952e-03 1.368501e-01 7.429145e-06 6.452699e-07 -5.287525e-06 6.029963e-05
11573.200000 8.060632e-01 1.867602e-02 7.129161e-03 1.357300e-01 6.447752e-06 -8.220358e-06 2.966866e-06 6.597938e-05
11573.400000 8.088797e-01 1.873967e-02 6.852272e-03 1.350120e-01 1.186681e-05 -6.780300e-06 -2.624624e-06 5.400772e-05
11573.600000 8.092862e-01 1.876444e-02 6.923835e-03 1.339951e-01 1.152793e-05 -1.209711e-05 9.135514e-06 7.291753e-05
11573.800000 8.085950e-01 1.879561e-02 6.904691e-03 1.335931e-01 1.141935e-05 -2.328316e-05 -1.876509e-07 5.834512e-05
11574.000000 8.069152e-01 1.877037e-02 6.937608e-03 1.329154e-01 2.016916e-05 -2.743616e-05 -9.509012e-06 5.338895e-05
11574.200000 8.100785e-01 1.887481e-02 7.145378e-03 1.334779e-01 1.772606e-05 -3.389067e-05 -1.275451e-06 5.666888e-05
11574.400000 8.082064e-01 1.886368e-02 7.174537e-03 1.317718e-01 1.472399e-05 -3.088465e-05 6.350740e-06 6.465330e-05
11574.600000 8.092910e-01 1.890150e-02 7.129510e-03 1.325938e-01 1.265202e-05 -1.424943e-05 4.680860e-07 6.622834e-05
11574.800000 8.090115e-01 1.887772e-02 7.078791e-03 1.314413e-01 3.361217e-05 -6.057186e-06 4.426620e-06 7.810614e-05
11575.000000 8.087669e-01 1.891326e-02 7.129010e-03 1.309844e-01 3.959976e-05 -1.644247e-05 2.149122e-06 7.428689e-05
11575.200000 8.087679e-01 1.894178e-02 7.287146e-03 1.301445e-01 3.629451e-05 -2.123625e-05 -3.844218e-06 7.327497e-05
11575.400000 8.090978e-01 1.893015e-02 7.274233e-03 1.303568e-01 4.000580e-05 -2.312098e-05 9.355150e-06 8.128572e-05
11575.600000 8.083490e-01 1.891836e-02 7.224899e-03 1.296439e-01 3.726872e-05 -2.824570e-05 2.034343e-06 6.791192e-05
11575.800000 8.075048e-01 1.891777e-02 7.415553e-03 1.292903e-01 3.518378e-05 -2.030650e-05 -8.811009e-06 6.135625e-05
11576.000000 8.088533e-01 1.893474e-02 7.157964e-03 1.301965e-01 4.522899e-05 -2.315149e-05 -8.560488e-07 5.675579e-05
11576.200000 8.081278e-01 1.893153e-02 7.081581e-03 1.294869e-01 3.874150e-05 -2.404615e-05 3.513302e-06 5.919390e-05
11576.400000 8.080340e-01 1.897993e-02 7.177075e-03 1.287055e-01 4.526777e-05 -1.120656e-05 4.155691e-06 6.229411e-05
11576.600000 8.078963e-01 1.898823e-02 7.214912e-03 1.297076e-01 5.150318e-05 -1.047694e-05 1.057308e-05 5.875558e-05
11576.800000 8.068996e-01 1.898872e-02 6.934789e-03 1.289216e-01 4.720780e-05 -5.506103e-06 1.298548e-05 7.161854e-05
11577.000000 8.086908e-01 1.903998e-02 7.137625e-03 1.300208e-01 3.999462e-05 -1.542911e-05 2.446978e-05 8.020868e-05
11577.200000 8.068436e-01 1.895289e-02 7.016780e-03 1.290840e-01 3.094315e-05 -2.343102e-05 2.976188e-05 6.481098e-05
11577.400000 8.082787e-01 1.903602e-02 7.116560e-03 1.289038e-01 2.292346e-05 -1.327265e-05 2.910871e-05 6.773082e-05
11577.600000 8.089798e-01 1.908340e-02 7.091610e-03 1.287440e-01 1.857096e-05 -1.092089e-05 1.432981e-05 7.944490e-05
11577.800000 8.084232e-01 1.910376e-02 6.995388e-03 1.287526e-01 3.109760e-05 -1.041336e-05 6.605031e-06 7.582872e-05
11578.000000 8.088892e-01 1.909440e-02 6.971833e-03 1.294677e-01 2.839833e-05 -1.773592e-05 1.152699e-05 7.211386e-05
11578.200000 8.069988e-01 1.908972e-02 6.952483e-03 1.286541e-01 1.835834e-05 -1.348421e-05 1.287255e-05 7.632910e-05
11578.400000 8.096472e-01 1.913499e-02 7.068359e-03 1.282403e-01 2.440768e-05 -1.034535e-05 1.543804e-05 7.387446e-05
11578.600000 8.077378e-01 1.912504e-02 6.874011e-03 1.284224e-01 3.724574e-05 -1.129439e-05 1.656192e-05 8.433005e-05
11578.800000 8.071548e-01 1.909615e-02 7.149248e-03 1.285532e-01 3.959511e-05 -1.332719e-05 8.195736e-06 8.631325e-05
11579.000000 8.086298e-01 1.913224e-02 6.866207e-03 1.292713e-01 3.349084e-05 -2.047889e-05 -1.020590e-08 7.379172e-05
11579.200000 8.073524e-01 1.910964e-02 6.913639e-03 1.287496e-01 4.553598e-05 -1.215978e-05 -1.585272e-05 5.772799e-05
11579.400000 8.081483e-01 1.914118e-02 6.835196e-03 1.286557e-01 4.852690e-05 -1.130371e-05 -1.535438e-05 7.629869e-05
11579.600000 8.076817e-01 1.909715e-02 6.869032e-03 1.292583e-01 3.933430e-05 -1.484563e-05 -1.084008e-05 7.506817e-05
11579.800000 8.057859e-01 1.908808e-02 6.853888e-03 1.298951e-01 3.607390e-05 -9.237496e-06 -1.440360e-05 7.108111e-05
11580.000000 8.078127e-01 1.913760e-02 6.859147e-03 1.289729e-01 4.315404e-05 -2.934702e-06 -3.044727e-05 7.111302e-05
11580.200000 8.081531e-01 1.912204e-02 6.971386e-03 1.299185e-01 5.630804e-05 -1.103805e-05 -2.865177e-05 8.099837e-05
11580.400000 8.073242e-01 1.913703e-02 6.917581e-03 1.289592e-01 5.105290e-05 -1.030533e-05 -2.834182e-05 7.602567e-05
11580.600000 8.069820e-01 1.911105e-02 6.936555e-03 1.284612e-01 5.028026e-05 -1.011622e-05 -2.440973e-05 7.053193e-05
11580.800000 8.081166e-01 1.915125e-02 6.837004e-03 1.292626e-01 4.779783e-05 -6.794171e-06 -1.912171e-05 6.788994e-05
11581.000000 8.036051e-01 1.906044e-02 6.871416e-03 1.277370e-01 4.076915e-05 -5.019736e-07 -2.549231e-05 7.064465e-05
11581.200000 8.077765e-01 1.915485e-02 6.896104e-03 1.294094e-01 4.418126e-05 1.157364e-06 -1.558660e-05 8.108427e-05
11581.400000 8.081138e-01 1.920114e-02 6.991711e-03 1.309918e-01 4.026513e-05 4.022172e-08 -1.097510e-05 6.952586e-05
11581.600000 8.080877e-01 1.924955e-02 7.022124e-03 1.283708e-01 4.228375e-05 -1.593052e-05 -2.570329e-05 7.412196e-05
11581.800000 8.079200e-01 1.922384e-02 7.032933e-03 1.293225e-01 4.534462e-05 -1.234230e-05 -3.359404e-05 8.246873e-05
11582.000000 8.078199e-01 1.921560e-02 6.982702e-03 1.292932e-01 4.842696e-05 -4.845375e-06 -3.082307e-05 6.413361e-05
11582.200000 8.070747e-01 1.923883e-02 6.955126e-03 1.283346e-01 4.904054e-05 -4.071273e-06 -3.706531e-05 5.117796e-05
11582.400000 8.071770e-01 1.922940e-02 6.958285e-03 1.290097e-01 4.408151e-05 -8.680438e-06 -2.600079e-05 6.408655e-05
11582.600000 8.059642e-01 1.925064e-02 7.096961e-03 1.284220e-01 4.812372e-05 1.938816e-06 -1.896636e-05 7.378774e-05
11582.800000 8.063446e-01 1.927234e-02 7.123317e-03 1.294155e-01 4.652468e-05 -4.451061e-06 -2.235308e-05 7.697843e-05
11583.000000 8.076306e-01 1.923848e-02 7.147939e-03 1.293579e-01 4.267543e-05 -5.472455e-06 -3.770622e-05 7.002513e-05
11583.200000 8.060591e-01 1.919478e-02 7.030675e-03 1.299763e-01 4.361503e-05 -6.865567e-06 -3.267561e-05 3.835683e-05
11583.400000 8.079714e-01 1.925477e-02 6.988368e-03 1.291152e-01 4.548440e-05 -1.243435e-05 -8.713424e-06 6.875311e-05
11583.600000 8.033214e-01 1.918715e-02 6.990267e-03 1.283080e-01 4.514996e-05 -9.324315e-06 -8.952405e-06 7.603141e-05
11583.800000 8.087821e-01 1.928440e-02 7.096377e-03 1.285696e-01 4.515584e-05 -1.231117e-05 -2.192245e-05 6.770708e-05
11584.000000 8.034640e-01 1.918952e-02 7.162319e-03 1.267341e-01 4.963983e-05 -1.269459e-05 -1.709934e-05 7.329458e-05
11584.200000 8.079214e-01 1.932373e-02 7.283197e-03 1.280475e-01 5.878083e-05 -1.578737e-05 -7.434460e-07 8.650907e-05
11584.400000 8.074446e-01 1.930234e-02 7.460629e-03 1.286163e-01 4.944108e-05 -7.932515e-06 1.151054e-05 9.013223e-05
11584.600000 8.067261e-01 1.929293e-02 7.348199e-03 1.286487e-01 6.506064e-05 -5.571508e-06 -3.564075e-06 8.461380e-05
11584.800000 8.065599e-01 1.932054e-02 7.346495e-03 1.279186e-01 5.654168e-05 -1.522188e-05 7.083062e-06 9.435081e-05
11585.000000 8.085311e-01 1.937622e-02 7.388027e-03 1.292735e-01 5.129594e-05 -1.499720e-05 6.371534e-06 9.308169e-05
11585.200000 8.032351e-01 1.924034e-02 7.349375e-03 1.265086e-01 5.410905e-05 -1.920748e-05 7.574858e-06 7.304417e-05
11585.400000 8.078696e-01 1.933554e-02 7.253548e-03 1.277286e-01 5.818286e-05 -3.203943e-05 -6.562872e-06 5.023386e-05
11585.600000 8.082548e-01 1.932292e-02 7.461255e-03 1.288107e-01 5.254801e-05 -3.057332e-05 -1.671306e-05 4.471342e-05
11585.800000 8.045210e-01 1.926612e-02 7.516889e-03 1.273355e-01 4.306202e-05 -2.535675e-05 -1.712505e-05 3.287656e-05
11586.000000 8.088915e-01 1.942825e-02 7.479898e-03 1.279267e-01 4.208690e-05 -1.838758e-05 -8.535404e-06 5.800843e-05
11586.200000 8.061749e-01 1.931450e-02 7.399487e-03 1.255322e-01 4.100013e-05 -2.215706e-05 -1.573144e-05 6.345213e-05
11586.400000 8.041091e-01 1.928129e-02 7.508410e-03 1.277745e-01 4.280250e-05 -2.763550e-05 -2.328713e-05 8.040338e-05
11586.600000 8.052400e-01 1.937969e-02 7.378017e-03 1.285867e-01 4.069381e-05 -2.635994e-05 -1.651905e-05 6.655587e-05
11586.800000 8.076055e-01 1.940449e-02 7.549978e-03 1.281544e-01 3.196471e-05 -1.482436e-05 -9.339532e-06 4.924600e-05
11587.000000 8.064642e-01 1.942863e-02 7.443066e-03 1.296976e-01 3.682480e-05 -1.725457e-05 -6.132778e-07 7.847117e-05
11587.200000 8.057281e-01 1.940617e-02 7.337154e-03 1.263673e-01 4.690940e-05 -3.503578e-05 -5.186976e-06 8.296746e-05
11587.400000 8.067660e-01 1.941750e-02 7.455869e-03 1.286327e-01 6.384039e-05 -2.659202e-05 2.831129e-07 7.854151e-05
11587.600000 8.067712e-01 1.942057e-02 7.568667e-03 1.284254e-01 6.990463e-05 -1.469140e-05 1.198180e-05 8.210747e-05
11587.800000 8.075963e-01 1.942047e-02 7.752003e-03 1.297173e-01 5.970511e-05 -1.142246e-05 4.185121e-06 8.679003e-05
11588.000000 8.067727e-01 1.939845e-02 7.501690e-03 1.289605e-01 5.742105e-05 -1.156793e-05 -9.723079e-07 8.553576e-05
11588.200000 8.041435e-01 1.934184e-02 7.233657e-03 1.284758e-01 5.161317e-05 -7.843914e-06 -5.057270e-06 8.465134e-05
11588.400000 8.075965e-01 1.938413e-02 7.422382e-03 1.274585e-01 5.369738e-05 -5.791625e-06 -3.456109e-06 7.802001e-05
11588.600000 7.997994e-01 1.924143e-02 7.548318e-03 1.268482e-01 5.327128e-05 -2.013478e-05 -4.534840e-06 6.912951e-05
11588.800000 8.037870e-01 1.935889e-02 7.417337e-03 1.281357e-01 5.326851e-05 -2.316250e-05 1.935858e-06 7.740887e-05
11589.000000 8.104825e-01 1.947366e-02 7.381035e-03 1.288744e-01 5.442520e-05 -2.249807e-05 -1.322356e-05 7.270841e-05
11589.200000 8.059312e-01 1.936530e-02 7.221326e-03 1.285206e-01 5.864500e-05 -1.873560e-05 -7.640886e-06 7.187180e-05
11589.400000 8.066955e-01 1.941561e-02 7.182650e-03 1.298906e-01 4.988155e-05 -1.915693e-05 -2.194864e-05 7.053446e-05
11589.600000 7.988455e-01 1.922501e-02 7.255134e-03 1.292819e-01 4.082753e-05 -1.274536e-05 -8.360154e-06 7.109473e-05
11589.800000 8.086324e-01 1.942425e-02 7.120995e-03 1.306581e-01 4.130436e-05 -5.425126e-06 -2.101386e-06 7.486819e-05
11590.000000 8.060798e-01 1.937562e-02 7.327721e-03 1.315209e-01 5.035153e-05 -7.345642e-06 -2.907724e-06 7.671444e-05
11590.200000 8.039808e-01 1.941719e-02 7.311857e-03 1.301675e-01 4.991109e-05 -4.924205e-06 -2.162159e-05 3.817865e-05
11590.400000 8.061185e-01 1.940161e-02 7.247687e-03 1.299396e-01 4.545652e-05 -7.262623e-06 -8.513364e-06 2.919973e-05
11590.600000 8.090311e-01 1.946244e-02 7.139366e-03 1.297434e-01 5.650227e-05 -1.831664e-05 -9.264459e-06 4.302111e-05
11590.800000 8.030373e-01 1.935652e-02 7.174947e-03 1.309471e-01 5.596073e-05 -2.829493e-05 -4.218006e-06 4.408592e-05
11591.000000 8.090391e-01 1.947523e-02 7.156796e-03 1.307830e-01 5.430240e-05 -2.660422e-05 8.962983e-06 5.259918e-05
11591.200000 8.008676e-01 1.919438e-02 6.952674e-03 1.295867e-01 6.210199e-05 -2.403594e-05 5.325649e-06 6.244590e-05
11591.400000 8.046847e-01 1.935417e-02 6.764072e-03 1.307841e-01 5.718771e-05 -2.858781e-05 -8.896419e-06 6.330113e-05
11591.600000 8.029325e-01 1.931624e-02 6.927142e-03 1.314571e-01 6.050584e-05 -2.165152e-05 -5.086092e-06 4.492993e-05
11591.800000 8.106091e-01 1.943724e-02 6.929960e-03 1.331226e-01 5.601298e-05 -1.113035e-05 -6.581078e-06 9.182513e-06
11592.000000 7.962917e-01 1.913491e-02 6.721378e-03 1.291195e-01 4.805524e-05 -8.765651e-06 2.266532e-06 3.618484e-05
11592.200000 8.115706e-01 1.950690e-02 6.825812e-03 1.334881e-01 4.855513e-05 -1.763909e-05 -3.714326e-07 5.418799e-05
11592.400000 8.046765e-01 1.930427e-02 6.586262e-03 1.320795e-01 5.808122e-05 -2.010353e-05 -1.796715e-05 5.222618e-05
11592.600000 8.063568e-01 1.943128e-02 6.629972e-03 1.323620e-01 5.041237e-05 -2.192489e-05 -9.150329e-06 6.527754e-05
11592.800000 8.045323e-01 1.936474e-02 6.657863e-03 1.302534e-01 4.707802e-05 -2.213035e-05 -6.467197e-06 6.870857e-05
11593.000000 8.068528e-01 1.940057e-02 6.685193e-03 1.334174e-01 4.807945e-05 -2.154257e-05 -3.636989e-06 6.085357e-05
11593.200000 8.004840e-01 1.925575e-02 6.962137e-03 1.318761e-01 5.138630e-05 -2.867531e-05 -2.987155e-06 5.748391e-05
11593.400000 7.999158e-01 1.916678e-02 6.636097e-03 1.305962e-01 4.627163e-05 -3.911786e-05 -9.323131e-06 6.015721e-05
11593.600000 8.026563e-01 1.933366e-02 6.467884e-03 1.323572e-01 3.572302e-05 -3.368029e-05 -4.896677e-09 7.041143e-05
11593.800000 8.055908e-01 1.935337e-02 6.485853e-03 1.344741e-01 4.278031e-05 -3.466267e-05 -3.496502e-06 5.755908e-05
11594.000000 8.007046e-01 1.927508e-02 6.467311e-03 1.321005e-01 3.553220e-05 -3.179076e-05 -1.968777e-05 4.947928e-05
11594.200000 8.091837e-01 1.947912e-02 6.402275e-03 1.345971e-01 3.545586e-05 -2.016514e-05 -6.846800e-06 5.212197e-05
11594.400000 8.049183e-01 1.936535e-02 6.487321e-03 1.334495e-01 3.653692e-05 -1.842121e-05 2.697427e-06 5.994046e-05
11594.600000 8.060335e-01 1.949217e-02 6.598630e-03 1.340924e-01 3.399960e-05 -1.634604e-05 -1.956298e-06 6.934176e-05
11594.800000 8.012694e-01 1.933573e-02 6.481956e-03 1.323004e-01 3.789291e-05 -1.143920e-05 -7.364514e-06 5.306275e-05
11595.000000 8.038691e-01 1.948483e-02 6.497179e-03 1.321477e-01 3.816997e-05 -1.867440e-05 1.283502e-05 5.581908e-05
11595.200000 8.090807e-01 1.960229e-02 6.621812e-03 1.337938e-01 4.127119e-05 -3.322477e-05 1.207637e-05 5.928594e-05
11595.400000 8.007200e-01 1.944636e-02 6.339399e-03 1.336435e-01 3.964076e-05 -3.258345e-05 2.530504e-06 5.087208e-05
11595.600000 8.067748e-01 1.962171e-02 6.637927e-03 1.359123e-01 3.410705e-05 -3.380540e-05 2.332463e-06 4.649363e-05
11595.800000 8.012101e-01 1.948220e-02 6.426341e-03 1.326031e-01 3.783133e-05 -3.052428e-05 3.824613e-06 5.611492e-05
11596.000000 8.047174e-01 1.959753e-02 6.622924e-03 1.343677e-01 2.724702e-05 -2.782565e-05 -8.373708e-06 4.444383e-05
11596.200000 8.033533e-01 1.950039e-02 6.434253e-03 1.336927e-01 4.309339e-05 -2.132227e-05 4.826430e-07 4.813206e-05
11596.400000 8.059014e-01 1.968509e-02 6.619159e-03 1.352746e-01 4.221482e-05 -2.658966e-05 -7.268640e-06 5.640491e-05
11596.600000 8.061952e-01 1.959888e-02 6.754612e-03 1.346437e-01 5.567965e-05 -2.914627e-05 -4.037002e-06 6.100759e-05
11596.800000 8.026003e-01 1.955483e-02 6.555490e-03 1.309046e-01 5.456676e-05 -3.163528e-05 2.621070e-06 6.688505e-05
11597.000000 8.028601e-01 1.954395e-02 6.598957e-03 1.327042e-01 5.073651e-05 -3.592216e-05 -2.136583e-06 6.831286e-05
11597.700000 8.034435e-01 1.958804e-02 6.862518e-03 1.340422e-01 4.418142e-05 -3.077031e-05 2.890809e-07 7.713447e-05
11598.400000 8.037834e-01 1.955945e-02 6.869726e-03 1.337850e-01 4.400147e-05 -3.299667e-05 6.976171e-06 7.935301e-05
11599.100000 8.035643e-01 1.957077e-02 6.991824e-03 1.345008e-01 4.734450e-05 -3.567734e-05 5.557520e-06 6.664548e-05
11599.800000 8.021963e-01 1.957346e-02 7.018072e-03 1.346744e-01 4.990018e-05 -3.395902e-05 -1.153307e-05 6.307861e-05
11600.500000 8.029088e-01 1.961164e-02 7.049057e-03 1.351435e-01 4.131788e-05 -2.920045e-05 -1.003984e-05 5.035523e-05
11601.200000 8.032678e-01 1.965018e-02 7.172820e-03 1.362745e-01 4.292840e-05 -2.259343e-05 -1.003476e-05 6.732556e-05
11601.900000 8.024180e-01 1.967403e-02 7.218420e-03 1.393897e-01 5.875309e-05 -2.841455e-05 2.417227e-07 8.296585e-05
11602.600000 8.022858e-01 1.966301e-02 7.200244e-03 1.418523e-01 5.677886e-05 -2.415961e-05 5.398705e-06 8.229779e-05
11603.300000 8.026187e-01 1.971503e-02 7.328220e-03 1.459000e-01 5.407796e-05 -1.881546e-05 1.977062e-06 8.276145e-05
11604.993695 8.018346e-01 1.976207e-02 7.372487e-03 1.563310e-01 5.078443e-05 -2.372315e-05 6.320903e-06 8.832288e-05
11605.999583 8.016452e-01 1.979155e-02 7.450005e-03 1.629915e-01 4.583524e-05 -3.235826e-05 5.369903e-06 8.451066e-05
11607.017662 8.002343e-01 1.973997e-02 7.476731e-03 1.682554e-01 4.109394e-05 -2.604149e-05 7.842702e-07 8.550209e-05
11608.047933 8.015577e-01 1.970385e-02 7.461171e-03 1.732410e-01 3.759949e-05 -1.865440e-05 5.125517e-06 5.903717e-05
11609.090396 8.007707e-01 1.966976e-02 7.427613e-03 1.769548e-01 4.681524e-05 -1.917779e-05 -3.535881e-06 7.197587e-05
11610.145051 8.007979e-01 1.962163e-02 7.379428e-03 1.802400e-01 4.589036e-05 -3.422631e-05 6.421630e-07 7.893731e-05
11611.211898 8.010775e-01 1.964286e-02 7.334281e-03 1.816460e-01 5.314691e-05 -3.741640e-05 8.817012e-06 7.906821e-05
11612.290937 8.009631e-01 1.967549e-02 7.223379e-03 1.832813e-01 4.989099e-05 -3.328949e-05 3.382636e-06 7.192538e-05
11613.382167 8.007786e-01 1.968090e-02 7.195468e-03 1.849265e-01 4.856876e-05 -3.698486e-05 9.579714e-06 5.851131e-05
11614.485590 7.999802e-01 1.973830e-02 7.075767e-03 1.884107e-01 4.316203e-05 -3.492818e-05 7.586113e-06 7.320993e-05
11615.601204 7.995119e-01 1.982598e-02 6.981142e-03 1.903825e-01 3.719839e-05 -4.457096e-05 8.153001e-06 7.545349e-05
11616.729011 7.995926e-01 1.989277e-02 6.874830e-03 1.899700e-01 4.081747e-05 -5.394810e-05 9.865918e-06 7.117377e-05
11617.869009 8.000201e-01 1.998495e-02 6.915363e-03 1.882340e-01 4.136719e-05 -4.960621e-05 7.214973e-06 7.617885e-05
11619.021199 8.000804e-01 2.000949e-02 6.850948e-03 1.845510e-01 3.940116e-05 -3.902574e-05 3.415287e-06 7.571295e-05
11620.185582 7.989431e-01 1.996278e-02 6.755200e-03 1.786768e-01 3.739699e-05 -2.885500e-05 8.867009e-06 6.562722e-05
11621.362156 7.993992e-01 1.998155e-02 6.815808e-03 1.732575e-01 3.601672e-05 -2.692208e-05 1.136897e-05 7.131105e-05
11622.550922 7.987331e-01 2.000685e-02 6.881329e-03 1.656832e-01 3.348540e-05 -2.798016e-05 1.564335e-05 5.734227e-05
11623.751879 7.991728e-01 2.003294e-02 6.864639e-03 1.585357e-01 3.189776e-05 -3.153333e-05 2.134381e-05 6.218151e-05
11624.965029 7.973491e-01 2.002613e-02 6.978616e-03 1.526081e-01 3.086568e-05 -3.247682e-05 1.308125e-05 6.867172e-05
11626.190371 7.984441e-01 2.002933e-02 7.020051e-03 1.474207e-01 3.008123e-05 -3.680993e-05 1.693076e-05 6.871500e-05
11627.427904 7.975589e-01 2.002334e-02 7.015327e-03 1.422476e-01 2.791045e-05 -3.978408e-05 1.246724e-05 7.291323e-05
11628.677630 7.971544e-01 1.997737e-02 7.025423e-03 1.387528e-01 2.654813e-05 -2.635162e-05 1.453978e-05 6.844077e-05
11629.939547 7.971007e-01 2.002753e-02 7.107058e-03 1.369560e-01 2.907619e-05 -2.341013e-05 4.685227e-06 6.922336e-05
11631.213657 7.973945e-01 2.010577e-02 7.119303e-03 1.355901e-01 3.116357e-05 -2.165461e-05 1.040815e-05 6.650026e-05
11632.499958 7.957470e-01 2.005493e-02 7.171978e-03 1.340920e-01 3.203771e-05 -2.823574e-05 7.850468e-07 7.129862e-05
11633.798451 7.962834e-01 2.003470e-02 7.208051e-03 1.329607e-01 3.696389e-05 -2.978466e-05 -2.560963e-06 7.199461e-05
11635.109136 7.955390e-01 1.994951e-02 7.285958e-03 1.315361e-01 2.857108e-05 -4.444600e-05 1.479055e-06 7.816935e-05
11636.432013 7.950053e-01 1.998683e-02 7.259227e-03 1.322732e-01 3.378094e-05 -3.768561e-05 5.298945e-06 8.488965e-05
11637.767082 7.954320e-01 2.007481e-02 7.312220e-03 1.317099e-01 3.228587e-05 -3.903070e-05 2.663179e-06 7.631136e-05
11639.114342 7.949760e-01 2.010794e-02 7.414496e-03 1.312174e-01 3.101030e-05 -3.135433e-05 6.576824e-07 8.249172e-05
11640.473795 7.949772e-01 2.016335e-02 7.562430e-03 1.314620e-01 2.949400e-05 -1.741451e-05 3.033119e-06 8.872820e-05
11641.845440 7.947129e-01 2.020644e-02 7.555087e-03 1.309886e-01 3.347738e-05 -1.520910e-05 -3.398644e-06 8.811621e-05
11643.229276 7.951526e-01 2.034140e-02 7.662377e-03 1.309373e-01 2.778529e-05 -1.583474e-05 -1.722548e-05 7.952364e-05
11644.625305 7.945307e-01 2.049550e-02 7.740719e-03 1.299491e-01 2.735531e-05 -1.260466e-05 -1.125187e-05 8.859996e-05
11646.033525 7.943858e-01 2.055429e-02 7.805956e-03 1.296076e-01 3.269683e-05 -9.994067e-06 -2.348334e-06 9.734598e-05
11647.453937 7.948124e-01 2.061474e-02 7.824728e-03 1.287082e-01 3.366774e-05 -3.350792e-06 4.553025e-06 9.593299e-05
11648.886541 7.938435e-01 2.068091e-02 7.892084e-03 1.281357e-01 3.047245e-05 -1.893775e-06 2.925750e-06 9.007258e-05
11650.331337 7.934217e-01 2.069091e-02 7.830759e-03 1.283960e-01 3.877236e-05 1.503252e-06 1.317406e-05 9.071608e-05
11651.788325 7.935719e-01 2.071879e-02 7.971152e-03 1.281746e-01 4.156943e-05 -9.063468e-07 1.177893e-05 9.780399e-05
11653.257505 7.939831e-01 2.076173e-02 7.825631e-03 1.277277e-01 4.230664e-05 -1.040474e-05 -7.562266e-06 8.404851e-05
11654.738877 7.933569e-01 2.074039e-02 7.809093e-03 1.278836e-01 2.862488e-05 -1.403245e-05 -1.936290e-05 9.810123e-05
11656.232440 7.920891e-01 2.077259e-02 7.694346e-03 1.281285e-01 2.672224e-05 -1.560237e-05 3.724440e-06 1.006370e-04
11657.738196 7.897928e-01 2.073606e-02 7.670860e-03 1.281862e-01 3.045295e-05 -2.197981e-05 3.866809e-06 1.100248e-04
11659.256143 7.897860e-01 2.072049e-02 7.617302e-03 1.286559e-01 3.099339e-05 -2.449821e-05 -1.576311e-05 9.705699e-05
11660.786283 7.919650e-01 2.071694e-02 7.568900e-03 1.294783e-01 3.261708e-05 -2.173216e-05 -1.135187e-05 9.237677e-05
11662.328614 7.926458e-01 2.071237e-02 7.488290e-03 1.294851e-01 2.612476e-05 -2.909168e-05 3.831981e-07 9.822485e-05
11663.883137 7.906746e-01 2.071763e-02 7.522824e-03 1.293004e-01 2.205993e-05 -2.140407e-05 -4.668837e-06 1.052058e-04
11665.449852 7.916062e-01 2.081081e-02 7.591072e-03 1.293710e-01 1.982590e-05 -1.777295e-05 -9.462263e-06 9.809076e-05
11667.028759 7.914252e-01 2.095219e-02 7.573822e-03 1.300246e-01 2.243534e-05 1.525537e-06 -2.420646e-06 8.621878e-05
11668.619858 7.900548e-01 2.106874e-02 7.672613e-03 1.296783e-01 3.622684e-05 -1.312832e-06 -2.877840e-06 8.574962e-05
11670.223149 7.878244e-01 2.113905e-02 7.560827e-03 1.287282e-01 4.758746e-05 -1.383451e-05 -3.218782e-06 9.843165e-05
11671.838632 7.866563e-01 2.118939e-02 7.521365e-03 1.282069e-01 3.976753e-05 -1.846902e-05 2.732475e-07 1.096080e-04
11673.466307 7.878147e-01 2.127953e-02 7.602736e-03 1.301120e-01 4.203437e-05 -2.334079e-05 3.016887e-07 1.137672e-04
11675.106173 7.883236e-01 2.130724e-02 7.671969e-03 1.294783e-01 4.243066e-05 -2.481858e-05 -1.422847e-05 1.029098e-04
11676.758232 7.890037e-01 2.137515e-02 7.679629e-03 1.295216e-01 4.972920e-05 -1.830900e-05 -1.601981e-05 9.475991e-05
11678.422482 7.882547e-01 2.146864e-02 7.717857e-03 1.304664e-01 4.990407e-05 -2.131567e-05 -1.951530e-05 9.947908e-05
11680.098924 7.867347e-01 2.161635e-02 7.853367e-03 1.295027e-01 4.360645e-05 -1.902954e-05 -7.320515e-06 1.045058e-04
11681.787558 7.875988e-01 2.173525e-02 7.862681e-03 1.294914e-01 3.682684e-05 -1.750400e-05 -3.948082e-06 1.082818e-04
11683.488385 7.879711e-01 2.170190e-02 7.865169e-03 1.302993e-01 4.004919e-05 -2.312457e-05 -9.575437e-06 1.050059e-04
11685.201403 7.873340e-01 2.167548e-02 7.793463e-03 1.296446e-01 4.042646e-05 -2.213394e-05 -5.567699e-06 1.028422e-04
11686.926613 7.863551e-01 2.174733e-02 7.809013e-03 1.297374e-01 4.100094e-05 -1.772673e-05 -1.372637e-05 9.266515e-05
11688.664014 7.869533e-01 2.189370e-02 7.833361e-03 1.304063e-01 4.010279e-05 -2.176998e-05 -1.537111e-05 1.013813e-04
11690.413608 7.850018e-01 2.202026e-02 7.841297e-03 1.295248e-01 3.840848e-05 -1.898603e-05 -1.262866e-06 1.168507e-04
11692.175394 7.861467e-01 2.224351e-02 7.867333e-03 1.287935e-01 3.665629e-05 -1.481107e-05 -1.674602e-06 1.186765e-04
11693.949371 7.853268e-01 2.239412e-02 8.015408e-03 1.295709e-01 2.545000e-05 -1.425969e-05 -7.591602e-06 1.088327e-04
11695.735541 7.853735e-01 2.245049e-02 8.094434e-03 1.286876e-01 1.936648e-05 -2.646418e-05 -1.726757e-05 1.071732e-04
11697.533902 7.850567e-01 2.253454e-02 8.088092e-03 1.284159e-01 8.535664e-06 -1.887964e-05 -9.614452e-06 1.003423e-04
11699.344455 7.849407e-01 2.251582e-02 8.242265e-03 1.286043e-01 2.397447e-05 -1.432633e-05 -7.590021e-06 1.062520e-04
11701.167201 7.835946e-01 2.245196e-02 8.333690e-03 1.294037e-01 2.176886e-05 -1.813634e-05 -2.499327e-06 1.014981e-04
11703.002138 7.806792e-01 2.239971e-02 8.337852e-03 1.276355e-01 3.352448e-05 -1.921927e-05 -4.186172e-06 1.011611e-04
11704.849267 7.823230e-01 2.251362e-02 8.451645e-03 1.281894e-01 4.126823e-05 -1.583210e-05 -7.469907e-06 1.015943e-04
11706.708588 7.834882e-01 2.254190e-02 8.540925e-03 1.287165e-01 3.594586e-05 -7.203110e-06 -1.593021e-05 1.004012e-04
11708.580100 7.831699e-01 2.249099e-02 8.527329e-03 1.282391e-01 3.526322e-05 -1.085346e-06 -8.007192e-06 9.370341e-05
11710.463805 7.831303e-01 2.249090e-02 8.598403e-03 1.274859e-01 4.697469e-05 -4.853397e-06 -5.227464e-06 9.604217e-05
11712.359702 7.835723e-01 2.246784e-02 8.513720e-03 1.287628e-01 3.005463e-05 -1.590335e-05 -4.115340e-06 9.492101e-05
11714.267790 7.825750e-01 2.236991e-02 8.388878e-03 1.285416e-01 3.027459e-05 -1.443559e-05 -1.303156e-05 9.971712e-05
11716.188071 7.820890e-01 2.242896e-02 8.343776e-03 1.281602e-01 2.989848e-05 -1.901432e-05 -1.078085e-05 1.005500e-04
11718.120543 7.822371e-01 2.267199e-02 8.441959e-03 1.281164e-01 3.337132e-05 -1.688821e-05 2.577532e-06 1.033136e-04
11720.065207 7.820760e-01 2.288879e-02 8.459385e-03 1.295179e-01 2.809934e-05 -1.264851e-05 -1.312253e-05 8.297894e-05
11722.022064 7.814374e-01 2.296108e-02 8.431520e-03 1.290591e-01 1.888353e-05 -4.466658e-06 -6.392135e-06 9.632585e-05
11723.991112 7.802441e-01 2.297187e-02 8.409772e-03 1.297137e-01 2.618161e-05 -9.180628e-06 -1.555942e-05 1.002584e-04
11725.972352 7.806155e-01 2.313199e-02 8.376883e-03 1.297034e-01 3.365369e-05 -9.508729e-06 -1.648822e-05 1.050080e-04
11727.965784 7.800933e-01 2.329114e-02 8.382935e-03 1.297873e-01 4.063700e-05 -2.908398e-06 -1.772530e-05 9.705435e-05
11729.971407 7.781915e-01 2.330472e-02 8.371346e-03 1.292297e-01 3.373924e-05 -9.129510e-06 -2.801125e-05 9.282916e-05
11731.989223 7.799928e-01 2.333878e-02 8.409977e-03 1.297778e-01 3.176454e-05 -3.706626e-06 -1.892723e-05 1.128810e-04
11734.019231 7.775777e-01 2.326451e-02 8.394113e-03 1.301624e-01 2.951026e-05 -4.018817e-06 -5.738979e-06 1.179404e-04
11736.061430 7.775035e-01 2.331856e-02 8.395560e-03 1.299852e-01 3.019525e-05 -7.112527e-06 -1.398686e-05 1.024274e-04
11738.115822 7.778239e-01 2.349895e-02 8.447496e-03 1.296067e-01 2.542375e-05 1.011298e-06 -2.020474e-05 1.009468e-04
11740.182405 7.754331e-01 2.358670e-02 8.372112e-03 1.298757e-01 2.349690e-05 2.885307e-06 -1.220422e-05 1.125503e-04
11742.261180 7.739904e-01 2.359368e-02 8.504814e-03 1.290682e-01 1.916111e-05 -2.412332e-06 2.319239e-06 1.200702e-04
11744.352148 7.727216e-01 2.362358e-02 8.435246e-03 1.293351e-01 2.911799e-05 -1.041627e-05 3.788235e-06 1.221518e-04
11746.455307 7.755976e-01 2.381150e-02 8.496094e-03 1.306098e-01 3.234220e-05 -1.384253e-05 1.974235e-06 1.156802e-04
11748.570658 7.752989e-01 2.388393e-02 8.525686e-03 1.294756e-01 3.156272e-05 -1.955860e-05 -7.823189e-06 1.074063e-04
11750.698201 7.740734e-01 2.378354e-02 8.512368e-03 1.299077e-01 3.068673e-05 -2.071919e-05 -6.003262e-06 1.047531e-04
11752.837935 7.745525e-01 2.372766e-02 8.484264e-03 1.299344e-01 3.172956e-05 -1.851382e-05 5.914954e-06 1.026904e-04
11754.989862 7.740241e-01 2.388652e-02 8.451415e-03 1.294710e-01 2.439435e-05 -1.049027e-05 4.900889e-06 1.012602e-04
11757.153981 7.737953e-01 2.403002e-02 8.495293e-03 1.296699e-01 2.343557e-05 -8.151458e-06 3.687771e-06 9.638014e-05
11759.330291 7.717891e-01 2.407816e-02 8.614606e-03 1.302108e-01 1.482990e-05 -4.502463e-06 1.685750e-05 9.465234e-05
11761.518794 7.694044e-01 2.411522e-02 8.663564e-03 1.283081e-01 1.885584e-05 -1.261265e-05 1.138342e-05 8.646519e-05
11763.719488 7.713023e-01 2.423800e-02 8.751998e-03 1.292825e-01 2.435592e-05 -1.789244e-05 -1.174677e-05 1.021289e-04
11765.932374 7.718808e-01 2.435696e-02 8.922941e-03 1.286529e-01 1.467623e-05 -2.371787e-05 -9.837861e-06 9.548290e-05
11768.157453 7.705870e-01 2.443697e-02 8.972163e-03 1.275292e-01 2.168478e-05 -3.008178e-05 -4.724182e-07 1.032164e-04
11770.394723 7.707011e-01 2.446184e-02 8.986839e-03 1.290202e-01 2.397450e-05 -2.751515e-05 1.927851e-05 1.154334e-04
11772.644185 7.706803e-01 2.444965e-02 9.079358e-03 1.284288e-01 2.208203e-05 -1.729170e-05 1.590897e-05 1.174452e-04
11774.905838 7.701645e-01 2.447324e-02 9.130098e-03 1.288025e-01 2.185847e-05 -1.949985e-05 -5.919512e-07 1.051039e-04
11777.179684 7.706543e-01 2.464859e-02 9.155518e-03 1.282904e-01 2.165919e-05 -2.168419e-05 -1.093447e-06 1.033640e-04
11779.465722 7.662920e-01 2.469237e-02 9.208003e-03 1.280646e-01 2.442467e-05 -2.198573e-05 4.330888e-06 1.038970e-04
11781.763952 7.695856e-01 2.488386e-02 9.336865e-03 1.298001e-01 2.546542e-05 -1.872495e-05 1.425863e-05 9.568035e-05
11784.074373 7.673610e-01 2.491745e-02 9.361390e-03 1.308534e-01 3.077580e-05 -1.655302e-05 8.300511e-07 8.029584e-05
11786.396987 7.701445e-01 2.508443e-02 9.354332e-03 1.323729e-01 2.807885e-05 -2.406050e-05 8.680624e-06 8.906447e-05
11788.731792 7.703059e-01 2.521169e-02 9.433462e-03 1.319057e-01 1.877027e-05 -2.495181e-05 1.057512e-05 9.972357e-05
11791.078789 7.698980e-01 2.526359e-02 9.474947e-03 1.318996e-01 2.760598e-05 -2.817399e-05 1.640648e-05 1.035560e-04
11793.437978 7.671279e-01 2.518010e-02 9.391114e-03 1.338517e-01 3.438101e-05 -2.214175e-05 1.831023e-05 1.039233e-04
11795.809359 7.641833e-01 2.512107e-02 9.311907e-03 1.395781e-01 3.459904e-05 -1.387197e-05 8.419679e-06 9.803582e-05
11798.192932 7.620472e-01 2.507992e-02 9.380756e-03 1.499494e-01 3.560349e-05 -1.060653e-05 9.836200e-06 9.717318e-05
11800.588697 7.654711e-01 2.509117e-02 9.296965e-03 1.616194e-01 4.070560e-05 -8.071460e-07 1.412538e-05 1.021069e-04
11802.996654 7.674904e-01 2.501287e-02 9.185364e-03 1.634621e-01 4.251821e-05 -4.887035e-06 8.197226e-06 9.886949e-05
11805.416803 7.660389e-01 2.488713e-02 9.030156e-03 1.586804e-01 3.655698e-05 7.868738e-06 8.202355e-06 1.013796e-04
11807.849143 7.659208e-01 2.488241e-02 9.002710e-03 1.526273e-01 2.778494e-05 6.086871e-06 5.041003e-06 1.071496e-04
11810.293676 7.654871e-01 2.510412e-02 9.089354e-03 1.453147e-01 1.836566e-05 2.382041e-06 1.511526e-05 1.161364e-04
11812.750400 7.644600e-01 2.536611e-02 9.054206e-03 1.398067e-01 2.190466e-05 7.631832e-06 1.444540e-05 1.175877e-04
11815.219317 7.614205e-01 2.547125e-02 9.120461e-03 1.353341e-01 2.413533e-05 2.868289e-06 -2.433862e-06 7.483596e-05
11817.700425 7.642319e-01 2.571260e-02 9.156351e-03 1.329000e-01 3.776467e-05 -4.476320e-06 -1.771305e-08 1.036103e-04
11820.193725 7.644870e-01 2.579250e-02 9.264092e-03 1.323460e-01 2.307926e-05 6.739771e-06 -5.101692e-06 1.048724e-04
11822.699217 7.649104e-01 2.581532e-02 9.166144e-03 1.310046e-01 2.197028e-05 7.682450e-06 -1.536751e-06 1.030211e-04
11825.216901 7.622078e-01 2.583784e-02 9.256647e-03 1.290789e-01 2.401035e-05 1.152187e-05 8.131624e-06 1.069760e-04
11827.746777 7.599089e-01 2.584752e-02 9.423116e-03 1.288685e-01 3.185381e-05 1.612741e-05 -3.522814e-06 1.080657e-04
11830.288845 7.585536e-01 2.582438e-02 9.373730e-03 1.287855e-01 2.539279e-05 1.506815e-05 5.794814e-06 1.007119e-04
11832.843105 7.622412e-01 2.593794e-02 9.608665e-03 1.288639e-01 4.023632e-05 8.997147e-06 1.107430e-05 1.060955e-04
11835.409556 7.603918e-01 2.600076e-02 9.673626e-03 1.288064e-01 3.505231e-05 1.104604e-05 5.187982e-06 1.023930e-04
11837.988200 7.547984e-01 2.611663e-02 9.878510e-03 1.276647e-01 2.550016e-05 1.524064e-05 1.889507e-06 9.169524e-05
11840.579035 7.577444e-01 2.647987e-02 9.997547e-03 1.278160e-01 2.656707e-05 3.503344e-06 4.503760e-06 7.865212e-05
11843.182062 7.598747e-01 2.660303e-02 1.007370e-02 1.289055e-01 2.778000e-05 5.112205e-06 8.778445e-06 1.015953e-04
11845.797282 7.598519e-01 2.670151e-02 1.007547e-02 1.287651e-01 3.051675e-05 5.946475e-06 1.388119e-05 1.079402e-04
11848.424693 7.589875e-01 2.672951e-02 1.003407e-02 1.294085e-01 3.227324e-05 2.222508e-06 1.470230e-05 1.125526e-04
11851.064296 7.568268e-01 2.674359e-02 1.007966e-02 1.293005e-01 3.557726e-05 1.704729e-06 -7.897317e-08 1.102810e-04
11853.716091 7.548444e-01 2.682066e-02 1.009177e-02 1.286630e-01 2.365594e-05 -3.225554e-06 1.079047e-05 1.136180e-04
11856.380078 7.557730e-01 2.705316e-02 1.015514e-02 1.280706e-01 2.134746e-05 -2.587186e-06 5.740454e-06 1.010398e-04
11859.056256 7.553267e-01 2.709508e-02 1.013766e-02 1.288246e-01 2.952767e-05 5.837295e-06 1.317418e-06 1.059750e-04
11861.744627 7.537061e-01 2.710855e-02 1.026842e-02 1.278520e-01 3.696216e-05 8.231184e-06 -1.273764e-05 9.435306e-05
11864.445190 7.527007e-01 2.707704e-02 1.027935e-02 1.283613e-01 3.944915e-05 1.081758e-05 -1.435384e-05 9.310946e-05
11867.157944 7.537560e-01 2.717524e-02 1.028051e-02 1.284514e-01 4.713531e-05 7.472886e-06 5.087687e-07 1.007064e-04
11869.882891 7.548613e-01 2.731878e-02 1.044158e-02 1.274168e-01 4.174353e-05 2.191404e-05 3.146452e-08 1.016908e-04
11872.620029 7.537010e-01 2.756792e-02 1.054562e-02 1.281114e-01 4.176074e-05 1.558247e-05 -1.154749e-05 1.037356e-04
11875.369359 7.550120e-01 2.788861e-02 1.057868e-02 1.293719e-01 3.911125e-05 -2.680915e-06 -9.441373e-06 1.061778e-04
11878.130881 7.551373e-01 2.801266e-02 1.054657e-02 1.271275e-01 3.175609e-05 -1.377823e-06 -4.696732e-06 1.112289e-04
11880.904595 7.546361e-01 2.803065e-02 1.046955e-02 1.290307e-01 3.450706e-05 -5.385257e-06 -2.563234e-06 1.189691e-04
11883.690501 7.530443e-01 2.817315e-02 1.047810e-02 1.291565e-01 3.666379e-05 -8.452129e-06 -2.164973e-07 1.117422e-04
11886.488599 7.529546e-01 2.824787e-02 1.047239e-02 1.294171e-01 2.942744e-05 -7.038520e-06 -7.139620e-06 9.327129e-05
11889.298889 7.518234e-01 2.836124e-02 1.051474e-02 1.290296e-01 2.255320e-05 -2.431529e-06 -2.476645e-06 1.007459e-04
11892.121371 7.508755e-01 2.838560e-02 1.046461e-02 1.280370e-01 3.156798e-05 5.511247e-06 -9.388980e-06 1.057749e-04
11894.956044 7.465429e-01 2.806366e-02 1.034962e-02 1.285199e-01 4.108638e-05 2.659932e-06 -1.869023e-05 1.018457e-04
11897.802910 7.433841e-01 2.793956e-02 1.035880e-02 1.279025e-01 3.183560e-05 -5.753737e-06 -8.908519e-06 9.923548e-05
11900.661967 7.483556e-01 2.837244e-02 1.048768e-02 1.290003e-01 3.485595e-05 -3.815362e-06 -6.571370e-06 9.632937e-05
11903.533217 7.499573e-01 2.871731e-02 1.062029e-02 1.288785e-01 2.974694e-05 -9.426508e-06 -5.328994e-06 1.038562e-04
11906.416658 7.489164e-01 2.881804e-02 1.072034e-02 1.290263e-01 3.805198e-05 -2.714354e-06 -6.843759e-06 1.014177e-04
11909.312291 7.480091e-01 2.876095e-02 1.080449e-02 1.287686e-01 4.154792e-05 -8.964681e-06 -5.283135e-06 9.901045e-05
11912.220116 7.482012e-01 2.880182e-02 1.089002e-02 1.288799e-01 3.919857e-05 -9.004512e-06 -1.126810e-05 9.736119e-05
11915.140133 7.474926e-01 2.863452e-02 1.094477e-02 1.303515e-01 3.463064e-05 -1.125251e-05 -1.173226e-05 1.011913e-04
11918.072342 7.454260e-01 2.823018e-02 1.097884e-02 1.286828e-01 4.558686e-05 -3.065880e-06 -1.257415e-05 1.219775e-04
11921.016743 7.407502e-01 2.791580e-02 1.084512e-02 1.274834e-01 4.800064e-05 2.411580e-06 -7.654224e-06 1.333834e-04
11923.973335 7.402099e-01 2.823506e-02 1.092690e-02 1.274584e-01 4.227025e-05 8.071836e-08 -1.175825e-05 1.168511e-04
11926.942120 7.440200e-01 2.881572e-02 1.118153e-02 1.281025e-01 3.364779e-05 -4.051977e-06 -1.812567e-05 1.013438e-04
11929.923096 7.444845e-01 2.899108e-02 1.124406e-02 1.280591e-01 3.014920e-05 -7.711482e-06 -2.169702e-05 9.922368e-05
11932.916265 7.441059e-01 2.921667e-02 1.127451e-02 1.281259e-01 3.276806e-05 -8.949906e-06 -3.312333e-05 9.729010e-05
11935.921625 7.442531e-01 2.944674e-02 1.139938e-02 1.272906e-01 3.502804e-05 -1.043926e-05 -2.050425e-05 8.584637e-05
11938.939177 7.434608e-01 2.944691e-02 1.139276e-02 1.281735e-01 3.766489e-05 -6.366578e-06 -1.004843e-05 1.045314e-04
11941.968921 7.426708e-01 2.959788e-02 1.137284e-02 1.268014e-01 3.563295e-05 1.125499e-08 -2.421599e-05 9.546541e-05
11945.010858 7.422779e-01 2.971368e-02 1.133974e-02 1.278969e-01 3.805255e-05 5.374525e-06 -2.837672e-05 7.937919e-05
11948.064985 7.413369e-01 2.971877e-02 1.143122e-02 1.272348e-01 4.554639e-05 6.070041e-06 -2.630670e-05 7.328627e-05
11951.131305 7.409967e-01 2.970419e-02 1.150191e-02 1.271498e-01 3.908875e-05 3.777597e-06 -2.504774e-05 5.807714e-05
11954.209817 7.408365e-01 2.975802e-02 1.155990e-02 1.268479e-01 3.433470e-05 -6.643117e-06 -6.919462e-06 7.551375e-05
11957.300521 7.392889e-01 2.976926e-02 1.163037e-02 1.272455e-01 3.771308e-05 -1.524874e-05 -1.842662e-05 8.975059e-05
11960.403416 7.399412e-01 2.994009e-02 1.170739e-02 1.277185e-01 4.149315e-05 -9.118160e-06 -1.971571e-05 9.441164e-05
11963.518504 7.388045e-01 3.022644e-02 1.169556e-02 1.272057e-01 4.201318e-05 -9.765942e-06 -1.445872e-05 9.138650e-05
11966.645783 7.382030e-01 3.051953e-02 1.180314e-02 1.272629e-01 3.606416e-05 -8.555818e-06 -2.722005e-05 8.937286e-05
11969.785255 7.395133e-01 3.088588e-02 1.190902e-02 1.274553e-01 3.966448e-05 -9.865793e-06 -4.077472e-05 8.708779e-05
11972.936918 7.386285e-01 3.110309e-02 1.200397e-02 1.273892e-01 3.106824e-05 -1.576975e-05 -3.305331e-05 8.507324e-05
11976.100773 7.382790e-01 3.113550e-02 1.195441e-02 1.280551e-01 3.761236e-05 -8.043818e-06 -1.671894e-05 8.787929e-05
11979.276820 7.372357e-01 3.112767e-02 1.193985e-02 1.274489e-01 3.865728e-05 -8.084299e-06 -8.842855e-06 1.048241e-04
11982.465059 7.367758e-01 3.140151e-02 1.203755e-02 1.280955e-01 3.543076e-05 -1.378551e-05 -3.742745e-06 9.566309e-05
11985.665490 7.367683e-01 3.181007e-02 1.218630e-02 1.282955e-01 3.591981e-05 -1.889012e-05 -1.155876e-05 9.309721e-05
11988.878112 7.359362e-01 3.189445e-02 1.217905e-02 1.277108e-01 3.805553e-05 -1.288967e-05 -1.277826e-05 9.554888e-05
11992.102927 7.358323e-01 3.208047e-02 1.224063e-02 1.284273e-01 3.562951e-05 -1.135481e-05 -1.831718e-05 8.924548e-05
11995.339934 7.349444e-01 3.222122e-02 1.236972e-02 1.278634e-01 3.843192e-05 -1.349713e-05 -2.231120e-05 8.948706e-05
11998.589132 7.334904e-01 3.211796e-02 1.235095e-02 1.279798e-01 2.552743e-05 -1.901576e-05 -2.556108e-05 8.110100e-05
12001.850523 7.326824e-01 3.216448e-02 1.247562e-02 1.272195e-01 3.147821e-05 -1.961225e-05 -2.515412e-05 1.057855e-04
12005.124105 7.323493e-01 3.219711e-02 1.256166e-02 1.278418e-01 3.459822e-05 -2.180421e-05 -3.245615e-05 9.548442e-05
12008.409879 7.316177e-01 3.219597e-02 1.259225e-02 1.273195e-01 2.943084e-05 -1.911928e-05 -2.666056e-05 9.300223e-05
12011.707845 7.315245e-01 3.221876e-02 1.271553e-02 1.276522e-01 2.994451e-05 -1.866333e-05 -5.030852e-06 1.000620e-04
12015.018003 7.315134e-01 3.229332e-02 1.280065e-02 1.295822e-01 2.965121e-05 -1.005017e-05 -1.336391e-05 9.258344e-05
12018.340353 7.303144e-01 3.237272e-02 1.294704e-02 1.308648e-01 2.809002e-05 -7.638059e-06 -1.152538e-05 8.828764e-05
12021.674895 7.302848e-01 3.245362e-02 1.304024e-02 1.319645e-01 2.489200e-05 -7.620012e-06 -9.348110e-06 9.814276e-05
12025.021629 7.293109e-01 3.251496e-02 1.309960e-02 1.314927e-01 3.374645e-05 -7.913113e-06 -1.385229e-05 9.682010e-05
12028.380554 7.290980e-01 3.248406e-02 1.311665e-02 1.285455e-01 3.864266e-05 -4.855308e-06 -7.495905e-06 9.720565e-05
12031.751672 7.291474e-01 3.230943e-02 1.306459e-02 1.283511e-01 3.430535e-05 -1.359021e-05 -2.677457e-06 8.921364e-05
12035.134982 7.281195e-01 3.219618e-02 1.303372e-02 1.284248e-01 3.103045e-05 -1.085954e-05 -5.870246e-06 8.697474e-05
12038.530483 7.273227e-01 3.207125e-02 1.294334e-02 1.282282e-01 2.803843e-05 -1.511140e-05 -8.247595e-06 7.168481e-05
12041.938176 7.273284e-01 3.181242e-02 1.288203e-02 1.293509e-01 3.178489e-05 -2.286505e-05 -1.668729e-06 6.658314e-05
12045.358061 7.206190e-01 3.127590e-02 1.274691e-02 1.284093e-01 3.940524e-05 -2.122485e-05 -3.981855e-06 1.014286e-04
12048.790139 7.155424e-01 3.131377e-02 1.272088e-02 1.272345e-01 3.173096e-05 -2.127345e-05 -2.670077e-06 9.656228e-05
12052.234408 7.234606e-01 3.216782e-02 1.300003e-02 1.286930e-01 3.097497e-05 -1.503888e-05 -9.705743e-06 1.033776e-04
12055.690868 7.239090e-01 3.262800e-02 1.312376e-02 1.286091e-01 3.567677e-05 -1.494331e-05 -1.890861e-05 1.052829e-04
12059.159521 7.238043e-01 3.291720e-02 1.324308e-02 1.280798e-01 3.098792e-05 -2.086731e-05 -1.166489e-05 1.009023e-04
12062.640366 7.225998e-01 3.336317e-02 1.335570e-02 1.278796e-01 2.997469e-05 -2.808238e-05 -1.897614e-05 9.824726e-05
12066.133403 7.229936e-01 3.399712e-02 1.358838e-02 1.272312e-01 3.363614e-05 -2.785185e-05 -1.699466e-05 9.068810e-05
12069.638631 7.229428e-01 3.459284e-02 1.379448e-02 1.277131e-01 3.506418e-05 -2.231902e-05 -1.572983e-05 7.866966e-05
12073.156052 7.225019e-01 3.480813e-02 1.382198e-02 1.274132e-01 3.944049e-05 -2.325553e-05 -9.780815e-06 1.076161e-04
12076.685664 7.217679e-01 3.488965e-02 1.393764e-02 1.275763e-01 3.985590e-05 -1.281265e-05 -2.039939e-05 9.985269e-05
12080.227468 7.211263e-01 3.495432e-02 1.399395e-02 1.276096e-01 4.048467e-05 -6.104051e-06 -2.768257e-05 1.066969e-04
12083.781465 7.205804e-01 3.490574e-02 1.391998e-02 1.268504e-01 3.244944e-05 -3.299156e-06 -2.195402e-05 9.790605e-05
12087.347653 7.195017e-01 3.501291e-02 1.398237e-02 1.268479e-01 2.812456e-05 -1.300253e-05 -1.198065e-05 9.485915e-05
12090.926033 7.187501e-01 3.535046e-02 1.419747e-02 1.268110e-01 2.800860e-05 -1.425262e-05 -1.925041e-05 1.033252e-04
12094.516605 7.179081e-01 3.552630e-02 1.431757e-02 1.264942e-01 2.788285e-05 -1.493171e-05 -1.998979e-05 8.983098e-05
12098.119369 7.176341e-01 3.570073e-02 1.443030e-02 1.267941e-01 3.190715e-05 -3.001383e-05 -1.407008e-05 7.968804e-05
12101.734324 7.162732e-01 3.581439e-02 1.449801e-02 1.264669e-01 3.107159e-05 -2.557504e-05 -1.858538e-06 9.473126e-05
12105.361472 7.173316e-01 3.596059e-02 1.466469e-02 1.270146e-01 3.105063e-05 -2.924740e-05 -1.105576e-05 1.020934e-04
12109.000811 7.163180e-01 3.619968e-02 1.482125e-02 1.274358e-01 2.615394e-05 -1.755772e-05 -8.314103e-06 9.212611e-05
12112.652343 7.154020e-01 3.647097e-02 1.496192e-02 1.279229e-01 2.114644e-05 -1.973623e-05 -2.329522e-05 9.426911e-05
12116.316066 7.129231e-01 3.660337e-02 1.504278e-02 1.269165e-01 2.955564e-05 -2.378221e-05 -1.785934e-05 1.012756e-04
12119.991982 7.124584e-01 3.672914e-02 1.516721e-02 1.266220e-01 3.298746e-05 -1.670688e-05 -2.174829e-05 9.403711e-05
12123.680089 7.139297e-01 3.693522e-02 1.531132e-02 1.262022e-01 2.035663e-05 -1.952085e-05 -2.523050e-05 9.589342e-05
12127.380388 7.120035e-01 3.697306e-02 1.538783e-02 1.257281e-01 2.385247e-05 -2.367054e-05 -2.046894e-05 1.093822e-04
12131.092879 7.111802e-01 3.707008e-02 1.542176e-02 1.260352e-01 2.150953e-05 -2.445958e-05 -1.277351e-05 1.160815e-04
12134.817562 7.104740e-01 3.707459e-02 1.555966e-02 1.262102e-01 1.985524e-05 -3.202376e-05 -6.332361e-06 1.107843e-04
12138.554437 7.101306e-01 3.710450e-02 1.556089e-02 1.262125e-01 2.360386e-05 -3.657045e-05 -9.698772e-06 1.019755e-04
12142.303503 7.103545e-01 3.737528e-02 1.567123e-02 1.263674e-01 2.330668e-05 -3.593665e-05 -1.620263e-05 1.080181e-04
12146.064762 7.101213e-01 3.758547e-02 1.574092e-02 1.266958e-01 1.755283e-05 -2.014560e-05 -1.214409e-05 1.103368e-04
12149.838213 7.096248e-01 3.767588e-02 1.582060e-02 1.263871e-01 2.092878e-05 -1.123092e-05 4.313726e-06 1.065757e-04
12153.623855 7.088960e-01 3.777231e-02 1.581664e-02 1.259282e-01 2.205803e-05 -1.509463e-05 7.533209e-06 1.116522e-04
12157.421689 7.082194e-01 3.814458e-02 1.598478e-02 1.264107e-01 3.018772e-05 -1.972288e-05 6.686497e-06 1.235309e-04
12161.231716 7.087023e-01 3.842089e-02 1.604443e-02 1.274734e-01 2.229662e-05 -2.348460e-05 8.656789e-06 1.183039e-04
12165.053934 7.076673e-01 3.843148e-02 1.609853e-02 1.274697e-01 2.075568e-05 -2.714218e-05 -1.231167e-06 1.033782e-04
12168.888344 7.063485e-01 3.843046e-02 1.609145e-02 1.281652e-01 2.388091e-05 -1.892569e-05 -5.539116e-06 9.827618e-05
12172.734946 7.041154e-01 3.863239e-02 1.613665e-02 1.272202e-01 2.075471e-05 -1.561299e-05 -6.915896e-06 9.624894e-05
12176.593740 7.050022e-01 3.897943e-02 1.627639e-02 1.280825e-01 2.142386e-05 -1.004939e-05 -8.950359e-06 9.234895e-05
12180.464726 7.045107e-01 3.912677e-02 1.637012e-02 1.286271e-01 2.636350e-05 -6.146184e-06 -2.471174e-06 1.186048e-04
12184.347903 7.044366e-01 3.915288e-02 1.638527e-02 1.287312e-01 3.433761e-05 -7.601181e-06 3.121975e-06 1.161030e-04
12188.243273 7.023206e-01 3.934665e-02 1.653859e-02 1.280186e-01 2.766913e-05 -1.681235e-05 -3.439458e-06 1.177346e-04
12192.150835 7.031479e-01 3.971508e-02 1.659632e-02 1.275854e-01 1.980394e-05 -1.215355e-05 -8.658037e-06 1.116381e-04
12196.070588 7.016516e-01 3.984937e-02 1.671067e-02 1.268355e-01 1.674516e-05 -8.096218e-06 -1.290574e-05 1.095189e-04
12200.002533 7.012408e-01 3.992164e-02 1.678839e-02 1.265661e-01 2.715830e-05 -4.330882e-06 -1.268307e-05 1.095881e-04
12203.946671 7.010179e-01 4.012113e-02 1.697072e-02 1.273849e-01 2.839751e-05 -3.837151e-06 -1.594929e-05 9.616515e-05
12207.903000 7.002354e-01 4.032370e-02 1.711016e-02 1.283756e-01 2.720141e-05 -3.181587e-06 -9.639882e-06 8.429451e-05
12211.871521 6.986578e-01 4.030125e-02 1.724935e-02 1.298577e-01 3.433457e-05 -1.086822e-05 -9.670561e-06 1.049541e-04
12215.852234 6.975987e-01 4.039783e-02 1.733402e-02 1.287793e-01 3.493103e-05 -1.982495e-05 -8.430482e-06 1.097684e-04
12219.845139 6.970197e-01 4.087725e-02 1.753861e-02 1.272930e-01 3.965634e-05 -2.239434e-05 -1.714335e-05 1.108749e-04
12223.850236 6.969465e-01 4.103266e-02 1.770673e-02 1.274246e-01 3.927102e-05 -2.404331e-05 -1.774088e-05 1.120697e-04
12227.867524 6.969755e-01 4.099369e-02 1.778375e-02 1.273661e-01 3.982202e-05 -2.417832e-05 -2.799263e-05 1.094191e-04
12231.897005 6.956108e-01 4.096793e-02 1.782086e-02 1.262818e-01 3.458256e-05 -1.723012e-05 -1.899330e-05 1.149067e-04
12235.938678 6.951067e-01 4.103829e-02 1.786331e-02 1.268555e-01 3.665073e-05 -1.004031e-05 -2.349941e-05 1.173454e-04
12239.992542 6.939665e-01 4.112406e-02 1.792214e-02 1.292168e-01 3.461845e-05 -1.150647e-05 -2.987620e-05 1.169252e-04
12244.058598 6.938078e-01 4.114619e-02 1.799717e-02 1.511522e-01 3.036421e-05 -2.141176e-05 -3.186254e-05 1.093065e-04
12248.136847 6.926876e-01 4.125015e-02 1.814612e-02 1.960405e-01 2.758151e-05 -2.223356e-05 -3.083320e-05 9.296413e-05
12252.227287 6.874406e-01 4.109425e-02 1.812796e-02 2.067890e-01 2.761036e-05 -1.786033e-05 -2.206826e-05 9.273959e-05
12256.329919 6.765980e-01 4.041793e-02 1.796130e-02 1.785251e-01 3.114777e-05 -1.869073e-05 -2.740221e-05 1.141966e-04
12260.444743 6.865442e-01 4.093611e-02 1.817668e-02 1.481932e-01 4.224436e-05 -8.259215e-06 -2.966635e-05 1.140542e-04
12264.571759 6.886086e-01 4.078652e-02 1.814950e-02 1.310849e-01 3.071414e-05 -8.918648e-06 -3.205508e-05 1.014951e-04
12268.710967 6.888957e-01 4.015101e-02 1.802874e-02 1.271327e-01 2.534616e-05 -1.261661e-05 -3.778944e-05 1.076288e-04
12272.862366 6.894389e-01 4.055907e-02 1.821558e-02 1.262626e-01 3.047903e-05 -1.536234e-05 -4.400083e-05 1.037479e-04
12277.025958 6.890023e-01 4.154480e-02 1.857352e-02 1.266957e-01 2.487455e-05 -1.880127e-05 -4.055855e-05 1.035839e-04
12281.201742 6.877078e-01 4.249852e-02 1.891567e-02 1.267018e-01 1.993857e-05 -1.560513e-05 -4.767472e-05 9.952729e-05
12285.389717 6.859143e-01 4.303415e-02 1.919136e-02 1.258456e-01 2.287925e-05 -1.231269e-05 -3.483562e-05 1.072477e-04
12289.589884 6.856012e-01 4.348368e-02 1.933618e-02 1.254077e-01 3.037049e-05 -2.175916e-05 -3.599870e-05 1.125642e-04
12293.802244 6.846538e-01 4.363549e-02 1.936783e-02 1.247352e-01 4.136401e-05 -1.505522e-05 -2.692168e-05 1.262102e-04
12298.026795 6.716457e-01 4.222579e-02 1.888616e-02 1.237754e-01 3.140003e-05 -1.403188e-05 -3.967577e-05 1.249186e-04
12302.263538 6.749446e-01 4.137958e-02 1.853492e-02 1.261844e-01 4.379178e-05 -1.424539e-05 -2.208675e-05 1.192544e-04
12306.512473 6.825667e-01 4.264251e-02 1.908963e-02 1.408134e-01 4.040179e-05 -1.075281e-05 -2.874729e-05 1.015316e-04
12310.773600 6.810213e-01 4.349468e-02 1.942245e-02 1.594568e-01 2.595490e-05 -1.085370e-05 -3.614246e-05 9.246731e-05
12315.046919 6.811200e-01 4.394750e-02 1.969217e-02 1.591235e-01 2.466437e-05 -1.130067e-05 -3.334835e-05 9.864615e-05
12319.332429 6.812538e-01 4.412957e-02 1.976189e-02 1.377898e-01 3.414432e-05 -1.840703e-05 -3.924496e-05 1.025329e-04
12323.630132 6.812446e-01 4.446151e-02 1.995533e-02 1.281330e-01 4.581656e-05 -1.810289e-05 -3.103516e-05 1.035890e-04
12327.940026 6.804722e-01 4.430721e-02 2.003530e-02 1.273468e-01 3.956816e-05 -1.575682e-05 -3.595059e-05 1.044156e-04
12332.262113 6.798154e-01 4.459744e-02 2.025824e-02 1.328576e-01 4.184995e-05 -1.832700e-05 -2.598135e-05 1.103093e-04
12336.596391 6.790893e-01 4.483475e-02 2.044405e-02 1.414083e-01 4.337742e-05 -7.403346e-06 -3.480725e-05 1.044664e-04
12340.942861 6.786836e-01 4.487490e-02 2.054645e-02 1.387590e-01 3.255819e-05 -1.336403e-05 -2.624981e-05 1.004566e-04
12345.301524 6.780717e-01 4.497399e-02 2.068627e-02 1.298093e-01 3.439584e-05 -1.879632e-05 -3.009879e-05 1.008681e-04
12349.672378 6.774019e-01 4.477168e-02 2.070998e-02 1.266056e-01 3.588786e-05 -2.403968e-05 -3.229793e-05 1.018334e-04
12354.055424 6.756580e-01 4.479593e-02 2.075638e-02 1.262148e-01 3.183210e-05 -1.961935e-05 -2.841607e-05 1.110032e-04
12358.450662 6.758523e-01 4.542215e-02 2.108328e-02 1.252107e-01 2.188064e-05 -2.013626e-05 -4.047828e-05 1.041617e-04
12362.858091 6.750917e-01 4.541337e-02 2.109711e-02 1.246174e-01 2.706819e-05 -1.501130e-05 -2.615007e-05 1.083154e-04
12367.277713 6.733885e-01 4.527614e-02 2.115820e-02 1.248045e-01 3.261859e-05 -1.857801e-05 -3.573913e-05 1.230839e-04
12371.709527 6.739352e-01 4.547382e-02 2.133095e-02 1.249659e-01 2.109973e-05 -1.408897e-05 -2.846073e-05 1.036711e-04
12376.153532 6.731354e-01 4.591716e-02 2.152274e-02 1.243625e-01 1.508394e-05 -1.640372e-05 -3.430166e-05 1.048907e-04
12380.609730 6.725448e-01 4.661971e-02 2.189141e-02 1.240584e-01 1.637375e-05 -1.438941e-05 -5.016602e-05 1.028402e-04
12385.078119 6.713876e-01 4.694432e-02 2.204475e-02 1.241766e-01 2.581461e-05 -3.521746e-06 -4.177341e-05 1.029185e-04
12389.558700 6.705129e-01 4.705304e-02 2.219990e-02 1.240758e-01 3.109323e-05 -6.058180e-06 -4.251045e-05 8.975425e-05
12394.051473 6.700505e-01 4.741915e-02 2.240358e-02 1.239085e-01 2.974966e-05 -9.746379e-06 -4.365393e-05 9.694402e-05
12398.556438 6.695953e-01 4.746012e-02 2.247808e-02 1.243166e-01 2.563472e-05 -1.356926e-05 -3.865976e-05 1.040836e-04
12403.073595 6.686872e-01 4.740341e-02 2.254915e-02 1.242419e-01 2.956911e-05 -9.896479e-06 -3.352837e-05 9.528377e-05
12407.602944 6.674977e-01 4.770342e-02 2.267555e-02 1.240677e-01 3.529282e-05 -1.157149e-05 -3.747848e-05 9.761807e-05
12412.144485 6.662257e-01 4.800747e-02 2.289804e-02 1.240304e-01 2.790232e-05 -1.091274e-05 -4.020936e-05 9.517367e-05
12416.698218 6.651368e-01 4.823923e-02 2.304358e-02 1.240645e-01 3.480581e-05 -6.294024e-06 -3.908920e-05 1.102931e-04
12421.264142 6.625441e-01 4.831268e-02 2.308413e-02 1.242535e-01 3.167066e-05 -3.944935e-06 -4.360828e-05 1.134697e-04
12425.842259 6.640665e-01 4.882839e-02 2.330063e-02 1.246910e-01 4.246130e-05 -1.239042e-06 -4.798738e-05 1.090688e-04
12430.432567 6.645182e-01 4.925060e-02 2.354888e-02 1.242097e-01 3.854416e-05 -2.809113e-06 -4.491851e-05 1.076815e-04
12435.035068 6.635081e-01 4.955413e-02 2.369105e-02 1.237398e-01 4.287295e-05 -5.509659e-07 -4.107149e-05 1.014313e-04
12439.649760 6.629200e-01 4.994664e-02 2.388128e-02 1.239970e-01 3.702136e-05 5.598533e-06 -4.830295e-05 1.150514e-04
12444.276644 6.616520e-01 5.017933e-02 2.403818e-02 1.237882e-01 3.779495e-05 2.084630e-06 -4.858257e-05 1.077156e-04
12448.915720 6.604391e-01 5.030232e-02 2.421296e-02 1.233532e-01 3.805187e-05 -8.720970e-06 -4.733497e-05 1.102590e-04
12453.566988 6.611993e-01 5.052380e-02 2.438120e-02 1.236388e-01 4.506806e-05 2.355807e-06 -4.032098e-05 1.117411e-04
12458.230448 6.603066e-01 5.063699e-02 2.446109e-02 1.238460e-01 5.327992e-05 3.726962e-06 -4.797301e-05 9.622543e-05
12462.906100 6.598066e-01 5.086302e-02 2.466499e-02 1.236185e-01 4.863107e-05 4.181614e-06 -5.028015e-05 9.185704e-05
12467.593943 6.592571e-01 5.110236e-02 2.481840e-02 1.249296e-01 5.273328e-05 8.539766e-06 -3.534993e-05 1.068326e-04
12472.293979 6.577424e-01 5.124861e-02 2.497946e-02 1.260583e-01 5.228058e-05 1.067175e-05 -3.414924e-05 1.036593e-04
12477.006206 6.573818e-01 5.162838e-02 2.524777e-02 1.282078e-01 3.747502e-05 1.335721e-05 -3.296599e-05 9.929633e-05
12481.730626 6.573073e-01 5.199094e-02 2.553074e-02 1.250909e-01 3.120965e-05 1.175065e-05 -3.589560e-05 9.254519e-05
12486.467237 6.566065e-01 5.230865e-02 2.581888e-02 1.234692e-01 3.520681e-05 4.149360e-07 -3.562540e-05 9.655796e-05
12491.216040 6.557444e-01 5.257303e-02 2.601687e-02 1.233727e-01 3.213978e-05 -4.854685e-06 -3.157317e-05 9.515436e-05
12495.977036 6.540819e-01 5.266217e-02 2.614462e-02 1.249557e-01 4.436283e-05 -1.229082e-05 -2.206643e-05 1.128031e-04
12500.750223 6.510896e-01 5.264898e-02 2.627189e-02 1.268833e-01 4.664226e-05 -1.409959e-05 -2.875234e-05 1.057581e-04
12505.535602 6.530869e-01 5.295956e-02 2.646949e-02 1.265953e-01 4.225491e-05 -7.842318e-06 -3.783995e-05 1.080665e-04
12510.333172 6.535170e-01 5.312570e-02 2.664015e-02 1.246797e-01 3.350950e-05 -5.565934e-06 -2.765069e-05 1.109921e-04
12515.142935 6.526594e-01 5.322202e-02 2.676086e-02 1.234588e-01 2.636724e-05 -1.113031e-05 -2.251978e-05 1.174265e-04
12519.964890 6.519517e-01 5.335180e-02 2.692546e-02 1.228057e-01 2.413954e-05 -2.099775e-05 -2.004136e-05 1.162619e-04
12524.799037 6.512642e-01 5.291408e-02 2.679534e-02 1.229540e-01 3.815800e-05 -2.367291e-05 -1.633364e-05 1.121462e-04
12529.645375 6.445289e-01 5.186072e-02 2.638071e-02 1.220633e-01 4.356792e-05 -3.102537e-05 -2.314255e-05 1.189711e-04
12534.503905 3.264402e-01 2.634083e-02 1.342338e-02 6.200296e-02 2.097457e-05 -1.482536e-05 -1.535797e-05 6.069375e-05
12539.374628 6.067856e-03 4.905536e-04 2.495706e-04 1.151962e-03 3.993799e-07 -2.389090e-07 -2.559922e-07 1.074730e-06
