# Facility: NSLS-II
# Beamline: QAS
# Year: 2023
# Cycle: 3
# SAF: 312215
# PI: Reece
# Proposal: 313586
# Scan ID: 271217
# UID: a1c29cfb-f73a-4483-a9b4-79f73a75523e
# Comment: 
# Start time: 10/18/2023  22:08:30
# Stop time: 10/18/2023  22:09:01
# Total time: 00:31
# Trajectory name: Pt-L3-30s-11564.txt
# Element: Platinum ( 78)
# Edge: L3
# E0: 11564
# Reference Foil Element: Pt
# Keithley Gains I0: 1E6 V/A It: 1E6 V/A Iref: 1E7 V/A PIPS: 1E8 V/A 
# Ion Chamber Gas Flow Rates: I0: 0.00 sccm He + 189.60 sccm N2 + 9.80 sccm Ar 
# Ion Chamber Gas Flow Rates: It&Iref: 39.70 sccm N2 + 60.10 sccm Ar
# Incident Beam Path Vertical: 31.75 mm
# Incident Slits Positions B: TOP: 2.0 mm Bottom: 1.0 mm Inboard: 0.57675 mm Outboard: 1.57675 mm
# Sample Stage Positions: Rotation: 45.0 deg Horizontal: -10.11 mm Vertical: 15.39 mm Beam Direction: 0.00 mm
# PerkinElmer Vertical Position: 500.00 mm
# Linkam Oven Temperature : 3.03 C and Ramp Rate: 20.00 C/min.
# Front End Mirror Horizontal Positions: Up: -14.00 mm Down: -14.00 mm
#
# energy  i0  it  ir  iff  aux1  aux2  aux3  aux4
11380.596982 4.217445e-01 7.243161e-03 1.182199e-02 2.526505e-02 1.648301e-05 -1.507492e-05 7.679227e-07 2.732518e-05
11385.596982 8.287193e-01 1.429396e-02 2.333656e-02 4.975423e-02 3.158890e-05 -3.002377e-05 -8.949938e-06 5.218535e-05
11390.596982 8.355851e-01 1.439246e-02 2.355716e-02 5.022787e-02 2.752986e-05 -3.265301e-05 -1.057443e-05 4.632965e-05
11395.596982 8.428862e-01 1.470376e-02 2.404065e-02 5.027253e-02 2.288673e-05 -3.176647e-05 -1.092324e-05 3.852062e-05
11400.596982 8.412924e-01 1.492528e-02 2.439684e-02 5.023129e-02 2.753990e-05 -3.293532e-05 -9.225917e-06 3.357788e-05
11405.596982 8.391995e-01 1.502581e-02 2.455059e-02 5.037143e-02 3.889135e-05 -3.262755e-05 -1.054455e-05 3.314839e-05
11410.596982 8.360536e-01 1.524305e-02 2.495066e-02 5.026459e-02 3.698098e-05 -2.727249e-05 -1.385561e-05 3.384004e-05
11415.596982 8.278176e-01 1.511357e-02 2.479536e-02 4.961689e-02 3.250312e-05 -3.175700e-05 -1.242557e-05 3.268387e-05
11420.596982 8.279908e-01 1.517985e-02 2.493276e-02 4.961079e-02 3.449905e-05 -2.640797e-05 -2.078375e-05 3.201667e-05
11425.596982 8.356649e-01 1.556177e-02 2.547510e-02 5.031028e-02 2.795970e-05 -3.159767e-05 -1.919371e-05 2.586269e-05
11430.596982 8.369760e-01 1.575870e-02 2.579303e-02 5.076146e-02 2.858464e-05 -2.910897e-05 -1.271095e-05 4.734000e-05
11435.596982 8.348745e-01 1.588066e-02 2.600166e-02 5.095435e-02 2.811101e-05 -4.155410e-05 -1.308706e-05 4.842834e-05
11440.596982 8.336443e-01 1.602684e-02 2.623774e-02 5.082129e-02 3.904111e-05 -3.530970e-05 -1.882524e-05 4.056174e-05
11445.596982 8.320449e-01 1.614383e-02 2.649133e-02 5.108784e-02 4.278530e-05 -1.257022e-05 -1.536632e-05 4.802365e-05
11450.596982 8.309526e-01 1.617712e-02 2.656201e-02 5.104892e-02 3.291001e-05 -9.054631e-06 -1.290597e-05 4.422182e-05
11455.596982 8.303401e-01 1.637563e-02 2.686570e-02 5.100921e-02 2.718502e-05 -7.512360e-06 -8.166547e-06 3.220824e-05
11460.596982 8.294414e-01 1.650420e-02 2.713877e-02 5.122670e-02 2.930781e-05 -1.818623e-05 -3.245978e-06 4.244515e-05
11465.596982 8.288106e-01 1.634440e-02 2.694001e-02 5.143596e-02 3.899964e-05 -3.157553e-05 -8.176884e-06 4.758896e-05
11470.596982 8.277348e-01 1.614017e-02 2.677669e-02 5.193044e-02 3.471826e-05 -3.697816e-05 -7.760116e-06 5.561965e-05
11475.596982 8.266166e-01 1.628496e-02 2.703264e-02 5.175217e-02 3.887727e-05 -3.125991e-05 -8.264337e-06 3.934549e-05
11480.596982 8.260938e-01 1.668734e-02 2.758832e-02 5.201572e-02 4.281716e-05 -2.925955e-05 -7.662074e-06 5.452060e-05
11485.596982 8.244383e-01 1.693433e-02 2.793591e-02 5.200569e-02 3.787098e-05 -3.499390e-05 -6.545853e-06 4.864412e-05
11490.596982 8.236582e-01 1.708243e-02 2.819938e-02 5.352720e-02 4.126245e-05 -3.871194e-05 -1.629704e-05 5.575354e-05
11495.596982 8.225686e-01 1.725951e-02 2.849539e-02 5.256255e-02 4.432982e-05 -3.863419e-05 -1.528749e-05 6.681670e-05
11500.596982 8.218875e-01 1.731908e-02 2.861482e-02 5.183256e-02 4.122448e-05 -3.333342e-05 -1.966372e-05 6.605222e-05
11505.596982 8.214426e-01 1.762891e-02 2.908528e-02 5.219472e-02 3.909382e-05 -2.670985e-05 -2.058531e-05 5.407402e-05
11510.596982 8.199567e-01 1.778368e-02 2.925691e-02 5.231453e-02 3.740091e-05 -2.986511e-05 -1.227106e-05 5.185499e-05
11515.596982 8.190422e-01 1.782462e-02 2.929141e-02 5.257793e-02 4.821332e-05 -1.189295e-05 -1.954724e-05 4.323310e-05
11520.596982 8.187545e-01 1.778794e-02 2.929001e-02 5.298300e-02 4.353071e-05 -1.777429e-05 -1.599678e-05 3.236335e-05
11525.596982 8.174736e-01 1.792137e-02 2.946805e-02 5.366502e-02 3.100822e-05 -1.915988e-05 -1.192735e-05 4.543149e-05
11530.596982 8.167610e-01 1.801059e-02 2.948805e-02 6.156587e-02 3.489534e-05 -2.994026e-05 -9.063605e-06 4.287417e-05
11534.000000 8.156002e-01 1.812954e-02 2.954179e-02 7.981267e-02 4.248509e-05 -2.842040e-05 -2.068607e-06 3.908421e-05
11535.000000 8.159023e-01 1.816041e-02 2.954435e-02 8.526195e-02 4.817905e-05 -2.555386e-05 3.020176e-06 3.826285e-05
11536.000000 8.153028e-01 1.817506e-02 2.948985e-02 8.675601e-02 4.878639e-05 -2.629362e-05 -8.290368e-06 4.810688e-05
11537.000000 8.153312e-01 1.815236e-02 2.949554e-02 8.766121e-02 4.436493e-05 -2.661958e-05 -1.379448e-05 5.754533e-05
11538.000000 8.165090e-01 1.813460e-02 2.940165e-02 8.639301e-02 3.539377e-05 -2.551555e-05 -2.271312e-05 4.991680e-05
11539.000000 8.150367e-01 1.802045e-02 2.912275e-02 8.342533e-02 4.366668e-05 -2.484134e-05 -1.720127e-05 5.367438e-05
11540.000000 8.144104e-01 1.792861e-02 2.894800e-02 7.909413e-02 4.263816e-05 -2.318571e-05 -2.429019e-05 4.403973e-05
11541.000000 8.140110e-01 1.784210e-02 2.879977e-02 7.465599e-02 2.984156e-05 -2.944295e-05 -2.837908e-05 4.054009e-05
11541.200000 8.151070e-01 1.780556e-02 2.896720e-02 7.571660e-02 3.527618e-05 -3.110428e-05 -2.084031e-05 3.553492e-05
11541.400000 8.142038e-01 1.790527e-02 2.873928e-02 7.335764e-02 3.283522e-05 -3.280689e-05 -3.364158e-05 3.345334e-05
11541.600000 8.122658e-01 1.768927e-02 2.863568e-02 7.229321e-02 4.756378e-05 -3.141299e-05 -3.597846e-05 4.302556e-05
11541.800000 8.133875e-01 1.788700e-02 2.895702e-02 7.093289e-02 4.520511e-05 -2.803652e-05 -2.783352e-05 4.119962e-05
11542.000000 8.153539e-01 1.792527e-02 2.886200e-02 7.319863e-02 5.419948e-05 -3.008341e-05 -3.011370e-05 3.840286e-05
11542.200000 8.038864e-01 1.763302e-02 2.849538e-02 7.065014e-02 5.715701e-05 -2.077800e-05 -4.066149e-05 4.455300e-05
11542.400000 8.242510e-01 1.834511e-02 2.913403e-02 6.970399e-02 4.705830e-05 -2.061407e-05 -4.389806e-05 3.849842e-05
11542.600000 8.143256e-01 1.794112e-02 2.894905e-02 6.965503e-02 5.696473e-05 -3.506655e-05 -3.269219e-05 4.981880e-05
11542.800000 8.171114e-01 1.815515e-02 2.899312e-02 6.867184e-02 3.680042e-05 -3.788578e-05 -3.062798e-05 4.395971e-05
11543.000000 8.148804e-01 1.814712e-02 2.904776e-02 7.020455e-02 4.975828e-05 -3.747232e-05 -1.607622e-05 4.485451e-05
11543.200000 8.184748e-01 1.818556e-02 2.916717e-02 6.933781e-02 6.084033e-05 -3.483467e-05 -2.686536e-05 4.337039e-05
11543.400000 8.171686e-01 1.827034e-02 2.901193e-02 6.704392e-02 5.462259e-05 -2.956132e-05 -2.863096e-05 4.410301e-05
11543.600000 8.147035e-01 1.813741e-02 2.920875e-02 6.426224e-02 6.749813e-05 -3.103154e-05 -3.248865e-05 4.253092e-05
11543.800000 8.188328e-01 1.844730e-02 2.926189e-02 6.511820e-02 5.124904e-05 -3.994250e-05 -3.650370e-05 5.723007e-05
11544.000000 8.143230e-01 1.822568e-02 2.924590e-02 6.259767e-02 7.411595e-05 -3.786588e-05 -3.641624e-05 5.757888e-05
11544.200000 8.154162e-01 1.840674e-02 2.922011e-02 6.210012e-02 5.970605e-05 -3.382744e-05 -2.011104e-05 5.649255e-05
11544.400000 8.141956e-01 1.834301e-02 2.911039e-02 6.251917e-02 6.414209e-05 -3.906930e-05 -2.748361e-05 4.916406e-05
11544.600000 8.132316e-01 1.837772e-02 2.899354e-02 5.953254e-02 5.272792e-05 -4.254508e-05 -2.687582e-05 3.308445e-05
11544.800000 8.106707e-01 1.834663e-02 2.899218e-02 5.823686e-02 4.926750e-05 -3.614342e-05 -2.809380e-05 3.269284e-05
11545.000000 8.160825e-01 1.838000e-02 2.937982e-02 5.910562e-02 5.609061e-05 -3.025436e-05 -3.015946e-05 2.334939e-05
11545.200000 8.091273e-01 1.842117e-02 2.884097e-02 5.850610e-02 4.921617e-05 -2.254947e-05 -1.601864e-05 5.126555e-05
11545.400000 8.185397e-01 1.854121e-02 2.942468e-02 5.987445e-02 4.747155e-05 -2.779212e-05 -3.998794e-05 5.331004e-05
11545.600000 8.105293e-01 1.844900e-02 2.898216e-02 5.639934e-02 4.144480e-05 -3.237398e-05 -4.898013e-05 5.020429e-05
11545.800000 8.120505e-01 1.845291e-02 2.908787e-02 5.563107e-02 5.132433e-05 -2.989284e-05 -5.441839e-05 4.920455e-05
11546.000000 8.163148e-01 1.864865e-02 2.914457e-02 5.727339e-02 3.378092e-05 -2.609637e-05 -3.477168e-05 5.112264e-05
11546.200000 7.935351e-01 1.808187e-02 2.829819e-02 5.499221e-02 4.544089e-05 -3.568416e-05 -4.195888e-05 4.520301e-05
11546.400000 8.288423e-01 1.887897e-02 2.977780e-02 5.864263e-02 5.209857e-05 -3.880908e-05 -3.838570e-05 5.402524e-05
11546.600000 8.007210e-01 1.829817e-02 2.867583e-02 5.663383e-02 5.149779e-05 -3.275458e-05 -3.248359e-05 4.971176e-05
11546.800000 8.227027e-01 1.875348e-02 2.946668e-02 5.740563e-02 5.662079e-05 -3.603280e-05 -4.164369e-05 4.103849e-05
11547.000000 8.170055e-01 1.877322e-02 2.925480e-02 5.729088e-02 4.650137e-05 -4.407111e-05 -3.669878e-05 5.462720e-05
11547.200000 8.139094e-01 1.853748e-02 2.898442e-02 5.481526e-02 6.108533e-05 -4.433890e-05 -4.438057e-05 2.177311e-05
11547.400000 8.191244e-01 1.885693e-02 2.908096e-02 5.517546e-02 4.239079e-05 -3.956542e-05 -4.558261e-05 -8.459509e-07
11547.600000 8.127561e-01 1.863425e-02 2.914779e-02 5.664906e-02 5.175297e-05 -4.201781e-05 -4.958609e-05 3.235420e-05
11547.800000 8.091309e-01 1.863604e-02 2.878722e-02 5.622482e-02 4.629069e-05 -4.289137e-05 -3.439934e-05 5.124744e-05
11548.000000 8.109547e-01 1.862667e-02 2.905341e-02 5.642887e-02 4.776286e-05 -3.496341e-05 -4.071057e-05 4.252307e-05
11548.200000 8.202349e-01 1.878906e-02 2.907366e-02 5.677298e-02 5.046039e-05 -2.969723e-05 -5.353854e-05 4.361216e-05
11548.400000 8.077190e-01 1.861097e-02 2.896519e-02 5.662770e-02 4.505701e-05 -2.662430e-05 -4.187505e-05 4.703208e-05
11548.600000 8.102590e-01 1.854780e-02 2.865432e-02 5.622334e-02 5.180327e-05 -2.541441e-05 -2.929687e-05 5.121389e-05
11548.800000 8.153367e-01 1.877534e-02 2.895012e-02 5.631035e-02 4.072434e-05 -3.059353e-05 -3.308422e-05 5.161917e-05
11549.000000 8.134718e-01 1.862478e-02 2.888762e-02 5.510263e-02 5.074526e-05 -3.835163e-05 -2.493394e-05 5.441569e-05
11549.200000 8.166582e-01 1.887538e-02 2.900925e-02 5.702514e-02 3.872600e-05 -5.147752e-05 -1.779921e-05 6.062489e-05
11549.400000 8.034403e-01 1.837699e-02 2.824555e-02 5.730684e-02 5.698697e-05 -4.458948e-05 -1.028073e-05 7.194844e-05
11549.600000 8.097663e-01 1.868170e-02 2.853822e-02 5.546631e-02 5.237175e-05 -3.595687e-05 -1.238874e-05 5.302958e-05
11549.800000 8.172848e-01 1.876094e-02 2.884742e-02 5.771639e-02 5.196520e-05 -3.103250e-05 -4.307555e-06 5.983508e-05
11550.000000 8.096193e-01 1.857986e-02 2.852422e-02 5.641804e-02 3.991502e-05 -3.282013e-05 -1.771692e-05 5.689166e-05
11550.200000 8.081766e-01 1.863777e-02 2.854914e-02 5.784694e-02 3.992307e-05 -4.049928e-05 -2.537652e-05 5.603767e-05
11550.400000 8.119761e-01 1.864102e-02 2.832463e-02 5.624532e-02 5.189213e-05 -5.323228e-05 -2.388618e-05 4.835613e-05
11550.600000 8.165074e-01 1.881913e-02 2.844822e-02 5.779763e-02 3.884027e-05 -6.004705e-05 -2.412360e-05 4.760647e-05
11550.800000 8.161618e-01 1.870661e-02 2.839616e-02 5.853300e-02 4.465109e-05 -5.983197e-05 -1.344050e-05 5.845769e-05
11551.000000 8.141305e-01 1.878682e-02 2.830496e-02 5.742972e-02 3.724907e-05 -4.374029e-05 -1.604950e-05 7.188757e-05
11551.200000 8.135579e-01 1.870154e-02 2.818217e-02 5.981318e-02 3.374647e-05 -4.304694e-05 -1.769447e-05 6.912295e-05
11551.400000 8.163125e-01 1.886738e-02 2.826768e-02 5.872182e-02 3.475879e-05 -4.972025e-05 -2.223455e-05 7.849025e-05
11551.600000 7.962596e-01 1.836051e-02 2.785208e-02 5.641037e-02 3.910998e-05 -4.718074e-05 -3.117844e-05 5.724343e-05
11551.800000 8.145796e-01 1.885920e-02 2.806239e-02 5.737097e-02 2.736435e-05 -4.716340e-05 -2.044379e-05 5.547307e-05
11552.000000 8.145475e-01 1.882866e-02 2.819832e-02 5.978822e-02 3.492260e-05 -3.829298e-05 -3.300643e-05 6.272043e-05
11552.200000 8.087893e-01 1.883529e-02 2.787890e-02 5.698422e-02 2.203397e-05 -3.051676e-05 -4.476706e-05 4.497620e-05
11552.400000 8.145748e-01 1.882969e-02 2.814812e-02 5.695898e-02 3.989933e-05 -3.171460e-05 -4.312659e-05 5.128025e-05
11552.600000 8.110758e-01 1.887061e-02 2.754787e-02 5.864684e-02 3.783059e-05 -3.844192e-05 -3.704828e-05 6.487393e-05
11552.800000 8.143071e-01 1.885444e-02 2.784408e-02 5.868264e-02 4.171906e-05 -3.543582e-05 -2.732163e-05 6.096538e-05
11553.000000 8.093214e-01 1.887609e-02 2.768728e-02 6.003571e-02 3.415617e-05 -3.342923e-05 -2.954739e-05 4.434105e-05
11553.200000 8.165998e-01 1.891395e-02 2.790729e-02 6.034153e-02 3.891703e-05 -4.215230e-05 -2.290276e-05 5.313021e-05
11553.400000 8.169920e-01 1.904731e-02 2.772539e-02 5.893800e-02 2.800407e-05 -3.837979e-05 -3.181835e-05 5.890293e-05
11553.600000 8.045588e-01 1.863275e-02 2.687301e-02 5.974553e-02 4.633998e-05 -3.775156e-05 -2.624768e-05 5.166902e-05
11553.800000 8.145706e-01 1.901687e-02 2.740660e-02 5.948650e-02 3.524212e-05 -3.388019e-05 -2.473044e-05 5.112427e-05
11554.000000 8.099890e-01 1.875254e-02 2.708828e-02 5.951546e-02 4.577417e-05 -3.312112e-05 -2.273231e-05 5.654325e-05
11554.200000 8.160568e-01 1.905059e-02 2.741650e-02 5.948217e-02 3.960411e-05 -3.688745e-05 -2.383413e-05 4.211538e-05
11554.400000 8.110371e-01 1.879945e-02 2.716336e-02 5.912005e-02 4.930637e-05 -3.093186e-05 -2.561784e-05 5.567897e-05
11554.600000 8.170724e-01 1.906870e-02 2.720161e-02 6.092280e-02 3.372270e-05 -2.688962e-05 -3.293828e-05 6.317564e-05
11554.800000 8.005497e-01 1.855852e-02 2.658310e-02 5.931752e-02 3.808067e-05 -2.053737e-05 -2.504564e-05 6.531896e-05
11555.000000 8.145592e-01 1.898485e-02 2.673893e-02 6.082633e-02 2.189293e-05 -2.101177e-05 -2.945586e-05 5.344250e-05
11555.200000 8.157281e-01 1.894911e-02 2.670348e-02 6.068958e-02 3.594744e-05 -2.740618e-05 -2.633277e-05 5.806273e-05
11555.400000 8.123334e-01 1.896564e-02 2.645855e-02 6.251509e-02 3.088332e-05 -3.059918e-05 -3.570296e-05 6.105427e-05
11555.600000 8.168060e-01 1.897384e-02 2.623010e-02 6.168973e-02 3.729535e-05 -4.395072e-05 -3.391017e-05 5.828197e-05
11555.800000 7.980011e-01 1.859094e-02 2.557925e-02 6.116507e-02 3.188244e-05 -3.370472e-05 -3.071842e-05 5.677795e-05
11556.000000 8.197652e-01 1.910284e-02 2.612261e-02 6.280344e-02 3.462156e-05 -2.640087e-05 -2.883056e-05 5.202777e-05
11556.200000 8.107135e-01 1.890863e-02 2.593992e-02 6.254355e-02 3.474122e-05 -2.132986e-05 -3.544436e-06 6.406792e-05
11556.400000 8.151256e-01 1.900384e-02 2.574318e-02 6.129494e-02 2.562407e-05 -2.547063e-05 -6.453919e-06 6.130263e-05
11556.600000 8.102214e-01 1.884230e-02 2.542852e-02 6.283144e-02 2.415329e-05 -2.225508e-05 -1.433438e-05 3.326317e-05
11556.800000 8.135866e-01 1.901313e-02 2.552004e-02 6.539957e-02 2.078596e-05 -3.075770e-05 -7.869851e-06 4.407219e-05
11557.000000 8.099827e-01 1.886482e-02 2.491014e-02 6.315159e-02 3.537557e-05 -2.853203e-05 -1.390336e-05 5.811657e-05
11557.200000 8.143561e-01 1.898159e-02 2.520890e-02 6.296989e-02 2.376262e-05 -2.872848e-05 -3.365832e-06 6.172758e-05
11557.400000 8.134028e-01 1.887591e-02 2.476890e-02 6.493817e-02 3.141468e-05 -2.920897e-05 -3.138490e-05 5.479215e-05
11557.600000 8.137689e-01 1.901175e-02 2.443111e-02 6.426767e-02 3.778958e-05 -2.950055e-05 -3.036701e-05 6.625131e-05
11557.800000 8.088651e-01 1.882310e-02 2.404423e-02 6.301275e-02 4.366035e-05 -1.952860e-05 -1.959246e-05 6.183460e-05
11558.000000 8.158047e-01 1.908642e-02 2.412119e-02 6.753714e-02 3.286384e-05 -2.460009e-05 -1.966853e-05 6.805175e-05
11558.200000 8.071647e-01 1.881470e-02 2.350110e-02 6.681618e-02 3.203764e-05 -2.209818e-05 -1.517138e-05 6.468984e-05
11558.400000 8.124959e-01 1.900421e-02 2.343953e-02 6.677051e-02 2.155648e-05 -2.361775e-05 -8.471400e-06 5.542622e-05
11558.600000 8.133524e-01 1.891791e-02 2.318639e-02 6.556078e-02 2.955210e-05 -2.937247e-05 -1.626078e-05 5.291504e-05
11558.800000 8.109172e-01 1.889956e-02 2.300391e-02 6.797646e-02 2.666479e-05 -3.503807e-05 -1.889514e-05 5.734733e-05
11559.000000 8.097461e-01 1.879603e-02 2.241331e-02 6.683206e-02 3.130728e-05 -3.150968e-05 -3.425364e-05 5.607497e-05
11559.200000 8.155790e-01 1.897224e-02 2.225150e-02 7.112721e-02 3.130089e-05 -2.625750e-05 -2.211321e-05 3.821527e-05
11559.400000 8.069281e-01 1.877056e-02 2.176012e-02 7.024518e-02 3.496365e-05 -3.553679e-05 -1.834992e-05 4.857054e-05
11559.600000 8.167498e-01 1.896645e-02 2.157165e-02 7.043323e-02 2.538857e-05 -3.303787e-05 -2.027983e-05 6.144273e-05
11559.800000 8.136477e-01 1.893757e-02 2.107892e-02 7.206273e-02 3.002210e-05 -3.109411e-05 -7.751660e-06 6.764389e-05
11560.000000 8.148173e-01 1.884668e-02 2.049288e-02 7.006176e-02 3.620235e-05 -2.584368e-05 -1.088617e-05 6.167418e-05
11560.200000 8.191322e-01 1.906321e-02 2.017827e-02 7.322454e-02 3.956929e-05 -2.880546e-05 -1.062664e-05 6.665286e-05
11560.400000 8.065441e-01 1.868388e-02 1.952567e-02 7.190237e-02 4.929143e-05 -2.958965e-05 -1.247444e-05 5.727604e-05
11560.600000 8.157577e-01 1.893439e-02 1.930437e-02 7.553132e-02 3.751742e-05 -2.382182e-05 -6.091906e-06 5.248672e-05
11560.800000 8.131804e-01 1.888853e-02 1.869305e-02 7.517258e-02 3.184554e-05 -1.736403e-05 -1.080233e-05 6.176390e-05
11561.000000 8.165902e-01 1.895687e-02 1.828127e-02 7.662131e-02 3.365898e-05 -1.101333e-05 -1.790832e-05 6.597806e-05
11561.200000 8.091747e-01 1.882051e-02 1.756774e-02 7.950946e-02 2.739385e-05 -1.434169e-05 -1.243327e-05 7.399580e-05
11561.400000 8.108564e-01 1.879307e-02 1.704294e-02 7.894835e-02 4.404089e-05 -2.374010e-05 -1.437617e-05 7.343886e-05
11561.600000 8.119682e-01 1.879102e-02 1.660728e-02 8.096437e-02 3.651101e-05 -2.321482e-05 -1.564680e-05 6.416843e-05
11561.800000 8.134545e-01 1.893209e-02 1.584471e-02 8.304780e-02 2.803787e-05 -1.959328e-05 -1.489261e-05 6.224392e-05
11562.000000 8.125399e-01 1.885719e-02 1.525850e-02 8.397928e-02 3.619338e-05 -2.414231e-05 -1.296752e-05 7.049516e-05
11562.200000 8.110335e-01 1.879777e-02 1.428002e-02 8.700224e-02 3.354031e-05 -1.655572e-05 -1.267671e-05 6.371026e-05
11562.400000 8.103813e-01 1.886139e-02 1.359114e-02 8.883942e-02 3.529777e-05 -1.516936e-05 -1.704067e-05 5.580861e-05
11562.600000 8.081060e-01 1.880876e-02 1.309017e-02 9.035617e-02 4.119490e-05 -2.216558e-05 -9.692031e-06 6.936875e-05
11562.800000 8.141497e-01 1.892942e-02 1.247224e-02 9.231444e-02 2.997129e-05 -3.888791e-05 5.171728e-06 6.410685e-05
11563.000000 8.146037e-01 1.895910e-02 1.171570e-02 9.738189e-02 2.808638e-05 -3.422822e-05 -9.766836e-06 4.958429e-05
11563.200000 8.107443e-01 1.884047e-02 1.102732e-02 9.736989e-02 3.322958e-05 -2.519684e-05 -1.064593e-05 5.572032e-05
11563.400000 8.097855e-01 1.878488e-02 1.029838e-02 9.935779e-02 4.611847e-05 -1.993120e-05 -1.060236e-05 5.946888e-05
11563.600000 8.150919e-01 1.893691e-02 9.635062e-03 1.034878e-01 4.415374e-05 -2.395582e-05 -1.704819e-06 6.466215e-05
11563.800000 8.106192e-01 1.882276e-02 9.463051e-03 1.076855e-01 3.941181e-05 -2.393695e-05 -1.131597e-05 6.310733e-05
11564.000000 8.129732e-01 1.888110e-02 8.568108e-03 1.102659e-01 3.839474e-05 -1.675810e-05 -2.584107e-05 5.826656e-05
11564.200000 8.121562e-01 1.880986e-02 7.932524e-03 1.133880e-01 3.680810e-05 -1.560841e-05 -6.202102e-06 7.388378e-05
11564.400000 8.119542e-01 1.879441e-02 7.347437e-03 1.168843e-01 3.730534e-05 -1.426299e-05 -6.830295e-06 6.278428e-05
11564.600000 8.124692e-01 1.883767e-02 7.152770e-03 1.203468e-01 3.249404e-05 -1.468666e-05 -1.093594e-05 5.486869e-05
11564.800000 8.094210e-01 1.869344e-02 6.778095e-03 1.220694e-01 3.169360e-05 -1.566904e-05 -1.316409e-05 4.966134e-05
11565.000000 8.115550e-01 1.874600e-02 6.252004e-03 1.267753e-01 3.326778e-05 -1.026911e-05 -1.487998e-05 3.802691e-05
11565.200000 8.112001e-01 1.872522e-02 5.961076e-03 1.291127e-01 2.990631e-05 -8.489989e-06 -9.884242e-06 4.804875e-05
11565.400000 8.121572e-01 1.871939e-02 5.639049e-03 1.342561e-01 2.152917e-05 -6.163817e-06 -3.011056e-05 4.881555e-05
11565.600000 8.106117e-01 1.870698e-02 5.304490e-03 1.371476e-01 2.407010e-05 2.019178e-06 -2.306751e-05 4.963351e-05
11565.800000 8.116910e-01 1.873176e-02 5.275472e-03 1.384055e-01 2.343234e-05 -2.418781e-06 -1.144949e-05 5.335295e-05
11566.000000 8.113124e-01 1.866206e-02 4.963586e-03 1.403123e-01 3.070470e-05 -9.624737e-08 -8.511993e-06 5.990191e-05
11566.200000 8.126716e-01 1.873011e-02 4.886603e-03 1.451881e-01 3.340979e-05 1.911443e-06 -1.487165e-06 6.142437e-05
11566.400000 8.114731e-01 1.870393e-02 4.929666e-03 1.478800e-01 3.794059e-05 -7.086179e-06 1.684899e-06 7.498467e-05
11566.600000 8.072357e-01 1.857542e-02 5.132014e-03 1.478014e-01 3.517391e-05 -1.585268e-05 4.665176e-06 6.538395e-05
11566.800000 8.147857e-01 1.873683e-02 4.951573e-03 1.499187e-01 2.241822e-05 -1.414541e-05 -3.727461e-07 6.290307e-05
11567.000000 8.047710e-01 1.854188e-02 4.763946e-03 1.497585e-01 2.078814e-05 -2.336288e-05 -1.235739e-06 5.715385e-05
11567.200000 8.136618e-01 1.872517e-02 4.937407e-03 1.518794e-01 2.942918e-05 -1.646666e-05 -1.281760e-05 4.765596e-05
11567.400000 8.112167e-01 1.869829e-02 4.936195e-03 1.529250e-01 3.091624e-05 -1.832047e-05 -1.880768e-05 4.222725e-05
11567.600000 8.120959e-01 1.870034e-02 4.804163e-03 1.532953e-01 3.697948e-05 -1.512335e-05 -2.839424e-05 2.922061e-05
11567.800000 8.113930e-01 1.870501e-02 4.933473e-03 1.542017e-01 4.147075e-05 -1.462523e-05 -2.125614e-05 6.916815e-05
11568.000000 8.118803e-01 1.870093e-02 5.195614e-03 1.538645e-01 4.265834e-05 -2.324595e-05 -2.412903e-05 6.607162e-05
11568.200000 8.113230e-01 1.872911e-02 5.074858e-03 1.535810e-01 3.619351e-05 -1.664736e-05 -3.132777e-05 6.407965e-05
11568.400000 8.110804e-01 1.874470e-02 5.302010e-03 1.534400e-01 3.712610e-05 -2.278721e-05 -2.871421e-05 5.555626e-05
11568.600000 8.098225e-01 1.867718e-02 5.396453e-03 1.533377e-01 4.493947e-05 -2.681475e-05 -2.378497e-05 5.582859e-05
11568.800000 8.101133e-01 1.869417e-02 5.523257e-03 1.543179e-01 3.454354e-05 -2.492872e-05 -1.886452e-05 4.258849e-05
11569.000000 8.110022e-01 1.871567e-02 5.570286e-03 1.529833e-01 3.711318e-05 -2.930210e-05 -2.608588e-05 3.195908e-05
11569.200000 8.110765e-01 1.874515e-02 5.514872e-03 1.533514e-01 2.831934e-05 -1.742204e-05 -3.021980e-05 4.881022e-05
11569.400000 8.123785e-01 1.880945e-02 5.578982e-03 1.529547e-01 2.268773e-05 -1.785224e-05 -2.148047e-05 5.625219e-05
11569.600000 8.051367e-01 1.860693e-02 5.687401e-03 1.490449e-01 2.261366e-05 -1.728286e-05 -8.636324e-06 4.870374e-05
11569.800000 8.098093e-01 1.868329e-02 5.764844e-03 1.506952e-01 2.722653e-05 -2.402982e-05 -1.917117e-05 4.671946e-05
11570.000000 8.109510e-01 1.869482e-02 5.761125e-03 1.494094e-01 2.432675e-05 -2.564133e-05 -2.730192e-05 2.980582e-05
11570.200000 8.112124e-01 1.876352e-02 5.954506e-03 1.484253e-01 2.510551e-05 -3.140845e-05 -2.424304e-05 1.468113e-05
11570.400000 8.104608e-01 1.872507e-02 6.217425e-03 1.475439e-01 3.333164e-05 -4.003915e-05 -1.641186e-05 4.172259e-05
11570.600000 8.078903e-01 1.863651e-02 6.167864e-03 1.467627e-01 3.246940e-05 -2.625148e-05 -1.426995e-05 4.843909e-05
11570.800000 8.120783e-01 1.875340e-02 6.239665e-03 1.478277e-01 3.046412e-05 -1.838282e-05 -1.842961e-05 1.853371e-05
11571.000000 8.110584e-01 1.872574e-02 6.223804e-03 1.447489e-01 3.098985e-05 -2.120807e-05 -1.580288e-05 2.830686e-05
11571.200000 8.087686e-01 1.867902e-02 6.305263e-03 1.426740e-01 2.557363e-05 -2.417501e-05 -2.124736e-05 2.428328e-05
11571.400000 8.106155e-01 1.869618e-02 6.575741e-03 1.431938e-01 2.280041e-05 -2.743358e-05 -1.312959e-05 4.230315e-05
11571.600000 8.096049e-01 1.864310e-02 6.206567e-03 1.404576e-01 2.148526e-05 -2.425944e-05 -4.373648e-06 4.638466e-05
11571.800000 8.111749e-01 1.871445e-02 6.494419e-03 1.413066e-01 2.077995e-05 -2.122483e-05 -1.276100e-05 4.904115e-05
11572.000000 8.112670e-01 1.870824e-02 6.718589e-03 1.402035e-01 1.546017e-05 -2.144384e-05 -1.450271e-05 5.084263e-05
11572.200000 8.090343e-01 1.865533e-02 6.740310e-03 1.382371e-01 2.106070e-05 -1.438906e-05 -1.122335e-05 5.056103e-05
11572.400000 8.101609e-01 1.870570e-02 7.022448e-03 1.383081e-01 3.239082e-05 -2.129544e-05 -6.173876e-06 4.991043e-05
11572.600000 8.100472e-01 1.872555e-02 6.853442e-03 1.381369e-01 3.490742e-05 -2.209980e-05 -1.119607e-05 4.706536e-05
11572.800000 8.113715e-01 1.877874e-02 7.082660e-03 1.378303e-01 3.194173e-05 -1.884135e-05 -2.833871e-05 4.370289e-05
11573.000000 8.091489e-01 1.873298e-02 7.003209e-03 1.362632e-01 2.138756e-05 -1.658379e-05 -3.824363e-05 5.699098e-05
11573.200000 8.096375e-01 1.876540e-02 6.850209e-03 1.359966e-01 1.650676e-05 -1.029757e-05 -4.536455e-05 4.579112e-05
11573.400000 8.097565e-01 1.876181e-02 6.768850e-03 1.345848e-01 2.617356e-05 -1.989513e-05 -4.384577e-05 4.364238e-05
11573.600000 8.106366e-01 1.882201e-02 6.903918e-03 1.348038e-01 2.504735e-05 -2.477194e-05 -2.701195e-05 4.648453e-05
11573.800000 8.108997e-01 1.885861e-02 7.034260e-03 1.347865e-01 2.899122e-05 -2.540853e-05 -2.637545e-05 3.808931e-05
11574.000000 8.108848e-01 1.884652e-02 7.040872e-03 1.341464e-01 3.713778e-05 -2.380222e-05 -3.385294e-05 4.893139e-05
11574.200000 8.103643e-01 1.889563e-02 7.021045e-03 1.337366e-01 3.244365e-05 -2.312998e-05 -2.586180e-05 6.245653e-05
11574.400000 8.095269e-01 1.887015e-02 7.057290e-03 1.332547e-01 3.764929e-05 -1.207820e-05 -3.040039e-05 5.564143e-05
11574.600000 8.104207e-01 1.892995e-02 7.138242e-03 1.320255e-01 3.015482e-05 -1.937867e-05 -2.290000e-05 4.753146e-05
11574.800000 8.102866e-01 1.893262e-02 7.094793e-03 1.307327e-01 3.404766e-05 -1.987031e-05 -1.942523e-05 4.822814e-05
11575.000000 8.100815e-01 1.893312e-02 7.183117e-03 1.311168e-01 3.713187e-05 -2.123378e-05 -1.691339e-05 4.036333e-05
11575.200000 8.093975e-01 1.892570e-02 7.308438e-03 1.304452e-01 3.271295e-05 -2.393901e-05 -6.743332e-06 4.555674e-05
11575.400000 8.095103e-01 1.898842e-02 7.265938e-03 1.310644e-01 3.427184e-05 -1.964561e-05 8.405106e-06 5.714664e-05
11575.600000 8.096343e-01 1.891685e-02 7.153016e-03 1.301742e-01 4.605648e-05 -1.745291e-05 6.301666e-06 6.960169e-05
11575.800000 8.122670e-01 1.904039e-02 7.295302e-03 1.300041e-01 3.662457e-05 -1.724685e-05 3.256991e-06 7.103939e-05
11576.000000 8.082463e-01 1.895725e-02 7.375722e-03 1.297002e-01 4.283324e-05 -3.330595e-06 -3.488489e-06 7.187185e-05
11576.200000 8.110619e-01 1.901902e-02 7.392569e-03 1.303029e-01 3.392770e-05 -9.410377e-06 1.136198e-05 7.751556e-05
11576.400000 8.101866e-01 1.901928e-02 7.266545e-03 1.295262e-01 3.512531e-05 -2.486773e-05 -1.057137e-06 7.201415e-05
11576.600000 8.097004e-01 1.904499e-02 7.123120e-03 1.298537e-01 2.811146e-05 -1.980814e-05 -1.054820e-05 7.781335e-05
11576.800000 8.096035e-01 1.899890e-02 7.213042e-03 1.292787e-01 3.536035e-05 -1.691496e-05 -2.116067e-05 7.690565e-05
11577.000000 8.099571e-01 1.904440e-02 7.202946e-03 1.300492e-01 3.468098e-05 -7.469499e-06 -1.333364e-05 7.777604e-05
11577.200000 8.097258e-01 1.903322e-02 7.128744e-03 1.296974e-01 3.301662e-05 -1.542539e-05 -2.835175e-05 7.303519e-05
11577.400000 8.091258e-01 1.907971e-02 7.187742e-03 1.293656e-01 3.707775e-05 -1.497020e-05 -3.011393e-05 7.454518e-05
11577.600000 8.101007e-01 1.909366e-02 7.206783e-03 1.291752e-01 3.662752e-05 -1.551401e-05 -2.781642e-05 7.699261e-05
11577.800000 8.107508e-01 1.913250e-02 7.127157e-03 1.286041e-01 2.681599e-05 -2.097226e-05 -1.688157e-05 7.389724e-05
11578.000000 8.052453e-01 1.901482e-02 7.049688e-03 1.278788e-01 2.660303e-05 -2.062452e-05 -1.076512e-05 7.079840e-05
11578.200000 8.096668e-01 1.913926e-02 7.053671e-03 1.272016e-01 3.869270e-05 -3.294361e-05 -5.268966e-06 6.264906e-05
11578.400000 8.094103e-01 1.916114e-02 7.051000e-03 1.287451e-01 3.578443e-05 -4.341180e-05 -1.973699e-05 6.698716e-05
11578.600000 8.096298e-01 1.915225e-02 7.031338e-03 1.295775e-01 3.554345e-05 -3.092379e-05 -2.492786e-05 7.725173e-05
11578.800000 8.101346e-01 1.915683e-02 7.017810e-03 1.294741e-01 3.327329e-05 -3.707446e-05 -2.881561e-05 6.864657e-05
11579.000000 8.092851e-01 1.909127e-02 6.970481e-03 1.300192e-01 2.884530e-05 -3.831862e-05 -1.808180e-05 5.966074e-05
11579.200000 8.086780e-01 1.912284e-02 7.075817e-03 1.292571e-01 1.934490e-05 -3.021358e-05 -1.668026e-05 5.298024e-05
11579.400000 8.065189e-01 1.914764e-02 6.850676e-03 1.283375e-01 1.951328e-05 -3.335828e-05 -2.252031e-05 6.649305e-05
11579.600000 8.117802e-01 1.924455e-02 7.005327e-03 1.288497e-01 2.443007e-05 -4.222960e-05 -3.321453e-05 5.601131e-05
11579.800000 8.093429e-01 1.915324e-02 7.058040e-03 1.287941e-01 3.626499e-05 -3.923165e-05 -2.995919e-05 5.779859e-05
11580.000000 8.076680e-01 1.911179e-02 7.195437e-03 1.287566e-01 4.145214e-05 -3.321966e-05 -4.372772e-05 3.665260e-05
11580.200000 8.093895e-01 1.918786e-02 6.784026e-03 1.298326e-01 3.330251e-05 -2.902488e-05 -2.721357e-05 4.120068e-05
11580.400000 8.093624e-01 1.918717e-02 6.754469e-03 1.293123e-01 2.841900e-05 -2.246700e-05 -2.388736e-05 6.184918e-05
11580.600000 8.082008e-01 1.915720e-02 6.717166e-03 1.292067e-01 2.352076e-05 -2.750283e-05 -3.028379e-05 6.258914e-05
11580.800000 8.085133e-01 1.917799e-02 6.919597e-03 1.281083e-01 1.255677e-05 -2.662993e-05 -4.002617e-05 5.511415e-05
11581.000000 8.094166e-01 1.925783e-02 7.147914e-03 1.295598e-01 1.063352e-05 -2.791806e-05 -1.806129e-05 6.337156e-05
11581.200000 8.078641e-01 1.918708e-02 6.902046e-03 1.278661e-01 2.104332e-05 -3.285605e-05 -9.631901e-06 7.603203e-05
11581.400000 8.040095e-01 1.908951e-02 6.680551e-03 1.297149e-01 1.633446e-05 -3.577278e-05 -2.160710e-05 6.756931e-05
11581.600000 8.113859e-01 1.931932e-02 7.006330e-03 1.300148e-01 1.984879e-05 -2.766160e-05 -1.770858e-05 6.760878e-05
11581.800000 8.101232e-01 1.929092e-02 7.043365e-03 1.294873e-01 2.412736e-05 -2.968273e-05 -2.095850e-05 6.904555e-05
11582.000000 8.078761e-01 1.923655e-02 7.145668e-03 1.292184e-01 2.108606e-05 -3.348115e-05 -2.732603e-05 5.286052e-05
11582.200000 8.085141e-01 1.927128e-02 6.963458e-03 1.281900e-01 1.814780e-05 -3.054241e-05 -4.521564e-06 5.633311e-05
11582.400000 8.098758e-01 1.932350e-02 7.146562e-03 1.299098e-01 2.080930e-05 -3.386021e-05 -1.269244e-05 5.346518e-05
11582.600000 8.053577e-01 1.919195e-02 7.112193e-03 1.277797e-01 1.665005e-05 -2.493864e-05 -2.635684e-05 4.823689e-05
11582.800000 8.090391e-01 1.926817e-02 7.217531e-03 1.293863e-01 2.408724e-05 -2.631807e-05 -2.039457e-05 6.729120e-05
11583.000000 8.102215e-01 1.930559e-02 7.007668e-03 1.295560e-01 2.457205e-05 -2.891514e-05 -4.175111e-05 6.220359e-05
11583.200000 8.063382e-01 1.920028e-02 7.080865e-03 1.298615e-01 3.353675e-05 -3.294080e-05 -2.557230e-05 6.815755e-05
11583.400000 8.099284e-01 1.927723e-02 7.172099e-03 1.282536e-01 3.824090e-05 -2.705125e-05 -1.862052e-05 5.385812e-05
11583.600000 8.094536e-01 1.927139e-02 7.265664e-03 1.291791e-01 3.256112e-05 -2.801174e-05 -3.009097e-05 6.236395e-05
11583.800000 8.089499e-01 1.929913e-02 7.185902e-03 1.291480e-01 2.638784e-05 -2.420173e-05 -4.643478e-05 4.807358e-05
11584.000000 8.067835e-01 1.923221e-02 7.259612e-03 1.293164e-01 4.157448e-05 -2.292689e-05 -2.745579e-05 6.702996e-05
11584.200000 8.103321e-01 1.935236e-02 7.331010e-03 1.276807e-01 4.215199e-05 -3.358175e-05 -2.341552e-05 6.754428e-05
11584.400000 8.061157e-01 1.920398e-02 7.258400e-03 1.279918e-01 3.104060e-05 -2.906532e-05 -1.975485e-05 7.016837e-05
11584.600000 8.099545e-01 1.931197e-02 7.361122e-03 1.277464e-01 3.492201e-05 -1.970149e-05 -2.129815e-05 5.619790e-05
11584.800000 8.073023e-01 1.922967e-02 7.259740e-03 1.276670e-01 4.399768e-05 -1.816455e-05 -2.150723e-05 6.054709e-05
11585.000000 8.086899e-01 1.930968e-02 7.416260e-03 1.289410e-01 3.822437e-05 -2.119250e-05 -1.990581e-05 7.206438e-05
11585.200000 8.067448e-01 1.923987e-02 7.447267e-03 1.270221e-01 3.936207e-05 -2.633132e-05 -3.317354e-05 6.206039e-05
11585.400000 8.073818e-01 1.926592e-02 7.449433e-03 1.274077e-01 3.900969e-05 -2.531231e-05 -3.953094e-05 6.457269e-05
11585.600000 8.120851e-01 1.939245e-02 7.454555e-03 1.293431e-01 3.432767e-05 -1.482108e-05 -3.224498e-05 6.913328e-05
11585.800000 8.080602e-01 1.933608e-02 7.557749e-03 1.273690e-01 3.706253e-05 -2.124078e-05 -2.872693e-05 6.606005e-05
11586.000000 8.112838e-01 1.942266e-02 7.562048e-03 1.279519e-01 2.759884e-05 -2.403404e-05 -2.527528e-05 7.318304e-05
11586.200000 8.091211e-01 1.941678e-02 7.615418e-03 1.272437e-01 3.291658e-05 -2.125526e-05 -3.619945e-05 7.677025e-05
11586.400000 8.073023e-01 1.938172e-02 7.525205e-03 1.289234e-01 2.774521e-05 -3.335734e-05 -3.172200e-05 6.732595e-05
11586.600000 8.086055e-01 1.941812e-02 7.445305e-03 1.280911e-01 1.884267e-05 -3.178420e-05 -4.247625e-05 5.420398e-05
11586.800000 8.095287e-01 1.940672e-02 7.421146e-03 1.274485e-01 2.744720e-05 -3.103562e-05 -4.754991e-05 5.870098e-05
11587.000000 8.080599e-01 1.941978e-02 7.403212e-03 1.290273e-01 2.889893e-05 -3.129268e-05 -3.092971e-05 6.288761e-05
11587.200000 8.105666e-01 1.944936e-02 7.337977e-03 1.280301e-01 3.972296e-05 -2.985759e-05 -3.568323e-05 5.580418e-05
11587.400000 8.065775e-01 1.942831e-02 7.505755e-03 1.273388e-01 4.118110e-05 -3.897257e-05 -4.162240e-05 4.732397e-05
11587.600000 8.078822e-01 1.944556e-02 7.426333e-03 1.272592e-01 5.048992e-05 -3.952717e-05 -2.534512e-05 6.112256e-05
11587.800000 8.070687e-01 1.941247e-02 7.347003e-03 1.286005e-01 5.234452e-05 -3.956269e-05 -2.974132e-05 6.258477e-05
11588.000000 8.035357e-01 1.934600e-02 7.332815e-03 1.276758e-01 4.535172e-05 -3.399912e-05 -3.403590e-05 5.699601e-05
11588.200000 8.094498e-01 1.945773e-02 7.284192e-03 1.285448e-01 5.363758e-05 -2.311004e-05 -2.022812e-05 6.559158e-05
11588.400000 8.089921e-01 1.942576e-02 7.438288e-03 1.301526e-01 5.140467e-05 -2.319288e-05 -1.811375e-05 6.541276e-05
11588.600000 8.014886e-01 1.926841e-02 7.405442e-03 1.275606e-01 5.182224e-05 -3.090481e-05 -2.341487e-05 5.577842e-05
11588.800000 8.050998e-01 1.936625e-02 7.214518e-03 1.281657e-01 4.494086e-05 -3.241505e-05 -3.348887e-05 4.813711e-05
11589.000000 8.094605e-01 1.944022e-02 7.388856e-03 1.292893e-01 4.212392e-05 -2.319881e-05 -2.190977e-05 5.345826e-05
11589.200000 8.083766e-01 1.943509e-02 7.244964e-03 1.300151e-01 3.895870e-05 -1.883251e-05 -1.849752e-05 4.047394e-05
11589.400000 8.081018e-01 1.945387e-02 7.557873e-03 1.288254e-01 3.577091e-05 -2.654261e-05 -2.630031e-05 3.618308e-05
11589.600000 8.022465e-01 1.929895e-02 7.359115e-03 1.292715e-01 3.634300e-05 -2.818810e-05 -3.347561e-05 3.558734e-05
11589.800000 8.077666e-01 1.942816e-02 7.350999e-03 1.296414e-01 2.664918e-05 -2.943130e-05 -2.008682e-05 5.004369e-05
11590.000000 8.093618e-01 1.939470e-02 7.137671e-03 1.304959e-01 3.671903e-05 -3.334266e-05 -6.976990e-06 5.149284e-05
11590.200000 8.069890e-01 1.939492e-02 7.142134e-03 1.291545e-01 2.975249e-05 -3.318684e-05 -2.440495e-05 4.284381e-05
11590.400000 8.081882e-01 1.946191e-02 7.190374e-03 1.296012e-01 3.543181e-05 -4.245106e-05 -3.519114e-05 4.617906e-05
11590.600000 8.003544e-01 1.923515e-02 6.973083e-03 1.296748e-01 4.058869e-05 -3.508090e-05 -2.507018e-05 5.701298e-05
11590.800000 8.028717e-01 1.933356e-02 7.119935e-03 1.300145e-01 3.843076e-05 -3.332313e-05 -2.312652e-05 5.338633e-05
11591.000000 8.072549e-01 1.946984e-02 7.166936e-03 1.305985e-01 3.989379e-05 -4.100200e-05 -3.443494e-05 5.338177e-05
11591.200000 8.094882e-01 1.945620e-02 7.035721e-03 1.304519e-01 4.354656e-05 -3.879464e-05 -3.197059e-05 4.069955e-05
11591.400000 8.011548e-01 1.921810e-02 6.785282e-03 1.308130e-01 5.230502e-05 -3.980067e-05 -2.338309e-05 5.351431e-05
11591.600000 8.116712e-01 1.953961e-02 7.023631e-03 1.325751e-01 5.085218e-05 -3.270149e-05 -1.716970e-05 5.498897e-05
11591.800000 8.033579e-01 1.932489e-02 6.990286e-03 1.318269e-01 5.768225e-05 -3.664750e-05 -1.539825e-05 6.065906e-05
11592.000000 8.048283e-01 1.936472e-02 6.978259e-03 1.311227e-01 6.122126e-05 -3.412559e-05 -4.241113e-05 2.590369e-05
11592.200000 8.075262e-01 1.944230e-02 6.912642e-03 1.305402e-01 4.903971e-05 -2.749919e-05 -3.563413e-05 3.798543e-05
11592.400000 8.099035e-01 1.942960e-02 6.842218e-03 1.321035e-01 5.369959e-05 -2.451055e-05 -9.168651e-06 7.432224e-05
11592.600000 8.075697e-01 1.941387e-02 6.920370e-03 1.327839e-01 6.602940e-05 -2.645616e-05 -1.522543e-05 6.791287e-05
11592.800000 8.141279e-01 1.958978e-02 6.851595e-03 1.338425e-01 5.675160e-05 -3.226486e-05 -3.124014e-05 6.148866e-05
11593.000000 8.019535e-01 1.928622e-02 6.924998e-03 1.308384e-01 4.637035e-05 -2.659096e-05 -3.637768e-05 5.646963e-05
11593.200000 8.074168e-01 1.946446e-02 6.671425e-03 1.340706e-01 3.881697e-05 -2.793465e-05 -3.422148e-05 6.283474e-05
11593.400000 8.019165e-01 1.930005e-02 6.699425e-03 1.322123e-01 4.808796e-05 -2.265392e-05 -2.979371e-05 5.643553e-05
11593.600000 8.091572e-01 1.948105e-02 6.560301e-03 1.321202e-01 3.757824e-05 -2.419223e-05 -3.290399e-06 7.002182e-05
11593.800000 8.041756e-01 1.938667e-02 6.582089e-03 1.334805e-01 4.543843e-05 -3.087157e-05 -5.737807e-06 7.641705e-05
11594.000000 8.062170e-01 1.940482e-02 6.690039e-03 1.320484e-01 5.050956e-05 -3.175987e-05 -1.215946e-05 6.752914e-05
11594.200000 8.025559e-01 1.938672e-02 6.527154e-03 1.344013e-01 4.113088e-05 -2.680315e-05 -1.921714e-05 6.859327e-05
11594.400000 8.097538e-01 1.949583e-02 6.480462e-03 1.343982e-01 5.741728e-05 -2.250653e-05 -2.089335e-05 6.618693e-05
11594.600000 8.061359e-01 1.946642e-02 6.264834e-03 1.322446e-01 4.784710e-05 -2.261767e-05 -2.031391e-05 6.731776e-05
11594.800000 8.054857e-01 1.947829e-02 6.502668e-03 1.324828e-01 4.640288e-05 -1.189279e-05 -1.958271e-05 6.310264e-05
11595.000000 8.038543e-01 1.943711e-02 6.549749e-03 1.323815e-01 5.249477e-05 -9.467106e-06 -1.784407e-05 6.547540e-05
11595.200000 8.083696e-01 1.964023e-02 6.673089e-03 1.346474e-01 4.904526e-05 -1.769007e-05 -1.501697e-05 5.969034e-05
11595.400000 8.011643e-01 1.939316e-02 6.362626e-03 1.308417e-01 5.748737e-05 -1.661022e-05 -5.627922e-07 7.473201e-05
11595.600000 8.077537e-01 1.967101e-02 6.462065e-03 1.329272e-01 4.024675e-05 -1.831789e-05 -6.380356e-06 8.691572e-05
11595.800000 8.013875e-01 1.939040e-02 6.720129e-03 1.329105e-01 5.416827e-05 -2.466989e-05 -1.221083e-05 6.379848e-05
11596.000000 8.076932e-01 1.968721e-02 6.640831e-03 1.335953e-01 5.301137e-05 -1.438830e-05 -1.795896e-05 3.288331e-05
11596.200000 8.053611e-01 1.949597e-02 6.670310e-03 1.326599e-01 5.681586e-05 -1.111206e-05 -2.682878e-05 7.150888e-05
11596.400000 8.058171e-01 1.966064e-02 6.752618e-03 1.331201e-01 3.939016e-05 -1.124548e-05 -3.332801e-05 7.206269e-05
11596.600000 8.064467e-01 1.954251e-02 6.483041e-03 1.345829e-01 5.183572e-05 -1.253714e-05 -2.370515e-05 6.054614e-05
11596.800000 8.022505e-01 1.960876e-02 6.722045e-03 1.329974e-01 5.150180e-05 -7.959083e-06 -1.459520e-05 4.639043e-05
11597.000000 8.045922e-01 1.963159e-02 6.808927e-03 1.341641e-01 4.940461e-05 -2.363652e-05 -1.449937e-05 3.735314e-05
11597.700000 8.056285e-01 1.966935e-02 6.808375e-03 1.335253e-01 5.565566e-05 -3.155272e-05 -2.975485e-05 6.371415e-05
11598.400000 8.047396e-01 1.961841e-02 6.912791e-03 1.340933e-01 5.511673e-05 -2.957011e-05 -2.110716e-05 5.588077e-05
11599.100000 8.049223e-01 1.963536e-02 7.017233e-03 1.336853e-01 5.118723e-05 -2.696675e-05 -1.081049e-05 6.225037e-05
11599.800000 8.053730e-01 1.966318e-02 7.080427e-03 1.349279e-01 5.387140e-05 -2.600999e-05 -1.307621e-05 6.192682e-05
11600.500000 8.043102e-01 1.966745e-02 7.245748e-03 1.360056e-01 5.068248e-05 -1.922065e-05 -1.322719e-05 6.375795e-05
11601.200000 8.044368e-01 1.968735e-02 7.186356e-03 1.369119e-01 4.820102e-05 -2.630176e-05 -7.207412e-06 6.630564e-05
11601.900000 8.037048e-01 1.970205e-02 7.227703e-03 1.393030e-01 6.039288e-05 -2.852593e-05 -1.845717e-05 5.659411e-05
11602.600000 8.041074e-01 1.974752e-02 7.256209e-03 1.422107e-01 6.738123e-05 -2.947741e-05 -9.634471e-06 5.792474e-05
11603.300000 8.028062e-01 1.974075e-02 7.250635e-03 1.461981e-01 6.573298e-05 -2.757561e-05 -1.587288e-05 6.563429e-05
11604.993695 8.031811e-01 1.981024e-02 7.364535e-03 1.560829e-01 6.229723e-05 -2.966545e-05 7.397062e-06 6.290075e-05
11605.999583 8.035846e-01 1.980526e-02 7.431507e-03 1.619944e-01 5.980928e-05 -2.942285e-05 9.258446e-06 6.817382e-05
11607.017662 8.030165e-01 1.978095e-02 7.525776e-03 1.682289e-01 5.168706e-05 -3.225689e-05 -5.354895e-06 6.256508e-05
11608.047933 8.030230e-01 1.975670e-02 7.623433e-03 1.736705e-01 5.371096e-05 -3.446331e-05 9.217577e-06 6.263600e-05
11609.090396 8.032436e-01 1.971079e-02 7.547422e-03 1.781723e-01 5.822300e-05 -2.023214e-05 7.121289e-06 6.207500e-05
11610.145051 8.028823e-01 1.970635e-02 7.481289e-03 1.804263e-01 5.027955e-05 -2.188152e-05 -2.914996e-06 7.468215e-05
11611.211898 8.024935e-01 1.969353e-02 7.388713e-03 1.820026e-01 4.555884e-05 -3.041053e-05 -3.551447e-06 5.871038e-05
11612.290937 8.023682e-01 1.970820e-02 7.346075e-03 1.831521e-01 5.323967e-05 -3.453498e-05 -3.575424e-06 7.536542e-05
11613.382167 8.024824e-01 1.969856e-02 7.180754e-03 1.861985e-01 4.367480e-05 -3.049921e-05 -9.518211e-06 4.896572e-05
11614.485590 8.024607e-01 1.976492e-02 7.097954e-03 1.894281e-01 3.793148e-05 -3.634597e-05 -1.173003e-05 4.199128e-05
11615.601204 8.019669e-01 1.988069e-02 6.987448e-03 1.901036e-01 4.241838e-05 -3.230324e-05 -1.592848e-05 7.581303e-05
11616.729011 8.011652e-01 1.994237e-02 6.920348e-03 1.907561e-01 3.762765e-05 -3.296385e-05 -1.909572e-05 8.162022e-05
11617.869009 8.007570e-01 2.001445e-02 7.008225e-03 1.891542e-01 3.500760e-05 -3.809942e-05 4.394859e-07 8.099251e-05
11619.021199 8.010063e-01 2.003547e-02 6.829302e-03 1.850529e-01 3.074238e-05 -3.991353e-05 -2.153015e-05 6.678720e-05
11620.185582 8.000662e-01 2.000817e-02 6.824356e-03 1.782766e-01 3.017552e-05 -3.888861e-05 -2.167648e-05 7.234953e-05
11621.362156 8.002427e-01 2.002685e-02 6.872976e-03 1.728646e-01 2.480269e-05 -3.427875e-05 -1.982239e-05 6.519657e-05
11622.550922 8.001456e-01 2.007757e-02 6.892358e-03 1.658716e-01 3.277867e-05 -3.566619e-05 -2.272190e-05 6.046100e-05
11623.751879 7.997465e-01 2.007470e-02 6.917100e-03 1.593573e-01 4.228355e-05 -2.925362e-05 -4.502454e-06 5.537505e-05
11624.965029 8.000152e-01 2.011123e-02 6.966266e-03 1.526826e-01 4.161508e-05 -2.221270e-05 -7.671020e-06 5.847940e-05
11626.190371 7.997084e-01 2.011148e-02 7.055788e-03 1.467982e-01 3.833397e-05 -2.652229e-05 -2.701831e-05 6.119584e-05
11627.427904 7.996203e-01 2.008804e-02 7.125803e-03 1.430046e-01 3.350014e-05 -2.424171e-05 -1.545240e-05 5.577569e-05
11628.677630 7.991835e-01 2.005045e-02 7.141773e-03 1.405010e-01 4.048456e-05 -2.327395e-05 -1.927653e-05 4.172931e-05
11629.939547 7.993952e-01 2.010407e-02 7.093515e-03 1.370127e-01 3.806408e-05 -2.221395e-05 -1.949701e-05 5.828898e-05
11631.213657 7.979255e-01 2.010604e-02 7.212607e-03 1.358700e-01 3.602375e-05 -1.821019e-05 -3.141097e-05 6.664970e-05
11632.499958 7.991368e-01 2.015747e-02 7.210183e-03 1.341286e-01 3.040353e-05 -1.942907e-05 -2.675354e-05 7.197165e-05
11633.798451 7.984041e-01 2.006502e-02 7.256460e-03 1.330723e-01 3.574032e-05 -1.574742e-05 -2.378779e-05 6.240737e-05
11635.109136 7.983243e-01 1.999725e-02 7.222188e-03 1.332922e-01 3.049900e-05 -1.537612e-05 -1.992541e-05 5.857400e-05
11636.432013 7.984346e-01 2.006889e-02 7.302031e-03 1.328334e-01 2.707122e-05 -1.677708e-05 -1.183243e-05 6.651366e-05
11637.767082 7.981344e-01 2.011704e-02 7.275630e-03 1.314696e-01 1.850214e-05 -1.707178e-05 -1.753435e-05 6.878992e-05
11639.114342 7.964957e-01 2.013247e-02 7.344125e-03 1.315882e-01 2.085982e-05 -3.081276e-05 -2.623890e-05 7.006099e-05
11640.473795 7.966575e-01 2.017603e-02 7.600549e-03 1.315219e-01 3.360063e-05 -2.598040e-05 1.359555e-06 7.225337e-05
11641.845440 7.971130e-01 2.025721e-02 7.541849e-03 1.308462e-01 3.061155e-05 -3.028983e-05 1.071320e-06 8.083484e-05
11643.229276 7.961633e-01 2.035627e-02 7.685404e-03 1.310974e-01 2.525893e-05 -2.048765e-05 -2.025786e-05 5.186753e-05
11644.625305 7.960006e-01 2.054939e-02 7.818697e-03 1.300181e-01 2.359737e-05 -2.323125e-05 -1.497103e-05 5.311491e-05
11646.033525 7.952127e-01 2.056098e-02 7.771108e-03 1.291207e-01 2.181225e-05 -2.317650e-05 -1.278234e-05 6.129971e-05
11647.453937 7.950421e-01 2.061553e-02 7.883049e-03 1.284817e-01 1.420328e-05 -2.758739e-05 -1.909895e-05 7.241389e-05
11648.886541 7.959256e-01 2.074983e-02 7.973981e-03 1.281204e-01 1.296932e-05 -2.672131e-05 -3.533946e-05 6.659855e-05
11650.331337 7.948324e-01 2.071209e-02 7.903769e-03 1.283581e-01 1.787493e-06 -2.746400e-05 -2.469150e-05 6.461905e-05
11651.788325 7.949501e-01 2.073252e-02 7.954576e-03 1.281268e-01 1.475766e-06 -3.632654e-05 -1.015038e-05 8.281231e-05
11653.257505 7.941734e-01 2.075954e-02 7.856519e-03 1.278376e-01 7.377361e-06 -3.694047e-05 -2.584110e-05 6.968516e-05
11654.738877 7.940188e-01 2.079272e-02 7.775681e-03 1.280233e-01 7.903113e-06 -3.155975e-05 -2.617571e-05 5.435335e-05
11656.232440 7.925243e-01 2.080386e-02 7.786634e-03 1.279485e-01 1.803035e-05 -2.286013e-05 -3.256191e-05 5.924053e-05
11657.738196 7.904220e-01 2.075222e-02 7.718412e-03 1.281307e-01 2.661099e-05 -2.176320e-05 -4.017269e-05 5.606085e-05
11659.256143 7.912213e-01 2.075291e-02 7.657776e-03 1.289693e-01 2.211872e-05 -1.456424e-05 -2.712077e-05 5.476019e-05
11660.786283 7.924516e-01 2.073855e-02 7.606532e-03 1.292594e-01 2.071450e-05 -1.597911e-05 -1.356759e-05 7.637232e-05
11662.328614 7.931631e-01 2.071689e-02 7.567957e-03 1.293643e-01 2.244459e-05 -1.671375e-05 -2.432368e-05 5.029014e-05
11663.883137 7.923022e-01 2.071692e-02 7.479211e-03 1.291039e-01 2.835653e-05 -1.804751e-05 -2.586820e-05 4.086444e-05
11665.449852 7.925353e-01 2.082181e-02 7.499817e-03 1.296583e-01 2.927894e-05 -2.523019e-05 -2.323535e-05 6.496220e-05
11667.028759 7.918466e-01 2.093554e-02 7.554860e-03 1.303222e-01 2.789227e-05 -2.833853e-05 -1.898677e-05 7.239397e-05
11668.619858 7.914977e-01 2.108295e-02 7.583203e-03 1.298847e-01 2.885136e-05 -2.012519e-05 -2.878874e-05 6.960941e-05
11670.223149 7.897050e-01 2.122109e-02 7.581535e-03 1.304423e-01 1.564214e-05 -1.250055e-05 -2.840768e-05 8.078045e-05
11671.838632 7.878314e-01 2.124499e-02 7.655710e-03 1.299674e-01 2.705996e-05 2.053056e-06 -2.854491e-05 8.309664e-05
11673.466307 7.886487e-01 2.131247e-02 7.688318e-03 1.290198e-01 2.897035e-05 -3.344028e-06 -2.991148e-05 8.844047e-05
11675.106173 7.910392e-01 2.138190e-02 7.698026e-03 1.299047e-01 2.940391e-05 -9.883897e-06 -2.150924e-05 9.597774e-05
11676.758232 7.913898e-01 2.145015e-02 7.717285e-03 1.309273e-01 2.202763e-05 -9.794994e-06 -2.416316e-05 7.813744e-05
11678.422482 7.917326e-01 2.158375e-02 7.854975e-03 1.304626e-01 1.291014e-05 -4.003455e-06 -1.155609e-05 5.700482e-05
11680.098924 7.900290e-01 2.171787e-02 7.853879e-03 1.302482e-01 1.445227e-05 -1.150684e-05 -2.330873e-05 7.786668e-05
11681.787558 7.892858e-01 2.178465e-02 7.795117e-03 1.301941e-01 9.972355e-06 -1.946902e-05 -1.690387e-05 8.827649e-05
11683.488385 7.892811e-01 2.172200e-02 7.818587e-03 1.305820e-01 1.704865e-05 -2.012030e-05 -1.663640e-05 9.029008e-05
11685.201403 7.905422e-01 2.176818e-02 7.738961e-03 1.297837e-01 1.826654e-05 -1.522171e-05 -2.323648e-05 7.465341e-05
11686.926613 7.900306e-01 2.186473e-02 7.691997e-03 1.295756e-01 1.506645e-05 -1.385310e-05 -8.228553e-06 9.179043e-05
11688.664014 7.884158e-01 2.196706e-02 7.796721e-03 1.302395e-01 2.789753e-05 -1.210668e-05 -1.456643e-05 9.472151e-05
11690.413608 7.882134e-01 2.214462e-02 7.792660e-03 1.300433e-01 3.333909e-05 -1.842826e-05 -2.641082e-05 7.381865e-05
11692.175394 7.878357e-01 2.230274e-02 7.985772e-03 1.299361e-01 2.403765e-05 -1.599329e-05 -2.352576e-05 8.393674e-05
11693.949371 7.875979e-01 2.244483e-02 8.061078e-03 1.305588e-01 1.952036e-05 -1.862572e-05 -3.067078e-05 9.389223e-05
11695.735541 7.879611e-01 2.251598e-02 7.966488e-03 1.303349e-01 2.631721e-05 -2.002387e-05 -2.300866e-05 9.316060e-05
11697.533902 7.871894e-01 2.258554e-02 8.131945e-03 1.294017e-01 2.511261e-05 -2.183808e-05 -2.975877e-05 8.874902e-05
11699.344455 7.862192e-01 2.254443e-02 8.284700e-03 1.296735e-01 2.207385e-05 -2.487741e-05 -2.727108e-05 9.802597e-05
11701.167201 7.861423e-01 2.254052e-02 8.308659e-03 1.293391e-01 1.909079e-05 -3.085570e-05 -2.508235e-05 8.503568e-05
11703.002138 7.828246e-01 2.247071e-02 8.373627e-03 1.279366e-01 2.086052e-05 -2.664370e-05 -1.132857e-05 8.424380e-05
11704.849267 7.837017e-01 2.257898e-02 8.495143e-03 1.283746e-01 2.821483e-05 -2.063264e-05 -2.406054e-05 8.782789e-05
11706.708588 7.848372e-01 2.259609e-02 8.629014e-03 1.276040e-01 3.714790e-05 -1.947717e-05 -2.173116e-05 8.853815e-05
11708.580100 7.853894e-01 2.254472e-02 8.587925e-03 1.283590e-01 3.186221e-05 -1.746369e-05 -2.878745e-05 8.873320e-05
11710.463805 7.845160e-01 2.253807e-02 8.561016e-03 1.281451e-01 3.461316e-05 -1.585345e-05 -1.289080e-05 9.490414e-05
11712.359702 7.836838e-01 2.247629e-02 8.535414e-03 1.282899e-01 3.011989e-05 -1.661973e-05 -1.614340e-05 8.198569e-05
11714.267790 7.841961e-01 2.242605e-02 8.504419e-03 1.275409e-01 2.437565e-05 -1.709659e-05 -2.223695e-05 6.379110e-05
11716.188071 7.819124e-01 2.244900e-02 8.380259e-03 1.275431e-01 2.601263e-05 -9.765390e-06 -2.132884e-05 5.232984e-05
11718.120543 7.827281e-01 2.274060e-02 8.470839e-03 1.286141e-01 2.159750e-05 -8.885870e-06 -1.205812e-05 7.965993e-05
11720.065207 7.828093e-01 2.292587e-02 8.426879e-03 1.290927e-01 2.554947e-05 -2.260821e-06 -1.208349e-05 9.180679e-05
11722.022064 7.820683e-01 2.299824e-02 8.394502e-03 1.298844e-01 2.716394e-05 -8.374738e-06 -2.020017e-05 9.040431e-05
11723.991112 7.824003e-01 2.303539e-02 8.383948e-03 1.285180e-01 2.584128e-05 -8.479666e-06 -3.725068e-05 8.490458e-05
11725.972352 7.819082e-01 2.318932e-02 8.411270e-03 1.294323e-01 1.631091e-05 -1.550481e-05 -2.918993e-05 8.641065e-05
11727.965784 7.819878e-01 2.336663e-02 8.397444e-03 1.297659e-01 9.617584e-06 -1.394735e-05 -7.804844e-06 8.006108e-05
11729.971407 7.808900e-01 2.337870e-02 8.335127e-03 1.294078e-01 3.320891e-06 -1.503241e-05 -1.316940e-05 7.905686e-05
11731.989223 7.810061e-01 2.336056e-02 8.356002e-03 1.296479e-01 1.418847e-06 -3.803124e-06 -6.917124e-06 7.681118e-05
11734.019231 7.808761e-01 2.336988e-02 8.325832e-03 1.296824e-01 5.723683e-06 -3.424451e-07 -1.558010e-05 7.611710e-05
11736.061430 7.794202e-01 2.340449e-02 8.382855e-03 1.293566e-01 1.607294e-05 -3.452126e-06 -1.391289e-05 7.092782e-05
11738.115822 7.785604e-01 2.356669e-02 8.437150e-03 1.303378e-01 1.703810e-05 -1.602077e-06 -1.603910e-05 6.321223e-05
11740.182405 7.774300e-01 2.364308e-02 8.515228e-03 1.299316e-01 1.881553e-05 -5.352149e-06 -1.737959e-05 7.088767e-05
11742.261180 7.757825e-01 2.365771e-02 8.523900e-03 1.290123e-01 1.870678e-05 -1.100634e-05 -1.727239e-05 7.135038e-05
11744.352148 7.756538e-01 2.369512e-02 8.492812e-03 1.295220e-01 2.053085e-05 -5.008746e-06 -1.384190e-05 7.339259e-05
11746.455307 7.785163e-01 2.390083e-02 8.570001e-03 1.301099e-01 1.507790e-05 5.839598e-06 -1.107836e-05 6.826866e-05
11748.570658 7.782060e-01 2.400242e-02 8.578817e-03 1.299617e-01 1.538647e-05 -5.071033e-06 -2.169900e-06 7.298665e-05
11750.698201 7.773896e-01 2.390390e-02 8.507887e-03 1.304965e-01 1.765580e-05 -1.998547e-06 -1.188569e-05 7.035671e-05
11752.837935 7.776304e-01 2.385065e-02 8.453716e-03 1.306830e-01 1.814498e-05 -1.695220e-06 -1.263954e-05 6.480696e-05
11754.989862 7.762746e-01 2.397398e-02 8.470413e-03 1.294076e-01 2.156853e-05 -1.297376e-06 -2.355572e-05 5.793882e-05
11757.153981 7.760934e-01 2.410506e-02 8.549887e-03 1.303121e-01 2.445251e-05 -8.369102e-06 -2.465238e-06 5.075093e-05
11759.330291 7.732982e-01 2.410221e-02 8.595388e-03 1.294929e-01 2.457532e-05 -6.031158e-06 -6.689978e-06 6.576473e-05
11761.518794 7.712789e-01 2.416901e-02 8.604736e-03 1.291607e-01 2.571436e-05 3.086504e-06 1.267511e-06 7.256190e-05
11763.719488 7.724974e-01 2.428885e-02 8.774598e-03 1.290318e-01 2.715250e-05 -2.772391e-06 -3.065432e-06 7.082785e-05
11765.932374 7.736999e-01 2.441880e-02 8.978401e-03 1.291478e-01 2.638334e-05 -4.880248e-06 -8.151037e-06 8.417718e-05
11768.157453 7.744025e-01 2.457358e-02 8.982124e-03 1.290078e-01 3.355672e-05 3.880118e-06 -8.991507e-06 9.291102e-05
11770.394723 7.725918e-01 2.453048e-02 9.015956e-03 1.287199e-01 3.633126e-05 4.986842e-06 -4.889675e-06 9.680515e-05
11772.644185 7.735912e-01 2.455794e-02 9.172597e-03 1.285586e-01 3.237231e-05 4.495094e-06 -1.147420e-08 9.524728e-05
11774.905838 7.708402e-01 2.449595e-02 9.193893e-03 1.293986e-01 3.235854e-05 1.132616e-05 -1.171666e-05 8.876563e-05
11777.179684 7.733359e-01 2.475010e-02 9.301135e-03 1.290113e-01 3.989814e-05 1.252746e-05 -1.429201e-06 7.701692e-05
11779.465722 7.703071e-01 2.483319e-02 9.278228e-03 1.283976e-01 3.420896e-05 -2.975242e-07 -3.109687e-06 4.848578e-05
11781.763952 7.697791e-01 2.488991e-02 9.313766e-03 1.300973e-01 2.869375e-05 -1.269459e-05 -1.606289e-05 7.336545e-05
11784.074373 7.717450e-01 2.505197e-02 9.369588e-03 1.325713e-01 3.237761e-05 -1.532209e-05 -1.776771e-05 7.575373e-05
11786.396987 7.689955e-01 2.506828e-02 9.367377e-03 1.318463e-01 3.631579e-05 -1.531815e-05 -2.559023e-05 7.342071e-05
11788.731792 7.699084e-01 2.516786e-02 9.397832e-03 1.324719e-01 3.144009e-05 -1.404520e-05 -1.520711e-05 8.209128e-05
11791.078789 7.676927e-01 2.517560e-02 9.386012e-03 1.313911e-01 2.560658e-05 -1.573470e-05 -1.262234e-05 7.727132e-05
11793.437978 7.680977e-01 2.521756e-02 9.546769e-03 1.345649e-01 1.752500e-05 -1.452508e-05 -1.932977e-05 7.627969e-05
11795.809359 7.633640e-01 2.509903e-02 9.352834e-03 1.402599e-01 2.377890e-05 -8.746605e-06 -2.810747e-05 7.105697e-05
11798.192932 7.632366e-01 2.511416e-02 9.330727e-03 1.493900e-01 2.018859e-05 -8.998871e-06 -1.652651e-05 6.823732e-05
11800.588697 7.659787e-01 2.511150e-02 9.377156e-03 1.616701e-01 1.828532e-05 -5.617781e-06 -2.182537e-05 6.193511e-05
11802.996654 7.658925e-01 2.495449e-02 9.246455e-03 1.638754e-01 2.128057e-05 -8.603998e-06 -1.820162e-05 6.859821e-05
11805.416803 7.683185e-01 2.496781e-02 9.143903e-03 1.589926e-01 2.640896e-05 -9.553006e-06 -2.470549e-05 5.623007e-05
11807.849143 7.673832e-01 2.493011e-02 9.045784e-03 1.519142e-01 2.430023e-05 -1.453548e-05 -1.565350e-05 5.350347e-05
11810.293676 7.647818e-01 2.508838e-02 9.078400e-03 1.443402e-01 2.387130e-05 -1.154829e-05 -1.717750e-05 4.959798e-05
11812.750400 7.647184e-01 2.536618e-02 9.103340e-03 1.395729e-01 2.747120e-05 -1.634113e-05 -1.892348e-05 5.744872e-05
11815.219317 7.639485e-01 2.553281e-02 9.130537e-03 1.361618e-01 2.752485e-05 -2.353079e-05 -1.949129e-05 3.830971e-05
11817.700425 7.645143e-01 2.571258e-02 9.202761e-03 1.333773e-01 1.643211e-05 -2.651303e-05 -1.665782e-05 8.361557e-05
11820.193725 7.637157e-01 2.572792e-02 9.227284e-03 1.314745e-01 1.545720e-05 -3.126843e-05 -2.212341e-05 9.385999e-05
11822.699217 7.647053e-01 2.582023e-02 9.269316e-03 1.318242e-01 1.658404e-05 -2.426232e-05 -6.643788e-06 8.767890e-05
11825.216901 7.612700e-01 2.581108e-02 9.275861e-03 1.299841e-01 2.727289e-05 -2.535329e-05 -1.301235e-05 8.221703e-05
11827.746777 7.619343e-01 2.584594e-02 9.372060e-03 1.295473e-01 3.308323e-05 -3.378782e-05 -2.791974e-05 7.558653e-05
11830.288845 7.623393e-01 2.590665e-02 9.458791e-03 1.283884e-01 3.239102e-05 -3.011985e-05 -1.749386e-05 8.582846e-05
11832.843105 7.608602e-01 2.584835e-02 9.518562e-03 1.285854e-01 2.331295e-05 -3.005280e-05 -2.029563e-05 7.784441e-05
11835.409556 7.600285e-01 2.600437e-02 9.700301e-03 1.284120e-01 2.883948e-05 -2.932899e-05 -2.091409e-05 6.851868e-05
11837.988200 7.561029e-01 2.615038e-02 9.778544e-03 1.288087e-01 2.874967e-05 -1.500100e-05 -7.551734e-06 7.680777e-05
11840.579035 7.555985e-01 2.634609e-02 9.944797e-03 1.285638e-01 3.336031e-05 -1.076191e-05 -2.266568e-05 7.416483e-05
11843.182062 7.580773e-01 2.649726e-02 1.004983e-02 1.287708e-01 2.812452e-05 -1.889455e-05 -3.839461e-05 7.229484e-05
11845.797282 7.592080e-01 2.661947e-02 1.010163e-02 1.288221e-01 2.685211e-05 -2.891004e-05 -3.556752e-05 7.639810e-05
11848.424693 7.576475e-01 2.664261e-02 1.007951e-02 1.289130e-01 2.368440e-05 -2.738017e-05 -3.524334e-05 6.985213e-05
11851.064296 7.571985e-01 2.670744e-02 1.005700e-02 1.290529e-01 2.392772e-05 -2.584344e-05 -2.000885e-05 7.749644e-05
11853.716091 7.535380e-01 2.676199e-02 1.012471e-02 1.285722e-01 3.433970e-05 -1.870166e-05 -2.759673e-05 7.864561e-05
11856.380078 7.539610e-01 2.695151e-02 1.019548e-02 1.283769e-01 2.189079e-05 -1.485324e-05 -3.563190e-05 6.951706e-05
11859.056256 7.558405e-01 2.713418e-02 1.025545e-02 1.282958e-01 2.551592e-05 -2.278022e-05 -2.176439e-05 7.154526e-05
11861.744627 7.559870e-01 2.716789e-02 1.025188e-02 1.283179e-01 3.865771e-05 -1.879375e-05 -2.326554e-05 6.795723e-05
11864.445190 7.530418e-01 2.708566e-02 1.033253e-02 1.271261e-01 3.808162e-05 -1.966719e-05 -2.814446e-05 5.756385e-05
11867.157944 7.549307e-01 2.722023e-02 1.033020e-02 1.286972e-01 3.963849e-05 -2.075214e-05 -2.844879e-05 6.539228e-05
11869.882891 7.548216e-01 2.730351e-02 1.038040e-02 1.276218e-01 4.725388e-05 -2.119328e-05 -3.590220e-05 8.120195e-05
11872.620029 7.537115e-01 2.755036e-02 1.054965e-02 1.281653e-01 4.046698e-05 -2.258170e-05 -2.902447e-05 8.313381e-05
11875.369359 7.534415e-01 2.781386e-02 1.059071e-02 1.279239e-01 2.901105e-05 -1.987699e-05 -1.464413e-05 7.203401e-05
11878.130881 7.539257e-01 2.794428e-02 1.047822e-02 1.283163e-01 2.921512e-05 -1.178958e-05 -2.741254e-05 5.172391e-05
11880.904595 7.523374e-01 2.790927e-02 1.048200e-02 1.286195e-01 3.139492e-05 -2.005699e-05 -2.617614e-05 8.250598e-05
11883.690501 7.513554e-01 2.811197e-02 1.052273e-02 1.279208e-01 2.164725e-05 -2.719176e-05 -2.966290e-05 9.106696e-05
11886.488599 7.498559e-01 2.813920e-02 1.053867e-02 1.284671e-01 2.806030e-05 -3.159303e-05 -3.539645e-05 9.097282e-05
11889.298889 7.507444e-01 2.831595e-02 1.052847e-02 1.283052e-01 4.461050e-05 -1.838369e-05 -3.934727e-05 7.985653e-05
11892.121371 7.514816e-01 2.837520e-02 1.048581e-02 1.278979e-01 5.182705e-05 -8.664294e-06 -2.053906e-05 5.254718e-05
11894.956044 7.450780e-01 2.799499e-02 1.024868e-02 1.270733e-01 5.259037e-05 -1.698304e-05 -2.616114e-05 6.685176e-05
11897.802910 7.411779e-01 2.784318e-02 1.023208e-02 1.268501e-01 5.044338e-05 -1.530881e-05 -3.470082e-05 7.739718e-05
11900.661967 7.469902e-01 2.831967e-02 1.045083e-02 1.280793e-01 4.560850e-05 -1.345222e-05 -2.368032e-05 6.776554e-05
11903.533217 7.487895e-01 2.864037e-02 1.063308e-02 1.283767e-01 3.973776e-05 -9.448419e-06 -3.040550e-05 7.043214e-05
11906.416658 7.469560e-01 2.872645e-02 1.074166e-02 1.284076e-01 3.704914e-05 -1.715348e-05 -3.172843e-05 7.657996e-05
11909.312291 7.455165e-01 2.863633e-02 1.074280e-02 1.278899e-01 4.026040e-05 -1.754889e-05 -3.142562e-05 7.929307e-05
11912.220116 7.464840e-01 2.868609e-02 1.087676e-02 1.291148e-01 4.307908e-05 -1.430171e-05 -2.837939e-05 7.705139e-05
11915.140133 7.469650e-01 2.857586e-02 1.092697e-02 1.296227e-01 4.494446e-05 -2.118246e-05 -2.815113e-05 7.404627e-05
11918.072342 7.464543e-01 2.819936e-02 1.092905e-02 1.290667e-01 4.218526e-05 -2.896340e-05 -3.292296e-05 7.110011e-05
11921.016743 7.399514e-01 2.782557e-02 1.085988e-02 1.280098e-01 3.989386e-05 -2.986614e-05 -2.963937e-05 7.716720e-05
11923.973335 7.401693e-01 2.819235e-02 1.097836e-02 1.273434e-01 3.265281e-05 -3.112331e-05 -1.961837e-05 7.762819e-05
11926.942120 7.443637e-01 2.880334e-02 1.124221e-02 1.282675e-01 4.151483e-05 -3.510865e-05 -2.914189e-05 6.837302e-05
11929.923096 7.438804e-01 2.894434e-02 1.121803e-02 1.283160e-01 4.433398e-05 -2.191781e-05 -2.619494e-05 6.523288e-05
11932.916265 7.440560e-01 2.916791e-02 1.128425e-02 1.281706e-01 3.518525e-05 -2.546184e-05 -2.062092e-05 5.775761e-05
11935.921625 7.439134e-01 2.940994e-02 1.129958e-02 1.279545e-01 3.511112e-05 -2.918749e-05 -1.479080e-05 8.230075e-05
11938.939177 7.437621e-01 2.944712e-02 1.128252e-02 1.278744e-01 2.803519e-05 -2.966137e-05 -1.227676e-05 8.775566e-05
11941.968921 7.431684e-01 2.960774e-02 1.135117e-02 1.279184e-01 3.112006e-05 -3.141266e-05 -2.030980e-05 8.750807e-05
11945.010858 7.415302e-01 2.965839e-02 1.144790e-02 1.279380e-01 2.817348e-05 -3.342930e-05 -1.103821e-05 8.509513e-05
11948.064985 7.411260e-01 2.964500e-02 1.145017e-02 1.280575e-01 2.983104e-05 -3.070710e-05 -2.083106e-05 7.484525e-05
11951.131305 7.403618e-01 2.965432e-02 1.147431e-02 1.280729e-01 2.729443e-05 -2.421882e-05 -2.628172e-05 7.759659e-05
11954.209817 7.402340e-01 2.968478e-02 1.151317e-02 1.278136e-01 2.538563e-05 -2.464498e-05 -3.302891e-05 7.496284e-05
11957.300521 7.398239e-01 2.980038e-02 1.157865e-02 1.280288e-01 2.805209e-05 -1.647048e-05 -1.925663e-05 8.134570e-05
11960.403416 7.392532e-01 2.991763e-02 1.164847e-02 1.272676e-01 2.480748e-05 -1.795287e-05 -1.557555e-05 7.663236e-05
11963.518504 7.390746e-01 3.021899e-02 1.167902e-02 1.275614e-01 1.085036e-05 -1.539186e-05 -2.495003e-05 7.890659e-05
11966.645783 7.378544e-01 3.048417e-02 1.179316e-02 1.278204e-01 7.783656e-06 -1.886567e-05 -2.915800e-05 9.758625e-05
11969.785255 7.374619e-01 3.080410e-02 1.184182e-02 1.269606e-01 1.543603e-05 -2.461570e-05 -2.945122e-05 1.007945e-04
11972.936918 7.368346e-01 3.096945e-02 1.190763e-02 1.269350e-01 2.142187e-05 -1.725040e-05 -3.310978e-05 9.994060e-05
11976.100773 7.367068e-01 3.097722e-02 1.186653e-02 1.275636e-01 3.669388e-05 -1.751544e-05 -3.134509e-05 8.248707e-05
11979.276820 7.356439e-01 3.101564e-02 1.189819e-02 1.275143e-01 4.379855e-05 -1.051747e-05 -2.234693e-05 7.833852e-05
11982.465059 7.349025e-01 3.128387e-02 1.201657e-02 1.273900e-01 3.767524e-05 -8.762930e-06 -1.997040e-05 6.373655e-05
11985.665490 7.345573e-01 3.164898e-02 1.211431e-02 1.278911e-01 3.751769e-05 -1.252336e-05 -2.584233e-05 5.128531e-05
11988.878112 7.339973e-01 3.178442e-02 1.219380e-02 1.277561e-01 5.140747e-05 -1.858414e-05 -1.622130e-05 6.255733e-05
11992.102927 7.337463e-01 3.196443e-02 1.224922e-02 1.271656e-01 5.031328e-05 -2.125175e-05 1.485766e-06 6.870828e-05
11995.339934 7.335145e-01 3.213149e-02 1.231750e-02 1.274836e-01 3.745596e-05 -2.253474e-05 -6.215146e-06 6.185828e-05
11998.589132 7.316836e-01 3.200787e-02 1.236708e-02 1.267545e-01 3.927505e-05 -1.469169e-05 -2.961112e-05 5.124635e-05
12001.850523 7.317061e-01 3.207816e-02 1.239735e-02 1.267909e-01 3.713637e-05 -2.979510e-05 -3.440413e-05 5.667966e-05
12005.124105 7.312868e-01 3.212196e-02 1.251270e-02 1.268957e-01 3.449522e-05 -3.523195e-05 -1.906152e-05 5.240196e-05
12008.409879 7.306665e-01 3.214257e-02 1.256218e-02 1.280809e-01 3.428843e-05 -1.921852e-05 -2.443610e-05 5.228129e-05
12011.707845 7.310247e-01 3.216920e-02 1.268953e-02 1.281782e-01 3.451805e-05 -1.473611e-05 -2.688828e-05 5.495338e-05
12015.018003 7.313747e-01 3.224970e-02 1.290822e-02 1.295305e-01 4.444565e-05 -1.416712e-05 -2.980627e-05 4.648330e-05
12018.340353 7.312462e-01 3.240983e-02 1.305020e-02 1.303344e-01 4.388014e-05 -1.265931e-05 -2.878445e-05 7.109583e-05
12021.674895 7.297233e-01 3.241722e-02 1.305226e-02 1.301448e-01 2.936031e-05 -1.259565e-05 -3.375195e-05 7.043087e-05
12025.021629 7.289623e-01 3.249851e-02 1.306770e-02 1.301368e-01 3.111688e-05 -1.194449e-05 -3.411477e-05 6.986281e-05
12028.380554 7.289700e-01 3.246403e-02 1.312061e-02 1.288626e-01 3.797808e-05 -6.966772e-06 -2.179882e-05 7.741769e-05
12031.751672 7.279138e-01 3.225063e-02 1.306154e-02 1.274995e-01 3.725283e-05 -8.676429e-06 -3.818983e-05 6.810853e-05
12035.134982 7.270442e-01 3.218071e-02 1.302147e-02 1.273058e-01 3.393070e-05 -8.772762e-06 -3.226654e-05 6.426266e-05
12038.530483 7.263731e-01 3.205804e-02 1.297122e-02 1.277765e-01 3.025953e-05 -1.297981e-05 -3.463899e-05 5.675409e-05
12041.938176 7.253143e-01 3.172185e-02 1.287309e-02 1.283113e-01 4.171179e-05 -1.796026e-05 -3.013112e-05 5.360149e-05
12045.358061 7.200370e-01 3.127490e-02 1.269607e-02 1.279240e-01 4.777704e-05 -1.393245e-05 -3.655412e-05 4.883092e-05
12048.790139 7.141129e-01 3.127523e-02 1.267359e-02 1.264313e-01 3.385047e-05 -2.819402e-06 -3.224104e-05 6.794387e-05
12052.234408 7.222367e-01 3.209097e-02 1.297135e-02 1.283337e-01 2.533022e-05 6.743409e-07 -3.554410e-05 6.984721e-05
12055.690868 7.233906e-01 3.259536e-02 1.306993e-02 1.287867e-01 2.859817e-05 -1.898307e-06 -3.639434e-05 6.637043e-05
12059.159521 7.229759e-01 3.288645e-02 1.324207e-02 1.275220e-01 3.015525e-05 -6.224374e-06 -4.085920e-05 5.375898e-05
12062.640366 7.224298e-01 3.334832e-02 1.345349e-02 1.272363e-01 3.656660e-05 -4.391109e-06 -4.264276e-05 7.149994e-05
12066.133403 7.220491e-01 3.393409e-02 1.359238e-02 1.274595e-01 3.591876e-05 -1.240572e-06 -5.535660e-05 7.688107e-05
12069.638631 7.213923e-01 3.448312e-02 1.379985e-02 1.269987e-01 3.750408e-05 -7.857150e-06 -4.941159e-05 6.982260e-05
12073.156052 7.207359e-01 3.473321e-02 1.386651e-02 1.271961e-01 4.201555e-05 -5.731221e-06 -3.826334e-05 6.584433e-05
12076.685664 7.197128e-01 3.479372e-02 1.390884e-02 1.262344e-01 4.440714e-05 4.272080e-06 -3.533864e-05 5.168245e-05
12080.227468 7.193884e-01 3.487540e-02 1.391354e-02 1.261051e-01 3.704248e-05 -2.498518e-07 -3.639492e-05 6.913628e-05
12083.781465 7.187957e-01 3.480887e-02 1.396108e-02 1.269390e-01 3.662915e-05 -1.753971e-05 -4.369500e-05 7.975126e-05
12087.347653 7.182648e-01 3.493352e-02 1.400269e-02 1.271114e-01 3.952160e-05 -1.854292e-05 -4.684229e-05 8.267610e-05
12090.926033 7.177759e-01 3.530769e-02 1.423113e-02 1.262227e-01 4.342481e-05 -1.665612e-05 -4.071499e-05 7.536750e-05
12094.516605 7.177531e-01 3.551326e-02 1.435733e-02 1.270196e-01 3.442390e-05 -1.299798e-05 -3.918005e-05 6.439178e-05
12098.119369 7.161511e-01 3.562780e-02 1.439528e-02 1.270457e-01 3.090314e-05 -5.916096e-06 -4.649506e-05 6.024633e-05
12101.734324 7.161914e-01 3.576621e-02 1.453333e-02 1.263458e-01 3.832583e-05 -1.879464e-05 -3.920356e-05 7.198239e-05
12105.361472 7.157345e-01 3.582976e-02 1.464620e-02 1.266733e-01 3.010061e-05 -1.758378e-05 -3.665622e-05 6.962498e-05
12109.000811 7.151989e-01 3.610345e-02 1.478260e-02 1.266923e-01 3.036232e-05 -1.459181e-05 -2.334972e-05 7.645946e-05
12112.652343 7.147230e-01 3.643120e-02 1.497728e-02 1.263865e-01 2.465405e-05 -4.127970e-06 -3.085627e-05 7.113368e-05
12116.316066 7.129713e-01 3.656989e-02 1.509228e-02 1.268210e-01 3.779020e-05 -7.074587e-06 -2.627428e-05 5.809492e-05
12119.991982 7.123854e-01 3.669719e-02 1.519739e-02 1.269686e-01 3.472979e-05 -2.317650e-05 -2.520555e-05 4.736372e-05
12123.680089 7.127379e-01 3.682947e-02 1.530422e-02 1.260954e-01 3.530923e-05 -2.986455e-05 -3.791288e-05 5.440633e-05
12127.380388 7.123242e-01 3.695404e-02 1.540620e-02 1.254936e-01 4.669918e-05 -1.854780e-05 -3.507746e-05 6.201080e-05
12131.092879 7.113949e-01 3.701370e-02 1.549904e-02 1.260954e-01 4.632576e-05 -9.684145e-06 -4.307959e-05 5.228031e-05
12134.817562 7.112190e-01 3.707656e-02 1.555178e-02 1.269256e-01 4.468607e-05 -1.695302e-05 -4.170314e-05 5.831537e-05
12138.554437 7.103351e-01 3.708800e-02 1.553530e-02 1.257561e-01 4.737574e-05 -9.579480e-06 -3.270299e-05 7.176048e-05
12142.303503 7.097049e-01 3.731249e-02 1.566288e-02 1.260194e-01 5.176405e-05 -9.780172e-06 -3.469509e-05 6.467292e-05
12146.064762 7.095321e-01 3.753709e-02 1.573275e-02 1.267085e-01 4.378548e-05 -4.782846e-06 -3.633323e-05 6.404283e-05
12149.838213 7.085870e-01 3.762365e-02 1.578052e-02 1.256194e-01 3.573992e-05 -9.430458e-06 -3.465271e-05 7.217721e-05
12153.623855 7.069022e-01 3.768173e-02 1.581956e-02 1.255859e-01 3.237445e-05 -4.875851e-06 -2.791041e-05 7.724957e-05
12157.421689 7.067472e-01 3.807169e-02 1.591388e-02 1.260515e-01 3.383254e-05 -3.001907e-06 -2.354262e-05 8.383274e-05
12161.231716 7.062467e-01 3.829099e-02 1.601871e-02 1.266653e-01 3.706131e-05 4.786666e-06 -2.748509e-05 7.832892e-05
12165.053934 7.059654e-01 3.832775e-02 1.601523e-02 1.271222e-01 3.575560e-05 -7.988199e-07 -2.400308e-05 7.496516e-05
12168.888344 7.047996e-01 3.831234e-02 1.607422e-02 1.275754e-01 3.864076e-05 -1.603234e-06 -3.083036e-05 6.916310e-05
12172.734946 7.028789e-01 3.856275e-02 1.618692e-02 1.270044e-01 4.210260e-05 -2.548495e-06 -2.969713e-05 7.770520e-05
12176.593740 7.018296e-01 3.878549e-02 1.626558e-02 1.279814e-01 4.016754e-05 -7.353979e-06 -2.916159e-05 6.664290e-05
12180.464726 7.032943e-01 3.904349e-02 1.635564e-02 1.280151e-01 4.551653e-05 3.010818e-06 -3.591176e-05 7.635899e-05
12184.347903 7.026164e-01 3.902576e-02 1.639864e-02 1.280289e-01 4.302450e-05 2.424335e-06 -2.909139e-05 6.663808e-05
12188.243273 7.021804e-01 3.933320e-02 1.654090e-02 1.274484e-01 5.035575e-05 -3.649063e-06 -4.226508e-05 5.669687e-05
12192.150835 7.008906e-01 3.957966e-02 1.661530e-02 1.266739e-01 4.999151e-05 -1.358199e-05 -3.533068e-05 7.710155e-05
12196.070588 7.003134e-01 3.975777e-02 1.667626e-02 1.266645e-01 5.155774e-05 -5.131731e-06 -3.295560e-05 7.230284e-05
12200.002533 6.996813e-01 3.980428e-02 1.675514e-02 1.262805e-01 4.755914e-05 -5.244866e-06 -3.224935e-05 7.602590e-05
12203.946671 7.000147e-01 4.006271e-02 1.692833e-02 1.275976e-01 3.986535e-05 -8.049716e-08 -3.076817e-05 8.588356e-05
12207.903000 6.996632e-01 4.027058e-02 1.707175e-02 1.290673e-01 4.024689e-05 -1.290145e-05 -3.467893e-05 8.033031e-05
12211.871521 6.988516e-01 4.027172e-02 1.715591e-02 1.297478e-01 4.390137e-05 -1.870439e-05 -2.904078e-05 9.127735e-05
12215.852234 6.980192e-01 4.041619e-02 1.730289e-02 1.280657e-01 3.991218e-05 -3.773400e-06 -2.673721e-05 8.462840e-05
12219.845139 6.977087e-01 4.090527e-02 1.756307e-02 1.271516e-01 3.950952e-05 6.020342e-06 -2.466138e-05 7.629723e-05
12223.850236 6.969304e-01 4.100147e-02 1.772622e-02 1.271200e-01 4.707051e-05 5.686718e-06 -3.359452e-05 8.474844e-05
12227.867524 6.955798e-01 4.089216e-02 1.774414e-02 1.263110e-01 5.261202e-05 1.167072e-05 -2.922203e-05 8.838250e-05
12231.897005 6.946634e-01 4.088518e-02 1.774048e-02 1.262211e-01 5.151432e-05 4.417091e-06 -3.290422e-05 8.829208e-05
12235.938678 6.944985e-01 4.095693e-02 1.785930e-02 1.268107e-01 4.420913e-05 4.790717e-06 -3.891200e-05 6.867696e-05
12239.992542 6.930453e-01 4.105254e-02 1.790565e-02 1.284943e-01 4.362744e-05 1.364258e-06 -3.390679e-05 7.802040e-05
12244.058598 6.928300e-01 4.105285e-02 1.799430e-02 1.500817e-01 5.054468e-05 -2.208678e-06 -4.245423e-05 7.196839e-05
12248.136847 6.919315e-01 4.119794e-02 1.813838e-02 1.956291e-01 4.535924e-05 5.746108e-06 -4.218337e-05 7.105073e-05
12252.227287 6.861320e-01 4.100358e-02 1.804757e-02 2.067884e-01 4.154914e-05 -9.494853e-07 -3.637949e-05 7.509973e-05
12256.329919 6.748886e-01 4.031301e-02 1.791653e-02 1.783322e-01 4.052083e-05 -4.208638e-06 -2.464229e-05 8.136878e-05
12260.444743 6.853557e-01 4.082605e-02 1.817999e-02 1.485272e-01 3.834290e-05 -2.914655e-06 -3.532281e-05 7.381270e-05
12264.571759 6.868090e-01 4.065613e-02 1.813798e-02 1.315097e-01 3.815593e-05 1.856698e-07 -3.570245e-05 7.742394e-05
12268.710967 6.871382e-01 4.003426e-02 1.787205e-02 1.262905e-01 4.349183e-05 4.661433e-06 -2.306779e-05 7.720004e-05
12272.862366 6.882239e-01 4.050036e-02 1.812133e-02 1.260042e-01 3.316569e-05 -4.412435e-06 -1.811666e-05 7.700689e-05
12277.025958 6.868079e-01 4.139133e-02 1.852906e-02 1.258825e-01 3.418880e-05 -9.468539e-06 -1.501957e-05 8.286693e-05
12281.201742 6.864947e-01 4.238996e-02 1.892251e-02 1.260802e-01 3.008112e-05 -1.118083e-05 -3.382332e-05 6.527020e-05
12285.389717 6.854106e-01 4.299722e-02 1.914721e-02 1.255207e-01 2.401370e-05 -3.450493e-06 -3.488075e-05 7.886592e-05
12289.589884 6.844022e-01 4.339235e-02 1.929827e-02 1.248385e-01 4.345524e-05 -3.825757e-06 -3.161943e-05 8.263747e-05
12293.802244 6.835105e-01 4.354139e-02 1.936649e-02 1.248311e-01 5.925493e-05 -5.187995e-06 -2.174085e-05 8.803847e-05
12298.026795 6.712777e-01 4.217282e-02 1.887289e-02 1.234474e-01 4.914422e-05 -2.412920e-06 -3.808579e-05 6.696301e-05
12302.263538 6.747020e-01 4.134484e-02 1.853096e-02 1.265118e-01 4.409983e-05 -6.494953e-06 -3.291199e-05 6.902919e-05
12306.512473 6.821437e-01 4.256112e-02 1.907010e-02 1.411582e-01 4.958489e-05 -1.224763e-05 -3.800281e-05 5.583020e-05
12310.773600 6.823092e-01 4.355526e-02 1.946935e-02 1.612922e-01 4.727461e-05 -9.645014e-06 -2.801686e-05 7.122038e-05
12315.046919 6.820547e-01 4.394756e-02 1.964526e-02 1.601951e-01 4.504430e-05 -8.200904e-06 -3.413022e-05 5.719157e-05
12319.332429 6.809545e-01 4.407967e-02 1.982095e-02 1.375526e-01 4.135596e-05 -1.459178e-05 -2.721020e-05 6.348696e-05
12323.630132 6.802168e-01 4.435156e-02 1.999072e-02 1.280461e-01 5.418276e-05 -2.054813e-05 -3.745184e-05 5.930356e-05
12327.940026 6.795548e-01 4.423302e-02 2.001983e-02 1.271838e-01 4.161857e-05 -8.101743e-06 -2.564464e-05 6.190250e-05
12332.262113 6.786652e-01 4.451896e-02 2.016499e-02 1.327676e-01 4.180146e-05 -4.489960e-06 -1.472013e-05 6.921974e-05
12336.596391 6.782821e-01 4.476520e-02 2.041697e-02 1.413994e-01 4.984441e-05 -2.285387e-06 -2.145009e-05 6.296523e-05
12340.942861 6.777819e-01 4.481493e-02 2.051120e-02 1.388637e-01 3.923530e-05 -1.023611e-05 -2.868701e-05 7.166155e-05
12345.301524 6.767526e-01 4.486961e-02 2.067401e-02 1.296016e-01 3.135815e-05 -9.623616e-06 -3.348016e-05 6.311717e-05
12349.672378 6.761129e-01 4.470781e-02 2.065152e-02 1.272793e-01 3.766659e-05 -9.209380e-06 -2.865995e-05 6.335076e-05
12354.055424 6.742771e-01 4.471562e-02 2.072397e-02 1.259362e-01 4.013019e-05 -1.044771e-05 -2.336893e-05 7.487402e-05
12358.450662 6.747160e-01 4.534790e-02 2.104165e-02 1.250423e-01 4.659192e-05 -9.024528e-06 -3.327598e-05 7.019788e-05
12362.858091 6.737326e-01 4.532785e-02 2.107786e-02 1.239258e-01 4.460256e-05 -1.221792e-05 -2.664903e-05 7.805395e-05
12367.277713 6.723022e-01 4.519442e-02 2.110269e-02 1.240754e-01 3.941065e-05 -1.138919e-05 -2.154358e-05 8.051918e-05
12371.709527 6.728739e-01 4.542660e-02 2.128155e-02 1.243283e-01 3.336724e-05 -1.676196e-05 -3.481261e-05 7.003737e-05
12376.153532 6.722661e-01 4.588313e-02 2.150085e-02 1.244452e-01 3.025058e-05 -2.601242e-05 -2.712403e-05 7.392076e-05
12380.609730 6.717817e-01 4.658610e-02 2.184519e-02 1.245301e-01 3.733652e-05 -2.471346e-05 -2.414878e-05 7.213147e-05
12385.078119 6.708417e-01 4.689520e-02 2.204999e-02 1.239345e-01 2.947881e-05 -2.206683e-05 -2.546188e-05 7.263805e-05
12389.558700 6.699699e-01 4.695296e-02 2.211863e-02 1.234474e-01 2.594169e-05 -2.508083e-05 -2.129824e-05 7.488530e-05
12394.051473 6.690486e-01 4.732791e-02 2.235598e-02 1.233542e-01 2.818988e-05 -2.909526e-05 -1.434238e-05 7.654581e-05
12398.556438 6.686444e-01 4.735219e-02 2.241213e-02 1.235590e-01 3.517218e-05 -2.222480e-05 -1.185817e-05 7.725802e-05
12403.073595 6.678957e-01 4.731452e-02 2.246963e-02 1.237464e-01 2.832686e-05 -1.225253e-05 -1.991044e-05 6.605711e-05
12407.602944 6.671053e-01 4.764491e-02 2.265714e-02 1.241325e-01 1.769033e-05 -1.175688e-05 -1.366296e-05 6.648899e-05
12412.144485 6.657106e-01 4.794095e-02 2.279016e-02 1.238567e-01 1.351817e-05 -4.636689e-06 -1.903840e-05 6.565259e-05
12416.698218 6.641112e-01 4.813391e-02 2.294947e-02 1.238452e-01 1.774235e-05 -8.973121e-06 -1.150072e-05 6.649750e-05
12421.264142 6.610235e-01 4.817888e-02 2.301730e-02 1.239107e-01 2.258894e-05 -1.780532e-05 -9.088469e-06 6.923404e-05
12425.842259 6.625499e-01 4.869703e-02 2.327278e-02 1.239403e-01 2.923742e-05 -1.879222e-05 -1.857070e-05 6.187110e-05
12430.432567 6.636309e-01 4.917930e-02 2.352644e-02 1.240591e-01 2.161874e-05 -2.296244e-05 -1.853403e-05 5.057435e-05
12435.035068 6.628363e-01 4.948810e-02 2.365293e-02 1.241094e-01 1.801822e-05 -2.044800e-05 -1.862074e-05 6.061578e-05
12439.649760 6.618006e-01 4.983053e-02 2.381633e-02 1.236061e-01 1.090632e-05 -7.804033e-06 -2.376552e-05 5.780356e-05
12444.276644 6.608926e-01 5.005666e-02 2.400915e-02 1.234562e-01 1.444378e-05 -1.779652e-06 -2.548537e-05 5.996179e-05
12448.915720 6.597188e-01 5.019163e-02 2.413398e-02 1.234140e-01 1.683133e-06 -1.536861e-05 -2.374228e-05 5.509150e-05
12453.566988 6.600583e-01 5.039135e-02 2.430669e-02 1.235309e-01 -5.291968e-06 -1.208469e-05 -2.129439e-05 5.130870e-05
12458.230448 6.596450e-01 5.055520e-02 2.440147e-02 1.231923e-01 5.990243e-06 -8.288199e-06 -3.693614e-05 5.224259e-05
12462.906100 6.587926e-01 5.075156e-02 2.461049e-02 1.237284e-01 1.779242e-05 -8.442885e-06 -2.421299e-05 5.022184e-05
12467.593943 6.581285e-01 5.098757e-02 2.479784e-02 1.246013e-01 1.655094e-05 3.190750e-07 -2.367086e-05 3.578118e-05
12472.293979 6.567578e-01 5.113773e-02 2.489445e-02 1.262884e-01 1.464782e-05 6.564473e-07 -1.879408e-05 4.447160e-05
12477.006206 6.563408e-01 5.151142e-02 2.520484e-02 1.279086e-01 1.135721e-05 -6.930498e-06 -1.279601e-05 6.068251e-05
12481.730626 6.563100e-01 5.187436e-02 2.550997e-02 1.250679e-01 2.304309e-05 -2.261054e-05 -8.501873e-06 6.242229e-05
12486.467237 6.554695e-01 5.218536e-02 2.572360e-02 1.230270e-01 1.768800e-05 -2.380735e-05 -1.347447e-05 6.046841e-05
12491.216040 6.547305e-01 5.246505e-02 2.592153e-02 1.228928e-01 2.598374e-05 -7.783029e-06 -2.429219e-05 6.161461e-05
12495.977036 6.530816e-01 5.254489e-02 2.606957e-02 1.246679e-01 2.498356e-05 -3.188152e-06 -2.260361e-05 5.825675e-05
12500.750223 6.501735e-01 5.255314e-02 2.616743e-02 1.263914e-01 1.517919e-05 -3.666504e-06 -2.830075e-05 5.227186e-05
12505.535602 6.522111e-01 5.284875e-02 2.643309e-02 1.265607e-01 3.566389e-06 -9.388170e-06 -2.873541e-05 5.609767e-05
12510.333172 6.526409e-01 5.300096e-02 2.662800e-02 1.245144e-01 6.490495e-06 -1.702190e-05 -4.262790e-05 5.157865e-05
12515.142935 6.516805e-01 5.309791e-02 2.670197e-02 1.234017e-01 7.889000e-06 -1.310765e-05 -2.763878e-05 6.520762e-05
12519.964890 6.509586e-01 5.322570e-02 2.685987e-02 1.231046e-01 1.056966e-05 -1.191359e-05 -1.035539e-05 6.772422e-05
12524.799037 6.502015e-01 5.277462e-02 2.675692e-02 1.229385e-01 1.830416e-05 -1.534253e-05 -1.015456e-05 6.053871e-05
12529.645375 6.438919e-01 5.176355e-02 2.629281e-02 1.218308e-01 2.802636e-05 -8.636685e-06 -9.488179e-06 6.886570e-05
12534.503905 3.324859e-01 2.681149e-02 1.363256e-02 6.289563e-02 1.570961e-05 -3.906044e-06 -4.405701e-06 3.776543e-05
12539.374628 6.482866e-03 5.237971e-04 2.665076e-04 1.226482e-03 3.128249e-07 -1.098178e-07 -1.605894e-07 7.470715e-07
