# Facility: NSLS-II
# Beamline: QAS
# Year: 2023
# Cycle: 3
# SAF: 312215
# PI: Reece
# Proposal: 313586
# Scan ID: 271244
# UID: f41b9133-cd48-47cb-8bb7-46c41431ea1d
# Comment: 
# Start time: 10/18/2023  22:25:10
# Stop time: 10/18/2023  22:25:41
# Total time: 00:31
# Trajectory name: Pt-L3-30s-11564.txt
# Element: Platinum ( 78)
# Edge: L3
# E0: 11564
# Reference Foil Element: Pt
# Keithley Gains I0: 1E6 V/A It: 1E6 V/A Iref: 1E7 V/A PIPS: 1E8 V/A 
# Ion Chamber Gas Flow Rates: I0: 0.00 sccm He + 189.70 sccm N2 + 9.80 sccm Ar 
# Ion Chamber Gas Flow Rates: It&Iref: 39.70 sccm N2 + 60.10 sccm Ar
# Incident Beam Path Vertical: 31.75 mm
# Incident Slits Positions B: TOP: 2.0 mm Bottom: 1.0 mm Inboard: 0.57675 mm Outboard: 1.57675 mm
# Sample Stage Positions: Rotation: 30.0 deg Horizontal: -10.11 mm Vertical: 15.39 mm Beam Direction: 0.00 mm
# PerkinElmer Vertical Position: 500.00 mm
# Linkam Oven Temperature : 3.03 C and Ramp Rate: 20.00 C/min.
# Front End Mirror Horizontal Positions: Up: -14.00 mm Down: -14.00 mm
#
# energy  i0  it  ir  iff  aux1  aux2  aux3  aux4
11380.597000 4.200025e-01 -1.413761e-03 8.588587e-04 2.360174e-02 2.359768e-05 -1.645852e-05 3.574799e-06 3.815120e-05
11385.597000 8.252220e-01 -2.816033e-03 1.730940e-03 4.653536e-02 4.295149e-05 -2.920304e-05 9.854571e-06 6.745876e-05
11390.597000 8.317038e-01 -2.839120e-03 1.761227e-03 4.681142e-02 5.182578e-05 -2.733527e-05 4.615823e-07 7.220733e-05
11395.597000 8.389453e-01 -2.835460e-03 1.778159e-03 4.708143e-02 5.245882e-05 -2.890804e-05 -6.355313e-06 8.483443e-05
11400.597000 8.372372e-01 -2.839219e-03 1.714437e-03 4.721999e-02 4.025238e-05 -3.061569e-05 -8.615160e-06 9.377301e-05
11405.597000 8.355621e-01 -2.832214e-03 1.733023e-03 4.709224e-02 3.720148e-05 -2.699652e-05 -1.003785e-05 9.055128e-05
11410.597000 8.324745e-01 -2.828852e-03 1.705094e-03 4.685461e-02 4.284595e-05 -2.731801e-05 4.002607e-06 8.835244e-05
11415.597000 8.239623e-01 -2.820988e-03 1.760424e-03 4.660139e-02 4.966731e-05 -3.360100e-05 6.034360e-06 9.928560e-05
11420.597000 8.242376e-01 -2.818928e-03 1.714718e-03 4.686707e-02 5.342707e-05 -3.969088e-05 8.390897e-06 9.333066e-05
11425.597000 8.318716e-01 -2.822129e-03 1.734235e-03 4.755433e-02 4.952817e-05 -3.747870e-05 6.317181e-06 8.280962e-05
11430.597000 8.327841e-01 -2.830515e-03 1.713156e-03 4.780886e-02 4.895947e-05 -2.386602e-05 -3.724107e-06 8.286686e-05
11435.597000 8.307819e-01 -2.828245e-03 1.722052e-03 4.793028e-02 5.079429e-05 -2.472766e-05 6.516419e-06 8.463814e-05
11440.597000 8.296481e-01 -2.817518e-03 1.758183e-03 4.789044e-02 4.755722e-05 -3.547721e-05 1.561533e-05 8.256765e-05
11445.597000 8.284874e-01 -2.829069e-03 1.769169e-03 4.764946e-02 6.423760e-05 -2.334195e-05 1.155231e-05 7.478492e-05
11450.597000 8.275216e-01 -2.823728e-03 1.756090e-03 4.790222e-02 6.823183e-05 -9.926106e-06 5.112688e-06 7.353270e-05
11455.597000 8.263913e-01 -2.842735e-03 1.727091e-03 4.790323e-02 6.496649e-05 -2.035705e-05 6.072962e-06 7.551852e-05
11460.597000 8.257206e-01 -2.840022e-03 1.760951e-03 4.779813e-02 5.366954e-05 -2.140718e-05 1.185633e-05 7.941324e-05
11465.597000 8.247111e-01 -2.827937e-03 1.777135e-03 4.803608e-02 5.049471e-05 -2.217088e-05 1.415128e-05 8.289690e-05
11470.597000 8.237410e-01 -2.831966e-03 1.740480e-03 4.797364e-02 5.597710e-05 -2.107174e-05 1.197540e-05 8.050413e-05
11475.597000 8.223722e-01 -2.829130e-03 1.729732e-03 4.796121e-02 4.106761e-05 -1.854668e-05 6.646846e-06 8.658205e-05
11480.597000 8.214252e-01 -2.822300e-03 1.780675e-03 4.815074e-02 3.848264e-05 -2.715947e-05 1.079424e-05 8.417013e-05
11485.597000 8.204274e-01 -2.826758e-03 1.772127e-03 4.825880e-02 4.361440e-05 -1.713368e-05 1.261567e-05 8.378076e-05
11490.597000 8.198513e-01 -2.836010e-03 1.742179e-03 4.851908e-02 4.049839e-05 -1.909213e-05 1.781621e-06 8.814072e-05
11495.597000 8.182260e-01 -2.841884e-03 1.758311e-03 4.868297e-02 3.740136e-05 -1.510156e-05 7.534275e-06 8.225720e-05
11500.597000 8.180514e-01 -2.852151e-03 1.762911e-03 4.907355e-02 3.925926e-05 -1.503683e-05 -5.061285e-07 9.253927e-05
11505.597000 8.173634e-01 -2.839656e-03 1.742348e-03 4.912644e-02 3.305898e-05 -1.543950e-05 1.302209e-05 9.368569e-05
11510.597000 8.161381e-01 -2.829371e-03 1.731683e-03 4.904938e-02 3.492011e-05 -1.704866e-05 2.016317e-05 8.979809e-05
11515.597000 8.149904e-01 -2.838004e-03 1.791984e-03 4.911469e-02 3.819342e-05 -2.666877e-05 1.429547e-05 8.177251e-05
11520.597000 8.141180e-01 -2.842051e-03 1.752851e-03 4.936761e-02 3.587969e-05 -2.791115e-05 1.192093e-05 6.838234e-05
11525.597000 8.135720e-01 -2.833982e-03 1.757471e-03 4.900085e-02 3.631789e-05 -2.454145e-05 4.699340e-08 8.423420e-05
11530.597000 8.131328e-01 -2.811532e-03 1.788881e-03 4.955716e-02 3.621497e-05 -2.172995e-05 1.559363e-07 9.375669e-05
11534.000000 8.136472e-01 -2.805354e-03 1.736453e-03 4.999578e-02 4.349605e-05 -1.798892e-05 -4.731905e-06 9.971610e-05
11535.000000 8.131125e-01 -2.810004e-03 1.713115e-03 4.941748e-02 4.518560e-05 -1.994740e-05 -1.980640e-06 1.064330e-04
11536.000000 8.112515e-01 -2.807122e-03 1.665704e-03 5.017799e-02 4.343833e-05 -2.200405e-05 2.156828e-06 1.117759e-04
11537.000000 8.130449e-01 -2.810174e-03 1.700297e-03 5.052758e-02 3.933002e-05 -2.650984e-05 -1.802833e-06 1.121909e-04
11538.000000 8.118661e-01 -2.799932e-03 1.740971e-03 5.080493e-02 3.030070e-05 -3.445800e-05 -3.523069e-06 9.960342e-05
11539.000000 8.111831e-01 -2.806683e-03 1.720792e-03 4.990643e-02 3.908385e-05 -3.151389e-05 -6.969691e-06 9.997745e-05
11540.000000 8.106453e-01 -2.808615e-03 1.765890e-03 5.088521e-02 3.947128e-05 -3.737886e-05 -7.675449e-06 1.145565e-04
11541.000000 8.111566e-01 -2.828144e-03 1.771236e-03 4.968267e-02 4.068645e-05 -3.015047e-05 -4.927952e-06 1.126161e-04
11541.200000 8.074752e-01 -2.812036e-03 1.798485e-03 4.964405e-02 5.250428e-05 -2.774213e-05 -1.139092e-05 1.122546e-04
11541.400000 8.115164e-01 -2.881499e-03 1.729946e-03 4.924852e-02 4.204548e-05 -3.175130e-05 8.157307e-07 1.137020e-04
11541.600000 8.170564e-01 -2.764047e-03 1.858182e-03 5.175504e-02 3.862498e-05 -2.286630e-05 -1.349208e-06 1.185004e-04
11541.800000 8.080976e-01 -2.941169e-03 1.680444e-03 5.173615e-02 5.120358e-05 -2.168528e-05 -2.317198e-06 1.202022e-04
11542.000000 8.111515e-01 -2.745971e-03 1.918096e-03 5.105872e-02 4.190281e-05 -2.478546e-05 -1.787949e-05 1.076958e-04
11542.200000 8.129702e-01 -2.870378e-03 1.704951e-03 5.142759e-02 5.722186e-05 -2.302051e-05 -1.475438e-05 9.928221e-05
11542.400000 8.126936e-01 -2.815899e-03 1.691279e-03 5.050858e-02 5.003999e-05 -2.212283e-05 -1.444993e-05 1.075865e-04
11542.600000 8.153008e-01 -2.758662e-03 1.678980e-03 5.180044e-02 4.653615e-05 -2.496719e-05 1.781257e-06 1.002798e-04
11542.800000 8.073927e-01 -2.901674e-03 1.918047e-03 5.239156e-02 5.886408e-05 -3.146806e-05 -5.576218e-07 9.642395e-05
11543.000000 8.121646e-01 -2.706929e-03 1.664818e-03 4.707867e-02 4.363244e-05 -2.584888e-05 -2.244936e-05 9.888465e-05
11543.200000 8.142993e-01 -2.899380e-03 1.464521e-03 5.172741e-02 5.860088e-05 -3.342060e-05 -2.943143e-05 9.873377e-05
11543.400000 8.097801e-01 -2.764272e-03 1.706273e-03 5.210004e-02 3.794801e-05 -2.873918e-05 -2.067500e-05 9.128540e-05
11543.600000 8.147860e-01 -2.873277e-03 1.466512e-03 5.174793e-02 4.264204e-05 -2.471605e-05 -7.433284e-06 9.720785e-05
11543.800000 7.993232e-01 -2.763587e-03 1.516136e-03 4.940597e-02 3.815564e-05 -2.735321e-05 -6.341849e-06 8.205730e-05
11544.000000 8.150804e-01 -2.733300e-03 1.799643e-03 5.069855e-02 4.289331e-05 -2.659630e-05 -1.318164e-06 6.446438e-05
11544.200000 8.119106e-01 -2.914180e-03 1.720720e-03 5.248103e-02 4.712081e-05 -3.298696e-05 -5.171987e-06 7.249009e-05
11544.400000 8.108283e-01 -2.757044e-03 1.752847e-03 5.207684e-02 3.056804e-05 -4.084423e-05 1.466682e-06 9.462303e-05
11544.600000 8.099899e-01 -2.921911e-03 1.707069e-03 5.247844e-02 4.645475e-05 -3.022364e-05 7.492169e-07 1.045618e-04
11544.800000 8.104488e-01 -2.760601e-03 1.838726e-03 4.819832e-02 3.993474e-05 -2.998601e-05 -3.921353e-06 8.697656e-05
11545.000000 8.133484e-01 -2.845781e-03 1.771584e-03 5.190953e-02 4.195081e-05 -1.975726e-05 -2.109251e-07 1.065980e-04
11545.200000 8.119018e-01 -2.878655e-03 1.652014e-03 5.328235e-02 4.571257e-05 -1.599935e-05 -1.885920e-05 1.129478e-04
11545.400000 8.062897e-01 -2.751444e-03 1.420967e-03 5.002120e-02 3.397979e-05 -1.084988e-05 -2.270356e-05 1.111512e-04
11545.600000 8.131506e-01 -2.951379e-03 1.648959e-03 4.989679e-02 3.811369e-05 -1.800676e-05 -2.118277e-05 1.017291e-04
11545.800000 8.073680e-01 -2.751892e-03 1.846486e-03 5.119034e-02 4.081619e-05 -1.642450e-05 -1.808838e-05 9.899292e-05
11546.000000 8.100436e-01 -2.929122e-03 1.755955e-03 5.400877e-02 5.096015e-05 -1.791941e-05 -1.210112e-05 1.011971e-04
11546.200000 8.080203e-01 -2.748322e-03 1.757787e-03 5.223919e-02 4.993945e-05 -9.718021e-06 -2.817679e-06 9.602094e-05
11546.400000 8.103420e-01 -2.880397e-03 1.615266e-03 5.229258e-02 6.113130e-05 -1.202503e-05 -7.733177e-06 9.632680e-05
11546.600000 8.068377e-01 -2.773876e-03 1.843758e-03 5.139894e-02 4.343601e-05 -2.409780e-05 -2.228806e-05 9.171650e-05
11546.800000 8.124951e-01 -2.775966e-03 1.669300e-03 5.049847e-02 4.522168e-05 -3.274253e-05 -8.356211e-06 1.074404e-04
11547.000000 8.091773e-01 -2.882972e-03 1.703383e-03 4.909517e-02 6.130628e-05 -2.656971e-05 -1.087564e-05 1.138011e-04
11547.200000 8.087788e-01 -2.738707e-03 1.749483e-03 5.205070e-02 5.650477e-05 -1.455098e-05 -1.970227e-05 1.045622e-04
11547.400000 8.096914e-01 -2.935388e-03 1.616864e-03 5.291325e-02 5.181643e-05 -1.330503e-05 -2.025846e-05 1.050555e-04
11547.600000 8.119259e-01 -2.751272e-03 1.730760e-03 5.070161e-02 3.206447e-05 -1.293392e-05 -1.472718e-05 1.070257e-04
11547.800000 8.100540e-01 -2.867004e-03 1.661681e-03 4.971186e-02 4.718590e-05 -1.930669e-05 -1.790526e-05 8.081830e-05
11548.000000 8.082274e-01 -2.772558e-03 1.847031e-03 5.221616e-02 4.507241e-05 -1.662955e-05 -1.095987e-05 9.019370e-05
11548.200000 8.096788e-01 -2.910771e-03 1.862688e-03 5.373946e-02 4.471659e-05 -9.950108e-06 -1.418997e-05 9.884820e-05
11548.400000 8.088964e-01 -2.823587e-03 1.641073e-03 5.361576e-02 3.911940e-05 -1.691676e-05 -2.772339e-05 9.649738e-05
11548.600000 8.090892e-01 -2.873599e-03 1.756255e-03 5.246333e-02 4.311484e-05 -1.571325e-05 -2.766410e-05 9.291006e-05
11548.800000 8.131364e-01 -2.914097e-03 1.675557e-03 5.220695e-02 4.249262e-05 -2.117010e-05 -1.654356e-05 9.317905e-05
11549.000000 8.113934e-01 -2.752886e-03 1.602155e-03 5.177560e-02 3.824178e-05 -3.261141e-05 -2.420105e-06 9.456295e-05
11549.200000 8.158508e-01 -2.973730e-03 1.795255e-03 5.271572e-02 5.036517e-05 -3.893585e-05 -1.107213e-05 8.700374e-05
11549.400000 8.112359e-01 -2.772264e-03 1.664492e-03 5.322506e-02 3.867210e-05 -2.359160e-05 -7.943174e-06 8.497799e-05
11549.600000 8.142437e-01 -2.932095e-03 1.774231e-03 5.299920e-02 4.580840e-05 -2.483861e-05 9.369424e-07 9.080341e-05
11549.800000 8.011677e-01 -2.735192e-03 1.558621e-03 5.221076e-02 3.641312e-05 -2.804706e-05 -1.643018e-05 8.489742e-05
11550.000000 8.138555e-01 -2.918300e-03 1.805345e-03 5.274410e-02 4.343718e-05 -2.737374e-05 -6.828590e-06 8.991290e-05
11550.200000 8.098686e-01 -2.789679e-03 1.879612e-03 5.457699e-02 3.339145e-05 -2.015536e-05 -2.002778e-05 9.523705e-05
11550.400000 8.081531e-01 -2.875627e-03 1.755892e-03 5.382218e-02 4.156609e-05 -2.155086e-05 -1.881055e-05 9.959721e-05
11550.600000 8.087578e-01 -2.830470e-03 1.738431e-03 5.176692e-02 4.302339e-05 -2.258093e-05 1.625814e-06 1.047523e-04
11550.800000 8.121737e-01 -2.819988e-03 1.744669e-03 5.282617e-02 4.606447e-05 -2.179528e-05 -1.494241e-05 1.021314e-04
11551.000000 8.079947e-01 -2.861158e-03 1.870953e-03 5.243526e-02 4.035382e-05 -2.049733e-05 1.506847e-06 1.047703e-04
11551.200000 8.116474e-01 -2.859452e-03 1.505022e-03 5.436757e-02 3.522897e-05 -2.987004e-05 -1.752551e-06 1.055159e-04
11551.400000 8.053240e-01 -2.855048e-03 1.631264e-03 5.344956e-02 4.720959e-05 -3.007504e-05 3.430657e-06 9.956208e-05
11551.600000 8.107070e-01 -2.804973e-03 1.634339e-03 5.117153e-02 4.039675e-05 -3.369932e-05 1.277225e-05 9.846292e-05
11551.800000 8.058398e-01 -2.889261e-03 1.779914e-03 5.429299e-02 4.146386e-05 -3.079779e-05 1.234365e-05 1.021652e-04
11552.000000 8.120162e-01 -2.814579e-03 1.810906e-03 5.435615e-02 2.894499e-05 -2.536733e-05 -4.241695e-06 1.014478e-04
11552.200000 8.093923e-01 -2.949351e-03 1.788712e-03 5.256386e-02 3.625535e-05 -2.333526e-05 -4.425742e-06 1.080027e-04
11552.400000 8.075848e-01 -2.797317e-03 1.757123e-03 5.221419e-02 2.840119e-05 -2.970267e-05 5.198184e-06 1.009725e-04
11552.600000 8.111439e-01 -2.925021e-03 2.040880e-03 5.434886e-02 4.223867e-05 -2.837903e-05 4.386516e-06 9.721977e-05
11552.800000 8.103047e-01 -2.772326e-03 1.893210e-03 5.309676e-02 3.783396e-05 -3.427800e-05 1.386044e-05 9.361980e-05
11553.000000 8.097961e-01 -2.877339e-03 1.475676e-03 5.529555e-02 5.744691e-05 -3.282768e-05 5.628018e-06 8.571616e-05
11553.200000 8.033102e-01 -2.717964e-03 1.744556e-03 5.386474e-02 4.334536e-05 -3.882829e-05 5.729303e-06 5.519336e-05
11553.400000 8.166495e-01 -2.892666e-03 1.431507e-03 5.351752e-02 4.639268e-05 -3.841925e-05 -3.649108e-06 6.940709e-05
11553.600000 8.033663e-01 -2.749556e-03 1.698851e-03 5.385105e-02 3.722805e-05 -3.188795e-05 4.271003e-06 7.739944e-05
11553.800000 8.080895e-01 -2.883419e-03 1.678073e-03 5.389972e-02 3.724206e-05 -3.995291e-05 1.895250e-06 8.271175e-05
11554.000000 8.098216e-01 -2.822301e-03 1.638244e-03 5.353005e-02 3.523862e-05 -4.218665e-05 9.997657e-06 9.460064e-05
11554.200000 8.072446e-01 -2.881589e-03 1.388333e-03 5.640027e-02 4.972831e-05 -3.428255e-05 5.483498e-07 1.047647e-04
11554.400000 8.094702e-01 -2.793616e-03 1.671514e-03 5.463654e-02 4.013896e-05 -4.091406e-05 4.491842e-07 1.086478e-04
11554.600000 8.061314e-01 -2.890427e-03 1.399284e-03 5.471783e-02 3.726740e-05 -4.775715e-05 6.401365e-06 1.003197e-04
11554.800000 8.124142e-01 -2.816385e-03 1.814068e-03 5.486144e-02 3.725739e-05 -4.505295e-05 4.748726e-07 9.588274e-05
11555.000000 8.096756e-01 -2.882804e-03 1.689973e-03 5.755022e-02 4.306526e-05 -3.478523e-05 4.079526e-06 1.009676e-04
11555.200000 8.048706e-01 -2.792234e-03 1.674542e-03 5.454951e-02 3.730675e-05 -3.923932e-05 -3.865759e-06 9.596130e-05
11555.400000 8.057920e-01 -2.854138e-03 2.002240e-03 5.578232e-02 4.082854e-05 -4.123959e-05 1.141714e-05 1.064196e-04
11555.600000 8.130258e-01 -2.851075e-03 1.612501e-03 5.339795e-02 3.353693e-05 -3.418339e-05 1.735751e-05 1.066367e-04
11555.800000 8.074257e-01 -2.838762e-03 1.794934e-03 5.824281e-02 2.985072e-05 -4.007519e-05 5.456938e-06 1.092329e-04
11556.000000 8.045617e-01 -2.841959e-03 1.552207e-03 5.532983e-02 3.670877e-05 -3.049046e-05 1.472130e-05 1.084706e-04
11556.200000 8.136456e-01 -2.848567e-03 1.809481e-03 5.552248e-02 4.428602e-05 -3.083687e-05 1.071730e-05 1.065650e-04
11556.400000 8.100936e-01 -2.849619e-03 1.691511e-03 5.833697e-02 4.758341e-05 -3.342199e-05 8.928419e-06 1.129288e-04
11556.600000 8.115348e-01 -2.799452e-03 1.702846e-03 5.599321e-02 4.929127e-05 -3.238481e-05 2.000333e-05 1.175812e-04
11556.800000 8.065095e-01 -2.839910e-03 1.796906e-03 5.672907e-02 5.412655e-05 -2.247713e-05 3.086807e-05 1.155469e-04
11557.000000 8.104012e-01 -2.771760e-03 1.858072e-03 5.676739e-02 3.480343e-05 -1.836607e-05 6.572562e-06 1.099776e-04
11557.200000 8.088166e-01 -2.893624e-03 1.960322e-03 5.833972e-02 4.124500e-05 -1.889860e-05 2.080005e-05 1.155768e-04
11557.400000 8.109069e-01 -2.751195e-03 1.760865e-03 5.942653e-02 3.065353e-05 -2.674062e-05 1.611937e-05 1.102008e-04
11557.600000 8.116476e-01 -2.892599e-03 1.643357e-03 5.638593e-02 4.111100e-05 -2.238055e-05 1.669989e-05 1.098619e-04
11557.800000 8.092215e-01 -2.768099e-03 1.685553e-03 6.009718e-02 4.393149e-05 -3.788832e-06 1.723440e-05 1.107706e-04
11558.000000 8.092499e-01 -2.858779e-03 1.767849e-03 5.925299e-02 4.614811e-05 -5.706288e-06 8.751651e-06 1.085040e-04
11558.200000 8.080872e-01 -2.815680e-03 1.747971e-03 5.803034e-02 4.159868e-05 -2.206559e-05 1.040367e-05 1.101382e-04
11558.400000 8.095815e-01 -2.863159e-03 1.818145e-03 6.029037e-02 4.180727e-05 -1.624903e-05 4.362638e-06 9.677359e-05
11558.600000 8.124429e-01 -2.821402e-03 2.031283e-03 5.917161e-02 3.946884e-05 -2.557588e-05 2.202164e-05 6.048162e-05
11558.800000 8.021310e-01 -2.821858e-03 1.583690e-03 5.985133e-02 3.438123e-05 -2.415649e-05 5.013673e-06 7.633688e-05
11559.000000 8.152314e-01 -2.888079e-03 1.921091e-03 6.115629e-02 3.140562e-05 -2.402767e-05 9.313036e-07 9.303253e-05
11559.200000 8.046285e-01 -2.768449e-03 1.765229e-03 5.901124e-02 2.636437e-05 -2.255189e-05 1.944221e-06 7.838744e-05
11559.400000 8.110976e-01 -2.882057e-03 1.558680e-03 6.140325e-02 2.471744e-05 -2.579491e-05 -7.160850e-06 7.848757e-05
11559.600000 8.104863e-01 -2.804124e-03 1.715764e-03 6.031837e-02 1.451457e-05 -2.415344e-05 1.198200e-05 9.090371e-05
11559.800000 8.037338e-01 -2.884301e-03 1.841202e-03 6.229151e-02 3.057640e-05 -2.126552e-05 5.092635e-06 8.440853e-05
11560.000000 8.137550e-01 -2.847567e-03 1.785991e-03 6.261178e-02 3.890752e-05 -8.620930e-06 9.552111e-06 1.065383e-04
11560.200000 8.083067e-01 -2.851160e-03 1.829467e-03 6.336464e-02 3.977507e-05 -4.545970e-06 2.079924e-07 1.023613e-04
11560.400000 8.079449e-01 -2.893813e-03 1.832552e-03 6.496527e-02 4.049216e-05 -1.134462e-05 -1.100786e-06 9.483438e-05
11560.600000 8.072797e-01 -2.837757e-03 1.846926e-03 6.537363e-02 2.918203e-05 -2.462381e-05 -3.771415e-06 1.021722e-04
11560.800000 8.065054e-01 -2.903294e-03 1.520970e-03 6.727047e-02 4.581317e-05 -2.365147e-05 -1.788816e-05 9.458843e-05
11561.000000 8.066599e-01 -2.848213e-03 1.711786e-03 6.669567e-02 4.675055e-05 -1.512860e-05 -1.338881e-05 1.078211e-04
11561.200000 8.043960e-01 -2.763471e-03 1.730616e-03 6.564694e-02 4.152744e-05 -2.297069e-05 5.941976e-06 9.745388e-05
11561.400000 8.173108e-01 -2.878571e-03 1.780484e-03 6.911620e-02 4.442945e-05 -3.110331e-05 1.142173e-05 1.007996e-04
11561.600000 8.037890e-01 -2.804203e-03 1.860285e-03 7.079421e-02 3.269041e-05 -4.449845e-05 1.138311e-05 1.110946e-04
11561.800000 8.113789e-01 -2.847047e-03 1.664793e-03 7.232538e-02 2.916143e-05 -4.191603e-05 8.360614e-06 1.107060e-04
11562.000000 8.035879e-01 -2.850703e-03 1.520044e-03 7.195392e-02 3.899241e-05 -3.717062e-05 1.604670e-05 1.099156e-04
11562.200000 8.135949e-01 -2.847986e-03 1.682145e-03 7.331464e-02 4.369410e-05 -2.858175e-05 2.460648e-05 9.734203e-05
11562.400000 8.010262e-01 -2.831655e-03 1.542929e-03 7.592317e-02 4.770204e-05 -2.339315e-05 1.684324e-05 1.033190e-04
11562.600000 8.115516e-01 -2.860443e-03 1.641866e-03 7.840624e-02 5.357818e-05 -3.207602e-05 1.829848e-05 1.072628e-04
11562.800000 8.051051e-01 -2.818939e-03 1.973349e-03 7.827047e-02 3.457799e-05 -2.965044e-05 2.251190e-05 1.001460e-04
11563.000000 8.079693e-01 -2.860329e-03 1.594686e-03 8.204901e-02 3.069477e-05 -3.191435e-05 8.092756e-06 1.011277e-04
11563.200000 8.100891e-01 -2.867979e-03 1.629916e-03 8.141254e-02 3.994980e-05 -3.425010e-05 3.764339e-06 1.032683e-04
11563.400000 8.089866e-01 -2.880246e-03 1.661151e-03 8.524766e-02 3.673616e-05 -3.123189e-05 3.547929e-06 1.017581e-04
11563.600000 8.091587e-01 -2.864568e-03 1.725402e-03 8.564254e-02 3.468274e-05 -2.490149e-05 1.317196e-06 9.873204e-05
11563.800000 8.037004e-01 -2.830200e-03 1.723320e-03 8.921650e-02 3.164140e-05 -3.452038e-05 -4.523834e-06 1.011827e-04
11564.000000 8.100356e-01 -2.896453e-03 1.734251e-03 9.141177e-02 3.657502e-05 -3.835107e-05 -1.173120e-05 1.026192e-04
11564.200000 8.070177e-01 -2.855497e-03 1.860166e-03 9.459675e-02 3.244237e-05 -2.729679e-05 4.709629e-06 9.697335e-05
11564.400000 8.051376e-01 -2.770872e-03 1.823610e-03 9.708403e-02 3.569743e-05 -2.889353e-05 1.548546e-05 9.062727e-05
11564.600000 8.083512e-01 -2.884202e-03 1.818062e-03 9.713093e-02 3.478375e-05 -2.267460e-05 1.401790e-05 9.668238e-05
11564.800000 8.090856e-01 -2.856264e-03 1.590605e-03 1.014714e-01 3.772859e-05 -3.050826e-05 7.633331e-06 7.757506e-05
11565.000000 8.090654e-01 -2.878177e-03 1.621478e-03 1.049321e-01 3.903219e-05 -3.414127e-05 8.673259e-06 8.692220e-05
11565.200000 8.112459e-01 -2.882298e-03 1.876317e-03 1.058479e-01 3.634743e-05 -2.475463e-05 2.131124e-05 1.068611e-04
11565.400000 8.048565e-01 -2.809777e-03 1.794105e-03 1.050379e-01 2.547909e-05 -3.134598e-05 1.362305e-05 1.079170e-04
11565.600000 8.097639e-01 -2.828228e-03 1.721745e-03 1.108222e-01 1.879868e-05 -3.139026e-05 8.219453e-06 1.168955e-04
11565.800000 8.042635e-01 -2.823643e-03 1.766818e-03 1.124747e-01 2.731572e-05 -3.311717e-05 2.249767e-06 9.928471e-05
11566.000000 8.087880e-01 -2.844287e-03 1.730622e-03 1.148101e-01 2.562430e-05 -3.169169e-05 1.779554e-05 1.173897e-04
11566.200000 8.052896e-01 -2.819910e-03 1.699044e-03 1.167930e-01 3.891315e-05 -2.685493e-05 1.011878e-05 1.134688e-04
11566.400000 8.075623e-01 -2.824552e-03 1.708725e-03 1.178391e-01 4.341165e-05 -2.302360e-05 9.846621e-06 1.151281e-04
11566.600000 8.065430e-01 -2.826544e-03 1.913201e-03 1.200571e-01 4.447831e-05 -2.885574e-05 1.727289e-05 1.257505e-04
11566.800000 8.085149e-01 -2.841634e-03 1.727050e-03 1.200425e-01 3.963053e-05 -2.714918e-05 1.252368e-05 1.248262e-04
11567.000000 8.085996e-01 -2.869454e-03 1.617649e-03 1.224383e-01 4.106484e-05 -3.592438e-05 8.933938e-06 1.221176e-04
11567.200000 8.073195e-01 -2.848444e-03 1.679490e-03 1.211698e-01 3.246296e-05 -3.119517e-05 -8.034786e-06 1.115761e-04
11567.400000 8.038666e-01 -2.851239e-03 1.775667e-03 1.244701e-01 3.782211e-05 -3.237468e-05 -9.460338e-06 1.005899e-04
11567.600000 8.080232e-01 -2.833702e-03 1.759574e-03 1.240900e-01 3.939465e-05 -3.601687e-05 -6.865186e-06 1.136934e-04
11567.800000 8.063848e-01 -2.882042e-03 1.788909e-03 1.250898e-01 3.833675e-05 -3.665844e-05 4.448992e-06 1.102375e-04
11568.000000 8.060978e-01 -2.859723e-03 1.726781e-03 1.228990e-01 4.636954e-05 -3.402741e-05 2.748700e-06 1.176019e-04
11568.200000 8.079655e-01 -2.820846e-03 1.793326e-03 1.240127e-01 4.716461e-05 -3.509276e-05 -3.431464e-06 1.066319e-04
11568.400000 8.086079e-01 -2.850572e-03 1.709752e-03 1.253544e-01 4.225050e-05 -2.998743e-05 -9.266628e-06 1.038598e-04
11568.600000 8.083174e-01 -2.866459e-03 1.662574e-03 1.243814e-01 5.110162e-05 -3.918467e-05 -1.000055e-05 1.035276e-04
11568.800000 8.080017e-01 -2.896439e-03 1.885212e-03 1.238665e-01 5.889679e-05 -3.192901e-05 -1.030850e-05 9.712790e-05
11569.000000 8.079595e-01 -2.851959e-03 1.930143e-03 1.243865e-01 6.670288e-05 -2.941177e-05 -6.111780e-06 9.900776e-05
11569.200000 8.054993e-01 -2.848200e-03 1.740149e-03 1.232465e-01 5.357110e-05 -2.863765e-05 -9.414371e-06 9.467549e-05
11569.400000 8.069006e-01 -2.834988e-03 1.802038e-03 1.240320e-01 4.622629e-05 -3.036296e-05 -9.750222e-06 9.425680e-05
11569.600000 8.063874e-01 -2.834225e-03 1.856832e-03 1.231694e-01 4.279706e-05 -1.838955e-05 -1.800196e-05 9.389297e-05
11569.800000 8.035045e-01 -2.845510e-03 1.749691e-03 1.221371e-01 4.423438e-05 -1.607812e-05 -1.666966e-05 1.002998e-04
11570.000000 8.075508e-01 -2.811815e-03 1.700440e-03 1.212644e-01 4.430614e-05 -1.444348e-05 -1.625077e-05 9.957941e-05
11570.200000 8.055408e-01 -2.809983e-03 1.705124e-03 1.209380e-01 6.005737e-05 -1.377780e-05 -1.987786e-05 8.887040e-05
11570.400000 8.071630e-01 -2.837875e-03 1.561149e-03 1.202375e-01 5.966434e-05 -1.933745e-05 -1.751330e-05 8.988817e-05
11570.600000 8.074397e-01 -2.842856e-03 1.644669e-03 1.192219e-01 6.334926e-05 -2.861650e-05 -1.719221e-05 8.693771e-05
11570.800000 8.083479e-01 -2.849786e-03 1.682497e-03 1.188805e-01 5.732123e-05 -3.046105e-05 -1.888479e-05 1.004273e-04
11571.000000 8.017140e-01 -2.834154e-03 1.614302e-03 1.153465e-01 5.169565e-05 -2.448622e-05 -1.284588e-05 9.846106e-05
11571.200000 8.083922e-01 -2.833817e-03 1.651316e-03 1.173316e-01 5.946160e-05 -2.385154e-05 -1.157842e-05 9.465550e-05
11571.400000 8.071494e-01 -2.827949e-03 1.625546e-03 1.162263e-01 6.108250e-05 -3.241599e-05 2.258669e-07 1.007281e-04
11571.600000 8.053083e-01 -2.855353e-03 1.796932e-03 1.157471e-01 6.701354e-05 -4.197712e-05 6.582525e-06 9.624272e-05
11571.800000 8.070447e-01 -2.869219e-03 1.675554e-03 1.153382e-01 6.452068e-05 -4.334294e-05 -6.125835e-06 1.016566e-04
11572.000000 8.078616e-01 -2.871634e-03 1.628871e-03 1.147232e-01 7.198174e-05 -4.697050e-05 8.036885e-06 1.010645e-04
11572.200000 8.065393e-01 -2.860070e-03 1.613955e-03 1.135575e-01 6.816526e-05 -5.215959e-05 1.537177e-05 1.030069e-04
11572.400000 8.060343e-01 -2.856160e-03 1.664957e-03 1.134994e-01 6.003760e-05 -4.534616e-05 2.075184e-05 1.008511e-04
11572.600000 8.056549e-01 -2.867956e-03 1.657669e-03 1.113388e-01 6.530093e-05 -4.242063e-05 1.459085e-05 9.172453e-05
11572.800000 8.064874e-01 -2.882900e-03 1.718361e-03 1.120550e-01 6.799129e-05 -3.893951e-05 5.533711e-06 8.666559e-05
11573.000000 8.064092e-01 -2.855897e-03 1.823695e-03 1.115436e-01 5.354032e-05 -3.531036e-05 -3.121913e-08 9.438577e-05
11573.200000 8.060758e-01 -2.865871e-03 1.825957e-03 1.109310e-01 4.589566e-05 -3.181592e-05 5.857816e-06 9.688515e-05
11573.400000 8.055291e-01 -2.866443e-03 1.761512e-03 1.095637e-01 4.021597e-05 -4.440739e-05 -1.346517e-05 7.957458e-05
11573.600000 8.065490e-01 -2.843544e-03 1.793158e-03 1.093112e-01 4.596829e-05 -3.307757e-05 -1.851337e-05 7.719337e-05
11573.800000 8.068488e-01 -2.833945e-03 1.688757e-03 1.088382e-01 4.932046e-05 -3.963740e-05 -1.088096e-05 8.824664e-05
11574.000000 8.072359e-01 -2.867134e-03 1.717733e-03 1.077856e-01 5.329520e-05 -4.767541e-05 5.460502e-06 9.747671e-05
11574.200000 8.067960e-01 -2.850037e-03 1.671242e-03 1.079985e-01 4.814556e-05 -4.475899e-05 3.911249e-06 9.910895e-05
11574.400000 8.049430e-01 -2.858877e-03 1.771437e-03 1.087829e-01 4.994174e-05 -4.505905e-05 8.246346e-06 9.292150e-05
11574.600000 8.066617e-01 -2.838031e-03 1.900078e-03 1.084956e-01 4.671153e-05 -4.107865e-05 -1.292243e-05 8.322262e-05
11574.800000 8.066541e-01 -2.835940e-03 1.867539e-03 1.076523e-01 4.869261e-05 -3.397502e-05 -2.134572e-05 8.657371e-05
11575.000000 8.059686e-01 -2.888082e-03 1.724107e-03 1.072769e-01 5.665787e-05 -3.191572e-05 -1.847528e-05 8.413418e-05
11575.200000 8.055802e-01 -2.854661e-03 1.585885e-03 1.067555e-01 5.116368e-05 -3.610155e-05 -9.510869e-06 9.371518e-05
11575.400000 8.052800e-01 -2.852787e-03 1.695804e-03 1.060931e-01 5.124446e-05 -3.974397e-05 -1.040514e-05 9.733819e-05
11575.600000 8.063194e-01 -2.812777e-03 1.658339e-03 1.059965e-01 5.606054e-05 -3.959052e-05 -8.659782e-06 9.737938e-05
11575.800000 8.050325e-01 -2.788335e-03 1.627177e-03 1.062264e-01 5.388877e-05 -3.769103e-05 -1.450663e-05 9.251666e-05
11576.000000 8.068746e-01 -2.860148e-03 1.644651e-03 1.070529e-01 3.796645e-05 -3.672290e-05 4.236113e-08 9.411114e-05
11576.200000 8.060693e-01 -2.785875e-03 1.618423e-03 1.065569e-01 3.557593e-05 -3.403205e-05 -1.289773e-05 9.051836e-05
11576.400000 8.062251e-01 -2.799971e-03 1.675663e-03 1.061512e-01 5.775156e-05 -3.153848e-05 -6.499304e-06 9.746548e-05
11576.600000 8.059912e-01 -2.830406e-03 1.632340e-03 1.059458e-01 5.811719e-05 -3.946601e-05 -1.464626e-05 8.872116e-05
11576.800000 8.059896e-01 -2.804610e-03 1.750497e-03 1.059095e-01 4.945715e-05 -4.210618e-05 -2.106290e-05 8.918965e-05
11577.000000 8.046829e-01 -2.775361e-03 1.850253e-03 1.058173e-01 4.526035e-05 -5.188810e-05 -8.344917e-06 1.012825e-04
11577.200000 8.057757e-01 -2.854213e-03 1.665901e-03 1.056651e-01 5.618165e-05 -4.880202e-05 -1.028978e-05 8.925527e-05
11577.400000 8.062056e-01 -2.837206e-03 1.692192e-03 1.055949e-01 6.728687e-05 -4.396212e-05 -1.594033e-05 8.567485e-05
11577.600000 8.050977e-01 -2.832034e-03 1.765473e-03 1.060112e-01 4.929044e-05 -4.569873e-05 -2.781884e-05 7.834451e-05
11577.800000 8.052274e-01 -2.810923e-03 1.747850e-03 1.065468e-01 3.980971e-05 -4.920661e-05 -2.339834e-05 7.402627e-05
11578.000000 8.044131e-01 -2.804209e-03 1.707725e-03 1.052750e-01 4.035201e-05 -4.129923e-05 -1.832951e-05 7.554301e-05
11578.200000 8.063623e-01 -2.825827e-03 1.639659e-03 1.049607e-01 4.598737e-05 -3.464311e-05 -3.018192e-05 8.317203e-05
11578.400000 8.048397e-01 -2.806333e-03 1.661718e-03 1.051455e-01 5.070187e-05 -3.347173e-05 -2.808012e-05 8.777622e-05
11578.600000 8.060535e-01 -2.819018e-03 1.664827e-03 1.055827e-01 4.478942e-05 -3.680829e-05 -1.243771e-05 9.509499e-05
11578.800000 8.049226e-01 -2.823766e-03 1.652945e-03 1.055862e-01 5.210399e-05 -3.524023e-05 -1.527044e-05 8.446626e-05
11579.000000 8.056577e-01 -2.830326e-03 1.734171e-03 1.055952e-01 4.555503e-05 -3.665430e-05 -1.917659e-05 8.830971e-05
11579.200000 8.057430e-01 -2.829562e-03 1.782378e-03 1.054595e-01 3.770559e-05 -2.358774e-05 -2.439912e-05 7.970223e-05
11579.400000 8.053394e-01 -2.864474e-03 1.711734e-03 1.059214e-01 4.069434e-05 -1.971723e-05 -1.842987e-05 8.257603e-05
11579.600000 8.050858e-01 -2.847939e-03 1.762118e-03 1.063020e-01 3.831160e-05 -3.058664e-05 -1.994702e-05 7.303496e-05
11579.800000 8.058921e-01 -2.841816e-03 1.923790e-03 1.071289e-01 3.821614e-05 -3.525134e-05 -1.287570e-05 8.406582e-05
11580.000000 8.029307e-01 -2.840349e-03 1.855493e-03 1.053686e-01 4.826526e-05 -3.376453e-05 -2.063236e-05 8.013037e-05
11580.200000 8.055314e-01 -2.874757e-03 1.910541e-03 1.064362e-01 5.528549e-05 -3.052210e-05 -4.334814e-05 8.690384e-05
11580.400000 8.042628e-01 -2.870544e-03 1.712853e-03 1.064096e-01 4.755209e-05 -3.193098e-05 -2.324582e-05 9.257322e-05
11580.600000 8.054474e-01 -2.842993e-03 1.787766e-03 1.062692e-01 4.122958e-05 -2.910937e-05 -2.279173e-05 9.048726e-05
11580.800000 8.049040e-01 -2.803890e-03 1.758401e-03 1.060601e-01 4.481536e-05 -2.739495e-05 -6.548035e-06 8.593871e-05
11581.000000 8.047595e-01 -2.827543e-03 1.559571e-03 1.060142e-01 4.176353e-05 -2.868391e-05 -1.167312e-05 1.105060e-04
11581.200000 8.050399e-01 -2.841662e-03 1.635914e-03 1.060276e-01 5.048237e-05 -3.774467e-05 -7.701659e-06 1.030223e-04
11581.400000 8.051047e-01 -2.806511e-03 1.784437e-03 1.075871e-01 4.918442e-05 -4.179809e-05 -1.251322e-05 9.087840e-05
11581.600000 8.048852e-01 -2.830519e-03 1.690470e-03 1.058483e-01 5.064758e-05 -3.206821e-05 -7.802190e-06 7.405350e-05
11581.800000 8.030454e-01 -2.813483e-03 1.604093e-03 1.059092e-01 4.803691e-05 -3.241300e-05 -7.056772e-06 4.615585e-05
11582.000000 8.043409e-01 -2.836420e-03 1.790946e-03 1.063220e-01 3.852249e-05 -3.195955e-05 -1.794763e-05 6.347990e-05
11582.200000 8.041757e-01 -2.867075e-03 1.782765e-03 1.052931e-01 4.163591e-05 -3.419696e-05 -1.543972e-05 8.088543e-05
11582.400000 8.054346e-01 -2.814491e-03 1.777270e-03 1.064701e-01 4.764242e-05 -3.573233e-05 -1.552332e-05 8.844331e-05
11582.600000 8.042716e-01 -2.816714e-03 1.733444e-03 1.063250e-01 5.570983e-05 -2.839007e-05 -2.515919e-05 8.259885e-05
11582.800000 8.041843e-01 -2.839591e-03 1.854061e-03 1.075123e-01 5.686894e-05 -3.736285e-05 -2.626888e-05 8.465415e-05
11583.000000 8.025181e-01 -2.840186e-03 1.809421e-03 1.044814e-01 5.456793e-05 -4.023458e-05 -3.050666e-05 9.388773e-05
11583.200000 8.048135e-01 -2.834667e-03 1.809334e-03 1.061062e-01 4.086827e-05 -2.199531e-05 -3.340820e-05 9.483793e-05
11583.400000 8.049603e-01 -2.837874e-03 1.817598e-03 1.063570e-01 3.977656e-05 -2.270499e-05 -1.909890e-05 1.022516e-04
11583.600000 8.048432e-01 -2.839702e-03 1.752942e-03 1.051689e-01 3.993911e-05 -2.504399e-05 -1.986771e-05 9.611311e-05
11583.800000 8.041728e-01 -2.849511e-03 1.594552e-03 1.048452e-01 4.177669e-05 -2.514228e-05 -8.950208e-07 1.093810e-04
11584.000000 8.039607e-01 -2.841400e-03 1.813995e-03 1.070091e-01 4.660997e-05 -1.413148e-05 2.142191e-06 1.184727e-04
11584.200000 8.048426e-01 -2.850966e-03 1.665207e-03 1.059292e-01 4.537221e-05 -1.287559e-05 -6.640809e-06 1.082230e-04
11584.400000 8.051847e-01 -2.846792e-03 1.559567e-03 1.055580e-01 4.242977e-05 -9.818521e-06 -1.599516e-05 1.010530e-04
11584.600000 8.005760e-01 -2.862353e-03 1.826133e-03 1.041992e-01 3.844930e-05 -1.935785e-05 -6.303002e-06 1.079527e-04
11584.800000 8.061913e-01 -2.862424e-03 1.715149e-03 1.046410e-01 2.516536e-05 -2.863066e-05 -2.423365e-05 1.000996e-04
11585.000000 8.043071e-01 -2.844563e-03 1.721951e-03 1.044855e-01 3.050320e-05 -2.484217e-05 -2.803239e-05 9.166571e-05
11585.200000 8.022698e-01 -2.829853e-03 1.585188e-03 1.044638e-01 3.177859e-05 -2.353054e-05 -2.627582e-05 9.898460e-05
11585.400000 8.058141e-01 -2.855694e-03 1.760128e-03 1.056439e-01 3.884691e-05 -3.272886e-05 -2.801725e-05 9.092263e-05
11585.600000 8.048815e-01 -2.852662e-03 2.069829e-03 1.038951e-01 4.126631e-05 -3.364289e-05 -2.730663e-05 9.506654e-05
11585.800000 8.056499e-01 -2.869104e-03 1.765945e-03 1.049835e-01 5.584384e-05 -2.881021e-05 -2.439494e-05 9.794898e-05
11586.000000 8.036434e-01 -2.797244e-03 1.671020e-03 1.042139e-01 4.910799e-05 -2.932854e-05 -2.010519e-05 9.836679e-05
11586.200000 8.040545e-01 -2.833684e-03 1.743056e-03 1.046285e-01 5.407038e-05 -3.715062e-05 -2.334846e-05 1.034226e-04
11586.400000 8.039553e-01 -2.845210e-03 1.632269e-03 1.040550e-01 4.938234e-05 -4.697086e-05 -3.032483e-05 9.873887e-05
11586.600000 8.047601e-01 -2.825128e-03 1.713348e-03 1.056197e-01 4.924129e-05 -5.147447e-05 -1.482168e-05 1.066679e-04
11586.800000 8.033073e-01 -2.816110e-03 1.733480e-03 1.042119e-01 5.483709e-05 -4.921787e-05 -2.803050e-05 1.052068e-04
11587.000000 8.051709e-01 -2.814187e-03 1.788289e-03 1.038726e-01 4.495457e-05 -5.394508e-05 -3.649439e-05 9.975346e-05
11587.200000 8.038775e-01 -2.822248e-03 1.909531e-03 1.050149e-01 4.212493e-05 -5.355165e-05 -2.252148e-05 1.149900e-04
11587.400000 8.053484e-01 -2.853501e-03 1.548834e-03 1.056920e-01 4.799051e-05 -4.660365e-05 -1.548833e-05 1.102185e-04
11587.600000 8.038312e-01 -2.787257e-03 1.869200e-03 1.035874e-01 4.803890e-05 -3.798965e-05 -1.507073e-05 1.110088e-04
11587.800000 8.055203e-01 -2.820230e-03 1.947333e-03 1.049074e-01 5.451631e-05 -2.737115e-05 -2.744943e-05 1.035523e-04
11588.000000 8.008287e-01 -2.830686e-03 1.902496e-03 1.045596e-01 5.359407e-05 -3.556784e-05 -2.810651e-05 1.087414e-04
11588.200000 8.032166e-01 -2.851807e-03 1.748695e-03 1.064261e-01 5.138508e-05 -4.505590e-05 -5.490036e-06 1.258817e-04
11588.400000 8.060286e-01 -2.833952e-03 1.789604e-03 1.051550e-01 4.503782e-05 -5.147970e-05 -1.083480e-05 1.281124e-04
11588.600000 8.003271e-01 -2.788975e-03 1.598873e-03 1.054649e-01 3.451402e-05 -4.458585e-05 -2.616192e-06 1.254288e-04
11588.800000 8.063572e-01 -2.841838e-03 1.849427e-03 1.067073e-01 3.194025e-05 -3.851650e-05 -1.045339e-05 9.997225e-05
11589.000000 7.995299e-01 -2.839250e-03 1.786912e-03 1.060375e-01 3.500230e-05 -3.714470e-05 -1.047211e-06 1.026524e-04
11589.200000 8.029091e-01 -2.813290e-03 1.757759e-03 1.069085e-01 4.302004e-05 -3.500297e-05 -3.985532e-06 1.231622e-04
11589.400000 8.045218e-01 -2.805593e-03 1.827099e-03 1.065601e-01 3.460080e-05 -3.925007e-05 -1.853261e-05 1.119302e-04
11589.600000 8.039795e-01 -2.826329e-03 1.863679e-03 1.056524e-01 4.276372e-05 -3.767006e-05 -3.036680e-05 1.156833e-04
11589.800000 8.026565e-01 -2.872753e-03 1.772235e-03 1.062974e-01 3.233439e-05 -3.787945e-05 -3.920020e-05 1.022250e-04
11590.000000 8.028070e-01 -2.851830e-03 1.603096e-03 1.061356e-01 4.151857e-05 -4.372563e-05 -3.796592e-05 9.983837e-05
11590.200000 8.030572e-01 -2.865963e-03 1.780551e-03 1.052327e-01 4.644880e-05 -4.057165e-05 -2.611970e-05 1.141838e-04
11590.400000 7.978991e-01 -2.856467e-03 1.717259e-03 1.053182e-01 5.090266e-05 -3.419977e-05 -4.454458e-05 1.077408e-04
11590.600000 8.061140e-01 -2.873083e-03 1.720883e-03 1.068450e-01 5.873966e-05 -3.943173e-05 -4.553589e-05 1.070279e-04
11590.800000 8.033937e-01 -2.848410e-03 1.961598e-03 1.061278e-01 5.156781e-05 -4.313452e-05 -1.791157e-06 1.029345e-04
11591.000000 8.025278e-01 -2.874858e-03 1.731641e-03 1.067337e-01 4.350934e-05 -3.845366e-05 9.511017e-06 1.159148e-04
11591.200000 8.070301e-01 -2.865984e-03 1.676203e-03 1.067011e-01 3.748210e-05 -4.143614e-05 -1.495134e-05 1.028847e-04
11591.400000 7.986682e-01 -2.764410e-03 1.697357e-03 1.045918e-01 3.252234e-05 -4.636959e-05 -2.235887e-05 9.407485e-05
11591.600000 8.037492e-01 -2.884163e-03 1.676921e-03 1.082366e-01 3.392935e-05 -5.322256e-05 -2.784917e-05 9.492417e-05
11591.800000 8.060562e-01 -2.858044e-03 1.854250e-03 1.090797e-01 3.907939e-05 -4.384894e-05 -2.086245e-05 9.811834e-05
11592.000000 8.033312e-01 -2.823380e-03 1.997158e-03 1.092179e-01 5.220270e-05 -3.467322e-05 1.460030e-05 1.096710e-04
11592.200000 8.035369e-01 -2.894007e-03 1.793870e-03 1.070305e-01 4.864895e-05 -2.771570e-05 -2.748728e-05 9.045979e-05
11592.400000 8.013072e-01 -2.831849e-03 1.693245e-03 1.074454e-01 4.364320e-05 -2.612264e-05 -2.498018e-05 9.337734e-05
11592.600000 7.997690e-01 -2.820739e-03 1.803470e-03 1.090225e-01 3.285063e-05 -1.787940e-05 -1.134727e-05 9.879217e-05
11592.800000 8.063755e-01 -2.903918e-03 1.686955e-03 1.087300e-01 4.251889e-05 -2.015204e-05 -3.883205e-05 1.054032e-04
11593.000000 7.961340e-01 -2.798398e-03 1.690516e-03 1.061350e-01 4.833629e-05 -2.435698e-05 -4.733241e-05 9.130523e-05
11593.200000 8.060644e-01 -2.861665e-03 1.592391e-03 1.070833e-01 5.407125e-05 -1.611205e-05 -4.142060e-05 1.057088e-04
11593.400000 7.998871e-01 -2.818765e-03 1.767808e-03 1.068678e-01 4.605860e-05 -1.841054e-05 -4.207377e-05 9.842568e-05
11593.600000 8.068510e-01 -2.872869e-03 1.798990e-03 1.116914e-01 5.058377e-05 -1.732971e-05 -2.386529e-05 9.178069e-05
11593.800000 8.019978e-01 -2.895962e-03 1.781027e-03 1.077301e-01 5.136135e-05 -1.930824e-06 -3.657969e-05 7.920138e-05
11594.000000 8.054605e-01 -2.794856e-03 1.695685e-03 1.084287e-01 4.415951e-05 -1.441922e-05 -3.934793e-05 8.330894e-05
11594.200000 8.030360e-01 -2.866964e-03 1.462030e-03 1.089644e-01 4.608186e-05 -2.140725e-05 -3.314630e-05 8.793013e-05
11594.400000 8.057089e-01 -2.829881e-03 1.707467e-03 1.090683e-01 3.922939e-05 -1.695600e-05 -3.145975e-05 8.031557e-05
11594.600000 7.945613e-01 -2.808123e-03 1.663059e-03 1.094808e-01 4.549966e-05 -2.834043e-05 -3.024332e-05 9.447498e-05
11594.800000 8.021246e-01 -2.853312e-03 1.670932e-03 1.106536e-01 5.142880e-05 -2.664778e-05 -1.661175e-05 1.124702e-04
11595.000000 8.004954e-01 -2.760281e-03 1.627191e-03 1.077301e-01 4.330382e-05 -2.560347e-05 -2.103361e-05 1.116467e-04
11595.200000 8.025746e-01 -2.844027e-03 1.842375e-03 1.083970e-01 3.940507e-05 -2.276150e-05 -4.609865e-06 1.031119e-04
11595.400000 8.041103e-01 -2.782505e-03 1.693516e-03 1.101924e-01 1.940312e-05 -1.648183e-05 -3.275258e-05 1.103825e-04
11595.600000 7.923837e-01 -2.833364e-03 1.789575e-03 1.068945e-01 4.030409e-05 -2.090029e-05 -2.767010e-05 1.042042e-04
11595.800000 7.988875e-01 -2.802013e-03 1.667942e-03 1.079854e-01 3.432524e-05 -1.970989e-05 -1.844793e-05 1.160084e-04
11596.000000 7.996452e-01 -2.808250e-03 1.691085e-03 1.064688e-01 2.809245e-05 -2.193564e-05 -3.188154e-05 1.021928e-04
11596.200000 8.023130e-01 -2.812739e-03 1.740774e-03 1.120739e-01 3.018653e-05 -2.618035e-05 -3.919651e-05 8.622854e-05
11596.400000 7.965435e-01 -2.810338e-03 1.653869e-03 1.093273e-01 3.261652e-05 -2.355761e-05 -3.774346e-05 9.603763e-05
11596.600000 8.035334e-01 -2.848039e-03 1.839737e-03 1.089075e-01 4.821138e-05 -2.168207e-05 -2.171039e-05 9.334936e-05
11596.800000 7.998461e-01 -2.812068e-03 1.704603e-03 1.086923e-01 3.549648e-05 -2.584414e-05 -1.972700e-05 9.546362e-05
11597.000000 8.002316e-01 -2.829859e-03 1.764838e-03 1.072721e-01 4.436901e-05 -2.661550e-05 -1.713990e-05 1.048095e-04
11597.700000 8.007123e-01 -2.840599e-03 1.667414e-03 1.080418e-01 4.017428e-05 -2.442689e-05 -2.009094e-05 7.025284e-05
11598.400000 8.009990e-01 -2.841546e-03 1.675466e-03 1.083144e-01 4.195087e-05 -3.014581e-05 -1.733954e-05 8.459899e-05
11599.100000 8.013155e-01 -2.845185e-03 1.711794e-03 1.087721e-01 4.558929e-05 -3.403249e-05 -1.342769e-05 9.955970e-05
11599.800000 8.010963e-01 -2.836344e-03 1.743755e-03 1.068410e-01 5.178513e-05 -3.647346e-05 -2.050903e-05 9.258909e-05
11600.500000 8.000455e-01 -2.835171e-03 1.746540e-03 1.067904e-01 5.023274e-05 -2.853118e-05 -3.201287e-05 9.636264e-05
11601.200000 8.001192e-01 -2.836499e-03 1.738304e-03 1.059291e-01 4.100481e-05 -2.950380e-05 -3.549389e-05 1.005607e-04
11601.900000 8.015453e-01 -2.843369e-03 1.812743e-03 1.063717e-01 4.434027e-05 -3.933929e-05 -1.129325e-05 1.100937e-04
11602.600000 8.002058e-01 -2.836179e-03 1.722308e-03 1.059275e-01 4.384816e-05 -3.579410e-05 -8.175466e-06 1.168280e-04
11603.300000 7.994096e-01 -2.832469e-03 1.688618e-03 1.050068e-01 4.099544e-05 -4.306331e-05 -1.736292e-05 1.143659e-04
11604.993695 7.989727e-01 -2.842100e-03 1.681403e-03 1.053110e-01 3.706184e-05 -4.037674e-05 -2.288614e-05 9.931972e-05
11605.999583 7.992037e-01 -2.846227e-03 1.744945e-03 1.053553e-01 4.025707e-05 -3.707569e-05 -1.957903e-05 1.034323e-04
11607.017662 7.983857e-01 -2.837303e-03 1.777182e-03 1.056280e-01 3.937680e-05 -3.278154e-05 -1.299562e-05 1.212812e-04
11608.047933 7.991202e-01 -2.815638e-03 1.752642e-03 1.052613e-01 4.117081e-05 -2.453768e-05 -2.132092e-05 1.263847e-04
11609.090396 7.985285e-01 -2.841662e-03 1.779736e-03 1.051789e-01 4.099467e-05 -2.279985e-05 -2.790550e-05 1.173741e-04
11610.145051 7.980226e-01 -2.841879e-03 1.828048e-03 1.049742e-01 4.858861e-05 -3.129121e-05 -1.854811e-05 1.005124e-04
11611.211898 7.984741e-01 -2.851424e-03 1.782796e-03 1.058505e-01 5.261038e-05 -2.588612e-05 -5.773352e-06 1.115608e-04
11612.290937 7.976960e-01 -2.818969e-03 1.723952e-03 1.063710e-01 6.041200e-05 -2.378283e-05 -2.731307e-05 1.088129e-04
11613.382167 7.981836e-01 -2.818852e-03 1.766617e-03 1.065032e-01 5.525327e-05 -2.933519e-05 -2.824187e-05 1.083420e-04
11614.485590 7.977123e-01 -2.834392e-03 1.780954e-03 1.072285e-01 5.382720e-05 -2.456004e-05 -2.259930e-05 1.117857e-04
11615.601204 7.975580e-01 -2.832392e-03 1.800490e-03 1.071648e-01 5.003722e-05 -3.490103e-05 -2.129066e-05 1.075471e-04
11616.729011 7.972935e-01 -2.829466e-03 1.749888e-03 1.080106e-01 5.287850e-05 -3.432766e-05 -6.613802e-06 1.123033e-04
11617.869009 7.967512e-01 -2.801097e-03 1.730747e-03 1.083929e-01 5.760176e-05 -3.293537e-05 -1.830954e-05 1.087477e-04
11619.021199 7.962157e-01 -2.811421e-03 1.792671e-03 1.088264e-01 5.455403e-05 -2.642159e-05 -1.833378e-05 1.076104e-04
11620.185582 7.968743e-01 -2.840443e-03 1.694306e-03 1.093627e-01 4.340639e-05 -2.730123e-05 -1.218589e-05 9.290548e-05
11621.362156 7.965213e-01 -2.850766e-03 1.659451e-03 1.089208e-01 4.071168e-05 -3.666090e-05 -9.520004e-06 1.100607e-04
11622.550922 7.951402e-01 -2.832731e-03 1.714543e-03 1.094532e-01 3.736878e-05 -4.622630e-05 -8.242851e-06 1.202874e-04
11623.751879 7.946634e-01 -2.842156e-03 1.726834e-03 1.084174e-01 3.321741e-05 -4.464853e-05 -1.089152e-06 1.155375e-04
11624.965029 7.951996e-01 -2.843715e-03 1.703661e-03 1.082499e-01 4.049455e-05 -4.737178e-05 -2.065037e-05 1.053837e-04
11626.190371 7.951148e-01 -2.865941e-03 1.626966e-03 1.093079e-01 3.713715e-05 -3.331378e-05 -6.022410e-06 9.870612e-05
11627.427904 7.949351e-01 -2.855410e-03 1.729294e-03 1.087319e-01 4.661808e-05 -3.214289e-05 -1.580932e-06 9.809150e-05
11628.677630 7.947240e-01 -2.850402e-03 1.728257e-03 1.074302e-01 4.591510e-05 -2.954675e-05 8.081421e-06 1.094996e-04
11629.939547 7.947011e-01 -2.844394e-03 1.684390e-03 1.077942e-01 4.264104e-05 -1.814025e-05 7.909736e-06 1.231359e-04
11631.213657 7.941042e-01 -2.862604e-03 1.700001e-03 1.075598e-01 3.927360e-05 -1.691581e-05 5.585959e-06 1.003788e-04
11632.499958 7.942663e-01 -2.866719e-03 1.769285e-03 1.072521e-01 3.966652e-05 -1.908414e-05 1.183835e-05 1.041697e-04
11633.798451 7.947253e-01 -2.864635e-03 1.740834e-03 1.070378e-01 4.147142e-05 -2.210713e-05 1.277163e-05 1.065065e-04
11635.109136 7.939546e-01 -2.838123e-03 1.713540e-03 1.070313e-01 3.751245e-05 -3.450077e-05 5.694417e-06 9.764699e-05
11636.432013 7.931299e-01 -2.815171e-03 1.715061e-03 1.061471e-01 2.770423e-05 -3.634279e-05 4.646487e-06 1.102901e-04
11637.767082 7.928363e-01 -2.819341e-03 1.823391e-03 1.065552e-01 3.365133e-05 -3.346864e-05 -1.151892e-05 9.132113e-05
11639.114342 7.933627e-01 -2.832999e-03 1.781896e-03 1.064874e-01 4.534743e-05 -3.914885e-05 2.518839e-06 9.146217e-05
11640.473795 7.920164e-01 -2.853263e-03 1.715054e-03 1.055956e-01 4.288907e-05 -3.510184e-05 5.655627e-06 1.046770e-04
11641.845440 7.919187e-01 -2.841934e-03 1.751667e-03 1.056743e-01 5.406224e-05 -3.209633e-05 9.210684e-06 1.137793e-04
11643.229276 7.920327e-01 -2.852759e-03 1.767797e-03 1.051589e-01 4.617010e-05 -3.360281e-05 -9.059043e-06 1.062394e-04
11644.625305 7.923172e-01 -2.858563e-03 1.745140e-03 1.056608e-01 4.447893e-05 -3.534526e-05 -6.465003e-06 9.942675e-05
11646.033525 7.913366e-01 -2.831146e-03 1.710271e-03 1.039568e-01 3.672572e-05 -3.380199e-05 -7.397628e-07 9.637697e-05
11647.453937 7.920997e-01 -2.816565e-03 1.694042e-03 1.051948e-01 3.976272e-05 -3.025489e-05 3.763736e-06 1.085113e-04
11648.886541 7.914023e-01 -2.811523e-03 1.791424e-03 1.056047e-01 4.906427e-05 -2.666359e-05 1.191148e-06 1.021949e-04
11650.331337 7.904239e-01 -2.824854e-03 1.788265e-03 1.048366e-01 4.852139e-05 -2.525232e-05 -1.913793e-06 1.046752e-04
11651.788325 7.905814e-01 -2.814294e-03 1.691770e-03 1.052385e-01 5.357544e-05 -2.680893e-05 6.937235e-06 1.070951e-04
11653.257505 7.901373e-01 -2.811056e-03 1.714247e-03 1.044307e-01 5.224753e-05 -3.150252e-05 -9.120800e-06 1.079866e-04
11654.738877 7.892008e-01 -2.824641e-03 1.743659e-03 1.049936e-01 5.623954e-05 -2.521584e-05 -1.177474e-05 9.959037e-05
11656.232440 7.883285e-01 -2.824925e-03 1.769955e-03 1.054154e-01 5.072914e-05 -2.664362e-05 -2.259073e-06 1.079708e-04
11657.738196 7.873005e-01 -2.866313e-03 1.740229e-03 1.055579e-01 4.295625e-05 -2.295759e-05 -9.964440e-06 1.001115e-04
11659.256143 7.868585e-01 -2.866155e-03 1.727304e-03 1.060017e-01 4.024896e-05 -1.925271e-05 1.655302e-06 1.009461e-04
11660.786283 7.887673e-01 -2.845077e-03 1.673829e-03 1.061010e-01 4.631186e-05 -2.212884e-05 4.274199e-06 1.064511e-04
11662.328614 7.880357e-01 -2.859113e-03 1.692281e-03 1.059141e-01 4.061342e-05 -3.205506e-05 7.431564e-06 1.108593e-04
11663.883137 7.868035e-01 -2.853161e-03 1.688792e-03 1.066415e-01 3.446771e-05 -2.872362e-05 -3.985284e-07 9.985801e-05
11665.449852 7.879129e-01 -2.849381e-03 1.701910e-03 1.062701e-01 3.271815e-05 -3.277840e-05 -6.666925e-07 9.143964e-05
11667.028759 7.873211e-01 -2.840198e-03 1.676056e-03 1.070347e-01 3.070478e-05 -4.208195e-05 -1.849934e-06 1.087116e-04
11668.619858 7.878918e-01 -2.847712e-03 1.684770e-03 1.055502e-01 3.415240e-05 -3.491339e-05 1.412697e-08 1.101452e-04
11670.223149 7.865774e-01 -2.852278e-03 1.667230e-03 1.069037e-01 4.473231e-05 -2.081477e-05 -4.853882e-06 9.506060e-05
11671.838632 7.836586e-01 -2.841276e-03 1.756931e-03 1.059403e-01 5.331339e-05 -1.765318e-05 -1.401460e-05 9.931873e-05
11673.466307 7.851281e-01 -2.825515e-03 1.717756e-03 1.063639e-01 5.725026e-05 -2.090837e-05 -1.036174e-05 8.017874e-05
11675.106173 7.872407e-01 -2.853894e-03 1.633494e-03 1.063384e-01 4.771316e-05 -2.922134e-05 -1.259017e-05 9.269720e-05
11676.758232 7.859796e-01 -2.851642e-03 1.730947e-03 1.063159e-01 4.583065e-05 -3.776296e-05 2.789817e-07 9.265079e-05
11678.422482 7.878647e-01 -2.849076e-03 1.699459e-03 1.069995e-01 4.799087e-05 -3.356914e-05 -2.336845e-06 9.484189e-05
11680.098924 7.856825e-01 -2.854859e-03 1.651349e-03 1.070092e-01 5.200179e-05 -2.356422e-05 6.102750e-06 1.046383e-04
11681.787558 7.846064e-01 -2.848676e-03 1.715132e-03 1.065916e-01 5.464338e-05 -2.099095e-05 -1.370788e-05 1.088185e-04
11683.488385 7.845611e-01 -2.867931e-03 1.701257e-03 1.073861e-01 5.613578e-05 -2.914894e-05 -2.539076e-05 1.002283e-04
11685.201403 7.852306e-01 -2.834051e-03 1.758838e-03 1.074202e-01 4.663274e-05 -2.838173e-05 -1.507318e-05 1.048361e-04
11686.926613 7.848336e-01 -2.839491e-03 1.676356e-03 1.068812e-01 4.966069e-05 -3.117435e-05 -1.473194e-05 9.162685e-05
11688.664014 7.844953e-01 -2.844874e-03 1.692643e-03 1.074434e-01 4.538659e-05 -3.032387e-05 -3.939092e-06 9.648760e-05
11690.413608 7.824412e-01 -2.848991e-03 1.744973e-03 1.067179e-01 4.938503e-05 -2.452800e-05 2.946950e-06 1.114588e-04
11692.175394 7.832766e-01 -2.855890e-03 1.794371e-03 1.071508e-01 4.743437e-05 -1.880938e-05 -5.883182e-06 1.152863e-04
11693.949371 7.828398e-01 -2.835798e-03 1.682537e-03 1.062014e-01 3.755410e-05 -2.214275e-05 -2.147090e-05 1.175549e-04
11695.735541 7.813070e-01 -2.817914e-03 1.687695e-03 1.056374e-01 4.078079e-05 -1.987940e-05 -5.992617e-06 1.295331e-04
11697.533902 7.829324e-01 -2.825236e-03 1.756652e-03 1.065226e-01 3.645728e-05 -2.704096e-05 -1.338116e-05 1.160832e-04
11699.344455 7.824931e-01 -2.822813e-03 1.734976e-03 1.055025e-01 3.865609e-05 -3.277942e-05 -1.776898e-05 1.132526e-04
11701.167201 7.802645e-01 -2.821977e-03 1.723815e-03 1.053205e-01 3.753194e-05 -3.445826e-05 -1.730776e-05 9.977386e-05
11703.002138 7.785249e-01 -2.827144e-03 1.719666e-03 1.055892e-01 5.020819e-05 -2.987309e-05 -9.886241e-06 9.598130e-05
11704.849267 7.802907e-01 -2.838080e-03 1.710073e-03 1.060569e-01 5.621622e-05 -2.422961e-05 -2.695154e-06 9.704902e-05
11706.708588 7.816454e-01 -2.808894e-03 1.725396e-03 1.058284e-01 5.322947e-05 -2.490018e-05 1.153068e-06 1.034915e-04
11708.580100 7.812696e-01 -2.824160e-03 1.693539e-03 1.057118e-01 5.356735e-05 -2.868808e-05 -2.187208e-06 9.317436e-05
11710.463805 7.803995e-01 -2.826263e-03 1.762229e-03 1.053157e-01 4.341452e-05 -2.877072e-05 -1.750652e-05 1.016406e-04
11712.359702 7.790881e-01 -2.853435e-03 1.776168e-03 1.055587e-01 4.349256e-05 -2.698918e-05 -2.603164e-05 9.878627e-05
11714.267790 7.791642e-01 -2.847430e-03 1.733376e-03 1.060219e-01 4.335583e-05 -2.730219e-05 -2.818889e-05 1.012088e-04
11716.188071 7.788983e-01 -2.870184e-03 1.722107e-03 1.058759e-01 3.624639e-05 -3.008003e-05 -1.253255e-05 1.072728e-04
11718.120543 7.782654e-01 -2.831313e-03 1.756239e-03 1.069785e-01 2.889047e-05 -3.375508e-05 -5.066831e-06 1.138903e-04
11720.065207 7.780681e-01 -2.846069e-03 1.717412e-03 1.057978e-01 3.053294e-05 -3.690686e-05 -5.335543e-06 1.064283e-04
11722.022064 7.774864e-01 -2.849134e-03 1.734548e-03 1.062751e-01 3.765667e-05 -2.997197e-05 -1.600419e-05 1.225619e-04
11723.991112 7.774839e-01 -2.832857e-03 1.753517e-03 1.066848e-01 3.919496e-05 -3.158979e-05 -2.868919e-05 1.141554e-04
11725.972352 7.783642e-01 -2.840626e-03 1.707852e-03 1.068874e-01 3.028714e-05 -3.198038e-05 -1.975961e-05 1.089588e-04
11727.965784 7.768732e-01 -2.856864e-03 1.748842e-03 1.068536e-01 3.354657e-05 -3.845536e-05 -6.745616e-06 1.190149e-04
11729.971407 7.766981e-01 -2.841401e-03 1.668947e-03 1.069042e-01 3.801406e-05 -4.617031e-05 -1.284758e-05 1.147184e-04
11731.989223 7.752609e-01 -2.847218e-03 1.708355e-03 1.070331e-01 4.516959e-05 -3.854129e-05 -2.069695e-05 1.157948e-04
11734.019231 7.757642e-01 -2.849381e-03 1.727951e-03 1.066229e-01 4.368361e-05 -3.607093e-05 -1.144199e-05 1.123690e-04
11736.061430 7.757648e-01 -2.848719e-03 1.667178e-03 1.074403e-01 4.445436e-05 -3.406189e-05 9.443840e-06 1.255761e-04
11738.115822 7.740816e-01 -2.836507e-03 1.662052e-03 1.066251e-01 4.176941e-05 -2.857265e-05 -1.675774e-06 1.184104e-04
11740.182405 7.749152e-01 -2.844280e-03 1.699681e-03 1.064203e-01 4.074325e-05 -2.645593e-05 -4.248413e-06 1.204734e-04
11742.261180 7.710451e-01 -2.825997e-03 1.757098e-03 1.070520e-01 4.341967e-05 -2.849773e-05 -2.009480e-05 1.168615e-04
11744.352148 7.716890e-01 -2.836545e-03 1.733255e-03 1.073050e-01 4.825870e-05 -2.669884e-05 -1.393394e-05 1.270070e-04
11746.455307 7.730609e-01 -2.837490e-03 1.711800e-03 1.065379e-01 5.643100e-05 -3.126394e-05 -5.055571e-06 1.241920e-04
11748.570658 7.744396e-01 -2.837277e-03 1.621257e-03 1.071555e-01 5.430918e-05 -3.225698e-05 -5.117937e-07 1.167548e-04
11750.698201 7.729970e-01 -2.821545e-03 1.735513e-03 1.073328e-01 4.948860e-05 -2.450320e-05 -9.867434e-06 1.123774e-04
11752.837935 7.726738e-01 -2.824971e-03 1.842558e-03 1.074753e-01 5.795657e-05 -3.274603e-05 -1.368683e-05 1.093123e-04
11754.989862 7.724562e-01 -2.837038e-03 1.693827e-03 1.068603e-01 4.234168e-05 -4.259027e-05 -2.398259e-05 1.054102e-04
11757.153981 7.707800e-01 -2.841777e-03 1.721577e-03 1.064264e-01 5.561318e-05 -3.935988e-05 -2.494628e-05 1.027930e-04
11759.330291 7.695241e-01 -2.829786e-03 1.697815e-03 1.061041e-01 5.870779e-05 -2.948547e-05 -2.825840e-05 1.127208e-04
11761.518794 7.674874e-01 -2.809091e-03 1.766095e-03 1.068763e-01 5.035000e-05 -2.038151e-05 -2.658678e-05 1.228915e-04
11763.719488 7.690325e-01 -2.842777e-03 1.760688e-03 1.065690e-01 5.535475e-05 -2.061290e-05 -3.964118e-05 1.075623e-04
11765.932374 7.700753e-01 -2.857703e-03 1.760812e-03 1.065341e-01 6.004128e-05 -1.447600e-05 -4.155523e-05 1.091663e-04
11768.157453 7.689041e-01 -2.865907e-03 1.722051e-03 1.061128e-01 5.257625e-05 -1.198964e-05 -3.868950e-05 1.146615e-04
11770.394723 7.691504e-01 -2.852122e-03 1.780912e-03 1.064640e-01 4.923974e-05 -3.021187e-05 -2.609098e-05 1.189792e-04
11772.644185 7.672523e-01 -2.829584e-03 1.664059e-03 1.058371e-01 5.763251e-05 -2.517770e-05 -2.010912e-05 1.059578e-04
11774.905838 7.685698e-01 -2.842981e-03 1.636480e-03 1.067236e-01 5.457164e-05 -2.467772e-05 -2.819165e-05 1.021201e-04
11777.179684 7.670633e-01 -2.825711e-03 1.736490e-03 1.066251e-01 5.749721e-05 -2.616679e-05 -3.410254e-05 1.006200e-04
11779.465722 7.661665e-01 -2.849930e-03 1.773216e-03 1.067150e-01 5.277518e-05 -1.778985e-05 -3.590294e-05 9.220454e-05
11781.763952 7.656214e-01 -2.835179e-03 1.754122e-03 1.061480e-01 4.742936e-05 -2.149533e-05 -3.363308e-05 9.062770e-05
11784.074373 7.671178e-01 -2.845231e-03 1.633618e-03 1.071585e-01 4.641914e-05 -3.644426e-05 -2.810992e-05 9.192638e-05
11786.396987 7.648983e-01 -2.822457e-03 1.663082e-03 1.063574e-01 4.785722e-05 -3.272271e-05 -3.152147e-05 9.958993e-05
11788.731792 7.659803e-01 -2.829758e-03 1.793272e-03 1.069691e-01 4.609907e-05 -3.513926e-05 -3.128833e-05 1.057877e-04
11791.078789 7.653292e-01 -2.832954e-03 1.683477e-03 1.070705e-01 4.868926e-05 -3.713095e-05 -2.970313e-05 1.023364e-04
11793.437978 7.661354e-01 -2.845071e-03 1.693066e-03 1.076661e-01 4.683099e-05 -5.009838e-05 -2.438506e-05 9.969967e-05
11795.809359 7.613035e-01 -2.836749e-03 1.662986e-03 1.066169e-01 4.760061e-05 -5.358403e-05 -2.210713e-05 1.213185e-04
11798.192932 7.595018e-01 -2.827701e-03 1.712472e-03 1.065991e-01 5.669014e-05 -5.074482e-05 -1.847737e-05 1.107876e-04
11800.588697 7.621491e-01 -2.836076e-03 1.815147e-03 1.066510e-01 4.635027e-05 -4.344977e-05 -2.788476e-05 1.109976e-04
11802.996654 7.618085e-01 -2.835138e-03 1.711058e-03 1.072211e-01 4.247030e-05 -4.074909e-05 -3.193552e-05 1.111461e-04
11805.416803 7.632006e-01 -2.839065e-03 1.723936e-03 1.064387e-01 4.604551e-05 -4.212691e-05 -3.972132e-05 1.130023e-04
11807.849143 7.627354e-01 -2.855380e-03 1.736760e-03 1.068803e-01 5.019699e-05 -3.611665e-05 -4.031479e-05 1.103785e-04
11810.293676 7.614052e-01 -2.834210e-03 1.704825e-03 1.067931e-01 6.008318e-05 -3.412625e-05 -3.448488e-05 1.189214e-04
11812.750400 7.594233e-01 -2.823640e-03 1.799545e-03 1.062382e-01 6.138758e-05 -4.835056e-05 -3.868744e-05 1.225346e-04
11815.219317 7.616505e-01 -2.820350e-03 1.730601e-03 1.067853e-01 6.266857e-05 -5.202337e-05 -4.260277e-05 1.173172e-04
11817.700425 7.599086e-01 -2.850927e-03 1.684284e-03 1.065901e-01 6.711736e-05 -5.089595e-05 -3.629664e-05 1.121102e-04
11820.193725 7.618208e-01 -2.858976e-03 1.752206e-03 1.063054e-01 6.356092e-05 -4.872710e-05 -4.213194e-05 1.061775e-04
11822.699217 7.582893e-01 -2.859035e-03 1.708289e-03 1.066628e-01 5.192594e-05 -4.052702e-05 -3.995072e-05 1.080917e-04
11825.216901 7.605432e-01 -2.871420e-03 1.727586e-03 1.081650e-01 4.923544e-05 -4.034461e-05 -3.917440e-05 1.058499e-04
11827.746777 7.614498e-01 -2.853836e-03 1.700235e-03 1.074515e-01 4.543764e-05 -3.547291e-05 -2.376165e-05 1.129496e-04
11830.288845 7.603347e-01 -2.853743e-03 1.766380e-03 1.066445e-01 4.024707e-05 -3.881127e-05 -3.064897e-05 1.156977e-04
11832.843105 7.570057e-01 -2.853197e-03 1.760447e-03 1.069805e-01 4.504211e-05 -3.492553e-05 -3.165418e-05 1.195994e-04
11835.409556 7.585630e-01 -2.878504e-03 1.741009e-03 1.067931e-01 5.033956e-05 -3.294400e-05 -3.220651e-05 1.143003e-04
11837.988200 7.523329e-01 -2.885965e-03 1.813883e-03 1.063053e-01 3.821360e-05 -4.219051e-05 -3.913761e-05 1.192858e-04
11840.579035 7.544685e-01 -2.870789e-03 1.736627e-03 1.060179e-01 4.375784e-05 -3.462137e-05 -2.457332e-05 1.127697e-04
11843.182062 7.573960e-01 -2.884331e-03 1.665093e-03 1.066384e-01 3.944039e-05 -2.803758e-05 -2.307988e-05 1.114196e-04
11845.797282 7.578536e-01 -2.886116e-03 1.768075e-03 1.068077e-01 3.563439e-05 -3.655078e-05 -1.974144e-05 9.560349e-05
11848.424693 7.561938e-01 -2.888655e-03 1.760041e-03 1.065914e-01 4.744305e-05 -4.870878e-05 -9.721463e-06 8.862221e-05
11851.064296 7.554858e-01 -2.876526e-03 1.747531e-03 1.061183e-01 5.323498e-05 -5.304309e-05 -2.640665e-05 1.019949e-04
11853.716091 7.537874e-01 -2.862121e-03 1.720625e-03 1.058402e-01 5.462519e-05 -4.775415e-05 -2.915685e-05 1.005699e-04
11856.380078 7.545238e-01 -2.861097e-03 1.795417e-03 1.067343e-01 5.407084e-05 -4.070874e-05 -1.954587e-05 8.973168e-05
11859.056256 7.544545e-01 -2.869793e-03 1.740404e-03 1.064280e-01 5.561626e-05 -4.606339e-05 -1.703407e-05 9.727915e-05
11861.744627 7.531039e-01 -2.869709e-03 1.683137e-03 1.062209e-01 6.222414e-05 -4.379407e-05 -1.527988e-05 1.083124e-04
11864.445190 7.506607e-01 -2.861523e-03 1.738313e-03 1.062161e-01 7.185844e-05 -3.088902e-05 -1.938365e-05 1.056806e-04
11867.157944 7.524063e-01 -2.849171e-03 1.744061e-03 1.066205e-01 7.095810e-05 -3.883508e-05 -1.744827e-05 1.129101e-04
11869.882891 7.524505e-01 -2.867138e-03 1.753510e-03 1.068214e-01 6.482642e-05 -4.108892e-05 -2.218284e-05 9.586554e-05
11872.620029 7.525986e-01 -2.866563e-03 1.740622e-03 1.070495e-01 5.699438e-05 -4.163935e-05 -2.136538e-05 9.649354e-05
11875.369359 7.505091e-01 -2.865418e-03 1.761439e-03 1.061839e-01 5.999746e-05 -4.364184e-05 -1.554654e-05 1.051234e-04
11878.130881 7.514859e-01 -2.853783e-03 1.682555e-03 1.061396e-01 5.714352e-05 -4.072797e-05 1.849013e-06 1.018614e-04
11880.904595 7.505054e-01 -2.858707e-03 1.715855e-03 1.076430e-01 5.335086e-05 -3.688535e-05 -7.887218e-06 1.081712e-04
11883.690501 7.502241e-01 -2.862778e-03 1.737827e-03 1.073138e-01 5.352460e-05 -4.775356e-05 -1.207232e-05 1.014194e-04
11886.488599 7.496532e-01 -2.854803e-03 1.729713e-03 1.071614e-01 5.224440e-05 -6.085761e-05 -2.950154e-05 7.882381e-05
11889.298889 7.489402e-01 -2.861105e-03 1.722453e-03 1.075279e-01 5.070070e-05 -4.999967e-05 -1.633210e-05 9.594858e-05
11892.121371 7.487012e-01 -2.864012e-03 1.649127e-03 1.071016e-01 4.298095e-05 -5.493003e-05 -1.520161e-05 1.043555e-04
11894.956044 7.429543e-01 -2.873539e-03 1.722211e-03 1.073992e-01 5.390242e-05 -5.032716e-05 -1.057121e-05 1.008870e-04
11897.802910 7.396065e-01 -2.853222e-03 1.736987e-03 1.058730e-01 6.500817e-05 -4.424801e-05 -1.931907e-05 1.003890e-04
11900.661967 7.458892e-01 -2.854373e-03 1.718653e-03 1.070445e-01 7.534174e-05 -4.079762e-05 -2.265250e-05 9.895004e-05
11903.533217 7.460838e-01 -2.849790e-03 1.790382e-03 1.065315e-01 6.729738e-05 -3.737335e-05 -1.992159e-05 9.970417e-05
11906.416658 7.457587e-01 -2.848853e-03 1.757291e-03 1.062632e-01 5.769388e-05 -2.830279e-05 -1.395660e-05 9.666157e-05
11909.312291 7.452153e-01 -2.865588e-03 1.731985e-03 1.064271e-01 5.345218e-05 -3.160726e-05 -1.183903e-05 1.000780e-04
11912.220116 7.443703e-01 -2.853541e-03 1.734342e-03 1.067785e-01 6.094450e-05 -3.186205e-05 -2.911225e-06 1.114244e-04
11915.140133 7.453633e-01 -2.837900e-03 1.725517e-03 1.071683e-01 6.441683e-05 -3.846475e-05 -3.893286e-06 1.098522e-04
11918.072342 7.440432e-01 -2.850188e-03 1.819698e-03 1.065927e-01 6.615828e-05 -4.249491e-05 -2.506872e-05 1.051659e-04
11921.016743 7.382324e-01 -2.847087e-03 1.724152e-03 1.054167e-01 7.142640e-05 -3.938615e-05 -2.173129e-05 1.156093e-04
11923.973335 7.384425e-01 -2.851031e-03 1.700593e-03 1.060567e-01 7.166595e-05 -3.509259e-05 -1.800822e-05 1.080386e-04
11926.942120 7.433510e-01 -2.851695e-03 1.700688e-03 1.067676e-01 6.531368e-05 -2.622855e-05 -9.016631e-06 1.052608e-04
11929.923096 7.424764e-01 -2.844752e-03 1.741132e-03 1.069856e-01 6.237374e-05 -3.412957e-05 -2.575799e-05 1.080668e-04
11932.916265 7.422034e-01 -2.835113e-03 1.736623e-03 1.070674e-01 5.597993e-05 -2.675510e-05 -3.943187e-05 1.172084e-04
11935.921625 7.423266e-01 -2.826621e-03 1.708895e-03 1.069495e-01 6.062053e-05 -3.235009e-05 -2.690186e-05 1.154974e-04
11938.939177 7.424628e-01 -2.828877e-03 1.683861e-03 1.071046e-01 5.994824e-05 -2.699368e-05 -1.825689e-05 1.061004e-04
11941.968921 7.409626e-01 -2.843677e-03 1.737488e-03 1.069876e-01 5.903642e-05 -2.521295e-05 -3.366494e-05 8.698007e-05
11945.010858 7.403648e-01 -2.837719e-03 1.686458e-03 1.068840e-01 5.470488e-05 -1.860875e-05 -2.533913e-05 1.030390e-04
11948.064985 7.395571e-01 -2.842577e-03 1.758123e-03 1.068165e-01 5.321662e-05 -2.064816e-05 -2.972460e-05 1.165699e-04
11951.131305 7.385188e-01 -2.831994e-03 1.737248e-03 1.070315e-01 5.576082e-05 -2.541043e-05 -9.443300e-06 1.117965e-04
11954.209817 7.386587e-01 -2.833557e-03 1.675329e-03 1.075879e-01 4.291186e-05 -2.362053e-05 -1.159420e-05 1.022373e-04
11957.300521 7.380223e-01 -2.822441e-03 1.756408e-03 1.084935e-01 3.832552e-05 -2.814134e-05 -1.156925e-05 1.051368e-04
11960.403416 7.383242e-01 -2.844269e-03 1.760913e-03 1.073449e-01 4.432768e-05 -2.926575e-05 -2.186685e-05 1.010668e-04
11963.518504 7.385516e-01 -2.861889e-03 1.719934e-03 1.070363e-01 4.333084e-05 -3.177373e-05 -1.225725e-05 9.414609e-05
11966.645783 7.364205e-01 -2.859055e-03 1.695967e-03 1.064499e-01 3.534856e-05 -3.703387e-05 -1.860157e-05 1.031001e-04
11969.785255 7.349885e-01 -2.842339e-03 1.741414e-03 1.075067e-01 4.003306e-05 -3.513021e-05 -2.084619e-05 9.348618e-05
11972.936918 7.347773e-01 -2.849859e-03 1.737295e-03 1.071843e-01 5.884548e-05 -4.196126e-05 -3.156138e-05 8.550481e-05
11976.100773 7.344773e-01 -2.860922e-03 1.765517e-03 1.073369e-01 6.261747e-05 -3.651179e-05 -2.181147e-05 9.358415e-05
11979.276820 7.337361e-01 -2.855813e-03 1.746791e-03 1.079491e-01 6.413126e-05 -3.498292e-05 -2.248003e-05 9.456020e-05
11982.465059 7.338747e-01 -2.851321e-03 1.790537e-03 1.076021e-01 6.497594e-05 -3.804118e-05 -1.873937e-05 1.013134e-04
11985.665490 7.331856e-01 -2.837336e-03 1.711483e-03 1.072945e-01 6.327764e-05 -2.961610e-05 -1.968499e-05 1.140852e-04
11988.878112 7.326477e-01 -2.846754e-03 1.751376e-03 1.074782e-01 5.491933e-05 -3.777581e-05 -2.585193e-05 8.334400e-05
11992.102927 7.328020e-01 -2.858308e-03 1.713272e-03 1.070308e-01 4.909147e-05 -3.999558e-05 -2.078179e-05 8.859876e-05
11995.339934 7.321435e-01 -2.859109e-03 1.692215e-03 1.075937e-01 4.754089e-05 -3.636380e-05 -2.957503e-05 9.123907e-05
11998.589132 7.316488e-01 -2.864164e-03 1.729314e-03 1.095796e-01 4.583816e-05 -3.267035e-05 -2.734837e-05 8.587162e-05
12001.850523 7.303256e-01 -2.870276e-03 1.733328e-03 1.111711e-01 4.536975e-05 -3.260974e-05 -1.784829e-05 9.414184e-05
12005.124105 7.290172e-01 -2.866021e-03 1.751149e-03 1.110062e-01 4.597804e-05 -3.042442e-05 -2.693061e-05 8.082794e-05
12008.409879 7.285761e-01 -2.875768e-03 1.705631e-03 1.101654e-01 5.499762e-05 -3.942015e-05 -2.239923e-05 8.420527e-05
12011.707845 7.293865e-01 -2.886274e-03 1.747645e-03 1.083542e-01 4.067918e-05 -4.063343e-05 -3.519324e-05 7.788718e-05
12015.018003 7.290369e-01 -2.861600e-03 1.748809e-03 1.072016e-01 3.577427e-05 -4.301243e-05 -3.371567e-05 8.611054e-05
12018.340353 7.286831e-01 -2.831558e-03 1.750418e-03 1.074484e-01 3.901619e-05 -4.489125e-05 -2.045831e-05 9.336413e-05
12021.674895 7.286481e-01 -2.867704e-03 1.792855e-03 1.086497e-01 3.549299e-05 -3.113896e-05 -1.862446e-05 9.184037e-05
12025.021629 7.276599e-01 -2.836941e-03 1.771978e-03 1.151182e-01 3.231597e-05 -2.574599e-05 -2.807500e-05 9.593279e-05
12028.380554 7.272573e-01 -2.854073e-03 1.755932e-03 1.245873e-01 3.949206e-05 -2.031377e-05 -3.420474e-05 7.978948e-05
12031.751672 7.267271e-01 -2.829666e-03 1.704545e-03 1.296270e-01 5.317720e-05 -2.430851e-05 -3.296344e-05 9.684693e-05
12035.134982 7.260456e-01 -2.842295e-03 1.721780e-03 1.247688e-01 4.974384e-05 -3.619502e-05 -3.470323e-05 1.005456e-04
12038.530483 7.249419e-01 -2.840497e-03 1.740186e-03 1.149380e-01 4.702416e-05 -3.004612e-05 -2.866537e-05 1.023835e-04
12041.938176 7.243802e-01 -2.844405e-03 1.753391e-03 1.079156e-01 4.840858e-05 -2.404010e-05 -2.534674e-05 7.599372e-05
12045.358061 7.184996e-01 -2.836035e-03 1.727694e-03 1.064708e-01 5.218408e-05 -1.745287e-05 -1.994753e-05 6.528108e-05
12048.790139 7.122451e-01 -2.840674e-03 1.699170e-03 1.050507e-01 4.853685e-05 -1.990395e-05 -1.823492e-05 1.010187e-04
12052.234408 7.209816e-01 -2.845490e-03 1.759151e-03 1.066820e-01 4.832389e-05 -1.360257e-05 -3.209504e-05 1.047309e-04
12055.690868 7.217273e-01 -2.846956e-03 1.742603e-03 1.070675e-01 4.662973e-05 -1.343824e-05 -3.647877e-05 9.184181e-05
12059.159521 7.215943e-01 -2.848921e-03 1.723498e-03 1.072983e-01 3.912129e-05 -1.389887e-05 -2.668278e-05 9.251973e-05
12062.640366 7.205342e-01 -2.822792e-03 1.712375e-03 1.086935e-01 3.657201e-05 -1.402052e-05 -2.380455e-05 9.547035e-05
12066.133403 7.205084e-01 -2.836116e-03 1.686210e-03 1.103917e-01 4.112533e-05 -1.578868e-05 -1.851567e-05 1.035114e-04
12069.638631 7.196746e-01 -2.825846e-03 1.732054e-03 1.099809e-01 4.802879e-05 -1.719609e-05 -1.498642e-05 1.013199e-04
12073.156052 7.187228e-01 -2.840087e-03 1.715724e-03 1.089548e-01 4.528857e-05 -1.828438e-05 -2.622040e-05 9.303877e-05
12076.685664 7.180505e-01 -2.858053e-03 1.720390e-03 1.073255e-01 4.085227e-05 -2.236812e-05 -3.420223e-05 8.604134e-05
12080.227468 7.175910e-01 -2.875166e-03 1.716883e-03 1.072979e-01 4.547666e-05 -1.496415e-05 -2.337060e-05 8.742708e-05
12083.781465 7.171710e-01 -2.857682e-03 1.712356e-03 1.068360e-01 4.193832e-05 -1.813091e-05 -2.753586e-05 9.192716e-05
12087.347653 7.163197e-01 -2.871591e-03 1.714951e-03 1.071678e-01 3.557169e-05 -2.396525e-05 -2.749357e-05 9.771792e-05
12090.926033 7.162898e-01 -2.859466e-03 1.709434e-03 1.075094e-01 3.855072e-05 -3.074277e-05 -2.840679e-05 6.735114e-05
12094.516605 7.156063e-01 -2.850851e-03 1.736288e-03 1.071776e-01 5.139394e-05 -3.771490e-05 -3.462081e-05 6.539545e-05
12098.119369 7.138230e-01 -2.853876e-03 1.744234e-03 1.063922e-01 5.286372e-05 -3.225374e-05 -4.551132e-05 7.865037e-05
12101.734324 7.142099e-01 -2.846592e-03 1.669808e-03 1.068367e-01 5.093722e-05 -3.381886e-05 -2.522676e-05 9.652345e-05
12105.361472 7.144496e-01 -2.833012e-03 1.701249e-03 1.074833e-01 6.587112e-05 -3.590433e-05 -2.779523e-05 1.002506e-04
12109.000811 7.143179e-01 -2.864799e-03 1.699468e-03 1.071604e-01 5.883579e-05 -2.599624e-05 -3.822688e-05 8.428632e-05
12112.652343 7.136712e-01 -2.865194e-03 1.682905e-03 1.066887e-01 5.349753e-05 -2.648004e-05 -3.120298e-05 8.039142e-05
12116.316066 7.117026e-01 -2.849262e-03 1.724421e-03 1.070574e-01 6.401705e-05 -3.488874e-05 -2.617557e-05 7.746573e-05
12119.991982 7.111671e-01 -2.851437e-03 1.719143e-03 1.067398e-01 6.618378e-05 -3.390823e-05 -3.658746e-05 8.934414e-05
12123.680089 7.123152e-01 -2.842690e-03 1.713991e-03 1.071559e-01 7.005677e-05 -3.710735e-05 -3.234237e-05 8.363953e-05
12127.380388 7.107189e-01 -2.830019e-03 1.702115e-03 1.066602e-01 6.608135e-05 -3.657242e-05 -2.034937e-05 9.294576e-05
12131.092879 7.105686e-01 -2.829628e-03 1.743640e-03 1.074014e-01 6.789189e-05 -4.010676e-05 -2.844520e-05 9.392247e-05
12134.817562 7.106222e-01 -2.844315e-03 1.737484e-03 1.076590e-01 6.253019e-05 -2.947501e-05 -3.396611e-05 9.910158e-05
12138.554437 7.089127e-01 -2.846531e-03 1.738948e-03 1.080455e-01 6.107823e-05 -3.585876e-05 -2.053413e-05 9.671751e-05
12142.303503 7.085401e-01 -2.843656e-03 1.708679e-03 1.071865e-01 5.582311e-05 -4.093607e-05 -2.114473e-05 1.020214e-04
12146.064762 7.078070e-01 -2.842927e-03 1.741576e-03 1.072248e-01 5.632476e-05 -3.605233e-05 -3.361454e-05 9.615426e-05
12149.838213 7.065443e-01 -2.849003e-03 1.736376e-03 1.064585e-01 5.642484e-05 -3.122999e-05 -2.787063e-05 9.474947e-05
12153.623855 7.060655e-01 -2.830597e-03 1.715204e-03 1.064947e-01 5.279519e-05 -2.870746e-05 -2.261357e-05 1.007432e-04
12157.421689 7.053343e-01 -2.830120e-03 1.741329e-03 1.067712e-01 4.188586e-05 -4.216491e-05 -1.313743e-05 1.016146e-04
12161.231716 7.048592e-01 -2.844426e-03 1.713603e-03 1.067445e-01 3.738973e-05 -4.070358e-05 -1.264487e-05 1.005033e-04
12165.053934 7.034987e-01 -2.844442e-03 1.729888e-03 1.068383e-01 3.426458e-05 -3.503622e-05 -1.799111e-05 8.770847e-05
12168.888344 7.026335e-01 -2.830382e-03 1.731874e-03 1.078825e-01 4.040911e-05 -3.432832e-05 -1.445521e-05 9.504417e-05
12172.734946 7.007697e-01 -2.828544e-03 1.718016e-03 1.132487e-01 4.288897e-05 -4.090632e-05 -1.100253e-05 1.004769e-04
12176.593740 7.019945e-01 -2.818515e-03 1.705221e-03 1.259410e-01 3.833288e-05 -3.559549e-05 -1.889073e-05 9.812647e-05
12180.464726 7.013988e-01 -2.844941e-03 1.698543e-03 1.304859e-01 3.579549e-05 -3.098867e-05 -2.810803e-05 9.366958e-05
12184.347903 7.013214e-01 -2.837456e-03 1.707105e-03 1.258119e-01 2.394976e-05 -4.078332e-05 -1.557666e-05 8.967916e-05
12188.243273 7.001881e-01 -2.836313e-03 1.762513e-03 1.178113e-01 2.872173e-05 -4.525856e-05 -4.049524e-06 1.016139e-04
12192.150835 7.000562e-01 -2.829382e-03 1.725885e-03 1.102306e-01 3.754424e-05 -4.286746e-05 -1.155829e-05 1.031548e-04
12196.070588 6.991947e-01 -2.823550e-03 1.767987e-03 1.067549e-01 4.318164e-05 -4.288620e-05 -3.481808e-06 1.003380e-04
12200.002533 6.991117e-01 -2.833905e-03 1.714539e-03 1.067858e-01 4.137247e-05 -3.719678e-05 -5.477399e-06 9.694559e-05
12203.946671 6.980499e-01 -2.833812e-03 1.737863e-03 1.068690e-01 3.785794e-05 -3.813296e-05 -5.595271e-06 1.072759e-04
12207.903000 6.969385e-01 -2.843270e-03 1.761536e-03 1.067957e-01 3.851307e-05 -3.535418e-05 -1.556892e-05 1.076976e-04
12211.871521 6.960979e-01 -2.851941e-03 1.701584e-03 1.064964e-01 4.556430e-05 -4.376580e-05 -1.864431e-05 1.053530e-04
12215.852234 6.960512e-01 -2.840643e-03 1.697379e-03 1.070588e-01 4.555702e-05 -5.144597e-05 -1.062034e-05 6.754245e-05
12219.845139 6.958659e-01 -2.839993e-03 1.695966e-03 1.073347e-01 4.385474e-05 -4.949129e-05 -1.027396e-05 9.338401e-05
12223.850236 6.944675e-01 -2.851344e-03 1.734806e-03 1.063298e-01 4.101261e-05 -5.786624e-05 -3.107941e-06 9.027985e-05
12227.867524 6.940928e-01 -2.856041e-03 1.714980e-03 1.067954e-01 3.849315e-05 -4.821188e-05 -1.210563e-05 7.452390e-05
12231.897005 6.935391e-01 -2.863131e-03 1.729592e-03 1.066456e-01 4.567295e-05 -3.693174e-05 -1.422589e-05 6.580756e-05
12235.938678 6.923295e-01 -2.874587e-03 1.746980e-03 1.066074e-01 4.221873e-05 -4.379759e-05 -2.601599e-05 7.376794e-05
12239.992542 6.913241e-01 -2.873951e-03 1.723535e-03 1.062850e-01 4.545201e-05 -3.847965e-05 -2.398450e-05 7.273738e-05
12244.058598 6.913926e-01 -2.866596e-03 1.732783e-03 1.070011e-01 3.633664e-05 -4.080310e-05 -1.189667e-05 9.846446e-05
12248.136847 6.893466e-01 -2.847336e-03 1.721380e-03 1.067291e-01 4.137304e-05 -5.306548e-05 -6.937777e-06 1.030264e-04
12252.227287 6.845522e-01 -2.843983e-03 1.726264e-03 1.057065e-01 4.252514e-05 -3.585263e-05 -7.143565e-06 9.876326e-05
12256.329919 6.736834e-01 -2.849373e-03 1.766365e-03 1.040343e-01 3.692065e-05 -3.264103e-05 -2.286074e-07 9.291787e-05
12260.444743 6.834800e-01 -2.843348e-03 1.725419e-03 1.062035e-01 4.736252e-05 -4.211537e-05 -1.411878e-05 9.581778e-05
12264.571759 6.860586e-01 -2.841808e-03 1.734663e-03 1.073742e-01 5.757829e-05 -4.659740e-05 -1.046421e-05 1.004558e-04
12268.710967 6.854805e-01 -2.847436e-03 1.736841e-03 1.084757e-01 5.750879e-05 -3.709278e-05 5.807281e-07 9.563802e-05
12272.862366 6.861423e-01 -2.844762e-03 1.712795e-03 1.080976e-01 5.239688e-05 -3.707812e-05 8.211871e-06 8.842000e-05
12277.025958 6.855192e-01 -2.848516e-03 1.685169e-03 1.068686e-01 5.104975e-05 -4.126174e-05 -3.721975e-06 8.873863e-05
12281.201742 6.842641e-01 -2.871498e-03 1.678582e-03 1.073354e-01 5.820543e-05 -3.966260e-05 -6.019348e-06 9.158530e-05
12285.389717 6.831719e-01 -2.873454e-03 1.685408e-03 1.078245e-01 4.678487e-05 -3.419177e-05 -7.841649e-06 7.083776e-05
12289.589884 6.824894e-01 -2.864411e-03 1.692410e-03 1.079544e-01 4.821170e-05 -2.667322e-05 -1.899065e-05 7.880331e-05
12293.802244 6.825160e-01 -2.846511e-03 1.707122e-03 1.075931e-01 5.142279e-05 -3.921897e-05 -1.097138e-05 8.817501e-05
12298.026795 6.699645e-01 -2.834297e-03 1.699039e-03 1.057831e-01 5.466874e-05 -3.557685e-05 -1.308805e-05 9.161784e-05
12302.263538 6.731423e-01 -2.846776e-03 1.733476e-03 1.059246e-01 5.958212e-05 -3.522018e-05 -1.511393e-05 9.595109e-05
12306.512473 6.809895e-01 -2.851919e-03 1.711717e-03 1.062423e-01 6.213567e-05 -3.360625e-05 -1.114454e-05 1.031863e-04
12310.773600 6.805328e-01 -2.842460e-03 1.716086e-03 1.061985e-01 6.485721e-05 -3.546206e-05 -6.714897e-06 1.007891e-04
12315.046919 6.801248e-01 -2.833237e-03 1.651043e-03 1.062315e-01 5.748726e-05 -4.294199e-05 -3.370002e-06 1.002104e-04
12319.332429 6.794328e-01 -2.832018e-03 1.702606e-03 1.068149e-01 4.931039e-05 -4.344570e-05 -3.690462e-06 9.068808e-05
12323.630132 6.790134e-01 -2.838981e-03 1.678944e-03 1.073803e-01 5.328245e-05 -3.956902e-05 -1.010468e-05 9.144732e-05
12327.940026 6.784996e-01 -2.840555e-03 1.748964e-03 1.073098e-01 6.270909e-05 -4.025203e-05 -1.197765e-05 8.708465e-05
12332.262113 6.777006e-01 -2.840647e-03 1.781783e-03 1.065233e-01 6.606042e-05 -3.576567e-05 -1.339136e-05 7.856698e-05
12336.596391 6.767836e-01 -2.855219e-03 1.734245e-03 1.065307e-01 6.933277e-05 -3.534758e-05 -1.223815e-05 8.356218e-05
12340.942861 6.758931e-01 -2.855551e-03 1.760036e-03 1.061267e-01 7.224961e-05 -4.019177e-05 -1.371910e-05 8.196513e-05
12345.301524 6.756993e-01 -2.848857e-03 1.735253e-03 1.069832e-01 6.347303e-05 -3.405473e-05 -2.061711e-05 7.917452e-05
12349.672378 6.745579e-01 -2.841749e-03 1.705602e-03 1.070491e-01 6.564627e-05 -2.918948e-05 -1.638993e-05 8.236777e-05
12354.055424 6.729146e-01 -2.838294e-03 1.708282e-03 1.068435e-01 6.332184e-05 -3.014678e-05 -1.259297e-05 8.527349e-05
12358.450662 6.733709e-01 -2.851289e-03 1.673441e-03 1.058957e-01 5.907501e-05 -2.419009e-05 -6.967633e-06 9.616874e-05
12362.858091 6.728069e-01 -2.847994e-03 1.694057e-03 1.063539e-01 5.185058e-05 -2.268517e-05 1.562987e-08 9.016201e-05
12367.277713 6.709772e-01 -2.848494e-03 1.724521e-03 1.061422e-01 4.514825e-05 -2.096573e-05 -1.523806e-05 7.279242e-05
12371.709527 6.711975e-01 -2.846041e-03 1.781913e-03 1.067461e-01 4.075398e-05 -3.420022e-05 -2.129189e-05 8.013783e-05
12376.153532 6.710226e-01 -2.855067e-03 1.766230e-03 1.071091e-01 4.785512e-05 -3.863429e-05 -1.951900e-05 8.186807e-05
12380.609730 6.705103e-01 -2.851713e-03 1.715756e-03 1.065950e-01 4.763763e-05 -3.098330e-05 -2.813317e-05 7.903593e-05
12385.078119 6.694575e-01 -2.858980e-03 1.707966e-03 1.067590e-01 5.075587e-05 -4.031925e-05 -2.478562e-05 8.077448e-05
12389.558700 6.684260e-01 -2.860317e-03 1.704450e-03 1.063353e-01 5.605132e-05 -3.916036e-05 -9.956460e-06 8.529440e-05
12394.051473 6.676531e-01 -2.841282e-03 1.727248e-03 1.065726e-01 4.566987e-05 -4.135684e-05 -9.799086e-06 8.640789e-05
12398.556438 6.673945e-01 -2.839698e-03 1.728313e-03 1.072357e-01 4.946214e-05 -4.178751e-05 -1.301292e-05 8.826311e-05
12403.073595 6.664315e-01 -2.866056e-03 1.764029e-03 1.069181e-01 4.926843e-05 -4.555910e-05 -9.467165e-06 8.895350e-05
12407.602944 6.653037e-01 -2.854803e-03 1.734670e-03 1.094435e-01 4.155890e-05 -4.586557e-05 -1.049318e-05 9.348109e-05
12412.144485 6.640716e-01 -2.856228e-03 1.728299e-03 1.169870e-01 4.725939e-05 -4.326734e-05 -1.026347e-05 9.484545e-05
12416.698218 6.625207e-01 -2.852719e-03 1.700676e-03 1.161186e-01 4.307935e-05 -4.169962e-05 -1.209292e-05 9.610457e-05
12421.264142 6.593751e-01 -2.829819e-03 1.740031e-03 1.119949e-01 3.416507e-05 -3.248946e-05 -7.249664e-06 9.740893e-05
12425.842259 6.612321e-01 -2.843500e-03 1.728962e-03 1.077018e-01 3.524568e-05 -4.326213e-05 -1.262914e-05 8.453287e-05
12430.432567 6.618772e-01 -2.856441e-03 1.757935e-03 1.065505e-01 3.241989e-05 -4.315212e-05 -4.987785e-06 9.148474e-05
12435.035068 6.607149e-01 -2.863238e-03 1.754614e-03 1.059619e-01 3.834177e-05 -2.956137e-05 -1.371124e-05 8.414741e-05
12439.649760 6.604928e-01 -2.859039e-03 1.719508e-03 1.065132e-01 4.492125e-05 -2.858289e-05 -1.387303e-05 7.739798e-05
12444.276644 6.597252e-01 -2.860188e-03 1.702196e-03 1.069105e-01 4.215123e-05 -4.117468e-05 -8.704972e-06 8.658415e-05
12448.915720 6.578710e-01 -2.866603e-03 1.748397e-03 1.065334e-01 3.271591e-05 -4.241279e-05 -7.746154e-06 8.889500e-05
12453.566988 6.586882e-01 -2.850553e-03 1.730658e-03 1.066704e-01 3.341517e-05 -4.831839e-05 -9.408507e-06 9.701904e-05
12458.230448 6.578636e-01 -2.852378e-03 1.762672e-03 1.068098e-01 3.827861e-05 -4.064324e-05 4.797240e-06 8.758971e-05
12462.906100 6.571708e-01 -2.849881e-03 1.747194e-03 1.070305e-01 4.935408e-05 -3.182611e-05 1.875756e-06 8.279277e-05
12467.593943 6.565424e-01 -2.847127e-03 1.696926e-03 1.065492e-01 4.745507e-05 -2.672617e-05 4.714661e-06 8.772406e-05
12472.293979 6.550948e-01 -2.844907e-03 1.698786e-03 1.067950e-01 4.334655e-05 -2.858680e-05 3.793259e-06 8.402627e-05
12477.006206 6.549699e-01 -2.842435e-03 1.732131e-03 1.063320e-01 3.908835e-05 -3.111260e-05 1.128309e-06 9.099870e-05
12481.730626 6.549816e-01 -2.845887e-03 1.729305e-03 1.065686e-01 4.555664e-05 -3.015617e-05 1.579692e-06 9.431535e-05
12486.467237 6.541524e-01 -2.836925e-03 1.728154e-03 1.063501e-01 4.546986e-05 -2.904884e-05 8.096189e-07 1.008970e-04
12491.216040 6.534180e-01 -2.839953e-03 1.722036e-03 1.061585e-01 5.167848e-05 -2.989144e-05 -8.150996e-06 9.780014e-05
12495.977036 6.515461e-01 -2.841735e-03 1.710216e-03 1.065353e-01 4.652828e-05 -3.407050e-05 5.838163e-07 9.908118e-05
12500.750223 6.487657e-01 -2.849487e-03 1.720368e-03 1.058548e-01 5.031797e-05 -2.739829e-05 3.612651e-06 9.348033e-05
12505.535602 6.506109e-01 -2.866054e-03 1.735316e-03 1.059363e-01 5.564994e-05 -2.898730e-05 -4.288340e-06 9.995944e-05
12510.333172 6.509977e-01 -2.859736e-03 1.738898e-03 1.065192e-01 5.555638e-05 -2.789768e-05 -2.012994e-05 9.793214e-05
12515.142935 6.502742e-01 -2.852616e-03 1.719051e-03 1.069409e-01 3.959232e-05 -3.456062e-05 -2.577159e-05 9.465985e-05
12519.964890 6.494792e-01 -2.861906e-03 1.692765e-03 1.065809e-01 3.625605e-05 -3.596124e-05 -2.655921e-05 9.084689e-05
12524.799037 6.488885e-01 -2.867002e-03 1.697182e-03 1.064428e-01 4.395848e-05 -2.998995e-05 -3.751033e-05 8.720182e-05
12529.645375 6.425702e-01 -2.816640e-03 1.670080e-03 1.057271e-01 5.357870e-05 -3.274786e-05 -4.111000e-05 8.698300e-05
12534.503905 3.316754e-01 -1.463157e-03 8.728535e-04 5.448080e-02 2.778636e-05 -1.529801e-05 -2.262733e-05 4.641532e-05
12539.374628 6.465176e-03 -2.873002e-05 1.727977e-05 1.062744e-03 5.125366e-07 -2.774181e-07 -4.442941e-07 9.234915e-07
