# Facility: NSLS-II
# Beamline: QAS
# Year: 2023
# Cycle: 3
# SAF: 312215
# PI: Reece
# Proposal: 313586
# Scan ID: 271196
# UID: 8d7b3d92-8359-4951-aeb5-2435d843595a
# Comment: 
# Start time: 10/18/2023  21:35:57
# Stop time: 10/18/2023  21:36:32
# Total time: 00:34
# Trajectory name: Pt-L3-30s-11564.txt
# Element: Platinum ( 78)
# Edge: L3
# E0: 11564
# Reference Foil Element: Pt
# Keithley Gains I0: 1E6 V/A It: 1E6 V/A Iref: 1E7 V/A PIPS: 1E8 V/A 
# Ion Chamber Gas Flow Rates: I0: 0.00 sccm He + 189.60 sccm N2 + 9.80 sccm Ar 
# Ion Chamber Gas Flow Rates: It&Iref: 39.70 sccm N2 + 60.10 sccm Ar
# Incident Beam Path Vertical: 31.75 mm
# Incident Slits Positions B: TOP: 2.0 mm Bottom: 1.0 mm Inboard: 0.57675 mm Outboard: 1.57675 mm
# Sample Stage Positions: Rotation: 35.0 deg Horizontal: -10.11 mm Vertical: 15.39 mm Beam Direction: 0.00 mm
# PerkinElmer Vertical Position: 500.00 mm
# Linkam Oven Temperature : 3.03 C and Ramp Rate: 20.00 C/min.
# Front End Mirror Horizontal Positions: Up: -14.00 mm Down: -14.00 mm
#
# energy  i0  it  ir  iff  aux1  aux2  aux3  aux4
11380.468179 4.209854e-01 -1.430986e-03 8.766816e-04 2.510868e-02 2.442954e-05 -1.023337e-05 1.776082e-05 3.797941e-05
11385.468179 8.271221e-01 -2.825487e-03 1.725280e-03 4.964018e-02 4.624100e-05 -2.659159e-05 3.790478e-05 7.071584e-05
11390.468179 8.329377e-01 -2.862138e-03 1.735587e-03 5.045248e-02 5.022083e-05 -2.980939e-05 3.711563e-05 6.031980e-05
11395.468179 8.405482e-01 -2.854543e-03 1.731999e-03 5.128317e-02 3.978503e-05 -3.196488e-05 3.517055e-05 5.378461e-05
11400.468179 8.388009e-01 -2.859205e-03 1.721500e-03 5.153224e-02 3.207102e-05 -2.629470e-05 2.658848e-05 5.502332e-05
11405.468179 8.375730e-01 -2.866207e-03 1.761611e-03 5.131468e-02 3.067974e-05 -3.306393e-05 1.945473e-05 6.450804e-05
11410.468179 8.343669e-01 -2.851040e-03 1.750498e-03 5.060310e-02 3.675984e-05 -3.052756e-05 3.205794e-05 6.305294e-05
11415.468179 8.265468e-01 -2.847572e-03 1.758421e-03 4.986888e-02 3.928418e-05 -2.812584e-05 4.161838e-05 6.556958e-05
11420.468179 8.255954e-01 -2.844978e-03 1.760790e-03 5.041286e-02 4.608191e-05 -2.940553e-05 3.601017e-05 7.011183e-05
11425.468179 8.328821e-01 -2.861753e-03 1.730911e-03 5.108856e-02 3.810616e-05 -2.992169e-05 4.042478e-05 7.366985e-05
11430.468179 8.343790e-01 -2.853481e-03 1.753903e-03 5.106127e-02 4.616168e-05 -2.891925e-05 4.011083e-05 7.724648e-05
11435.468179 8.325743e-01 -2.851245e-03 1.745026e-03 5.115054e-02 5.767063e-05 -3.053678e-05 3.134652e-05 7.422024e-05
11440.468179 8.317502e-01 -2.841482e-03 1.771349e-03 5.126772e-02 4.759994e-05 -2.414476e-05 2.347197e-05 6.447262e-05
11445.468179 8.309537e-01 -2.848559e-03 1.730872e-03 5.131903e-02 4.227908e-05 -2.573035e-05 1.497027e-05 6.575852e-05
11450.468179 8.300826e-01 -2.844093e-03 1.729281e-03 5.162897e-02 4.496408e-05 -3.674272e-05 2.034437e-05 5.942553e-05
11455.468179 8.286302e-01 -2.853708e-03 1.733882e-03 5.175793e-02 5.200127e-05 -3.647382e-05 1.248640e-05 5.941964e-05
11460.468179 8.271690e-01 -2.846555e-03 1.735178e-03 5.155898e-02 5.708132e-05 -3.305099e-05 8.770008e-06 5.963292e-05
11465.468179 8.260880e-01 -2.849209e-03 1.725698e-03 5.163228e-02 5.379351e-05 -3.300157e-05 4.865994e-07 6.677047e-05
11470.468179 8.253555e-01 -2.846463e-03 1.741580e-03 5.148393e-02 4.454621e-05 -2.903594e-05 2.368105e-06 6.679081e-05
11475.468179 8.243501e-01 -2.844155e-03 1.725112e-03 5.134997e-02 3.820268e-05 -3.415202e-05 1.474506e-05 4.389661e-05
11480.468179 8.233903e-01 -2.850573e-03 1.778873e-03 5.148833e-02 3.488430e-05 -3.952871e-05 1.670599e-05 4.740210e-05
11485.468179 8.231032e-01 -2.837985e-03 1.761536e-03 5.208093e-02 3.442142e-05 -2.972387e-05 2.100692e-05 5.950227e-05
11490.468179 8.219133e-01 -2.842032e-03 1.722990e-03 5.230916e-02 4.385651e-05 -2.395674e-05 2.333637e-05 6.518800e-05
11495.468179 8.205793e-01 -2.844361e-03 1.729391e-03 5.213441e-02 5.766915e-05 -2.447869e-05 2.255326e-05 5.973726e-05
11500.468179 8.195872e-01 -2.845252e-03 1.746719e-03 5.214892e-02 5.844180e-05 -2.936253e-05 1.303171e-05 6.223097e-05
11505.468179 8.186465e-01 -2.855518e-03 1.702183e-03 5.194260e-02 5.588164e-05 -3.028290e-05 1.780332e-05 7.332583e-05
11510.468179 8.176730e-01 -2.849438e-03 1.717339e-03 5.213940e-02 4.951574e-05 -2.714274e-05 1.972457e-05 6.728901e-05
11515.468179 8.171884e-01 -2.845873e-03 1.745773e-03 5.246534e-02 5.049389e-05 -2.187374e-05 1.927779e-05 5.648475e-05
11520.468179 8.167469e-01 -2.844316e-03 1.707034e-03 5.284991e-02 4.773401e-05 -3.349026e-05 2.088358e-05 6.500471e-05
11525.468179 8.156395e-01 -2.847695e-03 1.745642e-03 5.329466e-02 3.494688e-05 -2.973003e-05 2.092373e-05 5.964979e-05
11530.468179 8.145685e-01 -2.840938e-03 1.768974e-03 5.351930e-02 3.194131e-05 -3.352677e-05 2.855180e-05 5.593513e-05
11534.000000 8.136643e-01 -2.851301e-03 1.701700e-03 5.379354e-02 3.340538e-05 -4.184199e-05 3.223968e-05 5.047888e-05
11535.000000 8.137606e-01 -2.841171e-03 1.717802e-03 5.392600e-02 3.307103e-05 -3.298225e-05 3.327452e-05 5.064458e-05
11536.000000 8.132992e-01 -2.842752e-03 1.663461e-03 5.346042e-02 3.889799e-05 -4.457985e-05 2.313771e-05 5.522572e-05
11537.000000 8.128475e-01 -2.845054e-03 1.641197e-03 5.463251e-02 3.906376e-05 -4.052007e-05 1.815262e-05 5.442773e-05
11538.000000 8.130893e-01 -2.845952e-03 1.692464e-03 5.483079e-02 3.553464e-05 -4.018718e-05 2.587187e-05 4.417953e-05
11539.000000 8.117699e-01 -2.860401e-03 1.776374e-03 5.446166e-02 3.796544e-05 -4.483131e-05 1.569391e-05 4.929127e-05
11540.000000 8.119907e-01 -2.861378e-03 1.766926e-03 5.437535e-02 4.699585e-05 -3.645516e-05 2.079891e-05 6.307056e-05
11541.000000 8.123542e-01 -2.859781e-03 1.688803e-03 5.455008e-02 4.375018e-05 -2.630027e-05 1.140248e-05 7.115359e-05
11541.200000 8.160452e-01 -2.862653e-03 1.689767e-03 5.648592e-02 4.573114e-05 -2.993457e-05 -4.926985e-06 6.408382e-05
11541.400000 8.086612e-01 -2.867030e-03 1.642503e-03 5.511173e-02 4.796721e-05 -2.048976e-05 9.674646e-06 6.202646e-05
11541.600000 8.132153e-01 -2.756808e-03 1.845153e-03 5.272976e-02 3.820188e-05 -1.822445e-05 5.356619e-06 5.450195e-05
11541.800000 8.024311e-01 -2.870706e-03 1.349092e-03 5.318254e-02 4.557914e-05 -1.667211e-05 -4.448944e-06 5.257898e-05
11542.000000 8.165936e-01 -2.787612e-03 1.892041e-03 5.521911e-02 2.602012e-05 -5.580498e-06 -2.166724e-06 5.807347e-05
11542.200000 8.140712e-01 -2.906919e-03 1.881124e-03 5.607326e-02 4.305225e-05 -1.814882e-05 1.082464e-06 4.530566e-05
11542.400000 8.151461e-01 -2.840978e-03 1.743769e-03 5.382195e-02 3.885797e-05 -2.492155e-05 2.375957e-05 5.869961e-05
11542.600000 8.121022e-01 -2.781854e-03 1.944193e-03 5.453394e-02 2.750135e-05 -1.473837e-05 1.695736e-05 7.065920e-05
11542.800000 8.128368e-01 -2.940958e-03 1.579398e-03 5.337890e-02 3.135468e-05 -2.445397e-05 1.823868e-05 6.659114e-05
11543.000000 8.161121e-01 -2.765498e-03 1.784104e-03 5.589486e-02 2.775014e-05 -1.979684e-05 3.155630e-05 6.969853e-05
11543.200000 8.150952e-01 -2.893795e-03 1.737966e-03 5.638520e-02 3.936143e-05 -2.130361e-05 3.223642e-05 6.158150e-05
11543.400000 8.136252e-01 -2.817355e-03 1.585270e-03 5.462196e-02 2.824979e-05 -2.008938e-05 1.368663e-05 4.582981e-05
11543.600000 8.092092e-01 -2.839951e-03 1.874132e-03 5.402400e-02 2.891234e-05 -2.464233e-05 1.710765e-05 4.381078e-05
11543.800000 8.109122e-01 -2.847574e-03 1.682831e-03 5.616463e-02 3.213593e-05 -2.881587e-05 2.914711e-05 3.293887e-05
11544.000000 8.116833e-01 -2.765621e-03 1.815604e-03 5.511122e-02 2.264171e-05 -2.509686e-05 3.351480e-05 7.466722e-05
11544.200000 8.112727e-01 -2.901465e-03 1.749184e-03 5.566020e-02 4.102904e-05 -2.848396e-05 2.950927e-05 7.006382e-05
11544.400000 8.133271e-01 -2.765691e-03 1.823543e-03 5.581289e-02 2.618577e-05 -3.006876e-05 2.274270e-05 7.036151e-05
11544.600000 8.090733e-01 -2.864548e-03 1.672979e-03 5.443365e-02 3.955457e-05 -3.254363e-05 4.032911e-05 7.572110e-05
11544.800000 8.165135e-01 -2.866595e-03 1.494105e-03 5.540704e-02 3.590256e-05 -3.603548e-05 5.223226e-05 7.289857e-05
11545.000000 8.075913e-01 -2.829185e-03 1.891334e-03 5.187392e-02 3.795279e-05 -3.435588e-05 3.755613e-05 7.054613e-05
11545.200000 8.160008e-01 -2.896130e-03 1.659960e-03 5.560972e-02 4.100470e-05 -3.978835e-05 1.096435e-05 7.079899e-05
11545.400000 8.075976e-01 -2.747792e-03 1.768265e-03 5.543930e-02 2.926321e-05 -4.566965e-05 1.722869e-05 6.712058e-05
11545.600000 8.195328e-01 -2.925661e-03 1.828644e-03 5.529151e-02 2.998140e-05 -3.871194e-05 1.230325e-05 5.982685e-05
11545.800000 8.042091e-01 -2.733088e-03 1.867446e-03 5.581929e-02 1.693121e-05 -2.588474e-05 1.867641e-05 6.296185e-05
11546.000000 8.112982e-01 -2.893675e-03 1.627351e-03 5.512365e-02 3.569840e-05 -3.910755e-05 2.572345e-05 6.190739e-05
11546.200000 8.133285e-01 -2.759518e-03 1.996450e-03 5.351541e-02 2.777715e-05 -3.568013e-05 1.505822e-05 6.418688e-05
11546.400000 8.102714e-01 -2.855323e-03 1.617702e-03 5.493038e-02 5.237343e-05 -2.973900e-05 2.001593e-05 6.024419e-05
11546.600000 8.147924e-01 -2.834519e-03 1.768701e-03 5.698714e-02 2.767874e-05 -3.525597e-05 2.279717e-05 5.758089e-05
11546.800000 8.203110e-01 -2.807278e-03 1.582513e-03 5.615929e-02 2.471357e-05 -3.535910e-05 1.964043e-05 5.811370e-05
11547.000000 8.031107e-01 -2.891668e-03 1.828984e-03 5.513920e-02 4.017258e-05 -3.816165e-05 2.136373e-05 6.595891e-05
11547.200000 8.131800e-01 -2.759912e-03 1.836439e-03 5.776039e-02 2.752831e-05 -2.385219e-05 1.609318e-05 6.434533e-05
11547.400000 8.147618e-01 -2.935456e-03 1.788857e-03 5.529449e-02 3.638283e-05 -2.433069e-05 1.594584e-05 5.791530e-05
11547.600000 8.107569e-01 -2.747222e-03 1.976709e-03 5.363190e-02 1.591181e-05 -2.947519e-05 1.311645e-06 4.172054e-05
11547.800000 8.235153e-01 -2.943873e-03 1.692064e-03 5.430838e-02 2.749720e-05 -3.525289e-05 5.972377e-06 5.775819e-05
11548.000000 8.121630e-01 -2.843164e-03 1.668604e-03 5.599492e-02 1.647856e-05 -3.747755e-05 2.508574e-05 6.972104e-05
11548.200000 8.107294e-01 -2.896991e-03 1.674435e-03 5.726817e-02 1.797493e-05 -4.066673e-05 2.949474e-05 6.414887e-05
11548.400000 8.131229e-01 -2.873539e-03 1.775609e-03 5.667712e-02 2.007759e-05 -4.014158e-05 2.360485e-05 6.419198e-05
11548.600000 8.076482e-01 -2.814782e-03 1.678797e-03 5.620244e-02 1.993403e-05 -4.237628e-05 2.674488e-05 7.650984e-05
11548.800000 8.194618e-01 -2.890142e-03 1.784574e-03 5.652824e-02 2.933889e-05 -3.632024e-05 2.287008e-05 6.011202e-05
11549.000000 7.915212e-01 -2.714443e-03 1.715007e-03 5.312857e-02 1.910610e-05 -2.939300e-05 4.445420e-05 6.029150e-05
11549.200000 8.164683e-01 -2.960095e-03 1.470034e-03 5.740230e-02 3.337816e-05 -3.457167e-05 3.081606e-05 6.619845e-05
11549.400000 8.154432e-01 -2.822849e-03 1.774828e-03 5.569762e-02 1.151526e-05 -3.264169e-05 3.351917e-05 6.430662e-05
11549.600000 8.144594e-01 -2.903272e-03 1.677225e-03 5.523646e-02 3.029645e-05 -3.056166e-05 2.694017e-05 6.181363e-05
11549.800000 8.109021e-01 -2.783149e-03 1.974585e-03 5.608858e-02 2.457497e-05 -2.766954e-05 2.411905e-05 5.445588e-05
11550.000000 8.110580e-01 -2.962030e-03 1.500147e-03 5.663158e-02 3.037659e-05 -1.943540e-05 3.339949e-06 5.496976e-05
11550.200000 8.036217e-01 -2.767311e-03 1.884991e-03 5.667717e-02 2.405204e-05 -2.639727e-05 5.498651e-06 5.248701e-05
11550.400000 8.118335e-01 -2.916409e-03 1.794565e-03 5.556600e-02 3.441065e-05 -3.308065e-05 1.178767e-05 6.003644e-05
11550.600000 8.132738e-01 -2.878088e-03 1.785321e-03 5.827740e-02 3.293741e-05 -2.425025e-05 2.182272e-05 6.118492e-05
11550.800000 8.038683e-01 -2.805083e-03 1.731608e-03 5.516776e-02 3.554399e-05 -2.372456e-05 2.097308e-05 5.710397e-05
11551.000000 8.148300e-01 -2.859820e-03 1.955850e-03 5.836513e-02 3.160141e-05 -1.670037e-05 1.803960e-05 4.701042e-05
11551.200000 8.079945e-01 -2.911582e-03 1.494011e-03 5.726173e-02 3.649817e-05 -1.580617e-05 1.188287e-05 5.969034e-05
11551.400000 8.150292e-01 -2.879904e-03 1.867363e-03 5.541767e-02 2.913315e-05 -1.673590e-05 1.890927e-05 7.488276e-05
11551.600000 8.088890e-01 -2.879162e-03 1.785522e-03 5.651893e-02 4.264889e-05 -9.785359e-06 2.911054e-05 7.891091e-05
11551.800000 8.098050e-01 -2.876439e-03 1.647917e-03 5.774110e-02 4.145558e-05 -1.509347e-05 2.413749e-05 6.655415e-05
11552.000000 8.109213e-01 -2.859196e-03 1.628151e-03 5.891084e-02 3.526560e-05 -3.294106e-05 2.251892e-05 7.146618e-05
11552.200000 8.204752e-01 -2.892834e-03 1.804586e-03 5.804665e-02 3.895909e-05 -3.000687e-05 2.381822e-05 7.130933e-05
11552.400000 8.022096e-01 -2.839341e-03 1.736883e-03 5.613830e-02 4.393290e-05 -3.582536e-05 1.335449e-05 6.383459e-05
11552.600000 8.162593e-01 -2.921806e-03 1.687870e-03 5.936257e-02 2.440625e-05 -3.406902e-05 2.699923e-05 5.739960e-05
11552.800000 8.079506e-01 -2.833763e-03 1.783175e-03 5.778364e-02 3.862109e-05 -2.442338e-05 3.024584e-05 5.998740e-05
11553.000000 8.071705e-01 -2.871434e-03 1.643272e-03 5.857661e-02 4.472815e-05 -2.920729e-05 2.365102e-05 5.693066e-05
11553.200000 8.127163e-01 -2.832207e-03 1.717027e-03 5.660422e-02 4.225285e-05 -3.647292e-05 6.107897e-06 4.620703e-05
11553.400000 8.103398e-01 -2.873908e-03 1.870205e-03 5.805546e-02 3.805568e-05 -3.247528e-05 2.210463e-05 5.581811e-05
11553.600000 8.129747e-01 -2.814011e-03 1.831068e-03 5.760889e-02 3.317473e-05 -2.601096e-05 2.682960e-05 2.388410e-05
11553.800000 8.076938e-01 -2.878464e-03 1.516976e-03 5.967989e-02 3.511104e-05 -1.668285e-05 1.817141e-05 6.220403e-05
11554.000000 8.108364e-01 -2.859566e-03 1.696892e-03 5.755236e-02 3.420561e-05 -1.833955e-05 2.081639e-05 7.461768e-05
11554.200000 8.129058e-01 -2.856283e-03 1.702003e-03 5.901160e-02 4.045489e-05 -1.930551e-05 1.621653e-05 7.258720e-05
11554.400000 8.124153e-01 -2.869385e-03 1.806870e-03 5.809408e-02 3.517443e-05 -1.421655e-05 2.445296e-05 6.715071e-05
11554.600000 8.147533e-01 -2.897159e-03 1.590487e-03 5.837473e-02 4.238229e-05 -1.595052e-05 2.196575e-05 5.610547e-05
11554.800000 8.054681e-01 -2.879368e-03 1.573663e-03 6.024135e-02 4.323717e-05 -1.991435e-05 1.817483e-05 5.996418e-05
11555.000000 8.125101e-01 -2.812719e-03 1.879117e-03 6.078237e-02 3.159669e-05 -3.924277e-05 2.927723e-05 5.269076e-05
11555.200000 8.105463e-01 -2.889334e-03 1.682250e-03 5.893797e-02 4.832945e-05 -3.639782e-05 3.429821e-05 6.536642e-05
11555.400000 8.049583e-01 -2.800231e-03 1.639492e-03 5.949037e-02 4.102619e-05 -1.838577e-05 4.034186e-05 6.154199e-05
11555.600000 8.153295e-01 -2.955458e-03 1.689195e-03 5.969950e-02 4.055434e-05 -2.903046e-05 5.134869e-05 6.864817e-05
11555.800000 8.099970e-01 -2.824483e-03 1.720909e-03 6.078668e-02 3.563168e-05 -3.416694e-05 3.398078e-05 5.502050e-05
11556.000000 8.066234e-01 -2.903876e-03 1.665788e-03 5.898220e-02 4.786997e-05 -2.453591e-05 3.191077e-05 4.873550e-05
11556.200000 8.123204e-01 -2.819129e-03 1.744304e-03 5.947758e-02 3.269350e-05 -1.608438e-05 2.404015e-05 5.099990e-05
11556.400000 8.108931e-01 -2.941984e-03 1.654870e-03 6.215046e-02 3.777992e-05 -1.949408e-05 1.530774e-05 4.694908e-05
11556.600000 8.102984e-01 -2.819300e-03 1.638466e-03 6.280902e-02 2.507941e-05 -2.580758e-05 1.565399e-05 5.283143e-05
11556.800000 8.160828e-01 -2.945941e-03 1.542660e-03 6.058078e-02 3.977283e-05 -2.979835e-05 1.201440e-05 6.234779e-05
11557.000000 7.869811e-01 -2.715704e-03 1.909049e-03 5.843896e-02 2.831502e-05 -2.844516e-05 2.000797e-05 6.623231e-05
11557.200000 8.141211e-01 -2.903059e-03 1.908925e-03 6.330169e-02 2.681075e-05 -3.382580e-05 1.700994e-05 5.869832e-05
11557.400000 8.124990e-01 -2.748155e-03 1.774787e-03 6.079693e-02 3.572639e-05 -3.726932e-05 3.419970e-05 5.656258e-05
11557.600000 8.093541e-01 -2.882418e-03 1.624090e-03 6.188977e-02 4.065054e-05 -3.662022e-05 2.828734e-05 6.599359e-05
11557.800000 8.107606e-01 -2.824967e-03 1.613440e-03 6.500800e-02 3.579776e-05 -3.968153e-05 3.299994e-05 5.992484e-05
11558.000000 8.114428e-01 -2.893036e-03 1.941050e-03 6.327075e-02 4.248673e-05 -3.938931e-05 2.480954e-05 5.849832e-05
11558.200000 8.125054e-01 -2.835872e-03 1.815848e-03 6.419219e-02 2.833112e-05 -3.709547e-05 1.914627e-05 6.096725e-05
11558.400000 8.117463e-01 -2.826389e-03 1.902210e-03 6.448581e-02 1.605455e-05 -3.847318e-05 3.353350e-05 4.793028e-05
11558.600000 8.084853e-01 -2.850522e-03 1.751299e-03 6.508007e-02 2.043492e-05 -3.358461e-05 4.372653e-05 2.394248e-05
11558.800000 8.095445e-01 -2.836032e-03 1.708303e-03 6.672433e-02 1.572333e-05 -3.222031e-05 2.666329e-05 5.464990e-05
11559.000000 8.102552e-01 -2.879701e-03 1.786464e-03 6.599255e-02 2.339412e-05 -3.459594e-05 2.406504e-05 5.671166e-05
11559.200000 8.076676e-01 -2.812171e-03 1.770114e-03 6.548376e-02 2.547071e-05 -4.060386e-05 2.842027e-05 4.924916e-05
11559.400000 8.099179e-01 -2.901436e-03 1.752812e-03 6.492912e-02 2.488682e-05 -4.476475e-05 2.463538e-05 3.224858e-05
11559.600000 8.110923e-01 -2.811588e-03 1.793875e-03 6.930751e-02 3.375117e-05 -3.670792e-05 2.215415e-05 5.884131e-06
11559.800000 8.103482e-01 -2.906162e-03 1.615447e-03 6.832750e-02 5.028085e-05 -1.677859e-05 1.566153e-05 3.148058e-05
11560.000000 8.128465e-01 -2.869744e-03 1.702932e-03 6.956090e-02 3.576074e-05 -1.638198e-05 -1.641459e-06 5.568931e-05
11560.200000 8.096092e-01 -2.866174e-03 1.875762e-03 7.039826e-02 3.506149e-05 -2.921673e-05 4.839192e-06 5.480915e-05
11560.400000 8.109180e-01 -2.885704e-03 1.869204e-03 6.926100e-02 3.686205e-05 -3.373799e-05 1.196706e-05 6.603827e-05
11560.600000 8.127195e-01 -2.789910e-03 1.722175e-03 7.139083e-02 3.418110e-05 -3.657083e-05 2.982553e-05 6.231654e-05
11560.800000 8.109961e-01 -2.887764e-03 1.838639e-03 7.281908e-02 4.969787e-05 -3.621829e-05 3.329114e-05 5.137275e-05
11561.000000 8.122685e-01 -2.839450e-03 1.773333e-03 7.452500e-02 4.499758e-05 -2.263842e-05 3.510942e-05 2.538723e-05
11561.200000 8.051018e-01 -2.817858e-03 1.760768e-03 7.363062e-02 5.314502e-05 -2.583075e-05 3.834313e-05 4.214616e-05
11561.400000 8.120663e-01 -2.885118e-03 1.652938e-03 7.571930e-02 5.819517e-05 -3.008157e-05 2.180071e-05 4.229801e-05
11561.600000 8.044550e-01 -2.758236e-03 1.815311e-03 7.581680e-02 4.790460e-05 -3.066668e-05 2.022401e-05 5.025484e-05
11561.800000 8.094451e-01 -2.865756e-03 1.798374e-03 7.778066e-02 4.101988e-05 -3.371412e-05 2.122512e-05 5.980021e-05
11562.000000 8.132404e-01 -2.883599e-03 1.752511e-03 8.008047e-02 5.072444e-05 -3.439443e-05 1.814172e-05 5.824581e-05
11562.200000 8.091297e-01 -2.795420e-03 1.829768e-03 8.143209e-02 4.626283e-05 -2.833175e-05 2.059044e-05 5.762130e-05
11562.400000 8.068942e-01 -2.847320e-03 1.864413e-03 8.298499e-02 4.909269e-05 -3.159596e-05 5.182974e-06 6.256496e-05
11562.600000 8.136690e-01 -2.896797e-03 1.756105e-03 8.465425e-02 5.386825e-05 -2.435640e-05 6.792503e-06 5.266533e-05
11562.800000 8.078969e-01 -2.834358e-03 1.739538e-03 8.613756e-02 4.588369e-05 -1.978738e-05 2.788370e-05 7.798907e-05
11563.000000 8.105755e-01 -2.823557e-03 1.703296e-03 8.853116e-02 4.657987e-05 -1.812367e-05 1.273877e-05 6.185510e-05
11563.200000 8.096741e-01 -2.878788e-03 1.647202e-03 9.015383e-02 5.044536e-05 -1.644701e-05 1.433879e-06 5.503628e-05
11563.400000 8.118185e-01 -2.861576e-03 1.804719e-03 9.439360e-02 4.247862e-05 -1.628439e-05 -1.206659e-06 8.321872e-05
11563.600000 8.084346e-01 -2.812913e-03 1.741482e-03 9.555944e-02 4.160117e-05 -2.026818e-05 -1.559814e-05 6.768739e-05
11563.800000 8.114578e-01 -2.866752e-03 1.647821e-03 9.987213e-02 5.350897e-05 -2.085387e-05 -1.190635e-05 6.651948e-05
11564.000000 8.125353e-01 -2.887800e-03 1.844787e-03 1.008294e-01 5.682089e-05 -2.717024e-05 -1.281912e-05 6.258954e-05
11564.200000 8.086440e-01 -2.815301e-03 1.507343e-03 1.028441e-01 4.731040e-05 -3.190147e-05 -4.855067e-06 5.782699e-05
11564.400000 8.149580e-01 -2.836806e-03 1.777830e-03 1.058971e-01 4.305115e-05 -3.685355e-05 5.745524e-06 7.366544e-05
11564.600000 8.012130e-01 -2.878448e-03 1.824543e-03 1.072404e-01 5.158124e-05 -3.041350e-05 1.057835e-05 7.826925e-05
11564.800000 8.120877e-01 -2.900908e-03 1.756161e-03 1.138001e-01 3.427584e-05 -2.217284e-05 1.847542e-06 7.232019e-05
11565.000000 8.100394e-01 -2.840503e-03 1.709123e-03 1.156265e-01 4.462845e-05 -1.762192e-05 1.335206e-06 7.108775e-05
11565.200000 8.110932e-01 -2.808287e-03 1.814369e-03 1.181482e-01 4.860633e-05 -2.701861e-05 -1.620802e-06 7.587482e-05
11565.400000 8.076720e-01 -2.848395e-03 1.769145e-03 1.184505e-01 4.941712e-05 -1.727894e-05 5.069362e-06 7.130163e-05
11565.600000 8.099838e-01 -2.870651e-03 1.785856e-03 1.239576e-01 4.422577e-05 -2.022485e-05 -1.986953e-06 6.197974e-05
11565.800000 8.104048e-01 -2.847242e-03 1.736482e-03 1.248416e-01 4.350784e-05 -2.025711e-05 -1.509196e-07 6.452550e-05
11566.000000 8.104121e-01 -2.832367e-03 1.793962e-03 1.279640e-01 4.392666e-05 -2.947266e-05 9.839477e-06 6.490800e-05
11566.200000 8.066596e-01 -2.825346e-03 1.794165e-03 1.294729e-01 5.370275e-05 -3.023556e-05 1.008816e-05 6.398311e-05
11566.400000 8.115225e-01 -2.837926e-03 1.836280e-03 1.314320e-01 5.577264e-05 -1.951361e-05 1.535198e-05 6.045599e-05
11566.600000 8.073727e-01 -2.834327e-03 1.930670e-03 1.331668e-01 4.669949e-05 -1.910545e-05 1.282885e-05 6.169389e-05
11566.800000 8.111664e-01 -2.829620e-03 1.861182e-03 1.343968e-01 5.589181e-05 -1.692504e-05 1.144161e-05 5.785638e-05
11567.000000 8.092540e-01 -2.879229e-03 1.787610e-03 1.353767e-01 5.728131e-05 -1.171137e-05 1.106778e-05 6.513979e-05
11567.200000 8.105456e-01 -2.860915e-03 1.727505e-03 1.377344e-01 5.285411e-05 -1.294890e-05 7.112742e-07 6.126904e-05
11567.400000 8.103784e-01 -2.863540e-03 1.724797e-03 1.386418e-01 5.621785e-05 -7.849466e-06 -4.762702e-06 5.597452e-05
11567.600000 8.071371e-01 -2.817847e-03 1.595512e-03 1.362616e-01 5.111765e-05 -1.253779e-05 9.800629e-06 5.906368e-05
11567.800000 8.106958e-01 -2.833438e-03 1.628627e-03 1.391340e-01 4.808938e-05 -2.859596e-05 1.952819e-05 6.715327e-05
11568.000000 8.046550e-01 -2.791772e-03 1.730188e-03 1.364260e-01 4.311572e-05 -2.800082e-05 1.929248e-05 6.516001e-05
11568.200000 8.114443e-01 -2.858583e-03 1.740486e-03 1.380119e-01 4.699183e-05 -2.103747e-05 2.147405e-05 6.080064e-05
11568.400000 8.113676e-01 -2.887699e-03 1.803824e-03 1.384288e-01 5.664549e-05 -1.070652e-05 1.265206e-05 5.630591e-05
11568.600000 8.098433e-01 -2.867353e-03 1.676246e-03 1.379956e-01 5.032182e-05 -1.453089e-05 6.053764e-06 6.748926e-05
11568.800000 8.100282e-01 -2.844056e-03 1.876282e-03 1.374859e-01 4.527884e-05 -2.664009e-05 6.884172e-06 7.827360e-05
11569.000000 8.045695e-01 -2.776438e-03 1.960568e-03 1.379213e-01 3.391648e-05 -3.336781e-05 2.450834e-05 8.857942e-05
11569.200000 8.107927e-01 -2.846072e-03 1.741495e-03 1.376198e-01 4.152346e-05 -3.608730e-05 4.284167e-05 9.252810e-05
11569.400000 8.101704e-01 -2.847039e-03 1.690128e-03 1.363934e-01 5.234462e-05 -2.847813e-05 2.623175e-05 8.499635e-05
11569.600000 8.058963e-01 -2.820116e-03 1.947638e-03 1.360119e-01 4.974566e-05 -2.008618e-05 1.370656e-05 8.856698e-05
11569.800000 8.096046e-01 -2.853479e-03 1.691980e-03 1.354002e-01 4.623975e-05 -8.490049e-06 2.789906e-05 8.384532e-05
11570.000000 8.107042e-01 -2.884848e-03 1.857813e-03 1.349192e-01 5.111218e-05 -2.450046e-05 3.469090e-05 7.185341e-05
11570.200000 8.071109e-01 -2.854751e-03 1.619433e-03 1.339684e-01 4.802981e-05 -2.623601e-05 2.744659e-05 8.576934e-05
11570.400000 8.075497e-01 -2.832358e-03 1.831965e-03 1.337384e-01 5.419703e-05 -1.804251e-05 4.052433e-05 8.520166e-05
11570.600000 8.105443e-01 -2.823594e-03 1.727500e-03 1.337214e-01 5.482764e-05 -2.408070e-05 2.733659e-05 8.155166e-05
11570.800000 8.029544e-01 -2.815014e-03 1.911492e-03 1.327355e-01 4.921844e-05 -3.862618e-05 2.423625e-05 7.677390e-05
11571.000000 8.112698e-01 -2.871342e-03 1.850868e-03 1.320340e-01 5.022022e-05 -4.237596e-05 8.729741e-06 5.967491e-05
11571.200000 8.068959e-01 -2.857490e-03 1.668555e-03 1.293406e-01 5.428781e-05 -3.812532e-05 3.584775e-07 7.669507e-05
11571.400000 8.107208e-01 -2.844514e-03 1.747686e-03 1.300810e-01 5.416729e-05 -3.645975e-05 5.747408e-06 7.967195e-05
11571.600000 8.072345e-01 -2.836032e-03 1.767000e-03 1.281490e-01 6.200688e-05 -3.899031e-05 2.029457e-05 9.350214e-05
11571.800000 8.083029e-01 -2.820427e-03 1.677743e-03 1.274307e-01 6.655876e-05 -4.126116e-05 1.460387e-05 8.641091e-05
11572.000000 8.074369e-01 -2.855595e-03 1.609768e-03 1.272109e-01 5.581579e-05 -3.163904e-05 6.325082e-06 8.151091e-05
11572.200000 8.090683e-01 -2.850365e-03 1.657372e-03 1.262356e-01 5.798270e-05 -2.016319e-05 3.143358e-06 8.050137e-05
11572.400000 8.097719e-01 -2.836312e-03 1.752918e-03 1.249215e-01 4.908728e-05 -1.257381e-05 7.846533e-06 7.167338e-05
11572.600000 8.067919e-01 -2.789699e-03 1.665328e-03 1.244752e-01 5.324050e-05 -8.954125e-06 2.511196e-05 6.973311e-05
11572.800000 8.078547e-01 -2.818162e-03 1.715672e-03 1.248041e-01 5.572702e-05 -1.037642e-05 1.948917e-05 7.432861e-05
11573.000000 8.086259e-01 -2.843213e-03 1.715718e-03 1.243287e-01 5.194091e-05 -2.615455e-05 1.587396e-05 8.133616e-05
11573.200000 8.082025e-01 -2.835503e-03 1.779248e-03 1.233941e-01 5.034923e-05 -3.016776e-05 8.968848e-06 5.380305e-05
11573.400000 8.084377e-01 -2.843300e-03 1.756408e-03 1.228796e-01 5.284366e-05 -2.277035e-05 1.789885e-05 6.951038e-05
11573.600000 8.082084e-01 -2.810085e-03 1.623899e-03 1.224295e-01 5.332185e-05 -2.016425e-05 2.899841e-05 6.296412e-05
11573.800000 8.077384e-01 -2.857817e-03 1.662696e-03 1.220501e-01 5.315509e-05 -2.333676e-05 1.121921e-05 4.435441e-05
11574.000000 8.086437e-01 -2.842992e-03 1.658735e-03 1.211324e-01 4.608026e-05 -2.157900e-05 3.229830e-05 6.619605e-05
11574.200000 8.082464e-01 -2.881665e-03 1.903657e-03 1.207696e-01 4.945915e-05 -2.056658e-05 3.649548e-05 7.412358e-05
11574.400000 8.087943e-01 -2.851376e-03 1.914217e-03 1.218107e-01 5.372337e-05 -2.689008e-05 2.526531e-05 6.139125e-05
11574.600000 8.081977e-01 -2.842702e-03 1.739358e-03 1.205676e-01 3.898939e-05 -2.347275e-05 1.429937e-05 4.802867e-05
11574.800000 8.085945e-01 -2.853517e-03 1.796906e-03 1.203317e-01 3.670874e-05 -1.611750e-05 5.348613e-06 4.557675e-05
11575.000000 8.081945e-01 -2.864436e-03 1.785849e-03 1.201087e-01 4.392430e-05 -1.718023e-05 -2.681411e-06 5.749357e-05
11575.200000 8.087309e-01 -2.854305e-03 1.802131e-03 1.189818e-01 3.658981e-05 -1.021148e-05 -2.428206e-07 5.898149e-05
11575.400000 8.086443e-01 -2.844296e-03 1.638729e-03 1.193849e-01 4.003814e-05 -1.618472e-05 -3.660220e-06 5.583309e-05
11575.600000 8.085192e-01 -2.831918e-03 1.786172e-03 1.196513e-01 3.894922e-05 -1.731364e-05 -1.070368e-05 5.001528e-05
11575.800000 8.091935e-01 -2.841842e-03 1.800743e-03 1.196681e-01 3.374117e-05 -2.291341e-05 -2.952054e-06 6.926301e-05
11576.000000 8.065355e-01 -2.836297e-03 1.672887e-03 1.195669e-01 4.579586e-05 -3.591244e-05 9.385442e-06 6.282201e-05
11576.200000 8.076613e-01 -2.854542e-03 1.703463e-03 1.187014e-01 4.445456e-05 -3.469198e-05 9.076081e-06 6.975196e-05
11576.400000 8.073126e-01 -2.854834e-03 1.638543e-03 1.180546e-01 3.123319e-05 -3.219736e-05 1.042415e-05 6.148664e-05
11576.600000 8.083513e-01 -2.906141e-03 1.693218e-03 1.187858e-01 2.863180e-05 -2.561556e-05 1.517895e-05 6.797376e-05
11576.800000 8.066282e-01 -2.812707e-03 1.456686e-03 1.184237e-01 2.160237e-05 -2.274758e-05 1.471225e-05 7.135764e-05
11577.000000 8.091961e-01 -2.840196e-03 1.643020e-03 1.183527e-01 3.207314e-05 -1.538609e-05 4.617413e-06 6.932920e-05
11577.200000 8.074304e-01 -2.861054e-03 1.725176e-03 1.176015e-01 2.992430e-05 -1.498828e-05 7.991677e-06 7.929761e-05
11577.400000 8.078422e-01 -2.826997e-03 1.742778e-03 1.189111e-01 2.662080e-05 -2.048565e-05 2.089534e-05 9.268173e-05
11577.600000 8.092532e-01 -2.818506e-03 1.857792e-03 1.186001e-01 1.850541e-05 -1.311784e-05 1.417566e-05 8.524965e-05
11577.800000 8.094856e-01 -2.830713e-03 1.747605e-03 1.182280e-01 2.207934e-05 -1.624440e-05 2.195702e-06 7.934244e-05
11578.000000 8.084655e-01 -2.873241e-03 1.619828e-03 1.180601e-01 2.814696e-05 -2.121420e-05 -3.036497e-06 7.412824e-05
11578.200000 8.077328e-01 -2.862613e-03 1.658044e-03 1.188372e-01 4.083555e-05 -2.563822e-05 1.949911e-05 7.407308e-05
11578.400000 8.076133e-01 -2.837693e-03 1.765586e-03 1.185361e-01 4.839862e-05 -1.566766e-05 2.109560e-05 7.042613e-05
11578.600000 8.068709e-01 -2.823654e-03 1.814909e-03 1.184958e-01 4.271196e-05 -1.335778e-05 2.135698e-05 7.374542e-05
11578.800000 8.075731e-01 -2.836100e-03 1.777708e-03 1.175995e-01 5.399438e-05 -1.235610e-05 1.098234e-05 6.371179e-05
11579.000000 8.087359e-01 -2.848833e-03 1.625589e-03 1.181087e-01 4.950334e-05 -2.072309e-05 1.086352e-05 6.600359e-05
11579.200000 8.060397e-01 -2.876011e-03 1.682284e-03 1.175297e-01 5.343489e-05 -1.736430e-05 1.244422e-05 4.352045e-05
11579.400000 8.087732e-01 -2.909803e-03 1.754232e-03 1.179275e-01 6.330045e-05 -1.381331e-05 1.809580e-05 6.072451e-05
11579.600000 8.073828e-01 -2.900160e-03 1.708095e-03 1.196096e-01 5.070093e-05 -2.154158e-05 1.614141e-05 6.463490e-05
11579.800000 8.049375e-01 -2.844158e-03 1.588141e-03 1.181712e-01 5.392350e-05 -2.461509e-05 1.282688e-05 7.164183e-05
11580.000000 8.082155e-01 -2.810405e-03 1.742672e-03 1.194241e-01 4.971703e-05 -1.976218e-05 5.123502e-06 5.160367e-05
11580.200000 8.064211e-01 -2.830003e-03 1.823140e-03 1.188709e-01 5.057066e-05 -2.396479e-05 8.029197e-06 4.882726e-05
11580.400000 8.075508e-01 -2.843001e-03 1.821122e-03 1.173953e-01 4.583892e-05 -1.922607e-05 9.633864e-06 5.943838e-05
11580.600000 8.098675e-01 -2.860994e-03 1.761712e-03 1.188848e-01 3.645720e-05 -2.039191e-05 7.627714e-06 6.529473e-05
11580.800000 8.036984e-01 -2.835454e-03 1.770349e-03 1.182330e-01 4.200480e-05 -2.311472e-05 2.924177e-05 8.076280e-05
11581.000000 8.088810e-01 -2.818325e-03 1.830021e-03 1.178787e-01 4.048081e-05 -3.214869e-05 2.863046e-05 6.890027e-05
11581.200000 8.080016e-01 -2.847350e-03 1.840682e-03 1.191074e-01 3.932876e-05 -2.794285e-05 9.830141e-06 7.035565e-05
11581.400000 8.059901e-01 -2.836702e-03 1.673367e-03 1.176548e-01 4.276695e-05 -2.323254e-05 -3.867065e-06 6.651062e-05
11581.600000 8.057058e-01 -2.842653e-03 1.794318e-03 1.191434e-01 2.944175e-05 -2.677887e-05 3.840543e-07 5.560809e-05
11581.800000 8.083908e-01 -2.859770e-03 1.743292e-03 1.183971e-01 4.304980e-05 -2.724856e-05 -1.080287e-05 5.495696e-05
11582.000000 8.071258e-01 -2.854963e-03 1.706620e-03 1.185129e-01 4.963425e-05 -3.375270e-05 -1.099236e-05 7.432205e-05
11582.200000 8.083527e-01 -2.857487e-03 1.702550e-03 1.186279e-01 5.370838e-05 -3.226080e-05 6.377467e-06 7.845498e-05
11582.400000 8.065323e-01 -2.854515e-03 1.725585e-03 1.190239e-01 6.179251e-05 -1.895157e-05 2.569972e-05 8.763845e-05
11582.600000 8.077518e-01 -2.831131e-03 1.772102e-03 1.178440e-01 5.758169e-05 -2.476566e-05 1.040535e-05 6.384419e-05
11582.800000 8.025583e-01 -2.851159e-03 1.640105e-03 1.178015e-01 5.266696e-05 -1.957840e-05 1.461672e-05 6.465225e-05
11583.000000 8.072158e-01 -2.816365e-03 1.733032e-03 1.178344e-01 5.613409e-05 -1.636004e-05 1.100065e-05 8.413982e-05
11583.200000 8.070247e-01 -2.822633e-03 1.747145e-03 1.185427e-01 5.448734e-05 -2.785541e-05 3.588440e-07 7.861403e-05
11583.400000 8.076258e-01 -2.846876e-03 1.793476e-03 1.174208e-01 6.145942e-05 -3.236726e-05 -5.926320e-07 7.648647e-05
11583.600000 8.080294e-01 -2.823440e-03 1.798276e-03 1.176132e-01 5.662555e-05 -3.102794e-05 2.069718e-05 8.299227e-05
11583.800000 8.073444e-01 -2.843312e-03 1.730970e-03 1.174948e-01 4.971581e-05 -3.135473e-05 7.533093e-06 8.335777e-05
11584.000000 8.073429e-01 -2.840579e-03 1.777441e-03 1.181393e-01 5.942437e-05 -4.952651e-05 1.141391e-05 8.478375e-05
11584.200000 8.067726e-01 -2.842238e-03 1.865640e-03 1.170912e-01 5.333565e-05 -3.418349e-05 6.955589e-06 7.965698e-05
11584.400000 8.061374e-01 -2.845382e-03 1.862448e-03 1.165773e-01 5.725715e-05 -3.201515e-05 7.879769e-06 7.466517e-05
11584.600000 8.071849e-01 -2.843206e-03 1.907956e-03 1.171893e-01 5.868817e-05 -3.398020e-05 1.941942e-05 7.415383e-05
11584.800000 8.062796e-01 -2.849844e-03 1.869155e-03 1.167604e-01 4.952456e-05 -3.516540e-05 2.857036e-05 6.249683e-05
11585.000000 8.077206e-01 -2.840516e-03 2.112453e-03 1.183537e-01 4.415759e-05 -3.633547e-05 1.700485e-05 5.103242e-05
11585.200000 8.009007e-01 -2.809642e-03 1.568403e-03 1.156800e-01 5.427611e-05 -3.245397e-05 2.986455e-05 5.080652e-05
11585.400000 8.073451e-01 -2.837368e-03 1.461888e-03 1.167888e-01 5.780418e-05 -2.666057e-05 2.258871e-05 5.832303e-05
11585.600000 8.080273e-01 -2.818284e-03 1.796016e-03 1.150948e-01 5.120172e-05 -2.564291e-05 1.812277e-05 5.964436e-05
11585.800000 8.073934e-01 -2.894161e-03 1.832311e-03 1.165336e-01 4.743895e-05 -2.626550e-05 2.871217e-05 6.641514e-05
11586.000000 8.065716e-01 -2.884392e-03 1.818266e-03 1.174591e-01 5.397419e-05 -2.173459e-05 3.225930e-05 6.927240e-05
11586.200000 8.073002e-01 -2.892917e-03 1.636798e-03 1.174080e-01 6.342287e-05 -2.773886e-05 3.446910e-05 7.287982e-05
11586.400000 8.055947e-01 -2.832657e-03 1.607874e-03 1.167161e-01 6.616340e-05 -3.587258e-05 3.923998e-05 7.894280e-05
11586.600000 8.042137e-01 -2.804298e-03 1.827320e-03 1.154904e-01 7.069303e-05 -2.704290e-05 3.984094e-05 8.167050e-05
11586.800000 8.071625e-01 -2.854013e-03 1.791810e-03 1.164420e-01 5.018523e-05 -2.252866e-05 2.227854e-05 8.232959e-05
11587.000000 8.034148e-01 -2.835697e-03 1.700895e-03 1.165080e-01 4.985341e-05 -2.589382e-05 1.816982e-05 7.875984e-05
11587.200000 8.058435e-01 -2.811582e-03 1.879419e-03 1.154625e-01 4.278661e-05 -2.736100e-05 1.019774e-05 7.489480e-05
11587.400000 8.056052e-01 -2.881525e-03 1.717703e-03 1.169472e-01 4.020612e-05 -2.827353e-05 3.128978e-06 7.219519e-05
11587.600000 8.056095e-01 -2.847826e-03 1.782107e-03 1.162982e-01 4.141963e-05 -3.902635e-05 -4.066479e-07 7.722824e-05
11587.800000 8.053732e-01 -2.821052e-03 1.692965e-03 1.155290e-01 5.584595e-05 -4.380783e-05 6.214027e-06 7.353059e-05
11588.000000 8.057720e-01 -2.837291e-03 1.841701e-03 1.162862e-01 5.368067e-05 -3.813407e-05 -3.065904e-06 6.550728e-05
11588.200000 8.100748e-01 -2.869854e-03 1.844456e-03 1.176898e-01 4.415050e-05 -1.918564e-05 4.690270e-06 6.444053e-05
11588.400000 8.043892e-01 -2.861603e-03 1.738213e-03 1.152718e-01 3.946779e-05 -3.283239e-05 3.668382e-06 7.414941e-05
11588.600000 8.044538e-01 -2.850864e-03 1.689603e-03 1.165647e-01 5.147633e-05 -2.917214e-05 1.342725e-05 7.875816e-05
11588.800000 8.080524e-01 -2.841293e-03 1.598295e-03 1.175460e-01 5.128651e-05 -3.822439e-05 1.801349e-05 8.476611e-05
11589.000000 8.002990e-01 -2.862718e-03 1.686628e-03 1.151250e-01 4.968739e-05 -3.988522e-05 2.148699e-05 7.907648e-05
11589.200000 8.070085e-01 -2.855950e-03 1.711960e-03 1.173752e-01 5.445307e-05 -3.231617e-05 2.715777e-05 8.198172e-05
11589.400000 8.075683e-01 -2.823937e-03 1.657298e-03 1.191002e-01 5.753774e-05 -4.026693e-05 2.431933e-05 9.306542e-05
11589.600000 8.077182e-01 -2.835996e-03 1.652855e-03 1.161702e-01 5.215873e-05 -4.734353e-05 1.314620e-05 8.372461e-05
11589.800000 8.039470e-01 -2.904079e-03 1.733919e-03 1.169799e-01 5.431795e-05 -4.251088e-05 7.939828e-06 8.169078e-05
11590.000000 8.025187e-01 -2.836590e-03 1.977267e-03 1.170743e-01 5.896863e-05 -3.973592e-05 1.508067e-05 9.116625e-05
11590.200000 8.072205e-01 -2.851938e-03 1.885340e-03 1.187500e-01 4.736971e-05 -3.944676e-05 2.262084e-06 9.202617e-05
11590.400000 8.080919e-01 -2.871425e-03 1.685326e-03 1.200635e-01 4.180538e-05 -3.096628e-05 9.472270e-06 8.458315e-05
11590.600000 8.037167e-01 -2.906356e-03 1.758581e-03 1.185304e-01 4.658148e-05 -3.238520e-05 4.019177e-06 7.987727e-05
11590.800000 8.036427e-01 -2.851888e-03 1.801090e-03 1.174146e-01 4.819586e-05 -3.613646e-05 1.975543e-05 7.605783e-05
11591.000000 8.073148e-01 -2.882715e-03 1.670248e-03 1.186744e-01 5.254323e-05 -3.517782e-05 2.514141e-05 7.594949e-05
11591.200000 8.043882e-01 -2.939160e-03 1.661526e-03 1.174915e-01 5.085196e-05 -3.663677e-05 1.193628e-05 7.091232e-05
11591.400000 8.076033e-01 -2.868596e-03 1.683777e-03 1.181663e-01 3.835223e-05 -3.855575e-05 1.091812e-05 6.392290e-05
11591.600000 8.055844e-01 -2.876366e-03 1.705862e-03 1.186915e-01 3.787458e-05 -3.695886e-05 3.255374e-06 6.085930e-05
11591.800000 8.060827e-01 -2.920959e-03 1.735432e-03 1.204370e-01 4.035576e-05 -4.354119e-05 1.026560e-05 6.277146e-05
11592.000000 8.009574e-01 -2.823896e-03 1.579490e-03 1.195640e-01 3.499292e-05 -4.142504e-05 9.341741e-06 7.891606e-05
11592.200000 8.071528e-01 -2.845672e-03 1.661344e-03 1.193288e-01 3.774073e-05 -3.992705e-05 1.337183e-05 7.481342e-05
11592.400000 8.043543e-01 -2.907024e-03 1.796570e-03 1.206449e-01 4.797934e-05 -2.903540e-05 1.799726e-05 7.378116e-05
11592.600000 8.044385e-01 -2.820683e-03 1.751461e-03 1.186708e-01 3.864485e-05 -3.126740e-05 1.069521e-05 6.596506e-05
11592.800000 8.075344e-01 -2.901688e-03 1.790707e-03 1.195599e-01 4.240296e-05 -2.427036e-05 1.636599e-05 6.777496e-05
11593.000000 7.889963e-01 -2.736726e-03 1.786968e-03 1.169449e-01 3.963585e-05 -2.767446e-05 1.113100e-05 5.688254e-05
11593.200000 8.064585e-01 -2.864398e-03 1.759589e-03 1.189687e-01 3.970466e-05 -3.631417e-05 1.374737e-05 6.263552e-05
11593.400000 8.039118e-01 -2.867133e-03 1.675396e-03 1.209476e-01 5.199508e-05 -3.696233e-05 6.263102e-06 6.779104e-05
11593.600000 8.081095e-01 -2.794545e-03 1.787832e-03 1.226656e-01 3.435214e-05 -3.074555e-05 -1.605284e-07 6.705330e-05
11593.800000 8.064430e-01 -2.860727e-03 1.644817e-03 1.198327e-01 3.708664e-05 -3.084966e-05 5.941395e-07 6.805215e-05
11594.000000 8.039989e-01 -2.851126e-03 1.827011e-03 1.222280e-01 2.755777e-05 -2.550441e-05 1.701130e-05 6.997805e-05
11594.200000 8.078255e-01 -2.886148e-03 1.734534e-03 1.199763e-01 4.256867e-05 -2.924542e-05 1.029465e-05 7.357995e-05
11594.400000 8.030258e-01 -2.853961e-03 1.817889e-03 1.181414e-01 4.700044e-05 -2.452317e-05 1.074478e-05 7.275785e-05
11594.600000 8.062599e-01 -2.835948e-03 1.767775e-03 1.192979e-01 4.455135e-05 -3.135438e-05 8.372191e-06 7.403814e-05
11594.800000 8.018740e-01 -2.868762e-03 1.726410e-03 1.185675e-01 5.013817e-05 -3.740928e-05 5.782149e-06 7.247401e-05
11595.000000 8.041569e-01 -2.829862e-03 1.790053e-03 1.205503e-01 4.264551e-05 -3.832345e-05 -5.137472e-06 6.720860e-05
11595.200000 8.043980e-01 -2.918361e-03 1.518827e-03 1.230851e-01 5.244324e-05 -3.034880e-05 -6.534909e-06 7.340526e-05
11595.400000 8.049126e-01 -2.806072e-03 2.025788e-03 1.205983e-01 4.850101e-05 -3.102670e-05 6.801987e-06 7.093043e-05
11595.600000 8.062071e-01 -2.898595e-03 1.761313e-03 1.207141e-01 5.700971e-05 -2.731831e-05 1.090794e-05 7.998495e-05
11595.800000 8.093673e-01 -2.820614e-03 1.930210e-03 1.198291e-01 3.763497e-05 -2.155453e-05 1.819843e-06 7.593602e-05
11596.000000 8.069906e-01 -2.867592e-03 1.484878e-03 1.203507e-01 4.542888e-05 -2.199056e-05 2.635559e-05 6.973030e-05
11596.200000 7.940558e-01 -2.793498e-03 1.471225e-03 1.181441e-01 4.115889e-05 -1.781168e-05 3.505841e-05 7.500809e-05
11596.400000 8.122802e-01 -2.853373e-03 1.751729e-03 1.215145e-01 4.151544e-05 -2.034887e-05 2.383848e-05 7.992009e-05
11596.600000 8.042188e-01 -2.865137e-03 1.975937e-03 1.195558e-01 4.387367e-05 -1.317948e-05 1.894600e-05 8.558845e-05
11596.800000 8.032322e-01 -2.806714e-03 1.621185e-03 1.199107e-01 4.345980e-05 -1.924090e-05 2.223636e-05 8.078050e-05
11597.000000 8.039164e-01 -2.855741e-03 1.733214e-03 1.196897e-01 4.275750e-05 -2.050978e-05 1.323938e-05 7.205398e-05
11597.700000 8.030951e-01 -2.861181e-03 1.636805e-03 1.197951e-01 4.496297e-05 -1.823903e-05 1.718177e-05 7.928024e-05
11598.400000 8.037577e-01 -2.859485e-03 1.626858e-03 1.191660e-01 4.902200e-05 -1.782497e-05 1.636405e-05 8.346766e-05
11599.100000 8.036602e-01 -2.870133e-03 1.698415e-03 1.185571e-01 4.283123e-05 -1.638280e-05 2.549510e-05 7.482423e-05
11599.800000 8.032392e-01 -2.885672e-03 1.740616e-03 1.178875e-01 5.558406e-05 -1.981891e-05 2.057068e-05 6.360537e-05
11600.500000 8.028562e-01 -2.884836e-03 1.736786e-03 1.173431e-01 5.538591e-05 -1.948052e-05 2.121201e-05 6.634259e-05
11601.200000 8.023806e-01 -2.876693e-03 1.727185e-03 1.173834e-01 4.453542e-05 -2.691352e-05 2.117505e-05 7.921515e-05
11601.900000 8.023303e-01 -2.878571e-03 1.635719e-03 1.166035e-01 4.635446e-05 -3.128410e-05 9.936542e-06 8.615953e-05
11602.600000 8.022486e-01 -2.844275e-03 1.724433e-03 1.178250e-01 4.133578e-05 -2.747089e-05 8.548588e-06 7.757219e-05
11603.300000 8.015158e-01 -2.862961e-03 1.692828e-03 1.164317e-01 4.127630e-05 -2.573516e-05 1.738146e-05 6.524618e-05
11604.993695 8.013189e-01 -2.863270e-03 1.769512e-03 1.158670e-01 4.586379e-05 -2.265965e-05 7.584084e-06 7.171268e-05
11605.999583 8.012755e-01 -2.857067e-03 1.746757e-03 1.163778e-01 3.508729e-05 -3.370845e-05 -2.227909e-06 5.691995e-05
11607.017662 8.006659e-01 -2.831944e-03 1.712097e-03 1.163833e-01 4.056404e-05 -3.537158e-05 -1.148693e-05 6.864017e-05
11608.047933 8.010516e-01 -2.821115e-03 1.757075e-03 1.163994e-01 4.143761e-05 -2.835328e-05 -1.067451e-06 8.706989e-05
11609.090396 8.017045e-01 -2.825796e-03 1.671719e-03 1.168970e-01 4.362680e-05 -2.193566e-05 -3.665683e-06 7.863497e-05
11610.145051 8.003539e-01 -2.823306e-03 1.718064e-03 1.167133e-01 4.225962e-05 -1.695008e-05 -5.288970e-06 7.239873e-05
11611.211898 8.004832e-01 -2.836623e-03 1.732305e-03 1.175002e-01 3.886205e-05 -1.954207e-05 8.153387e-07 8.346823e-05
11612.290937 8.004014e-01 -2.848100e-03 1.670476e-03 1.171319e-01 4.622379e-05 -2.445421e-05 -7.703726e-06 7.869605e-05
11613.382167 8.010646e-01 -2.839082e-03 1.767425e-03 1.176775e-01 5.271723e-05 -2.644361e-05 -5.592107e-06 7.497858e-05
11614.485590 7.998806e-01 -2.858832e-03 1.720891e-03 1.187765e-01 5.547817e-05 -1.937793e-05 -5.503054e-06 4.285707e-05
11615.601204 8.008322e-01 -2.876931e-03 1.668835e-03 1.192791e-01 5.460904e-05 -1.275710e-05 4.623469e-06 7.257036e-05
11616.729011 8.002520e-01 -2.862451e-03 1.777803e-03 1.190455e-01 6.377917e-05 -1.188105e-05 1.164230e-05 7.194046e-05
11617.869009 7.992875e-01 -2.855340e-03 1.794109e-03 1.204662e-01 5.567098e-05 -1.136522e-05 -2.103136e-06 7.403038e-05
11619.021199 7.993277e-01 -2.870764e-03 1.703446e-03 1.202634e-01 4.746664e-05 -1.424498e-05 1.432286e-05 7.588439e-05
11620.185582 7.983886e-01 -2.874550e-03 1.652993e-03 1.205294e-01 5.310152e-05 -1.656149e-05 1.525847e-05 7.114178e-05
11621.362156 7.979602e-01 -2.868235e-03 1.744758e-03 1.206565e-01 5.198512e-05 -1.838448e-05 5.330454e-06 6.599374e-05
11622.550922 7.972587e-01 -2.844191e-03 1.673881e-03 1.209270e-01 5.489348e-05 -2.546110e-05 9.841154e-06 7.607766e-05
11623.751879 7.982827e-01 -2.860289e-03 1.631713e-03 1.208188e-01 5.416149e-05 -1.870962e-05 1.266487e-05 7.506225e-05
11624.965029 7.974361e-01 -2.844726e-03 1.690313e-03 1.204103e-01 6.006280e-05 -1.385585e-05 -4.475073e-06 7.875387e-05
11626.190371 7.973554e-01 -2.850795e-03 1.693695e-03 1.205629e-01 6.395696e-05 -1.689615e-05 -1.164122e-05 8.293380e-05
11627.427904 7.972623e-01 -2.869596e-03 1.734751e-03 1.195197e-01 5.795398e-05 -2.271042e-05 4.432665e-06 7.968381e-05
11628.677630 7.978095e-01 -2.865615e-03 1.651069e-03 1.199250e-01 5.154879e-05 -2.332827e-05 1.396170e-05 8.098368e-05
11629.939547 7.970188e-01 -2.867841e-03 1.646489e-03 1.199758e-01 4.946315e-05 -1.766678e-05 8.400766e-06 8.312987e-05
11631.213657 7.968125e-01 -2.842437e-03 1.685551e-03 1.193868e-01 5.524584e-05 -1.427016e-05 1.683921e-06 8.034032e-05
11632.499958 7.955122e-01 -2.853528e-03 1.742852e-03 1.191442e-01 6.143484e-05 -1.921399e-05 -8.756994e-06 6.668937e-05
11633.798451 7.962333e-01 -2.836921e-03 1.777594e-03 1.191661e-01 6.230936e-05 -2.082901e-05 -1.455044e-05 6.757501e-05
11635.109136 7.959526e-01 -2.834136e-03 1.821039e-03 1.183442e-01 7.026807e-05 -1.404251e-05 -1.052424e-05 7.658110e-05
11636.432013 7.958514e-01 -2.856828e-03 1.680564e-03 1.196773e-01 7.350974e-05 -1.509231e-05 8.772047e-06 7.327720e-05
11637.767082 7.946685e-01 -2.862314e-03 1.698346e-03 1.208706e-01 7.529844e-05 -1.038025e-05 7.873693e-06 6.925870e-05
11639.114342 7.940677e-01 -2.866609e-03 1.714406e-03 1.251575e-01 6.969158e-05 -1.704335e-05 -8.525514e-06 7.438808e-05
11640.473795 7.940690e-01 -2.840345e-03 1.681254e-03 1.336469e-01 6.439022e-05 -2.528080e-05 -8.316191e-06 6.982099e-05
11641.845440 7.946204e-01 -2.841982e-03 1.541377e-03 1.397538e-01 5.719018e-05 -1.964900e-05 -4.367584e-06 7.152624e-05
11643.229276 7.952333e-01 -2.853775e-03 1.605450e-03 1.421500e-01 5.539013e-05 -2.182340e-05 -4.265757e-06 6.692446e-05
11644.625305 7.958032e-01 -2.841230e-03 1.689292e-03 1.387113e-01 5.623666e-05 -1.260998e-05 -1.764879e-05 6.100270e-05
11646.033525 7.942341e-01 -2.866371e-03 1.718490e-03 1.347081e-01 5.414644e-05 -1.409616e-05 -2.233484e-05 5.181320e-05
11647.453937 7.935915e-01 -2.863922e-03 1.824584e-03 1.280157e-01 5.240356e-05 -1.165878e-05 -2.215448e-05 6.274456e-05
11648.886541 7.942626e-01 -2.852147e-03 1.762351e-03 1.225765e-01 5.442781e-05 -1.076579e-05 -2.007908e-05 6.941793e-05
11650.331337 7.935038e-01 -2.857307e-03 1.752291e-03 1.201933e-01 4.745441e-05 -1.075204e-05 -9.652538e-06 6.456822e-05
11651.788325 7.935722e-01 -2.869946e-03 1.629271e-03 1.188309e-01 4.293439e-05 -8.060453e-06 -3.912508e-06 7.353025e-05
11653.257505 7.938893e-01 -2.866086e-03 1.644720e-03 1.185189e-01 4.945693e-05 -1.255596e-05 -4.287301e-06 7.029428e-05
11654.738877 7.921284e-01 -2.844846e-03 1.678097e-03 1.185639e-01 5.260529e-05 -1.622615e-05 -9.912292e-06 8.525363e-05
11656.232440 7.920114e-01 -2.862575e-03 1.702596e-03 1.195959e-01 5.414306e-05 -1.224759e-05 -1.818993e-05 7.697900e-05
11657.738196 7.893589e-01 -2.829794e-03 1.746101e-03 1.193674e-01 5.491304e-05 -4.945408e-06 -7.668311e-06 7.551289e-05
11659.256143 7.900771e-01 -2.851948e-03 1.756437e-03 1.210625e-01 5.773249e-05 -1.008210e-05 -1.440023e-05 6.898445e-05
11660.786283 7.908723e-01 -2.860113e-03 1.690629e-03 1.213582e-01 4.830244e-05 -7.292223e-06 -2.075611e-05 7.228161e-05
11662.328614 7.911734e-01 -2.848083e-03 1.721357e-03 1.213687e-01 4.207740e-05 -1.233634e-05 -1.310885e-05 4.697161e-05
11663.883137 7.911825e-01 -2.857776e-03 1.729388e-03 1.223360e-01 4.929607e-05 -8.096556e-06 -7.474663e-06 4.225902e-05
11665.449852 7.902778e-01 -2.869721e-03 1.746694e-03 1.206813e-01 6.034132e-05 -1.549642e-05 -5.898352e-06 6.604969e-05
11667.028759 7.905659e-01 -2.868756e-03 1.755264e-03 1.212861e-01 5.581551e-05 -1.955858e-05 -8.923602e-06 6.047961e-05
11668.619858 7.897289e-01 -2.830597e-03 1.731151e-03 1.203470e-01 5.317190e-05 -1.237086e-05 -1.511814e-05 5.782094e-05
11670.223149 7.884076e-01 -2.822820e-03 1.710474e-03 1.195215e-01 5.907290e-05 -1.259503e-05 -1.491038e-05 6.582495e-05
11671.838632 7.869446e-01 -2.828627e-03 1.675137e-03 1.189180e-01 6.127238e-05 -1.876175e-05 -1.413629e-05 8.333846e-05
11673.466307 7.876422e-01 -2.849443e-03 1.714916e-03 1.185255e-01 5.513978e-05 -2.384893e-05 -1.913197e-05 8.385840e-05
11675.106173 7.883360e-01 -2.830902e-03 1.735747e-03 1.186918e-01 6.200318e-05 -2.341461e-05 -1.582932e-05 9.004361e-05
11676.758232 7.877853e-01 -2.833765e-03 1.746364e-03 1.181915e-01 5.447840e-05 -3.099452e-05 -8.355908e-06 9.140752e-05
11678.422482 7.879590e-01 -2.851035e-03 1.746984e-03 1.184607e-01 5.928431e-05 -3.417756e-05 -1.759917e-05 8.002044e-05
11680.098924 7.873039e-01 -2.843918e-03 1.674619e-03 1.182393e-01 6.357581e-05 -3.191357e-05 -1.104031e-05 9.237926e-05
11681.787558 7.883389e-01 -2.819565e-03 1.727411e-03 1.178252e-01 5.766016e-05 -4.038138e-05 -9.057968e-06 8.667928e-05
11683.488385 7.872507e-01 -2.812043e-03 1.703421e-03 1.179585e-01 5.761680e-05 -4.321068e-05 -1.604502e-05 8.295389e-05
11685.201403 7.865113e-01 -2.824482e-03 1.740673e-03 1.183914e-01 5.559033e-05 -3.887159e-05 -2.476892e-05 9.216091e-05
11686.926613 7.864456e-01 -2.834581e-03 1.687717e-03 1.187548e-01 5.199811e-05 -3.064431e-05 -2.657863e-05 8.057765e-05
11688.664014 7.853168e-01 -2.833384e-03 1.754621e-03 1.188023e-01 4.781432e-05 -3.511268e-05 -1.195439e-05 6.024243e-05
11690.413608 7.847730e-01 -2.835766e-03 1.756986e-03 1.176525e-01 5.545350e-05 -2.852319e-05 -6.712151e-06 7.012891e-05
11692.175394 7.846882e-01 -2.855539e-03 1.703410e-03 1.177185e-01 4.424655e-05 -2.353207e-05 -8.912748e-06 5.329799e-05
11693.949371 7.854933e-01 -2.845212e-03 1.668953e-03 1.176269e-01 5.041644e-05 -3.181344e-05 -7.802086e-06 5.940049e-05
11695.735541 7.856567e-01 -2.839033e-03 1.728556e-03 1.177623e-01 4.874619e-05 -3.296489e-05 -8.934843e-06 6.182471e-05
11697.533902 7.853689e-01 -2.850455e-03 1.755273e-03 1.178319e-01 6.010250e-05 -2.833400e-05 -3.301691e-06 6.229011e-05
11699.344455 7.846595e-01 -2.862543e-03 1.745042e-03 1.174218e-01 6.007541e-05 -3.005934e-05 -5.349041e-06 5.536871e-05
11701.167201 7.832356e-01 -2.853445e-03 1.679967e-03 1.176131e-01 5.685196e-05 -3.745791e-05 -6.460269e-06 6.801983e-05
11703.002138 7.809324e-01 -2.831934e-03 1.783549e-03 1.167030e-01 5.727262e-05 -3.912545e-05 -8.857157e-06 6.987910e-05
11704.849267 7.815432e-01 -2.858191e-03 1.722347e-03 1.172329e-01 5.334461e-05 -3.893653e-05 -1.370127e-06 6.037049e-05
11706.708588 7.842512e-01 -2.854206e-03 1.700574e-03 1.169335e-01 5.865535e-05 -3.889997e-05 -3.984714e-06 5.225136e-05
11708.580100 7.835574e-01 -2.850354e-03 1.742187e-03 1.173976e-01 4.884392e-05 -4.775071e-05 -3.160350e-06 4.161351e-05
11710.463805 7.834911e-01 -2.874105e-03 1.738705e-03 1.168576e-01 4.733379e-05 -3.966385e-05 2.513989e-06 3.887556e-05
11712.359702 7.822374e-01 -2.864861e-03 1.706478e-03 1.166934e-01 4.970596e-05 -3.114926e-05 1.517498e-05 5.493052e-05
11714.267790 7.819314e-01 -2.869010e-03 1.753660e-03 1.170529e-01 5.036511e-05 -3.936948e-05 2.210660e-05 6.518232e-05
11716.188071 7.825812e-01 -2.850583e-03 1.759929e-03 1.175659e-01 4.910680e-05 -3.356608e-05 1.609025e-05 6.553696e-05
11718.120543 7.823493e-01 -2.854559e-03 1.650056e-03 1.168711e-01 4.444114e-05 -3.062179e-05 1.251230e-05 5.366371e-05
11720.065207 7.811718e-01 -2.854936e-03 1.716642e-03 1.173812e-01 3.733408e-05 -2.468803e-05 8.517406e-06 5.880938e-05
11722.022064 7.800835e-01 -2.876918e-03 1.854714e-03 1.177622e-01 4.412946e-05 -2.702069e-05 3.379704e-06 5.789334e-05
11723.991112 7.807136e-01 -2.854258e-03 1.735640e-03 1.182521e-01 4.862450e-05 -2.667137e-05 6.215743e-06 6.868589e-05
11725.972352 7.805235e-01 -2.857194e-03 1.738615e-03 1.171626e-01 4.704860e-05 -2.823762e-05 -3.087206e-06 6.778880e-05
11727.965784 7.786670e-01 -2.875626e-03 1.747740e-03 1.174499e-01 4.371981e-05 -2.986928e-05 4.657005e-06 6.086159e-05
11729.971407 7.796119e-01 -2.833764e-03 1.762273e-03 1.172873e-01 4.175083e-05 -4.441915e-05 9.529859e-07 6.349315e-05
11731.989223 7.785923e-01 -2.858923e-03 1.781704e-03 1.178333e-01 4.804932e-05 -4.020074e-05 -7.262013e-06 5.471146e-05
11734.019231 7.783624e-01 -2.854267e-03 1.777793e-03 1.181837e-01 5.461717e-05 -3.665031e-05 -1.040523e-05 5.838050e-05
11736.061430 7.782670e-01 -2.853853e-03 1.738483e-03 1.180271e-01 5.951088e-05 -4.046478e-05 -1.350866e-05 6.620464e-05
11738.115822 7.774463e-01 -2.854500e-03 1.690171e-03 1.180676e-01 5.903498e-05 -3.611481e-05 -6.044617e-06 6.922795e-05
11740.182405 7.767211e-01 -2.873013e-03 1.734027e-03 1.194201e-01 5.613269e-05 -3.204267e-05 -7.450006e-06 7.156259e-05
11742.261180 7.745020e-01 -2.866705e-03 1.724999e-03 1.181447e-01 5.404585e-05 -2.767811e-05 -1.131761e-05 7.590288e-05
11744.352148 7.724628e-01 -2.868529e-03 1.682793e-03 1.181544e-01 5.082267e-05 -3.439230e-05 -6.421111e-06 7.721573e-05
11746.455307 7.756052e-01 -2.873863e-03 1.704575e-03 1.192065e-01 4.780289e-05 -4.242114e-05 -1.402801e-05 6.630085e-05
11748.570658 7.754154e-01 -2.850487e-03 1.788220e-03 1.188276e-01 4.081651e-05 -4.643148e-05 -1.999991e-05 7.683317e-05
11750.698201 7.741097e-01 -2.871559e-03 1.707540e-03 1.182307e-01 2.519183e-05 -5.064974e-05 -2.816643e-05 7.905477e-05
11752.837935 7.749561e-01 -2.855826e-03 1.764108e-03 1.185330e-01 2.914116e-05 -4.994180e-05 -3.017298e-05 7.050196e-05
11754.989862 7.742198e-01 -2.891430e-03 1.800844e-03 1.179991e-01 2.945361e-05 -3.677369e-05 -2.765124e-05 5.152956e-05
11757.153981 7.719807e-01 -2.900535e-03 1.730125e-03 1.182225e-01 2.306652e-05 -2.969602e-05 -2.272274e-05 5.203970e-05
11759.330291 7.719196e-01 -2.883513e-03 1.764030e-03 1.179206e-01 3.084137e-05 -2.804138e-05 -2.739783e-05 5.185072e-05
11761.518794 7.700144e-01 -2.894774e-03 1.744583e-03 1.167613e-01 3.038592e-05 -2.719173e-05 -2.578361e-05 5.065846e-05
11763.719488 7.699544e-01 -2.866255e-03 1.706007e-03 1.179316e-01 2.550772e-05 -1.554825e-05 -1.427439e-05 5.333633e-05
11765.932374 7.731671e-01 -2.875864e-03 1.764946e-03 1.174123e-01 3.105746e-05 -1.751091e-05 -1.997463e-05 6.985197e-05
11768.157453 7.717881e-01 -2.873379e-03 1.703479e-03 1.179568e-01 3.868381e-05 -3.394353e-05 -2.342509e-05 5.602797e-05
11770.394723 7.711881e-01 -2.865712e-03 1.714457e-03 1.181808e-01 3.170787e-05 -3.440911e-05 -2.561213e-05 3.341988e-05
11772.644185 7.699690e-01 -2.857996e-03 1.703617e-03 1.163084e-01 2.904730e-05 -3.151493e-05 -2.313895e-05 6.309940e-05
11774.905838 7.708798e-01 -2.855019e-03 1.747477e-03 1.171626e-01 3.994080e-05 -2.403073e-05 -2.591790e-05 6.610713e-05
11777.179684 7.691562e-01 -2.863557e-03 1.785251e-03 1.164728e-01 4.442483e-05 -2.062189e-05 -3.072051e-05 6.160120e-05
11779.465722 7.700435e-01 -2.866658e-03 1.765388e-03 1.168223e-01 3.948380e-05 -1.860144e-05 -1.535142e-05 7.298466e-05
11781.763952 7.702892e-01 -2.866890e-03 1.676512e-03 1.166811e-01 3.561025e-05 -2.866955e-05 -9.891896e-06 5.636859e-05
11784.074373 7.712619e-01 -2.870284e-03 1.696951e-03 1.176889e-01 3.200637e-05 -3.019059e-05 -1.340603e-05 5.848995e-05
11786.396987 7.687948e-01 -2.861544e-03 1.706189e-03 1.170245e-01 2.942720e-05 -2.599844e-05 -1.523738e-05 5.416332e-05
11788.731792 7.695051e-01 -2.867024e-03 1.696024e-03 1.176724e-01 3.862632e-05 -1.820973e-05 4.619219e-06 7.210649e-05
11791.078789 7.688894e-01 -2.858991e-03 1.644897e-03 1.173915e-01 3.724964e-05 -1.313704e-05 7.309802e-06 8.308840e-05
11793.437978 7.681879e-01 -2.860334e-03 1.671877e-03 1.182524e-01 3.967283e-05 -2.114269e-05 1.551741e-07 8.046489e-05
11795.809359 7.636667e-01 -2.877577e-03 1.710007e-03 1.173092e-01 4.450527e-05 -2.747149e-05 4.890569e-06 8.574897e-05
11798.192932 7.632070e-01 -2.871554e-03 1.709260e-03 1.177708e-01 4.164815e-05 -2.329455e-05 -4.734613e-08 8.636415e-05
11800.588697 7.642954e-01 -2.855694e-03 1.747464e-03 1.170924e-01 4.080959e-05 -2.975672e-05 4.391426e-06 8.071703e-05
11802.996654 7.653707e-01 -2.842377e-03 1.680963e-03 1.181994e-01 3.744237e-05 -2.048209e-05 -6.268130e-06 8.788261e-05
11805.416803 7.657695e-01 -2.853977e-03 1.713288e-03 1.184368e-01 4.069842e-05 -1.912136e-05 -4.036936e-06 8.300470e-05
11807.849143 7.643213e-01 -2.863119e-03 1.757196e-03 1.186839e-01 3.825801e-05 -2.143127e-05 1.398246e-06 8.292476e-05
11810.293676 7.656758e-01 -2.862580e-03 1.753624e-03 1.183241e-01 3.396915e-05 -2.276272e-05 7.791747e-06 7.415591e-05
11812.750400 7.647785e-01 -2.855433e-03 1.681718e-03 1.177770e-01 3.835093e-05 -2.271383e-05 9.340302e-06 6.723751e-05
11815.219317 7.646372e-01 -2.854732e-03 1.607329e-03 1.188401e-01 3.760874e-05 -2.989617e-05 9.154070e-06 6.444380e-05
11817.700425 7.643117e-01 -2.880587e-03 1.755827e-03 1.173593e-01 4.408187e-05 -2.377969e-05 1.649611e-05 7.549535e-05
11820.193725 7.623332e-01 -2.852094e-03 1.711635e-03 1.181379e-01 3.940820e-05 -1.143370e-05 8.371245e-06 7.554218e-05
11822.699217 7.615472e-01 -2.866606e-03 1.734519e-03 1.178774e-01 4.200971e-05 -1.905604e-05 9.533246e-06 7.478890e-05
11825.216901 7.594511e-01 -2.859105e-03 1.737734e-03 1.189474e-01 3.696123e-05 -2.083474e-05 2.098329e-05 7.172605e-05
11827.746777 7.596479e-01 -2.875597e-03 1.662690e-03 1.181005e-01 3.920918e-05 -1.890062e-05 1.071041e-05 7.157737e-05
11830.288845 7.625573e-01 -2.844757e-03 1.673621e-03 1.187443e-01 3.909715e-05 -2.031175e-05 6.136931e-06 7.644508e-05
11832.843105 7.607564e-01 -2.863139e-03 1.711203e-03 1.183145e-01 3.419864e-05 -2.931175e-05 1.621716e-06 4.345385e-05
11835.409556 7.579031e-01 -2.871834e-03 1.734702e-03 1.171057e-01 3.629378e-05 -2.426998e-05 8.985114e-06 5.647241e-05
11837.988200 7.574205e-01 -2.866079e-03 1.701796e-03 1.174038e-01 3.300129e-05 -1.324537e-05 4.473627e-06 6.275989e-05
11840.579035 7.551987e-01 -2.864459e-03 1.713229e-03 1.167289e-01 5.010400e-05 -1.280250e-05 1.633228e-05 7.403479e-05
11843.182062 7.585084e-01 -2.884329e-03 1.688681e-03 1.169939e-01 4.995159e-05 -1.614927e-05 2.076266e-05 6.766453e-05
11845.797282 7.583663e-01 -2.873199e-03 1.645703e-03 1.173777e-01 3.593406e-05 -1.544333e-05 8.313770e-07 6.024700e-05
11848.424693 7.579739e-01 -2.867795e-03 1.768011e-03 1.177837e-01 3.857091e-05 -2.380234e-05 6.155710e-06 6.094893e-05
11851.064296 7.560754e-01 -2.879791e-03 1.736909e-03 1.175577e-01 3.676121e-05 -2.425128e-05 -1.386592e-05 3.408429e-05
11853.716091 7.540114e-01 -2.876981e-03 1.724556e-03 1.170102e-01 3.271283e-05 -2.087281e-05 -8.937965e-06 6.383900e-05
11856.380078 7.563311e-01 -2.893923e-03 1.698268e-03 1.172001e-01 3.931476e-05 -1.826519e-05 -8.795962e-06 5.915054e-05
11859.056256 7.562293e-01 -2.869388e-03 1.720949e-03 1.173131e-01 4.432228e-05 -3.037053e-05 -2.245279e-06 7.391556e-05
11861.744627 7.552920e-01 -2.868300e-03 1.722212e-03 1.185262e-01 4.751051e-05 -2.654063e-05 -6.139140e-06 6.539821e-05
11864.445190 7.525073e-01 -2.852065e-03 1.692501e-03 1.170195e-01 4.014532e-05 -2.930196e-05 -1.356843e-05 5.067585e-05
11867.157944 7.550422e-01 -2.840098e-03 1.718912e-03 1.173609e-01 3.267917e-05 -2.937949e-05 -6.072320e-06 4.566657e-05
11869.882891 7.557010e-01 -2.839581e-03 1.690496e-03 1.191384e-01 4.457206e-05 -3.313287e-05 8.349805e-07 5.051659e-05
11872.620029 7.557351e-01 -2.846550e-03 1.775239e-03 1.179673e-01 3.929716e-05 -3.988243e-05 -1.766757e-06 6.436191e-05
11875.369359 7.557038e-01 -2.855978e-03 1.794440e-03 1.186624e-01 4.181537e-05 -3.918508e-05 -6.962463e-06 4.917247e-05
11878.130881 7.556813e-01 -2.829137e-03 1.720971e-03 1.181968e-01 4.572781e-05 -4.063750e-05 -1.801350e-07 7.394990e-05
11880.904595 7.543278e-01 -2.852068e-03 1.847062e-03 1.190097e-01 4.707862e-05 -3.546427e-05 8.674762e-06 8.395966e-05
11883.690501 7.538660e-01 -2.842846e-03 1.696010e-03 1.191767e-01 3.852684e-05 -2.353625e-05 1.573299e-05 7.923664e-05
11886.488599 7.524713e-01 -2.859065e-03 1.697589e-03 1.190511e-01 3.183913e-05 -1.491883e-05 1.238275e-05 7.083658e-05
11889.298889 7.524291e-01 -2.846311e-03 1.688711e-03 1.195933e-01 3.075491e-05 -1.771305e-05 5.405021e-06 6.485812e-05
11892.121371 7.507063e-01 -2.847447e-03 1.737735e-03 1.178817e-01 2.692535e-05 -3.380563e-05 6.271065e-06 6.885896e-05
11894.956044 7.470735e-01 -2.861937e-03 1.747672e-03 1.174747e-01 3.778394e-05 -3.443008e-05 -4.192986e-06 5.760518e-05
11897.802910 7.433864e-01 -2.844152e-03 1.781100e-03 1.177983e-01 4.473048e-05 -3.761560e-05 9.224065e-06 7.392380e-05
11900.661967 7.485967e-01 -2.849460e-03 1.740150e-03 1.183343e-01 4.441973e-05 -3.334580e-05 1.000744e-05 8.262604e-05
11903.533217 7.494825e-01 -2.841387e-03 1.687476e-03 1.188722e-01 3.954113e-05 -2.448944e-05 7.663657e-06 9.352736e-05
11906.416658 7.484280e-01 -2.856164e-03 1.726659e-03 1.182948e-01 3.079982e-05 -2.427918e-05 3.088506e-06 8.750192e-05
11909.312291 7.480278e-01 -2.857159e-03 1.721809e-03 1.184199e-01 2.808785e-05 -2.134608e-05 -9.221584e-06 9.070643e-05
11912.220116 7.473930e-01 -2.835666e-03 1.787501e-03 1.185875e-01 3.050217e-05 -1.885736e-05 -4.811963e-07 9.524751e-05
11915.140133 7.478589e-01 -2.848500e-03 1.775325e-03 1.180577e-01 3.396542e-05 -1.630515e-05 3.768758e-06 8.531361e-05
11918.072342 7.476993e-01 -2.852495e-03 1.647655e-03 1.182864e-01 2.470724e-05 -2.384678e-05 9.256980e-06 8.467344e-05
11921.016743 7.407193e-01 -2.841540e-03 1.681195e-03 1.170119e-01 2.680399e-05 -2.189797e-05 -9.077671e-06 9.150478e-05
11923.973335 7.399695e-01 -2.838410e-03 1.741713e-03 1.167608e-01 2.913180e-05 -1.351230e-05 -4.296370e-06 1.007439e-04
11926.942120 7.444232e-01 -2.863090e-03 1.714314e-03 1.173046e-01 4.097297e-05 -1.943893e-05 -3.747866e-06 9.560738e-05
11929.923096 7.439550e-01 -2.861482e-03 1.705887e-03 1.175031e-01 4.720150e-05 -2.221148e-05 -1.319141e-05 1.078632e-04
11932.916265 7.445857e-01 -2.842382e-03 1.699510e-03 1.178385e-01 4.613799e-05 -1.646937e-05 -1.723546e-05 1.033040e-04
11935.921625 7.438236e-01 -2.864096e-03 1.731493e-03 1.176555e-01 4.272681e-05 -1.973898e-05 -8.527594e-06 1.003117e-04
11938.939177 7.436167e-01 -2.880884e-03 1.700978e-03 1.190352e-01 4.076839e-05 -3.120049e-05 4.933996e-06 8.080421e-05
11941.968921 7.425352e-01 -2.852364e-03 1.755731e-03 1.174169e-01 5.041539e-05 -3.361741e-05 -9.411231e-06 9.129735e-05
11945.010858 7.415094e-01 -2.863113e-03 1.761806e-03 1.183024e-01 4.494004e-05 -3.417909e-05 7.429800e-07 9.520903e-05
11948.064985 7.416155e-01 -2.858480e-03 1.761101e-03 1.179875e-01 3.739334e-05 -2.761244e-05 -1.747120e-06 8.834412e-05
11951.131305 7.403475e-01 -2.856861e-03 1.689916e-03 1.178294e-01 4.274148e-05 -2.993553e-05 6.763101e-06 8.593595e-05
11954.209817 7.404853e-01 -2.853773e-03 1.694808e-03 1.185697e-01 4.867699e-05 -2.524077e-05 -4.728785e-07 8.853792e-05
11957.300521 7.398675e-01 -2.860564e-03 1.724593e-03 1.185017e-01 4.900116e-05 -2.154026e-05 -3.008431e-06 6.918774e-05
11960.403416 7.396733e-01 -2.853137e-03 1.777188e-03 1.177756e-01 5.917631e-05 -9.726987e-06 -7.560731e-06 9.263904e-05
11963.518504 7.395617e-01 -2.861737e-03 1.767362e-03 1.180661e-01 5.195791e-05 -2.874383e-06 8.923585e-06 9.046935e-05
11966.645783 7.395755e-01 -2.863225e-03 1.738372e-03 1.175954e-01 5.174334e-05 -3.727642e-06 6.481797e-06 9.689389e-05
11969.785255 7.393845e-01 -2.874414e-03 1.737551e-03 1.179465e-01 5.075611e-05 -2.066578e-06 1.969755e-06 9.153648e-05
11972.936918 7.383957e-01 -2.855032e-03 1.720095e-03 1.188242e-01 4.051162e-05 -1.220531e-05 1.228931e-06 8.597357e-05
11976.100773 7.378234e-01 -2.857297e-03 1.803156e-03 1.183084e-01 4.360124e-05 -1.201386e-05 4.297239e-06 7.844615e-05
11979.276820 7.369350e-01 -2.858369e-03 1.782637e-03 1.179374e-01 4.719444e-05 -2.454902e-06 4.739185e-07 8.097148e-05
11982.465059 7.374518e-01 -2.857232e-03 1.762298e-03 1.185135e-01 4.951068e-05 -4.938945e-07 3.044152e-06 6.983762e-05
11985.665490 7.365252e-01 -2.880385e-03 1.699542e-03 1.175257e-01 3.920895e-05 -8.833009e-06 -4.335102e-06 6.420765e-05
11988.878112 7.361461e-01 -2.871718e-03 1.714607e-03 1.182028e-01 3.832478e-05 -9.873742e-06 -5.116067e-06 8.025898e-05
11992.102927 7.348305e-01 -2.878515e-03 1.738800e-03 1.186624e-01 4.256387e-05 -1.019917e-05 -1.058465e-05 6.573066e-05
11995.339934 7.339851e-01 -2.848459e-03 1.697824e-03 1.179673e-01 4.522795e-05 -1.361582e-05 5.637061e-06 8.062566e-05
11998.589132 7.339708e-01 -2.866488e-03 1.699986e-03 1.176736e-01 4.811147e-05 -2.813208e-05 -3.853696e-06 8.975553e-05
12001.850523 7.333988e-01 -2.872113e-03 1.704499e-03 1.178404e-01 4.896594e-05 -3.490813e-05 1.199082e-05 8.970111e-05
12005.124105 7.315098e-01 -2.859051e-03 1.759055e-03 1.175577e-01 4.908631e-05 -3.022738e-05 1.595899e-05 7.669437e-05
12008.409879 7.314384e-01 -2.864777e-03 1.736413e-03 1.182143e-01 5.124817e-05 -2.687268e-05 1.034148e-05 7.847839e-05
12011.707845 7.313998e-01 -2.862199e-03 1.753937e-03 1.186583e-01 5.127919e-05 -1.855011e-05 6.094190e-06 8.760829e-05
12015.018003 7.314721e-01 -2.867568e-03 1.735988e-03 1.178599e-01 4.623590e-05 -2.195587e-05 1.403414e-05 9.907695e-05
12018.340353 7.308745e-01 -2.875716e-03 1.699168e-03 1.179145e-01 4.399154e-05 -2.408158e-05 1.531973e-05 1.041274e-04
12021.674895 7.306996e-01 -2.850358e-03 1.727608e-03 1.179030e-01 3.686798e-05 -2.335018e-05 1.084973e-05 1.096467e-04
12025.021629 7.294035e-01 -2.841042e-03 1.735406e-03 1.174609e-01 2.980374e-05 -2.938025e-05 5.502619e-06 1.030955e-04
12028.380554 7.296439e-01 -2.845998e-03 1.782546e-03 1.177718e-01 2.655970e-05 -3.060781e-05 7.693433e-06 1.029194e-04
12031.751672 7.289028e-01 -2.860755e-03 1.748338e-03 1.183189e-01 3.216453e-05 -4.392151e-05 1.962282e-05 9.824796e-05
12035.134982 7.279537e-01 -2.859114e-03 1.773706e-03 1.178112e-01 3.165463e-05 -3.756349e-05 1.314946e-05 9.149189e-05
12038.530483 7.272490e-01 -2.844028e-03 1.712989e-03 1.181326e-01 3.888946e-05 -3.850787e-05 2.008396e-05 8.980275e-05
12041.938176 7.270033e-01 -2.873045e-03 1.699806e-03 1.177782e-01 3.315972e-05 -3.389154e-05 -7.849275e-06 7.309763e-05
12045.358061 7.213620e-01 -2.888353e-03 1.757407e-03 1.172990e-01 3.759624e-05 -3.798873e-05 -1.513677e-05 5.776539e-05
12048.790139 7.141700e-01 -2.871702e-03 1.771701e-03 1.167570e-01 3.520443e-05 -3.333099e-05 -1.482723e-05 7.585590e-05
12052.234408 7.229970e-01 -2.877599e-03 1.742681e-03 1.192659e-01 4.319628e-05 -3.286178e-05 -1.914299e-06 9.173713e-05
12055.690868 7.239619e-01 -2.859007e-03 1.714929e-03 1.212868e-01 4.179762e-05 -3.665366e-05 -2.208468e-06 1.036190e-04
12059.159521 7.245676e-01 -2.875579e-03 1.750327e-03 1.252234e-01 4.043896e-05 -3.794599e-05 -1.817887e-06 9.407012e-05
12062.640366 7.239248e-01 -2.890572e-03 1.745686e-03 1.264942e-01 4.338833e-05 -2.433284e-05 -8.424626e-07 8.423603e-05
12066.133403 7.232475e-01 -2.879750e-03 1.709861e-03 1.229424e-01 4.214931e-05 -2.699321e-05 -6.350857e-06 8.411464e-05
12069.638631 7.224187e-01 -2.856256e-03 1.720186e-03 1.201528e-01 3.372193e-05 -2.719216e-05 -6.525090e-06 8.766160e-05
12073.156052 7.217577e-01 -2.845291e-03 1.721736e-03 1.189047e-01 2.561789e-05 -2.199874e-05 -9.501788e-06 9.360405e-05
12076.685664 7.212099e-01 -2.870998e-03 1.677065e-03 1.184933e-01 2.109416e-05 -3.121888e-05 -2.997147e-06 9.385459e-05
12080.227468 7.211699e-01 -2.872285e-03 1.721177e-03 1.201205e-01 2.541782e-05 -3.552838e-05 1.652931e-06 8.776965e-05
12083.781465 7.200300e-01 -2.879367e-03 1.766518e-03 1.195923e-01 2.933257e-05 -3.078955e-05 -2.405034e-06 7.077046e-05
12087.347653 7.194616e-01 -2.855442e-03 1.776911e-03 1.189028e-01 2.731358e-05 -3.837374e-05 -7.137232e-06 7.255079e-05
12090.926033 7.185793e-01 -2.849475e-03 1.753789e-03 1.187858e-01 2.317616e-05 -3.483279e-05 -7.675304e-06 7.081296e-05
12094.516605 7.186832e-01 -2.845737e-03 1.760881e-03 1.175636e-01 2.322289e-05 -4.264538e-05 -7.601843e-07 6.734374e-05
12098.119369 7.179453e-01 -2.877528e-03 1.723391e-03 1.177248e-01 3.071845e-05 -4.062491e-05 1.509424e-05 7.191244e-05
12101.734324 7.174873e-01 -2.874764e-03 1.731887e-03 1.178902e-01 2.583626e-05 -3.834063e-05 5.758161e-06 9.474091e-05
12105.361472 7.160675e-01 -2.881917e-03 1.758321e-03 1.179036e-01 2.757968e-05 -4.073797e-05 6.326936e-06 8.935465e-05
12109.000811 7.148777e-01 -2.881065e-03 1.742391e-03 1.178265e-01 2.873678e-05 -3.795730e-05 2.260621e-05 8.098532e-05
12112.652343 7.150974e-01 -2.871188e-03 1.720389e-03 1.185029e-01 2.665761e-05 -3.685503e-05 1.453627e-06 8.456349e-05
12116.316066 7.135704e-01 -2.863514e-03 1.650590e-03 1.183325e-01 4.273881e-05 -3.736901e-05 -1.057176e-05 8.060400e-05
12119.991982 7.124319e-01 -2.863869e-03 1.704711e-03 1.184916e-01 4.452551e-05 -3.961893e-05 -1.124735e-05 7.698584e-05
12123.680089 7.135354e-01 -2.879216e-03 1.713905e-03 1.180133e-01 3.006438e-05 -3.368765e-05 -1.758205e-06 6.657646e-05
12127.380388 7.127637e-01 -2.890482e-03 1.734912e-03 1.181152e-01 3.401197e-05 -3.865647e-05 -2.615910e-06 7.770956e-05
12131.092879 7.114144e-01 -2.876745e-03 1.705740e-03 1.183615e-01 3.607896e-05 -3.838853e-05 -4.323079e-06 7.247216e-05
12134.817562 7.110945e-01 -2.868036e-03 1.729003e-03 1.188280e-01 3.270001e-05 -2.892718e-05 -6.838737e-06 7.239045e-05
12138.554437 7.105735e-01 -2.879013e-03 1.687564e-03 1.202220e-01 3.654112e-05 -2.510606e-05 -8.897152e-06 7.051727e-05
12142.303503 7.102509e-01 -2.861090e-03 1.735340e-03 1.254561e-01 3.967978e-05 -1.935016e-05 -2.082211e-07 9.045028e-05
12146.064762 7.099618e-01 -2.881637e-03 1.726725e-03 1.294011e-01 4.696775e-05 -1.931081e-05 6.080072e-07 9.921809e-05
12149.838213 7.084568e-01 -2.877542e-03 1.718838e-03 1.279661e-01 4.515772e-05 -2.239723e-05 1.427687e-06 1.007976e-04
12153.623855 7.082886e-01 -2.874397e-03 1.735316e-03 1.221635e-01 4.358301e-05 -1.940213e-05 -1.170330e-06 9.333046e-05
12157.421689 7.084922e-01 -2.868761e-03 1.733032e-03 1.185981e-01 4.024646e-05 -2.338134e-05 5.768729e-06 7.575626e-05
12161.231716 7.076975e-01 -2.866418e-03 1.711717e-03 1.175641e-01 4.039801e-05 -1.401705e-05 7.823354e-06 8.955126e-05
12165.053934 7.072258e-01 -2.859432e-03 1.744171e-03 1.179979e-01 3.830018e-05 -1.632196e-05 6.010116e-06 9.281698e-05
12168.888344 7.064762e-01 -2.853085e-03 1.729860e-03 1.177256e-01 2.997994e-05 -2.157129e-05 1.270388e-06 9.232891e-05
12172.734946 7.039396e-01 -2.854511e-03 1.759257e-03 1.179961e-01 3.359663e-05 -2.274654e-05 -5.601910e-06 9.919399e-05
12176.593740 7.039522e-01 -2.850046e-03 1.721988e-03 1.177982e-01 3.935465e-05 -2.526073e-05 7.387550e-06 1.014262e-04
12180.464726 7.035607e-01 -2.864326e-03 1.737723e-03 1.177894e-01 3.870784e-05 -2.135960e-05 7.945112e-06 7.615098e-05
12184.347903 7.032628e-01 -2.861236e-03 1.781413e-03 1.178963e-01 4.076972e-05 -2.809307e-05 -1.102950e-05 8.503501e-05
12188.243273 7.028957e-01 -2.866048e-03 1.758954e-03 1.184116e-01 3.989834e-05 -3.473625e-05 -1.750202e-05 9.039170e-05
12192.150835 7.019445e-01 -2.871792e-03 1.748602e-03 1.185927e-01 3.686699e-05 -3.417398e-05 -5.864003e-06 6.960031e-05
12196.070588 7.018816e-01 -2.863870e-03 1.755117e-03 1.188686e-01 3.637748e-05 -3.297510e-05 -1.347767e-05 6.619075e-05
12200.002533 7.007340e-01 -2.870254e-03 1.737748e-03 1.176120e-01 3.434368e-05 -2.525143e-05 -8.168162e-06 9.025826e-05
12203.946671 6.995086e-01 -2.870837e-03 1.706947e-03 1.176388e-01 3.579434e-05 -1.977591e-05 -6.094025e-06 8.464365e-05
12207.903000 6.985765e-01 -2.874712e-03 1.654843e-03 1.176317e-01 3.804060e-05 -1.822157e-05 -1.259105e-05 7.609640e-05
12211.871521 6.985557e-01 -2.881049e-03 1.734773e-03 1.177964e-01 4.946785e-05 -2.689849e-05 -1.508719e-05 7.813663e-05
12215.852234 6.974742e-01 -2.878632e-03 1.748019e-03 1.173348e-01 5.482317e-05 -2.520028e-05 -2.955987e-06 8.179954e-05
12219.845139 6.969662e-01 -2.886917e-03 1.725400e-03 1.171485e-01 5.568687e-05 -1.781608e-05 -7.851708e-06 7.914313e-05
12223.850236 6.963771e-01 -2.864735e-03 1.734216e-03 1.173059e-01 6.521046e-05 -2.371360e-05 2.094389e-06 7.623344e-05
12227.867524 6.968438e-01 -2.853282e-03 1.759791e-03 1.172665e-01 6.175388e-05 -2.288489e-05 -1.940863e-06 7.562512e-05
12231.897005 6.958307e-01 -2.849627e-03 1.725647e-03 1.179179e-01 5.588911e-05 -2.034942e-05 -3.318418e-06 6.774639e-05
12235.938678 6.943116e-01 -2.862297e-03 1.754419e-03 1.176873e-01 5.089174e-05 -2.842767e-05 -7.743284e-06 7.381774e-05
12239.992542 6.948276e-01 -2.864657e-03 1.716723e-03 1.176167e-01 4.174921e-05 -2.627636e-05 -1.379868e-06 7.944000e-05
12244.058598 6.939434e-01 -2.859131e-03 1.704435e-03 1.172293e-01 3.642584e-05 -2.403561e-05 -2.326132e-06 8.149246e-05
12248.136847 6.929778e-01 -2.870288e-03 1.742801e-03 1.172678e-01 5.367489e-05 -2.428215e-05 -5.030698e-06 8.476876e-05
12252.227287 6.872649e-01 -2.882369e-03 1.692528e-03 1.160420e-01 5.264095e-05 -2.140121e-05 -9.924842e-06 6.338950e-05
12256.329919 6.768983e-01 -2.871481e-03 1.728343e-03 1.150893e-01 4.403295e-05 -2.440960e-05 -8.925762e-06 6.682761e-05
12260.444743 6.869341e-01 -2.856475e-03 1.749805e-03 1.165477e-01 4.185921e-05 -3.050060e-05 1.645876e-06 6.925892e-05
12264.571759 6.885020e-01 -2.861567e-03 1.774947e-03 1.166542e-01 4.739726e-05 -1.890044e-05 1.600179e-06 7.321185e-05
12268.710967 6.881562e-01 -2.848128e-03 1.812078e-03 1.171059e-01 5.282886e-05 -2.418944e-05 7.445810e-06 8.132669e-05
12272.862366 6.886338e-01 -2.862298e-03 1.726738e-03 1.174863e-01 4.821683e-05 -3.414132e-05 1.359191e-05 7.899078e-05
12277.025958 6.879899e-01 -2.866188e-03 1.753168e-03 1.180566e-01 3.902271e-05 -3.698119e-05 1.081885e-07 7.149601e-05
12281.201742 6.874885e-01 -2.863846e-03 1.759742e-03 1.194586e-01 3.209760e-05 -3.389886e-05 -1.167959e-05 6.332728e-05
12285.389717 6.858041e-01 -2.862867e-03 1.736428e-03 1.184169e-01 4.563415e-05 -3.522477e-05 -1.063538e-05 7.022677e-05
12289.589884 6.847135e-01 -2.863423e-03 1.738344e-03 1.175033e-01 4.980341e-05 -3.153411e-05 -1.714674e-05 6.916144e-05
12293.802244 6.849991e-01 -2.851117e-03 1.755558e-03 1.176949e-01 5.141332e-05 -3.217814e-05 -7.429257e-06 7.175036e-05
12298.026795 6.717676e-01 -2.867572e-03 1.723485e-03 1.157727e-01 6.216727e-05 -2.777145e-05 -3.861824e-06 6.009144e-05
12302.263538 6.755264e-01 -2.866188e-03 1.746165e-03 1.162139e-01 5.686628e-05 -2.940167e-05 -6.518116e-06 6.232810e-05
12306.512473 6.824637e-01 -2.868865e-03 1.715646e-03 1.173802e-01 4.849653e-05 -3.250992e-05 -2.788831e-06 7.286697e-05
12310.773600 6.821053e-01 -2.872693e-03 1.672876e-03 1.174606e-01 4.419127e-05 -2.932381e-05 -7.079267e-06 7.008109e-05
12315.046919 6.816157e-01 -2.889632e-03 1.641934e-03 1.171113e-01 4.261931e-05 -3.042496e-05 -2.571844e-06 5.459988e-05
12319.332429 6.802108e-01 -2.882184e-03 1.694622e-03 1.166450e-01 4.220384e-05 -2.284448e-05 -5.585947e-06 5.426512e-05
12323.630132 6.810257e-01 -2.883387e-03 1.716832e-03 1.171187e-01 4.209732e-05 -2.333467e-05 -1.099021e-05 6.767220e-05
12327.940026 6.803922e-01 -2.891944e-03 1.704554e-03 1.171326e-01 4.860387e-05 -2.437444e-05 -1.938904e-05 7.680519e-05
12332.262113 6.800190e-01 -2.890478e-03 1.688293e-03 1.170400e-01 5.483803e-05 -3.956567e-05 -2.400573e-05 8.034515e-05
12336.596391 6.793219e-01 -2.884838e-03 1.782097e-03 1.171042e-01 5.074408e-05 -3.092794e-05 -1.299320e-05 7.049846e-05
12340.942861 6.786392e-01 -2.882027e-03 1.749680e-03 1.169237e-01 4.649731e-05 -2.645619e-05 -8.656302e-06 7.641471e-05
12345.301524 6.780082e-01 -2.888541e-03 1.780973e-03 1.173862e-01 4.393217e-05 -2.264178e-05 -5.819658e-06 7.705888e-05
12349.672378 6.772679e-01 -2.871206e-03 1.694640e-03 1.181015e-01 5.025431e-05 -2.333758e-05 -1.188899e-05 7.075193e-05
12354.055424 6.755154e-01 -2.867041e-03 1.711163e-03 1.178938e-01 5.707401e-05 -2.585242e-05 -1.098983e-05 7.528497e-05
12358.450662 6.756852e-01 -2.873425e-03 1.732639e-03 1.174831e-01 5.367337e-05 -2.923794e-05 -5.597803e-06 8.153658e-05
12362.858091 6.751247e-01 -2.871741e-03 1.754977e-03 1.170255e-01 6.201673e-05 -3.495120e-05 -6.242732e-06 8.306677e-05
12367.277713 6.730787e-01 -2.868834e-03 1.742269e-03 1.168733e-01 5.957909e-05 -3.704189e-05 4.934416e-06 8.220562e-05
12371.709527 6.730613e-01 -2.860144e-03 1.758272e-03 1.167041e-01 5.453434e-05 -2.653295e-05 1.224635e-05 8.191054e-05
12376.153532 6.731022e-01 -2.852882e-03 1.724810e-03 1.169941e-01 4.766592e-05 -3.336364e-05 -1.975923e-06 7.801285e-05
12380.609730 6.722930e-01 -2.866112e-03 1.700057e-03 1.171902e-01 5.226452e-05 -2.784877e-05 -6.896719e-06 8.176139e-05
12385.078119 6.714713e-01 -2.873231e-03 1.703731e-03 1.173712e-01 5.035040e-05 -2.365301e-05 -5.388751e-06 8.282308e-05
12389.558700 6.708418e-01 -2.867246e-03 1.713487e-03 1.170643e-01 4.439785e-05 -2.835340e-05 2.763402e-06 7.150281e-05
12394.051473 6.701856e-01 -2.882510e-03 1.732433e-03 1.172470e-01 4.152288e-05 -2.548823e-05 6.756505e-06 7.770696e-05
12398.556438 6.692368e-01 -2.888654e-03 1.736637e-03 1.169975e-01 5.403389e-05 -2.480992e-05 1.242234e-05 7.530826e-05
12403.073595 6.683921e-01 -2.890380e-03 1.791132e-03 1.169078e-01 5.570915e-05 -3.248678e-05 1.430768e-05 7.716911e-05
12407.602944 6.674583e-01 -2.887502e-03 1.805967e-03 1.168333e-01 4.125316e-05 -2.193940e-05 4.035691e-06 7.798185e-05
12412.144485 6.674109e-01 -2.876188e-03 1.748485e-03 1.168056e-01 3.980975e-05 -1.652719e-05 9.531434e-06 7.492842e-05
12416.698218 6.651997e-01 -2.877187e-03 1.702374e-03 1.171939e-01 4.095238e-05 -2.575321e-05 4.053657e-06 8.068896e-05
12421.264142 6.623888e-01 -2.871994e-03 1.763158e-03 1.185670e-01 3.783980e-05 -1.517597e-05 1.335269e-06 8.861879e-05
12425.842259 6.640838e-01 -2.871637e-03 1.761839e-03 1.192299e-01 4.192594e-05 -1.063462e-05 7.030816e-06 7.877411e-05
12430.432567 6.644562e-01 -2.851803e-03 1.793488e-03 1.178680e-01 4.753972e-05 -1.682074e-05 1.776110e-05 7.688866e-05
12435.035068 6.635579e-01 -2.860546e-03 1.722895e-03 1.171211e-01 4.812555e-05 -1.944597e-05 6.141140e-06 8.328591e-05
12439.649760 6.629269e-01 -2.865601e-03 1.749748e-03 1.167803e-01 3.871279e-05 -2.661450e-05 2.517344e-06 7.773724e-05
12444.276644 6.615686e-01 -2.864614e-03 1.753244e-03 1.171097e-01 5.309903e-05 -2.529176e-05 3.355953e-06 7.474325e-05
12448.915720 6.604205e-01 -2.885535e-03 1.752444e-03 1.173808e-01 5.650328e-05 -2.681581e-05 4.392458e-07 7.847270e-05
12453.566988 6.610437e-01 -2.885824e-03 1.755086e-03 1.172976e-01 4.464044e-05 -2.842469e-05 -3.495045e-06 7.288338e-05
12458.230448 6.603132e-01 -2.873775e-03 1.714962e-03 1.175215e-01 3.964097e-05 -3.563680e-05 6.087152e-06 7.632035e-05
12462.906100 6.597673e-01 -2.860299e-03 1.710614e-03 1.169539e-01 4.977449e-05 -2.826783e-05 1.393566e-05 7.961328e-05
12467.593943 6.591996e-01 -2.862882e-03 1.772445e-03 1.173147e-01 4.458982e-05 -2.986169e-05 5.023101e-06 7.539650e-05
12472.293979 6.577807e-01 -2.873762e-03 1.720393e-03 1.170123e-01 4.987145e-05 -2.866625e-05 4.692284e-06 6.670257e-05
12477.006206 6.574521e-01 -2.878896e-03 1.707373e-03 1.169200e-01 4.547056e-05 -2.856972e-05 1.621341e-07 6.138404e-05
12481.730626 6.573169e-01 -2.880483e-03 1.728905e-03 1.172527e-01 4.832034e-05 -3.348238e-05 -2.795084e-06 5.845464e-05
12486.467237 6.566411e-01 -2.882760e-03 1.702037e-03 1.174202e-01 4.386599e-05 -3.150936e-05 2.147771e-06 7.320839e-05
12491.216040 6.558658e-01 -2.873304e-03 1.693485e-03 1.170246e-01 4.146595e-05 -3.898877e-05 -5.119626e-06 7.532157e-05
12495.977036 6.542783e-01 -2.854924e-03 1.721542e-03 1.168670e-01 4.580019e-05 -4.014923e-05 -1.691274e-05 6.782948e-05
12500.750223 6.513281e-01 -2.857091e-03 1.760308e-03 1.167512e-01 4.982792e-05 -3.424366e-05 -2.087948e-05 6.009832e-05
12505.535602 6.531308e-01 -2.865068e-03 1.739095e-03 1.167544e-01 4.633044e-05 -2.521404e-05 -5.783608e-06 7.427236e-05
12510.333172 6.537211e-01 -2.857271e-03 1.753024e-03 1.170518e-01 4.471726e-05 -1.826607e-05 -1.598803e-05 8.081940e-05
12515.142935 6.528107e-01 -2.851459e-03 1.791102e-03 1.169917e-01 5.251984e-05 -2.102326e-05 -1.253947e-05 7.039949e-05
12519.964890 6.521035e-01 -2.850988e-03 1.748629e-03 1.170194e-01 5.956064e-05 -1.381419e-05 -4.929761e-06 5.876302e-05
12524.799037 6.513182e-01 -2.862041e-03 1.777151e-03 1.169487e-01 6.069159e-05 -2.354573e-05 1.471680e-07 6.972562e-05
12529.645375 6.454349e-01 -2.840065e-03 1.686473e-03 1.161392e-01 5.517997e-05 -2.275436e-05 -5.344385e-06 8.186897e-05
12534.503905 3.396467e-01 -1.498613e-03 8.973726e-04 6.118809e-02 2.776628e-05 -8.355334e-06 -1.761380e-06 4.482666e-05
12539.374628 6.946222e-03 -3.079399e-05 1.826794e-05 1.252671e-03 5.734163e-07 -1.551038e-07 -5.046975e-09 8.785653e-07
