# Facility: NSLS-II
# Beamline: QAS
# Year: 2023
# Cycle: 3
# SAF: 312215
# PI: Reece
# Proposal: 313586
# Scan ID: 271149
# UID: 206ccd02-1612-4950-887b-d8f0f15e0e83
# Comment: 
# Start time: 10/18/2023  20:26:45
# Stop time: 10/18/2023  20:27:16
# Total time: 00:31
# Trajectory name: Pt-L3-30s-11564.txt
# Element: Platinum ( 78)
# Edge: L3
# E0: 11564
# Reference Foil Element: Pt
# Keithley Gains I0: 1E6 V/A It: 1E6 V/A Iref: 1E7 V/A PIPS: 1E8 V/A 
# Ion Chamber Gas Flow Rates: I0: 0.00 sccm He + 189.70 sccm N2 + 9.80 sccm Ar 
# Ion Chamber Gas Flow Rates: It&Iref: 39.70 sccm N2 + 60.10 sccm Ar
# Incident Beam Path Vertical: 31.75 mm
# Incident Slits Positions B: TOP: 2.0 mm Bottom: 1.0 mm Inboard: 0.57675 mm Outboard: 1.57675 mm
# Sample Stage Positions: Rotation: 40.0 deg Horizontal: -10.11 mm Vertical: 15.39 mm Beam Direction: 0.00 mm
# PerkinElmer Vertical Position: 500.00 mm
# Linkam Oven Temperature : 3.03 C and Ramp Rate: 20.00 C/min.
# Front End Mirror Horizontal Positions: Up: -14.00 mm Down: -14.00 mm
#
# energy  i0  it  ir  iff  aux1  aux2  aux3  aux4
11380.554475 4.215976e-01 9.506144e-03 1.468426e-02 2.852680e-02 3.148397e-05 -1.796247e-05 9.482111e-06 4.554068e-05
11385.554475 8.283434e-01 1.881900e-02 2.911574e-02 5.647115e-02 5.992845e-05 -3.947593e-05 2.231433e-05 8.592103e-05
11390.554475 8.344192e-01 1.931271e-02 2.992628e-02 5.688800e-02 6.103639e-05 -4.708933e-05 2.033923e-05 8.691969e-05
11395.554475 8.417911e-01 1.959008e-02 3.033402e-02 5.742137e-02 6.869226e-05 -5.520928e-05 2.110525e-05 9.120346e-05
11400.554475 8.400749e-01 1.976183e-02 3.056862e-02 5.716976e-02 6.112624e-05 -5.154915e-05 1.935104e-05 9.375982e-05
11405.554475 8.382377e-01 1.993539e-02 3.086842e-02 5.713321e-02 6.339518e-05 -5.019617e-05 1.265840e-05 9.480262e-05
11410.554475 8.355960e-01 1.997242e-02 3.100764e-02 5.728537e-02 6.398417e-05 -4.353018e-05 6.060044e-06 9.440325e-05
11415.554475 8.269385e-01 1.981442e-02 3.086839e-02 5.715058e-02 6.400411e-05 -3.903546e-05 8.235964e-06 8.197179e-05
11420.554475 8.272630e-01 1.996777e-02 3.110178e-02 5.841278e-02 5.605088e-05 -3.243130e-05 4.149938e-06 8.058013e-05
11425.554475 8.346336e-01 2.047036e-02 3.184353e-02 5.874911e-02 5.572018e-05 -2.919547e-05 1.315692e-05 8.749216e-05
11430.554475 8.354032e-01 2.071114e-02 3.224380e-02 5.800756e-02 5.888655e-05 -3.626792e-05 2.336034e-05 8.895981e-05
11435.554475 8.340989e-01 2.086197e-02 3.246042e-02 5.775205e-02 5.511221e-05 -4.041685e-05 2.194840e-05 9.208225e-05
11440.554475 8.327441e-01 2.095853e-02 3.269975e-02 5.777538e-02 5.607538e-05 -4.393034e-05 1.687040e-05 9.603455e-05
11445.554475 8.310982e-01 2.097692e-02 3.276881e-02 5.794041e-02 5.907692e-05 -4.965719e-05 1.686862e-05 8.621858e-05
11450.554475 8.297774e-01 2.111570e-02 3.299881e-02 5.804762e-02 6.468489e-05 -5.570496e-05 2.674374e-05 8.696797e-05
11455.554475 8.286697e-01 2.111173e-02 3.309698e-02 5.818760e-02 5.499656e-05 -5.334870e-05 1.948869e-05 9.408226e-05
11460.554475 8.280453e-01 2.130861e-02 3.336817e-02 5.774868e-02 5.267112e-05 -4.021679e-05 2.968784e-05 9.072743e-05
11465.554475 8.269218e-01 2.161361e-02 3.390856e-02 5.793802e-02 5.262898e-05 -4.281483e-05 2.711617e-05 9.815934e-05
11470.554475 8.262735e-01 2.171385e-02 3.418248e-02 5.806950e-02 6.418438e-05 -4.384356e-05 2.358503e-05 9.492215e-05
11475.554475 8.258225e-01 2.162221e-02 3.408970e-02 5.835787e-02 5.261670e-05 -5.342962e-05 1.699934e-05 9.325066e-05
11480.554475 8.246467e-01 2.143572e-02 3.388224e-02 5.813634e-02 4.775191e-05 -4.738986e-05 2.222068e-05 9.940883e-05
11485.554475 8.234978e-01 2.209490e-02 3.480501e-02 5.847539e-02 5.023791e-05 -5.508067e-05 1.894992e-05 1.079618e-04
11490.554475 8.222418e-01 2.239345e-02 3.525070e-02 5.842390e-02 4.708762e-05 -5.344383e-05 2.077607e-05 1.026475e-04
11495.554475 8.216449e-01 2.258231e-02 3.559740e-02 5.857965e-02 5.615956e-05 -4.803493e-05 1.626863e-05 1.049422e-04
11500.554475 8.209001e-01 2.272398e-02 3.585402e-02 5.868157e-02 5.216538e-05 -3.403296e-05 1.393995e-05 9.735713e-05
11505.554475 8.200056e-01 2.285233e-02 3.607789e-02 5.903027e-02 3.871537e-05 -2.809431e-05 1.672355e-05 9.563194e-05
11510.554475 8.197449e-01 2.301775e-02 3.630423e-02 5.947039e-02 3.869482e-05 -3.523796e-05 1.292590e-05 9.345039e-05
11515.554475 8.184486e-01 2.317268e-02 3.648135e-02 5.908203e-02 4.126418e-05 -5.054629e-05 1.832871e-05 8.809452e-05
11520.554475 8.172521e-01 2.330674e-02 3.666363e-02 5.927784e-02 5.225778e-05 -5.055832e-05 1.325150e-05 9.147912e-05
11525.554475 8.158302e-01 2.338734e-02 3.671157e-02 5.945369e-02 5.371733e-05 -4.578483e-05 1.593183e-05 9.668798e-05
11530.554475 8.160538e-01 2.348483e-02 3.677338e-02 6.004534e-02 3.800307e-05 -2.638783e-05 1.438040e-05 9.035634e-05
11534.000000 8.144653e-01 2.355183e-02 3.670658e-02 5.998369e-02 4.331759e-05 -2.293027e-05 2.159602e-05 8.514023e-05
11535.000000 8.145619e-01 2.359121e-02 3.658031e-02 6.050783e-02 5.120847e-05 -2.681576e-05 2.696334e-05 8.971941e-05
11536.000000 8.142286e-01 2.359145e-02 3.669017e-02 5.985164e-02 4.709451e-05 -3.281941e-05 2.156977e-05 8.960757e-05
11537.000000 8.148899e-01 2.367584e-02 3.673946e-02 6.049127e-02 3.267270e-05 -3.699608e-05 1.933868e-05 9.493112e-05
11538.000000 8.135720e-01 2.364881e-02 3.668083e-02 6.010215e-02 4.013380e-05 -2.508893e-05 5.872531e-06 8.924565e-05
11539.000000 8.135700e-01 2.366305e-02 3.668893e-02 6.066496e-02 5.340973e-05 -2.715594e-05 1.509811e-05 8.907438e-05
11540.000000 8.136066e-01 2.376349e-02 3.664585e-02 6.097749e-02 5.893521e-05 -2.792128e-05 2.099542e-05 8.449322e-05
11541.000000 8.140554e-01 2.386147e-02 3.663332e-02 6.089942e-02 5.144040e-05 -2.314438e-05 1.325453e-05 8.196442e-05
11541.200000 8.136760e-01 2.391587e-02 3.655643e-02 6.102888e-02 4.434662e-05 -2.989867e-05 4.048296e-06 8.377018e-05
11541.400000 8.107299e-01 2.368393e-02 3.649534e-02 6.491476e-02 4.969232e-05 -3.154132e-05 1.240904e-05 8.869175e-05
11541.600000 8.119487e-01 2.393659e-02 3.661541e-02 6.283927e-02 3.466374e-05 -2.254667e-05 2.764910e-05 9.261197e-05
11541.800000 8.140342e-01 2.377204e-02 3.679902e-02 6.050993e-02 5.335834e-05 -2.731807e-05 2.308100e-05 9.464043e-05
11542.000000 8.110422e-01 2.374267e-02 3.637131e-02 6.001831e-02 5.245732e-05 -2.605886e-05 2.448193e-05 9.375597e-05
11542.200000 8.152427e-01 2.396910e-02 3.686896e-02 5.975177e-02 5.551569e-05 -2.231941e-05 2.046446e-05 8.980979e-05
11542.400000 8.099247e-01 2.362108e-02 3.614418e-02 6.129223e-02 6.707746e-05 -1.958564e-05 2.471849e-06 7.659188e-05
11542.600000 8.146346e-01 2.398825e-02 3.671019e-02 6.146492e-02 4.833254e-05 -2.363542e-05 8.546757e-07 7.738651e-05
11542.800000 8.123159e-01 2.370832e-02 3.643398e-02 6.012709e-02 6.195719e-05 -2.747664e-05 -1.206817e-05 8.166818e-05
11543.000000 8.157030e-01 2.394955e-02 3.644385e-02 6.434205e-02 5.261783e-05 -2.155809e-05 -4.303656e-07 8.987855e-05
11543.200000 8.101885e-01 2.379301e-02 3.654416e-02 6.164889e-02 5.894247e-05 -2.548700e-05 2.921573e-06 8.957732e-05
11543.400000 8.142826e-01 2.381585e-02 3.625587e-02 5.911433e-02 5.882756e-05 -3.461144e-05 1.605115e-05 9.265802e-05
11543.600000 8.160131e-01 2.400007e-02 3.668050e-02 6.246515e-02 4.334654e-05 -3.702896e-05 2.013469e-05 1.015715e-04
11543.800000 8.041217e-01 2.350300e-02 3.591892e-02 6.183513e-02 5.568934e-05 -2.086259e-05 1.251344e-05 9.073904e-05
11544.000000 8.183600e-01 2.401789e-02 3.631643e-02 6.261579e-02 3.564109e-05 -2.129142e-05 1.402735e-05 7.682939e-05
11544.200000 8.129313e-01 2.375339e-02 3.613115e-02 6.229716e-02 4.982563e-05 -2.796553e-05 9.991338e-06 8.449931e-05
11544.400000 8.122432e-01 2.376924e-02 3.609501e-02 6.070694e-02 3.643747e-05 -2.709143e-05 2.126920e-05 8.728808e-05
11544.600000 8.029500e-01 2.358044e-02 3.579751e-02 6.040874e-02 4.914671e-05 -3.263386e-05 2.546312e-05 8.186581e-05
11544.800000 8.227716e-01 2.407044e-02 3.676233e-02 6.321397e-02 6.085068e-05 -2.741737e-05 7.526016e-06 7.720321e-05
11545.000000 8.125198e-01 2.385569e-02 3.599497e-02 6.326622e-02 4.908854e-05 -2.819265e-05 1.104628e-05 7.888269e-05
11545.200000 8.078948e-01 2.365679e-02 3.614114e-02 5.836235e-02 6.360633e-05 -2.473431e-05 2.342707e-05 7.944996e-05
11545.400000 8.158881e-01 2.405460e-02 3.609117e-02 6.106916e-02 5.711549e-05 -3.101370e-05 2.275928e-05 8.677162e-05
11545.600000 8.120888e-01 2.383075e-02 3.627963e-02 6.107699e-02 6.421121e-05 -3.260360e-05 4.037120e-05 9.323227e-05
11545.800000 8.115410e-01 2.388089e-02 3.603868e-02 6.270946e-02 4.075247e-05 -3.852722e-05 2.300434e-05 9.035652e-05
11546.000000 8.127751e-01 2.384529e-02 3.625366e-02 5.914663e-02 5.213751e-05 -3.335251e-05 1.397924e-05 1.012182e-04
11546.200000 8.169925e-01 2.403577e-02 3.614231e-02 6.454097e-02 4.609908e-05 -3.563910e-05 2.021420e-05 1.007831e-04
11546.400000 8.131011e-01 2.401222e-02 3.578233e-02 6.348548e-02 4.557158e-05 -3.852008e-05 1.663679e-05 1.027624e-04
11546.600000 8.026252e-01 2.365493e-02 3.562564e-02 6.067155e-02 6.806236e-05 -3.956807e-05 -3.311924e-06 8.683249e-05
11546.800000 8.171051e-01 2.409990e-02 3.617814e-02 6.120747e-02 5.326541e-05 -3.916048e-05 -2.168556e-06 8.667482e-05
11547.000000 8.140414e-01 2.392168e-02 3.610921e-02 6.143155e-02 6.836670e-05 -3.697628e-05 -4.725454e-06 9.444780e-05
11547.200000 8.110329e-01 2.405970e-02 3.581646e-02 6.311523e-02 5.699249e-05 -4.232933e-05 2.686844e-06 8.343830e-05
11547.400000 8.131484e-01 2.389269e-02 3.576856e-02 6.451543e-02 5.740787e-05 -4.253097e-05 1.701892e-05 8.507456e-05
11547.600000 8.131656e-01 2.406950e-02 3.594822e-02 6.225452e-02 6.613975e-05 -4.723955e-05 3.652546e-05 9.707304e-05
11547.800000 8.047012e-01 2.378602e-02 3.536372e-02 5.939394e-02 6.309737e-05 -5.054325e-05 4.468267e-05 8.943086e-05
11548.000000 8.155356e-01 2.408437e-02 3.579910e-02 6.437387e-02 5.446752e-05 -5.487498e-05 4.674872e-05 9.685636e-05
11548.200000 8.151347e-01 2.417395e-02 3.583033e-02 6.292640e-02 5.317376e-05 -4.906722e-05 3.378705e-05 9.878323e-05
11548.400000 8.157353e-01 2.402136e-02 3.603265e-02 6.084270e-02 6.781478e-05 -6.095978e-05 2.767114e-05 9.207974e-05
11548.600000 8.142403e-01 2.410286e-02 3.563862e-02 6.178365e-02 4.869948e-05 -6.131902e-05 9.973051e-06 8.551282e-05
11548.800000 8.144729e-01 2.398437e-02 3.567510e-02 6.386523e-02 6.492571e-05 -5.983454e-05 1.768461e-05 8.983598e-05
11549.000000 8.139596e-01 2.415711e-02 3.594708e-02 6.288173e-02 5.761629e-05 -6.050914e-05 1.264156e-05 9.733486e-05
11549.200000 8.076320e-01 2.387108e-02 3.526801e-02 6.350264e-02 6.060539e-05 -5.592694e-05 1.698166e-05 9.339405e-05
11549.400000 8.135676e-01 2.413961e-02 3.525975e-02 6.239708e-02 5.344641e-05 -5.931894e-05 2.085343e-05 9.632353e-05
11549.600000 8.198657e-01 2.425649e-02 3.587447e-02 6.337981e-02 5.367957e-05 -5.548488e-05 2.308330e-05 1.016689e-04
11549.800000 8.042593e-01 2.385853e-02 3.485290e-02 6.146372e-02 4.933125e-05 -5.294664e-05 2.818798e-05 1.076125e-04
11550.000000 8.160672e-01 2.420724e-02 3.556125e-02 6.353766e-02 6.286177e-05 -5.462376e-05 4.148290e-05 1.197336e-04
11550.200000 8.154688e-01 2.414074e-02 3.547173e-02 6.242692e-02 5.930767e-05 -5.299403e-05 2.894314e-05 1.102020e-04
11550.400000 8.186556e-01 2.432417e-02 3.537630e-02 6.217926e-02 6.154752e-05 -5.646747e-05 3.141895e-05 1.086229e-04
11550.600000 8.151924e-01 2.410931e-02 3.523005e-02 6.546090e-02 7.165042e-05 -5.372162e-05 1.833994e-05 9.686465e-05
11550.800000 8.116050e-01 2.414537e-02 3.482415e-02 6.304481e-02 6.469156e-05 -5.045637e-05 1.556878e-05 8.832693e-05
11551.000000 8.092943e-01 2.397828e-02 3.486407e-02 6.117639e-02 6.910254e-05 -5.532486e-05 1.428360e-05 9.270358e-05
11551.200000 8.192518e-01 2.432089e-02 3.520932e-02 6.548021e-02 6.139919e-05 -5.706705e-05 6.239176e-06 8.423674e-05
11551.400000 7.963893e-01 2.356897e-02 3.419516e-02 6.328435e-02 5.766913e-05 -4.553916e-05 2.292573e-05 1.005512e-04
11551.600000 8.151215e-01 2.421574e-02 3.467517e-02 6.163647e-02 3.687620e-05 -4.393350e-05 1.973732e-05 1.038829e-04
11551.800000 8.149961e-01 2.409102e-02 3.460711e-02 6.306913e-02 5.528801e-05 -4.273400e-05 2.044154e-05 9.750532e-05
11552.000000 8.092210e-01 2.401332e-02 3.433936e-02 6.377714e-02 5.041795e-05 -4.333916e-05 8.591168e-06 8.687904e-05
11552.200000 8.119657e-01 2.400838e-02 3.425018e-02 6.564783e-02 6.458045e-05 -4.696359e-05 5.827723e-06 8.630826e-05
11552.400000 8.167517e-01 2.427320e-02 3.450437e-02 6.653781e-02 6.108293e-05 -4.563419e-05 2.016636e-05 8.501279e-05
11552.600000 8.101636e-01 2.396719e-02 3.409596e-02 6.378576e-02 8.262006e-05 -5.357988e-05 1.488703e-05 8.659023e-05
11552.800000 8.175069e-01 2.425939e-02 3.421334e-02 6.500772e-02 7.716848e-05 -4.866684e-05 3.170313e-05 8.346915e-05
11553.000000 8.085057e-01 2.386663e-02 3.383297e-02 6.383079e-02 9.395886e-05 -4.065527e-05 2.674821e-05 8.197138e-05
11553.200000 8.128982e-01 2.408534e-02 3.414167e-02 6.450626e-02 7.725060e-05 -5.241821e-05 2.018765e-05 8.680025e-05
11553.400000 8.154097e-01 2.405716e-02 3.395902e-02 6.752364e-02 7.286328e-05 -4.715596e-05 1.994584e-05 5.153155e-05
11553.600000 8.099675e-01 2.400215e-02 3.369597e-02 6.434465e-02 5.582082e-05 -3.410863e-05 2.648141e-05 6.152021e-05
11553.800000 8.127863e-01 2.395708e-02 3.355441e-02 6.703719e-02 6.274608e-05 -3.409330e-05 1.465490e-05 8.677551e-05
11554.000000 8.128215e-01 2.409548e-02 3.351205e-02 6.429837e-02 6.158003e-05 -4.778474e-05 6.985239e-06 9.231061e-05
11554.200000 8.106696e-01 2.391110e-02 3.326234e-02 6.472604e-02 8.212585e-05 -4.456755e-05 1.616120e-05 1.022519e-04
11554.400000 8.159569e-01 2.419950e-02 3.342418e-02 6.742463e-02 6.483070e-05 -4.069853e-05 2.197956e-05 9.289874e-05
11554.600000 8.120733e-01 2.395578e-02 3.285617e-02 6.436335e-02 7.219335e-05 -4.018525e-05 2.311977e-05 8.972670e-05
11554.800000 8.123635e-01 2.409211e-02 3.278163e-02 6.618441e-02 5.215674e-05 -4.060696e-05 2.569336e-05 8.865623e-05
11555.000000 8.124105e-01 2.394206e-02 3.251927e-02 6.728812e-02 7.168219e-05 -4.246680e-05 2.152870e-05 8.054118e-05
11555.200000 8.101022e-01 2.403984e-02 3.258410e-02 6.660199e-02 6.860990e-05 -3.996003e-05 2.478880e-05 7.835517e-05
11555.400000 8.127776e-01 2.397370e-02 3.220831e-02 6.739997e-02 7.273073e-05 -4.159069e-05 3.719965e-05 9.075303e-05
11555.600000 8.138758e-01 2.416062e-02 3.225801e-02 6.676839e-02 6.384472e-05 -3.580454e-05 3.517876e-05 9.498543e-05
11555.800000 8.124339e-01 2.395218e-02 3.197214e-02 6.619519e-02 6.580802e-05 -3.435367e-05 3.229196e-05 8.505660e-05
11556.000000 8.148170e-01 2.417967e-02 3.196884e-02 6.767039e-02 5.985623e-05 -3.236725e-05 4.489762e-05 8.860553e-05
11556.200000 8.141728e-01 2.409303e-02 3.149028e-02 6.899280e-02 6.684464e-05 -3.400397e-05 4.749979e-05 9.234426e-05
11556.400000 8.096539e-01 2.405669e-02 3.119295e-02 6.674885e-02 6.186880e-05 -4.908002e-05 2.426108e-05 8.304931e-05
11556.600000 8.116155e-01 2.408339e-02 3.101994e-02 6.892100e-02 6.136379e-05 -4.746731e-05 9.917353e-06 9.911271e-05
11556.800000 8.126202e-01 2.412378e-02 3.095094e-02 7.017110e-02 5.475444e-05 -4.168285e-05 1.168708e-05 8.478320e-05
11557.000000 8.063323e-01 2.393842e-02 3.011481e-02 6.954304e-02 6.310519e-05 -5.035135e-05 1.530039e-05 8.693056e-05
11557.200000 8.153212e-01 2.420474e-02 3.046743e-02 7.131995e-02 8.085978e-05 -4.390750e-05 1.930564e-05 9.820199e-05
11557.400000 8.075622e-01 2.407410e-02 3.012752e-02 6.869340e-02 6.116540e-05 -5.807334e-05 1.377204e-05 8.123946e-05
11557.600000 8.128156e-01 2.418295e-02 3.000961e-02 7.009784e-02 6.948339e-05 -5.678483e-05 9.319797e-06 9.146373e-05
11557.800000 8.128046e-01 2.426399e-02 2.969691e-02 6.984556e-02 6.669851e-05 -5.377014e-05 8.350551e-06 9.747319e-05
11558.000000 8.095010e-01 2.404838e-02 2.913822e-02 7.047013e-02 7.426270e-05 -5.710284e-05 8.057824e-06 9.293327e-05
11558.200000 8.129078e-01 2.423458e-02 2.903165e-02 7.165827e-02 6.755550e-05 -5.156966e-05 1.826481e-05 8.763012e-05
11558.400000 8.029333e-01 2.385137e-02 2.831744e-02 7.246825e-02 6.769954e-05 -5.686748e-05 1.788409e-05 7.944783e-05
11558.600000 8.168526e-01 2.440196e-02 2.854202e-02 7.224092e-02 6.100657e-05 -5.956473e-05 4.445256e-06 7.288666e-05
11558.800000 8.080543e-01 2.406141e-02 2.774218e-02 7.247685e-02 5.480912e-05 -6.031961e-05 -1.808528e-05 6.885912e-05
11559.000000 8.158377e-01 2.436264e-02 2.784599e-02 7.469614e-02 5.005823e-05 -6.509393e-05 -1.473510e-05 7.488596e-05
11559.200000 8.142844e-01 2.429083e-02 2.724675e-02 7.558472e-02 6.097124e-05 -6.381963e-05 -1.427990e-05 7.231927e-05
11559.400000 8.112248e-01 2.423646e-02 2.695043e-02 7.270638e-02 6.947037e-05 -5.679179e-05 -2.921208e-06 8.568077e-05
11559.600000 8.107968e-01 2.430816e-02 2.613948e-02 7.586936e-02 6.409322e-05 -6.042050e-05 4.311600e-06 9.511354e-05
11559.800000 8.135562e-01 2.431346e-02 2.576164e-02 7.482484e-02 6.937026e-05 -6.598910e-05 1.041924e-05 1.067131e-04
11560.000000 8.063925e-01 2.422254e-02 2.525072e-02 7.832875e-02 5.409206e-05 -6.379888e-05 1.456007e-05 9.153863e-05
11560.200000 8.111027e-01 2.426503e-02 2.463789e-02 7.896115e-02 6.073042e-05 -6.109918e-05 8.119289e-06 9.032168e-05
11560.400000 8.128797e-01 2.441477e-02 2.426951e-02 8.041558e-02 6.352086e-05 -6.851515e-05 1.306780e-05 8.386662e-05
11560.600000 8.141647e-01 2.442331e-02 2.371108e-02 7.977661e-02 6.097634e-05 -5.744395e-05 6.569279e-06 9.282176e-05
11560.800000 8.115355e-01 2.431861e-02 2.284780e-02 7.957228e-02 5.410514e-05 -6.656353e-05 6.548819e-06 8.232702e-05
11561.000000 8.042885e-01 2.420357e-02 2.217335e-02 8.111568e-02 5.176343e-05 -6.161604e-05 9.539662e-06 7.974284e-05
11561.200000 8.131959e-01 2.441978e-02 2.146207e-02 8.409334e-02 7.063656e-05 -5.668587e-05 6.780420e-06 7.827283e-05
11561.400000 8.127916e-01 2.447758e-02 2.103349e-02 8.662353e-02 6.264331e-05 -6.002212e-05 1.193604e-05 7.685342e-05
11561.600000 8.069049e-01 2.433555e-02 2.000495e-02 8.611492e-02 4.677238e-05 -6.938910e-05 2.347709e-05 5.002872e-05
11561.800000 8.137693e-01 2.448831e-02 1.952509e-02 8.618022e-02 4.696723e-05 -6.241309e-05 2.534697e-05 8.220715e-05
11562.000000 8.116613e-01 2.446383e-02 1.862841e-02 8.909022e-02 4.690078e-05 -5.655605e-05 2.878475e-05 9.254819e-05
11562.200000 8.112018e-01 2.445789e-02 1.770913e-02 8.994681e-02 4.317949e-05 -5.464924e-05 2.560494e-05 8.691184e-05
11562.400000 8.099895e-01 2.441980e-02 1.681974e-02 9.264334e-02 4.825164e-05 -5.369356e-05 2.340296e-05 8.276897e-05
11562.600000 8.134790e-01 2.455260e-02 1.603774e-02 9.531638e-02 5.176830e-05 -5.687569e-05 7.992556e-06 8.303162e-05
11562.800000 8.089962e-01 2.441271e-02 1.488358e-02 9.651289e-02 5.213984e-05 -5.045621e-05 -1.379650e-06 9.141262e-05
11563.000000 8.115217e-01 2.445082e-02 1.410374e-02 9.948456e-02 5.093529e-05 -4.085418e-05 5.808640e-07 1.011742e-04
11563.200000 8.093140e-01 2.442909e-02 1.334891e-02 1.025945e-01 5.301815e-05 -4.690071e-05 1.382443e-05 9.641919e-05
11563.400000 8.112455e-01 2.452273e-02 1.267504e-02 1.061028e-01 5.502978e-05 -5.131848e-05 2.002391e-05 9.379334e-05
11563.600000 8.093953e-01 2.447638e-02 1.192190e-02 1.069244e-01 5.239834e-05 -4.402744e-05 3.632430e-06 9.381187e-05
11563.800000 8.126493e-01 2.456342e-02 1.096158e-02 1.096087e-01 6.227135e-05 -3.792090e-05 -1.625759e-05 9.277647e-05
11564.000000 8.090169e-01 2.440402e-02 1.020755e-02 1.134219e-01 6.345462e-05 -3.973820e-05 -2.116657e-05 8.890358e-05
11564.200000 8.115232e-01 2.456240e-02 9.664157e-03 1.160375e-01 7.949410e-05 -3.251159e-05 -1.202922e-05 8.661022e-05
11564.400000 8.089209e-01 2.451127e-02 8.800342e-03 1.207649e-01 7.600254e-05 -3.353631e-05 5.234127e-06 1.084924e-04
11564.600000 8.104118e-01 2.446045e-02 8.249166e-03 1.214987e-01 8.148056e-05 -3.726618e-05 1.186748e-06 9.793831e-05
11564.800000 8.121476e-01 2.453338e-02 7.889620e-03 1.258364e-01 7.741578e-05 -3.597761e-05 -9.967267e-06 8.724300e-05
11565.000000 8.130546e-01 2.457238e-02 7.437157e-03 1.293629e-01 6.819793e-05 -4.022726e-05 -2.708488e-06 8.591442e-05
11565.200000 8.054336e-01 2.430699e-02 6.694089e-03 1.285139e-01 6.545518e-05 -4.855728e-05 -2.466226e-06 9.331231e-05
11565.400000 8.142956e-01 2.462736e-02 6.726222e-03 1.330090e-01 5.857233e-05 -5.216903e-05 2.290450e-06 8.871800e-05
11565.600000 8.120991e-01 2.456590e-02 6.408309e-03 1.361347e-01 6.139225e-05 -4.980453e-05 1.070441e-05 9.829963e-05
11565.800000 8.090057e-01 2.447638e-02 6.143413e-03 1.381690e-01 6.376567e-05 -4.375364e-05 7.421143e-06 9.379850e-05
11566.000000 8.124840e-01 2.457246e-02 5.881348e-03 1.420123e-01 5.449612e-05 -5.489695e-05 1.734300e-05 1.070815e-04
11566.200000 8.108413e-01 2.455246e-02 5.861334e-03 1.414387e-01 5.268771e-05 -4.323037e-05 1.934215e-05 1.069267e-04
11566.400000 8.109126e-01 2.453953e-02 5.595980e-03 1.440761e-01 5.230547e-05 -4.673697e-05 6.705777e-06 9.958359e-05
11566.600000 8.095797e-01 2.450750e-02 5.702738e-03 1.455358e-01 4.668744e-05 -4.753088e-05 9.128323e-06 9.302545e-05
11566.800000 8.132412e-01 2.464249e-02 5.769470e-03 1.468273e-01 5.820869e-05 -5.218013e-05 1.356035e-05 8.640448e-05
11567.000000 8.041927e-01 2.438021e-02 5.449637e-03 1.469882e-01 5.548049e-05 -5.150166e-05 1.448365e-05 8.944432e-05
11567.200000 8.123532e-01 2.466365e-02 5.813113e-03 1.480096e-01 4.998224e-05 -5.493098e-05 1.120084e-05 9.186316e-05
11567.400000 8.117491e-01 2.459769e-02 5.758641e-03 1.480756e-01 5.215645e-05 -4.987672e-05 1.434593e-05 9.182001e-05
11567.600000 8.078006e-01 2.449239e-02 5.860604e-03 1.481491e-01 5.278551e-05 -4.440613e-05 7.662467e-06 9.270394e-05
11567.800000 8.102573e-01 2.460602e-02 5.959367e-03 1.490805e-01 6.933101e-05 -4.248985e-05 1.566351e-05 1.014369e-04
11568.000000 8.099762e-01 2.465479e-02 6.011090e-03 1.485684e-01 7.302080e-05 -4.255073e-05 1.787404e-05 8.464837e-05
11568.200000 8.117392e-01 2.466496e-02 6.055453e-03 1.475339e-01 7.739640e-05 -4.358332e-05 5.520028e-06 8.156604e-05
11568.400000 8.056133e-01 2.449599e-02 6.054645e-03 1.471049e-01 7.313055e-05 -4.113650e-05 -1.203095e-06 6.865876e-05
11568.600000 8.103897e-01 2.469946e-02 6.248560e-03 1.469249e-01 7.382644e-05 -4.265630e-05 -9.011720e-06 6.954871e-05
11568.800000 8.103357e-01 2.469536e-02 6.449853e-03 1.472373e-01 6.852571e-05 -5.069842e-05 3.797439e-06 8.507207e-05
11569.000000 8.108229e-01 2.472709e-02 6.663959e-03 1.461622e-01 6.908805e-05 -6.033815e-05 2.004637e-05 9.154188e-05
11569.200000 8.068876e-01 2.461215e-02 6.734212e-03 1.444418e-01 7.762996e-05 -5.268890e-05 8.234635e-06 1.090784e-04
11569.400000 8.100786e-01 2.474680e-02 6.687564e-03 1.446104e-01 6.805919e-05 -5.266564e-05 1.587217e-05 1.078544e-04
11569.600000 8.104404e-01 2.472712e-02 6.900927e-03 1.439310e-01 6.511481e-05 -5.820784e-05 8.511352e-06 9.770438e-05
11569.800000 8.117067e-01 2.478033e-02 7.100796e-03 1.439777e-01 6.692306e-05 -4.880167e-05 -4.976442e-06 9.355660e-05
11570.000000 8.072573e-01 2.468660e-02 7.178393e-03 1.424783e-01 5.594730e-05 -4.727043e-05 2.229852e-06 9.585285e-05
11570.200000 8.106802e-01 2.480505e-02 7.221276e-03 1.409412e-01 4.460902e-05 -4.756489e-05 2.316757e-05 9.806041e-05
11570.400000 8.106593e-01 2.477411e-02 7.399056e-03 1.411634e-01 4.893806e-05 -5.210572e-05 1.446269e-05 1.026193e-04
11570.600000 8.083505e-01 2.473016e-02 7.550947e-03 1.407794e-01 4.844612e-05 -4.958019e-05 9.454759e-07 9.701591e-05
11570.800000 8.095381e-01 2.476853e-02 7.458974e-03 1.395288e-01 4.861603e-05 -4.732175e-05 -2.990937e-06 9.362247e-05
11571.000000 8.096216e-01 2.481600e-02 7.574349e-03 1.390030e-01 4.458764e-05 -5.103390e-05 5.525341e-06 9.835329e-05
11571.200000 8.084735e-01 2.477041e-02 7.946473e-03 1.385649e-01 5.433688e-05 -5.069486e-05 1.169625e-05 1.029587e-04
11571.400000 8.101367e-01 2.483475e-02 7.794657e-03 1.376928e-01 4.390002e-05 -5.424823e-05 9.350725e-08 9.554357e-05
11571.600000 8.083103e-01 2.476154e-02 7.833040e-03 1.375693e-01 5.279456e-05 -3.970176e-05 -8.183938e-06 7.997979e-05
11571.800000 8.099668e-01 2.483141e-02 7.786845e-03 1.362417e-01 5.974689e-05 -4.363495e-05 -3.672098e-06 8.496691e-05
11572.000000 8.108597e-01 2.487373e-02 7.987257e-03 1.361021e-01 5.051459e-05 -5.154311e-05 -1.561074e-06 9.088440e-05
11572.200000 8.094898e-01 2.479910e-02 7.934914e-03 1.360716e-01 4.941158e-05 -4.966836e-05 4.724342e-07 9.931047e-05
11572.400000 8.089235e-01 2.479462e-02 8.142290e-03 1.352758e-01 5.406156e-05 -5.269059e-05 1.170957e-05 1.073684e-04
11572.600000 8.087967e-01 2.482305e-02 8.153190e-03 1.345041e-01 5.533260e-05 -6.069294e-05 4.565212e-06 9.595449e-05
11572.800000 8.097389e-01 2.486108e-02 8.234430e-03 1.340100e-01 4.729405e-05 -6.173050e-05 1.020868e-05 9.366113e-05
11573.000000 8.053869e-01 2.472055e-02 8.273923e-03 1.324498e-01 5.152707e-05 -5.375062e-05 9.305574e-06 8.666401e-05
11573.200000 8.103270e-01 2.484614e-02 8.329518e-03 1.332057e-01 6.330136e-05 -6.435535e-05 1.028530e-05 9.363418e-05
11573.400000 8.084205e-01 2.483554e-02 8.342488e-03 1.320205e-01 6.500571e-05 -6.890926e-05 -2.255677e-06 9.455546e-05
11573.600000 8.094852e-01 2.486105e-02 8.369139e-03 1.323745e-01 6.333020e-05 -6.283037e-05 1.177101e-05 9.168091e-05
11573.800000 8.085162e-01 2.484826e-02 8.566967e-03 1.326054e-01 5.668439e-05 -5.509259e-05 6.133727e-06 9.272255e-05
11574.000000 8.098393e-01 2.483929e-02 8.742798e-03 1.312293e-01 4.872502e-05 -5.527229e-05 -4.135186e-06 9.240350e-05
11574.200000 8.095901e-01 2.490049e-02 8.541874e-03 1.302555e-01 4.541624e-05 -5.582518e-05 1.153222e-05 8.917266e-05
11574.400000 8.084521e-01 2.487794e-02 8.594762e-03 1.305862e-01 4.949262e-05 -4.870223e-05 1.971256e-05 8.044827e-05
11574.600000 8.094578e-01 2.487689e-02 8.668657e-03 1.303002e-01 4.915701e-05 -4.873482e-05 1.821437e-05 8.937065e-05
11574.800000 8.092118e-01 2.486762e-02 8.724004e-03 1.298742e-01 4.356805e-05 -5.699561e-05 1.050310e-05 9.214245e-05
11575.000000 8.089631e-01 2.487603e-02 8.636525e-03 1.294498e-01 3.484859e-05 -6.057930e-05 2.331385e-05 8.771682e-05
11575.200000 8.091051e-01 2.488927e-02 8.671738e-03 1.294465e-01 3.868312e-05 -5.736625e-05 3.180798e-05 8.852373e-05
11575.400000 8.095034e-01 2.487667e-02 8.696801e-03 1.297937e-01 3.815013e-05 -5.035697e-05 1.853569e-05 9.816144e-05
11575.600000 8.091827e-01 2.485691e-02 8.707990e-03 1.289782e-01 5.204338e-05 -5.615103e-05 1.137998e-05 9.645520e-05
11575.800000 8.082293e-01 2.480536e-02 8.435702e-03 1.294143e-01 5.428099e-05 -5.465084e-05 1.931416e-05 9.053661e-05
11576.000000 8.088055e-01 2.490588e-02 8.621739e-03 1.290630e-01 5.522070e-05 -5.227093e-05 1.678943e-05 9.109850e-05
11576.200000 8.092742e-01 2.495012e-02 8.591115e-03 1.290412e-01 4.808792e-05 -4.882121e-05 7.903692e-06 8.581601e-05
11576.400000 8.083289e-01 2.489865e-02 8.600025e-03 1.283227e-01 4.537362e-05 -5.018304e-05 1.353101e-05 8.413308e-05
11576.600000 8.095181e-01 2.492468e-02 8.667118e-03 1.283253e-01 5.284156e-05 -4.439096e-05 2.153509e-05 9.340726e-05
11576.800000 8.085726e-01 2.486926e-02 8.690221e-03 1.277239e-01 4.287970e-05 -4.754716e-05 1.879225e-05 8.942238e-05
11577.000000 8.088662e-01 2.495763e-02 8.519555e-03 1.279332e-01 3.638912e-05 -6.164855e-05 1.848002e-05 8.463090e-05
11577.200000 8.093831e-01 2.493241e-02 8.711180e-03 1.284902e-01 4.446099e-05 -5.992136e-05 3.136686e-05 8.393667e-05
11577.400000 8.091287e-01 2.489925e-02 8.688484e-03 1.285969e-01 4.607950e-05 -6.701191e-05 3.422710e-05 7.864128e-05
11577.600000 8.100459e-01 2.498797e-02 8.784463e-03 1.292167e-01 4.745561e-05 -6.385825e-05 2.296078e-05 7.995160e-05
11577.800000 8.062457e-01 2.486679e-02 8.570474e-03 1.275712e-01 4.525392e-05 -5.731559e-05 3.073605e-05 6.413510e-05
11578.000000 8.087448e-01 2.488562e-02 8.445206e-03 1.284663e-01 4.650391e-05 -5.872081e-05 2.716054e-05 7.162040e-05
11578.200000 8.085639e-01 2.496264e-02 8.421962e-03 1.287087e-01 4.523829e-05 -5.184583e-05 3.207539e-05 8.109207e-05
11578.400000 8.087577e-01 2.493233e-02 8.512019e-03 1.288056e-01 4.811350e-05 -5.312832e-05 2.518917e-05 9.256309e-05
11578.600000 8.079147e-01 2.492979e-02 8.267817e-03 1.285650e-01 5.153808e-05 -5.192172e-05 2.944775e-05 1.015554e-04
11578.800000 8.082665e-01 2.496487e-02 8.427821e-03 1.292134e-01 3.671724e-05 -4.812606e-05 1.797211e-05 9.308799e-05
11579.000000 8.090777e-01 2.500478e-02 8.365517e-03 1.280161e-01 2.230492e-05 -5.010323e-05 3.045542e-05 1.000464e-04
11579.200000 8.092852e-01 2.497239e-02 8.262745e-03 1.285434e-01 2.076725e-05 -5.304353e-05 3.353646e-05 9.520254e-05
11579.400000 8.089783e-01 2.499526e-02 8.401717e-03 1.291876e-01 3.042248e-05 -5.611360e-05 2.826020e-05 9.035535e-05
11579.600000 8.083730e-01 2.501036e-02 8.208243e-03 1.281046e-01 3.680517e-05 -6.083208e-05 2.761202e-05 9.658903e-05
11579.800000 8.071464e-01 2.495820e-02 8.336370e-03 1.285237e-01 3.434630e-05 -5.580714e-05 2.199046e-05 9.939517e-05
11580.000000 8.081771e-01 2.500370e-02 8.298956e-03 1.289940e-01 2.583406e-05 -5.611312e-05 1.901520e-05 1.064401e-04
11580.200000 8.076243e-01 2.499836e-02 8.246032e-03 1.290822e-01 2.392943e-05 -4.968502e-05 3.041080e-05 9.975299e-05
11580.400000 8.086771e-01 2.503718e-02 8.190294e-03 1.291068e-01 3.005480e-05 -5.417805e-05 2.230479e-05 8.109849e-05
11580.600000 8.068686e-01 2.503818e-02 8.191800e-03 1.291000e-01 3.663603e-05 -5.578438e-05 2.805432e-05 8.358926e-05
11580.800000 8.092089e-01 2.510170e-02 8.245180e-03 1.291150e-01 3.333389e-05 -5.040174e-05 2.205061e-05 6.996997e-05
11581.000000 8.086218e-01 2.509942e-02 8.207069e-03 1.283793e-01 3.208966e-05 -5.839285e-05 2.570473e-05 8.622052e-05
11581.200000 8.081047e-01 2.510108e-02 8.175209e-03 1.285626e-01 2.914285e-05 -5.920493e-05 2.973249e-05 8.728590e-05
11581.400000 8.080471e-01 2.511320e-02 8.132865e-03 1.286544e-01 3.060293e-05 -6.377326e-05 3.390347e-05 9.308391e-05
11581.600000 8.083819e-01 2.515691e-02 8.335662e-03 1.293879e-01 3.553452e-05 -6.733619e-05 3.320767e-05 9.380126e-05
11581.800000 8.076179e-01 2.515140e-02 8.287959e-03 1.283836e-01 3.925522e-05 -6.189495e-05 4.480490e-05 9.876429e-05
11582.000000 8.078193e-01 2.516593e-02 8.376590e-03 1.287366e-01 3.296910e-05 -6.238607e-05 2.606380e-05 8.885541e-05
11582.200000 8.089318e-01 2.519417e-02 8.458846e-03 1.289149e-01 3.007759e-05 -6.056634e-05 2.422269e-05 7.750529e-05
11582.400000 8.059968e-01 2.507301e-02 8.328020e-03 1.279144e-01 2.598126e-05 -6.177667e-05 2.306086e-05 8.931014e-05
11582.600000 8.100045e-01 2.521523e-02 8.269337e-03 1.290456e-01 2.847414e-05 -6.377977e-05 3.504042e-05 9.463193e-05
11582.800000 8.102505e-01 2.522733e-02 8.602291e-03 1.297469e-01 2.422781e-05 -6.530064e-05 2.734755e-05 9.159102e-05
11583.000000 8.058391e-01 2.507902e-02 8.570633e-03 1.274986e-01 2.747772e-05 -7.300544e-05 2.766667e-05 9.517529e-05
11583.200000 8.073574e-01 2.516453e-02 8.815848e-03 1.288424e-01 3.290887e-05 -7.130446e-05 3.609060e-05 9.375540e-05
11583.400000 8.082427e-01 2.520709e-02 8.673577e-03 1.287628e-01 2.664215e-05 -6.404248e-05 1.031707e-05 8.594502e-05
11583.600000 8.068360e-01 2.517627e-02 8.723268e-03 1.288730e-01 2.632070e-05 -6.392001e-05 6.645208e-06 8.843222e-05
11583.800000 8.085655e-01 2.522191e-02 8.652591e-03 1.288225e-01 2.511628e-05 -5.644256e-05 2.607063e-05 9.226506e-05
11584.000000 8.092450e-01 2.526511e-02 8.653496e-03 1.284644e-01 2.246470e-05 -5.828684e-05 2.231387e-05 9.650151e-05
11584.200000 8.051258e-01 2.514967e-02 8.827222e-03 1.268746e-01 3.226523e-05 -5.706019e-05 3.191387e-06 7.969232e-05
11584.400000 8.072067e-01 2.518245e-02 8.892558e-03 1.270064e-01 3.415067e-05 -5.700329e-05 1.804259e-05 8.785267e-05
11584.600000 8.091424e-01 2.524658e-02 8.935603e-03 1.280579e-01 3.260867e-05 -5.912420e-05 3.894571e-05 7.428659e-05
11584.800000 8.037706e-01 2.508336e-02 8.809046e-03 1.277074e-01 3.216370e-05 -6.019342e-05 1.973236e-05 7.500441e-05
11585.000000 8.081074e-01 2.520931e-02 8.947740e-03 1.276757e-01 3.478457e-05 -5.573816e-05 8.141200e-06 7.452659e-05
11585.200000 8.083765e-01 2.522053e-02 8.786253e-03 1.270835e-01 3.564324e-05 -5.432832e-05 3.292230e-05 9.206679e-05
11585.400000 8.081205e-01 2.518637e-02 8.904926e-03 1.277004e-01 2.825198e-05 -5.728936e-05 3.954400e-05 9.879596e-05
11585.600000 8.079574e-01 2.522905e-02 9.005680e-03 1.278061e-01 3.775370e-05 -6.635012e-05 2.832582e-05 9.051561e-05
11585.800000 8.062101e-01 2.516732e-02 8.947349e-03 1.264463e-01 4.855473e-05 -7.571026e-05 7.923741e-06 8.082005e-05
11586.000000 8.091015e-01 2.523973e-02 8.948118e-03 1.257275e-01 4.797198e-05 -7.717591e-05 1.369654e-05 8.145593e-05
11586.200000 8.050696e-01 2.511391e-02 8.916241e-03 1.265388e-01 4.824710e-05 -7.364546e-05 2.566256e-05 9.239940e-05
11586.400000 8.089461e-01 2.518512e-02 8.998553e-03 1.279369e-01 4.624798e-05 -6.981022e-05 3.005764e-05 7.723748e-05
11586.600000 8.034198e-01 2.504553e-02 8.993781e-03 1.253637e-01 3.149066e-05 -6.580143e-05 2.515372e-05 9.426583e-05
11586.800000 8.084278e-01 2.521909e-02 9.070801e-03 1.285631e-01 2.971456e-05 -6.524039e-05 1.670012e-05 8.851101e-05
11587.000000 8.028965e-01 2.504807e-02 9.107072e-03 1.258420e-01 3.627599e-05 -7.096240e-05 1.840178e-05 9.191394e-05
11587.200000 8.089190e-01 2.524283e-02 8.930211e-03 1.282159e-01 3.897304e-05 -6.723836e-05 1.410580e-05 8.948889e-05
11587.400000 8.078905e-01 2.518958e-02 8.991951e-03 1.273234e-01 3.616825e-05 -5.743490e-05 1.398174e-05 9.772752e-05
11587.600000 8.028143e-01 2.512361e-02 9.007268e-03 1.252754e-01 3.145679e-05 -5.849595e-05 2.190290e-05 1.067674e-04
11587.800000 8.050733e-01 2.512664e-02 8.969889e-03 1.270725e-01 1.949184e-05 -6.126979e-05 2.136010e-05 1.084705e-04
11588.000000 8.080039e-01 2.520499e-02 8.965651e-03 1.287552e-01 1.641206e-05 -6.696835e-05 2.389270e-05 9.838304e-05
11588.200000 8.073286e-01 2.526570e-02 8.905777e-03 1.277713e-01 2.000886e-05 -6.988081e-05 2.219437e-05 8.197431e-05
11588.400000 8.072200e-01 2.529207e-02 8.879716e-03 1.280176e-01 1.695023e-05 -6.832869e-05 5.376479e-06 7.978704e-05
11588.600000 8.076110e-01 2.529705e-02 9.017633e-03 1.273321e-01 3.005535e-05 -6.009618e-05 7.314827e-06 9.849807e-05
11588.800000 8.077981e-01 2.529441e-02 9.003701e-03 1.277427e-01 3.666080e-05 -5.271004e-05 1.435866e-05 8.965338e-05
11589.000000 8.095788e-01 2.529831e-02 8.924151e-03 1.272422e-01 3.131471e-05 -6.372207e-05 1.914287e-05 8.813170e-05
11589.200000 8.049128e-01 2.521611e-02 8.788702e-03 1.285539e-01 3.824824e-05 -5.206087e-05 5.921729e-06 8.322444e-05
11589.400000 8.083894e-01 2.531644e-02 8.730936e-03 1.288804e-01 3.685813e-05 -6.397727e-05 1.242102e-05 9.045669e-05
11589.600000 8.074455e-01 2.525775e-02 8.890701e-03 1.280989e-01 3.761288e-05 -6.920905e-05 1.936319e-05 8.995436e-05
11589.800000 8.051905e-01 2.522187e-02 8.637079e-03 1.292778e-01 3.520219e-05 -6.678321e-05 2.273686e-05 9.552269e-05
11590.000000 8.076161e-01 2.532573e-02 8.709669e-03 1.292449e-01 2.897641e-05 -6.036833e-05 6.902388e-06 8.332251e-05
11590.200000 8.018160e-01 2.513696e-02 8.646026e-03 1.286186e-01 2.826237e-05 -5.637175e-05 1.031413e-05 7.140116e-05
11590.400000 8.099491e-01 2.534402e-02 8.656685e-03 1.294760e-01 3.119699e-05 -5.833304e-05 9.608795e-06 8.660805e-05
11590.600000 8.036819e-01 2.520719e-02 8.745882e-03 1.302010e-01 2.576036e-05 -6.481289e-05 2.572302e-05 1.044079e-04
11590.800000 8.055560e-01 2.527967e-02 8.343517e-03 1.301209e-01 2.466551e-05 -6.495283e-05 1.181614e-05 8.966558e-05
11591.000000 8.080461e-01 2.533614e-02 8.454880e-03 1.293065e-01 4.342055e-05 -5.781602e-05 1.920788e-05 9.067715e-05
11591.200000 8.007108e-01 2.519736e-02 8.213816e-03 1.296787e-01 3.585351e-05 -6.076715e-05 3.379550e-05 9.041980e-05
11591.400000 8.091061e-01 2.540239e-02 8.186921e-03 1.297934e-01 3.040672e-05 -6.297398e-05 4.351961e-05 9.936581e-05
11591.600000 8.053627e-01 2.525142e-02 8.155037e-03 1.291228e-01 3.790313e-05 -6.586822e-05 3.453353e-05 9.623911e-05
11591.800000 8.054245e-01 2.533230e-02 8.199322e-03 1.285346e-01 3.915650e-05 -6.944659e-05 2.426137e-05 9.809909e-05
11592.000000 8.042871e-01 2.524437e-02 8.360845e-03 1.297549e-01 3.013241e-05 -7.989749e-05 3.014156e-05 1.075667e-04
11592.200000 8.087242e-01 2.537584e-02 8.338827e-03 1.321227e-01 3.166897e-05 -7.917736e-05 3.373500e-05 1.059659e-04
11592.400000 8.071677e-01 2.537906e-02 8.084461e-03 1.317944e-01 3.255768e-05 -7.635160e-05 3.690410e-05 1.120432e-04
11592.600000 8.013395e-01 2.512533e-02 8.044216e-03 1.280231e-01 3.632574e-05 -7.450788e-05 1.200737e-05 1.074572e-04
11592.800000 8.051743e-01 2.529889e-02 7.943326e-03 1.296548e-01 3.769748e-05 -6.366286e-05 1.873157e-05 1.065309e-04
11593.000000 8.028133e-01 2.523458e-02 7.863397e-03 1.289792e-01 3.974953e-05 -6.023539e-05 3.326930e-05 1.111886e-04
11593.200000 8.024804e-01 2.516724e-02 7.707968e-03 1.295831e-01 4.044000e-05 -7.138413e-05 2.353944e-05 8.258258e-05
11593.400000 8.091484e-01 2.538228e-02 7.898657e-03 1.327402e-01 3.690154e-05 -7.206868e-05 2.339096e-05 8.672325e-05
11593.600000 8.071500e-01 2.528005e-02 7.825632e-03 1.309901e-01 3.636961e-05 -7.141655e-05 1.217300e-05 9.193826e-05
11593.800000 8.016084e-01 2.511597e-02 8.255527e-03 1.319336e-01 2.941016e-05 -6.054198e-05 8.007985e-06 9.715314e-05
11594.000000 8.059402e-01 2.529018e-02 7.718558e-03 1.300814e-01 3.449296e-05 -6.243791e-05 9.552793e-06 1.055365e-04
11594.200000 8.064970e-01 2.521449e-02 7.613167e-03 1.302849e-01 3.719227e-05 -6.333785e-05 1.232893e-06 9.424262e-05
11594.400000 8.068258e-01 2.528288e-02 7.890687e-03 1.304803e-01 3.021371e-05 -6.044031e-05 6.443089e-06 1.013376e-04
11594.600000 8.092528e-01 2.525010e-02 7.725883e-03 1.343469e-01 3.978349e-05 -6.083948e-05 1.140294e-05 1.162303e-04
11594.800000 8.108787e-01 2.532474e-02 8.095755e-03 1.350158e-01 3.885359e-05 -6.517723e-05 2.786609e-06 1.139506e-04
11595.000000 8.048741e-01 2.508365e-02 7.713604e-03 1.300590e-01 3.625480e-05 -6.124344e-05 1.818125e-05 1.138364e-04
11595.200000 8.030051e-01 2.501616e-02 7.715423e-03 1.331513e-01 3.121199e-05 -6.164835e-05 1.982190e-05 1.111000e-04
11595.400000 8.093167e-01 2.519501e-02 7.750627e-03 1.325663e-01 3.081766e-05 -5.820641e-05 3.381853e-05 1.021770e-04
11595.600000 8.005862e-01 2.487803e-02 7.699851e-03 1.304758e-01 3.535577e-05 -5.912817e-05 1.480548e-05 9.890637e-05
11595.800000 8.077860e-01 2.523677e-02 7.841445e-03 1.316071e-01 3.733515e-05 -6.860540e-05 1.707883e-05 1.025780e-04
11596.000000 8.089939e-01 2.521421e-02 7.847880e-03 1.333928e-01 4.443653e-05 -7.135473e-05 2.802691e-05 1.049673e-04
11596.200000 8.023889e-01 2.510003e-02 7.690575e-03 1.319415e-01 4.667206e-05 -6.138705e-05 2.137649e-05 9.450841e-05
11596.400000 8.034545e-01 2.502877e-02 7.934149e-03 1.310700e-01 5.473258e-05 -6.772515e-05 8.518306e-06 9.627191e-05
11596.600000 8.046525e-01 2.522682e-02 7.867397e-03 1.300897e-01 5.028028e-05 -6.940888e-05 2.047496e-05 1.050185e-04
11596.800000 8.065823e-01 2.525575e-02 7.860429e-03 1.338137e-01 5.079302e-05 -6.084074e-05 2.303522e-05 9.155589e-05
11597.000000 8.039553e-01 2.521043e-02 7.922027e-03 1.317214e-01 5.123248e-05 -6.579310e-05 3.287148e-05 9.732964e-05
11597.700000 8.042837e-01 2.531159e-02 8.008335e-03 1.309349e-01 4.798631e-05 -6.594577e-05 1.817277e-05 9.501319e-05
11598.400000 8.051713e-01 2.545833e-02 8.168244e-03 1.304781e-01 5.056788e-05 -5.813827e-05 1.566314e-05 1.069454e-04
11599.100000 8.040519e-01 2.552964e-02 8.245406e-03 1.296735e-01 5.006238e-05 -5.252956e-05 1.803842e-05 9.654960e-05
11599.800000 8.033735e-01 2.550745e-02 8.365778e-03 1.300715e-01 4.273573e-05 -4.985765e-05 1.742487e-05 9.318359e-05
11600.500000 8.035768e-01 2.556541e-02 8.584794e-03 1.295749e-01 3.859859e-05 -5.325217e-05 2.023888e-05 9.621517e-05
11601.200000 8.025619e-01 2.557418e-02 8.506498e-03 1.291221e-01 3.777505e-05 -5.998521e-05 1.874832e-05 1.020568e-04
11601.900000 8.029650e-01 2.559031e-02 8.601752e-03 1.292704e-01 3.492246e-05 -6.661020e-05 3.015265e-05 1.137858e-04
11602.600000 8.030660e-01 2.560248e-02 8.774364e-03 1.294617e-01 3.789225e-05 -6.773843e-05 3.253642e-05 1.018825e-04
11603.300000 8.029945e-01 2.561852e-02 8.779891e-03 1.287829e-01 4.254367e-05 -6.647857e-05 3.080707e-05 1.048239e-04
11604.993695 8.022077e-01 2.569604e-02 8.873439e-03 1.278007e-01 3.907944e-05 -7.132310e-05 8.215650e-06 8.698874e-05
11605.999583 8.022837e-01 2.572848e-02 8.931343e-03 1.283066e-01 3.928107e-05 -6.099887e-05 9.386903e-06 7.745647e-05
11607.017662 8.020968e-01 2.580815e-02 8.974351e-03 1.275403e-01 3.968996e-05 -6.419870e-05 1.508072e-05 9.440904e-05
11608.047933 8.024623e-01 2.584548e-02 9.026305e-03 1.278580e-01 3.812034e-05 -6.516888e-05 2.452727e-05 1.157946e-04
11609.090396 8.025134e-01 2.588666e-02 9.062297e-03 1.275072e-01 4.140433e-05 -5.852611e-05 1.223570e-05 1.017433e-04
11610.145051 8.015675e-01 2.594356e-02 9.014971e-03 1.279502e-01 4.385413e-05 -5.216489e-05 2.095772e-05 1.036931e-04
11611.211898 7.995064e-01 2.594327e-02 8.910489e-03 1.279885e-01 4.266713e-05 -5.255820e-05 2.398275e-05 1.070856e-04
11612.290937 8.006576e-01 2.599346e-02 8.818965e-03 1.285750e-01 4.574542e-05 -5.865814e-05 2.927855e-05 9.721477e-05
11613.382167 8.011221e-01 2.604033e-02 8.814109e-03 1.286040e-01 4.468386e-05 -5.563320e-05 3.397834e-05 1.103431e-04
11614.485590 8.007089e-01 2.611078e-02 8.746132e-03 1.294118e-01 3.714748e-05 -4.794011e-05 2.779938e-05 1.085496e-04
11615.601204 8.005054e-01 2.611088e-02 8.527758e-03 1.297113e-01 3.489269e-05 -5.364528e-05 1.868929e-05 1.059959e-04
11616.729011 7.996209e-01 2.609488e-02 8.360605e-03 1.304699e-01 4.133330e-05 -5.643884e-05 1.786234e-05 1.043306e-04
11617.869009 8.003446e-01 2.613568e-02 8.255100e-03 1.308159e-01 4.286524e-05 -4.432163e-05 1.878651e-05 1.048528e-04
11619.021199 7.995167e-01 2.611533e-02 8.244901e-03 1.305876e-01 4.799813e-05 -4.266805e-05 2.168444e-05 1.052698e-04
11620.185582 7.998541e-01 2.611395e-02 8.294767e-03 1.313583e-01 4.516118e-05 -5.155124e-05 1.791549e-05 1.088414e-04
11621.362156 7.995016e-01 2.611679e-02 8.174457e-03 1.311892e-01 5.110428e-05 -5.042436e-05 1.974161e-05 1.074195e-04
11622.550922 7.993634e-01 2.612711e-02 8.234357e-03 1.309075e-01 4.429369e-05 -5.810571e-05 1.927960e-05 1.083968e-04
11623.751879 7.991127e-01 2.617305e-02 8.307519e-03 1.314247e-01 3.934047e-05 -5.451188e-05 1.486997e-05 1.060477e-04
11624.965029 7.985205e-01 2.623699e-02 8.411295e-03 1.312203e-01 3.986821e-05 -4.929839e-05 1.451770e-05 9.864434e-05
11626.190371 7.987360e-01 2.631493e-02 8.445763e-03 1.307672e-01 3.559272e-05 -3.574180e-05 2.238757e-05 9.623622e-05
11627.427904 7.991631e-01 2.638954e-02 8.496821e-03 1.314550e-01 3.400522e-05 -4.047018e-05 2.351109e-05 1.006204e-04
11628.677630 7.970544e-01 2.634827e-02 8.603896e-03 1.308977e-01 4.393336e-05 -4.624580e-05 1.611089e-05 1.033986e-04
11629.939547 7.967777e-01 2.639058e-02 8.573144e-03 1.305586e-01 4.155797e-05 -4.958537e-05 2.060357e-05 1.000969e-04
11631.213657 7.975669e-01 2.648948e-02 8.675962e-03 1.302546e-01 4.411011e-05 -4.436382e-05 3.343515e-05 1.010994e-04
11632.499958 7.974580e-01 2.660340e-02 8.656396e-03 1.300651e-01 4.688767e-05 -5.067214e-05 2.501030e-05 9.260782e-05
11633.798451 7.972315e-01 2.667870e-02 8.779019e-03 1.291202e-01 3.792992e-05 -4.236441e-05 2.108397e-05 8.661172e-05
11635.109136 7.968746e-01 2.675565e-02 8.863926e-03 1.290156e-01 3.854964e-05 -4.640451e-05 1.620487e-05 8.142922e-05
11636.432013 7.971080e-01 2.679189e-02 8.934353e-03 1.289515e-01 4.186000e-05 -4.985607e-05 1.733966e-05 8.577034e-05
11637.767082 7.972242e-01 2.685780e-02 9.032556e-03 1.287397e-01 3.570817e-05 -4.817481e-05 2.097936e-05 8.506492e-05
11639.114342 7.962752e-01 2.692109e-02 9.182099e-03 1.285847e-01 3.513329e-05 -3.833115e-05 2.389729e-05 8.457029e-05
11640.473795 7.960696e-01 2.700759e-02 9.250588e-03 1.282651e-01 3.920892e-05 -2.622057e-05 2.665600e-05 9.490611e-05
11641.845440 7.950794e-01 2.706597e-02 9.355296e-03 1.287001e-01 3.438344e-05 -1.366383e-05 2.388118e-05 9.672791e-05
11643.229276 7.950172e-01 2.710565e-02 9.386765e-03 1.279561e-01 2.670285e-05 -2.376915e-05 1.750509e-05 9.675856e-05
11644.625305 7.953064e-01 2.717057e-02 9.510198e-03 1.280646e-01 1.434993e-05 -3.746402e-05 2.021281e-05 9.675396e-05
11646.033525 7.957527e-01 2.719975e-02 9.593256e-03 1.279999e-01 2.789267e-05 -3.498926e-05 2.707293e-05 8.369344e-05
11647.453937 7.939864e-01 2.712001e-02 9.700830e-03 1.282642e-01 3.635908e-05 -4.045942e-05 2.276429e-05 8.641726e-05
11648.886541 7.939095e-01 2.709540e-02 9.600678e-03 1.270660e-01 4.333630e-05 -3.619118e-05 1.874368e-05 1.008775e-04
11650.331337 7.941364e-01 2.711253e-02 9.568363e-03 1.274625e-01 3.635083e-05 -3.185933e-05 1.073072e-05 9.654661e-05
11651.788325 7.922825e-01 2.706131e-02 9.580002e-03 1.264484e-01 2.680282e-05 -3.596301e-05 2.269123e-05 8.937816e-05
11653.257505 7.923601e-01 2.709866e-02 9.579792e-03 1.275754e-01 2.745282e-05 -4.107195e-05 1.355391e-05 1.000455e-04
11654.738877 7.930605e-01 2.713312e-02 9.433667e-03 1.273564e-01 3.302255e-05 -4.125851e-05 2.117241e-05 1.065584e-04
11656.232440 7.920242e-01 2.707306e-02 9.387218e-03 1.273622e-01 3.310951e-05 -3.653466e-05 2.180885e-05 1.039047e-04
11657.738196 7.889858e-01 2.690008e-02 9.276490e-03 1.283189e-01 3.807413e-05 -3.647809e-05 1.894903e-05 9.831729e-05
11659.256143 7.896926e-01 2.697280e-02 9.196521e-03 1.289146e-01 4.246380e-05 -2.908899e-05 7.820371e-06 1.014483e-04
11660.786283 7.919849e-01 2.713646e-02 9.157072e-03 1.300915e-01 3.025716e-05 -3.742687e-05 5.450336e-06 1.037539e-04
11662.328614 7.915864e-01 2.723722e-02 9.064395e-03 1.296059e-01 2.776778e-05 -3.046033e-05 1.135552e-05 1.004495e-04
11663.883137 7.916618e-01 2.733099e-02 9.056807e-03 1.305292e-01 2.714925e-05 -3.107501e-05 1.810540e-05 1.072385e-04
11665.449852 7.911157e-01 2.741065e-02 9.125855e-03 1.304822e-01 3.551989e-05 -3.310889e-05 6.774553e-06 9.801102e-05
11667.028759 7.914354e-01 2.757099e-02 9.116353e-03 1.296413e-01 4.020779e-05 -3.411100e-05 6.308204e-06 1.010063e-04
11668.619858 7.900951e-01 2.771445e-02 9.316457e-03 1.303225e-01 3.862356e-05 -2.203722e-05 1.095266e-05 9.829170e-05
11670.223149 7.896501e-01 2.779281e-02 9.308862e-03 1.304018e-01 3.695629e-05 -1.978203e-05 3.051832e-06 9.872686e-05
11671.838632 7.867673e-01 2.773618e-02 9.175775e-03 1.294844e-01 4.118661e-05 -2.696398e-05 3.709820e-06 1.043388e-04
11673.466307 7.864795e-01 2.782368e-02 9.220468e-03 1.293445e-01 3.966378e-05 -2.469123e-05 8.687769e-06 1.000670e-04
11675.106173 7.888357e-01 2.801591e-02 9.372940e-03 1.294908e-01 3.920262e-05 -2.800789e-05 5.973160e-06 9.049996e-05
11676.758232 7.881105e-01 2.804404e-02 9.469507e-03 1.291568e-01 3.265671e-05 -3.575399e-05 1.103059e-05 8.870073e-05
11678.422482 7.879943e-01 2.804843e-02 9.424793e-03 1.286281e-01 3.330877e-05 -3.003334e-05 6.003734e-06 8.260484e-05
11680.098924 7.881383e-01 2.789977e-02 9.359115e-03 1.292172e-01 4.016142e-05 -2.015239e-05 5.181676e-06 9.113445e-05
11681.787558 7.885097e-01 2.750472e-02 9.301575e-03 1.292947e-01 4.463868e-05 -3.388765e-05 2.988936e-06 9.117106e-05
11683.488385 7.892415e-01 2.705722e-02 9.225526e-03 1.296130e-01 4.264962e-05 -4.377626e-05 2.455311e-05 8.949901e-05
11685.201403 7.877837e-01 2.690804e-02 9.182514e-03 1.287823e-01 4.241165e-05 -3.806366e-05 2.853676e-05 8.936414e-05
11686.926613 7.901481e-01 2.742722e-02 9.159770e-03 1.299869e-01 4.352691e-05 -3.387980e-05 2.001058e-05 9.626522e-05
11688.664014 7.879756e-01 2.794243e-02 9.286487e-03 1.294956e-01 4.004729e-05 -3.600708e-05 2.574481e-05 9.490240e-05
11690.413608 7.875091e-01 2.825560e-02 9.362903e-03 1.296995e-01 2.706549e-05 -4.245958e-05 1.077492e-05 8.388995e-05
11692.175394 7.868986e-01 2.848783e-02 9.429332e-03 1.283036e-01 2.954332e-05 -3.656874e-05 2.285989e-05 8.635471e-05
11693.949371 7.860378e-01 2.861815e-02 9.648963e-03 1.293143e-01 3.791003e-05 -4.444987e-05 1.960500e-05 8.737117e-05
11695.735541 7.863472e-01 2.868139e-02 9.730278e-03 1.293074e-01 3.302639e-05 -4.688834e-05 2.121998e-05 8.962752e-05
11697.533902 7.863340e-01 2.872247e-02 9.721926e-03 1.285035e-01 3.397086e-05 -3.691011e-05 1.978589e-05 9.797687e-05
11699.344455 7.856173e-01 2.873936e-02 9.880229e-03 1.292567e-01 3.344510e-05 -3.654662e-05 2.273130e-05 9.549343e-05
11701.167201 7.835990e-01 2.874266e-02 9.943052e-03 1.285246e-01 1.980202e-05 -3.422409e-05 2.092943e-05 9.706089e-05
11703.002138 7.807706e-01 2.870296e-02 1.007232e-02 1.277443e-01 2.752850e-05 -3.635385e-05 1.189865e-05 8.292797e-05
11704.849267 7.824468e-01 2.883810e-02 1.022861e-02 1.278046e-01 3.307697e-05 -3.686340e-05 1.466711e-05 8.909075e-05
11706.708588 7.833853e-01 2.888555e-02 1.014580e-02 1.281233e-01 3.707320e-05 -4.064135e-05 1.353292e-05 8.596000e-05
11708.580100 7.833244e-01 2.890684e-02 1.028285e-02 1.285494e-01 3.971346e-05 -4.154400e-05 1.651522e-05 8.808510e-05
11710.463805 7.832505e-01 2.904127e-02 1.020840e-02 1.278195e-01 4.254027e-05 -4.384242e-05 2.835274e-05 1.016988e-04
11712.359702 7.829918e-01 2.917574e-02 1.030878e-02 1.274865e-01 4.489490e-05 -5.009277e-05 2.433905e-05 9.973516e-05
11714.267790 7.825301e-01 2.925319e-02 1.033042e-02 1.285771e-01 3.963665e-05 -4.496343e-05 2.156636e-05 9.729824e-05
11716.188071 7.824800e-01 2.933074e-02 1.021332e-02 1.280812e-01 3.941293e-05 -4.742379e-05 5.833541e-06 8.970879e-05
11718.120543 7.820464e-01 2.944538e-02 1.020936e-02 1.284267e-01 3.605130e-05 -4.571398e-05 1.206507e-05 9.332357e-05
11720.065207 7.822032e-01 2.956542e-02 1.010070e-02 1.279852e-01 3.840660e-05 -4.503573e-05 3.037011e-05 9.617681e-05
11722.022064 7.814038e-01 2.963353e-02 1.012556e-02 1.282460e-01 5.217985e-05 -4.575488e-05 2.966773e-05 8.999392e-05
11723.991112 7.809476e-01 2.968161e-02 1.015335e-02 1.291297e-01 5.071095e-05 -4.459621e-05 1.702112e-05 8.525942e-05
11725.972352 7.811256e-01 2.976530e-02 1.011544e-02 1.289392e-01 5.077227e-05 -3.730057e-05 1.306317e-05 8.187960e-05
11727.965784 7.798398e-01 2.976850e-02 1.005412e-02 1.294668e-01 6.589635e-05 -4.827637e-05 9.265093e-06 8.259822e-05
11729.971407 7.800695e-01 2.978940e-02 1.002394e-02 1.285013e-01 5.711441e-05 -4.750979e-05 7.800756e-06 7.164645e-05
11731.989223 7.792870e-01 2.978803e-02 1.000876e-02 1.290014e-01 4.943586e-05 -4.322313e-05 1.269308e-05 7.473906e-05
11734.019231 7.793296e-01 2.983232e-02 1.006055e-02 1.287207e-01 4.511670e-05 -4.847733e-05 1.271894e-05 8.463333e-05
11736.061430 7.779694e-01 2.980282e-02 1.008248e-02 1.287123e-01 5.267355e-05 -4.477507e-05 1.588020e-05 8.177837e-05
11738.115822 7.782287e-01 2.988276e-02 1.002990e-02 1.284603e-01 4.724317e-05 -4.907400e-05 2.367837e-05 9.952288e-05
11740.182405 7.776422e-01 2.999448e-02 1.012930e-02 1.289251e-01 4.314482e-05 -4.886735e-05 1.822013e-05 9.565656e-05
11742.261180 7.747546e-01 3.002778e-02 1.014347e-02 1.284271e-01 5.180099e-05 -5.292350e-05 2.362198e-05 1.019939e-04
11744.352148 7.739597e-01 3.022852e-02 1.022875e-02 1.285166e-01 5.367371e-05 -5.899715e-05 9.770629e-06 8.992749e-05
11746.455307 7.747905e-01 3.046369e-02 1.032675e-02 1.286989e-01 4.762303e-05 -5.185174e-05 8.005978e-06 8.294191e-05
11748.570658 7.769431e-01 3.060858e-02 1.026776e-02 1.298323e-01 5.502796e-05 -5.440025e-05 3.198632e-06 8.618531e-05
11750.698201 7.761575e-01 3.063802e-02 1.024876e-02 1.302661e-01 5.406926e-05 -4.735196e-05 5.198603e-06 8.734256e-05
11752.837935 7.762878e-01 3.072934e-02 1.022121e-02 1.314902e-01 4.846486e-05 -4.080921e-05 6.953114e-06 8.047166e-05
11754.989862 7.763894e-01 3.080239e-02 1.024011e-02 1.345815e-01 3.700606e-05 -4.472014e-05 1.593830e-05 7.361829e-05
11757.153981 7.768892e-01 3.086497e-02 1.031987e-02 1.391562e-01 3.749039e-05 -3.806526e-05 9.811531e-06 6.956647e-05
11759.330291 7.734597e-01 3.068262e-02 1.024965e-02 1.410305e-01 4.569396e-05 -3.967472e-05 1.421014e-05 7.611478e-05
11761.518794 7.714386e-01 3.049094e-02 1.030268e-02 1.384251e-01 3.932798e-05 -4.030749e-05 1.587246e-05 7.700371e-05
11763.719488 7.720764e-01 3.074732e-02 1.041317e-02 1.352530e-01 4.200097e-05 -3.545238e-05 1.848250e-05 8.623344e-05
11765.932374 7.733290e-01 3.090301e-02 1.068120e-02 1.327359e-01 4.531355e-05 -3.923594e-05 1.931121e-05 8.910877e-05
11768.157453 7.727960e-01 3.084367e-02 1.072926e-02 1.314071e-01 4.384676e-05 -3.808261e-05 2.374102e-05 7.504935e-05
11770.394723 7.733363e-01 3.092047e-02 1.082370e-02 1.311780e-01 3.942512e-05 -2.649873e-05 3.030540e-05 8.163648e-05
11772.644185 7.727817e-01 3.106516e-02 1.092728e-02 1.293963e-01 3.254113e-05 -3.514883e-05 2.689566e-05 8.907942e-05
11774.905838 7.728139e-01 3.124926e-02 1.100367e-02 1.286567e-01 3.824108e-05 -3.929842e-05 2.585990e-05 7.998237e-05
11777.179684 7.700926e-01 3.130310e-02 1.118128e-02 1.285170e-01 4.139433e-05 -4.303818e-05 2.637985e-05 8.175274e-05
11779.465722 7.724397e-01 3.142632e-02 1.118360e-02 1.285822e-01 4.402491e-05 -4.089714e-05 1.464158e-05 7.851931e-05
11781.763952 7.699932e-01 3.140869e-02 1.116925e-02 1.280249e-01 4.054671e-05 -3.287520e-05 1.163354e-05 7.618707e-05
11784.074373 7.698513e-01 3.160239e-02 1.121076e-02 1.288979e-01 3.972365e-05 -3.858592e-05 1.814678e-05 7.029000e-05
11786.396987 7.694039e-01 3.174044e-02 1.122591e-02 1.284903e-01 4.927632e-05 -3.032069e-05 2.701511e-05 7.886066e-05
11788.731792 7.691460e-01 3.194775e-02 1.137699e-02 1.279208e-01 5.741351e-05 -2.484505e-05 1.969131e-05 7.662964e-05
11791.078789 7.674830e-01 3.210733e-02 1.131505e-02 1.286394e-01 5.779606e-05 -2.089801e-05 1.393607e-05 8.121513e-05
11793.437978 7.677386e-01 3.220722e-02 1.140352e-02 1.289527e-01 5.122129e-05 -2.009353e-05 2.330628e-05 9.079213e-05
11795.809359 7.633231e-01 3.213936e-02 1.144600e-02 1.269303e-01 4.486207e-05 -1.600094e-05 1.745079e-05 8.573976e-05
11798.192932 7.623244e-01 3.222413e-02 1.135020e-02 1.271897e-01 4.072707e-05 -2.620785e-05 9.644163e-06 9.184806e-05
11800.588697 7.650129e-01 3.235955e-02 1.131434e-02 1.284562e-01 4.813175e-05 -2.690013e-05 1.775760e-05 9.425046e-05
11802.996654 7.662807e-01 3.232508e-02 1.126848e-02 1.280413e-01 4.538355e-05 -3.764134e-05 1.813735e-05 9.092529e-05
11805.416803 7.648511e-01 3.223740e-02 1.112739e-02 1.285364e-01 4.745999e-05 -3.557237e-05 2.314682e-05 9.117616e-05
11807.849143 7.671907e-01 3.248779e-02 1.106580e-02 1.291655e-01 3.780126e-05 -3.520784e-05 1.667462e-05 9.125072e-05
11810.293676 7.663147e-01 3.263355e-02 1.107054e-02 1.291574e-01 4.128877e-05 -4.121971e-05 1.077647e-05 9.260185e-05
11812.750400 7.652777e-01 3.266571e-02 1.103296e-02 1.289725e-01 4.836919e-05 -3.611181e-05 1.593141e-05 1.045851e-04
11815.219317 7.646389e-01 3.282647e-02 1.103704e-02 1.284270e-01 5.254586e-05 -3.735459e-05 2.103227e-06 1.048076e-04
11817.700425 7.620789e-01 3.288913e-02 1.100560e-02 1.291931e-01 5.178973e-05 -3.287657e-05 1.474026e-05 1.089080e-04
11820.193725 7.653402e-01 3.316030e-02 1.113164e-02 1.294998e-01 4.952925e-05 -1.759914e-05 1.568202e-05 8.638765e-05
11822.699217 7.641708e-01 3.313739e-02 1.117780e-02 1.297168e-01 4.810611e-05 -2.472437e-05 3.512523e-05 9.608148e-05
11825.216901 7.616824e-01 3.302870e-02 1.125902e-02 1.287253e-01 5.437933e-05 -3.293561e-05 1.472066e-05 9.484611e-05
11827.746777 7.623121e-01 3.303415e-02 1.129799e-02 1.293396e-01 5.481471e-05 -3.313816e-05 1.061930e-05 9.879939e-05
11830.288845 7.592761e-01 3.275546e-02 1.130817e-02 1.290834e-01 5.281798e-05 -3.233293e-05 6.388171e-06 8.532183e-05
11832.843105 7.619657e-01 3.273710e-02 1.149705e-02 1.291330e-01 5.201506e-05 -3.964767e-05 1.724555e-05 9.292489e-05
11835.409556 7.604736e-01 3.276675e-02 1.159219e-02 1.285207e-01 5.108571e-05 -3.793243e-05 1.749287e-05 9.554607e-05
11837.988200 7.578505e-01 3.297025e-02 1.171243e-02 1.284568e-01 5.597117e-05 -2.730675e-05 1.106256e-05 9.104908e-05
11840.579035 7.582423e-01 3.335644e-02 1.200866e-02 1.288091e-01 4.132863e-05 -2.057029e-05 1.857372e-05 9.286320e-05
11843.182062 7.598767e-01 3.370652e-02 1.214991e-02 1.302517e-01 4.599125e-05 -2.957238e-05 2.592478e-05 9.043593e-05
11845.797282 7.605348e-01 3.406235e-02 1.229986e-02 1.308257e-01 3.960008e-05 -3.277543e-05 1.008988e-05 9.063455e-05
11848.424693 7.602558e-01 3.434236e-02 1.234871e-02 1.295055e-01 3.925741e-05 -4.243614e-05 1.325660e-05 9.951827e-05
11851.064296 7.567951e-01 3.440704e-02 1.240404e-02 1.283689e-01 4.861568e-05 -3.923160e-05 1.364918e-05 1.047295e-04
11853.716091 7.567985e-01 3.454412e-02 1.238506e-02 1.273960e-01 5.082253e-05 -3.469464e-05 4.513701e-06 8.978163e-05
11856.380078 7.596148e-01 3.478360e-02 1.242897e-02 1.283974e-01 4.543431e-05 -3.614955e-05 8.733306e-06 9.912947e-05
11859.056256 7.569881e-01 3.470661e-02 1.247994e-02 1.278425e-01 3.468846e-05 -4.348726e-05 1.684114e-05 1.002124e-04
11861.744627 7.576509e-01 3.477445e-02 1.257323e-02 1.277572e-01 4.381065e-05 -3.770144e-05 1.872438e-05 1.070417e-04
11864.445190 7.554568e-01 3.475550e-02 1.251791e-02 1.280717e-01 4.695056e-05 -3.208656e-05 1.024074e-05 1.075391e-04
11867.157944 7.551555e-01 3.496859e-02 1.263939e-02 1.275739e-01 4.737572e-05 -3.512634e-05 -2.550088e-07 1.049173e-04
11869.882891 7.564024e-01 3.510053e-02 1.266809e-02 1.272279e-01 4.237408e-05 -3.349988e-05 1.086016e-05 1.083690e-04
11872.620029 7.555191e-01 3.500933e-02 1.269471e-02 1.282071e-01 4.030675e-05 -3.435257e-05 3.177289e-07 1.107503e-04
11875.369359 7.554196e-01 3.493218e-02 1.263019e-02 1.279784e-01 3.682235e-05 -3.784318e-05 -3.327337e-06 1.140096e-04
11878.130881 7.544036e-01 3.508830e-02 1.254253e-02 1.285409e-01 3.619490e-05 -3.181822e-05 1.371956e-05 1.120123e-04
11880.904595 7.538011e-01 3.524098e-02 1.258438e-02 1.284716e-01 4.244010e-05 -2.733092e-05 1.545525e-05 1.072317e-04
11883.690501 7.532319e-01 3.545308e-02 1.252073e-02 1.280164e-01 4.535043e-05 -2.753575e-05 1.289788e-05 1.186949e-04
11886.488599 7.514711e-01 3.557641e-02 1.255397e-02 1.276935e-01 4.170632e-05 -3.959038e-05 1.481440e-05 1.126725e-04
11889.298889 7.519369e-01 3.553797e-02 1.250442e-02 1.278891e-01 4.279431e-05 -4.987851e-05 2.061511e-05 1.246555e-04
11892.121371 7.513287e-01 3.545237e-02 1.248255e-02 1.278897e-01 4.376278e-05 -4.199815e-05 1.767211e-05 1.134096e-04
11894.956044 7.474484e-01 3.532462e-02 1.241787e-02 1.278434e-01 4.194076e-05 -4.262299e-05 1.316002e-05 1.015350e-04
11897.802910 7.434398e-01 3.521978e-02 1.240158e-02 1.281277e-01 4.419740e-05 -3.409273e-05 9.657048e-06 1.072343e-04
11900.661967 7.486654e-01 3.549130e-02 1.252349e-02 1.283459e-01 4.526259e-05 -2.783038e-05 -5.383956e-06 9.856958e-05
11903.533217 7.497480e-01 3.551358e-02 1.258215e-02 1.285258e-01 4.885007e-05 -3.926173e-05 4.409600e-06 9.369914e-05
11906.416658 7.496665e-01 3.550638e-02 1.263506e-02 1.297839e-01 5.475988e-05 -2.441809e-05 1.185408e-05 9.329567e-05
11909.312291 7.491906e-01 3.541514e-02 1.275925e-02 1.302790e-01 6.138884e-05 -2.956739e-05 1.009906e-05 1.017349e-04
11912.220116 7.477683e-01 3.533581e-02 1.284372e-02 1.285487e-01 6.356103e-05 -4.044742e-05 1.877784e-05 1.049508e-04
11915.140133 7.474029e-01 3.558642e-02 1.298596e-02 1.287392e-01 5.692828e-05 -4.021624e-05 9.251661e-06 1.027774e-04
11918.072342 7.472031e-01 3.618030e-02 1.328994e-02 1.285649e-01 5.755079e-05 -4.254223e-05 1.312228e-05 1.086999e-04
11921.016743 7.407010e-01 3.634108e-02 1.338440e-02 1.275487e-01 5.953013e-05 -4.615129e-05 1.584741e-05 1.098939e-04
11923.973335 7.400576e-01 3.660759e-02 1.356645e-02 1.278510e-01 5.306224e-05 -5.069086e-05 1.849981e-05 1.009302e-04
11926.942120 7.443025e-01 3.705626e-02 1.371142e-02 1.280327e-01 5.044722e-05 -4.693208e-05 1.909074e-06 1.031544e-04
11929.923096 7.466594e-01 3.734893e-02 1.377012e-02 1.277924e-01 4.628960e-05 -3.698135e-05 2.570974e-06 9.660577e-05
11932.916265 7.460805e-01 3.745936e-02 1.380358e-02 1.284922e-01 4.820940e-05 -3.978390e-05 2.062465e-05 1.104789e-04
11935.921625 7.453491e-01 3.749536e-02 1.379183e-02 1.290830e-01 5.088994e-05 -3.097528e-05 1.635373e-05 1.234197e-04
11938.939177 7.457517e-01 3.756421e-02 1.381828e-02 1.281378e-01 4.641424e-05 -4.082130e-05 -1.375777e-06 1.206823e-04
11941.968921 7.446907e-01 3.747907e-02 1.377001e-02 1.285430e-01 4.932631e-05 -3.778711e-05 7.948763e-06 1.114188e-04
11945.010858 7.436929e-01 3.747050e-02 1.380514e-02 1.280336e-01 5.510435e-05 -3.230105e-05 1.019240e-05 1.286981e-04
11948.064985 7.432833e-01 3.768751e-02 1.387209e-02 1.275141e-01 5.431146e-05 -3.907682e-05 1.731380e-05 1.226553e-04
11951.131305 7.418279e-01 3.806820e-02 1.404270e-02 1.273699e-01 6.089590e-05 -3.266634e-05 8.018606e-06 1.163782e-04
11954.209817 7.423381e-01 3.847950e-02 1.423151e-02 1.274558e-01 6.193022e-05 -3.430017e-05 5.773889e-06 1.245658e-04
11957.300521 7.413420e-01 3.870129e-02 1.433051e-02 1.274002e-01 6.029638e-05 -2.785024e-05 1.383134e-05 1.156548e-04
11960.403416 7.413165e-01 3.882170e-02 1.438518e-02 1.283553e-01 6.657616e-05 -2.598567e-05 1.144684e-05 1.105016e-04
11963.518504 7.411075e-01 3.877608e-02 1.431698e-02 1.279005e-01 6.654573e-05 -3.224131e-05 1.184429e-05 1.155043e-04
11966.645783 7.404496e-01 3.833575e-02 1.422766e-02 1.277708e-01 6.884088e-05 -2.795185e-05 2.233667e-05 1.171657e-04
11969.785255 7.393616e-01 3.838593e-02 1.419730e-02 1.288103e-01 5.567218e-05 -2.248625e-05 3.166273e-05 1.132354e-04
11972.936918 7.385871e-01 3.888364e-02 1.428519e-02 1.292999e-01 5.001126e-05 -1.828371e-05 2.268940e-05 1.161347e-04
11976.100773 7.374394e-01 3.915835e-02 1.435577e-02 1.284546e-01 5.070833e-05 -1.824861e-05 2.691904e-05 1.105631e-04
11979.276820 7.369448e-01 3.928895e-02 1.440625e-02 1.283113e-01 5.878567e-05 -2.812437e-05 2.259041e-05 1.059046e-04
11982.465059 7.364129e-01 3.938806e-02 1.443479e-02 1.273585e-01 6.293593e-05 -3.506551e-05 2.540356e-05 1.109862e-04
11985.665490 7.364063e-01 3.937314e-02 1.447755e-02 1.272656e-01 5.210490e-05 -2.917495e-05 3.338693e-05 1.177078e-04
11988.878112 7.350985e-01 3.928590e-02 1.446955e-02 1.283128e-01 6.127122e-05 -2.667750e-05 2.409410e-05 1.209207e-04
11992.102927 7.345941e-01 3.940314e-02 1.447696e-02 1.280672e-01 5.467790e-05 -3.333444e-05 3.386222e-05 1.181321e-04
11995.339934 7.344769e-01 3.962717e-02 1.462968e-02 1.276971e-01 4.703092e-05 -4.516237e-05 2.549688e-05 1.184000e-04
11998.589132 7.342457e-01 3.987757e-02 1.468862e-02 1.277369e-01 5.004218e-05 -4.733473e-05 3.042976e-05 1.175221e-04
12001.850523 7.338078e-01 4.006872e-02 1.487755e-02 1.278598e-01 4.812221e-05 -5.006532e-05 2.189002e-05 1.011175e-04
12005.124105 7.321585e-01 4.023271e-02 1.496967e-02 1.275618e-01 4.792403e-05 -4.821342e-05 3.807812e-05 1.136990e-04
12008.409879 7.322681e-01 4.035673e-02 1.511576e-02 1.282850e-01 5.645855e-05 -4.002623e-05 3.315701e-05 1.248402e-04
12011.707845 7.317550e-01 4.049312e-02 1.533873e-02 1.285065e-01 5.699463e-05 -4.511989e-05 3.839932e-05 1.264180e-04
12015.018003 7.309075e-01 4.047949e-02 1.551005e-02 1.279739e-01 3.972614e-05 -4.938619e-05 2.818643e-05 1.187058e-04
12018.340353 7.309077e-01 4.046055e-02 1.558625e-02 1.272923e-01 4.548367e-05 -4.266285e-05 2.659662e-05 1.122185e-04
12021.674895 7.306844e-01 4.104214e-02 1.584534e-02 1.273314e-01 5.204375e-05 -3.921618e-05 2.400912e-05 1.102646e-04
12025.021629 7.302385e-01 4.105327e-02 1.589960e-02 1.272610e-01 4.722792e-05 -3.292401e-05 2.145101e-05 1.075220e-04
12028.380554 7.302593e-01 4.050057e-02 1.571916e-02 1.274934e-01 5.539043e-05 -2.378916e-05 2.605369e-05 1.212271e-04
12031.751672 7.289850e-01 4.045810e-02 1.574720e-02 1.272725e-01 5.649539e-05 -2.994429e-05 2.012666e-05 1.144736e-04
12035.134982 7.292437e-01 4.127997e-02 1.598763e-02 1.273874e-01 5.916615e-05 -3.262639e-05 2.379763e-05 1.179356e-04
12038.530483 7.282031e-01 4.145166e-02 1.606322e-02 1.274288e-01 4.518776e-05 -3.500081e-05 2.267442e-05 1.093737e-04
12041.938176 7.275991e-01 4.143674e-02 1.600934e-02 1.270693e-01 4.437836e-05 -3.524843e-05 2.674514e-05 1.045854e-04
12045.358061 7.216633e-01 4.093343e-02 1.587483e-02 1.263351e-01 3.402738e-05 -3.300330e-05 1.366755e-05 9.511068e-05
12048.790139 7.158199e-01 4.101861e-02 1.587349e-02 1.250761e-01 3.683279e-05 -4.028814e-05 1.640397e-05 1.032862e-04
12052.234408 7.240934e-01 4.201682e-02 1.614369e-02 1.271288e-01 4.258656e-05 -4.322519e-05 2.546917e-05 1.100490e-04
12055.690868 7.252923e-01 4.241495e-02 1.629538e-02 1.273011e-01 5.385111e-05 -4.835417e-05 1.398528e-05 1.145815e-04
12059.159521 7.251061e-01 4.269998e-02 1.638308e-02 1.279899e-01 4.779787e-05 -4.312456e-05 1.355516e-05 1.115818e-04
12062.640366 7.241972e-01 4.277784e-02 1.644676e-02 1.278369e-01 5.379202e-05 -4.484984e-05 4.658824e-06 1.103520e-04
12066.133403 7.231925e-01 4.287624e-02 1.646441e-02 1.281690e-01 6.935091e-05 -5.040718e-05 8.715006e-06 1.157678e-04
12069.638631 7.226876e-01 4.311517e-02 1.658421e-02 1.280787e-01 6.937932e-05 -4.459591e-05 5.110873e-06 1.064058e-04
12073.156052 7.226447e-01 4.343469e-02 1.671519e-02 1.278497e-01 5.856520e-05 -4.514062e-05 1.415679e-05 1.030572e-04
12076.685664 7.218145e-01 4.365392e-02 1.679120e-02 1.276223e-01 5.819584e-05 -4.513909e-05 4.247198e-06 1.005988e-04
12080.227468 7.212150e-01 4.384973e-02 1.683207e-02 1.275347e-01 6.027715e-05 -4.052742e-05 4.831853e-06 1.068916e-04
12083.781465 7.204254e-01 4.401254e-02 1.695416e-02 1.270916e-01 5.242536e-05 -3.317939e-05 3.434904e-06 1.138693e-04
12087.347653 7.202082e-01 4.420754e-02 1.711878e-02 1.269251e-01 5.608826e-05 -3.244400e-05 7.874939e-06 1.231708e-04
12090.926033 7.196111e-01 4.440924e-02 1.723696e-02 1.272146e-01 6.410327e-05 -3.622393e-05 -1.237068e-05 1.136134e-04
12094.516605 7.193503e-01 4.453854e-02 1.739042e-02 1.277029e-01 6.078812e-05 -3.745808e-05 -3.313772e-06 1.148345e-04
12098.119369 7.176957e-01 4.459733e-02 1.744443e-02 1.261444e-01 5.124874e-05 -3.001887e-05 -8.844651e-06 1.133497e-04
12101.734324 7.165070e-01 4.473946e-02 1.762325e-02 1.266420e-01 4.473139e-05 -3.073703e-05 -1.372137e-06 1.079794e-04
12105.361472 7.160824e-01 4.472162e-02 1.763502e-02 1.264383e-01 4.427577e-05 -2.644423e-05 7.233358e-06 1.097115e-04
12109.000811 7.156426e-01 4.441643e-02 1.762292e-02 1.263700e-01 5.168143e-05 -3.344708e-05 2.513857e-06 1.181619e-04
12112.652343 7.151372e-01 4.425292e-02 1.759498e-02 1.265470e-01 5.515656e-05 -3.564280e-05 -4.323835e-06 1.086728e-04
12116.316066 7.129758e-01 4.457441e-02 1.774318e-02 1.261883e-01 4.725099e-05 -3.296377e-05 7.912021e-06 1.093156e-04
12119.991982 7.138450e-01 4.494249e-02 1.797960e-02 1.264087e-01 3.994193e-05 -2.766852e-05 -3.757125e-06 1.112287e-04
12123.680089 7.149753e-01 4.558151e-02 1.829078e-02 1.261890e-01 3.852814e-05 -3.517334e-05 -1.081932e-07 1.129245e-04
12127.380388 7.140561e-01 4.586420e-02 1.846905e-02 1.261941e-01 4.128444e-05 -4.121603e-05 -5.571348e-06 1.118611e-04
12131.092879 7.136877e-01 4.605572e-02 1.862666e-02 1.263555e-01 3.893247e-05 -4.400694e-05 -2.534208e-06 1.194896e-04
12134.817562 7.134819e-01 4.629300e-02 1.880376e-02 1.264086e-01 3.681848e-05 -3.920918e-05 -6.539273e-06 1.076377e-04
12138.554437 7.120084e-01 4.637001e-02 1.883901e-02 1.273668e-01 4.151547e-05 -4.198275e-05 -3.483342e-06 1.101336e-04
12142.303503 7.114479e-01 4.629934e-02 1.876667e-02 1.267532e-01 4.442912e-05 -3.495119e-05 -1.261705e-06 1.165385e-04
12146.064762 7.105157e-01 4.606100e-02 1.869924e-02 1.264563e-01 4.492359e-05 -3.205438e-05 7.394791e-06 1.136503e-04
12149.838213 7.102706e-01 4.643993e-02 1.888116e-02 1.266318e-01 5.216884e-05 -3.463982e-05 8.357696e-06 1.155601e-04
12153.623855 7.094684e-01 4.696684e-02 1.911984e-02 1.266976e-01 5.901120e-05 -2.484853e-05 2.395486e-06 1.130951e-04
12157.421689 7.081530e-01 4.730912e-02 1.920225e-02 1.266277e-01 5.274415e-05 -1.940691e-05 -8.254086e-06 1.040140e-04
12161.231716 7.074174e-01 4.749318e-02 1.922561e-02 1.263798e-01 4.984009e-05 -1.574549e-05 -1.346995e-05 1.000427e-04
12165.053934 7.071682e-01 4.760634e-02 1.924656e-02 1.263337e-01 6.265873e-05 -2.390960e-05 -9.985501e-06 1.109448e-04
12168.888344 7.067982e-01 4.792239e-02 1.940914e-02 1.264279e-01 6.159207e-05 -1.684499e-05 -8.362635e-06 1.129681e-04
12172.734946 7.035496e-01 4.782187e-02 1.943524e-02 1.264073e-01 5.657162e-05 -2.027306e-05 4.680130e-06 9.845828e-05
12176.593740 7.043960e-01 4.795540e-02 1.945133e-02 1.260774e-01 5.682031e-05 -2.492376e-05 6.417197e-06 9.883831e-05
12180.464726 7.045336e-01 4.829398e-02 1.961787e-02 1.256750e-01 5.503633e-05 -1.401309e-05 3.141817e-06 9.908340e-05
12184.347903 7.036979e-01 4.860625e-02 1.975959e-02 1.259461e-01 5.191770e-05 -1.521402e-05 2.404313e-06 1.017026e-04
12188.243273 7.031594e-01 4.876472e-02 1.981687e-02 1.259462e-01 4.750904e-05 -2.272600e-05 8.049746e-06 9.788584e-05
12192.150835 7.012613e-01 4.887035e-02 1.988842e-02 1.260423e-01 4.521685e-05 -2.698687e-05 1.207495e-05 1.007931e-04
12196.070588 7.024232e-01 4.929585e-02 2.007155e-02 1.263045e-01 5.221312e-05 -2.980437e-05 1.733217e-05 1.123470e-04
12200.002533 7.016875e-01 4.944131e-02 2.016687e-02 1.264720e-01 5.476871e-05 -2.860199e-05 1.751424e-05 1.193552e-04
12203.946671 7.001631e-01 4.933663e-02 2.025284e-02 1.255750e-01 4.940787e-05 -1.908679e-05 1.217599e-05 1.114734e-04
12207.903000 6.991462e-01 4.920128e-02 2.030890e-02 1.258527e-01 4.079528e-05 -1.856059e-05 1.444789e-05 1.118346e-04
12211.871521 6.992831e-01 4.933307e-02 2.045206e-02 1.262038e-01 3.500282e-05 -2.281590e-05 1.892986e-05 1.130057e-04
12215.852234 6.992737e-01 4.972366e-02 2.074749e-02 1.263642e-01 5.955433e-05 -2.440998e-05 9.816399e-06 1.100954e-04
12219.845139 6.990040e-01 5.004528e-02 2.091099e-02 1.258629e-01 6.447212e-05 -2.920034e-05 -1.756893e-06 1.139803e-04
12223.850236 6.980062e-01 5.022972e-02 2.106863e-02 1.263029e-01 6.330957e-05 -2.355208e-05 -4.001882e-06 1.069377e-04
12227.867524 6.970159e-01 5.042473e-02 2.121802e-02 1.258817e-01 5.385905e-05 -2.693161e-05 -4.951631e-06 9.424685e-05
12231.897005 6.969308e-01 5.080553e-02 2.144256e-02 1.260118e-01 5.136219e-05 -2.700179e-05 2.082892e-06 1.097229e-04
12235.938678 6.953034e-01 5.093941e-02 2.158706e-02 1.259336e-01 5.239153e-05 -3.493281e-05 3.340053e-06 1.120764e-04
12239.992542 6.956007e-01 5.116001e-02 2.171023e-02 1.260386e-01 5.055322e-05 -3.510105e-05 7.159312e-06 9.735077e-05
12244.058598 6.942371e-01 5.136257e-02 2.181271e-02 1.257342e-01 4.964241e-05 -3.576132e-05 -6.674259e-07 1.110523e-04
12248.136847 6.934389e-01 5.163247e-02 2.205777e-02 1.249215e-01 4.285935e-05 -2.985247e-05 -6.062596e-07 1.099069e-04
12252.227287 6.881494e-01 5.138143e-02 2.202181e-02 1.243794e-01 4.814691e-05 -1.873362e-05 5.955169e-06 1.047792e-04
12256.329919 6.767062e-01 5.050785e-02 2.173636e-02 1.232699e-01 5.281074e-05 -2.521655e-05 4.195388e-06 1.029945e-04
12260.444743 6.871047e-01 5.126631e-02 2.213382e-02 1.250655e-01 4.414529e-05 -2.700604e-05 -5.351187e-06 1.010183e-04
12264.571759 6.888034e-01 5.184151e-02 2.244479e-02 1.251574e-01 4.510575e-05 -3.012042e-05 -5.433740e-06 1.099175e-04
12268.710967 6.884018e-01 5.217146e-02 2.258915e-02 1.249956e-01 4.869378e-05 -4.173746e-05 5.793924e-06 1.176242e-04
12272.862366 6.891993e-01 5.259432e-02 2.277209e-02 1.254628e-01 4.875905e-05 -3.882970e-05 2.033215e-05 1.147818e-04
12277.025958 6.886266e-01 5.275259e-02 2.289415e-02 1.251671e-01 4.830178e-05 -4.312906e-05 2.037561e-05 1.031827e-04
12281.201742 6.878885e-01 5.289210e-02 2.297164e-02 1.252106e-01 4.432839e-05 -4.046592e-05 1.444890e-05 1.110743e-04
12285.389717 6.857787e-01 5.288989e-02 2.292600e-02 1.250850e-01 5.387000e-05 -3.863906e-05 6.957965e-06 1.123507e-04
12289.589884 6.851003e-01 5.305233e-02 2.303225e-02 1.249097e-01 5.772836e-05 -4.573579e-05 7.027965e-06 1.153636e-04
12293.802244 6.848842e-01 5.322927e-02 2.308327e-02 1.253982e-01 5.855840e-05 -4.328514e-05 1.229112e-05 1.162571e-04
12298.026795 6.726431e-01 5.250347e-02 2.278037e-02 1.232762e-01 5.478359e-05 -3.869648e-05 1.870883e-05 1.176579e-04
12302.263538 6.761834e-01 5.335357e-02 2.309283e-02 1.242915e-01 5.131109e-05 -4.002049e-05 1.629634e-05 1.174217e-04
12306.512473 6.835020e-01 5.425938e-02 2.350302e-02 1.253931e-01 3.868149e-05 -3.810984e-05 1.051920e-05 1.159456e-04
12310.773600 6.829982e-01 5.437274e-02 2.358610e-02 1.252955e-01 3.344765e-05 -3.813562e-05 1.138244e-05 1.109551e-04
12315.046919 6.825030e-01 5.444420e-02 2.372127e-02 1.247748e-01 3.105304e-05 -4.020212e-05 1.981441e-05 1.169580e-04
12319.332429 6.826738e-01 5.433809e-02 2.374601e-02 1.250632e-01 3.988277e-05 -4.497306e-05 1.262503e-05 1.165592e-04
12323.630132 6.821078e-01 5.448192e-02 2.386617e-02 1.249339e-01 3.313471e-05 -4.973917e-05 1.969350e-05 1.170601e-04
12327.940026 6.808744e-01 5.476737e-02 2.409173e-02 1.251250e-01 2.433431e-05 -4.311981e-05 1.858258e-05 1.116884e-04
12332.262113 6.799994e-01 5.525975e-02 2.440655e-02 1.249852e-01 4.280918e-05 -4.016093e-05 1.997271e-05 1.144267e-04
12336.596391 6.795416e-01 5.570258e-02 2.474093e-02 1.252157e-01 4.137486e-05 -2.905166e-05 1.523296e-05 1.212933e-04
12340.942861 6.791236e-01 5.576438e-02 2.488862e-02 1.249136e-01 3.725026e-05 -3.407209e-05 2.134914e-05 1.185723e-04
12345.301524 6.782911e-01 5.605121e-02 2.515363e-02 1.247808e-01 3.562727e-05 -3.267807e-05 1.601657e-05 1.204067e-04
12349.672378 6.772258e-01 5.641810e-02 2.533209e-02 1.247325e-01 4.928449e-05 -3.745857e-05 1.025629e-05 1.224580e-04
12354.055424 6.758298e-01 5.652055e-02 2.548354e-02 1.249254e-01 4.519641e-05 -4.933998e-05 8.241707e-06 1.182793e-04
12358.450662 6.759076e-01 5.661400e-02 2.558246e-02 1.251413e-01 4.428215e-05 -4.694817e-05 -1.437150e-07 1.093633e-04
12362.858091 6.753457e-01 5.680492e-02 2.577253e-02 1.250939e-01 3.635101e-05 -4.452143e-05 1.856688e-05 1.101501e-04
12367.277713 6.738659e-01 5.655314e-02 2.571364e-02 1.250379e-01 2.982906e-05 -4.776043e-05 1.182557e-05 1.190056e-04
12371.709527 6.739113e-01 5.669639e-02 2.581280e-02 1.253151e-01 3.234765e-05 -4.129533e-05 3.694014e-06 1.088044e-04
12376.153532 6.735455e-01 5.685535e-02 2.599295e-02 1.249988e-01 4.303989e-05 -4.129990e-05 1.580347e-05 1.080480e-04
12380.609730 6.730557e-01 5.708482e-02 2.619474e-02 1.248400e-01 5.131477e-05 -3.578282e-05 1.623147e-05 1.124520e-04
12385.078119 6.721955e-01 5.731152e-02 2.635499e-02 1.247654e-01 5.137552e-05 -3.647999e-05 8.528831e-06 1.124721e-04
12389.558700 6.714106e-01 5.767494e-02 2.658022e-02 1.242592e-01 5.145581e-05 -2.876165e-05 1.400515e-05 1.054120e-04
12394.051473 6.712668e-01 5.802117e-02 2.687056e-02 1.247060e-01 4.538935e-05 -4.114609e-05 1.388744e-05 9.896240e-05
12398.556438 6.698067e-01 5.832101e-02 2.703066e-02 1.248455e-01 4.162682e-05 -5.056110e-05 1.796780e-05 9.873966e-05
12403.073595 6.690677e-01 5.852711e-02 2.712863e-02 1.244975e-01 4.433445e-05 -5.373489e-05 1.642157e-05 1.071211e-04
12407.602944 6.679092e-01 5.881207e-02 2.733663e-02 1.245479e-01 4.382433e-05 -4.832581e-05 1.948838e-05 1.096640e-04
12412.144485 6.671432e-01 5.921927e-02 2.751642e-02 1.244892e-01 4.058854e-05 -4.487470e-05 2.136552e-05 1.038212e-04
12416.698218 6.650275e-01 5.949433e-02 2.770418e-02 1.241197e-01 4.180716e-05 -4.040324e-05 2.079702e-05 1.072596e-04
12421.264142 6.624668e-01 5.963170e-02 2.776474e-02 1.235675e-01 4.059384e-05 -3.698573e-05 2.556053e-06 1.110929e-04
12425.842259 6.638736e-01 6.010530e-02 2.806713e-02 1.239894e-01 4.476701e-05 -4.194835e-05 1.356941e-05 1.189309e-04
12430.432567 6.649158e-01 6.053699e-02 2.826862e-02 1.240390e-01 5.092148e-05 -4.349443e-05 2.139366e-05 1.034293e-04
12435.035068 6.642561e-01 6.068353e-02 2.838247e-02 1.240906e-01 4.518131e-05 -4.798738e-05 5.850467e-06 8.455765e-05
12439.649760 6.633134e-01 6.088967e-02 2.851501e-02 1.238977e-01 4.526040e-05 -5.247428e-05 -1.971198e-06 9.601504e-05
12444.276644 6.620287e-01 6.107790e-02 2.870392e-02 1.237028e-01 4.767014e-05 -4.756484e-05 1.943855e-06 9.673021e-05
12448.915720 6.612012e-01 6.140195e-02 2.895186e-02 1.236625e-01 5.047538e-05 -4.605193e-05 -9.070093e-08 9.945529e-05
12453.566988 6.615651e-01 6.173671e-02 2.917762e-02 1.245491e-01 5.380809e-05 -5.070587e-05 3.436416e-06 1.097186e-04
12458.230448 6.607367e-01 6.188731e-02 2.927123e-02 1.246689e-01 5.353242e-05 -5.633987e-05 1.459008e-06 1.161270e-04
12462.906100 6.599716e-01 6.201039e-02 2.943666e-02 1.237708e-01 5.723376e-05 -4.773983e-05 3.962738e-06 1.078684e-04
12467.593943 6.593597e-01 6.213878e-02 2.958844e-02 1.233132e-01 5.697683e-05 -4.895752e-05 7.443726e-06 1.012297e-04
12472.293979 6.581868e-01 6.221346e-02 2.975589e-02 1.234263e-01 5.397867e-05 -4.533232e-05 2.091626e-05 1.009508e-04
12477.006206 6.577335e-01 6.253201e-02 2.997326e-02 1.235699e-01 4.550927e-05 -4.584795e-05 1.110780e-05 9.421403e-05
12481.730626 6.579255e-01 6.276672e-02 3.022265e-02 1.239073e-01 4.986112e-05 -4.056193e-05 1.250128e-05 8.302377e-05
12486.467237 6.570476e-01 6.280673e-02 3.037981e-02 1.234875e-01 4.467246e-05 -3.484258e-05 1.254626e-05 8.542635e-05
12491.216040 6.562833e-01 6.330258e-02 3.070770e-02 1.240727e-01 4.731766e-05 -4.052319e-05 1.011825e-05 8.859726e-05
12495.977036 6.546720e-01 6.356431e-02 3.095069e-02 1.240264e-01 5.316831e-05 -4.960502e-05 1.505318e-05 9.272392e-05
12500.750223 6.514133e-01 6.368607e-02 3.114673e-02 1.234806e-01 5.562836e-05 -4.537580e-05 1.198236e-05 9.593735e-05
12505.535602 6.533809e-01 6.428091e-02 3.151605e-02 1.235293e-01 5.491071e-05 -5.192735e-05 1.442393e-05 9.133395e-05
12510.333172 6.539501e-01 6.462339e-02 3.178348e-02 1.238628e-01 4.855897e-05 -4.829257e-05 2.025766e-05 9.712245e-05
12515.142935 6.532695e-01 6.478897e-02 3.194232e-02 1.237752e-01 5.337616e-05 -4.935018e-05 2.249311e-05 8.616401e-05
12519.964890 6.524209e-01 6.495244e-02 3.213399e-02 1.239441e-01 4.641696e-05 -5.632856e-05 2.427657e-05 9.094113e-05
12524.799037 6.517009e-01 6.526344e-02 3.235741e-02 1.245156e-01 4.771122e-05 -4.533358e-05 2.306279e-05 8.690847e-05
12529.645375 6.453731e-01 6.498555e-02 3.229557e-02 1.239831e-01 5.238457e-05 -4.769352e-05 1.240487e-05 9.314513e-05
12534.503905 3.331417e-01 3.363926e-02 1.673521e-02 6.389312e-02 2.806287e-05 -2.569888e-05 4.658951e-06 4.446345e-05
12539.374628 6.495802e-03 6.569240e-04 3.269605e-04 1.244491e-03 5.463225e-07 -4.880310e-07 1.329114e-07 8.150993e-07
