# Facility: NSLS-II
# Beamline: QAS
# Year: 2023
# Cycle: 3
# SAF: 312215
# PI: Reece
# Proposal: 313586
# Scan ID: 271251
# UID: 8ff1cee3-2ba0-40ea-929f-59a045205e90
# Comment: 
# Start time: 10/18/2023  22:29:15
# Stop time: 10/18/2023  22:29:46
# Total time: 00:31
# Trajectory name: Pt-L3-30s-11564.txt
# Element: Platinum ( 78)
# Edge: L3
# E0: 11564
# Reference Foil Element: Pt
# Keithley Gains I0: 1E6 V/A It: 1E6 V/A Iref: 1E7 V/A PIPS: 1E8 V/A 
# Ion Chamber Gas Flow Rates: I0: 0.00 sccm He + 189.60 sccm N2 + 9.80 sccm Ar 
# Ion Chamber Gas Flow Rates: It&Iref: 39.70 sccm N2 + 60.10 sccm Ar
# Incident Beam Path Vertical: 31.75 mm
# Incident Slits Positions B: TOP: 2.0 mm Bottom: 1.0 mm Inboard: 0.57675 mm Outboard: 1.57675 mm
# Sample Stage Positions: Rotation: 30.0 deg Horizontal: -10.11 mm Vertical: 15.39 mm Beam Direction: 0.00 mm
# PerkinElmer Vertical Position: 500.00 mm
# Linkam Oven Temperature : 3.03 C and Ramp Rate: 20.00 C/min.
# Front End Mirror Horizontal Positions: Up: -14.00 mm Down: -14.00 mm
#
# energy  i0  it  ir  iff  aux1  aux2  aux3  aux4
11380.427270 4.214383e-01 -1.436469e-03 8.808955e-04 2.368461e-02 2.363325e-05 8.558759e-07 8.442152e-07 4.810061e-05
11385.427270 8.277505e-01 -2.828718e-03 1.756229e-03 4.668453e-02 4.833441e-05 1.525597e-06 6.861095e-06 1.060505e-04
11390.427270 8.334710e-01 -2.871879e-03 1.739351e-03 4.697301e-02 5.679335e-05 8.936603e-06 2.858269e-06 9.562258e-05
11395.427270 8.412393e-01 -2.876275e-03 1.727933e-03 4.733138e-02 5.820859e-05 2.920917e-06 2.026936e-06 8.066863e-05
11400.427270 8.394472e-01 -2.882043e-03 1.744110e-03 4.726644e-02 5.178750e-05 6.506458e-06 5.729857e-06 8.392766e-05
11405.427270 8.372744e-01 -2.878986e-03 1.735601e-03 4.724209e-02 5.412999e-05 8.615005e-06 4.645474e-06 8.735687e-05
11410.427270 8.342177e-01 -2.879689e-03 1.752391e-03 4.698280e-02 6.299175e-05 6.286902e-06 9.928350e-06 8.918603e-05
11415.427270 8.267975e-01 -2.878150e-03 1.732040e-03 4.662018e-02 5.727451e-05 9.159822e-06 9.711076e-06 8.681153e-05
11420.427270 8.264441e-01 -2.873373e-03 1.761228e-03 4.675937e-02 5.911572e-05 1.402984e-05 4.634462e-06 8.019891e-05
11425.427270 8.339780e-01 -2.881729e-03 1.778270e-03 4.755573e-02 6.753380e-05 1.195252e-05 7.793902e-06 7.950953e-05
11430.427270 8.351710e-01 -2.878985e-03 1.715325e-03 4.793920e-02 6.797602e-05 1.549062e-05 5.036804e-07 8.426690e-05
11435.427270 8.336196e-01 -2.870185e-03 1.711560e-03 4.781967e-02 5.368333e-05 4.462257e-06 -6.089900e-06 8.359162e-05
11440.427270 8.323710e-01 -2.872118e-03 1.769820e-03 4.788390e-02 4.969888e-05 8.641749e-07 3.004156e-06 9.184491e-05
11445.427270 8.306140e-01 -2.859072e-03 1.772730e-03 4.788739e-02 5.044917e-05 9.263006e-06 7.578795e-07 8.384745e-05
11450.427270 8.297795e-01 -2.862891e-03 1.767557e-03 4.817798e-02 6.458182e-05 4.569270e-06 -3.015466e-06 8.600977e-05
11455.427270 8.286608e-01 -2.858290e-03 1.755447e-03 4.817751e-02 5.668886e-05 8.641582e-06 3.396266e-06 9.370289e-05
11460.427270 8.280652e-01 -2.850108e-03 1.747034e-03 4.804352e-02 5.929210e-05 1.317699e-05 8.834876e-06 8.353083e-05
11465.427270 8.271746e-01 -2.850438e-03 1.710444e-03 4.828544e-02 5.086327e-05 5.646299e-06 1.837573e-05 7.297554e-05
11470.427270 8.261884e-01 -2.853345e-03 1.748067e-03 4.829232e-02 5.469730e-05 6.178684e-06 1.842217e-05 8.137330e-05
11475.427270 8.254123e-01 -2.843802e-03 1.769922e-03 4.842361e-02 5.304465e-05 9.575396e-06 2.403739e-05 7.758422e-05
11480.427270 8.240277e-01 -2.849707e-03 1.776684e-03 4.838754e-02 5.558233e-05 4.023732e-06 2.191381e-05 9.198719e-05
11485.427270 8.230987e-01 -2.852365e-03 1.776034e-03 4.843680e-02 5.023030e-05 -2.298089e-06 1.772174e-05 1.046072e-04
11490.427270 8.218698e-01 -2.856142e-03 1.796701e-03 4.841673e-02 5.316317e-05 3.523136e-07 1.575126e-05 1.136232e-04
11495.427270 8.212178e-01 -2.854572e-03 1.785200e-03 4.890523e-02 5.118884e-05 -1.450067e-06 1.205847e-05 8.677350e-05
11500.427270 8.205850e-01 -2.857199e-03 1.794573e-03 4.902688e-02 3.864537e-05 -2.217436e-06 -1.479432e-06 8.428364e-05
11505.427270 8.196924e-01 -2.855429e-03 1.739559e-03 4.915386e-02 4.729435e-05 -6.222501e-06 7.478397e-06 9.360986e-05
11510.427270 8.188287e-01 -2.852469e-03 1.753763e-03 4.940008e-02 5.354824e-05 -1.963384e-05 7.387901e-06 1.061158e-04
11515.427270 8.176193e-01 -2.852245e-03 1.742334e-03 4.922849e-02 5.867653e-05 -1.019189e-05 1.769401e-05 1.059427e-04
11520.427270 8.164141e-01 -2.844987e-03 1.762701e-03 4.927501e-02 4.619221e-05 -8.844290e-06 1.579267e-05 1.047116e-04
11525.427270 8.161167e-01 -2.849315e-03 1.771521e-03 4.952594e-02 5.149698e-05 -1.058084e-05 3.954058e-06 1.035905e-04
11530.427270 8.143059e-01 -2.844641e-03 1.811281e-03 4.958224e-02 5.013434e-05 -9.010233e-06 1.629668e-06 9.373042e-05
11534.000000 8.140384e-01 -2.856330e-03 1.830429e-03 5.013508e-02 4.391852e-05 -6.822786e-06 1.035454e-05 1.029625e-04
11535.000000 8.134879e-01 -2.860466e-03 1.806175e-03 4.990446e-02 4.010343e-05 -2.015894e-06 1.445196e-05 1.016376e-04
11536.000000 8.141416e-01 -2.851245e-03 1.795549e-03 5.090956e-02 3.273439e-05 3.067356e-06 1.005722e-05 1.094986e-04
11537.000000 8.141423e-01 -2.843823e-03 1.787500e-03 5.034042e-02 2.934023e-05 -1.550481e-06 1.128938e-05 1.111404e-04
11538.000000 8.148915e-01 -2.827374e-03 1.723110e-03 5.047093e-02 4.220432e-05 -7.576896e-06 1.837427e-05 1.128937e-04
11539.000000 8.149084e-01 -2.823511e-03 1.807575e-03 5.086760e-02 4.232572e-05 -5.929785e-06 9.937860e-06 9.899339e-05
11540.000000 8.138667e-01 -2.842745e-03 1.713413e-03 5.058856e-02 4.211848e-05 -1.119193e-05 1.854945e-05 9.519676e-05
11541.000000 8.127508e-01 -2.850338e-03 1.859647e-03 5.132582e-02 2.766608e-05 -1.384642e-05 2.379286e-05 1.125497e-04
11541.200000 8.136353e-01 -2.894402e-03 1.692344e-03 5.013901e-02 2.704040e-05 -1.546462e-06 3.434404e-05 1.141885e-04
11541.400000 8.144151e-01 -2.825681e-03 1.993521e-03 4.890991e-02 2.095128e-05 6.259015e-07 2.550297e-05 1.040436e-04
11541.600000 8.160447e-01 -2.780170e-03 1.796772e-03 5.288704e-02 1.124944e-05 8.150078e-06 1.223320e-05 9.204122e-05
11541.800000 8.053937e-01 -2.935801e-03 8.647499e-04 4.872685e-02 2.996072e-05 1.023157e-05 2.124936e-05 8.335081e-05
11542.000000 8.211273e-01 -2.827758e-03 1.735754e-03 5.305884e-02 2.105077e-05 1.368822e-06 1.588664e-05 8.842487e-05
11542.200000 8.174886e-01 -2.908458e-03 1.723212e-03 5.073085e-02 4.054723e-05 -2.274625e-06 8.286528e-06 9.278232e-05
11542.400000 8.082820e-01 -2.781964e-03 1.676090e-03 5.106509e-02 3.744368e-05 -3.408373e-06 7.103105e-06 8.664072e-05
11542.600000 8.144378e-01 -2.837763e-03 1.847290e-03 5.264594e-02 4.104004e-05 4.662399e-06 1.643459e-05 1.049508e-04
11542.800000 8.138747e-01 -2.920592e-03 1.829241e-03 5.019691e-02 4.020419e-05 5.973454e-06 1.189632e-05 1.023080e-04
11543.000000 8.189809e-01 -2.804982e-03 1.756576e-03 5.129611e-02 2.838616e-05 -8.317766e-06 1.134341e-05 9.293375e-05
11543.200000 8.024164e-01 -2.896888e-03 1.871683e-03 5.113011e-02 4.582149e-05 -1.568588e-05 7.281164e-06 9.440891e-05
11543.400000 8.182774e-01 -2.836390e-03 1.465239e-03 5.252604e-02 4.127962e-05 -1.877970e-05 1.152219e-05 1.161599e-04
11543.600000 8.149998e-01 -2.933020e-03 2.023024e-03 5.031974e-02 4.050596e-05 -1.468894e-05 1.414630e-05 9.867300e-05
11543.800000 8.144986e-01 -2.848328e-03 1.704652e-03 5.064358e-02 2.890378e-05 -4.066539e-06 1.260338e-05 1.089131e-04
11544.000000 8.083378e-01 -2.794229e-03 2.129633e-03 4.976814e-02 3.847236e-05 6.105835e-06 1.122389e-05 1.091384e-04
11544.200000 8.181874e-01 -2.969741e-03 1.663594e-03 5.389874e-02 4.184806e-05 2.388363e-06 2.073272e-05 1.129432e-04
11544.400000 8.158080e-01 -2.825497e-03 1.760557e-03 5.386533e-02 3.110239e-05 -1.323319e-05 8.031361e-06 9.647348e-05
11544.600000 8.139138e-01 -2.949212e-03 1.835068e-03 5.192195e-02 3.863819e-05 -1.436166e-05 2.417747e-05 1.131835e-04
11544.800000 8.110290e-01 -2.794445e-03 1.851035e-03 4.971328e-02 2.435858e-05 -2.009411e-05 1.617345e-05 1.064862e-04
11545.000000 8.105349e-01 -2.924680e-03 1.942569e-03 5.154333e-02 3.703343e-05 -1.323603e-05 -2.996407e-06 1.086395e-04
11545.200000 8.125709e-01 -2.863846e-03 1.926965e-03 5.349446e-02 3.297093e-05 -1.023008e-05 4.518901e-06 1.284751e-04
11545.400000 8.111105e-01 -2.917813e-03 1.692552e-03 5.180274e-02 3.284716e-05 -1.058644e-05 1.586805e-05 1.228031e-04
11545.600000 8.191782e-01 -2.943279e-03 1.679073e-03 5.203069e-02 4.522395e-05 2.073223e-06 1.643374e-05 1.235405e-04
11545.800000 8.127800e-01 -2.833236e-03 1.798008e-03 4.894799e-02 3.714566e-05 -7.687206e-06 8.127790e-06 1.178606e-04
11546.000000 8.097822e-01 -2.964296e-03 1.695677e-03 5.087791e-02 5.209336e-05 -4.809977e-06 4.843681e-06 1.003493e-04
11546.200000 8.098696e-01 -2.798386e-03 1.809075e-03 5.164190e-02 3.179798e-05 -5.181613e-06 8.434250e-06 7.816516e-05
11546.400000 8.090870e-01 -2.974713e-03 1.723132e-03 5.211495e-02 4.701994e-05 -8.169388e-06 3.027955e-07 6.406595e-05
11546.600000 8.150358e-01 -2.809584e-03 1.959335e-03 5.112688e-02 5.322022e-05 -1.550774e-05 -6.242863e-07 5.811582e-05
11546.800000 8.101792e-01 -2.863981e-03 1.821903e-03 5.101009e-02 5.648508e-05 -8.649808e-06 3.739416e-06 1.127936e-04
11547.000000 8.138730e-01 -2.926255e-03 1.881411e-03 5.079379e-02 5.244383e-05 9.035770e-07 1.318251e-05 1.141449e-04
11547.200000 8.163873e-01 -2.820476e-03 1.774028e-03 5.207890e-02 5.425966e-05 -7.117253e-06 1.300341e-05 1.062532e-04
11547.400000 7.982182e-01 -2.935712e-03 1.721052e-03 5.165109e-02 6.832361e-05 -8.400822e-06 1.451121e-05 1.018173e-04
11547.600000 8.149219e-01 -2.782843e-03 1.886911e-03 5.199261e-02 6.133480e-05 -5.693308e-06 -6.776802e-07 9.387306e-05
11547.800000 8.131139e-01 -2.897406e-03 1.688772e-03 5.154170e-02 7.566906e-05 -4.652016e-06 8.180207e-06 8.703745e-05
11548.000000 8.125594e-01 -2.734778e-03 1.658013e-03 5.388230e-02 6.380858e-05 -4.153252e-06 3.827114e-05 1.024843e-04
11548.200000 8.097152e-01 -2.874046e-03 1.838998e-03 5.274658e-02 7.385257e-05 -1.841477e-06 2.896340e-05 1.072193e-04
11548.400000 8.094477e-01 -2.841701e-03 1.577209e-03 5.123138e-02 5.682747e-05 2.011168e-06 2.605202e-05 1.152358e-04
11548.600000 8.150490e-01 -2.939520e-03 1.740451e-03 5.302816e-02 5.011724e-05 1.846114e-07 2.092291e-05 1.009751e-04
11548.800000 8.117428e-01 -2.892360e-03 1.870270e-03 5.129984e-02 5.062207e-05 -6.045995e-06 1.402189e-05 9.689382e-05
11549.000000 8.085192e-01 -2.846426e-03 1.520459e-03 5.281167e-02 5.572332e-05 -9.147242e-06 1.904845e-05 9.470737e-05
11549.200000 8.110414e-01 -2.924952e-03 1.895576e-03 5.459143e-02 6.339536e-05 -7.076943e-06 3.565212e-06 6.769064e-05
11549.400000 8.123644e-01 -2.792290e-03 1.765404e-03 5.258188e-02 4.665925e-05 -2.308529e-06 1.755928e-05 1.029683e-04
11549.600000 8.123395e-01 -2.921076e-03 1.792411e-03 4.904489e-02 5.071357e-05 -7.507397e-06 1.642912e-05 1.232254e-04
11549.800000 8.073022e-01 -2.773830e-03 1.736085e-03 5.464222e-02 4.167053e-05 -1.118843e-05 2.527366e-05 1.158515e-04
11550.000000 8.199872e-01 -2.995202e-03 1.719501e-03 5.383961e-02 6.226968e-05 -9.039198e-06 1.152455e-05 1.099441e-04
11550.200000 7.949796e-01 -2.756880e-03 1.669669e-03 5.158455e-02 5.278431e-05 5.412630e-07 1.512569e-05 1.047849e-04
11550.400000 8.121121e-01 -2.890755e-03 1.621030e-03 5.262014e-02 6.508250e-05 2.507685e-07 1.197574e-05 8.447417e-05
11550.600000 8.132922e-01 -2.855099e-03 1.985125e-03 5.431423e-02 5.370597e-05 3.911414e-06 1.310789e-05 5.903148e-05
11550.800000 8.086078e-01 -2.905663e-03 1.687767e-03 5.280444e-02 5.929127e-05 5.871391e-06 3.588107e-05 1.066525e-04
11551.000000 8.122238e-01 -2.836636e-03 1.940242e-03 5.322752e-02 5.510843e-05 4.154698e-07 2.776007e-05 1.111515e-04
11551.200000 8.108842e-01 -2.877757e-03 1.858119e-03 5.275241e-02 7.150401e-05 -4.023644e-06 1.136965e-05 9.795833e-05
11551.400000 8.159598e-01 -2.887040e-03 1.698771e-03 5.194794e-02 5.934556e-05 4.448008e-07 1.832001e-05 9.844330e-05
11551.600000 7.990375e-01 -2.884075e-03 1.792017e-03 5.290077e-02 6.123050e-05 7.822643e-07 4.373771e-06 1.033904e-04
11551.800000 8.232085e-01 -2.910751e-03 2.037860e-03 5.459639e-02 5.274128e-05 -6.665891e-06 1.523981e-05 1.095948e-04
11552.000000 8.120846e-01 -2.890302e-03 1.729054e-03 5.268034e-02 5.816454e-05 -2.902902e-06 2.446806e-05 9.682131e-05
11552.200000 8.061250e-01 -2.845095e-03 2.026754e-03 5.233536e-02 6.235682e-05 -8.046668e-06 2.660306e-05 1.026477e-04
11552.400000 8.135688e-01 -2.834947e-03 1.759644e-03 5.274224e-02 6.155516e-05 -6.163568e-06 2.153717e-05 9.793606e-05
11552.600000 8.093787e-01 -2.872437e-03 1.749275e-03 5.276961e-02 6.274308e-05 1.496549e-06 1.653809e-05 8.800712e-05
11552.800000 8.246448e-01 -2.932207e-03 1.897738e-03 5.467169e-02 5.612333e-05 -2.095083e-06 2.526823e-05 6.186705e-05
11553.000000 7.967738e-01 -2.871363e-03 1.826945e-03 5.521476e-02 5.587503e-05 8.193938e-07 1.828038e-05 8.504893e-05
11553.200000 8.062143e-01 -2.815208e-03 1.800449e-03 5.513756e-02 6.192344e-05 -7.538470e-06 1.485198e-05 8.893735e-05
11553.400000 8.193529e-01 -2.912758e-03 1.639784e-03 5.366308e-02 6.256317e-05 -9.838363e-06 1.545661e-05 6.063528e-05
11553.600000 8.076217e-01 -2.860489e-03 1.880095e-03 5.540649e-02 5.324690e-05 -1.407592e-05 2.243022e-05 9.858654e-05
11553.800000 8.102377e-01 -2.883384e-03 1.814302e-03 5.431942e-02 4.924184e-05 -1.240574e-05 2.154422e-05 1.064605e-04
11554.000000 8.098684e-01 -2.852145e-03 1.634167e-03 5.250289e-02 4.351398e-05 -7.193946e-06 3.090505e-05 9.660937e-05
11554.200000 8.108655e-01 -2.880931e-03 1.822481e-03 5.398768e-02 4.193110e-05 -1.275271e-06 1.927904e-05 9.245824e-05
11554.400000 8.135835e-01 -2.878130e-03 1.796920e-03 5.511210e-02 4.809841e-05 -1.240758e-05 1.075037e-05 9.441959e-05
11554.600000 8.143426e-01 -2.858353e-03 1.823518e-03 5.456365e-02 4.610708e-05 -1.769275e-05 1.593356e-05 1.099829e-04
11554.800000 8.059062e-01 -2.862554e-03 1.710456e-03 5.462630e-02 5.558279e-05 -9.886178e-06 1.754060e-05 1.074498e-04
11555.000000 8.174933e-01 -2.827992e-03 1.624611e-03 5.616268e-02 4.395277e-05 -1.327526e-05 1.731318e-05 1.077994e-04
11555.200000 8.106157e-01 -2.926435e-03 1.718424e-03 5.700445e-02 3.767033e-05 -7.578112e-06 -2.149551e-06 1.038180e-04
11555.400000 8.093128e-01 -2.847983e-03 1.756201e-03 5.504432e-02 3.379144e-05 -1.441729e-05 -4.255622e-06 1.027107e-04
11555.600000 8.126363e-01 -2.913129e-03 1.762324e-03 5.506353e-02 5.317676e-05 -1.130496e-05 -1.566734e-05 9.213896e-05
11555.800000 8.090680e-01 -2.788186e-03 1.776763e-03 5.457084e-02 5.752487e-05 -1.050487e-05 3.517821e-07 1.005673e-04
11556.000000 8.113716e-01 -2.871222e-03 1.491411e-03 5.713145e-02 6.721165e-05 -1.401871e-05 1.667516e-05 1.017030e-04
11556.200000 8.108807e-01 -2.812228e-03 1.823136e-03 5.525480e-02 5.614385e-05 -1.522919e-05 1.755464e-05 8.922990e-05
11556.400000 8.155369e-01 -2.935994e-03 1.538784e-03 5.503974e-02 5.865564e-05 -1.676972e-05 3.049705e-05 1.006134e-04
11556.600000 8.077227e-01 -2.812059e-03 2.095129e-03 5.636838e-02 4.089214e-05 -1.645884e-05 1.732733e-05 8.992689e-05
11556.800000 8.120182e-01 -2.916841e-03 1.600636e-03 5.799369e-02 6.530796e-05 -1.665436e-05 -3.382282e-06 8.417725e-05
11557.000000 8.098665e-01 -2.824960e-03 1.769777e-03 5.576840e-02 5.519817e-05 -1.253597e-05 9.660553e-06 9.280951e-05
11557.200000 8.114542e-01 -2.888637e-03 1.675919e-03 5.930516e-02 5.626810e-05 -6.409421e-06 2.132881e-05 9.540461e-05
11557.400000 8.060254e-01 -2.829399e-03 1.886108e-03 5.465189e-02 4.614011e-05 -2.661854e-06 1.053707e-05 7.720461e-05
11557.600000 8.140496e-01 -2.913561e-03 1.698044e-03 5.689953e-02 5.566409e-05 4.390940e-06 2.035275e-05 9.547187e-05
11557.800000 8.076200e-01 -2.802661e-03 1.862237e-03 5.856406e-02 3.785545e-05 3.802254e-06 2.637714e-05 1.009817e-04
11558.000000 8.096999e-01 -2.926165e-03 1.743628e-03 5.945049e-02 3.386847e-05 6.506784e-06 2.383789e-05 9.683112e-05
11558.200000 8.143995e-01 -2.845209e-03 1.747011e-03 6.029098e-02 3.058377e-05 1.127598e-05 7.691723e-06 7.274313e-05
11558.400000 8.070205e-01 -2.855336e-03 1.599116e-03 5.980110e-02 2.998673e-05 6.432298e-06 3.461985e-05 8.758384e-05
11558.600000 8.150783e-01 -2.876430e-03 1.771057e-03 5.997235e-02 3.137276e-05 3.763575e-06 1.516277e-05 8.660321e-05
11558.800000 8.067263e-01 -2.813749e-03 1.750421e-03 5.876363e-02 5.561391e-05 3.721822e-06 2.702726e-05 1.071854e-04
11559.000000 8.136803e-01 -2.902753e-03 1.889122e-03 6.122919e-02 6.031016e-05 -7.794554e-06 1.377472e-06 1.025490e-04
11559.200000 8.101596e-01 -2.774943e-03 1.615351e-03 6.260619e-02 6.853408e-05 -3.216408e-06 -3.407937e-06 9.677123e-05
11559.400000 8.121067e-01 -2.885928e-03 1.855693e-03 6.044999e-02 5.273590e-05 -5.073036e-06 -1.228415e-05 8.745433e-05
11559.600000 8.166501e-01 -2.819479e-03 1.767803e-03 6.208896e-02 3.821374e-05 3.617554e-06 -1.630835e-05 9.977864e-05
11559.800000 8.113322e-01 -2.893850e-03 1.636692e-03 6.350168e-02 4.798981e-05 1.519829e-05 1.748693e-05 1.124754e-04
11560.000000 8.101169e-01 -2.846605e-03 1.983276e-03 6.293610e-02 4.319671e-05 1.101861e-05 1.873276e-05 1.193019e-04
11560.200000 8.098843e-01 -2.871000e-03 1.428635e-03 6.443705e-02 4.309353e-05 1.912868e-06 1.471239e-05 1.107369e-04
11560.400000 8.100242e-01 -2.892122e-03 1.611177e-03 6.211335e-02 5.310454e-05 2.437785e-08 2.307991e-05 1.079613e-04
11560.600000 8.070672e-01 -2.840650e-03 1.825759e-03 6.454898e-02 4.449277e-05 1.784482e-06 1.494297e-05 1.092949e-04
11560.800000 8.125925e-01 -2.941054e-03 1.781637e-03 6.811621e-02 3.750529e-05 -1.343886e-06 9.796055e-06 1.008550e-04
11561.000000 8.140185e-01 -2.896760e-03 1.835655e-03 6.645378e-02 3.460103e-05 1.968597e-06 1.689907e-05 9.915841e-05
11561.200000 8.104011e-01 -2.833104e-03 1.789292e-03 6.915788e-02 3.392710e-05 2.704241e-06 4.575648e-06 1.030997e-04
11561.400000 8.109464e-01 -2.930268e-03 1.617323e-03 6.760508e-02 3.901970e-05 -3.131049e-06 2.414999e-05 1.057229e-04
11561.600000 8.088432e-01 -2.884034e-03 1.568681e-03 6.991717e-02 4.700455e-05 -7.322151e-06 1.822989e-05 1.032105e-04
11561.800000 8.147351e-01 -2.893101e-03 1.739114e-03 7.275985e-02 5.813245e-05 -7.522534e-06 4.804071e-06 1.056842e-04
11562.000000 8.079902e-01 -2.888754e-03 1.724691e-03 7.275235e-02 6.874348e-05 -5.777226e-06 1.805060e-05 1.150812e-04
11562.200000 8.151070e-01 -2.881668e-03 1.686509e-03 7.415980e-02 6.217700e-05 2.644406e-06 2.139517e-05 1.131714e-04
11562.400000 8.049765e-01 -2.853032e-03 1.519658e-03 7.536314e-02 5.053882e-05 6.984639e-06 4.949091e-07 1.110870e-04
11562.600000 8.144104e-01 -2.916063e-03 1.735469e-03 7.701665e-02 5.735821e-05 6.717124e-06 2.470188e-05 1.024174e-04
11562.800000 8.097136e-01 -2.898696e-03 1.764934e-03 7.943620e-02 5.720501e-05 -5.912208e-06 1.136835e-06 8.955816e-05
11563.000000 8.084696e-01 -2.861696e-03 1.821555e-03 8.093686e-02 5.190749e-05 -9.545815e-06 5.770921e-06 9.479814e-05
11563.200000 8.115922e-01 -2.937435e-03 1.578575e-03 8.249534e-02 6.132528e-05 -7.623860e-06 -3.724758e-06 9.372895e-05
11563.400000 8.090264e-01 -2.917134e-03 1.770903e-03 8.367398e-02 6.211570e-05 -3.184427e-06 1.980388e-05 1.097002e-04
11563.600000 8.106193e-01 -2.821701e-03 1.861146e-03 8.757268e-02 5.237491e-05 -3.202438e-06 1.163821e-05 1.142269e-04
11563.800000 8.111923e-01 -2.855338e-03 1.724989e-03 8.976540e-02 6.213374e-05 -5.663339e-06 5.934685e-06 1.132977e-04
11564.000000 8.099390e-01 -2.896896e-03 1.801668e-03 9.235862e-02 5.938173e-05 -1.666592e-05 2.290446e-05 1.182696e-04
11564.200000 8.106477e-01 -2.896799e-03 1.791919e-03 9.418275e-02 5.466811e-05 -1.631216e-05 3.886605e-05 1.171470e-04
11564.400000 8.112296e-01 -2.848860e-03 1.751559e-03 9.549745e-02 5.523714e-05 -1.931638e-05 2.295955e-05 1.047217e-04
11564.600000 8.088983e-01 -2.888338e-03 1.787830e-03 9.885338e-02 5.769142e-05 -2.147930e-05 1.823330e-05 1.013208e-04
11564.800000 8.072349e-01 -2.910259e-03 1.652375e-03 1.030664e-01 6.434724e-05 1.226699e-07 1.931096e-05 7.645456e-05
11565.000000 8.115712e-01 -2.881497e-03 1.733746e-03 1.044132e-01 6.862499e-05 5.187842e-06 1.756773e-05 8.504127e-05
11565.200000 8.107322e-01 -2.845450e-03 1.826434e-03 1.066584e-01 6.579840e-05 8.707632e-06 1.362566e-05 1.177069e-04
11565.400000 8.116495e-01 -2.860327e-03 1.677575e-03 1.098288e-01 7.139365e-05 1.217516e-05 1.159097e-05 1.171978e-04
11565.600000 8.118716e-01 -2.877831e-03 1.694156e-03 1.107892e-01 7.581517e-05 5.043807e-06 2.623119e-05 1.089719e-04
11565.800000 8.111558e-01 -2.900905e-03 1.843427e-03 1.139763e-01 7.174429e-05 -2.491597e-06 6.411978e-06 8.961992e-05
11566.000000 8.027870e-01 -2.936348e-03 1.536329e-03 1.114329e-01 7.282282e-05 -5.454226e-06 1.992442e-05 7.354888e-05
11566.200000 8.115383e-01 -2.927464e-03 1.741146e-03 1.173098e-01 6.579890e-05 -7.752083e-07 7.580018e-06 1.105466e-04
11566.400000 8.122208e-01 -2.874737e-03 1.738664e-03 1.182507e-01 6.118314e-05 -4.448421e-06 3.152171e-06 1.218506e-04
11566.600000 8.110644e-01 -2.854185e-03 1.797532e-03 1.200203e-01 5.311642e-05 4.644669e-06 1.795896e-05 1.304577e-04
11566.800000 8.079433e-01 -2.811209e-03 1.762180e-03 1.196843e-01 5.299871e-05 -2.048603e-06 1.471760e-05 1.155040e-04
11567.000000 8.125187e-01 -2.850753e-03 1.943996e-03 1.217254e-01 5.495403e-05 -1.101411e-05 1.244915e-05 1.086511e-04
11567.200000 8.075653e-01 -2.830205e-03 1.900231e-03 1.218840e-01 6.266762e-05 -8.886244e-06 3.053950e-05 1.104472e-04
11567.400000 8.106058e-01 -2.866735e-03 1.768465e-03 1.237775e-01 6.932936e-05 -1.615962e-05 2.830370e-05 1.190171e-04
11567.600000 8.090227e-01 -2.854660e-03 1.821983e-03 1.240836e-01 7.179721e-05 -7.281332e-06 3.319434e-05 1.173704e-04
11567.800000 8.090835e-01 -2.860962e-03 1.713122e-03 1.238141e-01 5.514779e-05 -2.060895e-06 7.891865e-07 1.014471e-04
11568.000000 8.107669e-01 -2.830909e-03 1.838163e-03 1.246137e-01 5.217353e-05 -5.649759e-07 2.997022e-06 1.028419e-04
11568.200000 8.111030e-01 -2.881435e-03 1.691156e-03 1.247807e-01 5.251606e-05 -6.768787e-06 9.114438e-06 1.086423e-04
11568.400000 8.081130e-01 -2.893889e-03 1.845088e-03 1.259844e-01 5.555787e-05 -3.525351e-07 9.774225e-06 1.121484e-04
11568.600000 8.085824e-01 -2.860473e-03 1.820911e-03 1.246192e-01 5.852223e-05 -3.175379e-06 6.750669e-07 1.004278e-04
11568.800000 8.094740e-01 -2.834405e-03 1.775221e-03 1.255468e-01 5.523728e-05 3.687849e-06 2.172844e-06 1.097677e-04
11569.000000 8.098067e-01 -2.847458e-03 1.799843e-03 1.246207e-01 6.994990e-05 5.947770e-06 -1.104981e-05 1.067234e-04
11569.200000 8.071503e-01 -2.869812e-03 1.761937e-03 1.247705e-01 6.674428e-05 -7.878114e-07 -9.312142e-06 9.646682e-05
11569.400000 8.102706e-01 -2.848169e-03 1.815407e-03 1.245690e-01 5.876215e-05 -3.271517e-07 3.867184e-06 1.042884e-04
11569.600000 8.096179e-01 -2.829091e-03 1.785296e-03 1.222094e-01 5.263318e-05 -6.428589e-06 -1.973675e-06 1.102367e-04
11569.800000 8.094866e-01 -2.850061e-03 1.785434e-03 1.229636e-01 5.731867e-05 -7.634312e-06 9.118052e-06 1.197272e-04
11570.000000 8.096541e-01 -2.858665e-03 1.874784e-03 1.217636e-01 5.578292e-05 -5.728209e-06 -7.155181e-07 1.192134e-04
11570.200000 8.098444e-01 -2.873031e-03 1.701803e-03 1.222711e-01 5.836256e-05 -2.758052e-06 2.262346e-06 1.250881e-04
11570.400000 8.072482e-01 -2.904542e-03 1.919578e-03 1.198306e-01 5.674795e-05 -4.643701e-07 8.854618e-06 1.098537e-04
11570.600000 8.117419e-01 -2.917507e-03 1.778215e-03 1.207579e-01 5.392433e-05 -4.854158e-06 -3.986804e-07 1.136187e-04
11570.800000 8.099165e-01 -2.931926e-03 1.661494e-03 1.185746e-01 5.580291e-05 -3.552706e-06 -3.106992e-06 1.153265e-04
11571.000000 8.082223e-01 -2.908155e-03 1.696947e-03 1.174660e-01 4.199994e-05 -3.206209e-06 -3.035167e-06 1.140986e-04
11571.200000 8.084909e-01 -2.888302e-03 1.805859e-03 1.158172e-01 3.529551e-05 -3.063616e-06 -1.611168e-05 1.043841e-04
11571.400000 8.059817e-01 -2.884202e-03 2.074701e-03 1.158177e-01 3.832868e-05 -1.970557e-06 -7.018709e-06 1.081950e-04
11571.600000 8.111086e-01 -2.862636e-03 2.049075e-03 1.159691e-01 4.784897e-05 -6.047468e-06 4.107785e-06 9.843123e-05
11571.800000 8.095498e-01 -2.876325e-03 1.752522e-03 1.163352e-01 5.253406e-05 -9.742211e-06 -1.172046e-06 9.799251e-05
11572.000000 8.080660e-01 -2.886390e-03 1.730533e-03 1.142997e-01 5.127366e-05 -5.218955e-06 -1.486604e-05 9.018721e-05
11572.200000 8.099646e-01 -2.862313e-03 1.880217e-03 1.139467e-01 5.273910e-05 4.870069e-06 -1.218101e-05 8.909262e-05
11572.400000 8.085306e-01 -2.844090e-03 1.811755e-03 1.129014e-01 4.062077e-05 6.439302e-06 -6.476074e-06 1.017307e-04
11572.600000 8.093696e-01 -2.875683e-03 1.830589e-03 1.125030e-01 3.901938e-05 8.057099e-06 3.103779e-06 1.113414e-04
11572.800000 8.094320e-01 -2.867153e-03 1.825457e-03 1.125240e-01 3.980616e-05 4.937716e-06 1.012291e-05 1.034703e-04
11573.000000 8.096006e-01 -2.863635e-03 1.812382e-03 1.112713e-01 3.503387e-05 2.416744e-06 7.662469e-06 9.031768e-05
11573.200000 8.080901e-01 -2.854786e-03 1.853470e-03 1.114490e-01 5.257593e-05 6.313769e-06 7.571931e-06 9.705446e-05
11573.400000 8.085367e-01 -2.866882e-03 1.713101e-03 1.116956e-01 4.703724e-05 7.734681e-06 7.461800e-06 9.838683e-05
11573.600000 8.095554e-01 -2.883499e-03 1.719559e-03 1.104381e-01 4.169160e-05 7.488473e-06 -4.797217e-06 9.180158e-05
11573.800000 8.090862e-01 -2.827030e-03 2.009709e-03 1.097481e-01 4.286978e-05 1.210892e-06 -3.773989e-07 7.450966e-05
11574.000000 8.084387e-01 -2.846969e-03 1.853558e-03 1.088901e-01 4.813810e-05 -5.167131e-06 7.295974e-06 7.732800e-05
11574.200000 8.086825e-01 -2.851349e-03 1.802425e-03 1.083666e-01 4.962533e-05 -5.851777e-09 7.320659e-06 9.189457e-05
11574.400000 8.083310e-01 -2.880187e-03 1.726555e-03 1.088945e-01 5.248456e-05 1.566464e-06 -8.800026e-06 9.906410e-05
11574.600000 8.087933e-01 -2.833571e-03 1.783443e-03 1.088786e-01 4.353409e-05 -5.699576e-06 -2.105714e-06 1.071540e-04
11574.800000 8.085996e-01 -2.837047e-03 1.711679e-03 1.082958e-01 4.086086e-05 -9.586107e-06 -1.219513e-06 1.032529e-04
11575.000000 8.084209e-01 -2.819780e-03 1.702549e-03 1.073700e-01 4.587400e-05 -2.960404e-06 1.190245e-05 1.038935e-04
11575.200000 8.084875e-01 -2.860351e-03 1.806260e-03 1.073954e-01 4.488158e-05 -2.495367e-06 -7.181834e-07 9.946117e-05
11575.400000 8.076662e-01 -2.857470e-03 1.777177e-03 1.077886e-01 4.510930e-05 6.546906e-06 1.401512e-06 8.959087e-05
11575.600000 8.087332e-01 -2.886877e-03 1.655306e-03 1.073022e-01 5.640635e-05 9.632077e-06 6.757445e-06 9.420742e-05
11575.800000 8.082647e-01 -2.838041e-03 1.725339e-03 1.067433e-01 4.979296e-05 9.186514e-06 -3.872262e-06 8.693346e-05
11576.000000 8.094361e-01 -2.842524e-03 1.662649e-03 1.066761e-01 5.090831e-05 3.821277e-06 -3.753031e-06 9.796377e-05
11576.200000 8.090404e-01 -2.853250e-03 1.640227e-03 1.071654e-01 5.469585e-05 -2.703141e-06 4.729779e-06 1.031600e-04
11576.400000 8.074988e-01 -2.866300e-03 1.875010e-03 1.058023e-01 6.734372e-05 -4.218999e-07 1.163776e-05 9.916515e-05
11576.600000 8.072907e-01 -2.897093e-03 1.751414e-03 1.065491e-01 6.799653e-05 -2.525313e-06 -4.367393e-06 1.122867e-04
11576.800000 8.075218e-01 -2.840015e-03 1.858908e-03 1.061801e-01 5.679795e-05 7.301313e-06 1.179804e-06 1.082488e-04
11577.000000 8.086329e-01 -2.867030e-03 1.766508e-03 1.069068e-01 4.713613e-05 1.439550e-05 6.909310e-06 1.091841e-04
11577.200000 8.088114e-01 -2.858408e-03 1.849797e-03 1.063318e-01 4.978835e-05 1.336516e-05 -6.621784e-06 9.053443e-05
11577.400000 8.077433e-01 -2.854643e-03 1.830555e-03 1.065982e-01 5.412886e-05 5.167688e-06 -6.373724e-07 9.492725e-05
11577.600000 8.075561e-01 -2.835098e-03 1.805979e-03 1.063779e-01 5.681178e-05 3.023409e-06 2.359916e-05 9.939228e-05
11577.800000 8.083551e-01 -2.853133e-03 1.878354e-03 1.072376e-01 5.841503e-05 -1.426319e-06 3.362866e-06 8.689801e-05
11578.000000 8.075536e-01 -2.886050e-03 1.759798e-03 1.065667e-01 6.030985e-05 -4.982366e-06 1.015106e-05 8.458119e-05
11578.200000 8.080672e-01 -2.873940e-03 1.720815e-03 1.058305e-01 5.823191e-05 2.683052e-06 1.910193e-05 9.744343e-05
11578.400000 8.066828e-01 -2.903669e-03 1.852789e-03 1.050767e-01 5.185782e-05 -7.495500e-07 5.217524e-07 8.319422e-05
11578.600000 8.100327e-01 -2.868308e-03 1.803928e-03 1.062166e-01 6.836257e-05 9.568938e-07 1.542550e-05 9.770251e-05
11578.800000 8.063550e-01 -2.853602e-03 1.523875e-03 1.047185e-01 6.335079e-05 2.742791e-06 1.574351e-05 1.009432e-04
11579.000000 8.074070e-01 -2.854156e-03 1.688435e-03 1.048943e-01 6.389549e-05 1.188762e-05 1.979644e-05 7.855243e-05
11579.200000 8.070702e-01 -2.860172e-03 1.640313e-03 1.052538e-01 5.498632e-05 1.035987e-05 1.443087e-05 8.385868e-05
11579.400000 8.075381e-01 -2.886069e-03 1.673445e-03 1.063496e-01 6.099550e-05 6.678529e-06 1.511774e-05 9.031827e-05
11579.600000 8.087211e-01 -2.860223e-03 1.793234e-03 1.074003e-01 5.655508e-05 -4.734946e-06 2.064149e-05 8.171741e-05
11579.800000 8.083914e-01 -2.849311e-03 1.696682e-03 1.065712e-01 4.963020e-05 9.640001e-07 2.655772e-05 7.270649e-05
11580.000000 8.077929e-01 -2.848496e-03 1.797705e-03 1.067795e-01 5.559625e-05 9.401764e-06 2.618514e-05 7.687847e-05
11580.200000 8.077256e-01 -2.814160e-03 1.665142e-03 1.060231e-01 5.637278e-05 3.034330e-06 3.829958e-05 1.123636e-04
11580.400000 8.085039e-01 -2.850883e-03 1.718143e-03 1.069725e-01 4.999188e-05 1.116360e-05 2.899789e-05 9.992939e-05
11580.600000 8.072781e-01 -2.871756e-03 1.520974e-03 1.054298e-01 4.530249e-05 4.403276e-06 1.694498e-05 9.773352e-05
11580.800000 8.083352e-01 -2.857735e-03 1.688996e-03 1.070147e-01 5.218455e-05 9.015749e-06 3.263658e-05 1.004215e-04
11581.000000 8.090005e-01 -2.850436e-03 1.717571e-03 1.072641e-01 5.664483e-05 6.582138e-06 2.325271e-05 9.544835e-05
11581.200000 8.032407e-01 -2.803039e-03 1.359857e-03 1.055186e-01 4.981933e-05 3.237337e-06 3.021529e-05 1.030120e-04
11581.400000 8.060481e-01 -2.800749e-03 1.662091e-03 1.060790e-01 6.059078e-05 1.457733e-06 2.553450e-05 9.985643e-05
11581.600000 8.078061e-01 -2.803709e-03 1.795059e-03 1.054424e-01 5.283792e-05 -3.103839e-06 1.621568e-05 9.921034e-05
11581.800000 8.075712e-01 -2.842708e-03 1.631943e-03 1.058817e-01 5.594615e-05 5.753948e-06 2.790610e-05 1.034741e-04
11582.000000 8.076458e-01 -2.840920e-03 1.789268e-03 1.057632e-01 4.896989e-05 3.699329e-06 2.414609e-05 9.830289e-05
11582.200000 8.078238e-01 -2.850527e-03 1.730893e-03 1.066357e-01 5.925981e-05 -5.794799e-06 2.454314e-05 1.000317e-04
11582.400000 8.085309e-01 -2.835898e-03 1.791803e-03 1.063972e-01 6.002637e-05 -1.453943e-05 2.776979e-05 1.020112e-04
11582.600000 8.032999e-01 -2.826796e-03 1.830450e-03 1.062441e-01 5.263420e-05 -1.760795e-05 1.667761e-05 9.262240e-05
11582.800000 8.084330e-01 -2.844222e-03 1.757865e-03 1.055438e-01 5.052384e-05 -2.205367e-05 1.230156e-05 8.743311e-05
11583.000000 8.065531e-01 -2.832655e-03 1.716676e-03 1.067016e-01 5.646986e-05 -2.435586e-05 1.792077e-05 9.553465e-05
11583.200000 8.072640e-01 -2.851599e-03 1.690250e-03 1.063007e-01 4.991936e-05 -1.777455e-05 1.787770e-05 8.867430e-05
11583.400000 8.076486e-01 -2.848705e-03 1.856393e-03 1.059442e-01 6.057438e-05 -6.562149e-06 1.636179e-05 9.639370e-05
11583.600000 8.061906e-01 -2.805222e-03 1.754046e-03 1.054915e-01 5.917293e-05 3.529310e-06 1.217002e-05 8.474350e-05
11583.800000 8.068501e-01 -2.858739e-03 1.722460e-03 1.055188e-01 6.356577e-05 7.409856e-06 2.514138e-05 9.238383e-05
11584.000000 8.072198e-01 -2.860583e-03 1.742287e-03 1.045874e-01 6.864225e-05 1.118249e-05 1.837395e-05 9.811342e-05
11584.200000 8.067738e-01 -2.830831e-03 1.774015e-03 1.071779e-01 6.393634e-05 9.799919e-06 1.381150e-05 1.078160e-04
11584.400000 8.065345e-01 -2.848896e-03 1.701785e-03 1.055158e-01 6.414437e-05 4.806843e-06 1.392807e-05 9.815182e-05
11584.600000 8.071087e-01 -2.883570e-03 1.708186e-03 1.048625e-01 5.533003e-05 -2.047977e-06 1.639674e-05 7.806614e-05
11584.800000 8.045842e-01 -2.873611e-03 1.904154e-03 1.051235e-01 5.756810e-05 -1.337082e-05 2.437003e-05 9.007120e-05
11585.000000 8.082192e-01 -2.898844e-03 1.741966e-03 1.066193e-01 6.239131e-05 -1.975918e-05 2.345029e-05 8.999287e-05
11585.200000 8.082899e-01 -2.893967e-03 1.789793e-03 1.049171e-01 6.763295e-05 -2.498837e-05 2.049737e-05 9.375134e-05
11585.400000 8.064060e-01 -2.892219e-03 1.795480e-03 1.052909e-01 6.903863e-05 -1.999694e-05 1.967247e-05 7.823590e-05
11585.600000 8.084019e-01 -2.843556e-03 1.817669e-03 1.055385e-01 6.535496e-05 -1.765767e-05 2.302061e-05 7.438153e-05
11585.800000 8.054780e-01 -2.885116e-03 1.645484e-03 1.052301e-01 5.505260e-05 -1.863507e-05 2.216242e-05 9.449082e-05
11586.000000 8.087683e-01 -2.920043e-03 1.688233e-03 1.064813e-01 5.389794e-05 -9.371222e-06 1.408972e-05 1.008421e-04
11586.200000 8.011072e-01 -2.847454e-03 1.776758e-03 1.046439e-01 5.497058e-05 -1.369215e-05 1.496613e-06 9.708910e-05
11586.400000 8.082548e-01 -2.871112e-03 1.583121e-03 1.070378e-01 6.667626e-05 -2.219055e-05 2.056642e-05 9.663218e-05
11586.600000 8.061316e-01 -2.865082e-03 1.659783e-03 1.055054e-01 6.051954e-05 -2.594832e-05 4.555082e-05 1.042092e-04
11586.800000 8.066384e-01 -2.855912e-03 1.734084e-03 1.032468e-01 4.521361e-05 -1.316361e-05 2.332536e-05 9.309881e-05
11587.000000 8.083885e-01 -2.868133e-03 1.660063e-03 1.055312e-01 5.295272e-05 -1.595551e-05 1.784974e-05 9.829560e-05
11587.200000 8.041260e-01 -2.821598e-03 1.717347e-03 1.048755e-01 5.528282e-05 -1.184312e-05 2.058870e-05 9.981978e-05
11587.400000 8.055026e-01 -2.896137e-03 1.864824e-03 1.053947e-01 6.754272e-05 -7.465642e-06 3.352745e-05 9.444382e-05
11587.600000 8.081534e-01 -2.850820e-03 1.839480e-03 1.056455e-01 6.223959e-05 -4.385365e-06 3.057320e-05 9.700204e-05
11587.800000 8.014298e-01 -2.858110e-03 1.887681e-03 1.044398e-01 5.423632e-05 -7.659004e-06 8.516107e-06 7.414508e-05
11588.000000 8.031406e-01 -2.824042e-03 1.900356e-03 1.055481e-01 5.165723e-05 -9.375433e-06 4.263786e-06 8.706526e-05
11588.200000 8.071640e-01 -2.843334e-03 1.852676e-03 1.051879e-01 5.325028e-05 -2.901495e-06 2.021325e-05 1.078928e-04
11588.400000 8.016844e-01 -2.865527e-03 1.649159e-03 1.063739e-01 6.198866e-05 -1.022070e-06 1.948645e-05 9.735532e-05
11588.600000 8.087312e-01 -2.843058e-03 1.742212e-03 1.065222e-01 6.461866e-05 -1.343923e-05 1.931995e-05 8.759734e-05
11588.800000 8.063441e-01 -2.827938e-03 1.736851e-03 1.065503e-01 5.267861e-05 -1.408005e-05 1.968888e-05 9.232128e-05
11589.000000 8.035828e-01 -2.894752e-03 1.640098e-03 1.056366e-01 5.779261e-05 -3.861975e-06 3.066216e-05 9.831581e-05
11589.200000 8.057593e-01 -2.876680e-03 1.715461e-03 1.043675e-01 6.807316e-05 8.005371e-07 3.654502e-05 9.741019e-05
11589.400000 7.984932e-01 -2.780625e-03 1.827600e-03 1.053741e-01 5.416508e-05 -3.454674e-06 3.049232e-05 9.200669e-05
11589.600000 8.069057e-01 -2.856143e-03 2.025705e-03 1.054398e-01 5.819287e-05 -4.413817e-06 3.103203e-05 9.319762e-05
11589.800000 8.053837e-01 -2.874906e-03 1.544624e-03 1.064417e-01 5.979489e-05 -5.241055e-06 8.953301e-05 1.298235e-04
11590.000000 8.071294e-01 -2.856380e-03 1.700744e-03 1.079333e-01 5.020506e-05 -7.295611e-06 4.573865e-05 1.159310e-04
11590.200000 8.061450e-01 -2.803344e-03 1.791441e-03 1.067941e-01 5.397586e-05 -9.619054e-06 2.408059e-05 8.001306e-05
11590.400000 8.056410e-01 -2.872807e-03 1.749042e-03 1.074926e-01 6.374272e-05 -1.237805e-05 2.378694e-05 9.281768e-05
11590.600000 8.071220e-01 -2.828437e-03 1.754824e-03 1.083025e-01 5.261337e-05 -2.044744e-05 2.154438e-05 1.039886e-04
11590.800000 8.051374e-01 -2.821684e-03 1.870219e-03 1.066178e-01 4.709172e-05 -6.056225e-06 2.313271e-05 1.081810e-04
11591.000000 8.004935e-01 -2.857631e-03 1.772298e-03 1.059032e-01 4.732224e-05 -1.440626e-05 1.777119e-05 1.012307e-04
11591.200000 8.085227e-01 -2.870542e-03 1.803998e-03 1.074404e-01 5.211754e-05 -1.494192e-05 1.606669e-05 1.029851e-04
11591.400000 8.057928e-01 -2.801229e-03 1.801178e-03 1.079646e-01 4.662392e-05 -1.234536e-05 1.842616e-05 1.046598e-04
11591.600000 8.070715e-01 -2.841397e-03 1.749932e-03 1.071951e-01 4.207849e-05 -1.100518e-05 3.415084e-05 9.498734e-05
11591.800000 8.018143e-01 -2.873829e-03 1.784215e-03 1.067226e-01 3.459152e-05 -7.783642e-06 1.600227e-05 9.173232e-05
11592.000000 8.072191e-01 -2.807425e-03 1.735169e-03 1.077055e-01 3.090063e-05 -8.089152e-06 9.663332e-06 9.243704e-05
11592.200000 8.073717e-01 -2.900047e-03 1.812060e-03 1.086139e-01 4.019270e-05 -9.009211e-06 5.141287e-06 9.352866e-05
11592.400000 8.012135e-01 -2.834753e-03 1.804847e-03 1.065985e-01 4.524751e-05 -1.368532e-05 1.876777e-05 1.034083e-04
11592.600000 8.057133e-01 -2.875738e-03 1.838070e-03 1.099933e-01 3.833618e-05 -1.067119e-05 2.072848e-05 1.085024e-04
11592.800000 8.085723e-01 -2.937782e-03 1.802881e-03 1.084632e-01 4.744698e-05 -1.494036e-06 1.242344e-05 1.090816e-04
11593.000000 7.973111e-01 -2.835394e-03 1.485069e-03 1.069058e-01 4.232742e-05 -3.265228e-07 -3.086897e-06 1.056381e-04
11593.200000 8.081884e-01 -2.904022e-03 1.774327e-03 1.095593e-01 4.518756e-05 -8.744622e-07 1.172067e-05 1.092386e-04
11593.400000 8.049527e-01 -2.872625e-03 1.821365e-03 1.086451e-01 4.540337e-05 -1.430721e-06 1.253753e-05 1.036734e-04
11593.600000 8.008140e-01 -2.811023e-03 2.013922e-03 1.095971e-01 3.500217e-05 -8.910086e-07 2.648852e-05 1.176199e-04
11593.800000 8.055421e-01 -2.928095e-03 1.722508e-03 1.088876e-01 3.485867e-05 1.047493e-05 1.742910e-05 1.115128e-04
11594.000000 8.066008e-01 -2.821867e-03 2.125561e-03 1.112746e-01 2.984836e-05 1.149808e-05 4.912707e-07 1.076628e-04
11594.200000 8.048013e-01 -2.896579e-03 1.566894e-03 1.105084e-01 4.112558e-05 3.246430e-06 2.454492e-06 1.156896e-04
11594.400000 8.083708e-01 -2.847540e-03 1.775777e-03 1.079319e-01 4.758844e-05 8.768271e-06 1.804324e-05 1.199583e-04
11594.600000 8.041416e-01 -2.838047e-03 1.879305e-03 1.100338e-01 5.675394e-05 9.644216e-06 3.543844e-05 1.204681e-04
11594.800000 8.047900e-01 -2.884742e-03 1.613985e-03 1.102961e-01 5.235838e-05 1.292026e-05 2.864375e-05 1.145105e-04
11595.000000 8.085577e-01 -2.860835e-03 1.803036e-03 1.109042e-01 4.467331e-05 9.548679e-06 2.191734e-05 1.139381e-04
11595.200000 7.978165e-01 -2.922801e-03 1.807147e-03 1.066126e-01 5.104794e-05 1.092430e-05 3.594648e-05 1.234320e-04
11595.400000 8.066710e-01 -2.839567e-03 1.921508e-03 1.096109e-01 4.380308e-05 8.489538e-06 6.896055e-06 1.038529e-04
11595.600000 8.043026e-01 -2.906023e-03 1.767044e-03 1.102478e-01 4.869755e-05 9.836561e-06 2.424741e-05 1.004384e-04
11595.800000 8.048002e-01 -2.856599e-03 1.886273e-03 1.082356e-01 4.070419e-05 6.885712e-06 7.672845e-06 8.890265e-05
11596.000000 8.022521e-01 -2.900324e-03 1.596102e-03 1.094871e-01 4.994785e-05 7.981542e-06 1.057014e-05 9.985164e-05
11596.200000 8.055317e-01 -2.877778e-03 1.742383e-03 1.084473e-01 5.223921e-05 1.037798e-05 1.816151e-05 1.059278e-04
11596.400000 8.045164e-01 -2.839171e-03 1.657014e-03 1.136640e-01 3.923205e-05 3.627363e-06 1.580365e-05 1.026469e-04
11596.600000 8.001700e-01 -2.840424e-03 1.790373e-03 1.056067e-01 4.241348e-05 -1.519601e-06 1.489707e-05 9.022243e-05
11596.800000 8.050780e-01 -2.835468e-03 1.883115e-03 1.086368e-01 3.989719e-05 -4.598345e-06 9.083919e-06 8.744021e-05
11597.000000 8.047895e-01 -2.859925e-03 1.787215e-03 1.089532e-01 3.835727e-05 -9.364329e-08 6.468509e-06 8.036117e-05
11597.700000 8.038023e-01 -2.853196e-03 1.763429e-03 1.090344e-01 4.982312e-05 1.250289e-05 9.518961e-06 9.054222e-05
11598.400000 8.035557e-01 -2.859460e-03 1.787392e-03 1.079984e-01 6.071220e-05 1.489269e-05 1.593375e-05 1.146887e-04
11599.100000 8.036602e-01 -2.864803e-03 1.776574e-03 1.075022e-01 5.833386e-05 1.426483e-05 3.094881e-07 1.006987e-04
11599.800000 8.030777e-01 -2.860402e-03 1.657721e-03 1.078171e-01 4.939232e-05 1.272621e-05 2.321300e-06 7.988461e-05
11600.500000 8.027654e-01 -2.827029e-03 1.815727e-03 1.071078e-01 4.737869e-05 9.374221e-06 1.633214e-05 1.028571e-04
11601.200000 8.028192e-01 -2.847343e-03 1.726678e-03 1.059475e-01 4.807306e-05 6.419644e-06 1.591433e-05 1.092590e-04
11601.900000 8.026933e-01 -2.851803e-03 1.682384e-03 1.054771e-01 4.443808e-05 3.479279e-06 7.409524e-06 9.792549e-05
11602.600000 8.033344e-01 -2.837663e-03 1.722847e-03 1.058623e-01 5.071489e-05 -2.267453e-06 1.827410e-05 1.058274e-04
11603.300000 8.028297e-01 -2.850976e-03 1.816562e-03 1.061923e-01 5.379069e-05 4.335855e-06 1.366362e-05 1.017207e-04
11604.993695 8.026614e-01 -2.850801e-03 1.749330e-03 1.060202e-01 4.783758e-05 2.539698e-06 1.013654e-05 8.600774e-05
11605.999583 8.024920e-01 -2.819289e-03 1.828486e-03 1.058853e-01 5.284396e-05 7.979543e-06 9.805242e-06 8.853291e-05
11607.017662 8.025257e-01 -2.812559e-03 1.830972e-03 1.057311e-01 4.658195e-05 1.000707e-06 1.058619e-05 8.950482e-05
11608.047933 8.023722e-01 -2.819629e-03 1.735510e-03 1.063534e-01 4.910317e-05 -1.588148e-06 5.926317e-06 7.991605e-05
11609.090396 8.014464e-01 -2.866010e-03 1.665933e-03 1.061220e-01 4.493710e-05 9.893759e-06 1.616931e-05 9.905891e-05
11610.145051 8.013510e-01 -2.848949e-03 1.735715e-03 1.056678e-01 5.376365e-05 -4.496159e-07 3.402589e-06 9.413669e-05
11611.211898 8.002694e-01 -2.863167e-03 1.749604e-03 1.057044e-01 4.752076e-05 3.633624e-07 4.982444e-06 9.018525e-05
11612.290937 8.002454e-01 -2.835727e-03 1.764886e-03 1.061910e-01 4.341692e-05 -3.208122e-07 -2.628442e-07 7.816045e-05
11613.382167 8.011875e-01 -2.838770e-03 1.664704e-03 1.068921e-01 4.207648e-05 -7.523132e-07 -3.397352e-06 8.618428e-05
11614.485590 8.000675e-01 -2.832044e-03 1.822215e-03 1.073470e-01 4.678064e-05 5.826254e-06 1.225322e-05 1.074483e-04
11615.601204 7.997115e-01 -2.828165e-03 1.804457e-03 1.079211e-01 4.247499e-05 -1.177023e-06 1.315140e-05 1.113651e-04
11616.729011 7.999273e-01 -2.833167e-03 1.720627e-03 1.078504e-01 3.524880e-05 1.276998e-05 1.519363e-05 1.132900e-04
11617.869009 7.996854e-01 -2.831084e-03 1.686400e-03 1.086882e-01 4.470089e-05 2.177122e-05 1.948313e-05 1.040134e-04
11619.021199 7.988475e-01 -2.848963e-03 1.653566e-03 1.096301e-01 5.207005e-05 2.311553e-05 2.863738e-05 1.092191e-04
11620.185582 7.977508e-01 -2.847002e-03 1.771274e-03 1.100684e-01 5.232199e-05 2.732756e-05 1.245773e-05 1.320247e-04
11621.362156 7.989395e-01 -2.851044e-03 1.766793e-03 1.090859e-01 5.354314e-05 1.286475e-05 1.807338e-05 1.256786e-04
11622.550922 7.981193e-01 -2.844387e-03 1.808139e-03 1.095965e-01 4.742188e-05 1.689274e-05 1.505234e-05 1.112141e-04
11623.751879 7.990623e-01 -2.856118e-03 1.866838e-03 1.095925e-01 5.310355e-05 6.827655e-06 3.422791e-06 1.021131e-04
11624.965029 7.990488e-01 -2.830931e-03 1.759960e-03 1.090433e-01 6.497852e-05 1.668128e-05 5.253486e-06 1.084081e-04
11626.190371 7.985893e-01 -2.833254e-03 1.804798e-03 1.090999e-01 6.060365e-05 1.746099e-05 2.353453e-06 1.026125e-04
11627.427904 7.982752e-01 -2.848496e-03 1.889801e-03 1.094103e-01 6.011250e-05 1.007004e-05 1.945883e-05 1.029273e-04
11628.677630 7.987982e-01 -2.871168e-03 1.699010e-03 1.093864e-01 6.242498e-05 1.381285e-05 8.994833e-06 1.072339e-04
11629.939547 7.976963e-01 -2.827466e-03 1.689521e-03 1.081820e-01 6.821248e-05 1.502542e-05 1.209070e-05 1.105444e-04
11631.213657 7.973376e-01 -2.804999e-03 1.773732e-03 1.077764e-01 5.774210e-05 6.838699e-06 1.841792e-05 9.601478e-05
11632.499958 7.964945e-01 -2.829968e-03 1.681027e-03 1.079643e-01 6.070980e-05 7.088468e-06 9.945616e-06 9.583905e-05
11633.798451 7.968253e-01 -2.831493e-03 1.796392e-03 1.069113e-01 6.203986e-05 7.083954e-06 9.305637e-06 1.021173e-04
11635.109136 7.963594e-01 -2.820321e-03 1.811065e-03 1.073472e-01 6.069469e-05 7.055922e-06 4.760869e-06 8.791834e-05
11636.432013 7.956231e-01 -2.826957e-03 1.797474e-03 1.064560e-01 5.681791e-05 1.375240e-05 6.769940e-06 1.046703e-04
11637.767082 7.957346e-01 -2.835624e-03 1.806278e-03 1.069748e-01 5.945650e-05 1.203332e-05 5.203330e-07 9.778131e-05
11639.114342 7.956416e-01 -2.832420e-03 1.797633e-03 1.060270e-01 7.247018e-05 1.217877e-05 -5.554683e-06 1.070564e-04
11640.473795 7.947621e-01 -2.826678e-03 1.773414e-03 1.061886e-01 8.345951e-05 1.317159e-05 -8.319734e-06 1.087697e-04
11641.845440 7.965000e-01 -2.828138e-03 1.837809e-03 1.060833e-01 6.733720e-05 1.064695e-05 -1.642869e-05 1.055940e-04
11643.229276 7.950241e-01 -2.811484e-03 1.703057e-03 1.057950e-01 5.865904e-05 7.255380e-06 -3.518490e-07 9.525706e-05
11644.625305 7.945864e-01 -2.852545e-03 1.764799e-03 1.058809e-01 5.878700e-05 1.190640e-05 -1.207652e-06 9.179428e-05
11646.033525 7.940946e-01 -2.838922e-03 1.791995e-03 1.052815e-01 6.696120e-05 1.189729e-05 -6.841970e-06 7.609367e-05
11647.453937 7.945816e-01 -2.853051e-03 1.670473e-03 1.050612e-01 6.110763e-05 1.030104e-05 6.341583e-06 8.048755e-05
11648.886541 7.940121e-01 -2.867981e-03 1.667965e-03 1.040808e-01 6.395586e-05 2.836774e-06 2.103438e-05 9.297089e-05
11650.331337 7.942237e-01 -2.869853e-03 1.752415e-03 1.057889e-01 6.880376e-05 5.393882e-06 -5.364901e-06 9.673094e-05
11651.788325 7.927967e-01 -2.854259e-03 1.746334e-03 1.056760e-01 6.119653e-05 8.415539e-06 1.304038e-06 1.021922e-04
11653.257505 7.936467e-01 -2.856790e-03 1.760071e-03 1.053613e-01 6.071422e-05 7.404031e-06 9.518207e-06 9.772565e-05
11654.738877 7.931049e-01 -2.860276e-03 1.784972e-03 1.050543e-01 6.486769e-05 1.268258e-05 1.881399e-06 9.043904e-05
11656.232440 7.907925e-01 -2.863424e-03 1.707384e-03 1.058797e-01 6.111400e-05 1.622902e-05 1.558517e-05 1.028986e-04
11657.738196 7.891588e-01 -2.840974e-03 1.767090e-03 1.064892e-01 6.955337e-05 6.046100e-06 1.937448e-05 1.025989e-04
11659.256143 7.903461e-01 -2.865378e-03 1.750254e-03 1.058966e-01 6.851408e-05 3.151604e-06 6.222422e-06 1.134443e-04
11660.786283 7.907304e-01 -2.865264e-03 1.774465e-03 1.061658e-01 7.423571e-05 -5.095968e-07 9.102890e-06 1.035623e-04
11662.328614 7.907271e-01 -2.874872e-03 1.767056e-03 1.062996e-01 6.941882e-05 8.653652e-06 1.093189e-05 9.439929e-05
11663.883137 7.905230e-01 -2.861650e-03 1.762270e-03 1.066546e-01 6.630208e-05 8.479087e-06 4.887193e-06 9.327262e-05
11665.449852 7.903531e-01 -2.866569e-03 1.672968e-03 1.066462e-01 7.449363e-05 1.024317e-05 1.030282e-06 1.034427e-04
11667.028759 7.900393e-01 -2.870126e-03 1.715753e-03 1.062137e-01 5.881449e-05 7.670108e-06 -6.757338e-06 1.014830e-04
11668.619858 7.894001e-01 -2.858697e-03 1.767601e-03 1.064348e-01 5.696510e-05 5.465367e-06 -1.647270e-06 1.014252e-04
11670.223149 7.887158e-01 -2.863372e-03 1.771970e-03 1.072421e-01 5.788887e-05 5.430378e-06 1.591589e-05 9.703486e-05
11671.838632 7.866002e-01 -2.873609e-03 1.757982e-03 1.064957e-01 5.729288e-05 1.072589e-05 5.479084e-06 9.154083e-05
11673.466307 7.886318e-01 -2.863792e-03 1.772182e-03 1.076970e-01 5.810083e-05 1.031217e-05 1.993532e-05 9.656098e-05
11675.106173 7.896306e-01 -2.861047e-03 1.766612e-03 1.068033e-01 4.692625e-05 1.422441e-05 7.829087e-06 8.311570e-05
11676.758232 7.891516e-01 -2.856550e-03 1.745751e-03 1.067768e-01 5.103058e-05 8.887454e-06 6.649078e-06 9.813285e-05
11678.422482 7.893860e-01 -2.861594e-03 1.736736e-03 1.074406e-01 4.428221e-05 -3.871825e-06 6.653423e-06 8.771214e-05
11680.098924 7.883705e-01 -2.888088e-03 1.780504e-03 1.069610e-01 4.451020e-05 -3.519360e-07 1.189295e-05 8.794784e-05
11681.787558 7.884416e-01 -2.860186e-03 1.780070e-03 1.073906e-01 4.430180e-05 1.129886e-05 2.520316e-05 9.613313e-05
11683.488385 7.890367e-01 -2.872290e-03 1.711807e-03 1.066692e-01 4.409524e-05 1.416492e-05 1.396322e-05 9.319715e-05
11685.201403 7.868759e-01 -2.853918e-03 1.728347e-03 1.068980e-01 4.186653e-05 8.867674e-06 -3.387648e-06 9.350788e-05
11686.926613 7.870848e-01 -2.854964e-03 1.753236e-03 1.075834e-01 5.163778e-05 1.206411e-05 1.409656e-05 9.638226e-05
11688.664014 7.866481e-01 -2.863946e-03 1.745043e-03 1.073742e-01 4.569922e-05 1.888605e-05 1.612622e-05 9.086375e-05
11690.413608 7.870598e-01 -2.875442e-03 1.714349e-03 1.071656e-01 4.494803e-05 1.894625e-05 2.537730e-05 8.788625e-05
11692.175394 7.861509e-01 -2.870116e-03 1.642593e-03 1.070484e-01 3.471578e-05 1.077490e-05 1.276485e-05 9.039455e-05
11693.949371 7.852817e-01 -2.852856e-03 1.768336e-03 1.073543e-01 3.081696e-05 5.664184e-06 1.596158e-05 9.674575e-05
11695.735541 7.863906e-01 -2.835075e-03 1.744621e-03 1.062698e-01 3.894328e-05 1.168844e-05 1.605344e-05 9.706726e-05
11697.533902 7.849734e-01 -2.871762e-03 1.741659e-03 1.067855e-01 4.692338e-05 8.846412e-06 2.055527e-05 8.893256e-05
11699.344455 7.852727e-01 -2.873172e-03 1.794017e-03 1.065048e-01 4.683914e-05 8.416777e-06 1.953107e-05 7.950521e-05
11701.167201 7.836138e-01 -2.878771e-03 1.817122e-03 1.061335e-01 3.959461e-05 6.015216e-06 2.106406e-05 1.105400e-04
11703.002138 7.812203e-01 -2.865190e-03 1.765628e-03 1.065629e-01 3.239135e-05 5.489458e-07 6.347566e-06 9.987294e-05
11704.849267 7.820019e-01 -2.847713e-03 1.812385e-03 1.066807e-01 3.215813e-05 -3.978567e-07 -4.055201e-07 9.791340e-05
11706.708588 7.831696e-01 -2.852779e-03 1.772050e-03 1.062065e-01 2.169105e-05 4.578406e-07 1.240965e-05 8.893526e-05
11708.580100 7.826249e-01 -2.871225e-03 1.761057e-03 1.064453e-01 3.957430e-05 -3.058280e-06 5.642283e-06 8.754144e-05
11710.463805 7.821892e-01 -2.860100e-03 1.705607e-03 1.056257e-01 3.456287e-05 6.876767e-07 2.124448e-06 9.352328e-05
11712.359702 7.827647e-01 -2.877495e-03 1.729743e-03 1.063230e-01 3.591717e-05 3.244345e-06 1.112129e-05 1.006972e-04
11714.267790 7.821278e-01 -2.886154e-03 1.737048e-03 1.061953e-01 3.665902e-05 1.234777e-05 1.452687e-05 1.021066e-04
11716.188071 7.817737e-01 -2.864569e-03 1.769947e-03 1.060841e-01 4.110837e-05 1.066401e-05 -6.978918e-06 6.072557e-05
11718.120543 7.814976e-01 -2.845243e-03 1.774114e-03 1.071629e-01 3.718660e-05 1.718681e-05 1.090415e-06 8.812609e-05
11720.065207 7.819965e-01 -2.866405e-03 1.771873e-03 1.073350e-01 3.695929e-05 1.742185e-05 7.656963e-06 9.336576e-05
11722.022064 7.802630e-01 -2.869562e-03 1.743818e-03 1.071983e-01 3.405438e-05 2.337404e-05 6.318366e-06 9.698860e-05
11723.991112 7.807835e-01 -2.870029e-03 1.777381e-03 1.071744e-01 2.249334e-05 2.120407e-05 1.908769e-05 8.147653e-05
11725.972352 7.800179e-01 -2.860882e-03 1.712074e-03 1.067927e-01 2.935154e-05 1.270932e-05 1.579796e-06 8.906253e-05
11727.965784 7.787896e-01 -2.855386e-03 1.711323e-03 1.066944e-01 3.930409e-05 1.326005e-05 4.746089e-06 9.792874e-05
11729.971407 7.788056e-01 -2.843355e-03 1.738498e-03 1.070462e-01 4.468006e-05 1.717305e-05 8.467688e-06 9.777101e-05
11731.989223 7.792185e-01 -2.831428e-03 1.817101e-03 1.081755e-01 4.724152e-05 1.606288e-05 1.305162e-05 6.504159e-05
11734.019231 7.787652e-01 -2.823272e-03 1.738516e-03 1.077021e-01 5.043555e-05 1.975686e-05 1.800783e-05 9.835363e-05
11736.061430 7.785336e-01 -2.818563e-03 1.749692e-03 1.068727e-01 5.084391e-05 1.297157e-05 4.699646e-06 1.007732e-04
11738.115822 7.782855e-01 -2.826137e-03 1.702445e-03 1.075645e-01 4.084721e-05 1.970749e-05 8.809042e-06 1.000444e-04
11740.182405 7.784226e-01 -2.817936e-03 1.740276e-03 1.065764e-01 3.324653e-05 2.102556e-05 1.473761e-05 1.005193e-04
11742.261180 7.749164e-01 -2.845212e-03 1.758263e-03 1.068546e-01 2.998808e-05 2.291702e-05 7.482288e-06 8.711676e-05
11744.352148 7.743702e-01 -2.859514e-03 1.703741e-03 1.080192e-01 3.296018e-05 2.450689e-05 1.048154e-06 6.976298e-05
11746.455307 7.770723e-01 -2.867010e-03 1.668432e-03 1.071763e-01 3.320847e-05 2.101321e-05 9.959707e-06 7.806962e-05
11748.570658 7.765545e-01 -2.844070e-03 1.767002e-03 1.080798e-01 3.842954e-05 1.585333e-05 7.833497e-06 9.100460e-05
11750.698201 7.749488e-01 -2.866387e-03 1.769453e-03 1.074482e-01 4.519878e-05 1.001712e-05 1.098966e-05 8.840842e-05
11752.837935 7.749092e-01 -2.837583e-03 1.776531e-03 1.063630e-01 4.608024e-05 6.481156e-06 1.768421e-05 9.377923e-05
11754.989862 7.728219e-01 -2.853206e-03 1.724464e-03 1.070725e-01 4.425554e-05 7.880001e-06 9.991490e-06 9.491449e-05
11757.153981 7.743597e-01 -2.854828e-03 1.740463e-03 1.072987e-01 3.991839e-05 1.412860e-05 7.426670e-06 8.930117e-05
11759.330291 7.731846e-01 -2.838535e-03 1.733415e-03 1.064348e-01 3.966391e-05 9.245445e-06 7.050580e-06 8.740243e-05
11761.518794 7.701076e-01 -2.846056e-03 1.779040e-03 1.067611e-01 4.716271e-05 -1.051133e-06 1.078775e-05 8.762954e-05
11763.719488 7.716170e-01 -2.858645e-03 1.806337e-03 1.069444e-01 5.035868e-05 -2.730758e-06 1.211937e-05 8.128536e-05
11765.932374 7.708749e-01 -2.833396e-03 1.745513e-03 1.064789e-01 4.552583e-05 6.727091e-06 2.185330e-05 8.947316e-05
11768.157453 7.718201e-01 -2.858469e-03 1.728632e-03 1.065538e-01 4.874592e-05 1.480760e-05 9.760712e-06 8.896357e-05
11770.394723 7.718858e-01 -2.845215e-03 1.711219e-03 1.068405e-01 4.661960e-05 2.000241e-05 1.270078e-05 8.358123e-05
11772.644185 7.717510e-01 -2.839811e-03 1.747823e-03 1.070708e-01 5.765908e-05 2.212174e-05 2.024207e-05 7.734471e-05
11774.905838 7.690482e-01 -2.837936e-03 1.826337e-03 1.067004e-01 6.047473e-05 2.669621e-05 1.580267e-05 7.939175e-05
11777.179684 7.712541e-01 -2.839354e-03 1.752921e-03 1.063617e-01 5.222657e-05 2.372954e-05 1.767144e-05 8.777994e-05
11779.465722 7.699107e-01 -2.850592e-03 1.803547e-03 1.075472e-01 5.760058e-05 2.351777e-05 1.718254e-06 8.361204e-05
11781.763952 7.685458e-01 -2.838968e-03 1.756249e-03 1.066082e-01 5.544679e-05 2.585306e-05 -6.656630e-06 7.775549e-05
11784.074373 7.683699e-01 -2.820497e-03 1.761675e-03 1.079832e-01 5.697064e-05 2.057469e-05 -1.139660e-05 9.908719e-05
11786.396987 7.670630e-01 -2.820879e-03 1.799868e-03 1.070832e-01 5.169526e-05 1.805624e-05 -7.181436e-06 9.962748e-05
11788.731792 7.671659e-01 -2.828872e-03 1.755739e-03 1.080218e-01 4.675558e-05 2.941803e-06 -3.592084e-06 9.015776e-05
11791.078789 7.672421e-01 -2.828846e-03 1.688130e-03 1.079156e-01 4.718772e-05 3.455773e-07 -3.643609e-06 1.020442e-04
11793.437978 7.648409e-01 -2.844446e-03 1.779768e-03 1.068031e-01 5.079360e-05 6.059927e-06 -8.366565e-06 1.098940e-04
11795.809359 7.616056e-01 -2.841225e-03 1.698198e-03 1.067606e-01 5.434773e-05 6.174107e-06 -1.420307e-05 1.116139e-04
11798.192932 7.613019e-01 -2.831634e-03 1.675806e-03 1.068155e-01 5.711496e-05 1.038049e-05 -1.088958e-05 1.010210e-04
11800.588697 7.647227e-01 -2.842614e-03 1.652715e-03 1.072955e-01 6.238133e-05 1.176583e-05 -1.096849e-05 9.993064e-05
11802.996654 7.640797e-01 -2.834233e-03 1.758346e-03 1.071875e-01 7.772063e-05 1.626005e-05 -4.967092e-06 1.019237e-04
11805.416803 7.656599e-01 -2.816636e-03 1.781191e-03 1.079185e-01 7.098633e-05 1.686967e-05 3.531932e-06 1.002774e-04
11807.849143 7.640296e-01 -2.841493e-03 1.798529e-03 1.066262e-01 6.108443e-05 1.662326e-05 2.760852e-06 9.820462e-05
11810.293676 7.649554e-01 -2.850431e-03 1.817462e-03 1.075108e-01 5.881539e-05 2.094580e-05 -6.868909e-06 9.832142e-05
11812.750400 7.652630e-01 -2.828858e-03 1.792409e-03 1.071382e-01 5.896093e-05 1.859866e-05 3.993356e-07 9.753686e-05
11815.219317 7.624103e-01 -2.835955e-03 1.793992e-03 1.072618e-01 5.761671e-05 1.334981e-05 6.904810e-06 9.084315e-05
11817.700425 7.604837e-01 -2.853236e-03 1.751802e-03 1.080005e-01 6.178628e-05 1.399867e-05 4.116463e-07 9.070833e-05
11820.193725 7.643739e-01 -2.851206e-03 1.700700e-03 1.070275e-01 6.562347e-05 7.533683e-06 1.015870e-05 9.309584e-05
11822.699217 7.644453e-01 -2.843439e-03 1.712173e-03 1.073179e-01 6.854157e-05 8.704461e-06 6.139805e-06 1.029739e-04
11825.216901 7.623920e-01 -2.844021e-03 1.696301e-03 1.075886e-01 5.318052e-05 7.898351e-06 -5.724992e-06 9.906290e-05
11827.746777 7.620683e-01 -2.833735e-03 1.790023e-03 1.073371e-01 5.621474e-05 4.257699e-06 -7.359280e-06 1.032088e-04
11830.288845 7.609009e-01 -2.844176e-03 1.737669e-03 1.072460e-01 5.598319e-05 1.153887e-05 -9.555435e-06 1.192684e-04
11832.843105 7.615995e-01 -2.843539e-03 1.782024e-03 1.075549e-01 5.367468e-05 2.420385e-05 -1.323595e-05 1.082771e-04
11835.409556 7.609879e-01 -2.836155e-03 1.769460e-03 1.071402e-01 5.073539e-05 2.527973e-05 -6.861804e-06 1.025220e-04
11837.988200 7.560552e-01 -2.840886e-03 1.790003e-03 1.068136e-01 6.379779e-05 2.724308e-05 1.262458e-06 1.117250e-04
11840.579035 7.574213e-01 -2.845454e-03 1.747095e-03 1.070631e-01 7.514920e-05 2.409414e-05 -1.047194e-05 1.060634e-04
11843.182062 7.592767e-01 -2.833581e-03 1.755222e-03 1.068405e-01 7.308730e-05 2.334505e-05 4.245909e-06 1.013024e-04
11845.797282 7.592951e-01 -2.848171e-03 1.756097e-03 1.072142e-01 6.849667e-05 1.607662e-05 -1.056124e-05 1.051351e-04
11848.424693 7.589422e-01 -2.853670e-03 1.761573e-03 1.070427e-01 6.614181e-05 1.082350e-05 -1.235638e-06 1.080546e-04
11851.064296 7.578646e-01 -2.858843e-03 1.770728e-03 1.062613e-01 5.590450e-05 1.700259e-05 6.695672e-06 1.033560e-04
11853.716091 7.554355e-01 -2.845755e-03 1.763986e-03 1.065105e-01 5.107811e-05 1.666260e-05 6.649164e-06 1.140631e-04
11856.380078 7.575172e-01 -2.851606e-03 1.746177e-03 1.068808e-01 6.091508e-05 1.794494e-05 -2.601177e-06 1.004460e-04
11859.056256 7.564486e-01 -2.850848e-03 1.692402e-03 1.068066e-01 6.163835e-05 1.945371e-05 -9.354084e-06 1.020928e-04
11861.744627 7.552116e-01 -2.833775e-03 1.664542e-03 1.067550e-01 6.963421e-05 1.659264e-05 1.246160e-05 1.022888e-04
11864.445190 7.548695e-01 -2.842319e-03 1.761567e-03 1.066564e-01 7.897640e-05 1.289857e-05 8.791103e-06 9.424759e-05
11867.157944 7.541832e-01 -2.839095e-03 1.752611e-03 1.068206e-01 7.241650e-05 1.565585e-05 1.138135e-05 9.905272e-05
11869.882891 7.561299e-01 -2.817862e-03 1.720529e-03 1.075498e-01 6.384731e-05 1.312253e-05 -1.169121e-06 9.939594e-05
11872.620029 7.546367e-01 -2.839742e-03 1.781503e-03 1.068633e-01 5.706741e-05 6.250010e-06 -1.727940e-06 1.050192e-04
11875.369359 7.545647e-01 -2.844739e-03 1.749270e-03 1.072611e-01 6.102058e-05 6.706981e-06 -8.679572e-06 1.015559e-04
11878.130881 7.543153e-01 -2.852653e-03 1.821928e-03 1.073702e-01 6.495754e-05 1.008333e-05 1.014340e-05 1.124724e-04
11880.904595 7.533519e-01 -2.835973e-03 1.842875e-03 1.074869e-01 6.382015e-05 7.873893e-06 4.804990e-06 1.010422e-04
11883.690501 7.532437e-01 -2.851270e-03 1.762313e-03 1.078323e-01 6.914775e-05 1.046303e-05 1.041320e-05 1.110085e-04
11886.488599 7.530927e-01 -2.845873e-03 1.832822e-03 1.070920e-01 6.260035e-05 1.951651e-05 2.579422e-07 1.208174e-04
11889.298889 7.515507e-01 -2.859330e-03 1.776444e-03 1.075659e-01 5.993805e-05 2.311332e-05 -4.694602e-06 1.131351e-04
11892.121371 7.507802e-01 -2.857165e-03 1.766619e-03 1.081484e-01 6.137394e-05 2.288408e-05 -1.306837e-05 1.093024e-04
11894.956044 7.464478e-01 -2.854292e-03 1.733148e-03 1.071894e-01 6.322024e-05 1.885371e-05 -4.663378e-06 1.187587e-04
11897.802910 7.422082e-01 -2.848913e-03 1.753832e-03 1.069320e-01 5.759246e-05 1.303612e-05 -1.862634e-05 1.042473e-04
11900.661967 7.474406e-01 -2.846867e-03 1.722981e-03 1.074297e-01 5.412244e-05 2.883200e-06 -1.689916e-05 9.872997e-05
11903.533217 7.489326e-01 -2.850991e-03 1.800749e-03 1.075771e-01 5.851637e-05 6.845380e-06 -8.132518e-06 9.503804e-05
11906.416658 7.470304e-01 -2.854972e-03 1.775176e-03 1.073170e-01 6.033407e-05 1.484528e-05 -5.769909e-06 8.691416e-05
11909.312291 7.479720e-01 -2.869653e-03 1.713260e-03 1.076401e-01 6.097519e-05 1.068148e-05 -1.172625e-05 9.114937e-05
11912.220116 7.488875e-01 -2.848701e-03 1.754594e-03 1.071864e-01 7.006780e-05 -5.670786e-06 2.004055e-06 9.630994e-05
11915.140133 7.485516e-01 -2.854938e-03 1.738552e-03 1.073772e-01 6.141620e-05 -3.367769e-06 -1.884658e-06 9.567577e-05
11918.072342 7.471085e-01 -2.850294e-03 1.764634e-03 1.066955e-01 6.514813e-05 1.136556e-06 3.443121e-08 6.721448e-05
11921.016743 7.408944e-01 -2.835341e-03 1.742864e-03 1.063418e-01 6.393556e-05 1.059943e-05 -8.670930e-06 8.546460e-05
11923.973335 7.407154e-01 -2.832430e-03 1.762072e-03 1.068229e-01 5.495956e-05 6.300218e-06 3.891317e-06 1.033471e-04
11926.942120 7.448528e-01 -2.826192e-03 1.713421e-03 1.078010e-01 6.146373e-05 8.591481e-06 -7.309230e-07 9.641822e-05
11929.923096 7.457740e-01 -2.837535e-03 1.733676e-03 1.073801e-01 6.448963e-05 5.370395e-06 -5.463875e-08 9.963996e-05
11932.916265 7.449146e-01 -2.828645e-03 1.749221e-03 1.067707e-01 6.377190e-05 7.290474e-06 -1.628676e-06 1.080115e-04
11935.921625 7.448109e-01 -2.847179e-03 1.713170e-03 1.073958e-01 5.665159e-05 -1.346299e-06 -1.375293e-05 1.001376e-04
11938.939177 7.445347e-01 -2.852224e-03 1.795940e-03 1.076844e-01 5.575641e-05 7.322244e-06 -2.169240e-06 1.031920e-04
11941.968921 7.420970e-01 -2.839057e-03 1.759744e-03 1.074503e-01 5.826809e-05 9.049082e-06 1.006869e-05 1.019106e-04
11945.010858 7.426627e-01 -2.834893e-03 1.757667e-03 1.072157e-01 6.175564e-05 1.042497e-05 -3.005249e-06 1.041035e-04
11948.064985 7.427711e-01 -2.816159e-03 1.731552e-03 1.075801e-01 6.030550e-05 1.319274e-05 7.111576e-06 1.160024e-04
11951.131305 7.410519e-01 -2.842821e-03 1.782778e-03 1.073786e-01 5.657728e-05 8.305162e-07 -3.028001e-06 1.073524e-04
11954.209817 7.409778e-01 -2.836245e-03 1.739764e-03 1.082192e-01 5.596516e-05 -1.349282e-05 -1.690019e-06 9.763705e-05
11957.300521 7.405434e-01 -2.835556e-03 1.773888e-03 1.083307e-01 5.082917e-05 -1.278375e-05 5.098495e-07 8.656134e-05
11960.403416 7.394365e-01 -2.832917e-03 1.753329e-03 1.075638e-01 5.750235e-05 -1.322369e-05 1.062457e-06 1.065712e-04
11963.518504 7.405654e-01 -2.830958e-03 1.758474e-03 1.075907e-01 5.705425e-05 -6.287751e-06 1.364522e-06 9.883703e-05
11966.645783 7.388200e-01 -2.826187e-03 1.768390e-03 1.079764e-01 5.289478e-05 -7.464454e-06 2.222583e-06 9.345825e-05
11969.785255 7.377312e-01 -2.845071e-03 1.760750e-03 1.073576e-01 3.822520e-05 -1.239662e-05 -1.179803e-05 8.149170e-05
11972.936918 7.375516e-01 -2.853585e-03 1.739815e-03 1.078081e-01 4.244481e-05 -1.005097e-05 -1.329471e-05 9.313207e-05
11976.100773 7.371696e-01 -2.854870e-03 1.684788e-03 1.076129e-01 5.246268e-05 -4.043546e-06 -1.318841e-05 1.190749e-04
11979.276820 7.363967e-01 -2.853268e-03 1.743633e-03 1.079965e-01 5.028126e-05 -4.974414e-06 -3.998449e-06 1.114267e-04
11982.465059 7.360441e-01 -2.851309e-03 1.712387e-03 1.080722e-01 5.072470e-05 -2.358130e-06 -1.338351e-05 1.071192e-04
11985.665490 7.357137e-01 -2.857962e-03 1.691111e-03 1.078484e-01 5.074961e-05 2.616241e-06 -1.344651e-05 1.014186e-04
11988.878112 7.354850e-01 -2.839439e-03 1.731437e-03 1.080536e-01 4.937322e-05 -4.283447e-06 -1.598398e-05 1.056639e-04
11992.102927 7.345033e-01 -2.860171e-03 1.740714e-03 1.071589e-01 6.091613e-05 -2.306261e-06 -2.053959e-06 1.165202e-04
11995.339934 7.335979e-01 -2.836175e-03 1.761788e-03 1.082561e-01 6.438243e-05 3.736048e-06 -2.711767e-08 1.073596e-04
11998.589132 7.336234e-01 -2.858710e-03 1.737612e-03 1.087470e-01 6.059928e-05 6.688126e-07 2.156481e-06 1.012098e-04
12001.850523 7.324346e-01 -2.854084e-03 1.723820e-03 1.112337e-01 6.928375e-05 -7.150910e-06 -2.467983e-06 9.839698e-05
12005.124105 7.331250e-01 -2.850765e-03 1.767158e-03 1.124099e-01 6.773400e-05 -7.561709e-07 8.781665e-06 7.991770e-05
12008.409879 7.326344e-01 -2.877724e-03 1.792298e-03 1.110510e-01 6.710099e-05 -3.010646e-06 1.313016e-05 9.255115e-05
12011.707845 7.318228e-01 -2.874443e-03 1.781603e-03 1.084396e-01 6.722720e-05 1.179238e-06 8.005524e-06 8.754244e-05
12015.018003 7.318214e-01 -2.887536e-03 1.725019e-03 1.074536e-01 5.582156e-05 1.094261e-05 2.461629e-06 9.513944e-05
12018.340353 7.313540e-01 -2.869539e-03 1.755095e-03 1.078047e-01 5.563543e-05 1.255239e-05 -4.467273e-06 8.536068e-05
12021.674895 7.307238e-01 -2.874875e-03 1.718552e-03 1.093780e-01 5.510077e-05 1.120577e-05 2.705699e-06 1.006885e-04
12025.021629 7.298319e-01 -2.864959e-03 1.695953e-03 1.156248e-01 4.727521e-05 4.769538e-06 -2.130893e-06 9.862340e-05
12028.380554 7.295427e-01 -2.843570e-03 1.725998e-03 1.247539e-01 4.911444e-05 6.559102e-07 -4.880407e-06 9.231686e-05
12031.751672 7.288424e-01 -2.857226e-03 1.763151e-03 1.297228e-01 5.469942e-05 4.415112e-06 6.290750e-06 9.035308e-05
12035.134982 7.277602e-01 -2.861159e-03 1.744990e-03 1.245904e-01 5.760065e-05 7.182982e-06 -6.529907e-06 8.150771e-05
12038.530483 7.271024e-01 -2.849113e-03 1.714202e-03 1.155670e-01 6.281919e-05 -1.300574e-06 -5.449783e-06 7.739243e-05
12041.938176 7.267210e-01 -2.842076e-03 1.768196e-03 1.088003e-01 6.015079e-05 -5.865786e-06 2.993369e-07 9.331712e-05
12045.358061 7.213777e-01 -2.850324e-03 1.778937e-03 1.066158e-01 5.715681e-05 -1.511674e-06 -5.047328e-06 1.000150e-04
12048.790139 7.149395e-01 -2.846376e-03 1.751608e-03 1.055189e-01 4.701573e-05 1.199531e-05 -9.792630e-06 9.691732e-05
12052.234408 7.237038e-01 -2.833836e-03 1.722305e-03 1.072657e-01 5.040921e-05 9.318613e-06 -1.466508e-05 7.914874e-05
12055.690868 7.244172e-01 -2.825242e-03 1.773312e-03 1.066437e-01 5.069062e-05 1.215307e-05 -1.210420e-05 7.580026e-05
12059.159521 7.237438e-01 -2.848898e-03 1.767763e-03 1.082334e-01 5.603693e-05 1.439855e-05 -5.464872e-06 8.510094e-05
12062.640366 7.230347e-01 -2.842448e-03 1.758429e-03 1.087781e-01 6.294349e-05 1.108740e-05 -2.169303e-05 8.455588e-05
12066.133403 7.230370e-01 -2.848809e-03 1.767118e-03 1.109873e-01 6.455361e-05 1.831083e-05 -2.159788e-05 1.005573e-04
12069.638631 7.221288e-01 -2.834454e-03 1.764219e-03 1.103386e-01 6.267003e-05 1.657857e-05 -2.309258e-05 9.417485e-05
12073.156052 7.220040e-01 -2.832881e-03 1.743548e-03 1.096014e-01 5.832521e-05 1.151071e-05 -1.920052e-05 9.517518e-05
12076.685664 7.208437e-01 -2.825400e-03 1.714211e-03 1.084710e-01 5.632977e-05 7.941925e-06 -1.212507e-05 9.659687e-05
12080.227468 7.201041e-01 -2.825225e-03 1.742934e-03 1.074051e-01 6.112117e-05 1.217853e-05 -1.812083e-05 8.946439e-05
12083.781465 7.192390e-01 -2.827457e-03 1.722126e-03 1.075151e-01 5.772960e-05 1.069698e-05 -2.099947e-05 9.722969e-05
12087.347653 7.187975e-01 -2.857078e-03 1.742162e-03 1.076548e-01 5.639514e-05 1.521730e-05 -1.480908e-05 9.005807e-05
12090.926033 7.183439e-01 -2.848425e-03 1.784376e-03 1.076604e-01 5.894810e-05 1.239121e-05 -1.317474e-05 1.057947e-04
12094.516605 7.182005e-01 -2.828660e-03 1.777803e-03 1.074937e-01 5.781319e-05 1.027349e-05 -2.037680e-05 1.007040e-04
12098.119369 7.168884e-01 -2.832347e-03 1.721790e-03 1.073681e-01 5.350626e-05 2.165491e-05 -3.454410e-05 9.535058e-05
12101.734324 7.173855e-01 -2.824358e-03 1.714428e-03 1.075692e-01 5.595161e-05 2.154835e-05 -3.050013e-05 9.881588e-05
12105.361472 7.166918e-01 -2.824189e-03 1.702254e-03 1.074930e-01 6.460927e-05 2.725892e-05 -2.303082e-05 8.566634e-05
12109.000811 7.163222e-01 -2.839408e-03 1.707704e-03 1.075786e-01 6.177925e-05 2.195705e-05 -2.123588e-05 8.103271e-05
12112.652343 7.154442e-01 -2.830145e-03 1.719991e-03 1.072775e-01 6.798198e-05 1.957739e-05 -2.183065e-05 8.308661e-05
12116.316066 7.136549e-01 -2.839569e-03 1.735478e-03 1.072575e-01 7.354508e-05 1.277520e-05 -2.647411e-05 9.049534e-05
12119.991982 7.134657e-01 -2.856861e-03 1.736654e-03 1.074146e-01 6.910601e-05 1.740777e-05 -2.032776e-05 1.004554e-04
12123.680089 7.133162e-01 -2.862540e-03 1.788077e-03 1.069582e-01 6.777982e-05 2.169550e-05 -2.738918e-05 9.257549e-05
12127.380388 7.124476e-01 -2.858121e-03 1.808720e-03 1.073777e-01 5.530473e-05 2.720125e-05 -3.002865e-05 9.705218e-05
12131.092879 7.125442e-01 -2.862799e-03 1.734386e-03 1.074275e-01 6.072018e-05 3.521906e-05 -3.229151e-05 9.964573e-05
12134.817562 7.117229e-01 -2.834608e-03 1.714544e-03 1.073442e-01 6.600325e-05 3.621260e-05 -3.654840e-05 8.530038e-05
12138.554437 7.114211e-01 -2.825397e-03 1.734276e-03 1.085353e-01 7.308155e-05 3.187391e-05 -2.163739e-05 8.532303e-05
12142.303503 7.106376e-01 -2.828063e-03 1.764916e-03 1.082864e-01 7.169967e-05 3.144702e-05 -9.362923e-06 9.616977e-05
12146.064762 7.097938e-01 -2.836644e-03 1.715897e-03 1.074857e-01 6.087543e-05 2.878837e-05 -2.206064e-05 9.494474e-05
12149.838213 7.090530e-01 -2.828643e-03 1.734018e-03 1.071590e-01 4.870599e-05 2.028607e-05 -2.395886e-05 1.027769e-04
12153.623855 7.088018e-01 -2.834872e-03 1.758801e-03 1.068403e-01 5.933322e-05 8.945903e-06 -2.201224e-05 1.017329e-04
12157.421689 7.073673e-01 -2.821428e-03 1.750056e-03 1.068092e-01 7.590795e-05 1.355346e-05 -1.931872e-05 1.122469e-04
12161.231716 7.071375e-01 -2.822509e-03 1.689025e-03 1.069985e-01 7.655162e-05 1.084797e-05 -1.769320e-05 1.081848e-04
12165.053934 7.068816e-01 -2.837181e-03 1.758465e-03 1.070507e-01 7.646782e-05 8.249711e-06 -9.679584e-06 9.885658e-05
12168.888344 7.056894e-01 -2.809456e-03 1.778851e-03 1.084024e-01 7.929768e-05 1.919055e-05 -1.440971e-05 9.165653e-05
12172.734946 7.026543e-01 -2.830937e-03 1.743652e-03 1.132928e-01 7.511764e-05 1.435845e-05 -8.451410e-06 6.249875e-05
12176.593740 7.043171e-01 -2.820266e-03 1.723983e-03 1.257683e-01 7.463676e-05 2.364125e-05 -8.364433e-06 7.915316e-05
12180.464726 7.038338e-01 -2.819974e-03 1.733089e-03 1.316146e-01 7.507680e-05 2.435601e-05 -1.129831e-05 8.928387e-05
12184.347903 7.030605e-01 -2.829318e-03 1.741140e-03 1.273726e-01 8.082249e-05 2.493739e-05 -9.887346e-06 8.502126e-05
12188.243273 7.022439e-01 -2.820062e-03 1.771070e-03 1.181472e-01 7.826499e-05 2.568637e-05 -9.686990e-06 1.024935e-04
12192.150835 7.018062e-01 -2.818188e-03 1.714401e-03 1.097984e-01 8.157852e-05 2.841606e-05 -1.413047e-05 9.835049e-05
12196.070588 7.014250e-01 -2.841807e-03 1.711158e-03 1.073426e-01 7.072298e-05 2.463871e-05 -1.584587e-05 8.711880e-05
12200.002533 7.014117e-01 -2.840602e-03 1.710425e-03 1.073306e-01 6.987884e-05 2.731949e-05 6.616689e-07 9.415833e-05
12203.946671 7.006265e-01 -2.828139e-03 1.740676e-03 1.075202e-01 7.964982e-05 1.680473e-05 -6.564872e-06 1.009800e-04
12207.903000 6.993383e-01 -2.841188e-03 1.761719e-03 1.070199e-01 7.144239e-05 1.388979e-05 -2.692704e-06 1.057868e-04
12211.871521 6.989066e-01 -2.849213e-03 1.743769e-03 1.066830e-01 8.025480e-05 8.096260e-06 -1.003584e-05 1.011832e-04
12215.852234 6.979807e-01 -2.841794e-03 1.720140e-03 1.069619e-01 8.954086e-05 1.050487e-05 -1.673512e-05 9.380030e-05
12219.845139 6.976276e-01 -2.851454e-03 1.773128e-03 1.072269e-01 9.205142e-05 1.840206e-05 -1.521456e-05 1.040257e-04
12223.850236 6.967859e-01 -2.849759e-03 1.750909e-03 1.069606e-01 8.322240e-05 1.300431e-05 -9.455004e-06 9.858125e-05
12227.867524 6.959866e-01 -2.846699e-03 1.713422e-03 1.064090e-01 7.685141e-05 1.621391e-05 -2.788711e-06 1.127809e-04
12231.897005 6.962845e-01 -2.824551e-03 1.717382e-03 1.066267e-01 7.936418e-05 1.936931e-05 -1.281137e-05 1.009061e-04
12235.938678 6.949225e-01 -2.834951e-03 1.736217e-03 1.072848e-01 7.207830e-05 1.994579e-05 -1.547204e-05 8.912744e-05
12239.992542 6.950518e-01 -2.837485e-03 1.753499e-03 1.068024e-01 6.927355e-05 2.182486e-05 -2.825539e-05 1.029755e-04
12244.058598 6.937777e-01 -2.843223e-03 1.758951e-03 1.062916e-01 7.194876e-05 2.441285e-05 -1.859710e-05 1.055486e-04
12248.136847 6.926763e-01 -2.847525e-03 1.769335e-03 1.068891e-01 7.499966e-05 2.706940e-05 -7.129840e-07 1.027774e-04
12252.227287 6.863201e-01 -2.831532e-03 1.738854e-03 1.056872e-01 7.281091e-05 2.812027e-05 -1.496475e-06 1.046075e-04
12256.329919 6.755445e-01 -2.839428e-03 1.745236e-03 1.043562e-01 7.651948e-05 3.403239e-05 3.737535e-06 1.032978e-04
12260.444743 6.865238e-01 -2.835141e-03 1.728186e-03 1.066152e-01 6.962539e-05 2.674568e-05 5.364092e-06 9.933165e-05
12264.571759 6.879020e-01 -2.827829e-03 1.772783e-03 1.083355e-01 6.627773e-05 1.056130e-05 -3.926030e-06 9.393501e-05
12268.710967 6.878701e-01 -2.847857e-03 1.727089e-03 1.089454e-01 7.129854e-05 1.054891e-05 4.765108e-06 9.807685e-05
12272.862366 6.889845e-01 -2.834076e-03 1.771350e-03 1.077444e-01 7.702342e-05 1.404091e-05 2.545404e-06 9.379392e-05
12277.025958 6.881780e-01 -2.842557e-03 1.695359e-03 1.071291e-01 8.060094e-05 2.006885e-05 -1.177693e-05 9.985308e-05
12281.201742 6.868747e-01 -2.847303e-03 1.729737e-03 1.073585e-01 8.142586e-05 1.849063e-05 -1.225619e-05 9.396689e-05
12285.389717 6.858568e-01 -2.856538e-03 1.722739e-03 1.084594e-01 7.381947e-05 1.014690e-05 -1.786024e-05 9.167519e-05
12289.589884 6.857693e-01 -2.858180e-03 1.798782e-03 1.090729e-01 6.757361e-05 1.807079e-05 -1.972227e-05 1.009308e-04
12293.802244 6.851308e-01 -2.842128e-03 1.763552e-03 1.081301e-01 7.468177e-05 2.467064e-05 -2.234208e-05 9.885535e-05
12298.026795 6.721982e-01 -2.840458e-03 1.725365e-03 1.053225e-01 7.383903e-05 2.116127e-05 -1.113727e-05 9.444168e-05
12302.263538 6.755401e-01 -2.829891e-03 1.779547e-03 1.060916e-01 7.185814e-05 2.114364e-05 -5.585628e-06 8.956186e-05
12306.512473 6.831194e-01 -2.842321e-03 1.756879e-03 1.069556e-01 6.814307e-05 2.274580e-05 -1.355141e-05 8.942547e-05
12310.773600 6.831238e-01 -2.837541e-03 1.698676e-03 1.070887e-01 6.044023e-05 2.462511e-05 -3.276739e-06 8.689587e-05
12315.046919 6.824127e-01 -2.862072e-03 1.745306e-03 1.073718e-01 5.852700e-05 2.714266e-05 -4.814478e-07 8.400045e-05
12319.332429 6.818751e-01 -2.861041e-03 1.755655e-03 1.068816e-01 5.980156e-05 2.376699e-05 -1.577037e-05 8.856969e-05
12323.630132 6.807165e-01 -2.858190e-03 1.748713e-03 1.072766e-01 5.106595e-05 2.394923e-05 -1.788758e-05 9.141492e-05
12327.940026 6.805494e-01 -2.857531e-03 1.744219e-03 1.074520e-01 5.341463e-05 1.570269e-05 -1.505852e-05 7.969099e-05
12332.262113 6.797385e-01 -2.866035e-03 1.772864e-03 1.075393e-01 6.600485e-05 2.499541e-05 -1.941734e-05 7.560883e-05
12336.596391 6.789729e-01 -2.857625e-03 1.701321e-03 1.069465e-01 5.880169e-05 2.235549e-05 -1.119513e-05 7.561022e-05
12340.942861 6.784693e-01 -2.862002e-03 1.698790e-03 1.069285e-01 5.684195e-05 1.785847e-05 -1.904637e-05 7.490658e-05
12345.301524 6.774819e-01 -2.865423e-03 1.707199e-03 1.074338e-01 5.615105e-05 2.159250e-05 -1.119164e-05 8.474668e-05
12349.672378 6.769275e-01 -2.843341e-03 1.770527e-03 1.072716e-01 5.967147e-05 2.178790e-05 -2.978093e-05 8.104953e-05
12354.055424 6.750128e-01 -2.846339e-03 1.762256e-03 1.067933e-01 6.208943e-05 1.648169e-05 -3.215758e-05 9.051099e-05
12358.450662 6.751392e-01 -2.842177e-03 1.756621e-03 1.060616e-01 5.696966e-05 2.790790e-05 -1.939603e-05 9.651613e-05
12362.858091 6.747292e-01 -2.856310e-03 1.736516e-03 1.065743e-01 5.066833e-05 2.506384e-05 -1.698071e-05 9.037569e-05
12367.277713 6.732279e-01 -2.869219e-03 1.728746e-03 1.064474e-01 5.364812e-05 2.353585e-05 -3.916881e-05 6.846434e-05
12371.709527 6.740531e-01 -2.860546e-03 1.741459e-03 1.072812e-01 6.086961e-05 1.689527e-05 -4.922510e-05 6.690041e-05
12376.153532 6.736058e-01 -2.852849e-03 1.762796e-03 1.069388e-01 6.894800e-05 1.266390e-05 -5.162290e-05 7.312849e-05
12380.609730 6.726734e-01 -2.846327e-03 1.775034e-03 1.072741e-01 7.071227e-05 1.149414e-05 -4.248248e-05 8.681088e-05
12385.078119 6.718633e-01 -2.839532e-03 1.714463e-03 1.070058e-01 7.331685e-05 1.673188e-05 -2.284433e-05 7.900200e-05
12389.558700 6.710207e-01 -2.846842e-03 1.763390e-03 1.070747e-01 8.078935e-05 1.629471e-05 -1.502348e-05 6.706954e-05
12394.051473 6.701949e-01 -2.844564e-03 1.767738e-03 1.071105e-01 7.365301e-05 1.485003e-05 -2.582840e-05 6.819511e-05
12398.556438 6.699662e-01 -2.856738e-03 1.759715e-03 1.075246e-01 7.133221e-05 1.379037e-05 -1.775334e-05 6.969428e-05
12403.073595 6.687059e-01 -2.864646e-03 1.745138e-03 1.076393e-01 7.418589e-05 1.692261e-05 -9.978774e-06 6.962482e-05
12407.602944 6.677023e-01 -2.849160e-03 1.681946e-03 1.097622e-01 7.032298e-05 1.919331e-05 -8.019547e-06 7.499363e-05
12412.144485 6.669554e-01 -2.850901e-03 1.719613e-03 1.177032e-01 6.010346e-05 2.372296e-05 -1.974896e-05 8.335208e-05
12416.698218 6.650667e-01 -2.849756e-03 1.697592e-03 1.162700e-01 5.474201e-05 2.687722e-05 -1.599007e-05 9.051626e-05
12421.264142 6.618698e-01 -2.855643e-03 1.712305e-03 1.119088e-01 5.265799e-05 2.429011e-05 -1.971773e-05 9.398996e-05
12425.842259 6.634733e-01 -2.864862e-03 1.694322e-03 1.084098e-01 5.255742e-05 2.619025e-05 -1.948078e-05 1.040261e-04
12430.432567 6.640828e-01 -2.870355e-03 1.747172e-03 1.066261e-01 4.388783e-05 2.641272e-05 -1.887364e-05 1.107770e-04
12435.035068 6.634284e-01 -2.860468e-03 1.738579e-03 1.066326e-01 4.314189e-05 1.786631e-05 -1.836851e-05 1.047091e-04
12439.649760 6.631913e-01 -2.847107e-03 1.753678e-03 1.069893e-01 5.684201e-05 1.874139e-05 -1.315208e-05 9.947508e-05
12444.276644 6.621115e-01 -2.829509e-03 1.762549e-03 1.071127e-01 5.019078e-05 2.326370e-05 -1.972441e-05 1.043302e-04
12448.915720 6.605354e-01 -2.834301e-03 1.778433e-03 1.072859e-01 5.012503e-05 2.295919e-05 -2.074912e-05 1.029692e-04
12453.566988 6.603386e-01 -2.831975e-03 1.698034e-03 1.065589e-01 5.181548e-05 1.492531e-05 -1.721188e-05 1.056404e-04
12458.230448 6.603826e-01 -2.830518e-03 1.761392e-03 1.070385e-01 5.877409e-05 1.346063e-05 -1.537930e-05 1.080536e-04
12462.906100 6.594337e-01 -2.830607e-03 1.691806e-03 1.072669e-01 6.127236e-05 1.450992e-05 -1.776602e-05 1.091705e-04
12467.593943 6.585281e-01 -2.836091e-03 1.720914e-03 1.071934e-01 5.056701e-05 1.520034e-05 -1.921207e-05 1.121281e-04
12472.293979 6.573879e-01 -2.844078e-03 1.776369e-03 1.070444e-01 5.383514e-05 1.554259e-05 -2.688595e-05 1.003085e-04
12477.006206 6.572582e-01 -2.845231e-03 1.733599e-03 1.069789e-01 7.125562e-05 2.790604e-05 -2.302996e-05 1.049873e-04
12481.730626 6.572546e-01 -2.850344e-03 1.715626e-03 1.070473e-01 6.999856e-05 2.878496e-05 -2.444234e-05 1.178369e-04
12486.467237 6.564718e-01 -2.841712e-03 1.663010e-03 1.066788e-01 6.369225e-05 3.497100e-05 -1.999302e-05 1.094741e-04
12491.216040 6.557162e-01 -2.834961e-03 1.697912e-03 1.068325e-01 5.960106e-05 2.761766e-05 -9.365070e-06 1.194037e-04
12495.977036 6.540813e-01 -2.832731e-03 1.733486e-03 1.066525e-01 7.549437e-05 2.418743e-05 -9.868999e-06 1.230032e-04
12500.750223 6.510334e-01 -2.847624e-03 1.760629e-03 1.059599e-01 6.667309e-05 2.194990e-05 -2.190450e-05 1.109869e-04
12505.535602 6.530153e-01 -2.846518e-03 1.727608e-03 1.061833e-01 7.057820e-05 2.316918e-05 -1.543023e-05 1.109433e-04
12510.333172 6.534483e-01 -2.837836e-03 1.705026e-03 1.067758e-01 6.208711e-05 1.652312e-05 -3.039185e-05 1.109275e-04
12515.142935 6.525426e-01 -2.835343e-03 1.720204e-03 1.073739e-01 6.356286e-05 1.800382e-05 -2.507630e-05 9.887319e-05
12519.964890 6.518021e-01 -2.834851e-03 1.716583e-03 1.071372e-01 6.660062e-05 1.385856e-05 -2.336544e-05 1.117114e-04
12524.799037 6.511823e-01 -2.846286e-03 1.696041e-03 1.066306e-01 6.797796e-05 5.952614e-06 -2.178942e-05 1.040022e-04
12529.645375 6.453097e-01 -2.828731e-03 1.690884e-03 1.059401e-01 5.597597e-05 1.232697e-05 -2.340238e-05 1.019657e-04
12534.503905 3.395152e-01 -1.493201e-03 8.343975e-04 5.581692e-02 2.795778e-05 6.818727e-06 -1.229025e-05 5.789740e-05
12539.374628 6.942884e-03 -3.045373e-05 1.731165e-05 1.143364e-03 5.075854e-07 1.341862e-07 -2.516497e-07 1.199529e-06
