# Facility: NSLS-II
# Beamline: QAS
# Year: 2023
# Cycle: 3
# SAF: 312215
# PI: Reece
# Proposal: 313586
# Scan ID: 271215
# UID: 204eaece-e5bc-4a3f-a1ee-59d07ef350b0
# Comment: 
# Start time: 10/18/2023  22:07:19
# Stop time: 10/18/2023  22:07:51
# Total time: 00:31
# Trajectory name: Pt-L3-30s-11564.txt
# Element: Platinum ( 78)
# Edge: L3
# E0: 11564
# Reference Foil Element: Pt
# Keithley Gains I0: 1E6 V/A It: 1E6 V/A Iref: 1E7 V/A PIPS: 1E8 V/A 
# Ion Chamber Gas Flow Rates: I0: 0.00 sccm He + 189.70 sccm N2 + 9.80 sccm Ar 
# Ion Chamber Gas Flow Rates: It&Iref: 39.70 sccm N2 + 60.10 sccm Ar
# Incident Beam Path Vertical: 31.75 mm
# Incident Slits Positions B: TOP: 2.0 mm Bottom: 1.0 mm Inboard: 0.57675 mm Outboard: 1.57675 mm
# Sample Stage Positions: Rotation: 45.0 deg Horizontal: -10.11 mm Vertical: 15.39 mm Beam Direction: 0.00 mm
# PerkinElmer Vertical Position: 500.00 mm
# Linkam Oven Temperature : 3.03 C and Ramp Rate: 20.00 C/min.
# Front End Mirror Horizontal Positions: Up: -14.00 mm Down: -14.00 mm
#
# energy  i0  it  ir  iff  aux1  aux2  aux3  aux4
11380.471018 4.212341e-01 7.238835e-03 1.177668e-02 2.532993e-02 1.340920e-05 3.852877e-06 -6.302646e-07 4.461403e-05
11385.471018 8.274207e-01 1.428201e-02 2.330284e-02 4.979881e-02 2.655664e-05 1.142565e-05 -1.035190e-06 8.113829e-05
11390.471018 8.335775e-01 1.437601e-02 2.354835e-02 5.011782e-02 2.672871e-05 1.946235e-05 -1.878206e-06 8.405334e-05
11395.471018 8.411128e-01 1.469457e-02 2.400736e-02 5.036892e-02 2.614483e-05 1.734427e-05 -5.029891e-08 8.800654e-05
11400.471018 8.391453e-01 1.491770e-02 2.437216e-02 5.003038e-02 2.147978e-05 9.372579e-06 2.719461e-06 8.041316e-05
11405.471018 8.377623e-01 1.502691e-02 2.456713e-02 5.006779e-02 2.624227e-05 4.218356e-06 7.935397e-06 8.761248e-05
11410.471018 8.349463e-01 1.526803e-02 2.489047e-02 5.018177e-02 3.178949e-05 6.602261e-06 4.574105e-06 6.904491e-05
11415.471018 8.270395e-01 1.514525e-02 2.476244e-02 4.958634e-02 2.593349e-05 6.121655e-06 1.201571e-05 7.459571e-05
11420.471018 8.265972e-01 1.519025e-02 2.487439e-02 4.984596e-02 2.693329e-05 4.420796e-07 5.308918e-06 7.268902e-05
11425.471018 8.334410e-01 1.553192e-02 2.538277e-02 5.049752e-02 3.506935e-05 4.115795e-06 9.847121e-06 8.063601e-05
11430.471018 8.344106e-01 1.573388e-02 2.569723e-02 5.047304e-02 2.999019e-05 1.628205e-06 9.629123e-06 7.831596e-05
11435.471018 8.330537e-01 1.587566e-02 2.594577e-02 5.077623e-02 2.472571e-05 1.185532e-05 -2.798107e-06 6.814994e-05
11440.471018 8.317120e-01 1.601210e-02 2.613261e-02 5.102862e-02 2.252910e-05 2.549230e-05 -1.221390e-06 6.851189e-05
11445.471018 8.313949e-01 1.616032e-02 2.644790e-02 5.122805e-02 3.138713e-05 2.333180e-05 -3.473802e-06 7.637961e-05
11450.471018 8.294986e-01 1.617799e-02 2.653905e-02 5.113494e-02 1.942895e-05 1.294813e-05 3.333535e-06 6.877835e-05
11455.471018 8.284106e-01 1.636646e-02 2.682775e-02 5.100518e-02 1.723708e-05 8.984811e-06 8.306218e-06 7.421708e-05
11460.471018 8.275352e-01 1.649852e-02 2.706134e-02 5.110630e-02 2.576446e-05 5.318052e-06 5.893677e-06 6.498903e-05
11465.471018 8.262724e-01 1.633058e-02 2.692027e-02 5.106489e-02 2.680990e-05 1.821195e-06 8.469028e-06 6.975918e-05
11470.471018 8.252759e-01 1.612781e-02 2.671414e-02 5.162522e-02 2.818339e-05 9.167369e-06 -2.118198e-06 6.953407e-05
11475.471018 8.246488e-01 1.627557e-02 2.693475e-02 5.163538e-02 3.145642e-05 2.609671e-06 -8.471941e-06 7.225420e-05
11480.471018 8.243468e-01 1.668685e-02 2.754278e-02 5.190077e-02 3.657536e-05 -7.999731e-06 1.752093e-06 7.126175e-05
11485.471018 8.233642e-01 1.694026e-02 2.792848e-02 5.174568e-02 3.092264e-05 8.086219e-07 -1.796629e-06 7.889544e-05
11490.471018 8.218148e-01 1.705793e-02 2.813052e-02 5.307280e-02 2.690636e-05 1.966081e-06 -6.910654e-07 8.424540e-05
11495.471018 8.214810e-01 1.723068e-02 2.842737e-02 5.290317e-02 3.180508e-05 -1.519699e-06 -1.601256e-06 8.711293e-05
11500.471018 8.202317e-01 1.728897e-02 2.854845e-02 5.178785e-02 2.665809e-05 4.011157e-06 -6.628068e-06 7.917987e-05
11505.471018 8.187277e-01 1.758478e-02 2.901090e-02 5.185738e-02 2.194413e-05 6.465549e-06 -8.575335e-06 6.104997e-05
11510.471018 8.181643e-01 1.774545e-02 2.921593e-02 5.232041e-02 2.753084e-05 4.544601e-06 -1.095558e-05 7.842649e-05
11515.471018 8.173637e-01 1.779942e-02 2.925935e-02 5.254205e-02 2.236672e-05 1.184598e-06 -2.226099e-06 8.087527e-05
11520.471018 8.169098e-01 1.776664e-02 2.921044e-02 5.292667e-02 2.670178e-05 -3.045180e-06 -9.183136e-06 7.879583e-05
11525.471018 8.154802e-01 1.790153e-02 2.933834e-02 5.356625e-02 3.044204e-05 -3.670327e-06 -2.084765e-06 8.660743e-05
11530.471018 8.147764e-01 1.798088e-02 2.938451e-02 6.074540e-02 2.173506e-05 -1.857248e-06 -9.637791e-06 8.428152e-05
11534.000000 8.141088e-01 1.808936e-02 2.943388e-02 8.002123e-02 2.322398e-05 -3.664494e-06 -9.180353e-06 7.761823e-05
11535.000000 8.141603e-01 1.813720e-02 2.947089e-02 8.540358e-02 1.591759e-05 -8.012733e-06 3.446740e-06 7.345874e-05
11536.000000 8.149775e-01 1.815930e-02 2.944547e-02 8.743687e-02 1.803633e-05 -1.338972e-05 -4.947172e-06 9.061315e-05
11537.000000 8.140899e-01 1.810751e-02 2.939424e-02 8.691228e-02 1.691807e-05 -1.278146e-05 -8.050805e-06 8.787264e-05
11538.000000 8.131893e-01 1.809339e-02 2.926890e-02 8.563404e-02 2.215900e-05 -3.476607e-06 -2.911179e-06 9.827569e-05
11539.000000 8.122374e-01 1.796658e-02 2.907945e-02 8.363897e-02 2.269856e-05 3.041458e-06 -5.502261e-06 9.225395e-05
11540.000000 8.139832e-01 1.793806e-02 2.891441e-02 7.908300e-02 2.156377e-05 5.746290e-06 1.425914e-06 9.304228e-05
11541.000000 8.133639e-01 1.783250e-02 2.861509e-02 7.406680e-02 2.676883e-05 5.475238e-06 -5.236776e-07 8.862102e-05
11541.200000 8.133056e-01 1.781580e-02 2.847204e-02 7.256305e-02 3.166136e-05 1.445630e-05 5.728329e-06 9.456550e-05
11541.400000 8.099992e-01 1.766750e-02 2.869262e-02 7.035572e-02 3.190880e-05 9.784263e-06 -1.688584e-05 7.911752e-05
11541.600000 8.112856e-01 1.786386e-02 2.855591e-02 7.036709e-02 2.074271e-05 6.532349e-06 -3.559914e-06 7.814291e-05
11541.800000 8.119784e-01 1.773271e-02 2.868316e-02 7.218433e-02 3.386695e-05 2.041495e-05 3.799175e-07 8.363121e-05
11542.000000 8.169660e-01 1.799253e-02 2.877382e-02 7.177183e-02 2.067426e-05 8.284422e-06 -9.219423e-06 5.338048e-05
11542.200000 8.099589e-01 1.788727e-02 2.869930e-02 7.218944e-02 1.753442e-05 1.112963e-06 2.511957e-06 6.391229e-05
11542.400000 8.166061e-01 1.800753e-02 2.882149e-02 7.048959e-02 3.123730e-05 -1.057566e-05 1.646046e-05 8.589880e-05
11542.600000 8.134959e-01 1.811161e-02 2.877349e-02 6.968856e-02 1.548395e-05 -5.248856e-06 1.665630e-05 9.043167e-05
11542.800000 8.035954e-01 1.775345e-02 2.843437e-02 7.044729e-02 2.369337e-05 -8.633942e-07 -9.164045e-06 8.266014e-05
11543.000000 8.199333e-01 1.837875e-02 2.926008e-02 7.040641e-02 1.140281e-05 -1.254684e-06 -6.095532e-06 9.422291e-05
11543.200000 8.111953e-01 1.811074e-02 2.871009e-02 6.923975e-02 1.645763e-05 4.289779e-06 7.272932e-06 9.436548e-05
11543.400000 8.131446e-01 1.819244e-02 2.884659e-02 6.748809e-02 1.247679e-05 5.500532e-06 6.117135e-06 9.498332e-05
11543.600000 8.128923e-01 1.828415e-02 2.889644e-02 6.619627e-02 6.391027e-06 1.343821e-05 -4.921144e-07 9.082305e-05
11543.800000 8.169845e-01 1.823181e-02 2.913472e-02 6.394172e-02 1.896805e-05 2.139006e-05 -5.441604e-06 9.552752e-05
11544.000000 8.132366e-01 1.836614e-02 2.901723e-02 6.396510e-02 6.032007e-07 1.642112e-05 7.391228e-06 8.457588e-05
11544.200000 8.153095e-01 1.827257e-02 2.907372e-02 6.445518e-02 1.027098e-05 1.149366e-05 4.502539e-06 8.804827e-05
11544.400000 8.087414e-01 1.834373e-02 2.925607e-02 6.056219e-02 1.400442e-05 7.292765e-06 -4.273357e-06 8.324979e-05
11544.600000 8.124233e-01 1.830275e-02 2.909573e-02 5.824720e-02 1.841536e-05 1.019103e-05 -1.185751e-05 8.188165e-05
11544.800000 8.145056e-01 1.843749e-02 2.887086e-02 6.185413e-02 1.342560e-05 1.151581e-05 -1.819290e-05 8.852656e-05
11545.000000 8.090338e-01 1.842577e-02 2.910849e-02 5.745869e-02 1.413258e-05 9.285221e-06 -1.522501e-05 9.768872e-05
11545.200000 8.121641e-01 1.837836e-02 2.899310e-02 5.854646e-02 2.342743e-05 7.697792e-06 3.558977e-06 8.523744e-05
11545.400000 8.102484e-01 1.848946e-02 2.892121e-02 5.585766e-02 7.259406e-06 4.714059e-06 1.717851e-06 8.500283e-05
11545.600000 8.166354e-01 1.848447e-02 2.917846e-02 5.794391e-02 1.294640e-05 1.371832e-05 -1.026807e-05 8.700074e-05
11545.800000 8.103210e-01 1.854794e-02 2.922747e-02 5.962836e-02 -1.433997e-06 1.001289e-05 1.372812e-06 9.053437e-05
11546.000000 8.096145e-01 1.842770e-02 2.925643e-02 5.705878e-02 2.020625e-05 5.805226e-06 2.807275e-06 8.804567e-05
11546.200000 8.136238e-01 1.862742e-02 2.888664e-02 5.561998e-02 1.743797e-05 1.170145e-05 1.726274e-05 9.316221e-05
11546.400000 8.147496e-01 1.858237e-02 2.930060e-02 5.666696e-02 2.221184e-05 8.292007e-06 9.303383e-06 8.038153e-05
11546.600000 8.146998e-01 1.863953e-02 2.895865e-02 5.556830e-02 1.742053e-05 -1.636759e-06 9.605369e-07 6.735090e-05
11546.800000 8.095323e-01 1.856351e-02 2.911766e-02 5.855267e-02 1.178856e-05 -4.266148e-06 -2.272694e-06 7.328958e-05
11547.000000 8.112443e-01 1.851092e-02 2.882237e-02 5.587265e-02 2.856660e-05 8.756606e-07 -1.496717e-05 9.255984e-05
11547.200000 8.135842e-01 1.867670e-02 2.920202e-02 5.507534e-02 1.889769e-05 6.460838e-06 -1.731835e-06 8.884117e-05
11547.400000 8.114697e-01 1.851777e-02 2.890787e-02 5.801178e-02 2.383326e-05 -1.998120e-06 -3.000692e-06 6.248765e-05
11547.600000 8.084298e-01 1.861799e-02 2.892638e-02 5.495782e-02 1.196971e-05 -1.170771e-06 -2.129779e-05 5.815571e-05
11547.800000 8.138978e-01 1.868230e-02 2.869411e-02 5.669213e-02 3.457952e-05 -6.258189e-06 -7.116767e-06 7.435372e-05
11548.000000 8.135580e-01 1.875013e-02 2.917462e-02 5.857475e-02 2.330009e-05 2.239302e-06 -1.110187e-06 6.737894e-05
11548.200000 8.107843e-01 1.861200e-02 2.857421e-02 5.650412e-02 1.614097e-05 6.209229e-06 6.834048e-06 8.258125e-05
11548.400000 8.013611e-01 1.836376e-02 2.844349e-02 5.429053e-02 2.076591e-05 3.893843e-06 9.548605e-06 8.738803e-05
11548.600000 8.147609e-01 1.881272e-02 2.857011e-02 5.513022e-02 9.864247e-06 2.282072e-06 7.481458e-06 9.789674e-05
11548.800000 8.152966e-01 1.869021e-02 2.897455e-02 5.663652e-02 2.358046e-05 3.824702e-06 -6.844255e-06 9.784111e-05
11549.000000 8.101253e-01 1.873169e-02 2.899649e-02 5.540805e-02 2.214280e-05 2.006337e-06 1.188275e-05 1.025445e-04
11549.200000 8.136382e-01 1.859265e-02 2.840056e-02 5.703236e-02 3.614111e-05 4.294481e-07 2.434885e-05 9.438004e-05
11549.400000 8.225000e-01 1.899188e-02 2.880087e-02 5.621319e-02 2.172409e-05 -1.686913e-05 1.126864e-05 8.870984e-05
11549.600000 8.073564e-01 1.845687e-02 2.819220e-02 5.914167e-02 3.859610e-05 -9.576942e-06 5.813986e-06 8.624249e-05
11549.800000 8.118888e-01 1.875551e-02 2.861831e-02 5.704122e-02 1.722068e-05 -1.977559e-05 1.388799e-05 8.928129e-05
11550.000000 8.146630e-01 1.863615e-02 2.880625e-02 5.618317e-02 2.826785e-05 -9.515208e-06 5.837478e-07 8.003282e-05
11550.200000 8.022455e-01 1.852590e-02 2.839347e-02 5.709224e-02 2.102634e-05 -5.745031e-06 -7.914502e-06 7.927529e-05
11550.400000 8.111793e-01 1.862353e-02 2.820228e-02 5.964644e-02 3.456157e-05 -9.545893e-06 3.617649e-06 8.911857e-05
11550.600000 8.155509e-01 1.884126e-02 2.849406e-02 5.696036e-02 2.408047e-05 -1.464225e-05 1.982453e-07 9.211177e-05
11550.800000 8.096587e-01 1.868058e-02 2.829696e-02 5.611621e-02 1.804130e-05 -1.543366e-05 -1.109389e-06 7.678070e-05
11551.000000 8.125954e-01 1.878548e-02 2.836901e-02 5.588027e-02 2.133753e-05 -1.838395e-05 5.961610e-06 6.046931e-05
11551.200000 8.093716e-01 1.868583e-02 2.817894e-02 5.850826e-02 3.520221e-05 -2.227568e-05 1.473588e-05 8.995044e-05
11551.400000 8.087485e-01 1.862280e-02 2.804039e-02 5.838993e-02 4.387005e-05 -1.573020e-05 1.232523e-05 9.479239e-05
11551.600000 8.158329e-01 1.882161e-02 2.830141e-02 5.725982e-02 2.003517e-05 -1.088544e-05 -1.100723e-05 8.335682e-05
11551.800000 8.102144e-01 1.863731e-02 2.786902e-02 5.896739e-02 2.093246e-05 -1.669049e-05 -2.818389e-06 7.933670e-05
11552.000000 8.136698e-01 1.888029e-02 2.808622e-02 5.772651e-02 2.421953e-05 -1.560827e-05 3.329636e-06 8.514533e-05
11552.200000 8.170039e-01 1.884315e-02 2.815719e-02 5.923841e-02 3.160897e-05 -1.348018e-05 -5.982764e-06 8.541425e-05
11552.400000 8.065745e-01 1.875270e-02 2.789192e-02 5.789376e-02 1.761410e-05 -9.895211e-06 3.018136e-06 7.855990e-05
11552.600000 8.167669e-01 1.891043e-02 2.807206e-02 5.848769e-02 2.620476e-05 -8.441009e-06 -1.149533e-05 9.101762e-05
11552.800000 8.058225e-01 1.876369e-02 2.747966e-02 5.707263e-02 6.190528e-06 -9.777573e-06 -2.079252e-07 8.829509e-05
11553.000000 8.128460e-01 1.888788e-02 2.768507e-02 5.666541e-02 2.232985e-05 -6.646383e-06 7.489472e-06 8.915151e-05
11553.200000 8.113881e-01 1.891996e-02 2.782092e-02 5.969812e-02 1.404619e-05 -1.002072e-05 -2.990956e-06 9.271481e-05
11553.400000 8.133603e-01 1.884368e-02 2.757459e-02 5.954343e-02 2.397694e-05 -1.742543e-05 -1.000912e-05 9.789507e-05
11553.600000 8.103981e-01 1.891448e-02 2.759310e-02 5.809204e-02 2.252462e-05 -1.017920e-05 -8.286595e-07 1.007930e-04
11553.800000 8.102594e-01 1.883255e-02 2.730296e-02 5.875586e-02 3.002869e-05 -1.832385e-05 6.468597e-08 9.184241e-05
11554.000000 8.075255e-01 1.882291e-02 2.755584e-02 6.061906e-02 2.643039e-05 -1.186420e-05 -9.892832e-06 8.174510e-05
11554.200000 8.129342e-01 1.895313e-02 2.719752e-02 6.029756e-02 4.125524e-05 -1.156693e-05 -6.975673e-06 9.104030e-05
11554.400000 8.083755e-01 1.887528e-02 2.695294e-02 6.036314e-02 3.771218e-05 -1.039116e-05 -8.466202e-06 8.057338e-05
11554.600000 8.162510e-01 1.896732e-02 2.723291e-02 5.989896e-02 3.915226e-05 -9.462159e-06 -8.708578e-06 7.504548e-05
11554.800000 8.013911e-01 1.867003e-02 2.678373e-02 5.941597e-02 3.134673e-05 -3.839181e-06 -1.274433e-05 6.505870e-05
11555.000000 8.158536e-01 1.901764e-02 2.685340e-02 6.039570e-02 2.802805e-05 -2.244395e-06 -3.737599e-06 7.598908e-05
11555.200000 8.073835e-01 1.881453e-02 2.633974e-02 6.080876e-02 2.405955e-05 9.493201e-07 -1.557503e-05 7.753809e-05
11555.400000 8.118476e-01 1.891734e-02 2.643974e-02 6.105133e-02 2.301382e-05 -4.760736e-06 -9.892245e-06 7.520086e-05
11555.600000 8.075866e-01 1.884279e-02 2.614649e-02 6.202818e-02 2.877799e-05 -1.202144e-05 -1.863324e-05 7.782545e-05
11555.800000 8.130351e-01 1.904004e-02 2.662650e-02 6.231471e-02 3.388975e-05 -1.256601e-05 -1.049466e-05 8.296074e-05
11556.000000 8.107705e-01 1.892306e-02 2.611707e-02 6.338314e-02 3.422951e-05 -4.871192e-06 5.121872e-06 9.771844e-05
11556.200000 8.083489e-01 1.892798e-02 2.557979e-02 6.243297e-02 2.450582e-05 -9.999567e-06 3.733459e-06 8.996220e-05
11556.400000 8.098481e-01 1.884240e-02 2.570730e-02 6.226149e-02 3.423054e-05 -8.633891e-06 -6.041721e-06 8.618432e-05
11556.600000 8.157296e-01 1.901667e-02 2.546231e-02 6.249505e-02 2.367951e-05 -1.071606e-05 -6.726190e-06 7.914739e-05
11556.800000 8.068695e-01 1.881700e-02 2.517272e-02 6.187173e-02 2.139267e-05 -1.220820e-05 -6.054625e-06 7.697586e-05
11557.000000 8.122074e-01 1.899994e-02 2.493366e-02 6.405185e-02 7.901000e-06 -5.516914e-06 -5.273855e-06 7.135497e-05
11557.200000 8.098882e-01 1.884024e-02 2.481093e-02 6.157765e-02 1.573628e-05 -1.521392e-05 -3.252672e-06 8.604401e-05
11557.400000 8.130062e-01 1.907568e-02 2.494234e-02 6.476814e-02 4.109653e-06 -8.817431e-06 4.742898e-06 8.195341e-05
11557.600000 8.076281e-01 1.882651e-02 2.431262e-02 6.551060e-02 1.179429e-05 -4.308006e-06 3.771919e-06 8.502461e-05
11557.800000 8.094615e-01 1.894829e-02 2.417284e-02 6.598242e-02 1.281789e-05 4.981452e-06 8.958869e-06 8.956032e-05
11558.000000 8.097666e-01 1.880083e-02 2.369216e-02 6.330041e-02 2.509099e-05 4.825070e-06 9.093053e-06 7.524054e-05
11558.200000 8.101906e-01 1.892503e-02 2.349529e-02 6.607768e-02 1.340754e-05 -3.497687e-06 1.715658e-05 6.940910e-05
11558.400000 8.093739e-01 1.887846e-02 2.342909e-02 6.685190e-02 1.804169e-05 -8.777006e-06 1.151372e-05 7.578802e-05
11558.600000 8.119869e-01 1.894280e-02 2.310559e-02 6.632356e-02 1.948971e-05 3.258707e-06 4.892959e-06 9.069205e-05
11558.800000 8.094476e-01 1.886377e-02 2.287928e-02 6.684025e-02 3.478629e-05 -5.301754e-06 4.175996e-06 8.316509e-05
11559.000000 8.098158e-01 1.887402e-02 2.272806e-02 6.645571e-02 2.815481e-05 1.389363e-06 -4.873464e-06 8.801372e-05
11559.200000 8.164027e-01 1.904252e-02 2.217356e-02 6.856155e-02 3.251701e-05 -2.777308e-06 -9.973350e-07 8.997693e-05
11559.400000 7.847240e-01 1.823419e-02 2.120331e-02 6.654525e-02 3.586815e-05 -1.000586e-06 1.535490e-06 8.448045e-05
11559.600000 8.191325e-01 1.908854e-02 2.159650e-02 6.993709e-02 2.530197e-05 6.785939e-06 1.466798e-05 7.833702e-05
11559.800000 8.097249e-01 1.879721e-02 2.081447e-02 7.175791e-02 3.528275e-05 8.989906e-06 1.310416e-05 9.054429e-05
11560.000000 8.095248e-01 1.885410e-02 2.051035e-02 7.156188e-02 2.112569e-05 1.338572e-05 2.335443e-05 7.909295e-05
11560.200000 8.101640e-01 1.880912e-02 1.992027e-02 7.152140e-02 1.709747e-05 4.645891e-06 1.475562e-05 8.040694e-05
11560.400000 8.046655e-01 1.867622e-02 1.933508e-02 7.101200e-02 1.330873e-05 -2.106918e-06 5.244981e-06 8.668142e-05
11560.600000 8.108160e-01 1.893114e-02 1.914928e-02 7.508643e-02 2.095220e-05 -5.050913e-06 2.154743e-05 9.131215e-05
11560.800000 8.098385e-01 1.876242e-02 1.836947e-02 7.521309e-02 3.234047e-05 -3.462926e-06 1.552257e-05 7.335927e-05
11561.000000 8.110825e-01 1.892972e-02 1.811873e-02 7.718232e-02 1.865668e-05 -7.014558e-06 1.358439e-05 8.055487e-05
11561.200000 8.115358e-01 1.889665e-02 1.749364e-02 7.863985e-02 1.082175e-05 -1.162025e-05 1.936264e-05 8.715578e-05
11561.400000 8.113543e-01 1.885782e-02 1.694504e-02 8.034924e-02 1.339248e-05 -1.063852e-05 1.024682e-05 7.856486e-05
11561.600000 8.094737e-01 1.888407e-02 1.636895e-02 8.129134e-02 9.057634e-06 -9.059403e-06 1.261955e-05 8.484262e-05
11561.800000 8.062827e-01 1.868631e-02 1.556280e-02 8.117932e-02 1.851667e-05 -1.583076e-05 4.579130e-06 7.542226e-05
11562.000000 8.134028e-01 1.892312e-02 1.500728e-02 8.511596e-02 1.791185e-05 -9.141328e-06 1.404289e-05 7.281385e-05
11562.200000 8.126050e-01 1.895420e-02 1.441084e-02 8.720857e-02 1.172750e-05 -1.287456e-05 1.337692e-05 7.712144e-05
11562.400000 8.080537e-01 1.879738e-02 1.377743e-02 8.701911e-02 2.325477e-05 -5.526304e-06 1.075690e-05 5.305189e-05
11562.600000 8.100247e-01 1.887111e-02 1.310829e-02 8.937356e-02 2.945139e-05 -3.375468e-06 5.462919e-06 5.916410e-05
11562.800000 8.114838e-01 1.892263e-02 1.233894e-02 9.260053e-02 2.631314e-05 -7.138280e-06 1.099311e-05 3.201328e-05
11563.000000 8.117365e-01 1.887237e-02 1.165372e-02 9.487849e-02 2.591439e-05 -1.150542e-05 8.854724e-06 6.158860e-05
11563.200000 8.111158e-01 1.885145e-02 1.097522e-02 9.767124e-02 3.375110e-05 -1.222304e-05 -2.062391e-06 9.022120e-05
11563.400000 8.104947e-01 1.884767e-02 1.043662e-02 1.005811e-01 2.634902e-05 -7.654729e-06 -2.700149e-06 8.834475e-05
11563.600000 8.108585e-01 1.886518e-02 9.678201e-03 1.044168e-01 2.548572e-05 -3.092289e-06 8.185643e-06 9.471737e-05
11563.800000 8.089822e-01 1.879506e-02 9.023906e-03 1.051107e-01 2.379237e-05 -4.639247e-06 -6.619740e-06 1.033151e-04
11564.000000 8.063688e-01 1.870320e-02 8.190394e-03 1.095899e-01 2.349372e-05 -1.615195e-05 -5.701638e-06 9.684301e-05
11564.200000 8.109811e-01 1.882894e-02 7.880351e-03 1.135075e-01 2.017466e-05 -1.568335e-05 5.863262e-06 9.780830e-05
11564.400000 8.079347e-01 1.872590e-02 7.562002e-03 1.156965e-01 1.317546e-05 -1.970822e-05 -4.759505e-06 7.772245e-05
11564.600000 8.107951e-01 1.874846e-02 7.089283e-03 1.189130e-01 1.900096e-05 -1.005669e-05 4.420786e-06 9.443594e-05
11564.800000 8.119060e-01 1.879336e-02 6.579092e-03 1.230940e-01 1.573960e-05 -1.825140e-06 1.525551e-05 9.663197e-05
11565.000000 8.084324e-01 1.869881e-02 6.124735e-03 1.255715e-01 1.791360e-05 -2.979734e-06 1.365968e-05 9.305840e-05
11565.200000 8.114174e-01 1.873682e-02 5.978132e-03 1.297410e-01 2.456323e-05 -1.097359e-06 7.063055e-06 9.894742e-05
11565.400000 8.088053e-01 1.866998e-02 5.720554e-03 1.331297e-01 2.650945e-05 4.647636e-07 5.403813e-06 9.396587e-05
11565.600000 8.105276e-01 1.871428e-02 5.430042e-03 1.377967e-01 2.300159e-05 5.755642e-06 1.437036e-05 1.027804e-04
11565.800000 8.097288e-01 1.861020e-02 5.198207e-03 1.373252e-01 3.214529e-05 9.987099e-06 1.447877e-05 1.054374e-04
11566.000000 8.111506e-01 1.861648e-02 5.003803e-03 1.411533e-01 2.917604e-05 1.163800e-05 -7.240801e-07 8.516662e-05
11566.200000 8.106100e-01 1.862418e-02 4.978268e-03 1.445729e-01 2.877202e-05 -7.453810e-07 9.937223e-06 9.090223e-05
11566.400000 8.106349e-01 1.864208e-02 4.942541e-03 1.451982e-01 1.810273e-05 -3.234415e-06 3.484013e-06 8.093597e-05
11566.600000 8.079621e-01 1.855930e-02 4.749986e-03 1.474685e-01 2.489755e-05 -2.841551e-06 3.555546e-06 8.757919e-05
11566.800000 8.136925e-01 1.871676e-02 4.893087e-03 1.501440e-01 1.722465e-05 7.307147e-07 -1.024667e-06 8.712953e-05
11567.000000 8.062650e-01 1.851843e-02 5.058055e-03 1.499707e-01 1.076644e-05 1.168316e-05 -4.336356e-06 8.312206e-05
11567.200000 8.092851e-01 1.862592e-02 4.799044e-03 1.514543e-01 1.427178e-05 9.386849e-06 -1.065873e-05 8.429931e-05
11567.400000 8.109109e-01 1.863016e-02 4.930897e-03 1.525993e-01 1.519496e-05 3.950075e-06 -6.959634e-06 8.847133e-05
11567.600000 8.041905e-01 1.849296e-02 5.284207e-03 1.516763e-01 1.636035e-05 -2.687246e-06 -2.505376e-06 8.472497e-05
11567.800000 8.078371e-01 1.862371e-02 5.143963e-03 1.534589e-01 1.991780e-05 -1.918659e-06 -1.639224e-07 9.162197e-05
11568.000000 8.076503e-01 1.861738e-02 5.110284e-03 1.540115e-01 1.273783e-05 -2.196129e-06 -9.691038e-06 9.413033e-05
11568.200000 8.119791e-01 1.874937e-02 5.081383e-03 1.541924e-01 6.566885e-06 -1.843297e-05 -6.128319e-06 9.282916e-05
11568.400000 8.081115e-01 1.867443e-02 5.359154e-03 1.542173e-01 8.739778e-06 -2.040844e-05 6.384509e-06 9.330902e-05
11568.600000 8.084683e-01 1.867367e-02 5.188477e-03 1.539567e-01 8.561581e-06 -1.956571e-05 3.230834e-06 9.189860e-05
11568.800000 8.084786e-01 1.866336e-02 5.363409e-03 1.527831e-01 1.016146e-05 -1.145983e-05 9.149987e-06 8.689358e-05
11569.000000 8.095905e-01 1.872836e-02 5.499692e-03 1.526792e-01 1.529317e-05 -5.764991e-06 6.979188e-06 8.932408e-05
11569.200000 8.085589e-01 1.866673e-02 5.576304e-03 1.523838e-01 1.995314e-05 -5.466936e-07 7.579360e-06 1.014640e-04
11569.400000 8.101443e-01 1.869985e-02 5.659114e-03 1.519573e-01 1.245980e-05 -1.879191e-06 3.761021e-06 1.067221e-04
11569.600000 8.102798e-01 1.873336e-02 5.726602e-03 1.518804e-01 1.457616e-05 -2.552282e-06 2.034336e-06 9.570484e-05
11569.800000 8.095049e-01 1.870673e-02 5.907251e-03 1.503494e-01 2.823587e-05 9.819752e-06 1.091219e-06 8.945486e-05
11570.000000 8.088800e-01 1.870065e-02 5.871439e-03 1.490371e-01 2.368509e-05 5.716272e-06 9.288658e-06 8.719991e-05
11570.200000 8.094601e-01 1.870548e-02 5.978682e-03 1.493000e-01 1.908309e-05 1.775853e-06 1.931285e-05 8.211230e-05
11570.400000 8.096499e-01 1.863167e-02 6.112414e-03 1.485361e-01 2.510566e-05 4.031847e-06 1.446681e-05 8.780383e-05
11570.600000 8.095254e-01 1.865186e-02 6.140187e-03 1.461425e-01 1.544834e-05 1.206100e-05 2.258742e-05 9.288387e-05
11570.800000 8.085553e-01 1.862586e-02 6.112438e-03 1.448978e-01 1.413371e-05 9.388982e-06 8.862911e-06 9.122517e-05
11571.000000 8.095216e-01 1.864792e-02 6.329536e-03 1.447273e-01 -1.027050e-06 9.916488e-06 6.625749e-07 9.687561e-05
11571.200000 8.077179e-01 1.859882e-02 6.410916e-03 1.439236e-01 -8.321422e-07 2.815217e-06 -2.318284e-06 1.007213e-04
11571.400000 8.100778e-01 1.868717e-02 6.493622e-03 1.431731e-01 1.169925e-06 3.313831e-06 2.570905e-06 8.160484e-05
11571.600000 8.096142e-01 1.871537e-02 6.615728e-03 1.421354e-01 -4.378134e-07 1.060479e-06 6.282947e-06 9.742208e-05
11571.800000 8.110395e-01 1.873478e-02 6.784969e-03 1.410576e-01 -2.663056e-06 -6.957248e-06 9.461470e-06 1.026380e-04
11572.000000 8.040631e-01 1.856471e-02 6.402085e-03 1.398721e-01 4.466225e-06 -1.103594e-05 1.779351e-05 1.009329e-04
11572.200000 8.093491e-01 1.871085e-02 6.525106e-03 1.391822e-01 4.979769e-06 -1.057657e-05 1.449529e-05 8.686020e-05
11572.400000 8.086095e-01 1.870477e-02 6.667096e-03 1.372197e-01 -9.598470e-06 -4.654326e-06 7.007011e-06 8.904388e-05
11572.600000 8.103094e-01 1.871190e-02 6.862110e-03 1.380340e-01 -1.183564e-05 6.981148e-07 7.760695e-06 9.755979e-05
11572.800000 8.069040e-01 1.872276e-02 7.283361e-03 1.368982e-01 -1.447103e-05 -2.987993e-06 1.444871e-05 1.042042e-04
11573.000000 8.090114e-01 1.873370e-02 6.928611e-03 1.358444e-01 -6.774466e-06 -2.904022e-06 8.020850e-06 6.045357e-05
11573.200000 8.082925e-01 1.872197e-02 6.830988e-03 1.349693e-01 -2.886254e-06 -4.319692e-06 9.946151e-06 9.337796e-05
11573.400000 8.087499e-01 1.875709e-02 6.906917e-03 1.348988e-01 -5.797172e-06 2.737349e-06 1.099898e-05 8.772572e-05
11573.600000 8.086250e-01 1.877647e-02 7.092662e-03 1.338547e-01 -4.073055e-06 -2.706687e-06 1.822497e-06 7.474134e-05
11573.800000 8.078557e-01 1.878837e-02 6.989507e-03 1.328270e-01 -7.410602e-06 -5.657253e-06 1.019130e-06 7.192283e-05
11574.000000 8.085003e-01 1.882563e-02 6.983107e-03 1.328632e-01 -1.391563e-05 -2.051369e-05 7.159122e-07 7.770019e-05
11574.200000 8.084835e-01 1.884793e-02 7.003417e-03 1.329358e-01 -1.492182e-05 -2.229937e-05 1.295684e-05 8.006908e-05
11574.400000 8.081363e-01 1.883762e-02 6.965298e-03 1.321383e-01 -6.768225e-06 -1.861505e-05 7.874136e-06 8.101055e-05
11574.600000 8.083412e-01 1.888335e-02 7.102741e-03 1.321481e-01 -1.442994e-07 -1.357138e-05 4.968589e-06 7.915722e-05
11574.800000 8.082413e-01 1.889567e-02 7.171591e-03 1.314279e-01 1.130078e-05 -1.738450e-05 2.466979e-06 7.179190e-05
11575.000000 8.088556e-01 1.891626e-02 7.103110e-03 1.307719e-01 1.602157e-05 -3.633699e-06 8.877102e-06 8.057354e-05
11575.200000 8.078477e-01 1.890346e-02 7.153084e-03 1.303205e-01 1.619400e-05 -3.494777e-06 1.515999e-05 8.833152e-05
11575.400000 8.073018e-01 1.890729e-02 7.260646e-03 1.303259e-01 1.424834e-05 -1.042968e-05 -6.004354e-07 8.498467e-05
11575.600000 8.079593e-01 1.897399e-02 7.227606e-03 1.310709e-01 2.138869e-05 4.575892e-06 -1.340777e-06 8.404095e-05
11575.800000 8.081981e-01 1.892391e-02 7.264478e-03 1.295838e-01 2.618147e-05 -1.880349e-06 3.046643e-06 1.049642e-04
11576.000000 8.070740e-01 1.893939e-02 7.211214e-03 1.289492e-01 1.589235e-05 -8.235079e-06 -3.550615e-06 9.704249e-05
11576.200000 8.082976e-01 1.895751e-02 7.203235e-03 1.295162e-01 1.785799e-05 -1.257090e-05 3.117281e-06 8.711970e-05
11576.400000 8.087796e-01 1.904565e-02 7.252523e-03 1.293961e-01 2.453267e-05 -5.958455e-06 -6.553291e-06 9.038782e-05
11576.600000 8.050404e-01 1.892319e-02 7.251317e-03 1.291863e-01 2.124623e-05 -2.530951e-06 -1.063205e-05 9.216469e-05
11576.800000 8.082784e-01 1.902190e-02 7.223382e-03 1.284210e-01 1.707610e-05 -1.566911e-05 -1.122902e-06 1.014158e-04
11577.000000 8.073478e-01 1.899905e-02 7.174976e-03 1.293990e-01 2.376580e-05 -1.908516e-05 2.126437e-05 9.938456e-05
11577.200000 8.092649e-01 1.903690e-02 7.244073e-03 1.299593e-01 2.360100e-05 -2.041938e-05 1.930401e-05 8.825645e-05
11577.400000 8.019941e-01 1.888005e-02 7.113153e-03 1.274161e-01 1.817456e-05 -1.586942e-05 1.458380e-05 6.962266e-05
11577.600000 8.097396e-01 1.908710e-02 7.191437e-03 1.293366e-01 1.429347e-05 -1.140463e-05 2.705202e-05 1.018098e-04
11577.800000 8.077880e-01 1.906409e-02 7.171352e-03 1.288757e-01 1.637371e-05 -7.021765e-06 1.714196e-05 9.427824e-05
11578.000000 8.069340e-01 1.904400e-02 7.048215e-03 1.298965e-01 2.397793e-05 -2.180051e-05 5.794215e-06 1.004788e-04
11578.200000 8.087334e-01 1.911077e-02 7.138619e-03 1.294697e-01 1.994749e-05 -2.400420e-05 8.704170e-06 9.585800e-05
11578.400000 8.065966e-01 1.905395e-02 6.965412e-03 1.295534e-01 1.799140e-05 -2.592703e-05 9.023979e-06 9.545594e-05
11578.600000 8.091851e-01 1.913296e-02 6.923373e-03 1.278874e-01 8.005692e-06 -2.609555e-05 8.024410e-06 9.589421e-05
11578.800000 8.075864e-01 1.912403e-02 6.882146e-03 1.290230e-01 9.950210e-06 -2.548959e-05 3.241741e-06 9.816568e-05
11579.000000 8.067714e-01 1.907050e-02 6.786430e-03 1.284353e-01 1.500058e-05 -1.933103e-05 2.108716e-06 7.773334e-05
11579.200000 8.072006e-01 1.912645e-02 6.903963e-03 1.298664e-01 1.638558e-05 -2.628535e-05 3.882826e-06 7.148859e-05
11579.400000 8.087227e-01 1.915109e-02 6.872710e-03 1.303335e-01 1.753799e-05 -2.604863e-05 6.419563e-07 9.329310e-05
11579.600000 8.045905e-01 1.904994e-02 6.870155e-03 1.283429e-01 1.941157e-05 -2.489615e-05 -5.022099e-06 9.140380e-05
11579.800000 8.069063e-01 1.908812e-02 6.876294e-03 1.297799e-01 2.738770e-05 -2.036426e-05 -1.244195e-05 9.185388e-05
11580.000000 8.079194e-01 1.914244e-02 6.859000e-03 1.294445e-01 3.384494e-05 -2.934238e-05 -1.380693e-05 1.031530e-04
11580.200000 8.070087e-01 1.911852e-02 6.864451e-03 1.290711e-01 3.084990e-05 -2.252133e-05 -9.688433e-06 1.021087e-04
11580.400000 8.065110e-01 1.913004e-02 6.892103e-03 1.311360e-01 2.730512e-05 -2.039048e-05 -7.272006e-06 1.026866e-04
11580.600000 8.069383e-01 1.912898e-02 6.887260e-03 1.288651e-01 2.118178e-05 -1.724913e-05 -9.929006e-06 1.082152e-04
11580.800000 8.053208e-01 1.908753e-02 6.727054e-03 1.290863e-01 2.461337e-05 -1.980410e-05 -5.565243e-06 9.795269e-05
11581.000000 8.069410e-01 1.913830e-02 6.735925e-03 1.301579e-01 2.166603e-05 -1.865303e-05 2.629265e-06 1.073770e-04
11581.200000 8.069497e-01 1.918099e-02 6.779873e-03 1.289524e-01 1.738228e-05 -1.446239e-05 6.908455e-06 1.119152e-04
11581.400000 8.087940e-01 1.918819e-02 6.992404e-03 1.289994e-01 1.086525e-05 -1.612452e-05 -1.769062e-06 1.138286e-04
11581.600000 8.069119e-01 1.918468e-02 7.047764e-03 1.293830e-01 1.575265e-05 -2.492700e-05 3.011689e-06 1.189957e-04
11581.800000 8.042322e-01 1.915286e-02 6.914800e-03 1.281552e-01 1.056364e-05 -2.212530e-05 1.491622e-06 1.088482e-04
11582.000000 8.092895e-01 1.931296e-02 6.828162e-03 1.298734e-01 1.549598e-05 -2.302912e-05 4.060539e-06 1.051292e-04
11582.200000 8.067883e-01 1.917679e-02 6.935127e-03 1.282398e-01 1.909339e-05 -2.854827e-05 5.143477e-06 9.436411e-05
11582.400000 8.060383e-01 1.913917e-02 6.866645e-03 1.289086e-01 1.724720e-05 -2.905304e-05 9.224504e-06 9.832145e-05
11582.600000 8.060454e-01 1.916635e-02 6.849038e-03 1.298040e-01 1.632231e-05 -3.719738e-05 1.553424e-05 1.080507e-04
11582.800000 8.061744e-01 1.922066e-02 7.223873e-03 1.286013e-01 2.038289e-05 -4.306151e-05 1.776118e-05 1.086537e-04
11583.000000 8.063680e-01 1.920578e-02 6.993735e-03 1.285071e-01 1.893653e-05 -3.869006e-05 8.291284e-06 1.069996e-04
11583.200000 8.068457e-01 1.923758e-02 7.134553e-03 1.295484e-01 2.478430e-05 -2.830780e-05 1.577964e-05 1.029773e-04
11583.400000 8.050623e-01 1.923534e-02 7.054856e-03 1.288581e-01 1.820443e-05 -2.042841e-05 3.163999e-06 9.478465e-05
11583.600000 8.037396e-01 1.914709e-02 7.056206e-03 1.276663e-01 1.274363e-05 -2.351047e-05 -5.722714e-06 8.884333e-05
11583.800000 8.052950e-01 1.922077e-02 7.228942e-03 1.282281e-01 1.834956e-05 -2.403981e-05 2.190409e-06 8.231007e-05
11584.000000 8.062278e-01 1.921472e-02 7.306462e-03 1.281676e-01 3.343238e-05 -2.785480e-05 5.989984e-06 9.376839e-05
11584.200000 8.071757e-01 1.921347e-02 7.270882e-03 1.291111e-01 3.092735e-05 -2.512143e-05 2.618483e-06 9.501866e-05
11584.400000 8.032494e-01 1.915419e-02 7.437190e-03 1.257091e-01 2.315857e-05 -2.293191e-05 -1.092517e-05 9.073149e-05
11584.600000 8.021702e-01 1.915269e-02 7.445051e-03 1.277744e-01 3.168630e-05 -1.926911e-05 7.043420e-06 1.143140e-04
11584.800000 8.072003e-01 1.930091e-02 7.464451e-03 1.270835e-01 2.601661e-05 -2.231697e-05 9.186802e-07 1.035071e-04
11585.000000 8.042540e-01 1.923714e-02 7.250073e-03 1.258971e-01 1.728157e-05 -3.049022e-05 2.250982e-06 1.086235e-04
11585.200000 8.063936e-01 1.928001e-02 7.328217e-03 1.274418e-01 1.530771e-05 -3.278429e-05 3.397200e-06 1.115776e-04
11585.400000 8.046683e-01 1.925596e-02 7.389195e-03 1.281822e-01 3.142143e-05 -3.754861e-05 1.041428e-05 1.092506e-04
11585.600000 8.075158e-01 1.935606e-02 7.570655e-03 1.278515e-01 1.787805e-05 -3.437581e-05 1.088374e-05 9.137149e-05
11585.800000 8.065534e-01 1.930434e-02 7.484546e-03 1.272204e-01 1.882207e-05 -2.705267e-05 2.930512e-06 9.163834e-05
11586.000000 8.064162e-01 1.932205e-02 7.487776e-03 1.264031e-01 2.610572e-05 -1.627181e-05 1.720858e-05 7.682674e-05
11586.200000 8.057461e-01 1.928339e-02 7.536114e-03 1.284873e-01 2.687179e-05 -1.560065e-05 1.321931e-05 5.669074e-05
11586.400000 8.080305e-01 1.938687e-02 7.528539e-03 1.276952e-01 1.680764e-05 -9.471386e-06 1.560055e-05 8.535458e-05
11586.600000 8.023529e-01 1.927559e-02 7.607199e-03 1.269852e-01 2.482560e-05 -1.395733e-05 6.975999e-06 8.079967e-05
11586.800000 8.080630e-01 1.944298e-02 7.609353e-03 1.278367e-01 1.330882e-05 -1.830884e-05 8.054666e-06 8.377085e-05
11587.000000 8.057991e-01 1.938977e-02 7.630460e-03 1.291541e-01 1.192732e-05 -1.343556e-05 1.351109e-05 9.754823e-05
11587.200000 8.072133e-01 1.941249e-02 7.504371e-03 1.279968e-01 1.441951e-05 -1.104526e-05 -1.156112e-06 9.765459e-05
11587.400000 8.075112e-01 1.940268e-02 7.505992e-03 1.283026e-01 1.653615e-05 -2.029421e-05 -1.794936e-06 9.761273e-05
11587.600000 8.077635e-01 1.942691e-02 7.523858e-03 1.287134e-01 9.190130e-06 -2.289972e-05 2.078461e-05 1.056974e-04
11587.800000 8.065659e-01 1.938946e-02 7.402868e-03 1.278249e-01 9.533266e-06 -1.825856e-05 2.152389e-05 1.025578e-04
11588.000000 8.022503e-01 1.927259e-02 7.241698e-03 1.276102e-01 1.287649e-05 -1.597248e-05 1.651792e-05 1.022630e-04
11588.200000 8.072141e-01 1.939106e-02 7.384276e-03 1.280882e-01 7.895229e-06 -1.717799e-05 1.522330e-05 9.257554e-05
11588.400000 8.061489e-01 1.937338e-02 7.412974e-03 1.298870e-01 4.473766e-06 -1.495474e-05 1.504924e-05 8.732438e-05
11588.600000 8.055471e-01 1.939262e-02 7.337464e-03 1.294432e-01 2.767375e-06 -1.488303e-05 1.867999e-06 8.056152e-05
11588.800000 8.059972e-01 1.936991e-02 7.423369e-03 1.289827e-01 -1.835400e-06 -1.592584e-05 -9.617637e-06 6.969591e-05
11589.000000 8.057334e-01 1.932933e-02 7.372495e-03 1.286371e-01 1.123824e-05 -2.972985e-05 6.071889e-06 8.721217e-05
11589.200000 8.071154e-01 1.941662e-02 7.343413e-03 1.286920e-01 1.890530e-05 -3.794877e-05 4.623743e-06 9.235205e-05
11589.400000 8.040454e-01 1.937373e-02 7.294329e-03 1.289199e-01 9.716571e-06 -2.970306e-05 4.592839e-06 9.744006e-05
11589.600000 8.018077e-01 1.924954e-02 7.206724e-03 1.256743e-01 2.008055e-05 -2.512960e-05 1.021850e-05 8.611587e-05
11589.800000 8.075069e-01 1.939774e-02 7.199588e-03 1.285208e-01 2.849152e-05 -2.886542e-05 1.453183e-05 9.328442e-05
11590.000000 8.064442e-01 1.936873e-02 7.267481e-03 1.299551e-01 2.206500e-05 -2.676789e-05 9.763979e-06 8.411696e-05
11590.200000 8.056870e-01 1.940764e-02 7.224698e-03 1.300593e-01 2.177667e-05 -2.489801e-05 2.622635e-05 9.212301e-05
11590.400000 8.053058e-01 1.939913e-02 7.090884e-03 1.290501e-01 2.241484e-05 -3.080415e-05 3.173077e-05 9.670107e-05
11590.600000 8.020777e-01 1.932985e-02 7.008407e-03 1.289057e-01 1.286407e-05 -1.653433e-05 9.279065e-07 7.756338e-05
11590.800000 8.057803e-01 1.942460e-02 7.083775e-03 1.296965e-01 1.259680e-05 -1.852633e-05 2.188715e-05 8.015409e-05
11591.000000 8.071776e-01 1.942618e-02 7.010896e-03 1.296095e-01 1.526164e-05 -2.061435e-05 5.929347e-06 9.126463e-05
11591.200000 8.042335e-01 1.939081e-02 7.044115e-03 1.295195e-01 1.602620e-05 -2.696478e-05 -3.511097e-06 9.283602e-05
11591.400000 8.069901e-01 1.944877e-02 7.083765e-03 1.308661e-01 1.715582e-05 -3.642508e-05 -4.591263e-06 9.497244e-05
11591.600000 8.008298e-01 1.920503e-02 6.957914e-03 1.305666e-01 2.408951e-05 -3.221343e-05 -1.430228e-05 8.256525e-05
11591.800000 8.103350e-01 1.945342e-02 6.900977e-03 1.302131e-01 1.521126e-05 -3.666800e-05 -2.314395e-06 9.019966e-05
11592.000000 8.001480e-01 1.928335e-02 6.892545e-03 1.314140e-01 1.568953e-05 -3.195144e-05 5.323606e-06 9.477493e-05
11592.200000 8.066539e-01 1.936622e-02 6.730008e-03 1.314194e-01 2.212471e-05 -3.448966e-05 1.321077e-06 9.724978e-05
11592.400000 8.046629e-01 1.937568e-02 6.678370e-03 1.321352e-01 2.769078e-05 -3.922428e-05 -5.686079e-07 1.033447e-04
11592.600000 8.076536e-01 1.948539e-02 6.779376e-03 1.322129e-01 2.056652e-05 -3.463843e-05 -3.718779e-06 9.973944e-05
11592.800000 7.990309e-01 1.921000e-02 6.735192e-03 1.299956e-01 1.998125e-05 -2.750468e-05 3.001969e-06 1.021973e-04
11593.000000 8.028931e-01 1.938288e-02 6.424487e-03 1.314215e-01 1.283969e-05 -2.237399e-05 8.303449e-06 1.023462e-04
11593.200000 8.033264e-01 1.925073e-02 6.482526e-03 1.334109e-01 1.771051e-05 -1.674038e-05 -7.795437e-06 9.154215e-05
11593.400000 8.032836e-01 1.939386e-02 6.595753e-03 1.329076e-01 7.165988e-06 -2.245440e-05 -1.112273e-05 8.903887e-05
11593.600000 8.056463e-01 1.937432e-02 6.460935e-03 1.329957e-01 6.643272e-06 -1.689601e-05 -5.057055e-07 9.521419e-05
11593.800000 8.029613e-01 1.927643e-02 6.679771e-03 1.312684e-01 1.922892e-05 -2.641204e-05 9.979211e-06 9.550456e-05
11594.000000 8.014331e-01 1.935114e-02 6.370514e-03 1.328000e-01 4.204857e-06 -1.848867e-05 9.251451e-07 9.268827e-05
11594.200000 8.050140e-01 1.931387e-02 6.458597e-03 1.326491e-01 7.311578e-06 -2.671269e-05 -6.465591e-07 9.311365e-05
11594.400000 8.063096e-01 1.949184e-02 6.256878e-03 1.335190e-01 3.841221e-06 -2.516488e-05 4.450882e-07 9.132455e-05
11594.600000 8.030421e-01 1.935451e-02 6.476084e-03 1.332950e-01 1.692915e-05 -2.428488e-05 8.747656e-06 1.025133e-04
11594.800000 8.027866e-01 1.937693e-02 6.722333e-03 1.340501e-01 2.377693e-05 -2.701862e-05 1.523039e-06 9.202489e-05
11595.000000 8.067983e-01 1.951734e-02 6.604417e-03 1.332641e-01 2.327251e-05 -1.587920e-05 -1.482509e-06 7.846240e-05
11595.200000 8.014371e-01 1.937193e-02 6.633924e-03 1.329309e-01 2.674871e-05 -2.769459e-05 7.048819e-06 5.670116e-05
11595.400000 8.045786e-01 1.955987e-02 6.635223e-03 1.339852e-01 1.158700e-05 -2.024540e-05 1.905794e-05 8.919921e-05
11595.600000 8.020579e-01 1.940735e-02 6.402776e-03 1.326721e-01 1.918658e-05 -3.083440e-05 1.857338e-05 9.264492e-05
11595.800000 8.054922e-01 1.963240e-02 6.551645e-03 1.330746e-01 2.098946e-05 -3.307745e-05 2.737363e-05 9.848362e-05
11596.000000 8.016725e-01 1.950659e-02 6.501556e-03 1.337399e-01 2.824656e-05 -2.916690e-05 1.336320e-05 9.246057e-05
11596.200000 8.068416e-01 1.969395e-02 6.473790e-03 1.331980e-01 1.188626e-05 -3.128116e-05 -3.655720e-06 9.324927e-05
11596.400000 8.105935e-01 1.965573e-02 6.883701e-03 1.353233e-01 2.952912e-05 -3.837835e-05 -1.823647e-06 9.387052e-05
11596.600000 8.062210e-01 1.964353e-02 6.593637e-03 1.336302e-01 2.375487e-05 -3.633831e-05 5.836986e-06 9.531943e-05
11596.800000 7.995426e-01 1.946355e-02 6.635757e-03 1.346788e-01 3.896627e-05 -3.555740e-05 3.948732e-05 1.032508e-04
11597.000000 8.035678e-01 1.960981e-02 6.683340e-03 1.326736e-01 2.657581e-05 -3.177059e-05 2.852646e-05 1.030684e-04
11597.700000 8.026244e-01 1.956412e-02 6.766869e-03 1.336649e-01 2.652333e-05 -2.772598e-05 1.196912e-05 9.954324e-05
11598.400000 8.029458e-01 1.957846e-02 6.890831e-03 1.341666e-01 2.382339e-05 -3.069271e-05 -2.410651e-06 1.017004e-04
11599.100000 8.035461e-01 1.957953e-02 6.959024e-03 1.344466e-01 2.076459e-05 -2.617251e-05 6.904928e-06 1.057977e-04
11599.800000 8.030532e-01 1.958913e-02 7.182355e-03 1.350421e-01 2.116616e-05 -2.813728e-05 1.025826e-05 1.145718e-04
11600.500000 8.009872e-01 1.959680e-02 7.146349e-03 1.349522e-01 2.827558e-05 -1.912993e-05 -2.945703e-07 1.068313e-04
11601.200000 8.024161e-01 1.965536e-02 7.158266e-03 1.364963e-01 2.351163e-05 -1.427072e-05 -4.849452e-06 1.004159e-04
11601.900000 8.018349e-01 1.967065e-02 7.116454e-03 1.397144e-01 1.922643e-05 -1.926426e-05 9.412154e-06 1.109174e-04
11602.600000 8.021575e-01 1.969716e-02 7.264650e-03 1.416632e-01 2.026799e-05 -1.989153e-05 1.364171e-05 9.679109e-05
11603.300000 8.016593e-01 1.972271e-02 7.318885e-03 1.463223e-01 2.593810e-05 -1.895775e-05 6.652916e-06 7.771627e-05
11604.993695 8.018277e-01 1.976272e-02 7.359640e-03 1.554872e-01 2.335695e-05 -2.469823e-05 1.577804e-05 7.917615e-05
11605.999583 8.005949e-01 1.973672e-02 7.440516e-03 1.620721e-01 1.858015e-05 -2.730404e-05 -1.250634e-05 7.933052e-05
11607.017662 8.018099e-01 1.974168e-02 7.568915e-03 1.672081e-01 6.907197e-06 -2.344801e-05 -4.942096e-06 8.139991e-05
11608.047933 8.012166e-01 1.970270e-02 7.574482e-03 1.730815e-01 6.394269e-06 -2.341499e-05 -2.200750e-06 8.496349e-05
11609.090396 8.007541e-01 1.962366e-02 7.552663e-03 1.767864e-01 1.932483e-05 -1.712416e-05 -6.222345e-06 8.128769e-05
11610.145051 8.011806e-01 1.965161e-02 7.418880e-03 1.803525e-01 2.731468e-05 -5.222798e-06 8.350368e-06 8.717991e-05
11611.211898 8.012231e-01 1.965036e-02 7.412512e-03 1.812356e-01 3.395157e-05 -1.192421e-05 5.898720e-06 9.628061e-05
11612.290937 8.002455e-01 1.966907e-02 7.309090e-03 1.836794e-01 2.972901e-05 -1.986597e-05 -1.709762e-06 1.009132e-04
11613.382167 7.998832e-01 1.964989e-02 7.141727e-03 1.850547e-01 3.352177e-05 -1.961851e-05 4.063474e-06 1.131056e-04
11614.485590 8.000365e-01 1.969712e-02 7.104287e-03 1.877446e-01 2.465057e-05 -1.956153e-05 -3.920480e-06 9.928457e-05
11615.601204 7.998846e-01 1.982178e-02 7.081217e-03 1.895701e-01 2.780277e-05 -1.304056e-05 -2.780552e-07 7.682021e-05
11616.729011 7.999849e-01 1.988626e-02 6.953794e-03 1.900218e-01 2.876312e-05 -1.145157e-05 -5.480105e-06 9.129000e-05
11617.869009 7.996192e-01 1.994905e-02 6.839832e-03 1.878959e-01 2.867682e-05 -1.422497e-05 4.600905e-06 8.873127e-05
11619.021199 7.987777e-01 1.995124e-02 6.842460e-03 1.844915e-01 2.312766e-05 -1.333499e-05 -7.926708e-06 9.353747e-05
11620.185582 7.981628e-01 1.995193e-02 6.749742e-03 1.786189e-01 1.992853e-05 -1.451073e-05 -1.029009e-05 8.462232e-05
11621.362156 7.975869e-01 1.993906e-02 6.824671e-03 1.718418e-01 2.056552e-05 -2.331845e-05 -1.609220e-05 7.681095e-05
11622.550922 7.986797e-01 2.001207e-02 6.803847e-03 1.655961e-01 1.358656e-05 -2.333568e-05 -1.764478e-05 6.984975e-05
11623.751879 7.984972e-01 2.004090e-02 6.858996e-03 1.588366e-01 1.307776e-05 -2.896082e-05 -3.158997e-05 8.170762e-05
11624.965029 7.980678e-01 2.002975e-02 6.994375e-03 1.521788e-01 2.155811e-05 -3.054515e-05 -2.179930e-05 8.427131e-05
11626.190371 7.970060e-01 2.001074e-02 7.027112e-03 1.469925e-01 3.183196e-05 -2.688499e-05 -1.793640e-05 6.622746e-05
11627.427904 7.978017e-01 1.998608e-02 7.049047e-03 1.426159e-01 3.386830e-05 -2.604508e-05 -8.183399e-06 7.453929e-05
11628.677630 7.975646e-01 1.997562e-02 7.071740e-03 1.386929e-01 3.053049e-05 -2.447426e-05 -7.662199e-06 8.815558e-05
11629.939547 7.968254e-01 2.002107e-02 7.131096e-03 1.360508e-01 3.048558e-05 -1.889135e-05 4.830429e-07 9.948712e-05
11631.213657 7.956421e-01 2.006135e-02 7.227071e-03 1.352669e-01 4.150507e-05 -2.159364e-05 -6.528511e-06 1.098613e-04
11632.499958 7.954401e-01 2.006010e-02 7.230716e-03 1.345937e-01 3.483499e-05 -2.011307e-05 -1.341419e-05 1.012888e-04
11633.798451 7.959645e-01 2.005464e-02 7.200870e-03 1.327297e-01 2.963307e-05 -2.290928e-05 -1.425432e-05 8.248964e-05
11635.109136 7.950723e-01 1.995307e-02 7.173229e-03 1.314313e-01 2.637563e-05 -2.757705e-05 -1.927783e-05 6.532037e-05
11636.432013 7.949273e-01 1.998577e-02 7.148483e-03 1.317984e-01 2.026993e-05 -2.185907e-05 -1.839386e-05 9.031593e-05
11637.767082 7.941977e-01 2.003099e-02 7.416055e-03 1.312831e-01 1.287324e-05 -2.748518e-05 -2.967065e-05 8.680958e-05
11639.114342 7.952983e-01 2.010838e-02 7.340174e-03 1.310247e-01 8.074116e-06 -2.910035e-05 -1.435059e-05 9.745759e-05
11640.473795 7.950336e-01 2.014383e-02 7.394464e-03 1.302858e-01 9.047461e-06 -2.992939e-05 -1.894931e-05 8.756579e-05
11641.845440 7.944708e-01 2.018331e-02 7.572731e-03 1.308919e-01 6.481582e-06 -2.886157e-05 -2.842129e-05 8.514613e-05
11643.229276 7.942721e-01 2.031841e-02 7.765677e-03 1.306815e-01 1.225911e-05 -3.126502e-05 -2.608669e-05 1.058812e-04
11644.625305 7.941049e-01 2.047012e-02 7.815933e-03 1.300443e-01 2.134538e-05 -2.349078e-05 -2.978048e-05 1.048853e-04
11646.033525 7.941993e-01 2.050986e-02 7.806046e-03 1.293992e-01 2.818258e-05 -1.593833e-05 -2.791764e-05 1.058305e-04
11647.453937 7.945742e-01 2.058388e-02 7.898357e-03 1.286052e-01 3.254244e-05 -6.002027e-06 -2.282755e-05 1.036070e-04
11648.886541 7.940591e-01 2.068217e-02 7.927751e-03 1.279501e-01 3.000103e-05 -8.518146e-06 -3.532865e-05 7.633305e-05
11650.331337 7.936735e-01 2.068639e-02 7.873517e-03 1.284751e-01 3.370839e-05 -9.475916e-06 -1.742088e-05 1.057718e-04
11651.788325 7.925792e-01 2.069160e-02 7.894606e-03 1.274823e-01 2.614103e-05 -1.294431e-05 -1.778018e-05 9.716047e-05
11653.257505 7.924687e-01 2.072320e-02 7.843420e-03 1.275684e-01 2.340082e-05 -1.401869e-05 -1.161397e-05 9.289642e-05
11654.738877 7.927552e-01 2.075524e-02 7.792163e-03 1.286708e-01 2.936778e-05 -1.356259e-05 -1.107562e-05 8.870938e-05
11656.232440 7.910628e-01 2.075441e-02 7.718404e-03 1.278852e-01 1.404499e-05 -1.326820e-05 -1.951255e-05 7.600370e-05
11657.738196 7.891346e-01 2.073665e-02 7.619133e-03 1.285178e-01 6.213054e-06 -1.317671e-05 -1.862801e-05 6.343961e-05
11659.256143 7.887955e-01 2.071255e-02 7.526248e-03 1.281037e-01 2.312347e-06 -1.271348e-05 -2.272737e-05 8.716259e-05
11660.786283 7.899093e-01 2.070522e-02 7.458449e-03 1.289027e-01 -2.925563e-06 -1.219057e-05 -1.411362e-05 9.877729e-05
11662.328614 7.913282e-01 2.069125e-02 7.417570e-03 1.298022e-01 -6.529781e-06 -1.491359e-05 -1.940023e-06 9.797245e-05
11663.883137 7.911593e-01 2.071841e-02 7.519561e-03 1.292524e-01 3.848656e-06 -9.653028e-06 -1.770572e-05 9.902639e-05
11665.449852 7.903712e-01 2.074555e-02 7.469573e-03 1.296645e-01 -5.689634e-07 -9.291741e-06 -2.987402e-05 1.021319e-04
11667.028759 7.901704e-01 2.091505e-02 7.515254e-03 1.291267e-01 6.669150e-06 -1.233681e-05 -1.437871e-05 1.054618e-04
11668.619858 7.889744e-01 2.105090e-02 7.550772e-03 1.293007e-01 1.342306e-05 -1.555041e-05 -3.318110e-06 1.151003e-04
11670.223149 7.870289e-01 2.110467e-02 7.584472e-03 1.297382e-01 2.078836e-05 -1.334301e-05 -1.744413e-05 9.972233e-05
11671.838632 7.852148e-01 2.117029e-02 7.586312e-03 1.292119e-01 2.519719e-05 -1.052454e-05 -1.228593e-05 1.111324e-04
11673.466307 7.872165e-01 2.128282e-02 7.654008e-03 1.294818e-01 2.608784e-05 -1.369300e-05 -1.182114e-05 1.060706e-04
11675.106173 7.882514e-01 2.132438e-02 7.687919e-03 1.298673e-01 1.730861e-05 -1.544636e-05 -2.052561e-05 1.031970e-04
11676.758232 7.878872e-01 2.137530e-02 7.691633e-03 1.298037e-01 3.186022e-05 -1.699636e-05 -1.986713e-05 9.988421e-05
11678.422482 7.880228e-01 2.150431e-02 7.800845e-03 1.305249e-01 2.630698e-05 -2.143412e-05 -1.866073e-05 1.024317e-04
11680.098924 7.875521e-01 2.162761e-02 7.765420e-03 1.302526e-01 2.523071e-05 -2.384521e-05 -2.753322e-05 8.742319e-05
11681.787558 7.864495e-01 2.171569e-02 7.873238e-03 1.298811e-01 2.474878e-05 -1.286530e-05 -4.031977e-05 7.922650e-05
11683.488385 7.859604e-01 2.164555e-02 7.840948e-03 1.291159e-01 2.049314e-05 -1.205051e-05 -4.288633e-05 7.707477e-05
11685.201403 7.855345e-01 2.164184e-02 7.740005e-03 1.289088e-01 1.940963e-05 -7.540453e-06 -2.041180e-05 1.025578e-04
11686.926613 7.862506e-01 2.178745e-02 7.771299e-03 1.303025e-01 2.372358e-05 -8.447724e-06 -2.811540e-05 9.713438e-05
11688.664014 7.860085e-01 2.189307e-02 7.852573e-03 1.293449e-01 2.142635e-05 -5.193620e-06 -3.834054e-05 6.996299e-05
11690.413608 7.849985e-01 2.203111e-02 7.795486e-03 1.290183e-01 7.769762e-06 3.738052e-06 -4.225419e-05 7.971615e-05
11692.175394 7.859535e-01 2.222514e-02 7.858290e-03 1.293876e-01 4.016588e-06 6.163138e-06 -3.341687e-05 9.111333e-05
11693.949371 7.844783e-01 2.234993e-02 7.933701e-03 1.292712e-01 -2.042657e-06 2.707095e-06 -3.106168e-05 8.593148e-05
11695.735541 7.844720e-01 2.242578e-02 7.999422e-03 1.290067e-01 -3.995253e-06 -3.364583e-06 -2.655655e-05 7.833414e-05
11697.533902 7.845261e-01 2.246967e-02 8.109986e-03 1.291685e-01 -9.421227e-06 -6.685867e-06 -3.272246e-05 8.189176e-05
11699.344455 7.848141e-01 2.250950e-02 8.266378e-03 1.297574e-01 -1.111221e-06 -2.210920e-06 -2.889277e-05 7.567196e-05
11701.167201 7.829770e-01 2.241978e-02 8.296897e-03 1.283136e-01 3.994344e-06 -6.433088e-06 -3.629349e-05 7.882851e-05
11703.002138 7.808604e-01 2.241843e-02 8.440758e-03 1.274955e-01 6.494007e-06 -5.384556e-06 -2.805993e-05 7.767134e-05
11704.849267 7.821582e-01 2.252399e-02 8.464169e-03 1.282477e-01 7.565360e-06 6.082721e-07 -1.647784e-05 8.371721e-05
11706.708588 7.834925e-01 2.255811e-02 8.523789e-03 1.283997e-01 1.404971e-05 1.081842e-06 -1.233501e-05 9.199317e-05
11708.580100 7.832033e-01 2.249352e-02 8.577134e-03 1.271080e-01 1.902242e-05 -2.283632e-06 -1.730503e-05 9.268309e-05
11710.463805 7.833235e-01 2.249765e-02 8.583973e-03 1.284246e-01 1.431135e-05 4.866140e-06 -2.197617e-05 8.516561e-05
11712.359702 7.824873e-01 2.244901e-02 8.477286e-03 1.290930e-01 1.854687e-05 4.965045e-06 -2.511525e-05 8.229856e-05
11714.267790 7.824460e-01 2.235213e-02 8.450479e-03 1.275996e-01 1.649890e-05 1.732165e-06 -2.430736e-05 7.824002e-05
11716.188071 7.825150e-01 2.242474e-02 8.450474e-03 1.288779e-01 2.213894e-05 -2.163312e-06 -2.304138e-05 8.034049e-05
11718.120543 7.816500e-01 2.267335e-02 8.482865e-03 1.290038e-01 3.498844e-05 1.905359e-06 -2.301342e-05 8.163232e-05
11720.065207 7.813905e-01 2.288906e-02 8.464218e-03 1.288227e-01 3.123584e-05 -4.854703e-06 -1.178280e-05 9.176396e-05
11722.022064 7.812342e-01 2.295817e-02 8.438832e-03 1.289734e-01 2.916656e-05 -6.710875e-06 -2.280883e-05 7.897130e-05
11723.991112 7.811791e-01 2.298038e-02 8.408430e-03 1.301221e-01 2.974906e-05 -7.692952e-06 -2.567427e-05 7.015949e-05
11725.972352 7.792113e-01 2.305671e-02 8.379303e-03 1.291349e-01 2.126171e-05 -9.432237e-06 -1.438313e-05 8.279601e-05
11727.965784 7.794435e-01 2.329029e-02 8.340646e-03 1.295534e-01 2.243569e-05 -7.527229e-06 -1.687620e-05 7.825310e-05
11729.971407 7.785675e-01 2.330728e-02 8.426331e-03 1.287491e-01 2.716078e-05 -5.068087e-07 -1.151928e-05 6.733615e-05
11731.989223 7.794665e-01 2.330063e-02 8.345803e-03 1.292655e-01 1.205074e-05 2.401011e-06 -2.247835e-05 7.019664e-05
11734.019231 7.785625e-01 2.328481e-02 8.290126e-03 1.303894e-01 4.536773e-06 -1.572089e-06 -1.491483e-05 7.208069e-05
11736.061430 7.786442e-01 2.337769e-02 8.387761e-03 1.295236e-01 1.038707e-06 2.368154e-06 -8.664840e-06 7.868478e-05
11738.115822 7.774940e-01 2.351250e-02 8.435016e-03 1.302746e-01 -1.903014e-06 -4.840389e-06 -5.144547e-06 8.325666e-05
11740.182405 7.769882e-01 2.364810e-02 8.424570e-03 1.297139e-01 -7.125461e-07 -1.246630e-05 -1.068975e-05 9.688966e-05
11742.261180 7.741111e-01 2.360553e-02 8.480723e-03 1.294657e-01 -1.686110e-06 -1.418827e-05 -1.645142e-05 9.077441e-05
11744.352148 7.732967e-01 2.362972e-02 8.552048e-03 1.300718e-01 8.158616e-06 -1.598219e-05 -2.570727e-05 8.655471e-05
11746.455307 7.749794e-01 2.381742e-02 8.557904e-03 1.297617e-01 7.203746e-06 -1.884039e-05 -2.810074e-06 9.810973e-05
11748.570658 7.755485e-01 2.392635e-02 8.469885e-03 1.306633e-01 -1.144062e-06 -1.715934e-05 -1.065372e-05 7.971509e-05
11750.698201 7.750170e-01 2.382647e-02 8.466450e-03 1.303546e-01 1.612788e-05 -1.297298e-05 -1.390853e-05 6.982447e-05
11752.837935 7.747445e-01 2.373790e-02 8.436483e-03 1.293858e-01 1.628200e-05 -1.273418e-05 -3.728507e-05 6.852569e-05
11754.989862 7.738043e-01 2.390925e-02 8.535234e-03 1.298657e-01 1.418337e-05 -1.065052e-05 -2.714980e-05 7.822586e-05
11757.153981 7.740625e-01 2.404065e-02 8.486345e-03 1.304079e-01 1.163043e-05 -6.742208e-06 -1.977685e-05 9.060321e-05
11759.330291 7.727487e-01 2.408105e-02 8.491307e-03 1.297503e-01 5.488816e-06 -1.565354e-05 -1.726441e-05 9.126081e-05
11761.518794 7.675669e-01 2.402083e-02 8.571616e-03 1.284240e-01 1.388612e-06 -1.753183e-05 -3.328675e-05 8.023709e-05
11763.719488 7.705420e-01 2.424242e-02 8.765517e-03 1.288972e-01 4.816391e-06 -1.152791e-05 -2.539616e-05 7.160689e-05
11765.932374 7.713046e-01 2.435609e-02 8.871800e-03 1.292076e-01 7.729543e-06 -1.261169e-05 -2.146136e-05 7.419735e-05
11768.157453 7.716139e-01 2.445531e-02 9.005311e-03 1.271366e-01 3.568178e-06 -1.140643e-05 -2.448790e-05 7.463965e-05
11770.394723 7.720871e-01 2.450171e-02 9.067751e-03 1.283269e-01 4.296130e-06 -1.902278e-05 -2.005417e-05 7.562106e-05
11772.644185 7.699343e-01 2.442562e-02 9.129995e-03 1.281663e-01 -2.393626e-06 -1.092476e-05 -1.416849e-05 7.809553e-05
11774.905838 7.705672e-01 2.445196e-02 9.158396e-03 1.280274e-01 2.081737e-06 -1.984398e-05 -1.661740e-05 7.914699e-05
11777.179684 7.694155e-01 2.459690e-02 9.184316e-03 1.279567e-01 1.416071e-05 -2.992623e-05 -1.584409e-05 7.491864e-05
11779.465722 7.711456e-01 2.482807e-02 9.224702e-03 1.289205e-01 2.617620e-06 -1.838869e-05 -3.381549e-05 6.723787e-05
11781.763952 7.689284e-01 2.484979e-02 9.346913e-03 1.302110e-01 2.463117e-06 -1.060595e-05 -2.777399e-05 8.173533e-05
11784.074373 7.692165e-01 2.499462e-02 9.295458e-03 1.324473e-01 5.138230e-06 -6.215611e-06 -1.712216e-05 8.381186e-05
11786.396987 7.689338e-01 2.506324e-02 9.424394e-03 1.318410e-01 9.019879e-06 -9.193367e-06 -9.316756e-06 8.436091e-05
11788.731792 7.683937e-01 2.512570e-02 9.449555e-03 1.313340e-01 4.286252e-06 -1.215566e-05 -1.660230e-05 7.463123e-05
11791.078789 7.683046e-01 2.518258e-02 9.386541e-03 1.310435e-01 1.854743e-06 -1.117277e-05 -2.071926e-05 7.255405e-05
11793.437978 7.660293e-01 2.515760e-02 9.446611e-03 1.338912e-01 9.849366e-06 -1.761618e-05 -2.245250e-05 7.543941e-05
11795.809359 7.627156e-01 2.503190e-02 9.331968e-03 1.405158e-01 1.913479e-06 -2.671875e-05 -1.896224e-05 8.269475e-05
11798.192932 7.639327e-01 2.512060e-02 9.358510e-03 1.504745e-01 4.075137e-07 -2.745676e-05 -2.142136e-05 8.569821e-05
11800.588697 7.635454e-01 2.502343e-02 9.301257e-03 1.603876e-01 6.296913e-06 -3.899577e-05 -2.727578e-05 8.234960e-05
11802.996654 7.667959e-01 2.493812e-02 9.285731e-03 1.641743e-01 7.205066e-06 -3.170830e-05 -1.915485e-05 7.923406e-05
11805.416803 7.661135e-01 2.484657e-02 9.208234e-03 1.590523e-01 6.187974e-06 -2.960825e-05 -7.789225e-06 7.824770e-05
11807.849143 7.644620e-01 2.480280e-02 9.046989e-03 1.511522e-01 2.141794e-06 -2.662061e-05 4.292786e-07 8.318879e-05
11810.293676 7.630891e-01 2.500461e-02 9.037531e-03 1.450431e-01 5.815514e-06 -1.457613e-05 -5.348394e-06 6.920661e-05
11812.750400 7.633557e-01 2.527126e-02 9.093582e-03 1.392463e-01 1.266304e-05 -1.625037e-05 -9.823711e-06 6.315035e-05
11815.219317 7.634138e-01 2.549886e-02 9.105158e-03 1.355780e-01 1.183584e-05 -2.026429e-05 -9.778212e-06 6.383169e-05
11817.700425 7.611836e-01 2.561404e-02 9.139341e-03 1.325938e-01 6.844742e-06 -2.044500e-05 -1.483624e-05 7.665732e-05
11820.193725 7.621207e-01 2.566654e-02 9.161746e-03 1.315282e-01 2.787222e-06 -1.299864e-05 -2.304712e-05 7.668705e-05
11822.699217 7.620162e-01 2.567489e-02 9.177911e-03 1.307476e-01 -1.434204e-07 -4.283851e-06 -2.607374e-05 7.738637e-05
11825.216901 7.606623e-01 2.576838e-02 9.306080e-03 1.295069e-01 1.663196e-06 -6.329453e-06 -1.518047e-05 7.109730e-05
11827.746777 7.603449e-01 2.582451e-02 9.399454e-03 1.283730e-01 2.325693e-06 -8.154548e-06 -2.275970e-05 5.566830e-05
11830.288845 7.611152e-01 2.588580e-02 9.436598e-03 1.296305e-01 7.107352e-07 -2.121259e-05 -4.829727e-06 8.390511e-05
11832.843105 7.593298e-01 2.579573e-02 9.454012e-03 1.292718e-01 -7.767537e-06 -2.494927e-05 -1.528391e-05 8.281517e-05
11835.409556 7.582607e-01 2.591326e-02 9.693237e-03 1.288156e-01 -2.729452e-06 -2.336881e-05 -9.913351e-06 8.235392e-05
11837.988200 7.569434e-01 2.616430e-02 9.852705e-03 1.289663e-01 1.852476e-05 -1.657636e-05 -8.078652e-06 8.121245e-05
11840.579035 7.557324e-01 2.636457e-02 9.921762e-03 1.285610e-01 1.353101e-05 -1.595081e-05 -7.894281e-06 8.948578e-05
11843.182062 7.596455e-01 2.654820e-02 9.996499e-03 1.287058e-01 1.273913e-05 -2.029314e-05 -1.070465e-05 7.536377e-05
11845.797282 7.577042e-01 2.660146e-02 1.007646e-02 1.275710e-01 1.394172e-05 -1.573960e-05 1.038026e-05 7.817240e-05
11848.424693 7.580191e-01 2.665769e-02 1.010416e-02 1.282603e-01 4.749527e-06 -1.592751e-05 2.361938e-06 7.838957e-05
11851.064296 7.574034e-01 2.672245e-02 1.015348e-02 1.293682e-01 1.044288e-05 -2.047845e-05 -4.473735e-06 7.879755e-05
11853.716091 7.547695e-01 2.677687e-02 1.016430e-02 1.277758e-01 1.118635e-05 -1.949758e-05 3.436224e-06 8.194792e-05
11856.380078 7.561157e-01 2.704365e-02 1.020166e-02 1.288245e-01 7.424525e-06 -1.214227e-05 7.387236e-06 8.109900e-05
11859.056256 7.563561e-01 2.713960e-02 1.020751e-02 1.293277e-01 5.084626e-06 -1.809785e-05 2.034134e-07 8.510408e-05
11861.744627 7.549044e-01 2.714727e-02 1.027444e-02 1.282864e-01 1.683684e-06 -1.538559e-05 4.448546e-06 7.812362e-05
11864.445190 7.553796e-01 2.717154e-02 1.029315e-02 1.284029e-01 4.423260e-06 -1.942051e-05 -2.534938e-06 8.213788e-05
11867.157944 7.549502e-01 2.723946e-02 1.038336e-02 1.282791e-01 1.640271e-05 -1.855786e-05 -5.563324e-06 8.522137e-05
11869.882891 7.552860e-01 2.736012e-02 1.043735e-02 1.276244e-01 6.260418e-06 -1.819511e-05 -9.823027e-06 7.814744e-05
11872.620029 7.558430e-01 2.763460e-02 1.046074e-02 1.278265e-01 8.013173e-06 -1.504361e-05 -1.235679e-05 8.426449e-05
11875.369359 7.551730e-01 2.788901e-02 1.051420e-02 1.280487e-01 1.229239e-05 -2.359174e-05 1.102068e-06 8.017768e-05
11878.130881 7.537426e-01 2.796107e-02 1.052857e-02 1.284043e-01 1.478524e-05 -1.692629e-05 5.009783e-06 8.191071e-05
11880.904595 7.546162e-01 2.802491e-02 1.048369e-02 1.283909e-01 4.603271e-06 -1.738876e-05 -1.612342e-06 8.137516e-05
11883.690501 7.531503e-01 2.818812e-02 1.052670e-02 1.283475e-01 1.011813e-05 -1.496364e-05 -3.533195e-06 6.504275e-05
11886.488599 7.522528e-01 2.825841e-02 1.045679e-02 1.287272e-01 8.558423e-06 -1.463340e-05 4.027066e-06 8.374999e-05
11889.298889 7.518515e-01 2.837020e-02 1.045618e-02 1.288496e-01 6.473044e-06 -1.785076e-05 -4.307482e-06 7.159487e-05
11892.121371 7.518569e-01 2.843402e-02 1.040113e-02 1.294428e-01 1.065993e-05 -2.117179e-05 -3.690138e-06 4.434097e-05
11894.956044 7.473423e-01 2.810634e-02 1.035428e-02 1.280303e-01 6.597703e-06 -2.486313e-05 -8.298724e-07 7.740836e-05
11897.802910 7.416683e-01 2.787587e-02 1.029316e-02 1.272645e-01 4.106652e-06 -2.430584e-05 1.124014e-05 8.610709e-05
11900.661967 7.473658e-01 2.834461e-02 1.048007e-02 1.282313e-01 7.193489e-06 -2.124146e-05 7.626910e-06 8.221831e-05
11903.533217 7.488697e-01 2.869790e-02 1.064598e-02 1.289670e-01 4.984125e-06 -2.677488e-05 2.098450e-07 8.052156e-05
11906.416658 7.484658e-01 2.879419e-02 1.064326e-02 1.286456e-01 1.523992e-06 -2.624082e-05 -3.423586e-06 7.676433e-05
11909.312291 7.482864e-01 2.876709e-02 1.080144e-02 1.290426e-01 4.638520e-06 -2.052527e-05 -3.728197e-06 7.565755e-05
11912.220116 7.479485e-01 2.877769e-02 1.091524e-02 1.287032e-01 3.992338e-06 -2.461824e-05 2.469310e-06 8.028001e-05
11915.140133 7.470046e-01 2.861082e-02 1.095538e-02 1.289834e-01 6.884593e-08 -3.197707e-05 -4.571890e-06 8.100876e-05
11918.072342 7.462902e-01 2.823626e-02 1.093480e-02 1.287277e-01 5.276769e-06 -3.020801e-05 2.256680e-06 7.808825e-05
11921.016743 7.394761e-01 2.786849e-02 1.085443e-02 1.276649e-01 1.124675e-05 -3.196772e-05 5.571491e-06 7.723264e-05
11923.973335 7.394406e-01 2.821472e-02 1.094949e-02 1.269260e-01 1.010670e-05 -3.233746e-05 -3.510141e-06 7.037096e-05
11926.942120 7.447198e-01 2.884656e-02 1.113108e-02 1.276171e-01 1.135322e-05 -2.928247e-05 -4.781728e-07 7.130269e-05
11929.923096 7.436662e-01 2.895455e-02 1.112769e-02 1.276417e-01 1.266147e-05 -3.054473e-05 -1.962579e-06 7.028799e-05
11932.916265 7.442392e-01 2.923811e-02 1.129159e-02 1.281334e-01 1.199189e-05 -3.194426e-05 1.435803e-05 6.631047e-05
11935.921625 7.433617e-01 2.941303e-02 1.141206e-02 1.278893e-01 7.047232e-06 -3.873134e-05 5.005714e-06 6.365467e-05
11938.939177 7.434897e-01 2.947321e-02 1.132886e-02 1.281712e-01 1.138966e-05 -2.472905e-05 -2.038352e-06 6.214394e-05
11941.968921 7.424302e-01 2.958823e-02 1.137418e-02 1.285065e-01 1.102560e-05 -2.732767e-05 -2.689211e-07 6.256083e-05
11945.010858 7.422875e-01 2.969565e-02 1.150144e-02 1.281497e-01 1.219503e-05 -2.464181e-05 2.656271e-06 6.581090e-05
11948.064985 7.412314e-01 2.969971e-02 1.144334e-02 1.278295e-01 1.582368e-05 -2.720718e-05 -1.176815e-06 7.570064e-05
11951.131305 7.405765e-01 2.968772e-02 1.151184e-02 1.279846e-01 1.927280e-05 -2.409394e-05 6.763120e-07 7.567268e-05
11954.209817 7.403391e-01 2.971934e-02 1.155231e-02 1.277890e-01 1.566311e-05 -2.801223e-05 2.724208e-06 7.878790e-05
11957.300521 7.398511e-01 2.979252e-02 1.167184e-02 1.275974e-01 5.236948e-06 -3.000141e-05 5.860282e-06 7.562159e-05
11960.403416 7.409747e-01 3.000910e-02 1.172357e-02 1.274750e-01 -9.111731e-07 -3.291373e-05 8.571624e-06 8.126721e-05
11963.518504 7.412118e-01 3.031505e-02 1.176011e-02 1.280331e-01 6.752114e-07 -3.458530e-05 1.053132e-05 8.499051e-05
11966.645783 7.396120e-01 3.056047e-02 1.183603e-02 1.283248e-01 1.072760e-05 -2.823947e-05 3.492007e-06 8.911040e-05
11969.785255 7.392170e-01 3.087351e-02 1.188305e-02 1.279243e-01 1.370736e-05 -1.665936e-05 -3.789781e-06 8.431027e-05
11972.936918 7.376569e-01 3.102702e-02 1.195040e-02 1.273663e-01 7.603505e-06 -1.442177e-05 6.121800e-06 7.346154e-05
11976.100773 7.369874e-01 3.104552e-02 1.194636e-02 1.276558e-01 2.805075e-06 -2.632989e-05 -5.012475e-06 7.423223e-05
11979.276820 7.374968e-01 3.111871e-02 1.195398e-02 1.279148e-01 6.733708e-06 -2.768612e-05 -1.240750e-05 5.062676e-05
11982.465059 7.364763e-01 3.136947e-02 1.205916e-02 1.271643e-01 1.480514e-05 -1.687328e-05 1.641014e-06 7.445081e-05
11985.665490 7.366658e-01 3.179099e-02 1.217448e-02 1.279102e-01 1.275748e-05 -1.547729e-05 1.119733e-05 8.187390e-05
11988.878112 7.349337e-01 3.183458e-02 1.206406e-02 1.281376e-01 9.196412e-06 -1.545052e-05 1.059279e-05 8.785839e-05
11992.102927 7.348986e-01 3.202406e-02 1.221110e-02 1.275909e-01 7.719911e-06 -1.764867e-05 6.945856e-07 8.922447e-05
11995.339934 7.345246e-01 3.218415e-02 1.222234e-02 1.278050e-01 1.165524e-05 -2.156965e-05 -1.674768e-06 8.291272e-05
11998.589132 7.337604e-01 3.211469e-02 1.225594e-02 1.278017e-01 -1.969959e-06 -2.235523e-05 -4.506849e-06 6.916047e-05
12001.850523 7.328679e-01 3.214688e-02 1.238313e-02 1.277477e-01 -2.841270e-06 -1.781126e-05 -2.002867e-05 7.637492e-05
12005.124105 7.324623e-01 3.218970e-02 1.246497e-02 1.275534e-01 3.372674e-06 -2.293873e-05 -4.545346e-06 8.082170e-05
12008.409879 7.321106e-01 3.221286e-02 1.252348e-02 1.280770e-01 7.505631e-06 -1.980936e-05 -9.297712e-07 8.045441e-05
12011.707845 7.315970e-01 3.219794e-02 1.272037e-02 1.276807e-01 9.934779e-06 -1.069575e-05 -1.242191e-05 7.210971e-05
12015.018003 7.309962e-01 3.225414e-02 1.283107e-02 1.293146e-01 3.209987e-06 -1.381522e-05 -2.062948e-05 7.359456e-05
12018.340353 7.301130e-01 3.237843e-02 1.295997e-02 1.301267e-01 9.334630e-06 -1.229284e-05 -1.924113e-05 6.708552e-05
12021.674895 7.300142e-01 3.245302e-02 1.305143e-02 1.310340e-01 3.489125e-06 -1.470883e-05 -2.145817e-05 6.959244e-05
12025.021629 7.285081e-01 3.248350e-02 1.306148e-02 1.296096e-01 4.533470e-06 -2.381800e-05 -1.795071e-05 6.218169e-05
12028.380554 7.284335e-01 3.246344e-02 1.308605e-02 1.287565e-01 1.356284e-05 -1.817875e-05 -1.431842e-05 6.485738e-05
12031.751672 7.278047e-01 3.224294e-02 1.306140e-02 1.281149e-01 2.512541e-05 -2.696222e-05 -1.073482e-05 5.437055e-05
12035.134982 7.274716e-01 3.217105e-02 1.299337e-02 1.277943e-01 1.694614e-05 -2.570173e-05 -1.895319e-05 6.649608e-05
12038.530483 7.271904e-01 3.208170e-02 1.292169e-02 1.279218e-01 1.724350e-05 -2.388580e-05 -1.926414e-05 6.840737e-05
12041.938176 7.266238e-01 3.175502e-02 1.283429e-02 1.288991e-01 1.052715e-05 -2.500216e-05 -2.912716e-05 7.173662e-05
12045.358061 7.208266e-01 3.129299e-02 1.270474e-02 1.284322e-01 3.834300e-06 -1.990851e-05 -2.853634e-05 7.149513e-05
12048.790139 7.137545e-01 3.120335e-02 1.269361e-02 1.265520e-01 5.771759e-06 -1.380270e-05 -2.724980e-05 6.172752e-05
12052.234408 7.232077e-01 3.214885e-02 1.293911e-02 1.286736e-01 1.458165e-05 -1.084972e-05 -2.168426e-05 6.071947e-05
12055.690868 7.244375e-01 3.263142e-02 1.304268e-02 1.287513e-01 8.729907e-06 -1.331027e-05 -2.482973e-05 7.056902e-05
12059.159521 7.247305e-01 3.297389e-02 1.324296e-02 1.279408e-01 8.473802e-06 -1.572178e-05 -2.059929e-05 6.479610e-05
12062.640366 7.240803e-01 3.342544e-02 1.339547e-02 1.279746e-01 7.957725e-06 -2.474972e-05 -1.142036e-05 7.419868e-05
12066.133403 7.232347e-01 3.398145e-02 1.357292e-02 1.272014e-01 1.294717e-05 -2.707572e-05 -1.513931e-05 7.989916e-05
12069.638631 7.214425e-01 3.448455e-02 1.368012e-02 1.274242e-01 1.495152e-05 -2.317659e-05 -1.462186e-05 7.754007e-05
12073.156052 7.221946e-01 3.480642e-02 1.387478e-02 1.271116e-01 1.799123e-05 -2.403689e-05 -3.989783e-06 7.268272e-05
12076.685664 7.206309e-01 3.478561e-02 1.388721e-02 1.270287e-01 1.841463e-05 -2.207324e-05 -8.743938e-06 8.338473e-05
12080.227468 7.199414e-01 3.487971e-02 1.389241e-02 1.265919e-01 1.482612e-05 -2.446444e-05 -6.181078e-06 8.547276e-05
12083.781465 7.205021e-01 3.489291e-02 1.392735e-02 1.271497e-01 1.300706e-05 -2.525463e-05 -1.080767e-06 9.031576e-05
12087.347653 7.190165e-01 3.498263e-02 1.405146e-02 1.275476e-01 1.836359e-05 -2.181311e-05 -6.357802e-06 1.014516e-04
12090.926033 7.186910e-01 3.534617e-02 1.422004e-02 1.267475e-01 2.034944e-05 -2.118401e-05 -1.109164e-05 9.916704e-05
12094.516605 7.179275e-01 3.553484e-02 1.430663e-02 1.271596e-01 1.120465e-05 -1.186922e-05 -1.968488e-05 8.590385e-05
12098.119369 7.180867e-01 3.571247e-02 1.440980e-02 1.267195e-01 5.880036e-06 -7.421905e-06 -7.653995e-06 8.243572e-05
12101.734324 7.167972e-01 3.582299e-02 1.453685e-02 1.265651e-01 5.933106e-07 -1.366955e-05 -1.388743e-06 8.504291e-05
12105.361472 7.164150e-01 3.590475e-02 1.461986e-02 1.269521e-01 1.343402e-06 -1.192286e-05 -1.944768e-06 8.415347e-05
12109.000811 7.154760e-01 3.613752e-02 1.475981e-02 1.272773e-01 -6.165788e-07 -1.188794e-05 -1.489475e-05 8.064515e-05
12112.652343 7.151814e-01 3.647171e-02 1.494160e-02 1.276352e-01 -1.197768e-06 -8.663998e-06 -1.382689e-05 8.546625e-05
12116.316066 7.132495e-01 3.661961e-02 1.507169e-02 1.274047e-01 -1.279366e-06 -7.505784e-06 -4.749316e-06 9.758375e-05
12119.991982 7.120349e-01 3.668278e-02 1.513714e-02 1.265300e-01 -4.967399e-07 -6.214258e-06 -1.123541e-05 9.254250e-05
12123.680089 7.123357e-01 3.680815e-02 1.517629e-02 1.266324e-01 -3.671397e-06 -1.332215e-05 5.888273e-07 8.102827e-05
12127.380388 7.119870e-01 3.696622e-02 1.535092e-02 1.264108e-01 8.609569e-06 -1.584771e-05 4.663908e-07 7.858715e-05
12131.092879 7.117388e-01 3.706641e-02 1.543621e-02 1.257850e-01 8.557429e-06 -2.659369e-05 -4.663797e-06 8.328913e-05
12134.817562 7.101765e-01 3.704666e-02 1.543965e-02 1.258972e-01 4.679537e-06 -2.444102e-05 -6.643030e-07 8.221974e-05
12138.554437 7.095125e-01 3.704958e-02 1.550540e-02 1.258399e-01 6.776397e-06 -2.118946e-05 3.503266e-06 7.271526e-05
12142.303503 7.091059e-01 3.728345e-02 1.563120e-02 1.263151e-01 8.777010e-06 -2.802080e-05 -1.145674e-05 7.491863e-05
12146.064762 7.094759e-01 3.753439e-02 1.578340e-02 1.265385e-01 1.387426e-05 -2.374769e-05 -1.574726e-05 7.207196e-05
12149.838213 7.088697e-01 3.763565e-02 1.583016e-02 1.260334e-01 1.196079e-05 -1.564565e-05 -1.478503e-05 7.387888e-05
12153.623855 7.089731e-01 3.777501e-02 1.583021e-02 1.267891e-01 7.607881e-06 -4.275490e-06 -1.112604e-05 6.562254e-05
12157.421689 7.082438e-01 3.816961e-02 1.597623e-02 1.261540e-01 4.030388e-06 6.802230e-06 -9.071032e-06 8.146689e-05
12161.231716 7.069259e-01 3.835556e-02 1.601615e-02 1.262831e-01 3.657935e-06 1.491410e-06 -1.202232e-05 7.535552e-05
12165.053934 7.058670e-01 3.833233e-02 1.605277e-02 1.269358e-01 -5.000049e-06 -9.462179e-06 -9.285249e-06 7.683108e-05
12168.888344 7.049848e-01 3.835011e-02 1.611361e-02 1.276191e-01 -1.458513e-06 -7.993804e-06 -1.237879e-05 7.520286e-05
12172.734946 7.031102e-01 3.858266e-02 1.614295e-02 1.278607e-01 1.978875e-07 -4.035678e-06 -1.086102e-05 7.918642e-05
12176.593740 7.034090e-01 3.888167e-02 1.629340e-02 1.277840e-01 -1.226760e-06 -6.397367e-06 -1.670908e-07 8.285874e-05
12180.464726 7.034403e-01 3.905817e-02 1.644610e-02 1.273900e-01 -4.221205e-06 -1.595020e-05 -7.033511e-06 9.441188e-05
12184.347903 7.033036e-01 3.908387e-02 1.643873e-02 1.277964e-01 -1.872295e-06 -1.403549e-05 -1.262015e-05 9.582890e-05
12188.243273 7.026656e-01 3.935288e-02 1.656265e-02 1.278191e-01 -7.767012e-06 -1.417385e-05 -1.275896e-05 1.016348e-04
12192.150835 7.025798e-01 3.966248e-02 1.671255e-02 1.275376e-01 -8.228774e-06 -2.574774e-06 -8.104021e-06 9.479624e-05
12196.070588 7.002412e-01 3.975409e-02 1.678534e-02 1.264364e-01 1.948762e-06 -1.028651e-05 -6.232515e-06 9.561316e-05
12200.002533 7.000749e-01 3.982167e-02 1.677584e-02 1.267821e-01 -2.904818e-06 -1.724075e-05 -7.722108e-06 8.019826e-05
12203.946671 7.007469e-01 4.011978e-02 1.697251e-02 1.270887e-01 9.182409e-06 -8.319485e-06 -7.122634e-06 7.795748e-05
12207.903000 6.999159e-01 4.028657e-02 1.715756e-02 1.288394e-01 1.440731e-05 2.221791e-07 -1.767036e-05 8.875597e-05
12211.871521 6.985447e-01 4.025384e-02 1.723105e-02 1.300884e-01 -9.768221e-07 -4.004268e-06 -8.072950e-06 1.006428e-04
12215.852234 6.977742e-01 4.038527e-02 1.728229e-02 1.285284e-01 -2.178487e-06 -7.184225e-06 -2.976654e-06 9.075192e-05
12219.845139 6.975930e-01 4.089072e-02 1.751184e-02 1.279661e-01 7.001727e-06 -1.016224e-05 -1.230403e-05 8.717636e-05
12223.850236 6.973100e-01 4.103282e-02 1.766039e-02 1.274837e-01 8.323097e-06 -1.256989e-05 -9.000441e-06 1.115791e-04
12227.867524 6.959911e-01 4.093616e-02 1.770563e-02 1.270877e-01 7.934083e-06 -6.660070e-06 -9.819932e-06 8.952868e-05
12231.897005 6.942356e-01 4.085312e-02 1.776634e-02 1.266081e-01 1.807699e-05 -1.823237e-06 -1.494627e-05 8.943653e-05
12235.938678 6.946992e-01 4.099789e-02 1.788254e-02 1.269572e-01 1.695837e-05 9.585782e-06 -1.986816e-05 9.177752e-05
12239.992542 6.924712e-01 4.102993e-02 1.789111e-02 1.289833e-01 1.525289e-05 1.595980e-06 -3.222875e-05 9.264672e-05
12244.058598 6.929682e-01 4.108636e-02 1.801769e-02 1.505240e-01 2.181564e-05 3.130034e-06 -2.096725e-05 7.848552e-05
12248.136847 6.926830e-01 4.126500e-02 1.812914e-02 1.963573e-01 2.362899e-05 1.596239e-06 -8.888065e-06 7.184828e-05
12252.227287 6.877683e-01 4.109181e-02 1.811436e-02 2.063259e-01 1.410330e-05 -6.731679e-06 -1.103887e-05 5.231825e-05
12256.329919 6.763502e-01 4.038499e-02 1.795438e-02 1.786509e-01 -5.106699e-06 -1.099413e-05 -1.119206e-05 7.445037e-05
12260.444743 6.864919e-01 4.089543e-02 1.820043e-02 1.481962e-01 -6.164362e-06 -6.416795e-06 -1.371697e-05 8.757818e-05
12264.571759 6.879230e-01 4.072127e-02 1.819675e-02 1.311647e-01 -2.047324e-06 1.402175e-06 -1.670052e-05 9.389999e-05
12268.710967 6.884133e-01 4.012036e-02 1.796680e-02 1.264106e-01 -3.039326e-06 -6.184977e-06 -2.409554e-05 9.775521e-05
12272.862366 6.892877e-01 4.057194e-02 1.821907e-02 1.267211e-01 3.457084e-06 -1.763414e-05 -2.768774e-05 8.183371e-05
12277.025958 6.880046e-01 4.146368e-02 1.861511e-02 1.261303e-01 6.816860e-06 -1.059237e-05 -2.386207e-05 8.196659e-05
12281.201742 6.870622e-01 4.242582e-02 1.894169e-02 1.260671e-01 1.506889e-05 -4.067853e-06 -2.056606e-05 9.131051e-05
12285.389717 6.851282e-01 4.295752e-02 1.910717e-02 1.255430e-01 1.528599e-05 -7.816018e-06 -2.236531e-05 9.668882e-05
12289.589884 6.842625e-01 4.340473e-02 1.925846e-02 1.251930e-01 1.400569e-05 -6.960811e-06 -2.588772e-05 8.552409e-05
12293.802244 6.836273e-01 4.355434e-02 1.939397e-02 1.248150e-01 7.849178e-06 -5.063033e-06 -2.202990e-05 8.603311e-05
12298.026795 6.713631e-01 4.219105e-02 1.881582e-02 1.232578e-01 -3.005448e-06 -3.902107e-06 -1.399521e-05 9.185888e-05
12302.263538 6.754102e-01 4.139393e-02 1.853695e-02 1.260592e-01 -1.498316e-06 -6.087184e-06 -3.010311e-06 9.266671e-05
12306.512473 6.824828e-01 4.259691e-02 1.899649e-02 1.408761e-01 3.318142e-06 -7.486923e-06 -1.433274e-05 8.008379e-05
12310.773600 6.816964e-01 4.352268e-02 1.944669e-02 1.601198e-01 1.645142e-05 -2.016950e-06 -1.183834e-05 6.794604e-05
12315.046919 6.815249e-01 4.394213e-02 1.964245e-02 1.588963e-01 1.201286e-05 2.952257e-06 -7.419654e-06 8.539062e-05
12319.332429 6.808371e-01 4.410757e-02 1.981575e-02 1.378228e-01 6.675153e-06 3.272467e-06 -9.510011e-06 9.345022e-05
12323.630132 6.807959e-01 4.441617e-02 2.004216e-02 1.280819e-01 -2.668203e-06 7.465290e-09 -1.912745e-05 9.355747e-05
12327.940026 6.801985e-01 4.427720e-02 2.005404e-02 1.273003e-01 -5.007870e-06 3.411275e-06 -9.405786e-06 8.191519e-05
12332.262113 6.800254e-01 4.462821e-02 2.028115e-02 1.333896e-01 2.079382e-06 -3.349294e-06 -1.253378e-05 9.556308e-05
12336.596391 6.791113e-01 4.484695e-02 2.043043e-02 1.414015e-01 -2.476474e-06 -3.799680e-06 -2.157385e-05 9.386017e-05
12340.942861 6.781997e-01 4.483922e-02 2.051491e-02 1.387063e-01 -4.134626e-06 -4.798368e-06 -1.499290e-05 9.589471e-05
12345.301524 6.776048e-01 4.493423e-02 2.063243e-02 1.288788e-01 7.528224e-06 2.958365e-06 -2.101311e-05 9.279067e-05
12349.672378 6.771188e-01 4.475391e-02 2.065429e-02 1.271615e-01 8.448935e-06 -4.748986e-06 -8.760916e-06 9.334878e-05
12354.055424 6.749801e-01 4.476742e-02 2.071228e-02 1.257561e-01 1.015789e-05 -6.293201e-06 -1.949984e-05 8.940263e-05
12358.450662 6.750836e-01 4.535812e-02 2.105032e-02 1.248468e-01 1.660451e-05 -8.535517e-06 -1.927733e-05 7.613218e-05
12362.858091 6.746489e-01 4.538738e-02 2.107674e-02 1.245306e-01 1.958159e-05 -6.134144e-06 -3.130140e-06 9.122722e-05
12367.277713 6.729737e-01 4.525161e-02 2.113512e-02 1.247241e-01 1.350019e-05 -1.534320e-06 -1.078798e-05 9.096466e-05
12371.709527 6.734333e-01 4.545880e-02 2.126505e-02 1.247473e-01 6.686666e-06 -9.692276e-07 -1.786495e-05 8.157538e-05
12376.153532 6.730568e-01 4.591579e-02 2.154717e-02 1.242820e-01 1.339126e-05 -6.145841e-06 -1.808357e-05 8.747676e-05
12380.609730 6.719599e-01 4.658094e-02 2.187029e-02 1.243954e-01 1.829707e-05 4.387276e-06 -7.117071e-06 9.152329e-05
12385.078119 6.712665e-01 4.694375e-02 2.204442e-02 1.239733e-01 1.370522e-05 8.950761e-07 -8.834940e-06 8.631765e-05
12389.558700 6.705918e-01 4.701394e-02 2.213627e-02 1.241722e-01 1.045096e-05 -2.030167e-06 -7.262423e-06 9.727097e-05
12394.051473 6.696429e-01 4.739312e-02 2.242601e-02 1.238652e-01 1.201496e-05 -2.663698e-06 -1.302359e-05 9.513252e-05
12398.556438 6.688631e-01 4.737274e-02 2.245826e-02 1.240050e-01 7.047610e-06 -1.019960e-05 -1.069835e-05 9.559407e-05
12403.073595 6.678268e-01 4.732236e-02 2.250105e-02 1.238948e-01 -2.054606e-07 -8.244135e-06 -1.894875e-05 9.250323e-05
12407.602944 6.675927e-01 4.768191e-02 2.271459e-02 1.237353e-01 2.438498e-06 -3.456318e-06 -2.764929e-05 8.657590e-05
12412.144485 6.669584e-01 4.805291e-02 2.287636e-02 1.238352e-01 -8.061156e-07 -1.382107e-05 -1.783818e-05 8.610999e-05
12416.698218 6.654923e-01 4.826203e-02 2.303473e-02 1.240551e-01 8.520739e-06 -1.266789e-05 -2.377503e-05 9.567763e-05
12421.264142 6.623531e-01 4.828938e-02 2.300696e-02 1.238450e-01 8.236390e-06 -1.405578e-05 -1.799789e-05 1.007451e-04
12425.842259 6.635564e-01 4.880007e-02 2.325666e-02 1.238341e-01 1.547812e-05 -4.098808e-06 -1.440904e-05 1.034326e-04
12430.432567 6.644480e-01 4.926484e-02 2.349613e-02 1.244737e-01 1.885598e-05 -1.012156e-05 -8.154059e-06 1.050401e-04
12435.035068 6.636545e-01 4.956785e-02 2.374994e-02 1.236332e-01 1.624602e-05 -1.391260e-06 -7.511825e-06 9.413638e-05
12439.649760 6.622624e-01 4.986827e-02 2.384391e-02 1.234693e-01 2.180059e-05 -8.235759e-06 -1.295551e-05 9.611557e-05
12444.276644 6.612498e-01 5.011205e-02 2.402345e-02 1.236369e-01 2.047131e-05 -9.933270e-06 -9.530371e-06 1.050021e-04
12448.915720 6.601567e-01 5.025383e-02 2.413991e-02 1.231287e-01 9.184772e-06 -1.161793e-05 -6.805841e-06 1.043929e-04
12453.566988 6.604448e-01 5.044568e-02 2.428806e-02 1.236920e-01 6.270635e-06 -6.192493e-06 4.215701e-06 1.008612e-04
12458.230448 6.602155e-01 5.062194e-02 2.449459e-02 1.233839e-01 1.403122e-05 -1.118238e-05 5.760106e-06 1.023363e-04
12462.906100 6.590988e-01 5.079755e-02 2.461881e-02 1.236391e-01 1.854167e-05 -9.541445e-06 6.853632e-06 1.042634e-04
12467.593943 6.588209e-01 5.106273e-02 2.485189e-02 1.244698e-01 1.757747e-05 -9.476431e-06 2.022307e-06 9.798828e-05
12472.293979 6.576485e-01 5.122276e-02 2.498857e-02 1.267614e-01 2.303596e-05 -1.242922e-05 3.942945e-07 9.574472e-05
12477.006206 6.571388e-01 5.158140e-02 2.526379e-02 1.285744e-01 2.363876e-05 -5.737720e-06 -9.922942e-07 1.038914e-04
12481.730626 6.570732e-01 5.194313e-02 2.551898e-02 1.250812e-01 2.471502e-05 -3.095288e-06 7.932109e-06 1.002883e-04
12486.467237 6.563394e-01 5.226558e-02 2.576072e-02 1.235859e-01 2.584325e-05 -7.294454e-06 4.428236e-06 1.036052e-04
12491.216040 6.554707e-01 5.253386e-02 2.594362e-02 1.234033e-01 2.870651e-05 -1.044093e-05 5.338997e-06 1.146456e-04
12495.977036 6.538003e-01 5.261143e-02 2.604518e-02 1.247020e-01 3.156734e-05 -9.250831e-06 1.620585e-05 1.194682e-04
12500.750223 6.509288e-01 5.264027e-02 2.616464e-02 1.271287e-01 3.920144e-05 -9.195849e-06 1.943458e-05 1.214179e-04
12505.535602 6.529780e-01 5.294073e-02 2.643411e-02 1.265309e-01 3.482806e-05 -8.431648e-06 3.214350e-06 1.061794e-04
12510.333172 6.533079e-01 5.309625e-02 2.659490e-02 1.244458e-01 4.335632e-05 -1.260828e-05 -7.164611e-06 1.046251e-04
12515.142935 6.524966e-01 5.320928e-02 2.672133e-02 1.235894e-01 4.430019e-05 -3.361387e-06 -7.162546e-06 1.116960e-04
12519.964890 6.516526e-01 5.333359e-02 2.691010e-02 1.229973e-01 4.800569e-05 -6.452767e-06 -1.498297e-05 1.164520e-04
12524.799037 6.509596e-01 5.288790e-02 2.672906e-02 1.230115e-01 4.541935e-05 -3.582766e-06 -1.998280e-05 1.102778e-04
12529.645375 6.447446e-01 5.188516e-02 2.629534e-02 1.217370e-01 4.600027e-05 -9.148959e-06 -2.348049e-05 1.177096e-04
12534.503905 3.327946e-01 2.686026e-02 1.362972e-02 6.286269e-02 2.116893e-05 -8.000634e-06 -1.339626e-05 5.316596e-05
12539.374628 6.487314e-03 5.244015e-04 2.661334e-04 1.224427e-03 4.005108e-07 -1.483780e-07 -2.687700e-07 9.784560e-07
