# Facility: NSLS-II
# Beamline: QAS
# Year: 2023
# Cycle: 3
# SAF: 312215
# PI: Reece
# Proposal: 313586
# Scan ID: 271250
# UID: 48eb2e58-a47d-4434-a0bd-6cb43dc1512f
# Comment: 
# Start time: 10/18/2023  22:28:40
# Stop time: 10/18/2023  22:29:11
# Total time: 00:31
# Trajectory name: Pt-L3-30s-11564.txt
# Element: Platinum ( 78)
# Edge: L3
# E0: 11564
# Reference Foil Element: Pt
# Keithley Gains I0: 1E6 V/A It: 1E6 V/A Iref: 1E7 V/A PIPS: 1E8 V/A 
# Ion Chamber Gas Flow Rates: I0: 0.00 sccm He + 189.70 sccm N2 + 9.80 sccm Ar 
# Ion Chamber Gas Flow Rates: It&Iref: 39.70 sccm N2 + 60.10 sccm Ar
# Incident Beam Path Vertical: 31.75 mm
# Incident Slits Positions B: TOP: 2.0 mm Bottom: 1.0 mm Inboard: 0.57675 mm Outboard: 1.57675 mm
# Sample Stage Positions: Rotation: 30.0 deg Horizontal: -10.11 mm Vertical: 15.39 mm Beam Direction: 0.00 mm
# PerkinElmer Vertical Position: 500.00 mm
# Linkam Oven Temperature : 3.03 C and Ramp Rate: 20.00 C/min.
# Front End Mirror Horizontal Positions: Up: -14.00 mm Down: -14.00 mm
#
# energy  i0  it  ir  iff  aux1  aux2  aux3  aux4
11380.468179 4.201830e-01 -1.425299e-03 8.576108e-04 2.363245e-02 3.237638e-05 -1.790718e-06 -1.457480e-06 4.592991e-05
11385.468179 8.257433e-01 -2.823790e-03 1.708125e-03 4.657072e-02 6.013522e-05 -6.685319e-06 -3.710213e-06 9.760079e-05
11390.468179 8.320748e-01 -2.849009e-03 1.745112e-03 4.679952e-02 6.176603e-05 3.438017e-06 4.032699e-06 1.022224e-04
11395.468179 8.395607e-01 -2.864888e-03 1.725200e-03 4.706620e-02 6.706040e-05 3.168595e-07 -1.072657e-05 1.080056e-04
11400.468179 8.375397e-01 -2.858130e-03 1.730031e-03 4.707932e-02 5.575555e-05 -1.271150e-06 -1.328754e-05 1.013267e-04
11405.468179 8.356686e-01 -2.854975e-03 1.757958e-03 4.695444e-02 6.514368e-05 6.779744e-06 -1.208577e-05 1.017568e-04
11410.468179 8.330716e-01 -2.841335e-03 1.711745e-03 4.716591e-02 6.011156e-05 1.151311e-05 8.144192e-07 1.082894e-04
11415.468179 8.249848e-01 -2.837772e-03 1.757692e-03 4.675435e-02 6.052509e-05 7.742959e-06 4.780736e-06 1.080257e-04
11420.468179 8.242997e-01 -2.840157e-03 1.718721e-03 4.705143e-02 5.870790e-05 -2.078996e-06 6.270718e-06 9.969835e-05
11425.468179 8.320935e-01 -2.847851e-03 1.705454e-03 4.751475e-02 6.767450e-05 6.645243e-08 4.733008e-06 1.002342e-04
11430.468179 8.336890e-01 -2.847067e-03 1.720288e-03 4.783958e-02 7.299775e-05 4.610775e-06 -3.883323e-06 1.050626e-04
11435.468179 8.323817e-01 -2.857985e-03 1.750992e-03 4.779015e-02 6.463033e-05 -4.941220e-06 2.734764e-06 1.017574e-04
11440.468179 8.304335e-01 -2.860150e-03 1.760129e-03 4.774253e-02 6.287516e-05 -2.471318e-06 3.931500e-06 1.067307e-04
11445.468179 8.283692e-01 -2.851652e-03 1.749170e-03 4.775086e-02 6.594848e-05 1.674192e-06 -6.845207e-06 1.022736e-04
11450.468179 8.275059e-01 -2.859537e-03 1.765814e-03 4.790183e-02 5.683299e-05 -3.190958e-06 -9.547552e-06 9.724994e-05
11455.468179 8.266010e-01 -2.854416e-03 1.737742e-03 4.801987e-02 6.236244e-05 -2.536659e-06 -6.941383e-06 1.081702e-04
11460.468179 8.256174e-01 -2.845114e-03 1.771191e-03 4.798710e-02 5.689507e-05 2.871332e-06 -1.748098e-05 9.364217e-05
11465.468179 8.253622e-01 -2.840476e-03 1.774069e-03 4.821526e-02 6.268916e-05 7.909199e-06 -1.106804e-05 1.065945e-04
11470.468179 8.245092e-01 -2.850253e-03 1.749338e-03 4.826499e-02 5.204835e-05 7.619037e-06 -1.475790e-05 1.114870e-04
11475.468179 8.230727e-01 -2.842547e-03 1.727514e-03 4.844312e-02 5.205812e-05 1.581115e-05 -1.337779e-05 1.133694e-04
11480.468179 8.217663e-01 -2.840256e-03 1.684750e-03 4.839197e-02 5.713900e-05 1.315624e-05 -1.206318e-05 1.123894e-04
11485.468179 8.209552e-01 -2.845688e-03 1.728144e-03 4.830028e-02 6.369988e-05 5.794025e-06 -1.537512e-05 1.085716e-04
11490.468179 8.198750e-01 -2.849024e-03 1.724466e-03 4.862318e-02 5.497336e-05 2.907583e-07 -1.543630e-05 1.121172e-04
11495.468179 8.188523e-01 -2.841852e-03 1.744295e-03 4.893463e-02 6.263043e-05 -3.890074e-08 -7.189629e-06 1.010937e-04
11500.468179 8.184869e-01 -2.850849e-03 1.742854e-03 4.915876e-02 5.593064e-05 1.077343e-06 -7.149180e-06 1.105814e-04
11505.468179 8.184057e-01 -2.842283e-03 1.780211e-03 4.893622e-02 5.390816e-05 -6.258387e-06 -2.106502e-05 1.154812e-04
11510.468179 8.167229e-01 -2.845789e-03 1.742454e-03 4.911879e-02 5.576555e-05 -4.836695e-06 -1.896868e-05 1.066865e-04
11515.468179 8.155931e-01 -2.851556e-03 1.770221e-03 4.933490e-02 4.854000e-05 5.120767e-06 -1.687629e-05 1.106868e-04
11520.468179 8.149603e-01 -2.848805e-03 1.695385e-03 4.919603e-02 4.611290e-05 1.025512e-05 -2.328046e-05 1.014440e-04
11525.468179 8.137477e-01 -2.845216e-03 1.712296e-03 4.917698e-02 3.780362e-05 1.495568e-05 -3.005851e-05 9.837481e-05
11530.468179 8.128716e-01 -2.847491e-03 1.732060e-03 4.959236e-02 3.115559e-05 3.535684e-06 -3.624490e-05 1.047663e-04
11534.000000 8.119489e-01 -2.868267e-03 1.735327e-03 5.025920e-02 3.472471e-05 -3.376098e-07 -3.451848e-05 1.086077e-04
11535.000000 8.110473e-01 -2.866459e-03 1.721485e-03 4.995348e-02 1.890812e-05 -2.088494e-06 -3.107868e-05 1.056695e-04
11536.000000 8.108246e-01 -2.845935e-03 1.699373e-03 5.013688e-02 2.111712e-05 -9.788710e-06 -2.078299e-05 1.135486e-04
11537.000000 8.118221e-01 -2.859663e-03 1.738433e-03 4.966197e-02 3.145568e-05 -4.247165e-06 -2.077428e-05 1.016528e-04
11538.000000 8.116788e-01 -2.859464e-03 1.730398e-03 5.109603e-02 4.112219e-05 -4.184037e-06 -2.105279e-05 1.031658e-04
11539.000000 8.119918e-01 -2.846122e-03 1.752584e-03 5.063855e-02 2.916921e-05 -6.071184e-06 -1.946774e-05 1.137713e-04
11540.000000 8.114848e-01 -2.832883e-03 1.760005e-03 5.080135e-02 2.868814e-05 -1.041800e-05 -1.087386e-05 1.056023e-04
11541.000000 8.113696e-01 -2.841763e-03 1.681241e-03 5.039790e-02 2.943005e-05 -8.371699e-06 -1.063956e-05 9.896949e-05
11541.200000 8.116743e-01 -2.854635e-03 1.618215e-03 5.212459e-02 2.890583e-05 -6.449089e-06 -6.053313e-06 9.746320e-05
11541.400000 8.096289e-01 -2.831590e-03 1.562380e-03 5.044731e-02 2.483423e-05 -1.821932e-05 -3.944054e-07 9.965566e-05
11541.600000 8.152548e-01 -2.814643e-03 1.521262e-03 4.953160e-02 1.822150e-05 -1.012964e-05 -5.730479e-06 9.968703e-05
11541.800000 8.073438e-01 -2.924430e-03 1.751861e-03 5.120904e-02 2.865626e-05 2.629617e-06 -2.280734e-05 1.091960e-04
11542.000000 8.111332e-01 -2.786016e-03 1.546427e-03 5.170977e-02 1.857737e-05 2.014356e-06 -2.674718e-05 1.040471e-04
11542.200000 8.094777e-01 -2.896371e-03 2.016803e-03 5.070433e-02 3.302405e-05 -1.751086e-06 -9.033750e-06 1.141362e-04
11542.400000 8.130596e-01 -2.855539e-03 1.768002e-03 5.169767e-02 4.012612e-05 -5.026464e-06 3.276532e-07 1.159564e-04
11542.600000 8.081404e-01 -2.831494e-03 1.701237e-03 5.106564e-02 4.348354e-05 -7.689022e-06 -5.672856e-06 9.923909e-05
11542.800000 8.035574e-01 -2.906392e-03 1.922817e-03 4.951421e-02 4.995383e-05 -7.141739e-06 -2.334545e-05 9.619250e-05
11543.000000 8.129321e-01 -2.784389e-03 1.720502e-03 5.040614e-02 3.057322e-05 6.655931e-07 -9.924553e-06 8.143518e-05
11543.200000 8.106599e-01 -2.949894e-03 1.779123e-03 5.183495e-02 4.493800e-05 -1.604558e-06 2.648897e-06 1.063978e-04
11543.400000 8.091602e-01 -2.782501e-03 1.844125e-03 4.933867e-02 3.414289e-05 -6.552130e-06 -1.167822e-05 1.078708e-04
11543.600000 8.126479e-01 -2.864698e-03 1.623997e-03 5.055597e-02 3.969966e-05 -7.277455e-07 -1.180541e-05 1.029510e-04
11543.800000 8.108160e-01 -2.829009e-03 1.671751e-03 5.115580e-02 4.793571e-05 4.859505e-07 -4.745401e-06 1.078084e-04
11544.000000 8.093915e-01 -2.811667e-03 1.697781e-03 4.975522e-02 4.224475e-05 1.764440e-06 -4.610101e-06 1.042371e-04
11544.200000 8.111519e-01 -2.897149e-03 1.633706e-03 5.034275e-02 3.690765e-05 2.643425e-06 -9.757683e-06 1.105881e-04
11544.400000 8.084694e-01 -2.777541e-03 1.884206e-03 5.131506e-02 2.787482e-05 -5.760891e-06 -1.109264e-05 7.667900e-05
11544.600000 8.083983e-01 -2.931821e-03 1.539618e-03 5.254756e-02 3.495404e-05 -6.252599e-06 -6.603639e-06 8.253604e-05
11544.800000 8.095792e-01 -2.776864e-03 1.821459e-03 5.047722e-02 3.395259e-05 -1.237170e-05 -9.837408e-06 1.103686e-04
11545.000000 8.099560e-01 -2.931759e-03 1.508960e-03 5.237558e-02 4.842793e-05 -5.883687e-06 3.096404e-06 8.483886e-05
11545.200000 8.104189e-01 -2.861809e-03 1.998897e-03 5.247303e-02 4.657690e-05 3.102277e-06 1.773958e-06 6.662107e-05
11545.400000 8.159860e-01 -2.869145e-03 1.723544e-03 5.232831e-02 3.999566e-05 1.348284e-05 3.591549e-06 1.032428e-04
11545.600000 8.096225e-01 -2.882769e-03 1.677645e-03 5.081426e-02 3.773604e-05 1.430032e-05 1.810022e-06 1.091603e-04
11545.800000 8.096924e-01 -2.768358e-03 1.833396e-03 5.071049e-02 4.297371e-05 8.209600e-06 -5.674157e-06 1.093927e-04
11546.000000 8.126865e-01 -2.937482e-03 1.635276e-03 5.186686e-02 5.592245e-05 1.633827e-06 -7.998604e-06 1.052087e-04
11546.200000 8.056011e-01 -2.760026e-03 1.952569e-03 5.064396e-02 3.416172e-05 2.345762e-05 -8.914769e-06 1.082258e-04
11546.400000 8.130351e-01 -2.906274e-03 1.568472e-03 5.089560e-02 4.351360e-05 1.413420e-05 -1.185247e-05 1.084756e-04
11546.600000 8.126718e-01 -2.806542e-03 1.921667e-03 5.000305e-02 3.974191e-05 1.355884e-05 -3.178361e-05 1.134935e-04
11546.800000 8.112650e-01 -2.856284e-03 1.516247e-03 5.445826e-02 4.246136e-05 1.270435e-05 -2.541606e-05 1.097222e-04
11547.000000 8.094261e-01 -2.864372e-03 1.587576e-03 5.302931e-02 3.898813e-05 8.282944e-06 -1.417560e-05 1.141277e-04
11547.200000 8.155646e-01 -2.821042e-03 1.778987e-03 5.241210e-02 3.316151e-05 -1.000750e-06 -2.402663e-05 1.150622e-04
11547.400000 8.010784e-01 -2.916070e-03 1.869962e-03 5.033403e-02 3.794478e-05 3.204262e-06 -8.227036e-06 1.013338e-04
11547.600000 8.132529e-01 -2.761920e-03 1.710010e-03 5.190750e-02 2.679564e-05 1.881333e-05 -1.488451e-05 1.066269e-04
11547.800000 8.114416e-01 -2.913994e-03 1.749620e-03 5.329981e-02 4.113900e-05 1.466053e-05 -2.866318e-05 1.082819e-04
11548.000000 8.090640e-01 -2.744713e-03 1.780562e-03 5.412781e-02 3.238897e-05 1.740346e-05 -2.120093e-05 1.042415e-04
11548.200000 8.138658e-01 -2.929155e-03 1.655591e-03 5.125355e-02 4.125183e-05 1.196138e-05 -2.141815e-05 1.035693e-04
11548.400000 8.107840e-01 -2.842233e-03 1.904518e-03 5.281227e-02 3.233614e-05 5.763183e-06 -2.852439e-05 1.039572e-04
11548.600000 8.158682e-01 -2.876061e-03 1.720817e-03 5.410431e-02 3.517753e-05 1.134606e-05 -3.797326e-05 1.043499e-04
11548.800000 8.057147e-01 -2.850979e-03 1.451918e-03 5.168430e-02 3.637170e-05 1.540854e-05 -3.826964e-05 8.669193e-05
11549.000000 8.139797e-01 -2.879172e-03 1.801830e-03 5.422285e-02 3.099438e-05 1.579581e-05 -3.267342e-05 6.610444e-05
11549.200000 8.072006e-01 -2.952405e-03 1.819464e-03 5.195229e-02 4.043657e-05 1.185434e-05 -2.425380e-05 1.025626e-04
11549.400000 8.105721e-01 -2.790837e-03 1.656856e-03 5.315710e-02 3.355083e-05 1.546780e-05 -2.809256e-05 1.112482e-04
11549.600000 8.110014e-01 -2.993858e-03 1.700345e-03 5.512420e-02 4.316289e-05 1.488459e-05 -1.227965e-05 1.201598e-04
11549.800000 8.112452e-01 -2.789748e-03 1.758430e-03 5.334605e-02 2.900187e-05 1.254658e-05 -1.029349e-05 1.264772e-04
11550.000000 8.082304e-01 -2.910752e-03 1.863666e-03 5.217204e-02 4.545507e-05 7.667419e-06 -2.342959e-05 1.042215e-04
11550.200000 8.113641e-01 -2.798808e-03 1.859097e-03 5.248541e-02 3.194926e-05 8.226731e-06 -1.809985e-05 9.744284e-05
11550.400000 8.061132e-01 -2.890506e-03 1.776344e-03 5.176051e-02 3.855725e-05 8.320386e-06 -1.647807e-05 9.991652e-05
11550.600000 8.127403e-01 -2.875356e-03 1.762423e-03 5.383115e-02 2.859150e-05 -1.104297e-06 -4.443229e-05 8.467626e-05
11550.800000 8.109331e-01 -2.940333e-03 1.764737e-03 4.895438e-02 3.475139e-05 -6.812282e-07 -4.004539e-05 4.387038e-05
11551.000000 8.118767e-01 -2.818007e-03 1.767370e-03 5.389134e-02 2.686688e-05 7.905096e-06 -4.822362e-05 6.910101e-05
11551.200000 8.095675e-01 -2.897688e-03 1.782863e-03 5.331121e-02 3.143635e-05 7.458771e-06 -4.943358e-05 7.235259e-05
11551.400000 8.083434e-01 -2.833470e-03 1.828281e-03 5.607545e-02 3.270488e-05 1.006335e-05 -2.218083e-05 7.572627e-05
11551.600000 8.105579e-01 -2.857809e-03 1.857483e-03 5.130420e-02 2.284595e-05 1.988031e-05 -2.340668e-05 9.064686e-05
11551.800000 8.091954e-01 -2.871886e-03 1.775858e-03 5.261001e-02 3.397084e-05 1.568699e-05 -2.016914e-05 9.327867e-05
11552.000000 8.155360e-01 -2.850219e-03 2.025855e-03 5.348300e-02 4.055696e-05 1.564663e-05 -2.065354e-05 1.128718e-04
11552.200000 7.969760e-01 -2.873464e-03 1.764351e-03 4.863394e-02 3.917320e-05 1.975635e-05 -1.846308e-05 1.001756e-04
11552.400000 8.131013e-01 -2.839138e-03 1.890262e-03 5.592186e-02 3.591334e-05 2.840263e-05 -1.306288e-05 9.770723e-05
11552.600000 8.078087e-01 -2.886634e-03 1.262810e-03 5.367903e-02 2.826301e-05 2.828091e-05 -1.989993e-05 1.015728e-04
11552.800000 8.115422e-01 -2.769482e-03 1.727493e-03 5.394618e-02 1.811925e-05 2.211749e-05 -1.604267e-05 9.337847e-05
11553.000000 8.117698e-01 -2.893420e-03 1.693049e-03 5.298808e-02 4.126642e-05 7.211207e-06 -3.086865e-06 9.333539e-05
11553.200000 8.112744e-01 -2.794065e-03 1.759916e-03 5.559585e-02 4.715855e-05 -2.918030e-06 -5.466553e-06 9.990396e-05
11553.400000 8.089377e-01 -2.894092e-03 1.622508e-03 5.247939e-02 4.863237e-05 -3.824631e-06 -6.332141e-06 9.993736e-05
11553.600000 8.108324e-01 -2.865454e-03 1.734339e-03 5.356450e-02 3.017268e-05 5.314158e-06 -9.873391e-06 9.746582e-05
11553.800000 8.028735e-01 -2.890405e-03 1.765148e-03 5.302857e-02 2.761644e-05 6.504854e-06 -8.896952e-06 1.052641e-04
11554.000000 8.122723e-01 -2.834344e-03 1.866760e-03 5.480775e-02 3.058642e-05 1.095676e-05 -6.567372e-07 1.070148e-04
11554.200000 8.084924e-01 -2.893885e-03 1.703611e-03 5.617117e-02 3.611438e-05 1.194237e-05 -8.801068e-07 1.013451e-04
11554.400000 8.101385e-01 -2.804537e-03 1.606748e-03 5.432971e-02 2.939987e-05 1.957686e-06 1.097889e-06 9.482470e-05
11554.600000 8.092013e-01 -2.882264e-03 1.515139e-03 5.612164e-02 4.226299e-05 4.923617e-06 5.750981e-07 8.508127e-05
11554.800000 8.087841e-01 -2.873279e-03 1.793480e-03 5.555192e-02 4.369996e-05 5.463305e-06 -1.097835e-05 7.048854e-05
11555.000000 8.072091e-01 -2.853597e-03 1.864418e-03 5.438322e-02 4.250683e-05 -2.519330e-06 -2.326220e-05 1.001956e-04
11555.200000 8.128224e-01 -2.841398e-03 1.736483e-03 5.482951e-02 4.634212e-05 5.357240e-06 -1.808859e-05 1.108679e-04
11555.400000 8.108946e-01 -2.859663e-03 1.790750e-03 5.461018e-02 4.239336e-05 1.755971e-05 -1.300480e-05 1.080862e-04
11555.600000 8.070572e-01 -2.840624e-03 1.792985e-03 5.569472e-02 3.984266e-05 7.205538e-06 -1.672614e-05 1.021505e-04
11555.800000 8.105949e-01 -2.850582e-03 1.754474e-03 5.617478e-02 2.947072e-05 7.723824e-07 -7.181971e-06 8.234212e-05
11556.000000 8.098480e-01 -2.925545e-03 1.899561e-03 5.758213e-02 3.344863e-05 -2.740106e-06 -9.906685e-06 1.118601e-04
11556.200000 8.102142e-01 -2.781675e-03 1.669475e-03 5.348961e-02 2.595557e-05 -1.098436e-05 -1.481311e-05 1.020910e-04
11556.400000 8.059685e-01 -2.903884e-03 1.760233e-03 5.522779e-02 4.004405e-05 -9.112575e-06 -2.331969e-05 1.004686e-04
11556.600000 8.092640e-01 -2.764397e-03 1.900863e-03 5.728007e-02 2.746399e-05 -2.631828e-06 -2.531377e-05 1.099849e-04
11556.800000 8.087757e-01 -2.900866e-03 1.582559e-03 5.657227e-02 2.988653e-05 -1.317450e-05 -1.160818e-05 1.089215e-04
11557.000000 8.118989e-01 -2.826418e-03 1.686883e-03 5.759963e-02 1.435922e-05 -1.741396e-05 -1.147193e-05 1.089103e-04
11557.200000 8.084421e-01 -2.940250e-03 1.481582e-03 5.884126e-02 1.821582e-05 -7.612043e-06 -2.607213e-05 9.960551e-05
11557.400000 8.064505e-01 -2.821134e-03 2.054097e-03 5.777705e-02 1.147181e-05 -1.609590e-05 -2.729669e-05 1.065005e-04
11557.600000 8.066427e-01 -2.911155e-03 1.838538e-03 5.909507e-02 2.582908e-05 -9.841874e-06 -2.241823e-05 1.109257e-04
11557.800000 8.106514e-01 -2.808540e-03 1.861167e-03 5.680727e-02 2.539455e-05 5.688080e-06 -2.334566e-05 1.058823e-04
11558.000000 8.104224e-01 -2.863213e-03 1.820716e-03 5.786087e-02 3.080890e-05 1.046644e-05 -1.397956e-05 1.088571e-04
11558.200000 8.088063e-01 -2.868860e-03 1.878375e-03 5.949050e-02 2.740520e-05 8.084113e-06 -1.250707e-05 1.017692e-04
11558.400000 7.986006e-01 -2.835197e-03 1.723909e-03 6.078924e-02 2.172137e-05 9.447928e-06 -1.314621e-05 9.053649e-05
11558.600000 8.190112e-01 -2.936611e-03 1.793884e-03 6.020322e-02 3.109360e-05 -1.963951e-06 -4.224356e-05 9.093752e-05
11558.800000 8.099768e-01 -2.815773e-03 1.759286e-03 6.126503e-02 3.338068e-05 4.662923e-06 -3.587864e-05 9.737697e-05
11559.000000 8.057234e-01 -2.846140e-03 1.702094e-03 5.980328e-02 3.019343e-05 7.468365e-06 -3.136887e-05 1.000167e-04
11559.200000 8.127596e-01 -2.853726e-03 1.680420e-03 6.158254e-02 2.304028e-05 -4.970912e-06 -2.182533e-05 1.028471e-04
11559.400000 8.035008e-01 -2.938079e-03 1.450787e-03 6.222428e-02 3.538316e-05 -6.110279e-06 -2.287274e-05 9.109609e-05
11559.600000 8.128503e-01 -2.882660e-03 1.803323e-03 6.369472e-02 2.731812e-05 -9.903086e-07 -1.836521e-05 9.705082e-05
11559.800000 8.083636e-01 -2.924816e-03 1.797879e-03 6.336665e-02 3.005968e-05 -4.196598e-06 -3.606801e-05 9.695979e-05
11560.000000 8.115196e-01 -2.877204e-03 1.669640e-03 6.153919e-02 3.645828e-05 -1.658731e-06 -1.980796e-05 1.086303e-04
11560.200000 8.036791e-01 -2.848927e-03 1.648757e-03 6.169921e-02 3.874602e-05 -2.237417e-06 -1.512103e-05 1.083015e-04
11560.400000 8.029132e-01 -2.883936e-03 1.580201e-03 6.518872e-02 4.394230e-05 -9.666732e-06 -5.888885e-06 1.113032e-04
11560.600000 8.141441e-01 -2.861027e-03 1.828429e-03 6.752093e-02 3.906095e-05 -3.628977e-06 -2.460564e-05 9.991984e-05
11560.800000 8.056657e-01 -2.918554e-03 1.790849e-03 6.548010e-02 4.841123e-05 -9.559781e-07 -2.618433e-05 9.195746e-05
11561.000000 8.152244e-01 -2.897832e-03 1.750210e-03 6.920672e-02 3.990619e-05 -8.847794e-07 -1.125230e-05 1.071091e-04
11561.200000 8.016686e-01 -2.806472e-03 1.682331e-03 6.614554e-02 3.263664e-05 -5.072070e-06 -1.950234e-05 9.998942e-05
11561.400000 8.087806e-01 -2.883284e-03 1.647969e-03 6.805775e-02 3.662974e-05 -5.512563e-06 -3.149803e-05 1.072675e-04
11561.600000 8.094720e-01 -2.890349e-03 1.663287e-03 6.989746e-02 3.521413e-05 7.136010e-06 -1.874772e-05 9.538902e-05
11561.800000 8.084723e-01 -2.892277e-03 1.731909e-03 7.106153e-02 3.913126e-05 4.446663e-06 -1.640671e-05 8.710430e-05
11562.000000 8.093502e-01 -2.874401e-03 1.691365e-03 7.170960e-02 4.389493e-05 -1.607714e-07 -2.601780e-05 9.157436e-05
11562.200000 8.084229e-01 -2.850506e-03 1.774248e-03 7.538203e-02 3.931779e-05 3.785115e-06 -1.773678e-05 9.974497e-05
11562.400000 8.022410e-01 -2.891421e-03 1.809271e-03 7.290356e-02 4.003958e-05 1.402634e-07 -1.379603e-05 8.459939e-05
11562.600000 8.101975e-01 -2.894650e-03 1.668406e-03 7.632672e-02 4.709080e-05 6.444965e-07 -2.740501e-05 8.253583e-05
11562.800000 8.073336e-01 -2.883286e-03 1.903103e-03 7.893488e-02 4.524523e-05 1.009074e-05 -3.412282e-05 7.786165e-05
11563.000000 8.134385e-01 -2.866326e-03 1.708713e-03 8.206139e-02 3.941839e-05 2.829796e-06 -2.342540e-05 9.847585e-05
11563.200000 7.994521e-01 -2.868866e-03 1.662401e-03 8.280322e-02 3.674447e-05 -4.000596e-06 -1.345178e-05 1.046768e-04
11563.400000 8.133242e-01 -2.945098e-03 1.579307e-03 8.517787e-02 3.620244e-05 5.918095e-06 -2.095717e-05 9.399772e-05
11563.600000 8.080360e-01 -2.852681e-03 1.809963e-03 8.830262e-02 2.712354e-05 -3.070439e-06 -1.179416e-05 8.700168e-05
11563.800000 8.074191e-01 -2.867883e-03 1.809406e-03 8.890422e-02 3.317270e-05 -1.049674e-05 -1.723222e-05 9.075819e-05
11564.000000 8.099077e-01 -2.905818e-03 1.790526e-03 9.128365e-02 3.581474e-05 -7.792235e-06 -1.515841e-05 1.071457e-04
11564.200000 8.084042e-01 -2.889343e-03 1.690228e-03 9.446601e-02 2.966018e-05 -5.614425e-06 -1.688534e-05 1.012985e-04
11564.400000 8.072415e-01 -2.843371e-03 1.671021e-03 9.805216e-02 3.089488e-05 4.632199e-06 -1.520783e-05 9.557936e-05
11564.600000 8.101502e-01 -2.866080e-03 1.683524e-03 1.010215e-01 3.035202e-05 3.386294e-06 -2.675456e-05 1.016180e-04
11564.800000 8.079412e-01 -2.853606e-03 1.823176e-03 1.037400e-01 2.638640e-05 8.588823e-06 -1.562697e-05 9.531856e-05
11565.000000 8.087870e-01 -2.895354e-03 1.798607e-03 1.035202e-01 3.782019e-05 9.518357e-06 -1.101881e-05 9.430253e-05
11565.200000 8.113259e-01 -2.872928e-03 1.699185e-03 1.059702e-01 4.777443e-05 4.347435e-06 -1.351569e-05 9.903889e-05
11565.400000 8.045358e-01 -2.852521e-03 1.768093e-03 1.095675e-01 4.932618e-05 -4.191039e-06 -1.379504e-05 1.060201e-04
11565.600000 8.072097e-01 -2.882737e-03 1.738119e-03 1.115236e-01 5.282825e-05 -1.361560e-05 -2.167958e-05 9.619317e-05
11565.800000 8.084499e-01 -2.857968e-03 1.661786e-03 1.125803e-01 4.489639e-05 -1.413971e-06 -2.064888e-05 1.026276e-04
11566.000000 8.075664e-01 -2.883577e-03 1.825989e-03 1.155510e-01 4.788602e-05 -2.670401e-07 -2.649853e-05 9.437821e-05
11566.200000 8.084965e-01 -2.908445e-03 1.772151e-03 1.167204e-01 4.695532e-05 -1.769291e-06 -2.899023e-05 1.032120e-04
11566.400000 8.091324e-01 -2.878652e-03 1.748499e-03 1.173369e-01 3.630743e-05 1.418995e-06 -2.314575e-05 8.718555e-05
11566.600000 8.094623e-01 -2.868595e-03 1.712359e-03 1.198714e-01 3.844736e-05 8.318885e-07 -8.564990e-06 1.009911e-04
11566.800000 8.077094e-01 -2.851968e-03 1.765144e-03 1.216929e-01 4.907594e-05 2.586665e-07 -1.353728e-05 1.064579e-04
11567.000000 8.096641e-01 -2.886706e-03 1.744963e-03 1.217539e-01 4.439384e-05 -1.392645e-06 -1.437190e-05 1.062539e-04
11567.200000 8.077666e-01 -2.838668e-03 1.785842e-03 1.227671e-01 4.132663e-05 -2.878409e-06 -2.322902e-05 9.987145e-05
11567.400000 8.067057e-01 -2.835815e-03 1.738228e-03 1.234707e-01 4.102349e-05 -1.666142e-06 -1.136492e-05 9.783212e-05
11567.600000 8.087079e-01 -2.828298e-03 1.645390e-03 1.243055e-01 5.000939e-05 -9.393237e-06 -1.729385e-05 1.057292e-04
11567.800000 8.074807e-01 -2.829175e-03 1.896956e-03 1.252078e-01 5.654514e-05 -1.553967e-05 -2.426762e-05 1.152658e-04
11568.000000 8.069939e-01 -2.834360e-03 1.770537e-03 1.248958e-01 6.150245e-05 -9.313817e-06 -9.840858e-06 1.201143e-04
11568.200000 8.100648e-01 -2.860849e-03 1.745766e-03 1.241766e-01 4.825295e-05 -7.650610e-06 -2.107148e-05 1.169705e-04
11568.400000 8.072395e-01 -2.849917e-03 1.794096e-03 1.250387e-01 3.979553e-05 -4.882051e-06 -3.275676e-05 1.076248e-04
11568.600000 8.052255e-01 -2.812602e-03 1.580497e-03 1.241006e-01 3.890199e-05 -8.356588e-06 -2.198773e-05 1.050469e-04
11568.800000 8.066564e-01 -2.823508e-03 1.681922e-03 1.252693e-01 4.468723e-05 -7.015628e-06 -2.271968e-05 9.951257e-05
11569.000000 8.072006e-01 -2.840557e-03 1.354188e-03 1.248565e-01 4.513389e-05 -1.245766e-06 -2.070361e-05 1.019806e-04
11569.200000 8.048827e-01 -2.894157e-03 1.586249e-03 1.223089e-01 4.479387e-05 2.701305e-07 -2.954493e-05 1.068238e-04
11569.400000 8.093194e-01 -2.858904e-03 1.740297e-03 1.247492e-01 4.197310e-05 5.219189e-06 -2.598411e-05 9.773968e-05
11569.600000 8.068377e-01 -2.856437e-03 1.801305e-03 1.237006e-01 4.836963e-05 3.837624e-06 -3.166495e-05 9.552462e-05
11569.800000 8.086127e-01 -2.849113e-03 1.410036e-03 1.224118e-01 3.840181e-05 -3.227264e-07 -3.962533e-05 1.067284e-04
11570.000000 8.047201e-01 -2.806245e-03 1.541520e-03 1.212956e-01 4.552626e-05 -5.783336e-06 -1.700219e-05 1.035920e-04
11570.200000 8.077710e-01 -2.834680e-03 1.732593e-03 1.209904e-01 5.421055e-05 -9.488464e-06 -2.263509e-05 1.028739e-04
11570.400000 8.063690e-01 -2.802378e-03 1.754824e-03 1.207020e-01 3.949613e-05 -1.444698e-05 -1.360534e-05 1.020247e-04
11570.600000 8.083373e-01 -2.846265e-03 1.864907e-03 1.188646e-01 4.759720e-05 -1.326645e-05 -1.146797e-05 1.053465e-04
11570.800000 8.065793e-01 -2.850550e-03 1.866555e-03 1.199686e-01 4.175246e-05 -1.076379e-05 -9.165338e-06 1.091999e-04
11571.000000 8.078594e-01 -2.833511e-03 1.762545e-03 1.189555e-01 3.487539e-05 -7.504950e-06 -5.720931e-07 1.072076e-04
11571.200000 8.072111e-01 -2.815352e-03 1.960928e-03 1.171125e-01 3.901051e-05 -8.963322e-06 -8.001551e-06 9.288003e-05
11571.400000 8.075539e-01 -2.832500e-03 1.792866e-03 1.164972e-01 4.491096e-05 -7.873256e-06 -1.085387e-05 7.917346e-05
11571.600000 8.076695e-01 -2.837831e-03 1.745653e-03 1.161431e-01 4.866633e-05 -8.154756e-06 3.047064e-06 1.019744e-04
11571.800000 8.072368e-01 -2.838849e-03 1.698135e-03 1.157554e-01 4.826136e-05 -1.181128e-05 -4.272221e-06 1.044759e-04
11572.000000 8.090084e-01 -2.855551e-03 1.762468e-03 1.144225e-01 3.860087e-05 -7.071874e-06 -3.540227e-06 9.468024e-05
11572.200000 8.092442e-01 -2.831151e-03 1.825178e-03 1.147015e-01 3.284206e-05 -2.961808e-06 -7.391621e-06 8.267586e-05
11572.400000 8.074200e-01 -2.810476e-03 1.641040e-03 1.131362e-01 3.428873e-05 3.995927e-06 -4.492875e-06 9.291675e-05
11572.600000 8.056744e-01 -2.809542e-03 1.667428e-03 1.124602e-01 2.538201e-05 8.216548e-06 -2.654757e-06 7.506296e-05
11572.800000 8.068543e-01 -2.835357e-03 1.726981e-03 1.115077e-01 2.804813e-05 -3.543382e-06 -1.211861e-05 8.956013e-05
11573.000000 8.066389e-01 -2.868656e-03 1.801069e-03 1.120517e-01 3.384381e-05 -4.451122e-06 -4.191706e-06 9.057353e-05
11573.200000 8.069046e-01 -2.849898e-03 1.790213e-03 1.119746e-01 3.939902e-05 -1.343278e-05 -9.668177e-06 9.581739e-05
11573.400000 8.051938e-01 -2.820358e-03 1.667060e-03 1.106444e-01 2.789336e-05 -1.372491e-05 -1.557543e-05 8.932008e-05
11573.600000 8.084011e-01 -2.840719e-03 1.748082e-03 1.104435e-01 3.636858e-05 -7.277163e-06 -4.198467e-06 1.042191e-04
11573.800000 8.070673e-01 -2.851263e-03 1.743721e-03 1.094789e-01 3.716436e-05 -3.570053e-06 -8.761320e-06 1.136279e-04
11574.000000 8.064824e-01 -2.832652e-03 1.900369e-03 1.094901e-01 3.367548e-05 -7.463792e-06 1.326832e-06 1.229774e-04
11574.200000 8.058131e-01 -2.817368e-03 1.740121e-03 1.093631e-01 4.173785e-05 1.208545e-06 1.548552e-07 1.066901e-04
11574.400000 8.077271e-01 -2.873263e-03 1.624262e-03 1.084409e-01 4.618607e-05 1.063942e-06 -7.892185e-07 9.897334e-05
11574.600000 8.072479e-01 -2.852682e-03 1.707128e-03 1.081928e-01 5.223677e-05 -4.431996e-06 -1.711962e-06 1.036331e-04
11574.800000 8.062198e-01 -2.842540e-03 1.856877e-03 1.079999e-01 4.178135e-05 -1.463823e-05 -4.542812e-06 1.066293e-04
11575.000000 8.064019e-01 -2.841092e-03 1.749842e-03 1.080869e-01 3.669558e-05 -2.378986e-05 -1.162452e-05 1.022835e-04
11575.200000 8.061849e-01 -2.840783e-03 1.704170e-03 1.069364e-01 4.099683e-05 -2.024690e-05 -9.325884e-06 1.034843e-04
11575.400000 8.059245e-01 -2.871572e-03 1.644539e-03 1.074627e-01 4.143439e-05 -1.549669e-05 -8.736667e-06 1.033289e-04
11575.600000 8.065372e-01 -2.809053e-03 1.739445e-03 1.078454e-01 3.437598e-05 -2.273391e-05 -7.155193e-06 1.149917e-04
11575.800000 8.069909e-01 -2.832911e-03 1.741879e-03 1.069007e-01 2.379040e-05 -2.462148e-05 1.123776e-06 1.175882e-04
11576.000000 8.055067e-01 -2.900301e-03 1.798144e-03 1.063561e-01 2.731509e-05 -1.749468e-05 4.963451e-07 1.122396e-04
11576.200000 8.065673e-01 -2.912815e-03 1.850837e-03 1.061180e-01 3.041573e-05 -1.652048e-05 -2.952468e-06 9.945743e-05
11576.400000 8.063672e-01 -2.879396e-03 1.750234e-03 1.060871e-01 3.444266e-05 -2.289065e-05 -5.747207e-06 1.087457e-04
11576.600000 8.045001e-01 -2.879310e-03 1.781460e-03 1.069313e-01 3.926371e-05 -2.267713e-05 -9.512215e-06 1.066654e-04
11576.800000 8.062585e-01 -2.855928e-03 1.837685e-03 1.066113e-01 3.879063e-05 -1.373260e-05 -8.522599e-06 9.128409e-05
11577.000000 8.048695e-01 -2.838697e-03 1.792228e-03 1.063196e-01 3.943762e-05 -1.023657e-05 -8.164019e-06 1.067179e-04
11577.200000 8.053473e-01 -2.831620e-03 1.581962e-03 1.049352e-01 4.591488e-05 -2.222364e-05 8.235307e-07 1.144441e-04
11577.400000 8.074805e-01 -2.841416e-03 1.718176e-03 1.057918e-01 4.577065e-05 -1.505770e-05 3.698506e-06 1.226598e-04
11577.600000 8.034926e-01 -2.853712e-03 1.861326e-03 1.064017e-01 5.404813e-05 -1.149679e-05 -6.712000e-06 1.196935e-04
11577.800000 8.072236e-01 -2.858599e-03 1.808708e-03 1.059043e-01 6.106179e-05 -3.084399e-06 -1.096091e-05 1.110494e-04
11578.000000 8.039935e-01 -2.851834e-03 1.877138e-03 1.053896e-01 4.779511e-05 -3.738497e-06 -5.891971e-06 1.062138e-04
11578.200000 8.074019e-01 -2.875368e-03 1.608671e-03 1.059538e-01 4.226155e-05 -9.082612e-06 -7.881708e-06 1.071649e-04
11578.400000 8.056032e-01 -2.882258e-03 1.723613e-03 1.059930e-01 4.294510e-05 -2.257404e-05 -1.373564e-05 1.043520e-04
11578.600000 8.063280e-01 -2.873965e-03 1.748881e-03 1.067679e-01 4.208664e-05 -1.360216e-05 8.775160e-07 1.152432e-04
11578.800000 8.054074e-01 -2.843619e-03 1.820212e-03 1.065945e-01 4.918788e-05 -1.119591e-05 -7.562103e-06 1.218191e-04
11579.000000 8.050500e-01 -2.827116e-03 1.764087e-03 1.060575e-01 4.320436e-05 -7.918008e-06 1.984480e-06 1.251283e-04
11579.200000 8.056896e-01 -2.825502e-03 1.761482e-03 1.059011e-01 2.907686e-05 -1.177687e-05 1.065264e-05 1.153200e-04
11579.400000 8.044860e-01 -2.832655e-03 1.711719e-03 1.061415e-01 3.618022e-05 -1.832202e-05 1.213222e-05 1.061087e-04
11579.600000 8.083751e-01 -2.847142e-03 1.670170e-03 1.061402e-01 3.742583e-05 -2.209759e-05 4.105430e-06 1.206883e-04
11579.800000 8.047143e-01 -2.843044e-03 1.786605e-03 1.064548e-01 2.624491e-05 -2.149292e-05 8.911372e-06 1.131860e-04
11580.000000 8.028175e-01 -2.857929e-03 1.808609e-03 1.068713e-01 2.588730e-05 -1.784806e-05 1.630313e-05 9.429556e-05
11580.200000 8.059658e-01 -2.875676e-03 1.766395e-03 1.056244e-01 1.741777e-05 -4.756966e-07 8.143301e-06 9.477947e-05
11580.400000 8.057879e-01 -2.876938e-03 1.737160e-03 1.059960e-01 1.730424e-05 -9.148108e-06 8.541742e-07 7.786095e-05
11580.600000 8.067577e-01 -2.866824e-03 1.735632e-03 1.063933e-01 2.648622e-05 -1.805391e-05 -3.523949e-07 1.008418e-04
11580.800000 8.070097e-01 -2.878922e-03 1.735138e-03 1.064201e-01 3.533347e-05 -2.030101e-05 4.213663e-06 1.169397e-04
11581.000000 8.009444e-01 -2.816792e-03 1.696709e-03 1.066834e-01 2.464726e-05 -2.288557e-05 -2.231333e-05 1.033669e-04
11581.200000 8.057123e-01 -2.850113e-03 1.686150e-03 1.056237e-01 2.926146e-05 -2.161347e-05 -1.359265e-05 1.014956e-04
11581.400000 8.056155e-01 -2.841849e-03 1.762554e-03 1.059945e-01 2.867201e-05 -1.272462e-05 -1.769050e-06 1.042350e-04
11581.600000 8.047768e-01 -2.828558e-03 1.790983e-03 1.062422e-01 2.687504e-05 -1.234098e-05 3.168142e-06 1.167037e-04
11581.800000 8.062088e-01 -2.846166e-03 1.725861e-03 1.063933e-01 4.190093e-05 -1.289305e-05 1.973929e-06 1.168807e-04
11582.000000 8.025589e-01 -2.813487e-03 1.730728e-03 1.045410e-01 4.339504e-05 -1.214850e-05 -7.994782e-06 1.137158e-04
11582.200000 8.056500e-01 -2.832544e-03 1.705570e-03 1.061873e-01 3.724476e-05 -9.418676e-06 -1.460648e-05 1.237132e-04
11582.400000 8.045481e-01 -2.826141e-03 1.779462e-03 1.066765e-01 4.418968e-05 -1.753466e-05 -8.780689e-06 1.276365e-04
11582.600000 8.045824e-01 -2.829420e-03 1.670649e-03 1.062124e-01 4.622307e-05 -1.863633e-05 4.766195e-07 1.258520e-04
11582.800000 8.050142e-01 -2.814643e-03 1.688347e-03 1.066167e-01 4.917078e-05 -1.230709e-05 -5.417996e-06 1.246356e-04
11583.000000 8.031783e-01 -2.857051e-03 1.763765e-03 1.050443e-01 5.544738e-05 -6.428908e-06 -5.217437e-06 1.118145e-04
11583.200000 8.008770e-01 -2.804218e-03 1.867667e-03 1.057832e-01 5.174548e-05 -9.410819e-06 8.243451e-06 1.152493e-04
11583.400000 8.069861e-01 -2.855211e-03 1.734974e-03 1.055731e-01 4.174863e-05 -1.590105e-05 1.144863e-05 1.274209e-04
11583.600000 8.064414e-01 -2.885539e-03 1.669943e-03 1.052007e-01 4.598467e-05 -1.012160e-05 1.514421e-05 1.319935e-04
11583.800000 8.008766e-01 -2.846466e-03 1.715524e-03 1.058193e-01 5.027450e-05 -1.356000e-06 -4.548428e-06 1.075930e-04
11584.000000 8.057291e-01 -2.852335e-03 1.663994e-03 1.056079e-01 5.058742e-05 -1.013608e-05 -2.176291e-05 1.082891e-04
11584.200000 8.046299e-01 -2.851089e-03 1.646516e-03 1.049809e-01 4.335138e-05 -2.291968e-05 -1.561280e-05 1.052457e-04
11584.400000 8.034490e-01 -2.837982e-03 1.705318e-03 1.061245e-01 3.463897e-05 -1.554666e-05 -1.404055e-05 1.105512e-04
11584.600000 8.050117e-01 -2.864031e-03 1.703136e-03 1.050277e-01 4.833079e-05 -1.918349e-07 -4.220391e-06 1.131060e-04
11584.800000 8.040631e-01 -2.862917e-03 1.772842e-03 1.057904e-01 5.181466e-05 4.972935e-06 9.323127e-06 1.191196e-04
11585.000000 8.054785e-01 -2.857601e-03 1.813660e-03 1.055371e-01 5.040309e-05 8.213475e-06 -6.412861e-06 1.144851e-04
11585.200000 8.059993e-01 -2.877375e-03 1.743562e-03 1.059186e-01 5.595091e-05 4.495886e-06 -5.804292e-06 1.123747e-04
11585.400000 7.999038e-01 -2.841097e-03 1.643356e-03 1.031071e-01 6.113883e-05 1.693039e-06 -1.144886e-05 9.845296e-05
11585.600000 8.061755e-01 -2.840794e-03 1.775727e-03 1.049801e-01 5.745058e-05 6.604382e-06 7.709710e-06 1.060578e-04
11585.800000 8.044371e-01 -2.832435e-03 1.734458e-03 1.045449e-01 6.153552e-05 -1.340629e-06 3.143956e-06 1.009362e-04
11586.000000 8.053528e-01 -2.845785e-03 1.763362e-03 1.046700e-01 4.870412e-05 2.378712e-06 1.013440e-05 8.636245e-05
11586.200000 8.038633e-01 -2.849787e-03 1.707204e-03 1.048682e-01 4.223239e-05 -8.535141e-06 6.620461e-06 1.087138e-04
11586.400000 8.024039e-01 -2.818595e-03 1.664704e-03 1.043596e-01 4.753834e-05 -7.980563e-06 8.772453e-06 1.206945e-04
11586.600000 8.049759e-01 -2.862208e-03 1.762177e-03 1.044651e-01 5.557071e-05 1.369976e-06 2.135316e-06 1.295212e-04
11586.800000 8.019153e-01 -2.834733e-03 1.799117e-03 1.043889e-01 4.308542e-05 1.510013e-06 -1.256305e-05 1.215964e-04
11587.000000 8.050129e-01 -2.825317e-03 1.748422e-03 1.050870e-01 6.021576e-05 -2.307409e-06 -1.591082e-05 1.061835e-04
11587.200000 8.066646e-01 -2.834687e-03 1.786082e-03 1.060345e-01 4.990583e-05 -8.801447e-06 -1.489224e-06 8.199567e-05
11587.400000 8.023859e-01 -2.870296e-03 1.561827e-03 1.056456e-01 4.398141e-05 -9.981652e-06 -6.229581e-06 8.907474e-05
11587.600000 8.035471e-01 -2.848610e-03 1.533462e-03 1.053847e-01 4.510970e-05 -6.953726e-06 -7.153893e-06 1.068957e-04
11587.800000 8.005861e-01 -2.830070e-03 1.435871e-03 1.060951e-01 4.575813e-05 -4.291240e-06 1.011490e-05 8.380798e-05
11588.000000 8.055690e-01 -2.855591e-03 1.719004e-03 1.045094e-01 4.319377e-05 3.156456e-06 -5.719631e-06 7.028833e-05
11588.200000 8.040486e-01 -2.828688e-03 1.668701e-03 1.047236e-01 3.920592e-05 -2.732792e-07 -1.786962e-05 9.174893e-05
11588.400000 8.035525e-01 -2.854144e-03 1.984646e-03 1.059142e-01 4.233298e-05 -1.079292e-05 -1.074038e-05 1.139033e-04
11588.600000 7.999808e-01 -2.865546e-03 1.932595e-03 1.061819e-01 3.512422e-05 -1.318335e-06 1.708681e-05 1.252033e-04
11588.800000 8.068450e-01 -2.851005e-03 1.664786e-03 1.058658e-01 3.847619e-05 -1.601992e-06 2.164952e-05 1.248048e-04
11589.000000 8.007097e-01 -2.882871e-03 1.783409e-03 1.065610e-01 4.978971e-05 -5.161056e-06 2.142147e-06 1.259838e-04
11589.200000 8.057577e-01 -2.884531e-03 1.724188e-03 1.062505e-01 4.990372e-05 -9.103865e-06 -3.631941e-06 1.252093e-04
11589.400000 8.023997e-01 -2.795634e-03 1.600025e-03 1.041676e-01 4.793935e-05 -2.550250e-06 -4.067325e-06 1.064958e-04
11589.600000 8.021034e-01 -2.850752e-03 1.658259e-03 1.053331e-01 4.757822e-05 -1.108746e-05 -7.851412e-06 1.016047e-04
11589.800000 8.080767e-01 -2.905050e-03 1.679278e-03 1.082346e-01 4.327124e-05 -3.430999e-07 1.625696e-05 1.210850e-04
11590.000000 8.054755e-01 -2.853671e-03 1.776866e-03 1.054388e-01 5.204854e-05 -6.482327e-06 -3.105033e-06 1.149216e-04
11590.200000 8.013530e-01 -2.818765e-03 1.642523e-03 1.055288e-01 4.418876e-05 -7.905253e-06 -2.398301e-05 1.053092e-04
11590.400000 7.965481e-01 -2.870726e-03 1.676937e-03 1.059911e-01 4.215045e-05 -3.599053e-06 -1.918582e-05 8.996433e-05
11590.600000 8.052254e-01 -2.857536e-03 1.720133e-03 1.066973e-01 3.902504e-05 -5.360103e-06 -4.077013e-06 1.117398e-04
11590.800000 7.996460e-01 -2.806837e-03 1.648058e-03 1.054669e-01 3.968703e-05 -6.512079e-06 -9.597637e-06 1.228441e-04
11591.000000 8.075742e-01 -2.860924e-03 1.742037e-03 1.060995e-01 4.486333e-05 2.787853e-06 -2.547321e-05 1.006762e-04
11591.200000 7.983768e-01 -2.788105e-03 1.783913e-03 1.065166e-01 3.837426e-05 -5.583188e-06 -2.561390e-05 9.464558e-05
11591.400000 8.027028e-01 -2.809253e-03 1.918119e-03 1.074248e-01 4.278375e-05 -9.030263e-06 -8.780745e-07 1.186415e-04
11591.600000 8.058440e-01 -2.874591e-03 1.777238e-03 1.051579e-01 5.100486e-05 -8.620345e-06 -1.625152e-05 1.142574e-04
11591.800000 8.023525e-01 -2.860623e-03 1.582944e-03 1.087054e-01 5.598901e-05 -8.730591e-06 -8.452155e-06 1.070561e-04
11592.000000 8.037032e-01 -2.787072e-03 1.731058e-03 1.088594e-01 6.210575e-05 -6.153461e-06 -7.513872e-06 9.654643e-05
11592.200000 8.054582e-01 -2.874334e-03 1.741970e-03 1.068230e-01 6.101376e-05 -9.063164e-06 -1.874768e-05 1.007086e-04
11592.400000 7.997284e-01 -2.819162e-03 1.669530e-03 1.079690e-01 4.783892e-05 -1.813128e-05 -4.261206e-06 1.171932e-04
11592.600000 8.014190e-01 -2.793713e-03 1.797295e-03 1.086600e-01 6.191122e-05 -1.694987e-05 -1.436556e-05 1.160640e-04
11592.800000 8.068127e-01 -2.863582e-03 1.820541e-03 1.082011e-01 6.291351e-05 -1.296767e-05 -6.269063e-06 1.258683e-04
11593.000000 7.960399e-01 -2.801182e-03 1.827147e-03 1.070996e-01 5.502740e-05 -1.490711e-05 -2.198607e-05 1.178297e-04
11593.200000 8.047511e-01 -2.843953e-03 1.839179e-03 1.094371e-01 5.634741e-05 -1.188856e-05 -3.032054e-05 8.310140e-05
11593.400000 8.012416e-01 -2.880313e-03 1.838667e-03 1.087089e-01 6.135731e-05 -1.740445e-05 -1.848866e-05 1.120078e-04
11593.600000 8.043460e-01 -2.815206e-03 1.875217e-03 1.083310e-01 6.063530e-05 -1.412134e-05 -1.794946e-05 1.109128e-04
11593.800000 8.031035e-01 -2.986519e-03 1.905087e-03 1.096357e-01 5.531961e-05 -1.540779e-05 -2.746547e-05 1.243454e-04
11594.000000 8.033110e-01 -2.821969e-03 1.685384e-03 1.101247e-01 5.566271e-05 -1.243791e-05 -1.589285e-05 1.210540e-04
11594.200000 8.008653e-01 -2.885209e-03 1.627347e-03 1.087543e-01 6.160432e-05 -1.906957e-05 -1.281642e-05 1.070911e-04
11594.400000 8.056540e-01 -2.856413e-03 1.828563e-03 1.103262e-01 4.620070e-05 -1.134823e-05 -7.819456e-06 1.027218e-04
11594.600000 7.970410e-01 -2.816498e-03 1.690560e-03 1.085525e-01 4.230785e-05 -6.719332e-07 -3.597273e-05 1.023979e-04
11594.800000 8.030689e-01 -2.886565e-03 1.687117e-03 1.097367e-01 4.433180e-05 -3.213166e-07 -4.532158e-05 9.571212e-05
11595.000000 8.071990e-01 -2.830634e-03 1.771022e-03 1.096079e-01 4.735575e-05 3.449300e-06 -3.300947e-05 8.983974e-05
11595.200000 7.996031e-01 -2.892411e-03 1.754024e-03 1.086284e-01 6.257568e-05 1.568882e-05 -3.514492e-05 8.319695e-05
11595.400000 8.040709e-01 -2.816972e-03 1.761396e-03 1.088351e-01 5.311521e-05 1.963548e-05 -1.783955e-05 9.509531e-05
11595.600000 8.028455e-01 -2.861075e-03 1.549564e-03 1.101028e-01 5.713452e-05 1.493923e-05 -2.086748e-05 9.389669e-05
11595.800000 8.006579e-01 -2.806893e-03 1.629841e-03 1.088654e-01 4.580834e-05 5.259817e-06 -2.722813e-06 1.053288e-04
11596.000000 8.034901e-01 -2.813285e-03 1.931477e-03 1.088404e-01 4.289594e-05 2.993588e-06 -4.964399e-06 1.069054e-04
11596.200000 8.030992e-01 -2.839756e-03 1.624448e-03 1.093936e-01 3.925767e-05 1.410014e-06 -3.703040e-06 1.096688e-04
11596.400000 8.021360e-01 -2.805502e-03 1.546278e-03 1.074108e-01 4.600766e-05 2.988533e-06 4.036749e-06 1.126405e-04
11596.600000 8.020221e-01 -2.898079e-03 1.526994e-03 1.096534e-01 5.800276e-05 2.319920e-06 -6.708128e-06 1.158006e-04
11596.800000 8.022654e-01 -2.819134e-03 1.912129e-03 1.097598e-01 4.740853e-05 -2.252608e-07 1.435157e-05 1.051111e-04
11597.000000 8.018314e-01 -2.848526e-03 1.712819e-03 1.083677e-01 5.497636e-05 3.282277e-06 -9.217567e-06 8.896803e-05
11597.700000 8.017784e-01 -2.859311e-03 1.686487e-03 1.080047e-01 4.836525e-05 1.109873e-05 -1.648344e-05 9.183348e-05
11598.400000 8.014374e-01 -2.870138e-03 1.677165e-03 1.075712e-01 5.008366e-05 1.208359e-05 -2.763448e-05 9.415383e-05
11599.100000 8.016464e-01 -2.857828e-03 1.697138e-03 1.072497e-01 4.545927e-05 1.457587e-05 -3.208275e-05 9.457264e-05
11599.800000 8.012881e-01 -2.854422e-03 1.670735e-03 1.067406e-01 5.436053e-05 1.733557e-05 -1.634786e-05 9.855048e-05
11600.500000 8.003153e-01 -2.875361e-03 1.644884e-03 1.067281e-01 5.955872e-05 9.639531e-06 -2.238896e-05 1.068295e-04
11601.200000 8.002103e-01 -2.882545e-03 1.690128e-03 1.065414e-01 6.527111e-05 1.002338e-05 -3.789294e-05 9.482622e-05
11601.900000 8.001540e-01 -2.855788e-03 1.661667e-03 1.066643e-01 6.457369e-05 1.818417e-05 -1.880384e-05 1.114278e-04
11602.600000 8.006327e-01 -2.813571e-03 1.688720e-03 1.061073e-01 6.187970e-05 1.676858e-05 -2.049659e-05 1.063264e-04
11603.300000 8.005587e-01 -2.842336e-03 1.734663e-03 1.054892e-01 6.685588e-05 6.971780e-06 -2.266637e-05 1.129017e-04
11604.993695 8.004144e-01 -2.844462e-03 1.762561e-03 1.060975e-01 4.681750e-05 1.109316e-06 -3.670315e-05 1.101725e-04
11605.999583 7.998341e-01 -2.867415e-03 1.722993e-03 1.058474e-01 2.643138e-05 -3.459764e-06 -1.292422e-05 1.196550e-04
11607.017662 7.997569e-01 -2.867138e-03 1.758291e-03 1.057893e-01 2.532728e-05 -9.967325e-06 -1.164562e-05 1.174673e-04
11608.047933 7.988041e-01 -2.867935e-03 1.714604e-03 1.053745e-01 3.713041e-05 -8.409015e-06 -9.853882e-06 1.132468e-04
11609.090396 7.985858e-01 -2.874713e-03 1.769154e-03 1.050337e-01 3.562863e-05 -3.103792e-06 -2.204524e-05 9.872441e-05
11610.145051 7.986572e-01 -2.849221e-03 1.787264e-03 1.054955e-01 4.424478e-05 -3.302840e-06 -1.657387e-05 9.715388e-05
11611.211898 7.986349e-01 -2.846237e-03 1.761064e-03 1.059983e-01 4.656049e-05 -1.082695e-05 -1.406483e-05 1.001854e-04
11612.290937 7.993418e-01 -2.876262e-03 1.733106e-03 1.060997e-01 4.253236e-05 -1.332315e-05 -1.230850e-05 9.909152e-05
11613.382167 7.975976e-01 -2.863793e-03 1.739551e-03 1.061938e-01 4.094706e-05 -9.730098e-06 -1.391151e-05 9.680198e-05
11614.485590 7.974178e-01 -2.846990e-03 1.789376e-03 1.068311e-01 4.508147e-05 -6.720181e-06 -2.120995e-05 1.062340e-04
11615.601204 7.972341e-01 -2.829555e-03 1.778629e-03 1.077690e-01 4.305954e-05 -1.503364e-05 -1.112830e-05 9.504856e-05
11616.729011 7.975158e-01 -2.833007e-03 1.786102e-03 1.074277e-01 4.632107e-05 -5.277637e-06 -1.452396e-05 1.056185e-04
11617.869009 7.964069e-01 -2.846051e-03 1.771951e-03 1.079368e-01 4.232710e-05 -6.573979e-06 -6.214328e-06 1.103088e-04
11619.021199 7.969203e-01 -2.855367e-03 1.725959e-03 1.085813e-01 4.101512e-05 -1.264528e-05 -1.178579e-05 8.134622e-05
11620.185582 7.962531e-01 -2.857670e-03 1.746733e-03 1.090554e-01 3.904027e-05 -2.108665e-06 -2.313573e-05 8.273107e-05
11621.362156 7.965028e-01 -2.850472e-03 1.929030e-03 1.086580e-01 5.069554e-05 -5.722187e-06 -1.968708e-05 1.027844e-04
11622.550922 7.969924e-01 -2.845401e-03 1.790190e-03 1.087592e-01 5.332924e-05 -3.620930e-06 -1.105544e-05 1.043987e-04
11623.751879 7.961594e-01 -2.851255e-03 1.700546e-03 1.090382e-01 6.019549e-05 -5.935932e-06 -4.890217e-06 9.437527e-05
11624.965029 7.953832e-01 -2.870066e-03 1.731529e-03 1.089430e-01 5.624944e-05 -6.526193e-06 -2.874552e-06 1.096973e-04
11626.190371 7.961153e-01 -2.830595e-03 1.719444e-03 1.091263e-01 5.422020e-05 -2.512210e-08 -3.092681e-06 1.051153e-04
11627.427904 7.959356e-01 -2.860009e-03 1.721066e-03 1.091672e-01 5.104141e-05 1.581415e-06 -9.833639e-07 9.005625e-05
11628.677630 7.958300e-01 -2.850910e-03 1.828128e-03 1.090474e-01 6.262086e-05 5.087802e-06 -6.486046e-06 8.877944e-05
11629.939547 7.967452e-01 -2.826399e-03 1.745551e-03 1.081644e-01 5.136098e-05 9.352681e-06 -2.064849e-05 1.022215e-04
11631.213657 7.957280e-01 -2.842636e-03 1.682387e-03 1.075285e-01 3.842023e-05 3.351182e-06 -1.710783e-05 1.075268e-04
11632.499958 7.950675e-01 -2.825426e-03 1.793997e-03 1.071851e-01 4.616020e-05 -5.367462e-06 -1.907018e-05 8.804962e-05
11633.798451 7.947154e-01 -2.824863e-03 1.776342e-03 1.072611e-01 4.232711e-05 3.985329e-07 -2.081138e-05 1.072497e-04
11635.109136 7.942454e-01 -2.850070e-03 1.717980e-03 1.076423e-01 4.853789e-05 -1.818455e-06 -3.140344e-05 9.108056e-05
11636.432013 7.940827e-01 -2.870902e-03 1.720721e-03 1.064467e-01 5.128676e-05 -1.632024e-06 -1.790338e-05 8.848589e-05
11637.767082 7.947724e-01 -2.849164e-03 1.776942e-03 1.066496e-01 4.848154e-05 -1.062539e-05 -1.559639e-05 9.322893e-05
11639.114342 7.922036e-01 -2.827413e-03 1.757662e-03 1.056141e-01 5.074360e-05 -2.060981e-05 -1.996470e-05 7.995013e-05
11640.473795 7.928564e-01 -2.807661e-03 1.816347e-03 1.062451e-01 5.677538e-05 -1.801385e-05 -2.128951e-05 8.518683e-05
11641.845440 7.936209e-01 -2.816906e-03 1.835914e-03 1.052943e-01 5.478960e-05 -1.565938e-05 -1.088534e-05 8.659535e-05
11643.229276 7.938745e-01 -2.842845e-03 1.730625e-03 1.055259e-01 5.230092e-05 -1.452550e-05 -8.514296e-06 9.004982e-05
11644.625305 7.929412e-01 -2.829207e-03 1.737522e-03 1.061167e-01 5.667732e-05 -1.662015e-05 -7.668305e-06 1.006212e-04
11646.033525 7.924282e-01 -2.828143e-03 1.764559e-03 1.051753e-01 5.528013e-05 -1.362986e-05 -1.596707e-05 9.870990e-05
11647.453937 7.916224e-01 -2.822596e-03 1.811354e-03 1.046011e-01 5.518974e-05 -1.466076e-05 -1.022298e-05 9.839071e-05
11648.886541 7.912378e-01 -2.840536e-03 1.859056e-03 1.050014e-01 6.175071e-05 -8.435824e-06 -1.664470e-05 9.141211e-05
11650.331337 7.918184e-01 -2.818559e-03 1.817962e-03 1.051882e-01 6.246464e-05 -1.324387e-05 -1.404513e-05 9.310119e-05
11651.788325 7.912343e-01 -2.819051e-03 1.805132e-03 1.045271e-01 5.521972e-05 -1.261756e-05 -9.652440e-06 1.006309e-04
11653.257505 7.907861e-01 -2.828580e-03 1.777937e-03 1.049797e-01 6.543335e-05 -6.279412e-06 -1.502644e-05 1.057396e-04
11654.738877 7.904802e-01 -2.843963e-03 1.762736e-03 1.059470e-01 5.826580e-05 -4.874050e-07 -1.944998e-05 1.095837e-04
11656.232440 7.892149e-01 -2.860612e-03 1.761137e-03 1.055312e-01 5.719387e-05 1.730593e-06 -1.652165e-05 1.016451e-04
11657.738196 7.873676e-01 -2.860924e-03 1.669375e-03 1.059843e-01 5.716624e-05 -7.737422e-06 -2.639352e-05 9.487290e-05
11659.256143 7.877505e-01 -2.853302e-03 1.791987e-03 1.057435e-01 6.415036e-05 -7.943587e-06 -2.903681e-05 7.845354e-05
11660.786283 7.892803e-01 -2.844296e-03 1.795944e-03 1.065435e-01 6.795284e-05 -9.990307e-07 -2.706191e-05 9.398864e-05
11662.328614 7.888994e-01 -2.845931e-03 1.823786e-03 1.064146e-01 5.680422e-05 -1.328895e-06 -1.973292e-05 9.847483e-05
11663.883137 7.877549e-01 -2.799648e-03 1.785402e-03 1.064554e-01 6.685672e-05 -2.742596e-06 -2.500521e-05 9.097010e-05
11665.449852 7.880794e-01 -2.816791e-03 1.736068e-03 1.065724e-01 6.527375e-05 4.781870e-06 -2.085516e-05 8.953017e-05
11667.028759 7.878667e-01 -2.822695e-03 1.791145e-03 1.070657e-01 5.956050e-05 2.246892e-06 -1.762524e-05 9.999763e-05
11668.619858 7.878423e-01 -2.835049e-03 1.841100e-03 1.069511e-01 5.548871e-05 4.654975e-06 -3.066579e-05 9.242226e-05
11670.223149 7.866930e-01 -2.842635e-03 1.703843e-03 1.059439e-01 5.643904e-05 -5.155996e-06 -2.163455e-05 9.307783e-05
11671.838632 7.839821e-01 -2.836302e-03 1.729842e-03 1.056262e-01 4.540406e-05 -1.716747e-05 -2.383591e-05 9.707738e-05
11673.466307 7.859940e-01 -2.845425e-03 1.711892e-03 1.066120e-01 5.093525e-05 -1.914537e-05 -1.684120e-05 1.050145e-04
11675.106173 7.870836e-01 -2.828186e-03 1.793457e-03 1.068228e-01 5.163388e-05 -1.454376e-05 -6.359410e-06 1.129061e-04
11676.758232 7.873914e-01 -2.836644e-03 1.710297e-03 1.066755e-01 5.181115e-05 -6.093813e-06 4.487520e-06 1.211506e-04
11678.422482 7.872553e-01 -2.849819e-03 1.773840e-03 1.064742e-01 5.478800e-05 -8.104948e-07 -1.313962e-06 1.209950e-04
11680.098924 7.871321e-01 -2.832463e-03 1.743124e-03 1.067515e-01 5.766313e-05 1.824774e-06 -1.520001e-05 1.093906e-04
11681.787558 7.866657e-01 -2.831970e-03 1.733277e-03 1.073013e-01 5.131010e-05 6.331490e-06 -2.964927e-05 1.160819e-04
11683.488385 7.866815e-01 -2.840729e-03 1.767735e-03 1.066013e-01 5.391577e-05 1.179930e-05 -3.541075e-05 1.048318e-04
11685.201403 7.847852e-01 -2.822736e-03 1.781273e-03 1.070918e-01 5.422908e-05 3.252483e-06 -4.441970e-05 7.995461e-05
11686.926613 7.855066e-01 -2.818547e-03 1.763509e-03 1.062174e-01 5.864470e-05 -9.601553e-07 -3.872717e-05 9.123062e-05
11688.664014 7.853390e-01 -2.828800e-03 1.817093e-03 1.063607e-01 5.613256e-05 -3.649632e-06 -3.773320e-05 1.033125e-04
11690.413608 7.841307e-01 -2.799617e-03 1.762396e-03 1.061657e-01 6.420501e-05 -1.131380e-05 -2.344299e-05 1.199332e-04
11692.175394 7.843193e-01 -2.819989e-03 1.740639e-03 1.071229e-01 6.134075e-05 -8.074423e-06 -1.195255e-05 1.168279e-04
11693.949371 7.838736e-01 -2.844676e-03 1.720093e-03 1.068589e-01 5.621381e-05 -1.606904e-05 -1.349332e-05 1.145565e-04
11695.735541 7.835003e-01 -2.825305e-03 1.722116e-03 1.066058e-01 6.562197e-05 -1.510210e-05 -3.213541e-05 1.056929e-04
11697.533902 7.829063e-01 -2.808807e-03 1.684717e-03 1.063860e-01 6.411512e-05 -3.099998e-06 -1.425744e-05 9.759476e-05
11699.344455 7.821827e-01 -2.799673e-03 1.760971e-03 1.062366e-01 5.906380e-05 3.614007e-06 -2.572510e-05 1.102585e-04
11701.167201 7.811043e-01 -2.808890e-03 1.751905e-03 1.061370e-01 5.592854e-05 6.296987e-07 -2.307006e-05 1.097209e-04
11703.002138 7.793383e-01 -2.819594e-03 1.703457e-03 1.056789e-01 6.136526e-05 1.441159e-07 -1.870506e-05 1.121504e-04
11704.849267 7.801131e-01 -2.811278e-03 1.826106e-03 1.049697e-01 6.749051e-05 1.421576e-06 -1.963648e-05 1.205959e-04
11706.708588 7.819481e-01 -2.826848e-03 1.679124e-03 1.056740e-01 6.365109e-05 2.670690e-06 -1.038409e-05 1.128722e-04
11708.580100 7.818254e-01 -2.849946e-03 1.686252e-03 1.052837e-01 5.874259e-05 1.665336e-06 -6.466795e-06 1.098355e-04
11710.463805 7.795592e-01 -2.851013e-03 1.765440e-03 1.054260e-01 5.387322e-05 2.011412e-06 -3.145258e-06 1.174631e-04
11712.359702 7.803713e-01 -2.823878e-03 1.830360e-03 1.058183e-01 5.161572e-05 2.942542e-06 -7.528424e-06 1.178628e-04
11714.267790 7.806079e-01 -2.843514e-03 1.693496e-03 1.059957e-01 5.338595e-05 1.689789e-06 -1.015033e-05 1.171375e-04
11716.188071 7.803629e-01 -2.826122e-03 1.660861e-03 1.059760e-01 4.813624e-05 1.145868e-05 -1.644858e-05 1.079885e-04
11718.120543 7.791076e-01 -2.839033e-03 1.702233e-03 1.057809e-01 4.338032e-05 1.446887e-05 -1.765493e-05 1.108166e-04
11720.065207 7.782199e-01 -2.818194e-03 1.705033e-03 1.068970e-01 4.898007e-05 1.454386e-05 -1.023068e-05 1.121361e-04
11722.022064 7.788123e-01 -2.818696e-03 1.764692e-03 1.070082e-01 5.435515e-05 1.670193e-05 -4.566872e-06 1.106916e-04
11723.991112 7.786794e-01 -2.838876e-03 1.694651e-03 1.063059e-01 5.931824e-05 1.551488e-05 -2.515830e-05 1.074247e-04
11725.972352 7.789111e-01 -2.846609e-03 1.727911e-03 1.069754e-01 5.716096e-05 1.499176e-05 -1.317163e-05 9.341526e-05
11727.965784 7.766993e-01 -2.838465e-03 1.772505e-03 1.072071e-01 4.685396e-05 1.281156e-05 -1.206448e-05 9.846746e-05
11729.971407 7.778262e-01 -2.838680e-03 1.783885e-03 1.068482e-01 5.201846e-05 1.205484e-05 -1.717652e-05 1.044034e-04
11731.989223 7.769936e-01 -2.824417e-03 1.737191e-03 1.075172e-01 3.931410e-05 1.480522e-05 -5.626961e-06 1.093085e-04
11734.019231 7.760534e-01 -2.826487e-03 1.741024e-03 1.062662e-01 4.349797e-05 6.302368e-06 -1.433753e-06 1.128295e-04
11736.061430 7.768298e-01 -2.829967e-03 1.787214e-03 1.073493e-01 4.807422e-05 -9.491858e-07 -1.932483e-06 1.141347e-04
11738.115822 7.754742e-01 -2.819738e-03 1.688813e-03 1.075783e-01 4.371268e-05 -8.251135e-07 -8.247707e-06 1.058731e-04
11740.182405 7.741079e-01 -2.848505e-03 1.679117e-03 1.069696e-01 4.143530e-05 8.655866e-07 -8.575448e-06 8.790686e-05
11742.261180 7.732768e-01 -2.857451e-03 1.717876e-03 1.071805e-01 3.209197e-05 2.610924e-06 -3.180133e-06 8.714036e-05
11744.352148 7.725339e-01 -2.841972e-03 1.743927e-03 1.068451e-01 3.570773e-05 -3.817808e-07 3.336647e-06 1.096873e-04
11746.455307 7.741821e-01 -2.841122e-03 1.734935e-03 1.073379e-01 3.322895e-05 -1.653803e-06 -6.335146e-06 1.175995e-04
11748.570658 7.738231e-01 -2.840066e-03 1.740508e-03 1.067548e-01 2.726713e-05 -1.108769e-06 -2.273175e-05 1.080851e-04
11750.698201 7.741462e-01 -2.829563e-03 1.711574e-03 1.070175e-01 2.835300e-05 3.094210e-07 -2.491984e-05 1.003503e-04
11752.837935 7.731497e-01 -2.808076e-03 1.698547e-03 1.080387e-01 3.647173e-05 -6.371742e-06 -8.214978e-06 1.228922e-04
11754.989862 7.730978e-01 -2.839251e-03 1.776778e-03 1.068882e-01 4.944234e-05 3.810432e-06 -6.855151e-06 1.212391e-04
11757.153981 7.724326e-01 -2.840817e-03 1.756642e-03 1.068093e-01 4.965990e-05 2.194571e-06 -3.720507e-06 1.172831e-04
11759.330291 7.710803e-01 -2.847462e-03 1.738321e-03 1.069470e-01 4.576970e-05 7.019774e-07 -2.392804e-05 1.045218e-04
11761.518794 7.687272e-01 -2.845832e-03 1.821342e-03 1.060489e-01 4.366984e-05 -2.349725e-06 -2.901434e-05 1.198579e-04
11763.719488 7.689031e-01 -2.837445e-03 1.794020e-03 1.067195e-01 4.332242e-05 -2.628023e-06 -1.901276e-05 1.262393e-04
11765.932374 7.709813e-01 -2.843284e-03 1.826026e-03 1.061443e-01 5.080163e-05 -6.673967e-06 -9.121195e-06 1.207985e-04
11768.157453 7.700509e-01 -2.873537e-03 1.773453e-03 1.060418e-01 4.893232e-05 -1.513751e-05 -2.029495e-05 1.205089e-04
11770.394723 7.708578e-01 -2.853234e-03 1.794652e-03 1.069512e-01 4.097998e-05 -1.094213e-05 -2.639496e-05 1.190641e-04
11772.644185 7.684757e-01 -2.843754e-03 1.776962e-03 1.064671e-01 5.085468e-05 -6.405345e-06 -4.707411e-06 1.174022e-04
11774.905838 7.697427e-01 -2.834015e-03 1.802926e-03 1.060788e-01 4.177440e-05 -5.954536e-06 4.971429e-09 1.156298e-04
11777.179684 7.675789e-01 -2.842650e-03 1.748248e-03 1.066957e-01 4.180508e-05 -1.110405e-05 4.950940e-07 1.148301e-04
11779.465722 7.679188e-01 -2.848017e-03 1.782322e-03 1.065825e-01 4.704192e-05 -1.367075e-05 9.025416e-07 1.220621e-04
11781.763952 7.672437e-01 -2.848917e-03 1.733163e-03 1.064699e-01 6.323291e-05 -9.402968e-06 -2.149057e-06 1.220717e-04
11784.074373 7.677325e-01 -2.855985e-03 1.792707e-03 1.067538e-01 5.616018e-05 1.038035e-05 6.351608e-06 1.220519e-04
11786.396987 7.659819e-01 -2.842203e-03 1.735789e-03 1.073496e-01 5.320131e-05 7.422045e-06 9.571714e-06 1.244940e-04
11788.731792 7.664765e-01 -2.857980e-03 1.778941e-03 1.075973e-01 4.832869e-05 9.659096e-06 -1.210004e-06 1.260980e-04
11791.078789 7.662061e-01 -2.842629e-03 1.706318e-03 1.071890e-01 3.664309e-05 9.765263e-06 -1.222917e-05 1.114186e-04
11793.437978 7.639352e-01 -2.863165e-03 1.732895e-03 1.072712e-01 3.630733e-05 4.185127e-07 -2.792447e-05 1.145155e-04
11795.809359 7.617190e-01 -2.843647e-03 1.777870e-03 1.072873e-01 4.082617e-05 1.545489e-06 -2.238371e-05 1.270035e-04
11798.192932 7.617679e-01 -2.842277e-03 1.824406e-03 1.066234e-01 4.689394e-05 6.109538e-06 -2.307809e-05 1.348352e-04
11800.588697 7.623898e-01 -2.841892e-03 1.756025e-03 1.062553e-01 4.346042e-05 -7.250585e-07 -2.922787e-05 1.282308e-04
11802.996654 7.617429e-01 -2.844011e-03 1.744293e-03 1.057818e-01 4.308979e-05 -1.914785e-06 -1.797555e-05 1.323068e-04
11805.416803 7.654320e-01 -2.858766e-03 1.775342e-03 1.074453e-01 4.748649e-05 6.976509e-06 -2.821899e-05 1.148289e-04
11807.849143 7.643978e-01 -2.871956e-03 1.718694e-03 1.071082e-01 4.967505e-05 4.421111e-06 -2.465763e-05 1.118614e-04
11810.293676 7.615038e-01 -2.847506e-03 1.838436e-03 1.065127e-01 4.676152e-05 -6.682509e-06 -2.097367e-05 1.075275e-04
11812.750400 7.600096e-01 -2.846530e-03 1.856296e-03 1.063786e-01 4.840949e-05 -6.238712e-06 -4.686111e-06 1.206232e-04
11815.219317 7.617778e-01 -2.831063e-03 1.714293e-03 1.066559e-01 4.557103e-05 -2.603470e-06 -1.337326e-05 1.115246e-04
11817.700425 7.601057e-01 -2.861755e-03 1.654290e-03 1.059108e-01 4.212368e-05 -3.619707e-06 -1.024431e-05 9.790836e-05
11820.193725 7.617080e-01 -2.874538e-03 1.712898e-03 1.079509e-01 4.056530e-05 -8.765366e-06 -3.228747e-06 1.079589e-04
11822.699217 7.600094e-01 -2.870440e-03 1.749550e-03 1.066745e-01 4.398224e-05 -1.503285e-05 -1.968447e-06 1.061305e-04
11825.216901 7.613464e-01 -2.882271e-03 1.683432e-03 1.072048e-01 4.920057e-05 -1.622151e-05 -1.369705e-06 1.186818e-04
11827.746777 7.608827e-01 -2.860376e-03 1.689532e-03 1.065926e-01 3.930964e-05 -1.393805e-05 1.402610e-06 1.124156e-04
11830.288845 7.608598e-01 -2.898843e-03 1.721122e-03 1.078757e-01 3.895809e-05 -1.760517e-05 6.027897e-06 1.124483e-04
11832.843105 7.594517e-01 -2.877490e-03 1.706630e-03 1.070755e-01 4.151431e-05 -2.041566e-05 1.128927e-05 1.222555e-04
11835.409556 7.590158e-01 -2.867554e-03 1.738774e-03 1.074539e-01 5.196755e-05 -2.015666e-05 -1.977193e-06 1.109712e-04
11837.988200 7.544550e-01 -2.877469e-03 1.732384e-03 1.064037e-01 5.669934e-05 -2.008975e-05 -1.123299e-05 1.006981e-04
11840.579035 7.570720e-01 -2.862041e-03 1.792239e-03 1.071317e-01 5.606877e-05 -1.435880e-05 -1.041813e-05 1.165691e-04
11843.182062 7.560647e-01 -2.863321e-03 1.767366e-03 1.070877e-01 4.887420e-05 -1.511399e-06 2.279218e-06 1.179227e-04
11845.797282 7.585846e-01 -2.857340e-03 1.750542e-03 1.073317e-01 4.955414e-05 -8.336281e-06 4.947440e-06 1.160920e-04
11848.424693 7.565233e-01 -2.856595e-03 1.791494e-03 1.065893e-01 5.121635e-05 -1.168339e-05 -1.036115e-05 1.121339e-04
11851.064296 7.563117e-01 -2.886799e-03 1.727661e-03 1.070452e-01 4.222943e-05 -1.485524e-05 -1.591785e-05 1.054742e-04
11853.716091 7.542466e-01 -2.887256e-03 1.717506e-03 1.068765e-01 4.474475e-05 -1.203317e-05 -6.522896e-06 1.158387e-04
11856.380078 7.561850e-01 -2.880464e-03 1.810925e-03 1.064188e-01 4.510543e-05 -2.015586e-05 -1.300072e-06 1.077199e-04
11859.056256 7.545469e-01 -2.870942e-03 1.719909e-03 1.066115e-01 4.889769e-05 -1.132342e-05 -9.142239e-06 8.996180e-05
11861.744627 7.547042e-01 -2.877375e-03 1.757279e-03 1.064195e-01 5.137683e-05 -8.581328e-06 -1.153580e-05 9.931923e-05
11864.445190 7.528867e-01 -2.857487e-03 1.804092e-03 1.067102e-01 4.640679e-05 -4.663376e-06 -1.782085e-05 1.025069e-04
11867.157944 7.527520e-01 -2.853144e-03 1.761619e-03 1.067630e-01 3.966878e-05 -3.999681e-06 -2.826911e-05 1.028898e-04
11869.882891 7.534042e-01 -2.869653e-03 1.781264e-03 1.062807e-01 2.602658e-05 -8.694264e-06 -5.928240e-06 1.214880e-04
11872.620029 7.528692e-01 -2.847909e-03 1.815042e-03 1.062147e-01 3.195660e-05 -1.020015e-05 -9.333827e-06 1.241983e-04
11875.369359 7.517175e-01 -2.883037e-03 1.825525e-03 1.069451e-01 3.154843e-05 -4.733067e-06 -2.888000e-06 1.212203e-04
11878.130881 7.518482e-01 -2.868230e-03 1.758287e-03 1.077646e-01 4.256745e-05 5.924213e-06 1.030739e-05 1.305785e-04
11880.904595 7.515046e-01 -2.870514e-03 1.717163e-03 1.076164e-01 5.433207e-05 3.147586e-06 -7.802398e-06 1.178692e-04
11883.690501 7.508772e-01 -2.870902e-03 1.755106e-03 1.078433e-01 5.542912e-05 3.384460e-06 -1.441589e-05 1.120763e-04
11886.488599 7.494678e-01 -2.853901e-03 1.806761e-03 1.075094e-01 5.488056e-05 6.716017e-07 -6.464406e-06 1.082850e-04
11889.298889 7.497294e-01 -2.854230e-03 1.791376e-03 1.075598e-01 4.680875e-05 -5.523570e-06 -8.246203e-06 1.116739e-04
11892.121371 7.501391e-01 -2.869292e-03 1.745657e-03 1.082511e-01 4.296802e-05 -9.975976e-06 -5.148879e-06 1.131112e-04
11894.956044 7.459094e-01 -2.864285e-03 1.735738e-03 1.068029e-01 4.747291e-05 -1.465737e-05 -3.806899e-06 1.102560e-04
11897.802910 7.405663e-01 -2.869791e-03 1.742651e-03 1.060041e-01 4.944715e-05 -2.084016e-05 4.025820e-07 1.140091e-04
11900.661967 7.448431e-01 -2.870278e-03 1.802785e-03 1.076023e-01 5.912462e-05 -2.779169e-05 -1.087396e-05 1.054113e-04
11903.533217 7.463980e-01 -2.876515e-03 1.806754e-03 1.073126e-01 6.303455e-05 -2.814112e-05 -1.351583e-05 1.049078e-04
11906.416658 7.467616e-01 -2.873055e-03 1.725877e-03 1.070547e-01 5.909463e-05 -2.298424e-05 -7.765427e-06 1.067054e-04
11909.312291 7.458633e-01 -2.856270e-03 1.702736e-03 1.063975e-01 5.128829e-05 -1.999797e-05 -9.389100e-06 1.030395e-04
11912.220116 7.452436e-01 -2.861246e-03 1.686518e-03 1.065241e-01 5.296347e-05 -2.501803e-05 -8.738340e-06 1.048390e-04
11915.140133 7.448832e-01 -2.851358e-03 1.771149e-03 1.064606e-01 4.917662e-05 -2.935695e-05 -4.464647e-06 1.202702e-04
11918.072342 7.451505e-01 -2.852330e-03 1.748075e-03 1.073944e-01 4.993563e-05 -3.449900e-05 2.145960e-06 1.269736e-04
11921.016743 7.387254e-01 -2.864446e-03 1.788590e-03 1.065931e-01 5.910995e-05 -2.213156e-05 -1.254904e-05 1.123744e-04
11923.973335 7.384452e-01 -2.877992e-03 1.807771e-03 1.055875e-01 6.688592e-05 -1.127812e-05 -7.078475e-06 1.114171e-04
11926.942120 7.433674e-01 -2.866194e-03 1.718825e-03 1.070460e-01 6.161074e-05 -9.590486e-06 -7.560171e-06 1.159773e-04
11929.923096 7.439809e-01 -2.828804e-03 1.762111e-03 1.072303e-01 6.258259e-05 -1.264663e-05 -4.824522e-06 1.042422e-04
11932.916265 7.433798e-01 -2.841736e-03 1.730098e-03 1.071693e-01 6.911247e-05 -2.818735e-05 3.576570e-06 1.137912e-04
11935.921625 7.425424e-01 -2.845407e-03 1.705353e-03 1.071526e-01 6.018728e-05 -2.539599e-05 5.036204e-06 1.286153e-04
11938.939177 7.423405e-01 -2.843404e-03 1.730376e-03 1.083530e-01 5.866041e-05 -2.404952e-05 -2.307047e-06 1.321765e-04
11941.968921 7.414901e-01 -2.865497e-03 1.766747e-03 1.064064e-01 6.856518e-05 -2.175754e-05 -2.140914e-05 1.096070e-04
11945.010858 7.409153e-01 -2.860276e-03 1.771455e-03 1.067987e-01 4.915193e-05 -2.226655e-05 -2.028723e-05 1.087157e-04
11948.064985 7.390775e-01 -2.851214e-03 1.798137e-03 1.065932e-01 4.471835e-05 -3.008797e-05 -5.460384e-06 1.104871e-04
11951.131305 7.394881e-01 -2.825447e-03 1.770854e-03 1.068771e-01 4.931671e-05 -2.930827e-05 -3.847181e-06 7.541384e-05
11954.209817 7.392814e-01 -2.843493e-03 1.709113e-03 1.070708e-01 5.586188e-05 -3.223586e-05 -1.562803e-05 9.615954e-05
11957.300521 7.385655e-01 -2.845510e-03 1.737142e-03 1.080144e-01 6.452460e-05 -2.319209e-05 -3.008685e-06 1.096603e-04
11960.403416 7.377928e-01 -2.834719e-03 1.774136e-03 1.071314e-01 6.019178e-05 -1.528101e-05 -1.538339e-05 1.180944e-04
11963.518504 7.380704e-01 -2.830560e-03 1.790790e-03 1.073033e-01 6.006111e-05 -1.291239e-05 -1.592222e-05 1.214834e-04
11966.645783 7.374328e-01 -2.848684e-03 1.777080e-03 1.071304e-01 5.728451e-05 -1.734641e-05 -1.745384e-05 1.297607e-04
11969.785255 7.365889e-01 -2.849663e-03 1.766295e-03 1.071567e-01 5.674538e-05 -8.025100e-06 -1.503883e-05 1.155879e-04
11972.936918 7.361720e-01 -2.831074e-03 1.734844e-03 1.072803e-01 5.404188e-05 -6.750491e-06 -1.791753e-05 1.130342e-04
11976.100773 7.363192e-01 -2.840479e-03 1.717816e-03 1.075728e-01 5.545613e-05 -8.773084e-06 -1.475012e-05 1.222394e-04
11979.276820 7.350287e-01 -2.843153e-03 1.777925e-03 1.079921e-01 6.286778e-05 -7.249856e-06 -2.087484e-05 1.006477e-04
11982.465059 7.343117e-01 -2.823047e-03 1.773656e-03 1.079840e-01 6.741690e-05 -1.342433e-05 -1.242157e-05 1.053189e-04
11985.665490 7.332528e-01 -2.838737e-03 1.770875e-03 1.076810e-01 7.066136e-05 -1.950730e-05 -2.519403e-05 1.063169e-04
11988.878112 7.323550e-01 -2.837435e-03 1.785709e-03 1.073322e-01 7.068250e-05 -2.034124e-05 -2.855322e-05 1.104527e-04
11992.102927 7.329773e-01 -2.825717e-03 1.747526e-03 1.071833e-01 6.939472e-05 -2.080257e-05 -1.296285e-05 1.222664e-04
11995.339934 7.320673e-01 -2.832119e-03 1.758868e-03 1.075895e-01 6.810645e-05 -2.361785e-05 -1.159711e-05 1.339602e-04
11998.589132 7.316817e-01 -2.851260e-03 1.802943e-03 1.099438e-01 6.820537e-05 -1.891539e-05 -1.117563e-05 1.339951e-04
12001.850523 7.313330e-01 -2.849291e-03 1.738534e-03 1.114413e-01 7.398923e-05 -1.514642e-05 -1.529986e-05 1.293729e-04
12005.124105 7.306695e-01 -2.829974e-03 1.756953e-03 1.116162e-01 7.429988e-05 -1.781793e-05 -1.584841e-05 1.340659e-04
12008.409879 7.303983e-01 -2.827911e-03 1.812868e-03 1.107521e-01 6.765396e-05 -2.307954e-05 -1.884852e-05 1.433558e-04
12011.707845 7.298622e-01 -2.823563e-03 1.768925e-03 1.081716e-01 6.086549e-05 -2.146588e-05 -1.108845e-05 1.450633e-04
12015.018003 7.300351e-01 -2.811294e-03 1.791172e-03 1.075693e-01 7.633597e-05 -2.746313e-05 -1.141773e-05 1.412196e-04
12018.340353 7.297640e-01 -2.830641e-03 1.793300e-03 1.069595e-01 7.822907e-05 -3.202545e-05 -2.861334e-05 1.284317e-04
12021.674895 7.289806e-01 -2.862847e-03 1.735994e-03 1.093961e-01 7.760052e-05 -2.317595e-05 -1.788150e-05 1.343493e-04
12025.021629 7.288999e-01 -2.845874e-03 1.772032e-03 1.156898e-01 7.370272e-05 -1.738089e-05 -7.257915e-06 1.381005e-04
12028.380554 7.281065e-01 -2.843362e-03 1.789104e-03 1.253873e-01 7.777699e-05 -1.828820e-05 -2.035267e-05 1.265613e-04
12031.751672 7.272045e-01 -2.846714e-03 1.743231e-03 1.294294e-01 6.262729e-05 -2.072518e-05 -1.967355e-05 1.222275e-04
12035.134982 7.266428e-01 -2.853143e-03 1.762824e-03 1.242157e-01 5.774163e-05 -2.250368e-05 -1.230468e-05 1.160074e-04
12038.530483 7.251138e-01 -2.858818e-03 1.697602e-03 1.147824e-01 6.072575e-05 -3.733941e-05 -2.407904e-05 1.272178e-04
12041.938176 7.251491e-01 -2.852030e-03 1.772469e-03 1.088050e-01 6.345494e-05 -3.163796e-05 -2.502135e-05 1.297842e-04
12045.358061 7.196282e-01 -2.850121e-03 1.709639e-03 1.061865e-01 5.896045e-05 -3.083331e-05 -1.791475e-05 1.264788e-04
12048.790139 7.139568e-01 -2.857530e-03 1.728807e-03 1.050455e-01 7.338538e-05 -3.410412e-05 -2.187426e-05 1.205363e-04
12052.234408 7.216902e-01 -2.840755e-03 1.750556e-03 1.063769e-01 7.027565e-05 -3.689668e-05 -2.100609e-05 1.227581e-04
12055.690868 7.222955e-01 -2.857017e-03 1.792525e-03 1.068307e-01 7.670718e-05 -3.745177e-05 -1.875684e-05 1.298697e-04
12059.159521 7.226381e-01 -2.863131e-03 1.771106e-03 1.080955e-01 6.759002e-05 -3.220162e-05 -8.879437e-06 1.314066e-04
12062.640366 7.217212e-01 -2.856345e-03 1.818038e-03 1.081328e-01 6.643411e-05 -3.221567e-05 -1.022922e-05 1.262611e-04
12066.133403 7.203725e-01 -2.839937e-03 1.834771e-03 1.092792e-01 7.671596e-05 -2.460041e-05 -2.039424e-05 1.254185e-04
12069.638631 7.201349e-01 -2.863013e-03 1.815285e-03 1.108015e-01 8.667085e-05 -1.934306e-05 -1.329503e-05 1.215433e-04
12073.156052 7.199553e-01 -2.868129e-03 1.736388e-03 1.098100e-01 8.955800e-05 -2.705034e-05 -1.134390e-05 1.350965e-04
12076.685664 7.192796e-01 -2.864784e-03 1.746663e-03 1.087836e-01 7.786680e-05 -3.471657e-05 -9.435807e-06 1.347408e-04
12080.227468 7.183800e-01 -2.868952e-03 1.745238e-03 1.076270e-01 7.419461e-05 -3.697887e-05 -8.809539e-06 1.403830e-04
12083.781465 7.179520e-01 -2.849226e-03 1.741773e-03 1.072254e-01 9.081448e-05 -2.973294e-05 -1.073024e-05 1.456418e-04
12087.347653 7.175644e-01 -2.853202e-03 1.746715e-03 1.070163e-01 9.048255e-05 -2.467686e-05 -1.131180e-05 1.509747e-04
12090.926033 7.173906e-01 -2.852898e-03 1.753449e-03 1.077665e-01 8.391997e-05 -3.705305e-05 -6.231578e-06 1.430848e-04
12094.516605 7.156321e-01 -2.847322e-03 1.801508e-03 1.073107e-01 7.294178e-05 -3.297176e-05 1.240914e-05 1.391063e-04
12098.119369 7.146645e-01 -2.836609e-03 1.792627e-03 1.067721e-01 6.993745e-05 -3.121949e-05 -4.291940e-06 1.387246e-04
12101.734324 7.146324e-01 -2.816312e-03 1.782792e-03 1.065359e-01 7.066240e-05 -3.142418e-05 -1.244267e-05 1.382295e-04
12105.361472 7.151707e-01 -2.818279e-03 1.757722e-03 1.075175e-01 7.451256e-05 -2.905942e-05 -1.740524e-05 1.201324e-04
12109.000811 7.152779e-01 -2.840951e-03 1.752432e-03 1.079100e-01 7.743688e-05 -2.767422e-05 -1.967291e-05 1.169635e-04
12112.652343 7.143971e-01 -2.820716e-03 1.770870e-03 1.076258e-01 7.119916e-05 -2.596481e-05 -7.111664e-06 1.266815e-04
12116.316066 7.117514e-01 -2.819402e-03 1.791567e-03 1.069250e-01 8.291848e-05 -2.602536e-05 -4.939766e-06 1.331528e-04
12119.991982 7.120174e-01 -2.818292e-03 1.802083e-03 1.069876e-01 8.533402e-05 -2.635729e-05 -5.907964e-06 1.304756e-04
12123.680089 7.122875e-01 -2.858543e-03 1.761007e-03 1.069830e-01 8.343528e-05 -2.868976e-05 -1.684212e-05 1.232678e-04
12127.380388 7.116077e-01 -2.838797e-03 1.773267e-03 1.068210e-01 7.389760e-05 -3.350302e-05 -1.605066e-05 1.332132e-04
12131.092879 7.116359e-01 -2.846214e-03 1.789241e-03 1.072896e-01 6.611340e-05 -3.091568e-05 -2.113620e-05 1.224970e-04
12134.817562 7.099622e-01 -2.855745e-03 1.750911e-03 1.074068e-01 6.935864e-05 -2.999398e-05 -9.558438e-06 1.236598e-04
12138.554437 7.094550e-01 -2.834556e-03 1.817313e-03 1.070228e-01 7.511742e-05 -3.555550e-05 -9.711838e-06 1.325467e-04
12142.303503 7.090676e-01 -2.846081e-03 1.772623e-03 1.067861e-01 7.962551e-05 -2.833697e-05 -1.472808e-05 1.279666e-04
12146.064762 7.080190e-01 -2.846282e-03 1.744072e-03 1.070411e-01 7.817415e-05 -3.493429e-05 -2.769521e-06 1.294951e-04
12149.838213 7.074529e-01 -2.848124e-03 1.764878e-03 1.067566e-01 7.076979e-05 -3.505158e-05 -1.562927e-05 1.176988e-04
12153.623855 7.071254e-01 -2.845098e-03 1.805570e-03 1.070671e-01 6.568611e-05 -3.768309e-05 -1.015186e-05 1.162641e-04
12157.421689 7.062468e-01 -2.830385e-03 1.774020e-03 1.063101e-01 6.081345e-05 -3.320991e-05 -1.000487e-05 1.190497e-04
12161.231716 7.055632e-01 -2.842094e-03 1.730570e-03 1.065121e-01 6.343497e-05 -3.420946e-05 -1.923302e-05 1.186129e-04
12165.053934 7.043740e-01 -2.856759e-03 1.753096e-03 1.068278e-01 6.352758e-05 -3.259710e-05 -1.209158e-05 1.317458e-04
12168.888344 7.034803e-01 -2.845711e-03 1.776391e-03 1.075836e-01 5.279839e-05 -3.648248e-05 -1.910101e-05 1.320687e-04
12172.734946 7.014503e-01 -2.835143e-03 1.736901e-03 1.140142e-01 5.146602e-05 -2.376515e-05 -1.648985e-05 1.190183e-04
12176.593740 7.020769e-01 -2.833703e-03 1.775409e-03 1.256478e-01 5.457760e-05 -2.062927e-05 -1.344559e-05 1.132493e-04
12180.464726 7.022312e-01 -2.833942e-03 1.779775e-03 1.302659e-01 5.186167e-05 -1.454395e-05 -1.584449e-05 1.113025e-04
12184.347903 7.016601e-01 -2.839025e-03 1.803830e-03 1.263314e-01 5.509518e-05 -1.471714e-05 -3.389959e-05 1.161997e-04
12188.243273 7.007133e-01 -2.831882e-03 1.741852e-03 1.178451e-01 5.740565e-05 -1.140612e-05 -2.696576e-05 1.175821e-04
12192.150835 6.995643e-01 -2.828167e-03 1.784813e-03 1.103921e-01 6.742144e-05 -1.255427e-05 -2.309438e-05 1.216295e-04
12196.070588 6.993799e-01 -2.833785e-03 1.817409e-03 1.074592e-01 6.461709e-05 -1.423070e-05 -2.587486e-05 1.189039e-04
12200.002533 6.999999e-01 -2.825716e-03 1.806703e-03 1.073789e-01 6.082579e-05 -2.207113e-05 -1.926760e-05 1.096277e-04
12203.946671 6.988994e-01 -2.827933e-03 1.773896e-03 1.066206e-01 5.201506e-05 -2.464349e-05 -1.410701e-05 9.972170e-05
12207.903000 6.981476e-01 -2.829035e-03 1.759417e-03 1.067795e-01 5.562464e-05 -1.917072e-05 -2.061579e-05 1.152766e-04
12211.871521 6.966679e-01 -2.826628e-03 1.781563e-03 1.067696e-01 6.148617e-05 -6.654416e-06 -1.431433e-05 1.008870e-04
12215.852234 6.960452e-01 -2.830075e-03 1.771851e-03 1.062804e-01 6.770785e-05 -1.082333e-05 -1.445878e-05 1.028433e-04
12219.845139 6.966048e-01 -2.826607e-03 1.777406e-03 1.067231e-01 6.527782e-05 -9.246751e-06 -1.151185e-05 8.951421e-05
12223.850236 6.951397e-01 -2.858248e-03 1.762244e-03 1.066249e-01 6.578543e-05 4.293605e-06 -1.190697e-05 9.911182e-05
12227.867524 6.954177e-01 -2.854065e-03 1.853818e-03 1.072112e-01 5.923884e-05 -3.415171e-06 -1.772283e-05 1.138607e-04
12231.897005 6.948799e-01 -2.861659e-03 1.767037e-03 1.069641e-01 5.600433e-05 -9.923276e-06 -1.903021e-05 1.174560e-04
12235.938678 6.933672e-01 -2.860936e-03 1.785826e-03 1.068931e-01 5.235171e-05 -1.942778e-05 -2.937899e-05 1.036416e-04
12239.992542 6.931656e-01 -2.839787e-03 1.760152e-03 1.064571e-01 4.617623e-05 -2.328680e-05 -4.179248e-05 1.023242e-04
12244.058598 6.921624e-01 -2.849994e-03 1.787927e-03 1.072474e-01 5.127266e-05 -1.833890e-05 -1.911481e-05 1.149971e-04
12248.136847 6.906973e-01 -2.843204e-03 1.837422e-03 1.061187e-01 4.757599e-05 -2.335466e-05 -1.855524e-05 1.054134e-04
12252.227287 6.853875e-01 -2.836748e-03 1.790130e-03 1.059003e-01 5.078421e-05 -2.047976e-05 -2.479215e-05 1.057676e-04
12256.329919 6.734902e-01 -2.846831e-03 1.776979e-03 1.046423e-01 5.482917e-05 -1.669315e-05 -2.655042e-05 1.080866e-04
12260.444743 6.842122e-01 -2.838871e-03 1.774073e-03 1.059920e-01 6.203265e-05 -1.029380e-05 -2.232916e-05 1.123437e-04
12264.571759 6.865085e-01 -2.845696e-03 1.736312e-03 1.076662e-01 6.021761e-05 -9.896375e-06 -1.427958e-05 1.199295e-04
12268.710967 6.868488e-01 -2.843385e-03 1.798535e-03 1.090086e-01 5.540454e-05 -1.753993e-05 -1.738451e-05 1.098047e-04
12272.862366 6.873151e-01 -2.864579e-03 1.771278e-03 1.078357e-01 6.170889e-05 -7.511508e-06 -3.301151e-05 1.092422e-04
12277.025958 6.863069e-01 -2.854177e-03 1.760079e-03 1.071762e-01 6.351974e-05 -1.009163e-05 -3.799035e-05 1.144883e-04
12281.201742 6.851745e-01 -2.842535e-03 1.788302e-03 1.076283e-01 4.610662e-05 -1.092796e-05 -3.262685e-05 1.152397e-04
12285.389717 6.843659e-01 -2.885663e-03 1.787039e-03 1.081695e-01 5.444366e-05 -6.651739e-06 -3.846314e-05 1.065702e-04
12289.589884 6.834041e-01 -2.856154e-03 1.754185e-03 1.088873e-01 6.043353e-05 -3.440372e-06 -3.436279e-05 1.028387e-04
12293.802244 6.836692e-01 -2.859893e-03 1.753587e-03 1.081596e-01 5.738760e-05 -7.427950e-06 -3.228848e-05 1.037417e-04
12298.026795 6.705816e-01 -2.859986e-03 1.726904e-03 1.056206e-01 5.221070e-05 -4.310185e-06 -2.759801e-05 1.087554e-04
12302.263538 6.741096e-01 -2.850218e-03 1.826803e-03 1.057696e-01 5.553162e-05 -4.858572e-06 -2.686813e-05 1.111257e-04
12306.512473 6.815771e-01 -2.843538e-03 1.773594e-03 1.068713e-01 5.764039e-05 4.335692e-06 -3.274020e-05 1.042703e-04
12310.773600 6.816309e-01 -2.848504e-03 1.696345e-03 1.072913e-01 6.089323e-05 1.163064e-05 -2.710922e-05 1.034262e-04
12315.046919 6.809236e-01 -2.859915e-03 1.752205e-03 1.066670e-01 5.377574e-05 1.852457e-05 -2.001579e-05 1.066003e-04
12319.332429 6.801909e-01 -2.848663e-03 1.739060e-03 1.068860e-01 5.693216e-05 1.453350e-05 -3.573644e-05 1.153101e-04
12323.630132 6.791366e-01 -2.838528e-03 1.783633e-03 1.069310e-01 5.718388e-05 -4.123245e-06 -3.954239e-05 1.054286e-04
12327.940026 6.791229e-01 -2.837391e-03 1.759311e-03 1.072404e-01 5.832256e-05 -1.122995e-05 -2.602576e-05 1.034997e-04
12332.262113 6.780815e-01 -2.844911e-03 1.757257e-03 1.071687e-01 5.867212e-05 -7.882750e-06 -2.152934e-05 1.160711e-04
12336.596391 6.774729e-01 -2.843743e-03 1.781455e-03 1.065394e-01 4.974664e-05 -1.008103e-05 -2.398755e-05 1.126469e-04
12340.942861 6.766370e-01 -2.855437e-03 1.752047e-03 1.066731e-01 4.871124e-05 -8.048917e-06 -2.559703e-05 1.110278e-04
12345.301524 6.760779e-01 -2.848546e-03 1.751504e-03 1.074869e-01 4.539003e-05 -9.329609e-06 -2.843827e-05 1.177475e-04
12349.672378 6.751223e-01 -2.840614e-03 1.736581e-03 1.071059e-01 4.510482e-05 -1.355201e-05 -2.411266e-05 1.260037e-04
12354.055424 6.737908e-01 -2.820099e-03 1.800316e-03 1.070821e-01 6.020980e-05 -2.395428e-05 -1.949509e-05 1.245744e-04
12358.450662 6.741093e-01 -2.843917e-03 1.775157e-03 1.071322e-01 5.681213e-05 -1.659978e-05 -2.129153e-05 1.217145e-04
12362.858091 6.731652e-01 -2.851410e-03 1.706343e-03 1.069929e-01 5.100593e-05 -4.744411e-06 -2.015150e-05 1.285393e-04
12367.277713 6.719872e-01 -2.853458e-03 1.766146e-03 1.067332e-01 4.695426e-05 -5.012134e-06 -2.735383e-05 1.251864e-04
12371.709527 6.717339e-01 -2.846842e-03 1.773185e-03 1.067319e-01 4.115867e-05 -5.783553e-06 -1.695009e-05 1.282916e-04
12376.153532 6.715451e-01 -2.830973e-03 1.778069e-03 1.071123e-01 3.095450e-05 -9.770503e-06 -1.559167e-05 1.206154e-04
12380.609730 6.708106e-01 -2.839968e-03 1.760083e-03 1.071828e-01 4.578546e-05 -9.201990e-06 -2.433414e-05 1.140121e-04
12385.078119 6.699135e-01 -2.840106e-03 1.765575e-03 1.068014e-01 5.386004e-05 -6.628089e-06 -1.670272e-05 1.018242e-04
12389.558700 6.691174e-01 -2.844602e-03 1.749951e-03 1.064719e-01 6.319067e-05 -2.519175e-06 -2.756744e-06 1.077995e-04
12394.051473 6.683927e-01 -2.851390e-03 1.688098e-03 1.068478e-01 5.887410e-05 -7.106080e-06 5.238710e-06 1.125131e-04
12398.556438 6.677656e-01 -2.848672e-03 1.700108e-03 1.071709e-01 5.487599e-05 -1.162117e-05 -3.236820e-06 1.191518e-04
12403.073595 6.669624e-01 -2.840429e-03 1.750911e-03 1.074544e-01 5.203865e-05 -1.435299e-05 2.351033e-06 1.233610e-04
12407.602944 6.658100e-01 -2.839087e-03 1.744218e-03 1.098099e-01 5.262301e-05 -1.302468e-05 -3.874448e-06 1.169355e-04
12412.144485 6.647153e-01 -2.840016e-03 1.746377e-03 1.174616e-01 6.248224e-05 -1.820406e-05 3.463265e-07 1.104025e-04
12416.698218 6.629673e-01 -2.832093e-03 1.740672e-03 1.157392e-01 5.829077e-05 -1.269322e-05 -5.374765e-07 1.153975e-04
12421.264142 6.600913e-01 -2.839379e-03 1.746737e-03 1.116109e-01 5.861933e-05 -1.242076e-05 -1.917783e-06 1.154544e-04
12425.842259 6.619696e-01 -2.844349e-03 1.770160e-03 1.082803e-01 5.979916e-05 -1.329874e-05 9.364714e-07 1.156804e-04
12430.432567 6.628724e-01 -2.834225e-03 1.788361e-03 1.065993e-01 6.319291e-05 -1.078486e-05 -4.975261e-06 1.133536e-04
12435.035068 6.619010e-01 -2.838348e-03 1.778693e-03 1.066356e-01 6.132893e-05 -9.522575e-06 -2.727728e-06 1.121151e-04
12439.649760 6.607569e-01 -2.847856e-03 1.781857e-03 1.068006e-01 6.243079e-05 -1.248902e-05 -3.088213e-07 1.054795e-04
12444.276644 6.600595e-01 -2.852034e-03 1.755015e-03 1.073298e-01 6.393698e-05 -1.130731e-05 -2.551921e-06 1.151559e-04
12448.915720 6.587128e-01 -2.845665e-03 1.797834e-03 1.069619e-01 6.453237e-05 -1.146054e-05 -2.888548e-06 1.176548e-04
12453.566988 6.593597e-01 -2.839935e-03 1.758388e-03 1.068986e-01 6.404033e-05 -1.759261e-05 -6.087926e-06 1.153916e-04
12458.230448 6.587296e-01 -2.833345e-03 1.711681e-03 1.071494e-01 5.474447e-05 -7.996305e-06 2.034173e-06 1.121036e-04
12462.906100 6.579097e-01 -2.838384e-03 1.700396e-03 1.067639e-01 5.278159e-05 -1.384150e-05 2.510415e-06 1.222824e-04
12467.593943 6.575004e-01 -2.841957e-03 1.712077e-03 1.068886e-01 6.352406e-05 -2.435171e-05 -4.588135e-06 1.219271e-04
12472.293979 6.560071e-01 -2.837657e-03 1.749869e-03 1.070034e-01 6.986732e-05 -1.269683e-05 -2.486218e-07 1.098184e-04
12477.006206 6.554706e-01 -2.837367e-03 1.738215e-03 1.067847e-01 6.540171e-05 -1.911718e-05 -7.177725e-06 1.099909e-04
12481.730626 6.557168e-01 -2.843248e-03 1.788471e-03 1.063653e-01 7.030301e-05 -2.070070e-05 -1.862076e-05 1.151958e-04
12486.467237 6.548627e-01 -2.849391e-03 1.780418e-03 1.065485e-01 6.638104e-05 -2.620166e-05 -1.710196e-05 1.068428e-04
12491.216040 6.540625e-01 -2.836446e-03 1.768425e-03 1.064519e-01 5.836637e-05 -1.959044e-05 -7.097019e-06 1.119182e-04
12495.977036 6.523433e-01 -2.828192e-03 1.769139e-03 1.065267e-01 6.012721e-05 -1.252257e-05 -6.271255e-06 1.160777e-04
12500.750223 6.494745e-01 -2.832123e-03 1.777197e-03 1.060129e-01 6.751250e-05 -2.376473e-05 -1.970265e-05 1.229985e-04
12505.535602 6.512444e-01 -2.833167e-03 1.752104e-03 1.060298e-01 7.999406e-05 -2.147895e-05 -1.905118e-05 1.218229e-04
12510.333172 6.519115e-01 -2.838601e-03 1.745826e-03 1.065238e-01 8.306309e-05 -1.303602e-05 -1.370177e-05 1.194466e-04
12515.142935 6.511082e-01 -2.833169e-03 1.791973e-03 1.067950e-01 8.977700e-05 -1.234280e-05 -1.152106e-05 1.256979e-04
12519.964890 6.503874e-01 -2.836849e-03 1.776620e-03 1.064100e-01 8.231770e-05 -2.031338e-05 -2.647090e-05 1.145789e-04
12524.799037 6.495726e-01 -2.816102e-03 1.756768e-03 1.063323e-01 7.447639e-05 -1.390441e-05 -2.458155e-05 1.070380e-04
12529.645375 6.432251e-01 -2.822423e-03 1.689196e-03 1.053660e-01 6.682870e-05 -4.388162e-06 -1.796163e-05 1.070346e-04
12534.503905 3.321400e-01 -1.462774e-03 8.842455e-04 5.455083e-02 3.727704e-05 -6.778249e-06 -8.880830e-06 5.883468e-05
12539.374628 6.477705e-03 -2.849490e-05 1.734241e-05 1.062509e-03 7.636991e-07 -1.865553e-07 -1.698882e-07 1.139304e-06
