# Facility: NSLS-II
# Beamline: QAS
# Year: 2023
# Cycle: 3
# SAF: 312215
# PI: Reece
# Proposal: 313586
# Scan ID: 271224
# UID: c1c83863-c629-4a8f-84d6-cd8414768033
# Comment: 
# Start time: 10/18/2023  22:12:51
# Stop time: 10/18/2023  22:13:23
# Total time: 00:32
# Trajectory name: Pt-L3-30s-11564.txt
# Element: Platinum ( 78)
# Edge: L3
# E0: 11564
# Reference Foil Element: Pt
# Keithley Gains I0: 1E6 V/A It: 1E6 V/A Iref: 1E7 V/A PIPS: 1E8 V/A 
# Ion Chamber Gas Flow Rates: I0: 0.00 sccm He + 189.60 sccm N2 + 9.80 sccm Ar 
# Ion Chamber Gas Flow Rates: It&Iref: 39.70 sccm N2 + 60.10 sccm Ar
# Incident Beam Path Vertical: 31.75 mm
# Incident Slits Positions B: TOP: 2.0 mm Bottom: 1.0 mm Inboard: 0.57675 mm Outboard: 1.57675 mm
# Sample Stage Positions: Rotation: 40.0 deg Horizontal: -10.11 mm Vertical: 15.39 mm Beam Direction: 0.00 mm
# PerkinElmer Vertical Position: 500.00 mm
# Linkam Oven Temperature : 3.03 C and Ramp Rate: 20.00 C/min.
# Front End Mirror Horizontal Positions: Up: -14.00 mm Down: -14.00 mm
#
# energy  i0  it  ir  iff  aux1  aux2  aux3  aux4
11380.468179 4.192753e-01 1.015663e-02 1.549806e-02 2.421461e-02 9.008362e-06 -5.899015e-06 -1.003949e-05 4.232681e-05
11385.468179 8.237859e-01 2.014348e-02 3.077205e-02 4.766474e-02 1.985213e-05 -1.646790e-05 -1.844908e-05 8.594801e-05
11390.468179 8.298364e-01 2.052003e-02 3.134794e-02 4.808804e-02 2.112258e-05 -1.466889e-05 -7.988038e-06 7.469931e-05
11395.468179 8.373788e-01 2.093569e-02 3.199239e-02 4.832529e-02 2.465110e-05 -2.040206e-05 -7.133211e-06 8.125701e-05
11400.468179 8.355743e-01 2.093287e-02 3.202580e-02 4.832923e-02 3.354957e-05 -1.644132e-05 -8.415851e-06 8.506829e-05
11405.468179 8.332948e-01 2.082999e-02 3.198578e-02 4.832562e-02 2.805878e-05 -9.352546e-06 -9.987708e-06 8.353450e-05
11410.468179 8.307535e-01 2.081072e-02 3.197658e-02 4.818871e-02 3.357126e-05 -1.101547e-05 -8.514755e-06 7.229778e-05
11415.468179 8.227448e-01 2.075660e-02 3.201654e-02 4.777673e-02 2.814964e-05 -1.336260e-05 -7.300977e-06 6.514624e-05
11420.468179 8.228278e-01 2.087809e-02 3.223926e-02 4.810851e-02 2.606267e-05 -4.785624e-06 -4.768439e-06 8.259228e-05
11425.468179 8.303223e-01 2.094891e-02 3.244963e-02 4.920481e-02 3.533920e-05 -1.123083e-05 9.424097e-06 8.185812e-05
11430.468179 8.311264e-01 2.090748e-02 3.243706e-02 4.968421e-02 3.231520e-05 -1.223390e-05 2.023410e-06 8.120016e-05
11435.468179 8.294291e-01 2.096042e-02 3.254814e-02 4.909636e-02 2.994560e-05 -1.447785e-05 -7.978449e-07 8.861204e-05
11440.468179 8.279155e-01 2.144807e-02 3.329696e-02 4.889878e-02 2.811484e-05 -1.440542e-05 -3.647080e-06 7.602448e-05
11445.468179 8.265858e-01 2.162153e-02 3.359421e-02 4.886519e-02 2.086174e-05 -1.166032e-05 6.433639e-06 7.033675e-05
11450.468179 8.254165e-01 2.158417e-02 3.368253e-02 4.928370e-02 2.418743e-05 -1.976423e-05 5.285125e-06 6.539822e-05
11455.468179 8.254421e-01 2.197381e-02 3.424062e-02 4.920081e-02 2.322679e-05 -2.517242e-05 1.021716e-06 6.500401e-05
11460.468179 8.239624e-01 2.193671e-02 3.419663e-02 4.951561e-02 1.524064e-05 -2.350341e-05 1.529175e-05 6.964843e-05
11465.468179 8.229286e-01 2.232160e-02 3.477872e-02 5.014574e-02 1.622064e-05 -1.592948e-05 1.309303e-05 8.257736e-05
11470.468179 8.221107e-01 2.284008e-02 3.553609e-02 5.056500e-02 1.758109e-05 -1.785004e-05 1.191552e-05 9.357401e-05
11475.468179 8.210145e-01 2.311264e-02 3.599231e-02 5.037040e-02 2.092688e-05 -1.598774e-05 4.461532e-06 9.462477e-05
11480.468179 8.199004e-01 2.330359e-02 3.632044e-02 5.000286e-02 2.114932e-05 -1.509622e-05 3.354655e-06 9.134586e-05
11485.468179 8.189228e-01 2.338307e-02 3.653084e-02 4.984577e-02 2.119458e-05 -1.539984e-05 2.121246e-06 8.893619e-05
11490.468179 8.183171e-01 2.351522e-02 3.671282e-02 4.998622e-02 1.672137e-05 -1.159235e-05 1.184673e-06 8.801261e-05
11495.468179 8.183789e-01 2.363870e-02 3.694782e-02 5.058269e-02 1.642958e-05 -1.270142e-05 5.838660e-07 8.359429e-05
11500.468179 8.167232e-01 2.369986e-02 3.712253e-02 5.097170e-02 3.012609e-05 -1.842929e-05 -1.099718e-06 7.723826e-05
11505.468179 8.155216e-01 2.379121e-02 3.723660e-02 5.067532e-02 3.890157e-05 -2.073900e-05 3.720064e-06 7.575818e-05
11510.468179 8.142170e-01 2.398141e-02 3.745655e-02 4.998888e-02 3.754548e-05 -2.536355e-05 4.292089e-06 8.111151e-05
11515.468179 8.133731e-01 2.435270e-02 3.801909e-02 4.994728e-02 4.341875e-05 -3.076277e-05 8.689701e-06 8.368369e-05
11520.468179 8.127032e-01 2.460637e-02 3.837859e-02 5.028287e-02 4.241863e-05 -3.393507e-05 5.547243e-06 9.538038e-05
11525.468179 8.122014e-01 2.473603e-02 3.848452e-02 5.051952e-02 3.415442e-05 -3.277346e-05 6.911354e-06 9.247454e-05
11530.468179 8.113992e-01 2.480617e-02 3.848311e-02 5.103588e-02 3.129209e-05 -3.581550e-05 4.228763e-06 9.844138e-05
11534.000000 8.098089e-01 2.487902e-02 3.840646e-02 5.121711e-02 3.529344e-05 -4.472540e-05 -2.835180e-06 9.273741e-05
11535.000000 8.099825e-01 2.490524e-02 3.845373e-02 5.182825e-02 3.917239e-05 -4.920802e-05 -7.216721e-06 8.684482e-05
11536.000000 8.109318e-01 2.491218e-02 3.834801e-02 5.142521e-02 3.288049e-05 -5.274965e-05 -1.540254e-06 9.088415e-05
11537.000000 8.108296e-01 2.487090e-02 3.823157e-02 5.134648e-02 4.118159e-05 -4.180398e-05 -1.897282e-06 8.626232e-05
11538.000000 8.098393e-01 2.480622e-02 3.808342e-02 5.188826e-02 3.555334e-05 -2.593315e-05 2.002645e-07 9.334175e-05
11539.000000 8.101466e-01 2.480687e-02 3.807024e-02 5.154381e-02 3.245394e-05 -2.633749e-05 -9.357748e-06 9.764219e-05
11540.000000 8.094194e-01 2.481663e-02 3.800578e-02 5.268610e-02 2.982830e-05 -2.428244e-05 -1.373172e-05 1.051816e-04
11541.000000 8.103129e-01 2.484388e-02 3.792252e-02 5.295811e-02 4.042253e-05 -3.070247e-05 -1.672570e-05 1.053025e-04
11541.200000 8.159911e-01 2.485611e-02 3.816206e-02 5.486815e-02 4.741690e-05 -3.076179e-05 -1.069467e-05 1.052040e-04
11541.400000 7.929712e-01 2.431970e-02 3.719117e-02 5.336526e-02 4.906342e-05 -2.378539e-05 -5.899391e-06 1.052050e-04
11541.600000 8.103994e-01 2.479473e-02 3.746307e-02 5.066612e-02 5.337720e-05 -2.355380e-05 -2.209607e-05 1.003617e-04
11541.800000 8.114650e-01 2.476875e-02 3.782124e-02 5.162844e-02 5.078782e-05 -2.351328e-05 -1.553604e-05 1.005797e-04
11542.000000 8.106474e-01 2.490547e-02 3.796478e-02 5.121067e-02 3.696604e-05 -1.965730e-05 5.923049e-06 1.016866e-04
11542.200000 8.065145e-01 2.451036e-02 3.745257e-02 5.032492e-02 5.041043e-05 -1.655697e-05 6.880800e-06 1.018543e-04
11542.400000 8.111591e-01 2.489525e-02 3.785242e-02 5.147975e-02 3.469033e-05 -2.196244e-05 -2.000507e-06 9.931812e-05
11542.600000 8.114355e-01 2.479007e-02 3.757009e-02 5.443011e-02 3.972236e-05 -1.889966e-05 6.801590e-06 9.447454e-05
11542.800000 8.089532e-01 2.468418e-02 3.772212e-02 5.138234e-02 4.874965e-05 -1.722200e-05 3.743868e-06 9.326958e-05
11543.000000 8.113995e-01 2.489265e-02 3.774833e-02 5.195060e-02 5.016337e-05 -1.082358e-05 1.165582e-05 9.229953e-05
11543.200000 8.074953e-01 2.467374e-02 3.718312e-02 5.375437e-02 4.700761e-05 -1.621884e-05 2.400890e-06 7.299465e-05
11543.400000 8.090773e-01 2.496087e-02 3.765384e-02 5.254865e-02 4.303682e-05 -1.781746e-05 -1.200137e-05 6.823623e-05
11543.600000 8.065888e-01 2.470912e-02 3.722757e-02 5.318446e-02 4.000203e-05 -1.113773e-05 -1.925136e-05 7.797415e-05
11543.800000 8.134296e-01 2.504417e-02 3.767283e-02 5.385221e-02 3.454536e-05 -1.248133e-05 -1.358567e-05 8.428646e-05
11544.000000 8.060049e-01 2.479544e-02 3.748427e-02 5.315837e-02 5.469334e-05 -1.945938e-05 9.658962e-06 9.483163e-05
11544.200000 7.978888e-01 2.457777e-02 3.700577e-02 5.233989e-02 3.462559e-05 -2.319671e-05 9.601932e-06 1.000964e-04
11544.400000 8.133069e-01 2.516797e-02 3.794475e-02 5.300681e-02 4.339219e-05 -2.610759e-05 3.864857e-06 9.624607e-05
11544.600000 8.087405e-01 2.501151e-02 3.759916e-02 5.470314e-02 5.119917e-05 -2.200049e-05 -3.262459e-06 8.945448e-05
11544.800000 7.996535e-01 2.485360e-02 3.770562e-02 4.888403e-02 4.766385e-05 -1.070138e-05 2.055696e-07 9.768591e-05
11545.000000 8.122368e-01 2.515951e-02 3.804042e-02 5.121130e-02 5.452563e-05 -1.045630e-06 -8.203300e-07 8.805852e-05
11545.200000 8.081298e-01 2.514118e-02 3.774187e-02 5.302100e-02 3.949519e-05 -1.260221e-05 -1.040911e-05 8.933614e-05
11545.400000 8.093707e-01 2.516287e-02 3.772045e-02 5.418335e-02 6.048235e-05 -1.007817e-05 -7.667225e-06 9.399812e-05
11545.600000 8.073741e-01 2.517878e-02 3.744789e-02 5.466830e-02 4.271961e-05 -8.506612e-06 -6.271302e-06 9.345907e-05
11545.800000 8.051041e-01 2.502417e-02 3.733595e-02 5.334471e-02 3.731804e-05 -6.122700e-06 6.340297e-06 8.737964e-05
11546.000000 8.097020e-01 2.518720e-02 3.747181e-02 5.326901e-02 2.988530e-05 -8.783400e-06 -5.338735e-06 8.685993e-05
11546.200000 8.104993e-01 2.532544e-02 3.773555e-02 5.509322e-02 2.507461e-05 -1.087352e-05 1.441783e-05 9.410877e-05
11546.400000 8.057058e-01 2.509067e-02 3.755375e-02 5.272333e-02 4.265812e-05 -1.621089e-05 1.202538e-05 9.900563e-05
11546.600000 8.112022e-01 2.538559e-02 3.788313e-02 5.407633e-02 3.843918e-05 -1.824098e-05 9.100916e-06 9.763384e-05
11546.800000 8.077443e-01 2.514865e-02 3.752211e-02 5.297220e-02 4.109113e-05 -1.087721e-05 -1.876386e-06 8.459743e-05
11547.000000 8.081215e-01 2.526486e-02 3.779607e-02 5.338554e-02 3.706790e-05 -1.741332e-05 -1.005828e-05 9.153079e-05
11547.200000 8.098643e-01 2.534584e-02 3.767082e-02 5.380596e-02 4.853014e-05 -2.230696e-05 -1.541439e-05 8.925633e-05
11547.400000 8.117566e-01 2.536057e-02 3.766564e-02 5.514541e-02 4.434038e-05 -1.186085e-05 -4.852578e-06 9.111608e-05
11547.600000 8.067773e-01 2.534064e-02 3.770040e-02 5.342739e-02 2.512159e-05 -1.121108e-05 -4.993361e-07 8.854856e-05
11547.800000 8.062439e-01 2.518878e-02 3.754952e-02 5.468359e-02 3.773545e-05 -1.046046e-05 -1.821473e-05 8.844654e-05
11548.000000 8.123783e-01 2.556200e-02 3.759751e-02 5.447977e-02 2.532190e-05 -1.292259e-05 -2.542277e-05 9.857879e-05
11548.200000 8.085111e-01 2.533018e-02 3.733608e-02 5.395999e-02 3.526419e-05 3.121902e-06 -2.295871e-05 9.977501e-05
11548.400000 8.085691e-01 2.549515e-02 3.759667e-02 5.393929e-02 1.906413e-05 -2.276379e-06 -1.031297e-05 1.012026e-04
11548.600000 8.102908e-01 2.540975e-02 3.750404e-02 5.467984e-02 1.800772e-05 -9.257776e-06 -1.359129e-06 9.334649e-05
11548.800000 8.114854e-01 2.563418e-02 3.755283e-02 5.737521e-02 1.488463e-05 -1.405057e-05 -6.440532e-06 1.031208e-04
11549.000000 8.080127e-01 2.547785e-02 3.710419e-02 5.268290e-02 2.094854e-05 -6.534854e-06 -1.501621e-05 8.695759e-05
11549.200000 8.085747e-01 2.552493e-02 3.749628e-02 5.286869e-02 2.507578e-05 -5.513377e-08 -1.136261e-05 9.737433e-05
11549.400000 8.097182e-01 2.568559e-02 3.757327e-02 5.397403e-02 1.413816e-05 -5.201732e-06 -2.201130e-05 9.655443e-05
11549.600000 8.138444e-01 2.567808e-02 3.748259e-02 5.716514e-02 2.708592e-05 -4.212973e-06 -1.467522e-05 7.756843e-05
11549.800000 8.070471e-01 2.563556e-02 3.695165e-02 5.224098e-02 1.268840e-05 -8.530725e-06 -2.501743e-05 8.685033e-05
11550.000000 8.028697e-01 2.538488e-02 3.705158e-02 5.656301e-02 3.087789e-05 -1.108136e-05 -3.964647e-05 8.669641e-05
11550.200000 8.084460e-01 2.560110e-02 3.697645e-02 5.381451e-02 1.732772e-05 -1.127731e-05 -2.489140e-05 8.957951e-05
11550.400000 8.090230e-01 2.556220e-02 3.707832e-02 5.421624e-02 4.461368e-05 -6.749161e-06 -1.653502e-05 8.995985e-05
11550.600000 8.087560e-01 2.565275e-02 3.700267e-02 5.405531e-02 3.737084e-05 -7.241729e-06 -1.176306e-05 9.282810e-05
11550.800000 8.107711e-01 2.568384e-02 3.702578e-02 5.377349e-02 4.478172e-05 -1.429183e-05 -7.849200e-06 8.706860e-05
11551.000000 8.105462e-01 2.571472e-02 3.692506e-02 5.514599e-02 3.548497e-05 -1.020051e-05 -1.449206e-06 8.887341e-05
11551.200000 8.045911e-01 2.553016e-02 3.663128e-02 5.632025e-02 4.641718e-05 -8.495149e-06 -2.166338e-06 1.068752e-04
11551.400000 8.105736e-01 2.581121e-02 3.694665e-02 5.440263e-02 2.249416e-05 -1.007715e-05 5.748699e-06 1.020815e-04
11551.600000 8.026372e-01 2.554227e-02 3.655904e-02 5.599620e-02 3.275443e-05 -1.303440e-05 -1.515451e-05 1.039503e-04
11551.800000 8.119538e-01 2.581557e-02 3.670664e-02 5.602871e-02 3.559278e-05 -3.526875e-06 -7.543773e-06 1.109543e-04
11552.000000 8.080717e-01 2.569583e-02 3.639109e-02 5.563660e-02 4.562606e-05 -1.939384e-05 7.686120e-06 1.076949e-04
11552.200000 7.885362e-01 2.507505e-02 3.563537e-02 5.444863e-02 4.875392e-05 -1.308970e-05 1.012545e-05 9.668086e-05
11552.400000 8.180370e-01 2.607039e-02 3.650812e-02 5.670860e-02 3.090538e-05 -1.366604e-05 -4.571755e-06 1.015980e-04
11552.600000 8.098371e-01 2.576705e-02 3.635794e-02 5.579478e-02 3.948496e-05 -1.055523e-05 -4.397901e-06 9.820767e-05
11552.800000 7.913882e-01 2.521345e-02 3.500391e-02 5.606122e-02 3.456320e-05 -1.266253e-05 8.019210e-07 9.333390e-05
11553.000000 8.137999e-01 2.595352e-02 3.626328e-02 5.541320e-02 2.730611e-05 -2.314108e-05 7.165985e-06 9.914194e-05
11553.200000 8.068538e-01 2.573612e-02 3.590490e-02 5.658145e-02 1.862323e-05 -2.462510e-05 1.333586e-05 8.359048e-05
11553.400000 8.127728e-01 2.592341e-02 3.610398e-02 5.843873e-02 2.031199e-05 -2.299405e-05 1.175753e-05 9.983372e-05
11553.600000 8.094762e-01 2.583430e-02 3.573923e-02 5.768017e-02 2.767735e-05 -1.696657e-05 2.753356e-06 9.522091e-05
11553.800000 8.066156e-01 2.574590e-02 3.554667e-02 5.610599e-02 4.385707e-05 -1.003488e-05 -6.445816e-06 8.908840e-05
11554.000000 8.089091e-01 2.577976e-02 3.522264e-02 5.908630e-02 4.796425e-05 -1.370013e-05 -4.440044e-06 9.226594e-05
11554.200000 8.074200e-01 2.579595e-02 3.521265e-02 5.584141e-02 3.470615e-05 -9.676087e-06 -1.333848e-05 8.290443e-05
11554.400000 8.067257e-01 2.575690e-02 3.482575e-02 5.551651e-02 3.126255e-05 -1.265791e-05 -4.748900e-06 7.356730e-05
11554.600000 8.060744e-01 2.570169e-02 3.499371e-02 5.852951e-02 4.014564e-05 -1.057949e-05 5.823292e-06 6.531684e-05
11554.800000 8.103271e-01 2.584389e-02 3.479260e-02 5.871371e-02 4.632277e-05 -3.160098e-06 -9.771228e-06 9.401225e-05
11555.000000 8.077646e-01 2.584377e-02 3.480681e-02 5.519328e-02 4.099769e-05 -4.284518e-06 -5.821122e-06 9.497223e-05
11555.200000 8.103895e-01 2.585444e-02 3.448362e-02 5.698721e-02 4.026693e-05 -1.672512e-07 4.429732e-06 1.081774e-04
11555.400000 8.006522e-01 2.563596e-02 3.381545e-02 5.741240e-02 3.874264e-05 5.936912e-07 6.768111e-06 1.067917e-04
11555.600000 8.108552e-01 2.587253e-02 3.413396e-02 6.034571e-02 4.889263e-05 -1.251213e-05 -7.513398e-06 1.086510e-04
11555.800000 8.114439e-01 2.593135e-02 3.406328e-02 6.000034e-02 4.213015e-05 -1.006175e-05 -6.245815e-06 1.049810e-04
11556.000000 8.050396e-01 2.567130e-02 3.359397e-02 5.938433e-02 5.246932e-05 -6.984219e-06 -5.953705e-07 1.064384e-04
11556.200000 8.062639e-01 2.582601e-02 3.358868e-02 5.737080e-02 5.309290e-05 -9.577298e-06 -2.516491e-05 1.136782e-04
11556.400000 8.035620e-01 2.562091e-02 3.302569e-02 6.014818e-02 6.579287e-05 -7.909581e-06 -1.846270e-05 1.023677e-04
11556.600000 8.099397e-01 2.589669e-02 3.307231e-02 6.036518e-02 4.949693e-05 -1.132451e-05 -2.179342e-05 1.024615e-04
11556.800000 8.056227e-01 2.562294e-02 3.267663e-02 5.995864e-02 5.356837e-05 -1.393445e-05 -2.894827e-05 9.484744e-05
11557.000000 8.110941e-01 2.589976e-02 3.269290e-02 5.986321e-02 5.090759e-05 -9.576153e-06 -1.014741e-06 9.487993e-05
11557.200000 8.070345e-01 2.575856e-02 3.225952e-02 6.114982e-02 5.457819e-05 -9.659387e-06 6.703028e-06 7.237573e-05
11557.400000 8.037139e-01 2.567364e-02 3.170826e-02 6.057360e-02 5.260760e-05 -8.469970e-06 1.712755e-05 9.056207e-05
11557.600000 8.089559e-01 2.582855e-02 3.159764e-02 6.228964e-02 3.998025e-05 -8.574103e-06 -2.233422e-06 9.045000e-05
11557.800000 8.067119e-01 2.572778e-02 3.100489e-02 6.269660e-02 3.791619e-05 -1.187104e-05 -1.414637e-05 7.454372e-05
11558.000000 8.083306e-01 2.581290e-02 3.076514e-02 6.219257e-02 3.756320e-05 -1.636549e-05 -1.233743e-05 9.915002e-05
11558.200000 8.074043e-01 2.574331e-02 3.074304e-02 6.310564e-02 5.104357e-05 -1.195836e-05 -1.261972e-05 1.038649e-04
11558.400000 8.051594e-01 2.577126e-02 3.019042e-02 6.170108e-02 5.638740e-05 -1.443250e-05 -8.846970e-06 1.040753e-04
11558.600000 8.036811e-01 2.562936e-02 2.981857e-02 6.278781e-02 5.718934e-05 -2.387987e-05 -5.918423e-06 1.026247e-04
11558.800000 8.092272e-01 2.586653e-02 2.944684e-02 6.335058e-02 4.783611e-05 -2.521325e-05 -1.989437e-05 9.420201e-05
11559.000000 8.036452e-01 2.562910e-02 2.886565e-02 6.401696e-02 4.706836e-05 -9.506580e-06 -3.685641e-05 8.750222e-05
11559.200000 8.061642e-01 2.583395e-02 2.855394e-02 6.642872e-02 3.813562e-05 -5.874470e-06 -2.462421e-05 8.522449e-05
11559.400000 8.061740e-01 2.578054e-02 2.810671e-02 6.550350e-02 4.496604e-05 -9.521865e-06 -1.653436e-05 8.199685e-05
11559.600000 8.111333e-01 2.595522e-02 2.766259e-02 6.637169e-02 4.429156e-05 -1.404201e-05 -1.453099e-05 8.838455e-05
11559.800000 8.025218e-01 2.572192e-02 2.701446e-02 6.864997e-02 3.967807e-05 -1.343592e-05 -1.330256e-05 8.785257e-05
11560.000000 8.123178e-01 2.597727e-02 2.661643e-02 6.888925e-02 3.462227e-05 -6.911159e-06 -1.486188e-05 8.482366e-05
11560.200000 8.101817e-01 2.605535e-02 2.626402e-02 6.746914e-02 2.784976e-05 -1.419816e-05 -1.694407e-05 8.876184e-05
11560.400000 8.111134e-01 2.595486e-02 2.558200e-02 7.158896e-02 3.465616e-05 -1.285514e-05 -1.714306e-05 9.653703e-05
11560.600000 8.070076e-01 2.592409e-02 2.473240e-02 7.078909e-02 3.274313e-05 -5.250641e-06 -2.586319e-05 9.737949e-05
11560.800000 8.085892e-01 2.587297e-02 2.413057e-02 7.056482e-02 2.745531e-05 -6.520259e-06 -2.616951e-05 9.667052e-05
11561.000000 8.027141e-01 2.563034e-02 2.298084e-02 7.222626e-02 3.507315e-05 -1.223049e-05 -2.560737e-05 9.575598e-05
11561.200000 8.072598e-01 2.586530e-02 2.239212e-02 7.408527e-02 3.187918e-05 -8.958819e-06 -2.581287e-05 1.025937e-04
11561.400000 8.091183e-01 2.584871e-02 2.170195e-02 7.522710e-02 3.749524e-05 -1.777236e-05 -2.178554e-05 8.971194e-05
11561.600000 8.052489e-01 2.578978e-02 2.074460e-02 7.609946e-02 3.023304e-05 -2.369194e-05 -1.462824e-05 9.947620e-05
11561.800000 8.083244e-01 2.591837e-02 2.018795e-02 7.878411e-02 1.841672e-05 -3.041584e-05 -5.469108e-06 9.842313e-05
11562.000000 8.060385e-01 2.578423e-02 1.916526e-02 8.058461e-02 1.361461e-05 -3.284529e-05 -6.399084e-06 1.068048e-04
11562.200000 8.065918e-01 2.579020e-02 1.840867e-02 8.073350e-02 1.272965e-05 -2.512032e-05 -1.035366e-05 1.121448e-04
11562.400000 8.075948e-01 2.585829e-02 1.745990e-02 8.423483e-02 1.419681e-05 -2.344471e-05 -1.038661e-05 1.191450e-04
11562.600000 8.058223e-01 2.578458e-02 1.642404e-02 8.511530e-02 1.529477e-05 -2.894357e-05 -9.649191e-06 1.123065e-04
11562.800000 8.060490e-01 2.575344e-02 1.563860e-02 8.597661e-02 1.574791e-05 -2.270707e-05 -8.132488e-06 1.122210e-04
11563.000000 8.052725e-01 2.575185e-02 1.469905e-02 8.930091e-02 2.262033e-05 -1.541835e-05 -2.231372e-05 1.101638e-04
11563.200000 8.064038e-01 2.576709e-02 1.385235e-02 9.197786e-02 2.258134e-05 -9.083022e-06 -2.406036e-05 1.070556e-04
11563.400000 8.059644e-01 2.572853e-02 1.293426e-02 9.513869e-02 2.305609e-05 -1.230962e-05 -3.298952e-05 1.076304e-04
11563.600000 8.075604e-01 2.574456e-02 1.209459e-02 9.745125e-02 2.677442e-05 -1.012743e-05 -3.073116e-05 1.033555e-04
11563.800000 8.089700e-01 2.581905e-02 1.124818e-02 1.001046e-01 2.959764e-05 -1.231649e-05 -2.025265e-05 1.061517e-04
11564.000000 7.966921e-01 2.535241e-02 1.029596e-02 1.041234e-01 3.220248e-05 -9.565138e-06 -1.769562e-05 1.174390e-04
11564.200000 8.101595e-01 2.580014e-02 9.859375e-03 1.064875e-01 2.410111e-05 -1.500530e-05 -1.965315e-05 1.170843e-04
11564.400000 8.060059e-01 2.572403e-02 9.199121e-03 1.084685e-01 2.550123e-05 -1.781896e-05 -1.686397e-05 1.182034e-04
11564.600000 8.067170e-01 2.568712e-02 8.604741e-03 1.125845e-01 2.373962e-05 -1.432243e-05 -2.223425e-05 1.111817e-04
11564.800000 8.092428e-01 2.578063e-02 8.085127e-03 1.160891e-01 2.296055e-05 -1.401881e-05 -3.209278e-05 8.628075e-05
11565.000000 8.002947e-01 2.546927e-02 7.706077e-03 1.172781e-01 2.596808e-05 -1.219647e-05 -3.335683e-05 9.272660e-05
11565.200000 8.086537e-01 2.574389e-02 7.334468e-03 1.227807e-01 3.114890e-05 -7.507548e-06 -2.931634e-05 1.063537e-04
11565.400000 8.090343e-01 2.574172e-02 6.805537e-03 1.245418e-01 2.220580e-05 2.131232e-06 -3.507468e-05 1.013935e-04
11565.600000 8.009001e-01 2.546897e-02 6.513260e-03 1.244708e-01 2.086906e-05 -1.096060e-05 -3.123946e-05 1.065309e-04
11565.800000 8.075018e-01 2.568129e-02 6.323022e-03 1.289913e-01 2.057036e-05 -1.630810e-05 -1.027267e-05 1.000060e-04
11566.000000 8.068372e-01 2.567488e-02 6.120078e-03 1.325320e-01 1.614329e-05 -2.027123e-05 -5.896379e-06 8.310031e-05
11566.200000 8.071281e-01 2.565937e-02 6.043713e-03 1.355207e-01 1.753548e-05 -1.709647e-05 -1.758978e-06 8.768537e-05
11566.400000 8.072447e-01 2.571742e-02 5.889956e-03 1.361940e-01 1.422682e-05 -1.322440e-05 -4.586441e-06 1.153576e-04
11566.600000 7.997971e-01 2.552949e-02 5.872417e-03 1.363759e-01 1.090819e-05 -1.788279e-05 -3.293384e-05 1.037729e-04
11566.800000 8.064062e-01 2.572497e-02 6.012833e-03 1.398018e-01 1.521522e-05 -2.499843e-05 -2.527480e-05 1.009629e-04
11567.000000 8.060892e-01 2.568962e-02 5.752203e-03 1.392125e-01 1.661975e-05 -3.127085e-05 -2.441366e-05 9.705985e-05
11567.200000 8.054718e-01 2.569873e-02 5.870029e-03 1.420820e-01 1.941362e-05 -3.412801e-05 -2.369229e-05 1.079243e-04
11567.400000 8.070635e-01 2.571285e-02 5.796910e-03 1.411260e-01 2.444514e-05 -3.436748e-05 -2.641929e-05 1.037982e-04
11567.600000 8.051207e-01 2.563458e-02 5.889001e-03 1.433320e-01 2.284266e-05 -2.732532e-05 -1.984024e-05 1.128726e-04
11567.800000 8.051624e-01 2.564426e-02 6.173543e-03 1.426799e-01 3.194307e-05 -2.839153e-05 -2.762418e-05 1.069235e-04
11568.000000 8.022544e-01 2.552194e-02 6.148650e-03 1.434981e-01 1.437837e-05 -2.729043e-05 -2.082739e-05 1.001508e-04
11568.200000 8.056082e-01 2.564335e-02 5.983926e-03 1.440626e-01 1.258216e-05 -2.384640e-05 -8.312363e-06 1.091980e-04
11568.400000 8.070035e-01 2.565920e-02 6.331344e-03 1.428669e-01 2.168293e-05 -1.115698e-05 -2.512064e-05 9.875975e-05
11568.600000 8.049756e-01 2.558897e-02 6.554739e-03 1.422413e-01 2.122366e-05 -1.545138e-05 -2.722972e-05 1.096537e-04
11568.800000 8.048662e-01 2.559548e-02 6.549583e-03 1.428761e-01 8.133245e-06 -1.459515e-05 -1.613049e-05 1.181384e-04
11569.000000 8.034968e-01 2.553296e-02 6.926637e-03 1.434192e-01 1.742582e-05 -1.411012e-05 -2.107520e-05 1.124253e-04
11569.200000 8.073323e-01 2.562935e-02 6.839664e-03 1.426780e-01 2.131645e-05 -2.005838e-05 -3.096261e-05 1.023187e-04
11569.400000 8.059838e-01 2.557798e-02 7.035998e-03 1.419490e-01 1.344569e-05 -2.290927e-05 -3.508294e-05 9.712596e-05
11569.600000 8.066156e-01 2.559062e-02 7.004067e-03 1.414427e-01 1.836578e-05 -2.088328e-05 -2.537034e-05 9.548633e-05
11569.800000 8.022489e-01 2.547017e-02 7.062962e-03 1.413150e-01 1.746541e-05 -1.568201e-05 -1.834460e-05 9.711900e-05
11570.000000 8.067738e-01 2.556453e-02 7.209215e-03 1.405352e-01 1.124254e-05 -2.471816e-05 -3.050532e-05 9.893494e-05
11570.200000 8.055360e-01 2.549661e-02 7.319976e-03 1.384078e-01 2.244325e-05 -3.619638e-05 -3.096575e-05 8.590744e-05
11570.400000 8.055925e-01 2.552954e-02 7.405648e-03 1.380773e-01 2.926781e-05 -3.232058e-05 -3.423650e-05 9.845520e-05
11570.600000 8.043589e-01 2.546858e-02 7.616541e-03 1.361488e-01 3.261683e-05 -3.299639e-05 -2.261864e-05 1.116507e-04
11570.800000 8.050345e-01 2.551284e-02 7.517877e-03 1.353504e-01 2.818766e-05 -3.346443e-05 -1.808566e-05 1.060790e-04
11571.000000 8.054850e-01 2.552474e-02 7.647671e-03 1.360220e-01 2.888707e-05 -2.626492e-05 -3.162727e-05 9.460723e-05
11571.200000 8.063852e-01 2.551082e-02 7.791748e-03 1.346813e-01 3.952469e-05 -2.131741e-05 -2.200784e-05 9.417153e-05
11571.400000 7.999847e-01 2.534478e-02 7.837302e-03 1.328124e-01 2.923365e-05 -2.882689e-05 -1.606863e-05 1.161810e-04
11571.600000 8.058469e-01 2.553002e-02 7.932520e-03 1.325405e-01 3.151607e-05 -2.030440e-05 -3.685783e-05 1.082016e-04
11571.800000 8.058203e-01 2.549843e-02 8.079062e-03 1.322963e-01 2.991848e-05 -1.000498e-05 -2.442000e-05 1.133639e-04
11572.000000 8.060350e-01 2.552599e-02 8.094022e-03 1.317305e-01 2.624624e-05 -1.004083e-05 -2.069603e-05 1.260230e-04
11572.200000 8.051656e-01 2.551759e-02 8.023914e-03 1.314373e-01 2.957060e-05 -1.795015e-05 -2.998633e-05 1.309555e-04
11572.400000 8.053921e-01 2.549353e-02 8.159765e-03 1.298117e-01 2.036178e-05 -2.090741e-05 -2.207753e-05 1.333329e-04
11572.600000 8.043216e-01 2.544019e-02 8.302532e-03 1.287072e-01 3.024425e-05 -2.370737e-05 -3.043746e-05 1.233034e-04
11572.800000 8.047736e-01 2.544881e-02 8.389603e-03 1.278936e-01 3.141014e-05 -2.429070e-05 -2.550998e-05 1.194036e-04
11573.000000 8.053799e-01 2.544934e-02 8.352529e-03 1.273714e-01 2.748946e-05 -2.775438e-05 -2.786557e-05 1.044619e-04
11573.200000 8.049427e-01 2.545027e-02 8.268497e-03 1.268734e-01 2.285846e-05 -3.215169e-05 -3.403626e-05 9.042732e-05
11573.400000 8.046341e-01 2.539616e-02 8.462575e-03 1.264149e-01 2.683892e-05 -2.754619e-05 -4.198536e-05 1.114773e-04
11573.600000 8.042562e-01 2.539794e-02 8.510368e-03 1.252865e-01 3.267081e-05 -2.372196e-05 -2.495290e-05 1.160469e-04
11573.800000 8.050132e-01 2.538235e-02 8.464848e-03 1.251473e-01 3.249534e-05 -1.989701e-05 -1.069697e-05 9.370921e-05
11574.000000 8.013362e-01 2.527329e-02 8.562873e-03 1.244340e-01 2.809243e-05 -2.166083e-05 -1.963908e-05 1.025808e-04
11574.200000 8.057445e-01 2.536950e-02 8.702573e-03 1.247948e-01 4.281227e-05 -2.488399e-05 -6.696859e-06 9.011919e-05
11574.400000 8.043979e-01 2.527302e-02 8.662783e-03 1.235001e-01 4.317492e-05 -1.956980e-05 -2.041603e-05 9.469103e-05
11574.600000 8.051155e-01 2.529811e-02 8.695283e-03 1.231383e-01 3.259149e-05 -1.650730e-05 -2.519362e-05 1.111047e-04
11574.800000 8.049498e-01 2.524936e-02 8.674190e-03 1.226584e-01 2.316604e-05 -2.631671e-05 -2.223081e-05 1.050168e-04
11575.000000 8.044566e-01 2.519607e-02 8.635196e-03 1.225623e-01 2.061106e-05 -3.907755e-05 -2.307289e-05 1.085659e-04
11575.200000 8.041894e-01 2.511884e-02 8.607663e-03 1.222230e-01 2.748997e-05 -3.311300e-05 -1.691141e-05 1.115383e-04
11575.400000 8.045469e-01 2.511353e-02 8.713716e-03 1.217450e-01 3.422210e-05 -2.214603e-05 -2.494052e-05 1.181518e-04
11575.600000 8.046005e-01 2.510192e-02 8.781453e-03 1.215976e-01 3.325522e-05 -2.298008e-05 -1.889709e-05 1.128173e-04
11575.800000 8.042049e-01 2.503934e-02 8.741962e-03 1.221243e-01 3.563319e-05 -2.688857e-05 -1.498765e-05 1.112521e-04
11576.000000 8.049891e-01 2.503906e-02 8.706836e-03 1.214497e-01 3.477888e-05 -3.364434e-05 -9.174486e-07 1.148861e-04
11576.200000 8.042238e-01 2.503365e-02 8.622720e-03 1.200345e-01 3.351017e-05 -2.779794e-05 -1.457494e-07 1.112875e-04
11576.400000 8.047934e-01 2.502009e-02 8.681487e-03 1.216618e-01 3.570747e-05 -2.768250e-05 -8.758086e-06 1.118555e-04
11576.600000 8.037595e-01 2.494899e-02 8.672428e-03 1.210643e-01 3.851230e-05 -3.485762e-05 -1.455624e-05 1.010457e-04
11576.800000 8.049815e-01 2.492584e-02 8.518900e-03 1.205598e-01 4.200276e-05 -3.487194e-05 -3.412705e-05 9.877298e-05
11577.000000 8.032030e-01 2.486737e-02 8.455325e-03 1.207409e-01 4.777739e-05 -3.027084e-05 -3.121346e-05 1.067931e-04
11577.200000 8.057455e-01 2.495054e-02 8.626676e-03 1.204752e-01 4.566580e-05 -2.945829e-05 -1.684596e-05 1.069478e-04
11577.400000 8.032593e-01 2.492730e-02 8.611366e-03 1.201373e-01 2.850745e-05 -3.078979e-05 -2.385582e-05 1.093525e-04
11577.600000 8.057661e-01 2.493210e-02 8.546163e-03 1.208972e-01 3.250723e-05 -1.955051e-05 -1.772076e-05 1.043228e-04
11577.800000 8.044462e-01 2.489438e-02 8.470339e-03 1.197892e-01 2.160075e-05 -1.695565e-05 -1.300219e-05 1.155855e-04
11578.000000 8.047983e-01 2.489199e-02 8.506324e-03 1.201094e-01 3.309640e-05 -1.566449e-05 -1.523634e-05 1.243684e-04
11578.200000 8.048993e-01 2.488200e-02 8.424024e-03 1.207404e-01 2.099768e-05 -1.605239e-05 -2.846571e-06 1.281238e-04
11578.400000 8.038943e-01 2.489890e-02 8.462326e-03 1.204581e-01 1.698714e-05 -2.617959e-05 1.243782e-05 1.226880e-04
11578.600000 8.048647e-01 2.493869e-02 8.353951e-03 1.206182e-01 1.170487e-05 -1.569214e-05 -9.076101e-06 1.042307e-04
11578.800000 7.997874e-01 2.474609e-02 8.316744e-03 1.196082e-01 1.724652e-05 -1.230919e-05 -1.239542e-05 1.194341e-04
11579.000000 8.055335e-01 2.494284e-02 8.456694e-03 1.200370e-01 1.888487e-05 -1.396164e-05 1.056125e-05 1.160847e-04
11579.200000 8.038548e-01 2.492956e-02 8.353949e-03 1.201512e-01 1.941273e-05 -9.206821e-06 -1.007629e-05 1.227871e-04
11579.400000 8.033194e-01 2.492073e-02 8.107591e-03 1.211840e-01 2.295591e-05 -8.323077e-06 -2.230752e-05 1.211653e-04
11579.600000 8.057573e-01 2.502740e-02 8.176959e-03 1.210095e-01 1.955238e-05 -1.202619e-05 -1.914632e-05 1.321816e-04
11579.800000 8.037080e-01 2.498701e-02 8.269733e-03 1.201272e-01 1.908017e-05 -2.072825e-05 -1.221388e-05 1.318408e-04
11580.000000 8.045037e-01 2.505447e-02 8.303095e-03 1.216747e-01 1.069026e-05 -1.752884e-05 -1.802979e-05 1.291648e-04
11580.200000 8.054325e-01 2.508259e-02 8.235696e-03 1.207591e-01 1.800273e-05 -8.714917e-06 -8.696033e-06 1.179124e-04
11580.400000 8.037767e-01 2.506872e-02 8.216701e-03 1.206484e-01 3.551898e-05 -6.922727e-06 -1.124365e-05 1.247691e-04
11580.600000 8.037702e-01 2.517888e-02 8.143418e-03 1.209929e-01 3.291599e-05 -8.693750e-06 -1.783813e-05 1.226410e-04
11580.800000 8.033614e-01 2.515698e-02 8.238730e-03 1.213316e-01 2.879105e-05 -9.822041e-06 -1.138523e-05 1.141314e-04
11581.000000 8.051119e-01 2.525024e-02 8.373027e-03 1.211845e-01 1.562679e-05 -1.584518e-05 -8.533011e-06 1.175857e-04
11581.200000 8.028171e-01 2.521116e-02 8.378821e-03 1.209614e-01 2.404799e-05 -2.087218e-05 -7.124098e-06 1.135963e-04
11581.400000 8.039926e-01 2.530433e-02 8.321523e-03 1.213961e-01 2.259937e-05 -2.060574e-05 -8.653585e-06 1.106045e-04
11581.600000 8.036001e-01 2.527677e-02 8.278605e-03 1.216965e-01 2.290183e-05 -8.907690e-06 6.336059e-06 1.102837e-04
11581.800000 8.031473e-01 2.529421e-02 8.280223e-03 1.216294e-01 2.299677e-05 -6.907102e-06 1.028901e-05 1.304662e-04
11582.000000 8.042785e-01 2.540919e-02 8.316307e-03 1.202666e-01 2.827819e-05 -7.165319e-06 2.758041e-06 1.162167e-04
11582.200000 8.047200e-01 2.542601e-02 8.479511e-03 1.211162e-01 2.545374e-05 -8.593737e-06 -3.537770e-06 1.189541e-04
11582.400000 8.038384e-01 2.537278e-02 8.593501e-03 1.207647e-01 2.573093e-05 -1.079239e-05 -1.537669e-06 1.092674e-04
11582.600000 8.045136e-01 2.542457e-02 8.585749e-03 1.205751e-01 3.086362e-05 -9.101505e-06 -8.153889e-06 1.092916e-04
11582.800000 8.023233e-01 2.542053e-02 8.594290e-03 1.206720e-01 3.364715e-05 -7.706119e-06 -2.296242e-05 1.111819e-04
11583.000000 8.027874e-01 2.541000e-02 8.373911e-03 1.211991e-01 4.500238e-05 -1.378595e-05 -2.911523e-05 1.128871e-04
11583.200000 8.046318e-01 2.546456e-02 8.698720e-03 1.203839e-01 3.684304e-05 -1.702104e-05 -6.805239e-06 1.199021e-04
11583.400000 8.012790e-01 2.532985e-02 8.751263e-03 1.188749e-01 2.978831e-05 -2.398560e-05 -1.478003e-05 1.131661e-04
11583.600000 8.049770e-01 2.547996e-02 8.859352e-03 1.198264e-01 2.221117e-05 -2.860858e-05 -2.668458e-05 1.068370e-04
11583.800000 7.975120e-01 2.518550e-02 8.944333e-03 1.191275e-01 2.385094e-05 -3.225983e-05 -3.089008e-05 1.031919e-04
11584.000000 8.022530e-01 2.526024e-02 8.675329e-03 1.203361e-01 2.255469e-05 -3.176822e-05 -3.527342e-05 1.046557e-04
11584.200000 8.040073e-01 2.534920e-02 8.682328e-03 1.202744e-01 1.626092e-05 -2.543436e-05 -1.102497e-05 1.101947e-04
11584.400000 8.053422e-01 2.543870e-02 8.957383e-03 1.200047e-01 1.985289e-05 -2.263719e-05 -1.551107e-05 1.071541e-04
11584.600000 7.990607e-01 2.521675e-02 8.647009e-03 1.189001e-01 1.106136e-05 -1.832003e-05 -1.920670e-05 1.114329e-04
11584.800000 8.022813e-01 2.533553e-02 8.820949e-03 1.189714e-01 2.370857e-05 -1.585883e-05 -1.582724e-05 1.072641e-04
11585.000000 8.000122e-01 2.524606e-02 8.845339e-03 1.204678e-01 2.988330e-05 -1.719950e-05 -3.252244e-06 1.058088e-04
11585.200000 8.033093e-01 2.536429e-02 8.929691e-03 1.208842e-01 1.439409e-05 -2.118407e-05 -8.822167e-06 1.088109e-04
11585.400000 8.050265e-01 2.535808e-02 8.908315e-03 1.190146e-01 1.502762e-05 -1.949088e-05 -1.706620e-05 1.016362e-04
11585.600000 8.024242e-01 2.525433e-02 8.793864e-03 1.214737e-01 7.688294e-06 -2.509956e-05 -2.462708e-05 9.976759e-05
11585.800000 8.018858e-01 2.527374e-02 9.031249e-03 1.174347e-01 1.211183e-05 -2.957802e-05 -1.540682e-05 8.697268e-05
11586.000000 8.036473e-01 2.524325e-02 9.014272e-03 1.187475e-01 7.385750e-06 -2.361773e-05 -1.251446e-05 9.839289e-05
11586.200000 8.030894e-01 2.527214e-02 9.037933e-03 1.199416e-01 1.243150e-05 -2.612991e-05 2.458608e-06 1.098345e-04
11586.400000 8.049981e-01 2.531185e-02 8.948293e-03 1.206518e-01 1.773929e-05 -2.373853e-05 -1.468364e-05 1.057571e-04
11586.600000 8.036131e-01 2.523666e-02 8.984559e-03 1.189004e-01 5.557849e-06 -2.816507e-05 -2.186705e-05 9.939140e-05
11586.800000 8.013187e-01 2.517727e-02 8.870673e-03 1.192429e-01 8.884244e-06 -2.515260e-05 -8.989143e-06 1.013468e-04
11587.000000 8.012739e-01 2.515837e-02 9.014415e-03 1.186798e-01 1.832690e-05 -3.045061e-05 7.755141e-06 1.080148e-04
11587.200000 8.034383e-01 2.521477e-02 9.061929e-03 1.206712e-01 1.056528e-05 -3.441165e-05 -2.281192e-06 1.197858e-04
11587.400000 8.041319e-01 2.516952e-02 9.011739e-03 1.197821e-01 8.241420e-06 -3.289459e-05 8.036227e-06 1.271783e-04
11587.600000 7.984708e-01 2.503297e-02 9.012227e-03 1.189387e-01 7.121542e-06 -3.705699e-05 -3.807512e-07 1.201388e-04
11587.800000 8.025678e-01 2.512451e-02 8.952654e-03 1.183643e-01 1.165812e-05 -3.271943e-05 -1.045070e-05 1.138626e-04
11588.000000 8.030913e-01 2.512067e-02 9.078655e-03 1.191752e-01 8.049101e-06 -3.283593e-05 1.312292e-06 1.149316e-04
11588.200000 7.994032e-01 2.502000e-02 8.657455e-03 1.180521e-01 1.579150e-05 -1.626815e-05 -2.179186e-06 8.734884e-05
11588.400000 8.035447e-01 2.512143e-02 8.795758e-03 1.205690e-01 1.696749e-05 -1.451689e-05 -1.019193e-05 9.432462e-05
11588.600000 8.027342e-01 2.511148e-02 8.855875e-03 1.202276e-01 1.604022e-05 -2.691447e-05 -6.551527e-06 1.174773e-04
11588.800000 8.043673e-01 2.518865e-02 8.813817e-03 1.205033e-01 2.174835e-05 -2.378702e-05 1.830565e-05 1.374758e-04
11589.000000 7.982608e-01 2.501185e-02 8.990999e-03 1.178727e-01 3.173048e-05 -2.517162e-05 2.336738e-05 1.341833e-04
11589.200000 8.023098e-01 2.512593e-02 8.776907e-03 1.205021e-01 3.140712e-05 -1.808272e-05 -3.280368e-06 1.319502e-04
11589.400000 8.056284e-01 2.524519e-02 8.572304e-03 1.202247e-01 2.508725e-05 -2.452454e-05 -1.005977e-05 9.752720e-05
11589.600000 7.982994e-01 2.500875e-02 8.691375e-03 1.188914e-01 2.702696e-05 -3.178836e-05 -9.233559e-06 1.116084e-04
11589.800000 8.030400e-01 2.516943e-02 8.660364e-03 1.202829e-01 2.112559e-05 -1.638154e-05 -3.039524e-06 1.189223e-04
11590.000000 8.022321e-01 2.520572e-02 8.693237e-03 1.199096e-01 1.927175e-05 -1.258376e-05 -5.549808e-06 1.208376e-04
11590.200000 7.998273e-01 2.512136e-02 8.601809e-03 1.206216e-01 1.005602e-05 -1.408476e-05 -5.275934e-06 1.119569e-04
11590.400000 8.039467e-01 2.525324e-02 8.596433e-03 1.226915e-01 1.423151e-05 -1.951350e-05 -2.897159e-06 1.137857e-04
11590.600000 7.997054e-01 2.512493e-02 8.572832e-03 1.190454e-01 1.286835e-05 -2.718123e-05 -3.423858e-06 1.222111e-04
11590.800000 8.045034e-01 2.527254e-02 8.526324e-03 1.226414e-01 3.086105e-05 -2.611591e-05 8.722362e-06 1.415094e-04
11591.000000 7.964873e-01 2.495692e-02 8.261306e-03 1.211163e-01 2.973045e-05 -1.541720e-05 -5.766970e-06 1.247191e-04
11591.200000 8.044731e-01 2.529134e-02 8.474715e-03 1.190173e-01 2.270504e-05 -1.796807e-05 -6.751422e-06 1.285364e-04
11591.400000 8.005150e-01 2.523145e-02 8.291460e-03 1.208764e-01 1.833922e-05 -1.480702e-05 7.764251e-06 1.291197e-04
11591.600000 8.031945e-01 2.523087e-02 8.270329e-03 1.235951e-01 2.642875e-05 -2.040075e-05 1.528818e-05 1.334351e-04
11591.800000 8.021458e-01 2.532638e-02 8.236704e-03 1.216859e-01 2.091210e-05 -2.320795e-05 1.113615e-05 1.412528e-04
11592.000000 8.002436e-01 2.529104e-02 8.161430e-03 1.223724e-01 1.355964e-05 -2.969561e-05 -1.927062e-06 1.190194e-04
11592.200000 8.047610e-01 2.538818e-02 8.300693e-03 1.227549e-01 2.533818e-05 -3.351234e-05 -1.214695e-05 1.144049e-04
11592.400000 7.976679e-01 2.524975e-02 8.258013e-03 1.227705e-01 2.743254e-05 -2.237938e-05 -3.746710e-06 1.312782e-04
11592.600000 8.041415e-01 2.541843e-02 8.154136e-03 1.233245e-01 3.123014e-05 -2.785130e-05 3.270174e-06 1.377955e-04
11592.800000 8.021660e-01 2.538578e-02 7.979691e-03 1.247575e-01 3.955519e-05 -2.409640e-05 -4.266725e-06 1.424053e-04
11593.000000 7.988423e-01 2.540814e-02 8.034512e-03 1.227904e-01 2.606651e-05 -2.342464e-05 6.976476e-06 1.527742e-04
11593.200000 8.014746e-01 2.541207e-02 7.968432e-03 1.243878e-01 2.954859e-05 -3.269270e-05 -9.710064e-06 1.231716e-04
11593.400000 7.947065e-01 2.526472e-02 7.987953e-03 1.235732e-01 2.830348e-05 -3.643842e-05 -8.489104e-06 1.200232e-04
11593.600000 8.012320e-01 2.549683e-02 8.096472e-03 1.207543e-01 2.653279e-05 -3.597772e-05 -4.859933e-07 1.252641e-04
11593.800000 8.025210e-01 2.554195e-02 7.636261e-03 1.226662e-01 3.123337e-05 -2.910058e-05 5.180162e-06 1.108789e-04
11594.000000 7.979631e-01 2.549079e-02 7.838273e-03 1.249588e-01 1.480846e-05 -2.464121e-05 -6.151925e-07 1.209309e-04
11594.200000 8.031404e-01 2.559695e-02 7.978390e-03 1.231745e-01 2.462532e-05 -3.098053e-05 -4.853584e-06 1.183707e-04
11594.400000 7.995489e-01 2.559854e-02 8.021339e-03 1.225052e-01 1.481397e-05 -3.512260e-05 -1.109617e-05 1.128771e-04
11594.600000 7.981664e-01 2.548245e-02 7.948867e-03 1.235400e-01 9.768661e-06 -3.106231e-05 -3.466993e-06 1.202249e-04
11594.800000 7.982521e-01 2.559196e-02 8.036058e-03 1.232027e-01 4.518951e-06 -2.797003e-05 9.150363e-06 1.322602e-04
11595.000000 8.044489e-01 2.578905e-02 7.875214e-03 1.252432e-01 2.030645e-05 -2.815820e-05 7.401112e-06 1.149426e-04
11595.200000 7.973846e-01 2.558753e-02 7.944469e-03 1.215023e-01 1.908217e-05 -3.407789e-05 5.200879e-06 8.478046e-05
11595.400000 8.034229e-01 2.586853e-02 7.918419e-03 1.228452e-01 2.581994e-05 -3.020141e-05 -8.230776e-06 7.505455e-05
11595.600000 7.978441e-01 2.561501e-02 7.949421e-03 1.256375e-01 3.059887e-05 -2.218674e-05 -1.564383e-05 1.042530e-04
11595.800000 7.996658e-01 2.585020e-02 7.946792e-03 1.247790e-01 3.163415e-05 -2.365835e-05 1.653981e-05 1.400769e-04
11596.000000 8.026560e-01 2.590168e-02 7.993632e-03 1.239066e-01 3.657823e-05 -2.551779e-05 1.033179e-05 1.286974e-04
11596.200000 7.967230e-01 2.576993e-02 7.949922e-03 1.235757e-01 3.141089e-05 -2.845802e-05 -6.568840e-06 1.242684e-04
11596.400000 8.021175e-01 2.595208e-02 8.065775e-03 1.241317e-01 2.883297e-05 -2.730637e-05 -9.446569e-06 1.285214e-04
11596.600000 7.984703e-01 2.592718e-02 8.350453e-03 1.216585e-01 2.964314e-05 -3.244750e-05 -6.146088e-06 1.340072e-04
11596.800000 7.987409e-01 2.594259e-02 8.140351e-03 1.245773e-01 2.770086e-05 -3.622908e-05 -4.478819e-06 1.139583e-04
11597.000000 7.989225e-01 2.596007e-02 8.125546e-03 1.231189e-01 2.621974e-05 -3.432851e-05 4.237644e-06 1.159613e-04
11597.700000 7.988461e-01 2.610998e-02 8.172645e-03 1.229563e-01 2.688335e-05 -3.231561e-05 -8.835671e-06 1.162826e-04
11598.400000 7.983836e-01 2.620942e-02 8.348263e-03 1.227056e-01 1.769681e-05 -2.713134e-05 -1.126522e-05 1.085124e-04
11599.100000 7.999067e-01 2.630969e-02 8.551754e-03 1.219461e-01 1.549663e-05 -2.124642e-05 -1.348754e-05 1.160363e-04
11599.800000 7.995753e-01 2.638144e-02 8.650438e-03 1.219056e-01 2.208751e-05 -2.558508e-05 1.987863e-06 1.328986e-04
11600.500000 7.986078e-01 2.638517e-02 8.782678e-03 1.202463e-01 1.710895e-05 -2.408754e-05 -7.268544e-06 1.267427e-04
11601.200000 7.994700e-01 2.643258e-02 8.899370e-03 1.201891e-01 1.330494e-05 -2.051067e-05 -5.042531e-06 1.340082e-04
11601.900000 7.988735e-01 2.647327e-02 8.875504e-03 1.208889e-01 1.140150e-05 -2.013501e-05 -1.678524e-05 1.156594e-04
11602.600000 7.982141e-01 2.656767e-02 8.924859e-03 1.194912e-01 1.752386e-05 -2.286092e-05 -1.510016e-05 1.270057e-04
11603.300000 7.984359e-01 2.665625e-02 8.970334e-03 1.200288e-01 2.503089e-05 -2.359870e-05 -1.378434e-05 1.204568e-04
11604.993695 7.978459e-01 2.668910e-02 9.074664e-03 1.196024e-01 3.362115e-05 -1.951449e-05 -1.418844e-05 1.136320e-04
11605.999583 7.978305e-01 2.672796e-02 9.131075e-03 1.195747e-01 3.106174e-05 -2.623974e-05 -2.100948e-05 1.177356e-04
11607.017662 7.983253e-01 2.684236e-02 9.289134e-03 1.198820e-01 3.272692e-05 -2.150042e-05 -1.458813e-05 1.163911e-04
11608.047933 7.981396e-01 2.693786e-02 9.332235e-03 1.191929e-01 3.416074e-05 -1.471160e-05 -1.867412e-05 1.267447e-04
11609.090396 7.980017e-01 2.706093e-02 9.265866e-03 1.206634e-01 3.764539e-05 -1.249366e-05 -1.229129e-05 1.259807e-04
11610.145051 7.973625e-01 2.711123e-02 9.339625e-03 1.192551e-01 4.563147e-05 -1.962694e-05 -1.852586e-05 1.259761e-04
11611.211898 7.962409e-01 2.710860e-02 9.325221e-03 1.207106e-01 4.162158e-05 -2.480158e-05 -9.573409e-06 1.222988e-04
11612.290937 7.963439e-01 2.705129e-02 9.197556e-03 1.210379e-01 4.494732e-05 -2.930022e-05 -2.117512e-05 1.217270e-04
11613.382167 7.962101e-01 2.701661e-02 9.022454e-03 1.214449e-01 3.686201e-05 -1.587737e-05 -1.497635e-05 1.270216e-04
11614.485590 7.962413e-01 2.704292e-02 8.801443e-03 1.226074e-01 3.843712e-05 -2.538933e-05 -1.585466e-05 1.231530e-04
11615.601204 7.964142e-01 2.711875e-02 8.709854e-03 1.223090e-01 3.712388e-05 -2.970244e-05 -9.659099e-06 1.292159e-04
11616.729011 7.961043e-01 2.714069e-02 8.621575e-03 1.228675e-01 3.520823e-05 -3.633011e-05 -1.748392e-05 1.280842e-04
11617.869009 7.965838e-01 2.716856e-02 8.503847e-03 1.239503e-01 3.404232e-05 -3.483997e-05 -1.717373e-05 1.303718e-04
11619.021199 7.962001e-01 2.718297e-02 8.517640e-03 1.245457e-01 3.138562e-05 -3.499598e-05 -2.194503e-05 1.275016e-04
11620.185582 7.957440e-01 2.729956e-02 8.522650e-03 1.246429e-01 3.091645e-05 -3.349177e-05 -2.055583e-05 1.260752e-04
11621.362156 7.955727e-01 2.741821e-02 8.507978e-03 1.249336e-01 3.978092e-05 -4.279495e-05 -8.411181e-06 1.330439e-04
11622.550922 7.959369e-01 2.752833e-02 8.523596e-03 1.242707e-01 3.782464e-05 -3.762973e-05 -4.411745e-06 1.298990e-04
11623.751879 7.947825e-01 2.758224e-02 8.651037e-03 1.252397e-01 4.724014e-05 -2.965167e-05 -8.983052e-06 1.330345e-04
11624.965029 7.942587e-01 2.764888e-02 8.743946e-03 1.244424e-01 3.858259e-05 -2.766404e-05 -1.360017e-05 1.227914e-04
11626.190371 7.944470e-01 2.781072e-02 8.720766e-03 1.239042e-01 3.853784e-05 -3.934774e-05 -1.239173e-05 1.266746e-04
11627.427904 7.948564e-01 2.789360e-02 8.891315e-03 1.243602e-01 2.873855e-05 -3.490457e-05 -2.026958e-05 1.135917e-04
11628.677630 7.939470e-01 2.790490e-02 8.897487e-03 1.241062e-01 1.667052e-05 -3.213763e-05 -1.647497e-05 1.201018e-04
11629.939547 7.943192e-01 2.800021e-02 8.940633e-03 1.229052e-01 1.108429e-05 -3.032808e-05 -9.375168e-06 1.181409e-04
11631.213657 7.931473e-01 2.798329e-02 9.004282e-03 1.233780e-01 1.317200e-05 -2.991534e-05 -2.203311e-06 1.125228e-04
11632.499958 7.924292e-01 2.801791e-02 9.049705e-03 1.226848e-01 1.454286e-05 -3.285764e-05 -8.601630e-06 1.106120e-04
11633.798451 7.923506e-01 2.807183e-02 9.201206e-03 1.223294e-01 2.030311e-05 -2.493172e-05 -1.402283e-05 1.144481e-04
11635.109136 7.926578e-01 2.813139e-02 9.287960e-03 1.216166e-01 2.242870e-05 -3.353169e-05 8.558474e-06 1.107042e-04
11636.432013 7.916812e-01 2.814756e-02 9.274463e-03 1.212498e-01 2.513129e-05 -3.787208e-05 7.158515e-08 9.715186e-05
11637.767082 7.920370e-01 2.813592e-02 9.372037e-03 1.217833e-01 2.643856e-05 -2.835026e-05 -4.673313e-06 1.090231e-04
11639.114342 7.921146e-01 2.805601e-02 9.398571e-03 1.212240e-01 2.345059e-05 -3.146712e-05 -1.665915e-05 1.188922e-04
11640.473795 7.914013e-01 2.799588e-02 9.460396e-03 1.207767e-01 1.992572e-05 -3.411335e-05 -1.401482e-05 1.197341e-04
11641.845440 7.910806e-01 2.808876e-02 9.627785e-03 1.213864e-01 2.182847e-05 -4.152097e-05 -1.295378e-05 1.292107e-04
11643.229276 7.908583e-01 2.822484e-02 9.738979e-03 1.204928e-01 1.888862e-05 -3.843035e-05 -1.957390e-05 1.153550e-04
11644.625305 7.898913e-01 2.832424e-02 9.879699e-03 1.196643e-01 2.716035e-05 -3.778502e-05 -5.485544e-06 1.239005e-04
11646.033525 7.903342e-01 2.839034e-02 9.994390e-03 1.197997e-01 2.637400e-05 -2.970781e-05 1.207434e-06 1.312266e-04
11647.453937 7.908523e-01 2.842843e-02 9.948781e-03 1.200050e-01 3.867719e-05 -2.707715e-05 -1.423078e-05 1.109850e-04
11648.886541 7.903879e-01 2.841555e-02 1.001200e-02 1.194838e-01 3.946386e-05 -2.686149e-05 -9.955131e-07 9.503426e-05
11650.331337 7.891704e-01 2.842030e-02 9.886970e-03 1.195780e-01 2.688263e-05 -2.859566e-05 1.459569e-07 1.142414e-04
11651.788325 7.889639e-01 2.849383e-02 9.958095e-03 1.189309e-01 2.268982e-05 -3.019903e-05 -5.963571e-06 1.052133e-04
11653.257505 7.891054e-01 2.859351e-02 1.001222e-02 1.190887e-01 2.022805e-05 -3.262761e-05 -7.195812e-06 1.083145e-04
11654.738877 7.891229e-01 2.863358e-02 9.907141e-03 1.200527e-01 2.391702e-05 -3.368434e-05 -2.824822e-06 1.075923e-04
11656.232440 7.876742e-01 2.853678e-02 9.747613e-03 1.196007e-01 2.060067e-05 -3.229813e-05 -6.874396e-06 1.078222e-04
11657.738196 7.848679e-01 2.855303e-02 9.621988e-03 1.186671e-01 1.695626e-05 -2.310170e-05 -1.267289e-05 7.315841e-05
11659.256143 7.868203e-01 2.878428e-02 9.552194e-03 1.198370e-01 1.928530e-05 -3.745377e-05 -2.681111e-06 9.562175e-05
11660.786283 7.878639e-01 2.892849e-02 9.574738e-03 1.210098e-01 1.973105e-05 -3.827264e-05 -1.315121e-05 9.053621e-05
11662.328614 7.877536e-01 2.896029e-02 9.476005e-03 1.210117e-01 1.044159e-05 -3.261006e-05 -1.320469e-05 8.472379e-05
11663.883137 7.875223e-01 2.900467e-02 9.495636e-03 1.211949e-01 1.452455e-05 -3.101393e-05 -5.573162e-06 1.264799e-04
11665.449852 7.871395e-01 2.897813e-02 9.517333e-03 1.209270e-01 2.400258e-05 -3.130914e-05 -9.873632e-06 1.219826e-04
11667.028759 7.867431e-01 2.902451e-02 9.476840e-03 1.213027e-01 1.835840e-05 -3.187207e-05 -1.067713e-05 1.276386e-04
11668.619858 7.858966e-01 2.905725e-02 9.434852e-03 1.204047e-01 1.901863e-05 -4.233527e-05 -6.828709e-06 1.197014e-04
11670.223149 7.851243e-01 2.902831e-02 9.431781e-03 1.210904e-01 3.007811e-05 -3.919685e-05 -2.628465e-06 1.327031e-04
11671.838632 7.831611e-01 2.893067e-02 9.488072e-03 1.214928e-01 2.545181e-05 -3.644762e-05 -1.312857e-05 1.357553e-04
11673.466307 7.841187e-01 2.896659e-02 9.587991e-03 1.219165e-01 2.199935e-05 -3.578041e-05 -6.834869e-06 1.359014e-04
11675.106173 7.849476e-01 2.897287e-02 9.699490e-03 1.218088e-01 2.238156e-05 -2.945466e-05 -1.910003e-05 1.329201e-04
11676.758232 7.857510e-01 2.897292e-02 9.647603e-03 1.220112e-01 2.332071e-05 -3.393853e-05 -2.738399e-05 1.279668e-04
11678.422482 7.840047e-01 2.885185e-02 9.616568e-03 1.217346e-01 1.928555e-05 -4.570345e-05 -1.544365e-05 1.313865e-04
11680.098924 7.833014e-01 2.879654e-02 9.660330e-03 1.218694e-01 1.986333e-05 -3.422717e-05 -2.676717e-05 1.241039e-04
11681.787558 7.840787e-01 2.870767e-02 9.575477e-03 1.215813e-01 2.137161e-05 -2.472625e-05 -2.805205e-05 1.327855e-04
11683.488385 7.839699e-01 2.855793e-02 9.507373e-03 1.222822e-01 2.422989e-05 -2.608900e-05 -3.098879e-05 1.362318e-04
11685.201403 7.827491e-01 2.838693e-02 9.468677e-03 1.212103e-01 2.805803e-05 -3.351240e-05 -3.411058e-05 1.147227e-04
11686.926613 7.834996e-01 2.834092e-02 9.390984e-03 1.218582e-01 2.163409e-05 -3.414918e-05 -3.213313e-05 1.138483e-04
11688.664014 7.833849e-01 2.838535e-02 9.344224e-03 1.223109e-01 1.712376e-05 -2.104267e-05 -2.201611e-05 1.213834e-04
11690.413608 7.818740e-01 2.841140e-02 9.417312e-03 1.219950e-01 1.229403e-05 -1.705304e-05 -1.557058e-05 1.180527e-04
11692.175394 7.802708e-01 2.846063e-02 9.509069e-03 1.216148e-01 2.196410e-05 -3.297184e-05 -2.524375e-05 1.167348e-04
11693.949371 7.811010e-01 2.859269e-02 9.448748e-03 1.216442e-01 3.565355e-05 -3.706778e-05 -3.830308e-05 1.174358e-04
11695.735541 7.808046e-01 2.879998e-02 9.666208e-03 1.209453e-01 2.897635e-05 -4.042985e-05 -2.015436e-05 1.210176e-04
11697.533902 7.806411e-01 2.897320e-02 9.805182e-03 1.197209e-01 3.191874e-05 -3.440688e-05 -2.524423e-05 1.290918e-04
11699.344455 7.809001e-01 2.911839e-02 9.890929e-03 1.198819e-01 2.968736e-05 -3.352782e-05 -3.825070e-05 1.205684e-04
11701.167201 7.802452e-01 2.922777e-02 9.953736e-03 1.202232e-01 2.002253e-05 -2.385773e-05 -4.565656e-05 1.139933e-04
11703.002138 7.774850e-01 2.935609e-02 1.020187e-02 1.190597e-01 1.640570e-05 -2.151901e-05 -3.824266e-05 1.214233e-04
11704.849267 7.782673e-01 2.960523e-02 1.037722e-02 1.202364e-01 1.706373e-05 -2.082529e-05 -2.695274e-05 1.192877e-04
11706.708588 7.799974e-01 2.993163e-02 1.051125e-02 1.199763e-01 2.189436e-05 -3.236920e-05 -8.649293e-06 1.215865e-04
11708.580100 7.799362e-01 3.021665e-02 1.057107e-02 1.198108e-01 2.401875e-05 -3.065226e-05 -1.565297e-05 1.354368e-04
11710.463805 7.789875e-01 3.036025e-02 1.063410e-02 1.191445e-01 1.227364e-05 -3.984536e-05 -2.562783e-05 1.212949e-04
11712.359702 7.789164e-01 3.054140e-02 1.069098e-02 1.198030e-01 1.430111e-05 -4.518646e-05 -3.028120e-05 1.345953e-04
11714.267790 7.785657e-01 3.063603e-02 1.063953e-02 1.193013e-01 1.548550e-05 -3.481708e-05 -1.781175e-05 1.345244e-04
11716.188071 7.784819e-01 3.069681e-02 1.060456e-02 1.200524e-01 2.139439e-05 -2.723537e-05 -2.770977e-05 1.221189e-04
11718.120543 7.782067e-01 3.086025e-02 1.057044e-02 1.198638e-01 2.307431e-05 -2.541210e-05 -3.629093e-05 1.306511e-04
11720.065207 7.771454e-01 3.096008e-02 1.048602e-02 1.197447e-01 2.935101e-05 -2.147314e-05 -2.283984e-05 1.340514e-04
11722.022064 7.773116e-01 3.112720e-02 1.060117e-02 1.210217e-01 3.012663e-05 -6.928965e-06 -2.258786e-05 1.351364e-04
11723.991112 7.773438e-01 3.119543e-02 1.056447e-02 1.211589e-01 2.537662e-05 -1.615942e-05 -4.606574e-06 1.310275e-04
11725.972352 7.777265e-01 3.124778e-02 1.049915e-02 1.219488e-01 2.517949e-05 -1.635353e-05 -7.791299e-06 1.264751e-04
11727.965784 7.764727e-01 3.122575e-02 1.048338e-02 1.199392e-01 2.317158e-05 -1.459591e-05 -1.192049e-05 1.089423e-04
11729.971407 7.759528e-01 3.109093e-02 1.044137e-02 1.213575e-01 1.965568e-05 -2.448263e-05 -2.897816e-05 8.416772e-05
11731.989223 7.759513e-01 3.103775e-02 1.040820e-02 1.214410e-01 2.642856e-05 -2.374998e-05 -2.064030e-05 1.164387e-04
11734.019231 7.758765e-01 3.121644e-02 1.034417e-02 1.220179e-01 2.945783e-05 -2.144112e-05 -9.222828e-06 1.173327e-04
11736.061430 7.751667e-01 3.156310e-02 1.047767e-02 1.223639e-01 2.727507e-05 -1.871049e-05 -1.175565e-05 1.018419e-04
11738.115822 7.747053e-01 3.182395e-02 1.059821e-02 1.217117e-01 2.007385e-05 -2.370768e-05 -5.508886e-06 1.015107e-04
11740.182405 7.734521e-01 3.196733e-02 1.060796e-02 1.220978e-01 2.059478e-05 -2.738322e-05 6.865647e-06 1.192884e-04
11742.261180 7.699260e-01 3.183526e-02 1.061174e-02 1.212361e-01 2.214162e-05 -2.836051e-05 -3.320879e-06 1.275883e-04
11744.352148 7.701879e-01 3.184762e-02 1.061635e-02 1.219290e-01 1.573911e-05 -1.977770e-05 3.252494e-07 1.250582e-04
11746.455307 7.725101e-01 3.202491e-02 1.066585e-02 1.222736e-01 1.438467e-05 -2.202655e-05 6.087583e-06 1.318790e-04
11748.570658 7.714379e-01 3.209450e-02 1.055847e-02 1.218648e-01 3.056341e-05 -2.663762e-05 2.268474e-06 1.308722e-04
11750.698201 7.710953e-01 3.212212e-02 1.066467e-02 1.222121e-01 2.574720e-05 -3.259217e-05 -6.042055e-06 1.290075e-04
11752.837935 7.697059e-01 3.200761e-02 1.058421e-02 1.219790e-01 2.309014e-05 -3.657873e-05 -1.204044e-05 1.244916e-04
11754.989862 7.704057e-01 3.194537e-02 1.046948e-02 1.215924e-01 2.333147e-05 -2.781621e-05 -7.945240e-06 1.199216e-04
11757.153981 7.703456e-01 3.181653e-02 1.049034e-02 1.212691e-01 2.403380e-05 -2.790232e-05 -9.866698e-06 1.147088e-04
11759.330291 7.682474e-01 3.163156e-02 1.051765e-02 1.211773e-01 2.560762e-05 -3.758661e-05 -1.447210e-05 1.024529e-04
11761.518794 7.649167e-01 3.156600e-02 1.053825e-02 1.198695e-01 2.338429e-05 -3.969998e-05 1.734412e-06 1.176460e-04
11763.719488 7.670093e-01 3.177786e-02 1.070297e-02 1.201914e-01 2.276375e-05 -4.247076e-05 -8.085370e-06 1.163024e-04
11765.932374 7.680435e-01 3.191662e-02 1.092897e-02 1.199215e-01 1.564728e-05 -3.414160e-05 5.193035e-06 1.180160e-04
11768.157453 7.681068e-01 3.198426e-02 1.104412e-02 1.207878e-01 1.160831e-05 -3.854965e-05 4.577077e-06 1.268247e-04
11770.394723 7.656403e-01 3.181327e-02 1.100711e-02 1.197222e-01 1.796879e-05 -4.252788e-05 -1.318606e-05 1.313184e-04
11772.644185 7.678845e-01 3.201578e-02 1.115584e-02 1.206141e-01 1.773524e-05 -4.885051e-05 -2.144867e-05 1.202174e-04
11774.905838 7.668382e-01 3.230485e-02 1.128043e-02 1.202643e-01 3.285348e-05 -3.335218e-05 -1.972519e-06 1.217935e-04
11777.179684 7.664349e-01 3.253138e-02 1.132291e-02 1.200842e-01 3.189094e-05 -3.241090e-05 -2.318514e-05 1.235673e-04
11779.465722 7.657634e-01 3.244032e-02 1.136229e-02 1.194597e-01 3.203379e-05 -2.799886e-05 -3.072365e-05 1.157529e-04
11781.763952 7.635186e-01 3.211451e-02 1.137282e-02 1.196183e-01 2.937804e-05 -3.777305e-05 -1.114080e-05 1.153231e-04
11784.074373 7.645963e-01 3.213023e-02 1.135065e-02 1.201135e-01 2.827890e-05 -3.973362e-05 -1.593870e-05 1.139402e-04
11786.396987 7.644810e-01 3.231568e-02 1.137269e-02 1.192419e-01 2.727824e-05 -3.625109e-05 -7.760406e-06 1.028178e-04
11788.731792 7.634372e-01 3.258410e-02 1.147574e-02 1.198596e-01 1.135110e-05 -3.507403e-05 -9.408269e-06 1.159292e-04
11791.078789 7.616796e-01 3.295139e-02 1.160250e-02 1.193377e-01 2.058824e-05 -4.366885e-05 -1.507531e-05 1.311743e-04
11793.437978 7.629710e-01 3.328489e-02 1.166689e-02 1.202478e-01 2.664260e-05 -3.739538e-05 -1.666151e-05 1.267613e-04
11795.809359 7.573229e-01 3.313047e-02 1.160882e-02 1.194445e-01 1.634508e-05 -3.563718e-05 -2.422593e-05 1.263697e-04
11798.192932 7.592961e-01 3.331592e-02 1.161172e-02 1.205983e-01 1.679832e-05 -3.033418e-05 -2.203915e-05 1.181445e-04
11800.588697 7.612247e-01 3.345340e-02 1.159926e-02 1.205430e-01 2.288377e-05 -4.237775e-05 -2.686871e-05 1.137734e-04
11802.996654 7.637979e-01 3.357307e-02 1.158330e-02 1.215585e-01 2.492918e-05 -4.116960e-05 -2.674332e-05 1.180242e-04
11805.416803 7.629115e-01 3.355145e-02 1.146573e-02 1.217441e-01 1.654183e-05 -4.257244e-05 -2.534003e-05 1.251673e-04
11807.849143 7.620635e-01 3.347836e-02 1.136777e-02 1.216358e-01 2.518350e-05 -3.572416e-05 -2.240348e-05 1.099516e-04
11810.293676 7.628629e-01 3.357323e-02 1.133158e-02 1.219300e-01 3.704157e-05 -3.105014e-05 -1.937005e-05 1.126498e-04
11812.750400 7.616742e-01 3.378600e-02 1.137526e-02 1.212970e-01 4.313722e-05 -2.906105e-05 -1.633315e-05 1.325778e-04
11815.219317 7.610538e-01 3.395547e-02 1.129779e-02 1.212132e-01 3.931567e-05 -2.762773e-05 -2.593098e-05 1.321818e-04
11817.700425 7.583213e-01 3.394169e-02 1.133079e-02 1.220330e-01 3.865748e-05 -3.088658e-05 -2.877279e-05 1.172902e-04
11820.193725 7.604491e-01 3.400617e-02 1.140118e-02 1.221597e-01 3.218434e-05 -2.656089e-05 -2.138233e-05 1.252014e-04
11822.699217 7.579673e-01 3.391184e-02 1.144161e-02 1.217333e-01 2.335086e-05 -1.899173e-05 -1.746259e-05 1.225648e-04
11825.216901 7.575202e-01 3.416233e-02 1.158720e-02 1.217261e-01 1.142109e-05 -2.342559e-05 -3.397274e-05 1.075795e-04
11827.746777 7.595136e-01 3.472285e-02 1.178811e-02 1.223792e-01 1.005020e-05 -1.790843e-05 -4.119365e-05 1.186957e-04
11830.288845 7.590593e-01 3.508562e-02 1.199816e-02 1.234000e-01 1.671814e-05 -1.972918e-05 -2.930457e-05 1.134925e-04
11832.843105 7.574029e-01 3.513206e-02 1.209348e-02 1.237756e-01 2.461946e-05 -1.887180e-05 -1.820684e-05 1.119483e-04
11835.409556 7.552664e-01 3.513432e-02 1.226155e-02 1.223883e-01 3.277210e-05 -2.048910e-05 -2.128844e-05 1.032005e-04
11837.988200 7.534039e-01 3.519074e-02 1.236648e-02 1.218955e-01 3.409438e-05 -2.331643e-05 -3.861055e-05 1.047886e-04
11840.579035 7.525194e-01 3.529550e-02 1.252859e-02 1.231454e-01 2.687296e-05 -1.869834e-05 -3.186058e-05 1.074442e-04
11843.182062 7.548072e-01 3.547784e-02 1.264827e-02 1.221175e-01 2.586515e-05 -2.092951e-05 -2.833574e-05 1.114817e-04
11845.797282 7.559527e-01 3.572292e-02 1.272721e-02 1.215123e-01 2.332308e-05 -2.932460e-05 -1.527914e-05 1.158777e-04
11848.424693 7.527571e-01 3.569865e-02 1.278283e-02 1.195462e-01 2.010823e-05 -2.558241e-05 -2.484937e-05 1.329962e-04
11851.064296 7.536519e-01 3.569907e-02 1.279115e-02 1.199217e-01 2.156777e-05 -2.324954e-05 -1.697901e-05 1.189191e-04
11853.716091 7.513827e-01 3.582221e-02 1.273516e-02 1.189125e-01 3.138514e-05 -1.968935e-05 -1.753498e-05 1.116585e-04
11856.380078 7.524561e-01 3.609240e-02 1.279459e-02 1.196264e-01 1.825643e-05 -3.085782e-05 -2.114044e-05 1.147117e-04
11859.056256 7.524019e-01 3.620691e-02 1.277163e-02 1.206002e-01 1.608275e-05 -3.554203e-05 -1.492881e-05 1.306737e-04
11861.744627 7.525542e-01 3.644055e-02 1.290961e-02 1.206933e-01 2.123368e-05 -2.972090e-05 -1.914467e-05 1.250589e-04
11864.445190 7.491396e-01 3.619921e-02 1.283995e-02 1.197658e-01 2.753113e-05 -2.920110e-05 -2.052953e-05 1.280185e-04
11867.157944 7.518835e-01 3.620500e-02 1.288157e-02 1.199539e-01 2.264225e-05 -2.949883e-05 -2.408556e-05 1.237490e-04
11869.882891 7.505573e-01 3.613680e-02 1.301742e-02 1.202300e-01 2.948908e-05 -3.680588e-05 -2.755935e-05 1.308810e-04
11872.620029 7.513973e-01 3.599699e-02 1.298320e-02 1.203881e-01 3.357650e-05 -2.742962e-05 -2.917253e-05 1.215846e-04
11875.369359 7.499011e-01 3.588763e-02 1.288120e-02 1.208492e-01 2.900601e-05 -1.917179e-05 -2.666510e-05 1.275616e-04
11878.130881 7.499728e-01 3.591259e-02 1.278405e-02 1.209744e-01 2.224221e-05 -1.501491e-05 -2.100669e-05 1.352295e-04
11880.904595 7.501882e-01 3.602290e-02 1.275840e-02 1.213296e-01 3.558212e-05 -3.033776e-05 -1.463524e-05 1.322219e-04
11883.690501 7.481870e-01 3.557786e-02 1.264123e-02 1.207856e-01 3.432169e-05 -3.459955e-05 -2.530366e-05 1.117028e-04
11886.488599 7.476091e-01 3.501838e-02 1.241545e-02 1.212154e-01 2.193397e-05 -3.502144e-05 -2.816658e-05 1.307147e-04
11889.298889 7.478296e-01 3.566812e-02 1.257113e-02 1.206261e-01 1.979701e-05 -3.423431e-05 -3.392825e-05 1.274688e-04
11892.121371 7.472926e-01 3.629344e-02 1.267915e-02 1.206976e-01 2.794269e-05 -3.025624e-05 -3.212096e-05 1.261620e-04
11894.956044 7.431689e-01 3.644901e-02 1.269314e-02 1.198577e-01 3.310749e-05 -2.498925e-05 -3.413503e-05 1.209632e-04
11897.802910 7.399936e-01 3.656424e-02 1.279700e-02 1.190418e-01 3.052220e-05 -2.302019e-05 -2.971399e-05 1.323921e-04
11900.661967 7.440488e-01 3.688846e-02 1.284056e-02 1.196526e-01 2.748909e-05 -2.807214e-05 -2.551756e-05 1.306345e-04
11903.533217 7.460458e-01 3.701540e-02 1.290036e-02 1.213071e-01 2.554944e-05 -3.114663e-05 -1.767273e-05 1.274579e-04
11906.416658 7.461967e-01 3.737904e-02 1.313195e-02 1.209136e-01 2.369153e-05 -3.035077e-05 -2.128755e-05 1.253914e-04
11909.312291 7.456459e-01 3.752599e-02 1.328696e-02 1.212877e-01 1.849813e-05 -4.272841e-05 -1.503702e-05 1.137318e-04
11912.220116 7.447361e-01 3.764074e-02 1.344623e-02 1.212862e-01 2.364574e-05 -4.095121e-05 -2.220310e-05 1.236708e-04
11915.140133 7.438965e-01 3.795566e-02 1.369409e-02 1.208019e-01 2.201155e-05 -3.400688e-05 -3.378931e-05 1.222805e-04
11918.072342 7.433214e-01 3.823611e-02 1.386579e-02 1.227089e-01 1.734076e-05 -3.802623e-05 -3.699925e-05 1.223803e-04
11921.016743 7.370475e-01 3.787130e-02 1.382695e-02 1.271169e-01 8.881320e-06 -4.032219e-05 -3.405273e-05 1.198030e-04
11923.973335 7.359345e-01 3.765954e-02 1.381167e-02 1.275688e-01 1.498597e-05 -3.437062e-05 -2.811228e-05 1.169551e-04
11926.942120 7.413090e-01 3.784491e-02 1.385925e-02 1.249732e-01 1.578911e-05 -2.737339e-05 -1.614247e-05 1.088600e-04
11929.923096 7.421163e-01 3.801007e-02 1.393470e-02 1.216259e-01 1.622369e-05 -2.701231e-05 -2.458013e-05 1.122090e-04
11932.916265 7.406328e-01 3.818166e-02 1.401895e-02 1.210549e-01 1.338353e-05 -3.040840e-05 -8.150782e-06 1.006230e-04
11935.921625 7.407488e-01 3.862632e-02 1.405260e-02 1.208120e-01 1.987565e-05 -3.395522e-05 -4.301558e-06 1.270810e-04
11938.939177 7.395808e-01 3.889811e-02 1.414688e-02 1.192321e-01 2.200175e-05 -3.931984e-05 -2.332302e-05 1.311972e-04
11941.968921 7.406308e-01 3.898644e-02 1.426163e-02 1.203208e-01 2.460265e-05 -3.951310e-05 -2.230574e-05 1.369648e-04
11945.010858 7.398792e-01 3.918913e-02 1.433007e-02 1.201463e-01 1.385451e-05 -3.200722e-05 -1.436443e-05 1.405550e-04
11948.064985 7.382861e-01 3.926967e-02 1.436507e-02 1.201279e-01 4.391675e-06 -2.555439e-05 -3.353591e-05 1.330977e-04
11951.131305 7.376305e-01 3.906202e-02 1.438829e-02 1.197913e-01 6.261766e-06 -3.238966e-05 -2.407796e-05 1.493343e-04
11954.209817 7.375533e-01 3.856138e-02 1.422308e-02 1.201550e-01 1.412487e-05 -3.290570e-05 -2.931412e-05 1.479348e-04
11957.300521 7.366877e-01 3.856045e-02 1.424764e-02 1.201403e-01 1.560084e-05 -3.351075e-05 -2.985319e-05 1.509597e-04
11960.403416 7.367667e-01 3.898803e-02 1.442759e-02 1.198420e-01 1.903265e-05 -3.088233e-05 -4.210346e-05 1.464436e-04
11963.518504 7.361622e-01 3.941260e-02 1.456560e-02 1.206229e-01 1.687951e-05 -2.817123e-05 -4.017516e-05 1.380507e-04
11966.645783 7.349270e-01 4.005834e-02 1.471892e-02 1.200997e-01 4.919470e-06 -2.388514e-05 -2.937763e-05 1.439007e-04
11969.785255 7.348353e-01 4.052503e-02 1.480254e-02 1.201604e-01 -1.574693e-06 -3.233890e-05 -2.787221e-05 1.412022e-04
11972.936918 7.341798e-01 4.079447e-02 1.489311e-02 1.201838e-01 9.324492e-06 -3.562559e-05 -1.512363e-05 1.449874e-04
11976.100773 7.330916e-01 4.075616e-02 1.483949e-02 1.201356e-01 1.373662e-05 -2.809715e-05 -9.615641e-06 1.452285e-04
11979.276820 7.325882e-01 4.094373e-02 1.489049e-02 1.194081e-01 1.576293e-05 -1.880421e-05 -1.713094e-05 1.415169e-04
11982.465059 7.313796e-01 4.096588e-02 1.486462e-02 1.195130e-01 1.116070e-05 -1.648653e-05 -5.681654e-06 1.354726e-04
11985.665490 7.328393e-01 4.136481e-02 1.501318e-02 1.212461e-01 1.250549e-05 -2.326170e-05 -1.787741e-05 1.367113e-04
11988.878112 7.327345e-01 4.173290e-02 1.514863e-02 1.205061e-01 1.425839e-05 -2.735629e-05 -2.283589e-05 1.414607e-04
11992.102927 7.317035e-01 4.185336e-02 1.522570e-02 1.201849e-01 1.213158e-05 -1.869754e-05 -2.739331e-05 1.359488e-04
11995.339934 7.309594e-01 4.193214e-02 1.526562e-02 1.200673e-01 1.080001e-05 -2.594157e-05 -2.829115e-05 1.294652e-04
11998.589132 7.301432e-01 4.203038e-02 1.538700e-02 1.194122e-01 1.448723e-06 -3.250265e-05 -3.633883e-05 1.306845e-04
12001.850523 7.304550e-01 4.212526e-02 1.549025e-02 1.201416e-01 -3.024740e-07 -2.469406e-05 -3.545944e-05 1.378580e-04
12005.124105 7.301098e-01 4.190585e-02 1.547055e-02 1.199627e-01 7.974176e-06 -1.679908e-05 -2.770676e-05 1.574381e-04
12008.409879 7.289568e-01 4.172339e-02 1.557407e-02 1.197370e-01 7.630628e-06 -1.285659e-05 -3.968184e-05 1.432683e-04
12011.707845 7.289382e-01 4.195643e-02 1.577891e-02 1.199397e-01 3.383953e-07 -7.023116e-06 -3.931921e-05 1.354458e-04
12015.018003 7.285558e-01 4.169892e-02 1.583452e-02 1.205404e-01 5.013522e-06 -6.843884e-06 -2.379876e-05 1.374033e-04
12018.340353 7.272361e-01 4.080403e-02 1.563347e-02 1.194375e-01 6.373727e-06 -2.189985e-05 -2.422790e-05 1.371994e-04
12021.674895 7.261384e-01 4.143856e-02 1.596573e-02 1.195641e-01 8.864031e-06 -2.313636e-05 -3.114956e-05 1.305512e-04
12025.021629 7.255882e-01 4.226815e-02 1.619484e-02 1.192852e-01 1.291863e-05 -2.840069e-05 -3.756497e-05 1.183355e-04
12028.380554 7.254359e-01 4.268064e-02 1.639029e-02 1.201620e-01 1.728572e-05 -2.539223e-05 -3.271983e-05 1.209556e-04
12031.751672 7.244331e-01 4.306942e-02 1.650490e-02 1.197065e-01 2.735015e-05 -2.109454e-05 -2.198984e-05 1.318742e-04
12035.134982 7.243097e-01 4.355315e-02 1.668117e-02 1.201364e-01 3.437213e-05 -2.765037e-05 -1.959808e-05 1.364052e-04
12038.530483 7.236630e-01 4.391160e-02 1.676186e-02 1.208494e-01 3.969335e-05 -2.457538e-05 -1.124105e-05 1.384515e-04
12041.938176 7.235110e-01 4.423763e-02 1.685650e-02 1.214670e-01 3.122442e-05 -2.376648e-05 -2.827878e-05 1.244550e-04
12045.358061 7.173965e-01 4.397754e-02 1.676948e-02 1.214940e-01 1.897700e-05 -1.483091e-05 -1.838563e-05 1.314858e-04
12048.790139 7.120649e-01 4.364914e-02 1.665315e-02 1.214505e-01 2.219594e-05 -1.674164e-05 -3.025852e-05 1.277986e-04
12052.234408 7.200709e-01 4.403650e-02 1.682758e-02 1.224020e-01 2.982749e-05 -2.361584e-05 -3.056506e-05 1.335413e-04
12055.690868 7.202044e-01 4.408824e-02 1.684313e-02 1.222290e-01 2.986065e-05 -2.969903e-05 -3.054971e-05 1.288623e-04
12059.159521 7.208743e-01 4.425534e-02 1.686883e-02 1.210413e-01 3.071056e-05 -3.616128e-05 -2.903736e-05 1.284306e-04
12062.640366 7.201703e-01 4.432940e-02 1.687898e-02 1.204280e-01 2.688232e-05 -3.733743e-05 -3.333281e-05 1.437231e-04
12066.133403 7.192354e-01 4.461139e-02 1.698653e-02 1.200908e-01 3.333955e-05 -3.804817e-05 -3.252810e-05 1.302280e-04
12069.638631 7.176225e-01 4.484601e-02 1.709197e-02 1.193093e-01 3.032032e-05 -3.876080e-05 -3.757734e-05 1.182040e-04
12073.156052 7.183243e-01 4.501633e-02 1.715286e-02 1.202586e-01 2.997626e-05 -2.796856e-05 -4.632234e-05 1.208360e-04
12076.685664 7.178454e-01 4.530772e-02 1.731487e-02 1.203960e-01 2.977080e-05 -2.019362e-05 -3.761100e-05 1.180074e-04
12080.227468 7.173455e-01 4.547019e-02 1.737801e-02 1.195067e-01 1.960105e-05 -2.054050e-05 -3.418002e-05 1.275977e-04
12083.781465 7.175387e-01 4.572088e-02 1.747254e-02 1.198968e-01 2.580516e-05 -1.939301e-05 -2.821367e-05 1.311345e-04
12087.347653 7.166042e-01 4.590364e-02 1.756185e-02 1.201009e-01 3.039280e-05 -2.489572e-05 -2.069771e-05 1.278066e-04
12090.926033 7.156575e-01 4.578249e-02 1.761284e-02 1.202790e-01 2.242436e-05 -3.630709e-05 -2.404651e-05 1.214838e-04
12094.516605 7.150540e-01 4.534208e-02 1.758280e-02 1.202601e-01 1.749295e-05 -2.997935e-05 -2.564145e-05 1.267564e-04
12098.119369 7.147798e-01 4.511161e-02 1.760504e-02 1.196962e-01 2.478204e-05 -2.972447e-05 -2.667117e-05 1.343628e-04
12101.734324 7.139826e-01 4.486735e-02 1.758481e-02 1.192477e-01 2.836093e-05 -3.735371e-05 -2.041945e-05 1.329942e-04
12105.361472 7.137079e-01 4.476489e-02 1.757599e-02 1.194308e-01 3.299879e-05 -2.933157e-05 -2.267765e-05 1.250087e-04
12109.000811 7.129622e-01 4.540173e-02 1.786635e-02 1.197856e-01 4.176457e-05 -2.970619e-05 -1.791739e-05 1.257955e-04
12112.652343 7.117124e-01 4.585904e-02 1.806660e-02 1.201650e-01 4.714241e-05 -1.647576e-05 -1.590126e-05 1.183677e-04
12116.316066 7.089200e-01 4.577952e-02 1.815276e-02 1.194626e-01 4.253616e-05 -1.453849e-05 -2.365687e-05 1.157275e-04
12119.991982 7.093468e-01 4.553603e-02 1.811730e-02 1.189303e-01 3.190768e-05 -1.751341e-05 -2.311615e-05 1.210841e-04
12123.680089 7.097597e-01 4.545904e-02 1.817518e-02 1.184076e-01 3.192587e-05 -1.895780e-05 -1.819586e-05 1.273694e-04
12127.380388 7.086842e-01 4.661488e-02 1.863587e-02 1.177205e-01 3.396817e-05 -2.590095e-05 -2.325797e-05 1.245627e-04
12131.092879 7.085561e-01 4.724071e-02 1.894459e-02 1.180762e-01 4.016773e-05 -3.493454e-05 -2.019183e-05 1.305304e-04
12134.817562 7.078320e-01 4.750028e-02 1.919111e-02 1.183437e-01 3.518144e-05 -4.202131e-05 -2.021363e-05 1.294227e-04
12138.554437 7.071956e-01 4.794508e-02 1.931614e-02 1.186440e-01 4.136166e-05 -4.391440e-05 -2.148737e-05 1.111763e-04
12142.303503 7.067819e-01 4.818681e-02 1.944580e-02 1.182994e-01 3.896523e-05 -3.934743e-05 -3.554923e-05 1.244671e-04
12146.064762 7.056473e-01 4.818678e-02 1.943384e-02 1.182534e-01 2.995721e-05 -2.956800e-05 -4.438158e-05 1.242471e-04
12149.838213 7.050606e-01 4.863798e-02 1.958776e-02 1.186867e-01 2.837988e-05 -3.846680e-05 -3.382040e-05 1.226593e-04
12153.623855 7.045347e-01 4.896584e-02 1.967216e-02 1.185301e-01 3.243911e-05 -2.072904e-05 -3.320497e-05 1.216943e-04
12157.421689 7.039373e-01 4.926168e-02 1.988015e-02 1.183041e-01 3.597060e-05 -2.197587e-05 -3.398332e-05 1.101072e-04
12161.231716 7.036752e-01 4.939036e-02 1.993702e-02 1.180955e-01 3.688035e-05 -2.838553e-05 -2.994251e-05 1.152838e-04
12165.053934 7.021377e-01 4.944530e-02 2.000738e-02 1.181516e-01 3.667594e-05 -3.007380e-05 -3.591216e-05 9.005767e-05
12168.888344 7.011624e-01 4.945386e-02 2.000211e-02 1.180507e-01 2.608842e-05 -2.487873e-05 -4.580832e-05 1.085095e-04
12172.734946 6.991450e-01 4.940456e-02 1.995794e-02 1.182143e-01 2.981659e-05 -2.016577e-05 -3.281676e-05 1.131379e-04
12176.593740 7.002572e-01 4.986364e-02 2.014538e-02 1.184676e-01 3.480514e-05 -2.024563e-05 -3.572402e-05 1.071483e-04
12180.464726 7.010890e-01 5.005860e-02 2.019758e-02 1.189349e-01 3.524274e-05 -2.398990e-05 -1.865252e-05 1.169685e-04
12184.347903 7.005421e-01 5.011946e-02 2.023962e-02 1.191076e-01 3.488143e-05 -2.394803e-05 -1.026136e-05 1.191009e-04
12188.243273 7.001564e-01 5.032546e-02 2.032588e-02 1.187512e-01 3.960838e-05 -2.563820e-05 -2.278384e-05 1.237602e-04
12192.150835 6.985779e-01 5.061613e-02 2.042854e-02 1.182514e-01 4.165490e-05 -2.695448e-05 -3.167840e-05 1.219249e-04
12196.070588 6.988514e-01 5.106703e-02 2.071277e-02 1.184847e-01 3.676580e-05 -9.199287e-06 -3.851055e-05 1.212009e-04
12200.002533 6.967981e-01 5.120904e-02 2.087851e-02 1.185888e-01 3.604627e-05 -7.276969e-06 -3.399668e-05 1.170437e-04
12203.946671 6.962586e-01 5.138542e-02 2.100026e-02 1.187697e-01 3.365425e-05 -1.406352e-05 -4.045444e-05 1.104259e-04
12207.903000 6.962921e-01 5.165981e-02 2.118511e-02 1.187344e-01 2.917899e-05 -1.298752e-05 -3.247616e-05 1.052195e-04
12211.871521 6.955394e-01 5.188853e-02 2.137979e-02 1.184557e-01 4.009364e-05 -1.324143e-05 -2.637240e-05 1.210928e-04
12215.852234 6.952373e-01 5.175050e-02 2.138973e-02 1.185072e-01 3.975475e-05 -1.353200e-05 -2.982225e-05 1.184576e-04
12219.845139 6.946678e-01 5.180927e-02 2.156009e-02 1.184719e-01 3.703307e-05 -9.911694e-06 -3.395323e-05 1.264375e-04
12223.850236 6.938200e-01 5.197440e-02 2.165982e-02 1.183808e-01 3.271121e-05 -1.263091e-05 -3.278654e-05 1.178842e-04
12227.867524 6.921398e-01 5.169810e-02 2.168956e-02 1.182549e-01 3.259750e-05 -2.267654e-05 -2.304088e-05 1.328676e-04
12231.897005 6.926831e-01 5.155570e-02 2.171289e-02 1.190763e-01 3.589679e-05 -1.912615e-05 -2.985932e-05 1.400022e-04
12235.938678 6.917996e-01 5.156315e-02 2.177974e-02 1.261466e-01 3.139385e-05 -1.908794e-05 -3.117082e-05 1.408168e-04
12239.992542 6.911924e-01 5.178657e-02 2.189858e-02 1.295406e-01 2.628555e-05 -1.968388e-05 -3.432790e-05 1.403296e-04
12244.058598 6.897203e-01 5.236428e-02 2.220116e-02 1.226213e-01 2.717330e-05 -2.348849e-05 -5.182275e-05 1.390620e-04
12248.136847 6.897041e-01 5.273254e-02 2.241152e-02 1.180768e-01 2.163919e-05 -1.802170e-05 -3.953208e-05 1.432186e-04
12252.227287 6.846084e-01 5.284393e-02 2.253662e-02 1.167167e-01 3.522772e-05 -1.561499e-05 -3.738050e-05 1.370252e-04
12256.329919 6.721691e-01 5.225302e-02 2.239396e-02 1.148682e-01 3.001206e-05 -2.042115e-05 -3.312288e-05 1.316663e-04
12260.444743 6.825700e-01 5.345182e-02 2.297714e-02 1.170251e-01 3.514116e-05 -2.445674e-05 -2.857440e-05 1.211255e-04
12264.571759 6.836109e-01 5.365155e-02 2.314734e-02 1.174723e-01 3.513686e-05 -1.465896e-05 -3.111917e-05 1.248846e-04
12268.710967 6.853142e-01 5.388183e-02 2.329394e-02 1.168930e-01 3.447317e-05 -9.987102e-06 -2.858405e-05 1.270999e-04
12272.862366 6.861214e-01 5.410456e-02 2.333559e-02 1.173812e-01 3.773785e-05 -2.631358e-05 -3.758107e-05 1.216186e-04
12277.025958 6.853001e-01 5.408409e-02 2.331834e-02 1.177204e-01 3.307264e-05 -3.362142e-05 -2.555615e-05 1.261761e-04
12281.201742 6.847934e-01 5.437492e-02 2.345399e-02 1.178561e-01 3.228299e-05 -2.348380e-05 -1.816974e-05 1.073358e-04
12285.389717 6.836279e-01 5.459811e-02 2.351347e-02 1.169411e-01 3.845802e-05 -1.733847e-05 -1.862291e-05 1.058600e-04
12289.589884 6.827500e-01 5.519646e-02 2.377219e-02 1.176375e-01 3.000367e-05 -1.345305e-05 -2.336956e-05 1.106904e-04
12293.802244 6.816419e-01 5.561992e-02 2.395056e-02 1.187105e-01 3.913678e-05 -5.749342e-06 -4.049814e-05 1.074996e-04
12298.026795 6.683721e-01 5.476459e-02 2.356911e-02 1.164882e-01 3.618474e-05 -3.389624e-06 -3.986326e-05 1.215756e-04
12302.263538 6.714117e-01 5.509783e-02 2.377056e-02 1.165027e-01 2.707735e-05 -3.384646e-06 -3.880529e-05 1.150057e-04
12306.512473 6.792659e-01 5.595568e-02 2.416751e-02 1.173336e-01 3.146132e-05 -9.581503e-06 -3.507289e-05 9.200458e-05
12310.773600 6.785541e-01 5.641345e-02 2.433862e-02 1.172768e-01 2.396238e-05 -1.397927e-05 -3.735215e-05 1.089235e-04
12315.046919 6.787523e-01 5.673110e-02 2.456456e-02 1.176456e-01 1.500507e-05 -1.150510e-05 -3.881917e-05 1.141604e-04
12319.332429 6.786719e-01 5.698347e-02 2.467101e-02 1.174085e-01 2.011718e-05 -2.303701e-05 -3.241516e-05 1.090212e-04
12323.630132 6.776873e-01 5.727780e-02 2.491703e-02 1.169932e-01 2.332625e-05 -2.745457e-05 -4.000079e-05 1.064089e-04
12327.940026 6.766123e-01 5.744800e-02 2.515568e-02 1.173123e-01 1.701416e-05 -2.888184e-05 -4.320141e-05 1.128354e-04
12332.262113 6.758554e-01 5.740592e-02 2.526130e-02 1.169351e-01 2.955584e-05 -1.283007e-05 -4.434639e-05 1.021380e-04
12336.596391 6.754468e-01 5.756981e-02 2.543750e-02 1.168244e-01 2.462964e-05 -1.202690e-05 -3.316356e-05 9.984609e-05
12340.942861 6.754181e-01 5.799219e-02 2.578542e-02 1.172005e-01 2.138929e-05 -1.516524e-05 -2.532501e-05 9.539130e-05
12345.301524 6.747206e-01 5.760063e-02 2.569801e-02 1.191802e-01 1.712745e-05 -1.378663e-05 -2.843989e-05 9.098750e-05
12349.672378 6.736761e-01 5.727965e-02 2.568620e-02 1.211569e-01 1.575940e-05 -1.922424e-05 -3.427607e-05 9.855451e-05
12354.055424 6.721780e-01 5.751284e-02 2.576856e-02 1.196581e-01 1.494386e-05 -1.492637e-05 -3.195003e-05 9.427514e-05
12358.450662 6.725306e-01 5.784841e-02 2.602256e-02 1.177260e-01 3.188379e-06 -1.894899e-05 -2.868656e-05 9.877768e-05
12362.858091 6.719486e-01 5.825099e-02 2.626675e-02 1.167878e-01 4.303981e-06 -1.438297e-05 -2.891419e-05 9.396258e-05
12367.277713 6.698946e-01 5.882712e-02 2.664353e-02 1.160899e-01 6.928556e-06 -2.021735e-05 -3.188230e-05 8.926083e-05
12371.709527 6.705021e-01 5.902648e-02 2.681272e-02 1.169265e-01 1.015162e-05 -1.832704e-05 -2.464779e-05 9.113965e-05
12376.153532 6.699253e-01 5.908596e-02 2.685364e-02 1.172652e-01 1.950518e-05 -8.480932e-06 -2.795370e-05 8.298671e-05
12380.609730 6.689788e-01 5.947349e-02 2.708177e-02 1.171790e-01 2.461959e-05 -8.161038e-06 -3.367477e-05 9.423322e-05
12385.078119 6.685515e-01 5.974749e-02 2.730649e-02 1.171018e-01 2.466338e-05 -1.297656e-05 -3.667406e-05 8.541335e-05
12389.558700 6.671604e-01 5.990178e-02 2.746985e-02 1.173330e-01 2.827245e-05 -4.278054e-06 -2.927646e-05 7.656911e-05
12394.051473 6.666686e-01 6.023260e-02 2.763976e-02 1.174759e-01 3.148034e-05 -5.203841e-06 -2.382110e-05 8.160773e-05
12398.556438 6.655671e-01 6.044619e-02 2.781665e-02 1.170475e-01 2.913209e-05 -9.592339e-06 -2.880645e-05 9.263405e-05
12403.073595 6.655539e-01 6.089476e-02 2.809892e-02 1.169215e-01 2.811054e-05 -1.540137e-05 -3.172287e-05 7.739374e-05
12407.602944 6.645024e-01 6.123712e-02 2.829043e-02 1.166593e-01 2.761029e-05 -1.864452e-05 -2.467215e-05 9.360149e-05
12412.144485 6.635565e-01 6.143778e-02 2.843619e-02 1.163063e-01 1.802638e-05 -1.538255e-05 -2.946291e-05 8.732485e-05
12416.698218 6.613035e-01 6.153867e-02 2.846931e-02 1.160936e-01 2.405197e-05 -1.742648e-05 -2.500546e-05 7.835820e-05
12421.264142 6.585333e-01 6.165077e-02 2.857976e-02 1.157297e-01 1.372521e-05 -1.840095e-05 -2.164341e-05 8.809687e-05
12425.842259 6.601014e-01 6.215135e-02 2.891724e-02 1.165321e-01 1.445561e-05 -1.506305e-05 -1.402316e-05 9.144588e-05
12430.432567 6.610815e-01 6.244255e-02 2.905923e-02 1.168383e-01 2.357736e-05 -1.664130e-05 -1.782311e-06 8.281627e-05
12435.035068 6.605706e-01 6.267559e-02 2.919684e-02 1.167270e-01 2.182699e-05 -2.868741e-06 -1.054966e-05 8.384561e-05
12439.649760 6.597686e-01 6.319839e-02 2.952931e-02 1.166457e-01 2.206857e-05 5.478196e-06 -5.814671e-06 7.090308e-05
12444.276644 6.583066e-01 6.334364e-02 2.964267e-02 1.162963e-01 2.183454e-05 7.467007e-07 -4.542823e-06 6.802675e-05
12448.915720 6.571393e-01 6.321015e-02 2.965571e-02 1.166130e-01 2.188986e-05 1.181976e-06 -5.863480e-06 7.699753e-05
12453.566988 6.574820e-01 6.329732e-02 2.977740e-02 1.180360e-01 1.980074e-05 -1.497897e-06 -7.781203e-06 8.061083e-05
12458.230448 6.569277e-01 6.331472e-02 2.994172e-02 1.173455e-01 1.060295e-05 -2.411619e-06 -5.068914e-06 6.961428e-05
12462.906100 6.562948e-01 6.342022e-02 3.007062e-02 1.168729e-01 2.061513e-05 3.924225e-06 -6.056424e-06 8.469363e-05
12467.593943 6.554976e-01 6.351951e-02 3.015839e-02 1.163656e-01 2.138108e-05 -6.230230e-06 -2.257896e-05 7.629021e-05
12472.293979 6.542484e-01 6.412323e-02 3.052194e-02 1.157374e-01 2.561483e-05 -5.808443e-06 -2.012588e-05 8.212500e-05
12477.006206 6.540146e-01 6.469563e-02 3.092400e-02 1.161700e-01 2.443386e-05 -4.826522e-06 -4.835675e-06 8.940207e-05
12481.730626 6.540573e-01 6.511702e-02 3.126148e-02 1.164043e-01 1.566364e-05 -1.297610e-05 -1.372173e-05 1.030522e-04
12486.467237 6.532711e-01 6.548206e-02 3.149853e-02 1.163278e-01 5.555779e-06 -2.023308e-05 -1.712520e-05 9.301470e-05
12491.216040 6.524343e-01 6.557118e-02 3.166721e-02 1.157118e-01 1.591091e-06 -2.459325e-05 -2.253186e-05 8.607410e-05
12495.977036 6.506944e-01 6.528318e-02 3.166157e-02 1.155068e-01 1.667677e-05 -2.566428e-05 -2.707172e-05 8.308066e-05
12500.750223 6.477944e-01 6.444429e-02 3.145371e-02 1.153750e-01 1.351501e-05 -2.649141e-05 -3.767270e-05 8.512645e-05
12505.535602 6.497192e-01 6.455660e-02 3.160193e-02 1.154748e-01 1.267590e-05 -2.229432e-05 -2.641746e-05 8.024440e-05
12510.333172 6.501652e-01 6.604373e-02 3.236377e-02 1.155912e-01 1.027714e-05 -1.707041e-05 -2.659521e-05 9.016483e-05
12515.142935 6.494836e-01 6.694373e-02 3.293162e-02 1.157724e-01 1.173231e-05 -2.112596e-05 -2.813998e-05 9.520060e-05
12519.964890 6.485910e-01 6.734232e-02 3.323781e-02 1.154741e-01 1.173943e-05 -1.973690e-05 -2.740513e-05 8.203692e-05
12524.799037 6.478241e-01 6.761927e-02 3.344928e-02 1.154927e-01 9.917037e-06 -2.019333e-05 -2.229599e-05 7.728369e-05
12529.645375 6.415581e-01 6.723681e-02 3.336426e-02 1.149511e-01 1.506925e-05 -1.456591e-05 -2.458910e-05 9.047986e-05
12534.503905 3.312489e-01 3.486495e-02 1.728203e-02 5.961121e-02 1.073489e-05 -8.286357e-06 -1.398316e-05 4.659112e-05
12539.374628 6.456109e-03 6.807133e-04 3.377157e-04 1.162038e-03 1.954289e-07 -1.986419e-07 -2.433919e-07 8.596247e-07
