# Facility: NSLS-II
# Beamline: QAS
# Year: 2023
# Cycle: 3
# SAF: 312215
# PI: Reece
# Proposal: 313586
# Scan ID: 270845
# UID: 52b3b8a2-2df5-4e69-aafe-deba1dae2407
# Comment: Zn filter 3 um
# Start time: 10/18/2023  14:49:46
# Stop time: 10/18/2023  14:50:18
# Total time: 00:31
# Trajectory name: Pt-L3-30s-11564.txt
# Element: Platinum ( 78)
# Edge: L3
# E0: 11564
# Reference Foil Element: Pt
# Keithley Gains I0: 1E6 V/A It: 1E6 V/A Iref: 1E7 V/A PIPS: 1E8 V/A 
# Ion Chamber Gas Flow Rates: I0: 0.00 sccm He + 189.70 sccm N2 + 9.80 sccm Ar 
# Ion Chamber Gas Flow Rates: It&Iref: 39.70 sccm N2 + 60.10 sccm Ar
# Incident Beam Path Vertical: 31.75 mm
# Incident Slits Positions B: TOP: 2.0 mm Bottom: 1.0 mm Inboard: 0.57675 mm Outboard: 1.57675 mm
# Sample Stage Positions: Rotation: 45.0 deg Horizontal: -10.22 mm Vertical: 15.30 mm Beam Direction: 0.00 mm
# PerkinElmer Vertical Position: 500.00 mm
# Linkam Oven Temperature : 3.03 C and Ramp Rate: 20.00 C/min.
# Front End Mirror Horizontal Positions: Up: -14.00 mm Down: -14.00 mm
#
# energy  i0  it  ir  iff  aux1  aux2  aux3  aux4
11380.425245 4.225541e-01 4.418294e-01 5.734862e-01 7.852504e-02 -2.800876e-06 -9.699229e-06 1.204136e-05 3.836349e-05
11385.425245 8.304862e-01 8.697047e-01 1.130451e+00 1.550973e-01 -7.842338e-06 -1.416577e-05 2.739173e-05 7.497125e-05
11390.425245 8.365802e-01 8.781058e-01 1.144186e+00 1.555692e-01 1.085138e-06 -1.204981e-05 2.724459e-05 7.909954e-05
11395.425245 8.440760e-01 8.884786e-01 1.160948e+00 1.566332e-01 5.571643e-06 -7.777904e-06 2.337138e-05 7.835221e-05
11400.425245 8.421981e-01 8.886237e-01 1.163810e+00 1.571606e-01 -6.967350e-06 -8.395840e-06 1.552262e-05 6.992853e-05
11405.425245 8.401960e-01 8.886233e-01 1.166539e+00 1.572402e-01 -1.805447e-06 -1.446847e-05 1.084539e-05 6.153775e-05
11410.425245 8.375713e-01 8.879775e-01 1.168377e+00 1.572792e-01 7.748341e-08 -1.372162e-05 1.782829e-05 5.668042e-05
11415.425245 8.302520e-01 8.822636e-01 1.163565e+00 1.558704e-01 -1.197643e-05 -1.303589e-05 2.325450e-05 6.150612e-05
11420.425245 8.290393e-01 8.829382e-01 1.167391e+00 1.561284e-01 -8.944613e-06 -1.200073e-05 3.864525e-05 5.679676e-05
11425.425245 8.363368e-01 8.930966e-01 1.184118e+00 1.582356e-01 -1.133248e-06 -1.311372e-05 3.902056e-05 6.051540e-05
11430.425245 8.377570e-01 8.967996e-01 1.192193e+00 1.591397e-01 1.990318e-06 -7.487694e-06 2.835272e-05 6.239422e-05
11435.425245 8.361532e-01 8.972508e-01 1.195854e+00 1.596226e-01 3.338843e-06 -2.964284e-06 4.061953e-05 6.197962e-05
11440.425245 8.354012e-01 8.986750e-01 1.200534e+00 1.600904e-01 1.568210e-06 -1.389476e-05 2.643352e-05 6.546769e-05
11445.425245 8.333024e-01 8.985069e-01 1.203363e+00 1.599600e-01 -7.448640e-06 -1.580839e-05 3.177449e-05 5.178006e-05
11450.425245 8.326031e-01 8.998424e-01 1.208107e+00 1.600098e-01 -3.533508e-06 -1.710052e-05 2.391093e-05 4.181509e-05
11455.425245 8.318459e-01 9.011947e-01 1.212689e+00 1.608266e-01 2.737775e-06 -1.522457e-05 2.240831e-05 5.466676e-05
11460.425245 8.305216e-01 9.018870e-01 1.216368e+00 1.609363e-01 -1.051654e-05 -3.267118e-06 2.006244e-05 5.579849e-05
11465.425245 8.296045e-01 9.029715e-01 1.220744e+00 1.609626e-01 -8.077597e-06 -1.266759e-06 2.548120e-05 6.325921e-05
11470.425245 8.281756e-01 9.035051e-01 1.224296e+00 1.612519e-01 -7.657237e-06 -7.019617e-06 3.472929e-05 6.672688e-05
11475.425245 8.273917e-01 9.048947e-01 1.228792e+00 1.618324e-01 -4.921368e-06 1.279129e-06 3.306217e-05 5.649889e-05
11480.425245 8.264592e-01 9.059171e-01 1.232660e+00 1.622486e-01 -9.715305e-06 -3.590943e-06 4.073695e-05 5.258606e-05
11485.425245 8.258021e-01 9.073138e-01 1.237035e+00 1.635355e-01 -1.582383e-06 -6.338072e-06 2.747207e-05 6.287277e-05
11490.425245 8.247370e-01 9.082618e-01 1.240972e+00 1.637576e-01 6.544667e-06 -9.068632e-06 2.211854e-05 6.969309e-05
11495.425245 8.238779e-01 9.093590e-01 1.244351e+00 1.642339e-01 -5.732723e-07 -4.354576e-06 2.610724e-05 6.200481e-05
11500.425245 8.230069e-01 9.104171e-01 1.247510e+00 1.650959e-01 -1.220857e-05 -4.798186e-06 2.647484e-05 6.512874e-05
11505.425245 8.215153e-01 9.107669e-01 1.249341e+00 1.657693e-01 -1.069027e-05 -1.147062e-05 3.899000e-05 7.299630e-05
11510.425245 8.203766e-01 9.115669e-01 1.251655e+00 1.670971e-01 -4.874888e-06 -1.217501e-05 3.624965e-05 6.872142e-05
11515.425245 8.199306e-01 9.131719e-01 1.254108e+00 1.683287e-01 9.606007e-07 -1.550430e-05 3.733014e-05 5.790771e-05
11520.425245 8.195404e-01 9.147742e-01 1.255837e+00 1.698825e-01 1.305050e-06 -1.007423e-05 3.545590e-05 5.261713e-05
11525.425245 8.188231e-01 9.159682e-01 1.255624e+00 1.714497e-01 -5.338411e-06 -1.424241e-05 3.314548e-05 5.097710e-05
11530.425245 8.182674e-01 9.171982e-01 1.253552e+00 1.740337e-01 -6.782863e-07 -1.954806e-05 3.533168e-05 5.181838e-05
11534.000000 8.171106e-01 9.171202e-01 1.249249e+00 1.760538e-01 8.259225e-09 -1.601569e-05 2.776616e-05 5.719979e-05
11535.000000 8.168597e-01 9.172392e-01 1.247634e+00 1.770388e-01 -2.032518e-06 -1.040328e-05 3.089440e-05 5.922351e-05
11536.000000 8.165677e-01 9.172423e-01 1.245991e+00 1.773561e-01 -5.330473e-06 -1.763009e-05 1.990628e-05 4.568034e-05
11537.000000 8.158647e-01 9.167162e-01 1.243448e+00 1.784334e-01 -2.688562e-06 -1.403444e-05 3.089957e-05 6.013302e-05
11538.000000 8.157170e-01 9.167975e-01 1.241383e+00 1.801744e-01 4.019910e-06 -1.433261e-05 2.289418e-05 6.789480e-05
11539.000000 8.156836e-01 9.171563e-01 1.239196e+00 1.801240e-01 2.286774e-06 -1.694788e-05 3.555971e-05 6.500158e-05
11540.000000 8.141654e-01 9.156586e-01 1.234510e+00 1.807692e-01 2.026810e-06 -3.189888e-05 2.920830e-05 5.959387e-05
11541.000000 8.152775e-01 9.171923e-01 1.233734e+00 1.815360e-01 5.499343e-06 -2.372018e-05 1.958878e-05 5.880411e-05
11541.200000 8.178821e-01 9.200814e-01 1.237620e+00 1.821665e-01 3.521289e-06 -2.393406e-05 2.153183e-05 6.161051e-05
11541.400000 8.145447e-01 9.163591e-01 1.231662e+00 1.833606e-01 1.519106e-05 -3.728519e-05 1.893005e-05 7.313753e-05
11541.600000 8.131582e-01 9.151291e-01 1.228306e+00 1.820398e-01 2.296422e-05 -3.803663e-05 2.492395e-05 6.413229e-05
11541.800000 8.170557e-01 9.192567e-01 1.233233e+00 1.850596e-01 9.724136e-06 -2.033389e-05 4.968834e-05 7.486588e-05
11542.000000 8.073716e-01 9.082747e-01 1.218062e+00 1.809892e-01 1.507390e-05 -2.413610e-05 3.919168e-05 7.381409e-05
11542.200000 8.166193e-01 9.190341e-01 1.231779e+00 1.828356e-01 3.746999e-06 -2.831124e-05 3.870864e-05 6.606908e-05
11542.400000 8.161793e-01 9.183984e-01 1.230400e+00 1.847837e-01 7.297310e-06 -2.189078e-05 3.226477e-05 5.807372e-05
11542.600000 8.200073e-01 9.229690e-01 1.235097e+00 1.861424e-01 7.122212e-06 -1.663557e-05 3.616796e-05 7.088721e-05
11542.800000 8.105687e-01 9.120252e-01 1.220250e+00 1.827293e-01 7.929526e-06 -1.816148e-05 3.267938e-05 8.206343e-05
11543.000000 8.157387e-01 9.183886e-01 1.227575e+00 1.837322e-01 1.589675e-05 -2.297944e-05 4.064936e-05 7.513174e-05
11543.200000 8.104175e-01 9.126865e-01 1.218404e+00 1.849024e-01 -5.385324e-06 -1.593962e-05 1.710708e-05 6.466521e-05
11543.400000 8.181524e-01 9.210542e-01 1.228697e+00 1.877815e-01 1.083024e-05 -2.429769e-05 9.496093e-06 5.150085e-05
11543.600000 8.182459e-01 9.212224e-01 1.227980e+00 1.860281e-01 8.000521e-06 -3.827314e-05 2.057944e-05 4.872400e-05
11543.800000 8.182291e-01 9.211906e-01 1.228159e+00 1.840022e-01 3.367123e-06 -3.968718e-05 3.731921e-05 6.757521e-05
11544.000000 8.098943e-01 9.117926e-01 1.214628e+00 1.841483e-01 -7.866761e-06 -3.796351e-05 3.877115e-05 8.012798e-05
11544.200000 8.147591e-01 9.175433e-01 1.220865e+00 1.872962e-01 -1.499173e-05 -3.584651e-05 4.689083e-05 7.527057e-05
11544.400000 8.142662e-01 9.165343e-01 1.218973e+00 1.908770e-01 -5.586284e-06 -2.660570e-05 3.623250e-05 6.558237e-05
11544.600000 8.059415e-01 9.074263e-01 1.204850e+00 1.863287e-01 -1.885467e-05 -3.307386e-05 2.126732e-05 5.655604e-05
11544.800000 8.182999e-01 9.215366e-01 1.223121e+00 1.873167e-01 -1.426565e-05 -3.371851e-05 2.149445e-05 5.653442e-05
11545.000000 8.136997e-01 9.164781e-01 1.214964e+00 1.860921e-01 -2.584402e-05 -2.822158e-05 2.139585e-05 7.864025e-05
11545.200000 8.214113e-01 9.250876e-01 1.225658e+00 1.898869e-01 -3.898274e-06 -3.466015e-05 9.815124e-06 7.660506e-05
11545.400000 8.113593e-01 9.134659e-01 1.209526e+00 1.906126e-01 -1.562191e-05 -2.845754e-05 1.496345e-05 6.828483e-05
11545.600000 8.119795e-01 9.146796e-01 1.209423e+00 1.888738e-01 -2.630615e-06 -2.990040e-05 2.837348e-05 6.826313e-05
11545.800000 8.148634e-01 9.179541e-01 1.212245e+00 1.897693e-01 -4.225804e-06 -3.173159e-05 2.327350e-05 6.897292e-05
11546.000000 8.173754e-01 9.206783e-01 1.214926e+00 1.892479e-01 -1.705311e-05 -3.779199e-05 1.857804e-05 6.983766e-05
11546.200000 8.162731e-01 9.193018e-01 1.212467e+00 1.923616e-01 7.147200e-07 -4.247587e-05 1.675161e-05 6.318775e-05
11546.400000 8.166949e-01 9.200101e-01 1.211150e+00 1.916002e-01 -1.003063e-05 -3.780114e-05 3.031160e-05 6.307956e-05
11546.600000 8.164206e-01 9.196215e-01 1.209506e+00 1.907064e-01 -1.295128e-05 -2.928948e-05 2.952594e-05 7.299559e-05
11546.800000 8.082518e-01 9.104926e-01 1.196348e+00 1.904231e-01 -1.908780e-05 -2.505463e-05 2.740099e-05 7.840209e-05
11547.000000 8.214218e-01 9.254991e-01 1.214531e+00 1.928542e-01 -5.310601e-06 -2.196755e-05 2.367286e-05 6.453702e-05
11547.200000 8.144600e-01 9.175357e-01 1.202497e+00 1.911818e-01 -8.917671e-06 -2.423518e-05 7.843458e-06 6.419385e-05
11547.400000 8.159660e-01 9.191730e-01 1.202543e+00 1.942719e-01 -7.601203e-06 -3.573794e-05 3.081582e-05 8.212605e-05
11547.600000 8.124486e-01 9.155400e-01 1.196316e+00 1.929060e-01 3.083068e-06 -2.235604e-05 3.803245e-05 7.543722e-05
11547.800000 8.122106e-01 9.148143e-01 1.193780e+00 1.947333e-01 -1.791052e-05 -2.656900e-05 5.176439e-05 7.343058e-05
11548.000000 8.098088e-01 9.122998e-01 1.189142e+00 1.935941e-01 -9.491124e-06 -2.555259e-05 3.879459e-05 7.542063e-05
11548.200000 8.197522e-01 9.236907e-01 1.202596e+00 1.938661e-01 -2.107547e-05 -1.553565e-05 3.707376e-05 7.261308e-05
11548.400000 8.133005e-01 9.162924e-01 1.191051e+00 1.966257e-01 -4.380027e-06 -2.970667e-05 5.968537e-05 6.644430e-05
11548.600000 8.065598e-01 9.089938e-01 1.179226e+00 1.967640e-01 -9.447716e-06 -2.743937e-05 3.345679e-05 6.946904e-05
11548.800000 8.177198e-01 9.212212e-01 1.193642e+00 1.967035e-01 -9.814061e-06 -2.634939e-05 2.929934e-05 7.084698e-05
11549.000000 8.160499e-01 9.196342e-01 1.189344e+00 1.935533e-01 -1.273954e-06 -2.783027e-05 4.274098e-05 7.865507e-05
11549.200000 8.222351e-01 9.264411e-01 1.196867e+00 2.023655e-01 -5.479250e-06 -4.111254e-05 2.912801e-05 9.839145e-05
11549.400000 8.154492e-01 9.188593e-01 1.184831e+00 1.999669e-01 -8.280826e-06 -4.159274e-05 2.897464e-05 1.019864e-04
11549.600000 8.155035e-01 9.187862e-01 1.182637e+00 1.979615e-01 -2.351784e-05 -4.168193e-05 3.014113e-05 9.277313e-05
11549.800000 8.145391e-01 9.174585e-01 1.178986e+00 2.029230e-01 -9.110380e-06 -4.280861e-05 4.832355e-05 9.080938e-05
11550.000000 8.153755e-01 9.187691e-01 1.177756e+00 2.018263e-01 -1.910473e-05 -4.524164e-05 5.401947e-05 9.437959e-05
11550.200000 8.180463e-01 9.216675e-01 1.179910e+00 2.008394e-01 -9.748338e-06 -3.974482e-05 4.544855e-05 8.686727e-05
11550.400000 7.969370e-01 8.981397e-01 1.146683e+00 1.967262e-01 -2.624472e-05 -4.083931e-05 4.873180e-05 9.386102e-05
11550.600000 8.189490e-01 9.225821e-01 1.175503e+00 2.036068e-01 -1.321322e-05 -4.330955e-05 4.842137e-05 1.088920e-04
11550.800000 8.174848e-01 9.213734e-01 1.171791e+00 2.045993e-01 -2.610793e-05 -4.287736e-05 4.632655e-05 1.012399e-04
11551.000000 8.102751e-01 9.129524e-01 1.158110e+00 2.026113e-01 -9.652566e-06 -4.170824e-05 3.186172e-05 9.668435e-05
11551.200000 8.188810e-01 9.228491e-01 1.168589e+00 2.069452e-01 -1.784370e-05 -3.926593e-05 3.873811e-05 9.841611e-05
11551.400000 8.148823e-01 9.180556e-01 1.159356e+00 2.052494e-01 -6.460525e-06 -3.617882e-05 4.160535e-05 1.012388e-04
11551.600000 8.196424e-01 9.236341e-01 1.163172e+00 2.079622e-01 -2.930475e-06 -3.501570e-05 3.399232e-05 8.812367e-05
11551.800000 8.024798e-01 9.040310e-01 1.136579e+00 2.058164e-01 -1.304619e-06 -4.209931e-05 1.616114e-05 8.918935e-05
11552.000000 8.190506e-01 9.225048e-01 1.156231e+00 2.104102e-01 -7.842931e-06 -2.971283e-05 2.194100e-05 9.943864e-05
11552.200000 8.147327e-01 9.178366e-01 1.146613e+00 2.101834e-01 -1.751202e-06 -3.022086e-05 3.238156e-05 9.496896e-05
11552.400000 8.155232e-01 9.184747e-01 1.144534e+00 2.108336e-01 2.824690e-06 -4.084961e-05 3.418899e-05 9.713516e-05
11552.600000 8.130853e-01 9.157867e-01 1.137333e+00 2.092426e-01 -4.870927e-06 -3.868391e-05 4.398807e-05 9.160918e-05
11552.800000 8.149455e-01 9.177968e-01 1.136441e+00 2.130277e-01 -2.284471e-06 -3.636239e-05 3.615759e-05 9.364506e-05
11553.000000 8.127333e-01 9.152927e-01 1.129327e+00 2.145306e-01 3.125463e-06 -3.284052e-05 2.693539e-05 8.328468e-05
11553.200000 8.141760e-01 9.167240e-01 1.127760e+00 2.122078e-01 -4.318390e-06 -2.940149e-05 1.176741e-05 7.323389e-05
11553.400000 8.144822e-01 9.171689e-01 1.124115e+00 2.167724e-01 -8.904026e-06 -3.281373e-05 1.789030e-05 7.308412e-05
11553.600000 8.089014e-01 9.106041e-01 1.111836e+00 2.157479e-01 -2.261644e-06 -3.342463e-05 1.785812e-05 7.120217e-05
11553.800000 8.137515e-01 9.158746e-01 1.114566e+00 2.159428e-01 2.545599e-06 -2.482727e-05 3.095001e-05 8.456610e-05
11554.000000 8.046247e-01 9.055246e-01 1.097624e+00 2.169146e-01 2.980902e-07 -1.796912e-05 4.560071e-05 7.123505e-05
11554.200000 8.178740e-01 9.202117e-01 1.110403e+00 2.223616e-01 5.512541e-06 -1.833413e-05 3.191834e-05 7.023405e-05
11554.400000 8.167390e-01 9.191045e-01 1.104093e+00 2.230790e-01 1.547505e-05 -2.365162e-05 2.685079e-05 7.817769e-05
11554.600000 8.106649e-01 9.118498e-01 1.090666e+00 2.228276e-01 8.328344e-06 -2.964274e-05 2.846927e-05 8.119887e-05
11554.800000 8.149732e-01 9.168891e-01 1.091620e+00 2.253612e-01 4.123198e-06 -3.197971e-05 3.601369e-05 8.554967e-05
11555.000000 8.138747e-01 9.151620e-01 1.084330e+00 2.271648e-01 7.856106e-06 -2.914754e-05 3.472484e-05 8.460965e-05
11555.200000 8.134604e-01 9.149555e-01 1.077924e+00 2.267934e-01 2.850184e-06 -2.771490e-05 3.983541e-05 8.593376e-05
11555.400000 8.125852e-01 9.135778e-01 1.070032e+00 2.291348e-01 8.114163e-06 -2.809744e-05 5.198513e-05 8.022386e-05
11555.600000 8.153048e-01 9.167116e-01 1.067300e+00 2.327976e-01 2.785156e-06 -3.499835e-05 4.044261e-05 7.902439e-05
11555.800000 8.137117e-01 9.144485e-01 1.058423e+00 2.351542e-01 1.521838e-05 -3.780304e-05 4.974147e-05 7.729435e-05
11556.000000 8.156724e-01 9.167594e-01 1.054519e+00 2.353025e-01 3.551603e-06 -3.787049e-05 4.829721e-05 7.315900e-05
11556.200000 8.125721e-01 9.126508e-01 1.042307e+00 2.378260e-01 1.080902e-05 -4.236511e-05 4.358070e-05 8.067131e-05
11556.400000 8.149281e-01 9.155488e-01 1.038711e+00 2.406246e-01 1.019867e-05 -4.070478e-05 3.545856e-05 7.524479e-05
11556.600000 8.120471e-01 9.118197e-01 1.026466e+00 2.412325e-01 1.296228e-05 -3.931791e-05 5.132003e-05 7.892377e-05
11556.800000 8.140235e-01 9.140273e-01 1.021721e+00 2.418253e-01 4.166690e-06 -4.367930e-05 5.240909e-05 8.623587e-05
11557.000000 8.153063e-01 9.147241e-01 1.013912e+00 2.460720e-01 3.068568e-06 -3.884267e-05 4.590799e-05 9.129456e-05
11557.200000 8.133275e-01 9.124137e-01 1.001449e+00 2.508264e-01 -1.383466e-05 -4.050646e-05 4.484077e-05 8.307486e-05
11557.400000 8.097017e-01 9.076089e-01 9.872068e-01 2.501854e-01 -1.265615e-06 -4.698842e-05 5.046123e-05 7.178310e-05
11557.600000 8.182415e-01 9.174410e-01 9.882117e-01 2.569752e-01 -8.371874e-06 -5.251805e-05 3.548992e-05 7.097537e-05
11557.800000 8.164076e-01 9.146776e-01 9.747876e-01 2.583972e-01 -1.276589e-05 -5.026891e-05 3.880776e-05 7.484278e-05
11558.000000 8.122217e-01 9.095248e-01 9.583180e-01 2.610927e-01 -2.516024e-07 -4.600471e-05 5.230489e-05 7.149251e-05
11558.200000 8.108351e-01 9.077958e-01 9.457827e-01 2.635176e-01 1.983947e-06 -3.458987e-05 4.294636e-05 6.831379e-05
11558.400000 8.129908e-01 9.097398e-01 9.357154e-01 2.689538e-01 4.779848e-06 -3.062412e-05 4.996056e-05 7.312463e-05
11558.600000 8.161201e-01 9.126962e-01 9.266775e-01 2.730922e-01 4.078807e-06 -3.063683e-05 5.622802e-05 7.579289e-05
11558.800000 8.098357e-01 9.050521e-01 9.057199e-01 2.749721e-01 8.862169e-06 -3.466286e-05 5.616415e-05 8.729332e-05
11559.000000 8.123407e-01 9.073182e-01 8.943913e-01 2.808707e-01 2.390191e-06 -3.795959e-05 6.650951e-05 8.862391e-05
11559.200000 8.149413e-01 9.097300e-01 8.816322e-01 2.835234e-01 1.642904e-05 -3.797392e-05 5.319291e-05 7.633308e-05
11559.400000 8.113990e-01 9.049453e-01 8.619832e-01 2.900684e-01 6.250910e-06 -3.999752e-05 5.359455e-05 5.430079e-05
11559.600000 8.132347e-01 9.063056e-01 8.469914e-01 2.969545e-01 9.225196e-06 -3.967278e-05 5.781282e-05 4.993952e-05
11559.800000 8.126045e-01 9.049205e-01 8.284387e-01 3.020306e-01 1.054087e-06 -4.110570e-05 5.097772e-05 5.710799e-05
11560.000000 8.167475e-01 9.086495e-01 8.144844e-01 3.085302e-01 1.928683e-05 -4.146500e-05 4.904163e-05 6.253156e-05
11560.200000 8.069282e-01 8.964552e-01 7.841507e-01 3.097675e-01 1.195304e-05 -4.291665e-05 3.877897e-05 6.317745e-05
11560.400000 8.144095e-01 9.040763e-01 7.718158e-01 3.216329e-01 -8.627062e-07 -4.026297e-05 4.141887e-05 7.253426e-05
11560.600000 8.130238e-01 9.013626e-01 7.482103e-01 3.277134e-01 5.672223e-06 -3.531210e-05 5.148014e-05 7.934303e-05
11560.800000 8.148756e-01 9.023427e-01 7.268647e-01 3.383860e-01 -5.223348e-06 -3.941264e-05 5.444337e-05 8.887913e-05
11561.000000 8.113587e-01 8.972389e-01 6.994943e-01 3.455052e-01 -4.507267e-06 -4.588322e-05 4.283404e-05 8.993827e-05
11561.200000 8.093327e-01 8.934636e-01 6.728828e-01 3.533773e-01 4.230091e-06 -3.325450e-05 3.724566e-05 7.523461e-05
11561.400000 8.217428e-01 9.059532e-01 6.590397e-01 3.699439e-01 -5.699756e-06 -3.175941e-05 4.056286e-05 8.506626e-05
11561.600000 8.072159e-01 8.878996e-01 6.183227e-01 3.738765e-01 8.116354e-06 -3.670976e-05 3.430384e-05 8.363965e-05
11561.800000 8.167714e-01 8.968460e-01 5.983574e-01 3.896190e-01 1.445262e-05 -3.702836e-05 2.420066e-05 8.219750e-05
11562.000000 8.096137e-01 8.872000e-01 5.644421e-01 4.004447e-01 5.975739e-06 -2.932479e-05 2.425276e-05 6.303242e-05
11562.200000 8.168394e-01 8.929278e-01 5.396523e-01 4.179073e-01 1.204440e-05 -2.412521e-05 3.086472e-05 6.836927e-05
11562.400000 8.162787e-01 8.902324e-01 5.113255e-01 4.309068e-01 1.518076e-05 -2.528027e-05 3.511774e-05 7.208409e-05
11562.600000 8.066694e-01 8.776547e-01 4.766269e-01 4.411557e-01 8.731713e-06 -1.998000e-05 2.433851e-05 6.933929e-05
11562.800000 8.126033e-01 8.813860e-01 4.485103e-01 4.650886e-01 2.094379e-06 -2.598827e-05 2.726789e-05 7.486119e-05
11563.000000 8.110899e-01 8.772023e-01 4.203374e-01 4.805659e-01 1.998205e-06 -2.459564e-05 3.645972e-05 7.869283e-05
11563.200000 8.185234e-01 8.822667e-01 3.947328e-01 5.048475e-01 -5.961983e-06 -2.937018e-05 2.255822e-05 6.926072e-05
11563.400000 8.143791e-01 8.745729e-01 3.641239e-01 5.221880e-01 -1.365609e-05 -2.832597e-05 1.974464e-05 6.926420e-05
11563.600000 8.147138e-01 8.716964e-01 3.362753e-01 5.454708e-01 3.053630e-06 -1.784806e-05 2.204386e-05 5.916723e-05
11563.800000 8.183304e-01 8.720041e-01 3.103521e-01 5.690031e-01 2.301181e-07 -1.775383e-05 3.505655e-05 6.371956e-05
11564.000000 8.110524e-01 8.607411e-01 2.822724e-01 5.878426e-01 1.524232e-06 -1.201128e-05 2.782768e-05 6.915356e-05
11564.200000 8.123828e-01 8.586491e-01 2.596995e-01 6.114178e-01 -5.750570e-06 -2.444143e-05 2.047164e-05 6.821696e-05
11564.400000 8.143123e-01 8.567811e-01 2.378353e-01 6.388919e-01 -6.620493e-06 -2.788247e-05 2.843360e-05 5.538928e-05
11564.600000 8.127050e-01 8.513786e-01 2.173204e-01 6.648699e-01 -1.055312e-05 -2.174790e-05 2.815561e-05 5.866868e-05
11564.800000 8.130479e-01 8.480569e-01 2.005650e-01 6.887422e-01 -8.203268e-06 -2.590572e-05 1.754927e-05 6.280911e-05
11565.000000 8.125252e-01 8.440218e-01 1.845335e-01 7.096776e-01 -3.916221e-06 -2.369121e-05 9.484644e-06 5.660616e-05
11565.200000 8.136016e-01 8.416839e-01 1.713114e-01 7.335104e-01 3.741720e-06 -2.727872e-05 4.643117e-06 6.152019e-05
11565.400000 8.130833e-01 8.377380e-01 1.590278e-01 7.566870e-01 8.067974e-06 -3.037826e-05 1.772627e-05 6.666534e-05
11565.600000 8.109868e-01 8.327091e-01 1.494241e-01 7.724051e-01 3.187376e-06 -3.540396e-05 2.061273e-05 7.076292e-05
11565.800000 8.127156e-01 8.315936e-01 1.417645e-01 7.943701e-01 1.026683e-05 -3.701648e-05 2.774022e-05 6.709568e-05
11566.000000 8.135096e-01 8.295822e-01 1.354099e-01 8.158060e-01 4.421638e-06 -3.088510e-05 2.389469e-05 6.217630e-05
11566.200000 8.127974e-01 8.263957e-01 1.303695e-01 8.282334e-01 -4.079419e-06 -3.673855e-05 1.191884e-05 4.314149e-05
11566.400000 8.131362e-01 8.242580e-01 1.267518e-01 8.450741e-01 -7.677705e-06 -3.520821e-05 9.154981e-06 5.243224e-05
11566.600000 8.127739e-01 8.220451e-01 1.243587e-01 8.594595e-01 -9.184647e-06 -3.064001e-05 9.154049e-06 5.657824e-05
11566.800000 8.121412e-01 8.199676e-01 1.230995e-01 8.664002e-01 -4.278639e-06 -2.403002e-05 2.346980e-05 5.267596e-05
11567.000000 8.138267e-01 8.201213e-01 1.229719e-01 8.775617e-01 -6.512245e-06 -1.962819e-05 3.088848e-05 5.113771e-05
11567.200000 8.144631e-01 8.196811e-01 1.235510e-01 8.876188e-01 -5.560985e-06 -2.724790e-05 2.324301e-05 3.947082e-05
11567.400000 8.093702e-01 8.135458e-01 1.238581e-01 8.908563e-01 2.609655e-06 -2.496399e-05 1.255287e-05 4.672047e-05
11567.600000 8.129768e-01 8.164616e-01 1.260446e-01 8.970495e-01 1.117451e-05 -2.732490e-05 1.523002e-05 5.021792e-05
11567.800000 8.126120e-01 8.154540e-01 1.282895e-01 8.982406e-01 1.460690e-05 -2.819481e-05 1.594588e-05 5.449468e-05
11568.000000 8.106483e-01 8.134726e-01 1.305413e-01 8.982836e-01 5.707674e-06 -3.165058e-05 1.754984e-05 5.332211e-05
11568.200000 8.132091e-01 8.159606e-01 1.334236e-01 9.031373e-01 -3.799007e-06 -2.869821e-05 2.343508e-05 5.720579e-05
11568.400000 8.134829e-01 8.160466e-01 1.367748e-01 9.010197e-01 -1.050620e-05 -2.341128e-05 1.634616e-05 4.103150e-05
11568.600000 8.116298e-01 8.142004e-01 1.396365e-01 9.016157e-01 -7.478160e-06 -2.450726e-05 1.562700e-05 5.103071e-05
11568.800000 8.121079e-01 8.150415e-01 1.433749e-01 8.978171e-01 -5.355178e-06 -2.416802e-05 1.493657e-05 7.139158e-05
11569.000000 8.120348e-01 8.153594e-01 1.468926e-01 8.966420e-01 2.590783e-07 -2.453567e-05 1.530996e-05 5.885360e-05
11569.200000 8.119639e-01 8.159151e-01 1.504200e-01 8.922757e-01 1.297779e-05 -2.430029e-05 1.458389e-05 5.857721e-05
11569.400000 8.118976e-01 8.165601e-01 1.539820e-01 8.881109e-01 9.690567e-06 -1.933780e-05 1.281921e-06 6.950976e-05
11569.600000 8.129571e-01 8.185375e-01 1.575455e-01 8.833850e-01 5.158592e-06 -2.154126e-05 1.629819e-06 7.632286e-05
11569.800000 8.115546e-01 8.178983e-01 1.609961e-01 8.756794e-01 -4.546864e-06 -2.791585e-05 1.042272e-05 8.054100e-05
11570.000000 8.118023e-01 8.189965e-01 1.641450e-01 8.708332e-01 1.093421e-06 -1.907258e-05 3.639227e-06 6.949541e-05
11570.200000 8.138370e-01 8.220735e-01 1.678061e-01 8.662970e-01 -1.111230e-06 -1.655552e-05 1.684096e-05 6.555417e-05
11570.400000 8.104103e-01 8.197361e-01 1.701307e-01 8.554928e-01 -1.226090e-05 -1.494246e-05 2.749385e-05 6.837813e-05
11570.600000 8.124669e-01 8.229287e-01 1.736923e-01 8.502801e-01 -5.010399e-06 -2.435857e-05 2.969262e-05 6.595036e-05
11570.800000 8.115318e-01 8.230361e-01 1.762846e-01 8.438782e-01 -2.066612e-06 -2.263194e-05 3.726574e-05 6.555737e-05
11571.000000 8.114147e-01 8.241234e-01 1.791042e-01 8.373716e-01 -1.196196e-07 -2.331755e-05 2.221301e-05 6.042444e-05
11571.200000 8.124086e-01 8.262172e-01 1.822242e-01 8.287381e-01 8.445548e-06 -1.901263e-05 1.771792e-05 5.253985e-05
11571.400000 8.124497e-01 8.273685e-01 1.848960e-01 8.219384e-01 4.609958e-06 -1.153706e-05 1.823531e-05 6.038801e-05
11571.600000 8.129973e-01 8.289701e-01 1.874138e-01 8.177313e-01 1.601511e-05 -1.550623e-05 1.593038e-05 6.255156e-05
11571.800000 8.112745e-01 8.283710e-01 1.894212e-01 8.086419e-01 1.220182e-05 -2.248046e-05 3.056173e-05 6.044865e-05
11572.000000 8.111619e-01 8.291683e-01 1.918399e-01 8.005734e-01 1.252980e-05 -2.474847e-05 2.446623e-05 5.023734e-05
11572.200000 8.116605e-01 8.307355e-01 1.942406e-01 7.967437e-01 1.422418e-05 -1.827149e-05 4.414483e-05 6.205618e-05
11572.400000 8.124817e-01 8.325984e-01 1.967145e-01 7.925962e-01 1.228719e-05 -1.658934e-05 4.576022e-05 4.473624e-05
11572.600000 8.131598e-01 8.343491e-01 1.990478e-01 7.868702e-01 1.419063e-05 -3.042891e-05 4.202286e-05 4.450117e-05
11572.800000 8.101275e-01 8.319320e-01 2.002192e-01 7.768097e-01 1.475395e-05 -2.844687e-05 3.292332e-05 4.402616e-05
11573.000000 8.115732e-01 8.342935e-01 2.026580e-01 7.748495e-01 1.176273e-05 -2.944982e-05 3.890453e-05 4.449734e-05
11573.200000 8.124486e-01 8.360595e-01 2.049529e-01 7.709426e-01 8.721944e-06 -2.277040e-05 2.788374e-05 5.399765e-05
11573.400000 8.127185e-01 8.372255e-01 2.067369e-01 7.665705e-01 2.240879e-05 -2.047355e-05 2.975411e-05 6.380619e-05
11573.600000 8.104784e-01 8.354264e-01 2.078170e-01 7.607078e-01 1.201375e-05 -2.856576e-05 2.360033e-05 5.332245e-05
11573.800000 8.116462e-01 8.374343e-01 2.095682e-01 7.579237e-01 7.963966e-06 -3.234697e-05 3.706534e-05 5.709308e-05
11574.000000 8.113223e-01 8.377660e-01 2.112827e-01 7.535919e-01 7.164524e-06 -3.262739e-05 3.333681e-05 5.814459e-05
11574.200000 8.105030e-01 8.374384e-01 2.126665e-01 7.514293e-01 1.465009e-05 -3.178297e-05 2.184476e-05 6.067988e-05
11574.400000 8.113491e-01 8.388947e-01 2.140249e-01 7.474268e-01 4.818633e-06 -3.366939e-05 2.746171e-05 5.651218e-05
11574.600000 8.112517e-01 8.392964e-01 2.150721e-01 7.431128e-01 4.081389e-07 -2.832510e-05 2.647816e-05 5.497927e-05
11574.800000 8.119093e-01 8.405164e-01 2.162277e-01 7.409694e-01 -2.226400e-06 -3.351790e-05 2.815676e-05 6.372502e-05
11575.000000 8.120347e-01 8.411667e-01 2.171370e-01 7.390020e-01 -6.979886e-07 -4.050141e-05 1.987641e-05 5.953412e-05
11575.200000 8.110172e-01 8.405496e-01 2.174377e-01 7.356140e-01 -6.428348e-06 -5.068913e-05 1.593286e-05 5.814239e-05
11575.400000 8.112065e-01 8.411240e-01 2.180917e-01 7.339845e-01 5.208972e-06 -2.920199e-05 2.756496e-05 6.052724e-05
11575.600000 8.120151e-01 8.423945e-01 2.188680e-01 7.341279e-01 4.691703e-06 -1.908217e-05 2.876151e-05 5.573654e-05
11575.800000 8.111966e-01 8.417387e-01 2.186487e-01 7.301734e-01 3.733878e-06 -2.849602e-05 1.742732e-05 4.916865e-05
11576.000000 8.107185e-01 8.416219e-01 2.186606e-01 7.288497e-01 -1.363116e-06 -2.513733e-05 2.863295e-05 6.130652e-05
11576.200000 8.109807e-01 8.422312e-01 2.187497e-01 7.289622e-01 1.083216e-06 -2.804435e-05 3.702021e-05 6.693926e-05
11576.400000 8.105791e-01 8.420725e-01 2.183831e-01 7.265520e-01 -8.871234e-07 -2.267918e-05 3.093836e-05 6.696946e-05
11576.600000 8.105384e-01 8.423384e-01 2.181060e-01 7.242222e-01 2.203243e-06 -2.516015e-05 2.720712e-05 5.642332e-05
11576.800000 8.116466e-01 8.436963e-01 2.180492e-01 7.245316e-01 6.196002e-06 -2.493383e-05 2.441424e-05 6.006650e-05
11577.000000 8.114328e-01 8.436392e-01 2.171400e-01 7.248897e-01 7.477481e-06 -2.864568e-05 1.387202e-05 6.040568e-05
11577.200000 8.103087e-01 8.426478e-01 2.165707e-01 7.253612e-01 1.318164e-05 -3.168046e-05 2.070923e-05 5.900961e-05
11577.400000 8.130079e-01 8.457104e-01 2.162574e-01 7.244790e-01 1.590894e-05 -3.234428e-05 1.818025e-05 4.868570e-05
11577.600000 8.104997e-01 8.432428e-01 2.147547e-01 7.212577e-01 1.429573e-05 -2.931299e-05 8.625668e-06 4.404699e-05
11577.800000 8.116381e-01 8.443837e-01 2.139389e-01 7.243761e-01 1.472559e-05 -3.459964e-05 5.984722e-06 5.426171e-05
11578.000000 8.095498e-01 8.421423e-01 2.126064e-01 7.223482e-01 9.356753e-06 -3.224873e-05 1.076087e-06 4.883772e-05
11578.200000 8.127563e-01 8.456868e-01 2.123064e-01 7.231200e-01 1.530200e-05 -3.687658e-05 3.010348e-06 5.416711e-05
11578.400000 8.082377e-01 8.410641e-01 2.100695e-01 7.184182e-01 1.629480e-05 -3.500821e-05 3.917763e-06 4.429233e-05
11578.600000 8.104700e-01 8.434838e-01 2.095140e-01 7.229513e-01 5.350677e-06 -3.229261e-05 -3.572210e-06 5.041457e-05
11578.800000 8.099153e-01 8.428921e-01 2.083383e-01 7.213670e-01 -9.545012e-07 -3.452049e-05 1.512913e-06 5.288082e-05
11579.000000 8.107067e-01 8.435921e-01 2.076399e-01 7.228012e-01 -1.423793e-06 -3.728220e-05 1.446450e-05 5.429216e-05
11579.200000 8.101452e-01 8.433155e-01 2.067348e-01 7.230825e-01 -3.588693e-06 -3.368223e-05 7.512552e-06 6.494105e-05
11579.400000 8.111024e-01 8.441771e-01 2.060524e-01 7.251654e-01 8.393874e-06 -3.697421e-05 1.579565e-05 6.827090e-05
11579.600000 8.096636e-01 8.427441e-01 2.047955e-01 7.251566e-01 1.672301e-05 -3.962454e-05 2.146939e-05 5.945637e-05
11579.800000 8.113363e-01 8.444882e-01 2.045487e-01 7.244419e-01 2.091793e-05 -3.600564e-05 8.415761e-06 6.474208e-05
11580.000000 8.109439e-01 8.440975e-01 2.038143e-01 7.269789e-01 1.767677e-05 -3.816091e-05 1.214632e-05 7.516203e-05
11580.200000 8.131822e-01 8.466220e-01 2.040900e-01 7.300065e-01 2.905962e-05 -3.693509e-05 2.413118e-05 8.134363e-05
11580.400000 8.099180e-01 8.427939e-01 2.028854e-01 7.243884e-01 3.720009e-05 -3.810412e-05 1.167326e-05 6.570046e-05
11580.600000 8.110549e-01 8.441752e-01 2.030903e-01 7.264782e-01 3.152013e-05 -3.252886e-05 9.492153e-06 5.764626e-05
11580.800000 8.107337e-01 8.440662e-01 2.028966e-01 7.274383e-01 1.902219e-05 -2.697204e-05 1.010239e-05 5.416417e-05
11581.000000 8.109883e-01 8.442600e-01 2.030044e-01 7.263276e-01 8.836765e-06 -2.263338e-05 1.851958e-05 6.435637e-05
11581.200000 8.093615e-01 8.426065e-01 2.026894e-01 7.230888e-01 1.004815e-05 -3.427536e-05 2.398187e-05 6.431440e-05
11581.400000 8.113600e-01 8.448327e-01 2.037345e-01 7.287034e-01 1.391850e-05 -3.178769e-05 3.312736e-05 6.674303e-05
11581.600000 8.092144e-01 8.428853e-01 2.039249e-01 7.242819e-01 1.606288e-05 -3.027983e-05 2.460959e-05 5.967806e-05
11581.800000 8.081276e-01 8.418150e-01 2.043630e-01 7.249489e-01 9.753080e-06 -3.778583e-05 1.557537e-05 5.970703e-05
11582.000000 8.108169e-01 8.447501e-01 2.059881e-01 7.275731e-01 2.608230e-05 -3.344458e-05 2.582815e-05 5.654326e-05
11582.200000 8.085861e-01 8.423430e-01 2.066427e-01 7.233030e-01 2.859962e-05 -3.224467e-05 3.311507e-05 6.703543e-05
11582.400000 8.088903e-01 8.429847e-01 2.078569e-01 7.239419e-01 2.648639e-05 -2.405528e-05 3.649743e-05 7.217040e-05
11582.600000 8.073147e-01 8.414758e-01 2.083743e-01 7.203738e-01 1.810443e-05 -1.888860e-05 3.137517e-05 5.630685e-05
11582.800000 8.120821e-01 8.465468e-01 2.110667e-01 7.272945e-01 1.849639e-05 -2.144158e-05 3.269806e-05 5.480982e-05
11583.000000 8.068387e-01 8.412373e-01 2.110135e-01 7.220630e-01 1.357450e-05 -2.060758e-05 3.062231e-05 5.510089e-05
11583.200000 8.086004e-01 8.433559e-01 2.126448e-01 7.208088e-01 1.447887e-05 -2.932104e-05 2.028311e-05 5.685607e-05
11583.400000 8.086190e-01 8.436426e-01 2.137540e-01 7.178102e-01 2.048916e-05 -2.458490e-05 3.456403e-05 5.827437e-05
11583.600000 8.092234e-01 8.444658e-01 2.155028e-01 7.204855e-01 1.574480e-05 -1.476270e-05 3.600873e-05 5.926911e-05
11583.800000 8.101457e-01 8.457735e-01 2.170888e-01 7.220348e-01 2.184712e-05 -8.447104e-06 3.575145e-05 6.257539e-05
11584.000000 8.109643e-01 8.466389e-01 2.185648e-01 7.215482e-01 2.758303e-05 -5.371729e-06 2.696710e-05 6.408767e-05
11584.200000 8.102203e-01 8.458979e-01 2.195000e-01 7.180036e-01 2.230652e-05 -1.454815e-05 1.830898e-05 5.933435e-05
11584.400000 8.079191e-01 8.437703e-01 2.195489e-01 7.144151e-01 2.375602e-05 -1.893033e-05 2.171588e-05 7.219647e-05
11584.600000 8.102977e-01 8.464562e-01 2.213420e-01 7.194740e-01 3.269500e-05 -1.429902e-05 1.246908e-05 8.164088e-05
11584.800000 8.114087e-01 8.478779e-01 2.224932e-01 7.194681e-01 2.786181e-05 -1.557511e-05 1.365660e-05 8.725253e-05
11585.000000 8.068004e-01 8.431070e-01 2.220183e-01 7.136984e-01 3.337126e-05 -2.072751e-05 1.887174e-05 6.938564e-05
11585.200000 8.114008e-01 8.481538e-01 2.239493e-01 7.177402e-01 1.497148e-05 -3.090359e-05 1.595526e-05 8.144458e-05
11585.400000 8.097061e-01 8.464018e-01 2.241699e-01 7.137235e-01 4.981470e-06 -2.073503e-05 1.546304e-05 8.674549e-05
11585.600000 8.092635e-01 8.459776e-01 2.244360e-01 7.128193e-01 1.071945e-05 -1.407082e-05 2.041626e-05 7.137760e-05
11585.800000 8.079997e-01 8.449499e-01 2.240158e-01 7.143538e-01 7.815798e-06 -1.580538e-05 2.696365e-05 6.869455e-05
11586.000000 8.112838e-01 8.482971e-01 2.252007e-01 7.164960e-01 1.664506e-05 -1.599367e-05 3.534847e-05 6.722481e-05
11586.200000 8.092843e-01 8.463651e-01 2.249543e-01 7.150339e-01 8.875223e-06 -1.243978e-05 4.002413e-05 5.597454e-05
11586.400000 8.090421e-01 8.462517e-01 2.248948e-01 7.158252e-01 7.125068e-06 -1.635646e-05 2.404178e-05 4.037398e-05
11586.600000 8.096943e-01 8.471056e-01 2.253183e-01 7.152446e-01 6.801362e-06 -1.474885e-05 1.525388e-07 5.948512e-05
11586.800000 8.070517e-01 8.442978e-01 2.245583e-01 7.147998e-01 3.483727e-06 -1.705721e-05 6.523269e-06 6.148347e-05
11587.000000 8.103208e-01 8.479653e-01 2.256236e-01 7.181337e-01 -2.441010e-06 -1.855801e-05 2.066155e-05 3.870327e-05
11587.200000 8.103249e-01 8.478507e-01 2.252368e-01 7.156214e-01 8.372580e-06 -1.620632e-05 1.808395e-05 5.217668e-05
11587.400000 8.049880e-01 8.420895e-01 2.234527e-01 7.119874e-01 3.537653e-06 -2.359825e-05 2.293564e-05 5.067588e-05
11587.600000 8.105101e-01 8.481601e-01 2.249602e-01 7.174699e-01 1.612703e-05 -2.411340e-05 2.314197e-05 3.773201e-05
11587.800000 7.998585e-01 8.368822e-01 2.219279e-01 7.033581e-01 1.293874e-05 -2.595306e-05 -1.247601e-06 4.913607e-06
11588.000000 8.068274e-01 8.441889e-01 2.232132e-01 7.159374e-01 2.286517e-05 -3.665230e-05 7.096050e-06 4.302378e-05
11588.200000 8.004753e-01 8.375007e-01 2.209054e-01 7.090175e-01 2.118857e-05 -3.686051e-05 8.967348e-06 3.572723e-05
11588.400000 8.023034e-01 8.396189e-01 2.213047e-01 7.098047e-01 1.732203e-05 -3.429799e-05 1.761174e-05 4.360597e-05
11588.600000 8.077955e-01 8.451455e-01 2.224439e-01 7.187801e-01 9.725521e-06 -2.306879e-05 1.373219e-05 3.252671e-05
11588.800000 8.021165e-01 8.391355e-01 2.198105e-01 7.152175e-01 1.138045e-05 -1.037014e-05 2.369402e-05 4.051612e-05
11589.000000 8.103746e-01 8.479200e-01 2.215953e-01 7.207152e-01 1.200764e-05 -1.048987e-05 2.144757e-05 4.228921e-05
11589.200000 8.049211e-01 8.419982e-01 2.195514e-01 7.194486e-01 9.875816e-06 -1.371488e-05 9.101204e-06 3.651556e-05
11589.400000 8.074191e-01 8.445157e-01 2.193420e-01 7.209803e-01 3.704957e-06 -1.369539e-05 1.319890e-05 3.902060e-05
11589.600000 8.111132e-01 8.483634e-01 2.193511e-01 7.226882e-01 4.084305e-06 -2.496215e-05 1.668855e-05 5.182977e-05
11589.800000 7.960122e-01 8.324466e-01 2.137014e-01 7.151149e-01 2.466492e-06 -2.707435e-05 2.025770e-05 3.772450e-05
11590.000000 8.120265e-01 8.491264e-01 2.170590e-01 7.289356e-01 1.584597e-05 -2.590325e-05 2.611142e-05 4.481329e-05
11590.200000 8.032396e-01 8.399543e-01 2.136062e-01 7.229356e-01 1.645411e-05 -1.582799e-05 1.596134e-05 4.208717e-05
11590.400000 8.064873e-01 8.430743e-01 2.131700e-01 7.249557e-01 1.575829e-05 -1.450995e-05 1.332750e-05 3.607631e-05
11590.600000 8.072495e-01 8.438111e-01 2.120382e-01 7.270425e-01 -2.227963e-06 -2.656622e-05 -6.529469e-06 3.440553e-05
11590.800000 7.978977e-01 8.338270e-01 2.081491e-01 7.226685e-01 -2.649568e-06 -2.552490e-05 4.895254e-07 4.077038e-05
11591.000000 8.109779e-01 8.474307e-01 2.100324e-01 7.325585e-01 -1.926015e-07 -2.746062e-05 1.597072e-05 4.949983e-05
11591.200000 8.004585e-01 8.364165e-01 2.056211e-01 7.253671e-01 -6.798912e-06 -2.536011e-05 2.537767e-05 4.366186e-05
11591.400000 8.086994e-01 8.448781e-01 2.060023e-01 7.347751e-01 -4.899742e-06 -2.318666e-05 2.298847e-05 2.082914e-05
11591.600000 8.058746e-01 8.417121e-01 2.036834e-01 7.336449e-01 -4.241816e-06 -1.961462e-05 1.601508e-05 2.815043e-05
11591.800000 8.005590e-01 8.362847e-01 2.008199e-01 7.331366e-01 2.941248e-06 -2.336245e-05 6.087670e-06 2.601323e-05
11592.000000 8.096888e-01 8.455075e-01 2.013358e-01 7.419276e-01 1.017409e-05 -2.979125e-05 1.807610e-06 2.466354e-05
11592.200000 7.981128e-01 8.332711e-01 1.970246e-01 7.302325e-01 7.058305e-06 -3.274884e-05 -8.948903e-07 3.976043e-05
11592.400000 8.106465e-01 8.464447e-01 1.988049e-01 7.422562e-01 -3.606270e-06 -1.945678e-05 1.837895e-05 4.537777e-05
11592.600000 8.070516e-01 8.424319e-01 1.962016e-01 7.419858e-01 -4.373059e-06 -2.578461e-05 2.557007e-05 4.990420e-05
11592.800000 8.039671e-01 8.390474e-01 1.940973e-01 7.389333e-01 -1.012770e-05 -2.762937e-05 2.249799e-05 4.947784e-05
11593.000000 8.050480e-01 8.400991e-01 1.929963e-01 7.427320e-01 -1.830657e-05 -9.535108e-06 8.557148e-06 5.452640e-05
11593.200000 8.060364e-01 8.408879e-01 1.921002e-01 7.443642e-01 3.581194e-06 -5.728754e-06 1.067128e-05 5.586805e-05
11593.400000 8.034447e-01 8.380012e-01 1.900761e-01 7.443006e-01 -2.226828e-06 -1.189786e-05 5.265350e-06 4.562024e-05
11593.600000 8.030069e-01 8.375271e-01 1.888289e-01 7.447861e-01 8.864395e-06 -9.993876e-06 3.736102e-06 5.362409e-05
11593.800000 8.059267e-01 8.405276e-01 1.887151e-01 7.497332e-01 7.920039e-06 -1.650501e-05 2.500419e-05 5.622574e-05
11594.000000 8.050656e-01 8.395403e-01 1.878954e-01 7.479972e-01 5.463332e-06 -1.566574e-05 3.160883e-05 6.032810e-05
11594.200000 8.039990e-01 8.385122e-01 1.867289e-01 7.482626e-01 3.733704e-07 -2.298211e-05 2.268601e-05 5.102292e-05
11594.400000 8.052470e-01 8.399568e-01 1.865258e-01 7.476711e-01 -1.026409e-05 -2.129485e-05 1.361294e-05 5.117430e-05
11594.600000 8.042956e-01 8.390259e-01 1.862635e-01 7.470498e-01 3.343094e-06 -2.791511e-05 1.021749e-05 4.715849e-05
11594.800000 8.044672e-01 8.390109e-01 1.857449e-01 7.499603e-01 1.893883e-06 -3.233273e-05 1.362055e-05 4.821298e-05
11595.000000 8.054827e-01 8.401909e-01 1.862405e-01 7.459309e-01 1.764948e-05 -2.422876e-05 1.201159e-05 5.180541e-05
11595.200000 7.995180e-01 8.341365e-01 1.847293e-01 7.398627e-01 -1.393333e-06 -2.170008e-05 8.279155e-06 3.284274e-05
11595.400000 8.075049e-01 8.425073e-01 1.871465e-01 7.492961e-01 9.176283e-06 -3.299254e-05 1.678605e-05 4.154039e-05
11595.600000 8.044501e-01 8.394653e-01 1.867710e-01 7.491993e-01 4.403191e-06 -2.257691e-05 1.543630e-05 4.935323e-05
11595.800000 8.030369e-01 8.381031e-01 1.869275e-01 7.459935e-01 -3.550166e-06 -1.754679e-05 1.544661e-05 4.190912e-05
11596.000000 8.064138e-01 8.416659e-01 1.880966e-01 7.465934e-01 -2.057670e-06 -2.939274e-05 1.765103e-05 5.716437e-05
11596.200000 7.999141e-01 8.352015e-01 1.874956e-01 7.413646e-01 -8.511044e-06 -2.600302e-05 2.277317e-05 6.045737e-05
11596.400000 8.002808e-01 8.356579e-01 1.881349e-01 7.417966e-01 -3.855495e-06 -2.798105e-05 1.552070e-05 5.767418e-05
11596.600000 8.013081e-01 8.368144e-01 1.890727e-01 7.415098e-01 -6.543476e-06 -3.925758e-05 2.374430e-05 4.951743e-05
11596.800000 8.047002e-01 8.405863e-01 1.910784e-01 7.452267e-01 -1.587489e-06 -1.961591e-05 1.883696e-05 3.248528e-05
11597.000000 8.047785e-01 8.408409e-01 1.920362e-01 7.424175e-01 2.297721e-06 -2.724672e-05 2.536854e-05 4.264978e-05
11597.700000 8.043072e-01 8.410004e-01 1.955867e-01 7.389002e-01 1.257049e-05 -3.132642e-05 2.640923e-05 5.971009e-05
11598.400000 8.025908e-01 8.400009e-01 1.987908e-01 7.353177e-01 1.350937e-05 -2.059119e-05 1.513449e-05 5.512909e-05
11599.100000 8.032716e-01 8.414915e-01 2.026066e-01 7.324828e-01 9.805972e-06 -1.540212e-05 1.802248e-05 4.251881e-05
11599.800000 8.029130e-01 8.420392e-01 2.057159e-01 7.286755e-01 3.557180e-06 -1.921354e-05 1.734358e-05 3.171123e-05
11600.500000 8.031796e-01 8.430070e-01 2.081987e-01 7.267696e-01 -9.659422e-07 -1.460713e-05 9.099561e-06 3.927897e-05
11601.200000 8.034706e-01 8.440946e-01 2.102506e-01 7.258661e-01 2.576272e-06 -1.675239e-05 -7.767498e-07 4.354483e-05
11601.900000 8.022165e-01 8.432016e-01 2.112196e-01 7.207642e-01 1.101233e-05 -9.439204e-06 4.996473e-06 4.591576e-05
11602.600000 8.027075e-01 8.443252e-01 2.125184e-01 7.205039e-01 5.752215e-06 -8.928943e-06 1.644707e-05 5.843247e-05
11603.300000 8.023179e-01 8.444758e-01 2.135344e-01 7.174792e-01 -5.285718e-06 -1.510607e-05 1.376164e-05 5.527997e-05
11604.993695 8.024647e-01 8.458129e-01 2.172952e-01 7.152497e-01 1.384968e-05 -1.274828e-05 2.294596e-05 6.632936e-05
11605.999583 8.016756e-01 8.454414e-01 2.194892e-01 7.139214e-01 1.167391e-05 -8.539789e-06 3.284147e-05 6.667825e-05
11607.017662 8.011386e-01 8.454772e-01 2.217109e-01 7.113683e-01 -7.986154e-07 -9.789776e-06 2.412001e-05 6.265279e-05
11608.047933 8.014493e-01 8.461943e-01 2.233418e-01 7.121903e-01 -7.734484e-06 -1.524995e-05 4.719553e-06 5.595855e-05
11609.090396 8.013723e-01 8.462226e-01 2.232160e-01 7.144439e-01 -9.208742e-06 -1.594184e-05 1.309700e-05 6.132097e-05
11610.145051 8.017870e-01 8.468085e-01 2.220779e-01 7.173212e-01 -6.125220e-06 -1.555377e-05 8.885849e-06 5.282025e-05
11611.211898 8.007993e-01 8.455823e-01 2.192622e-01 7.205581e-01 -9.173709e-06 -1.178009e-05 -3.470974e-06 4.717947e-05
11612.290937 8.009141e-01 8.455755e-01 2.161829e-01 7.228631e-01 -6.842027e-06 -1.022340e-05 -5.313191e-06 4.525298e-05
11613.382167 8.004385e-01 8.448340e-01 2.122182e-01 7.275508e-01 -7.915523e-06 -1.098277e-05 3.034289e-06 5.952131e-05
11614.485590 8.007586e-01 8.448785e-01 2.083938e-01 7.332787e-01 -1.605302e-05 -1.921841e-05 -1.448410e-06 5.228017e-05
11615.601204 8.000914e-01 8.438485e-01 2.041963e-01 7.365127e-01 -1.513836e-05 -1.408953e-05 -5.581293e-06 5.697337e-05
11616.729011 8.000822e-01 8.436167e-01 2.004181e-01 7.424110e-01 -1.042740e-05 -1.240136e-05 -2.197128e-06 5.564742e-05
11617.869009 7.997785e-01 8.431569e-01 1.971462e-01 7.452076e-01 -3.670823e-06 -6.204115e-06 -8.907016e-06 4.924044e-05
11619.021199 7.998192e-01 8.430419e-01 1.947667e-01 7.498967e-01 -1.253491e-05 3.582719e-07 -5.395375e-06 4.578244e-05
11620.185582 7.991585e-01 8.423827e-01 1.934746e-01 7.513428e-01 -1.873339e-05 4.636280e-09 -1.786837e-06 4.609874e-05
11621.362156 7.991624e-01 8.427778e-01 1.934628e-01 7.520117e-01 -1.492949e-05 -9.958485e-06 8.367486e-06 3.271488e-05
11622.550922 7.985691e-01 8.425972e-01 1.944343e-01 7.516724e-01 -2.212525e-05 -1.548629e-05 2.769572e-06 1.614501e-05
11623.751879 7.985674e-01 8.432077e-01 1.962701e-01 7.502024e-01 -1.189843e-05 -1.629680e-05 -1.073832e-05 5.005605e-05
11624.965029 7.983727e-01 8.436348e-01 1.981260e-01 7.497742e-01 -1.693408e-05 -3.152492e-06 -3.777256e-06 6.766795e-05
11626.190371 7.975389e-01 8.433072e-01 1.998130e-01 7.480567e-01 -1.331720e-05 -6.000022e-06 1.571471e-06 7.499727e-05
11627.427904 7.976750e-01 8.444292e-01 2.017606e-01 7.459624e-01 -1.441915e-06 1.941441e-06 3.985559e-07 7.314656e-05
11628.677630 7.974667e-01 8.450271e-01 2.035216e-01 7.432791e-01 -5.176818e-06 4.342021e-06 -6.096474e-07 7.409361e-05
11629.939547 7.971884e-01 8.454673e-01 2.052233e-01 7.409180e-01 7.134102e-06 4.353920e-06 -4.029358e-06 7.620036e-05
11631.213657 7.977932e-01 8.471373e-01 2.070905e-01 7.392081e-01 1.432431e-05 -5.831094e-07 3.013487e-06 7.694494e-05
11632.499958 7.968115e-01 8.468570e-01 2.081701e-01 7.372093e-01 1.385369e-05 -1.676559e-06 2.600571e-07 7.449858e-05
11633.798451 7.963154e-01 8.473090e-01 2.093917e-01 7.313117e-01 6.998329e-06 -5.485173e-06 -5.521528e-06 7.353316e-05
11635.109136 7.966245e-01 8.484114e-01 2.110613e-01 7.295264e-01 6.121036e-06 -5.251283e-06 2.029430e-06 7.984700e-05
11636.432013 7.965298e-01 8.492453e-01 2.130426e-01 7.289849e-01 1.022338e-05 6.091713e-07 -3.043175e-06 7.994949e-05
11637.767082 7.968603e-01 8.505662e-01 2.155899e-01 7.260595e-01 8.167472e-06 -1.599052e-06 -8.866439e-06 8.662804e-05
11639.114342 7.956493e-01 8.500547e-01 2.177899e-01 7.239338e-01 3.214273e-06 -6.376293e-06 7.467852e-07 8.163827e-05
11640.473795 7.949538e-01 8.501131e-01 2.204413e-01 7.207314e-01 1.602383e-06 -1.329629e-05 2.535074e-06 7.927295e-05
11641.845440 7.942347e-01 8.503566e-01 2.232326e-01 7.180631e-01 -5.771892e-06 -1.900240e-05 1.177339e-05 7.964010e-05
11643.229276 7.948591e-01 8.518110e-01 2.257877e-01 7.178684e-01 -3.242749e-06 -1.329668e-05 5.876954e-06 6.947584e-05
11644.625305 7.950483e-01 8.527540e-01 2.280005e-01 7.154469e-01 2.179536e-06 -9.456838e-06 1.491609e-05 7.688165e-05
11646.033525 7.950491e-01 8.534984e-01 2.298106e-01 7.160818e-01 6.631460e-06 -1.196264e-05 3.734789e-06 7.653663e-05
11647.453937 7.940602e-01 8.532652e-01 2.305981e-01 7.125764e-01 -1.943533e-06 -1.074788e-05 8.966848e-06 7.026407e-05
11648.886541 7.946668e-01 8.545727e-01 2.315563e-01 7.142766e-01 -3.943069e-06 -5.759403e-06 4.962434e-06 5.205975e-05
11650.331337 7.945981e-01 8.550966e-01 2.317094e-01 7.146221e-01 3.417353e-06 -1.080923e-05 3.533987e-07 6.538599e-05
11651.788325 7.945790e-01 8.555678e-01 2.312951e-01 7.151982e-01 5.705493e-06 -1.641964e-05 -1.217429e-05 5.857312e-05
11653.257505 7.935991e-01 8.548515e-01 2.296733e-01 7.150219e-01 1.769342e-05 -1.446331e-05 -1.302254e-05 6.916418e-05
11654.738877 7.933816e-01 8.549257e-01 2.274119e-01 7.167170e-01 1.682998e-05 -1.577915e-05 -2.264930e-06 6.229911e-05
11656.232440 7.918182e-01 8.536014e-01 2.243229e-01 7.180252e-01 1.673867e-05 -2.561766e-05 1.248112e-06 5.089415e-05
11657.738196 7.906442e-01 8.527178e-01 2.213211e-01 7.174195e-01 1.478000e-05 -2.539578e-05 1.681085e-05 5.115084e-05
11659.256143 7.898985e-01 8.521003e-01 2.186628e-01 7.198783e-01 1.602924e-05 -2.986036e-05 9.139809e-06 5.169810e-05
11660.786283 7.915187e-01 8.541445e-01 2.172201e-01 7.226649e-01 1.214115e-05 -2.179759e-05 7.951890e-06 5.206794e-05
11662.328614 7.910681e-01 8.540131e-01 2.159870e-01 7.243254e-01 1.729143e-06 -1.902570e-05 -4.948194e-06 5.904834e-05
11663.883137 7.917272e-01 8.552718e-01 2.155346e-01 7.271931e-01 9.815344e-06 -1.780176e-05 -1.410042e-06 6.652812e-05
11665.449852 7.921455e-01 8.563078e-01 2.154322e-01 7.288530e-01 3.444375e-06 -1.107556e-05 3.704906e-06 6.161498e-05
11667.028759 7.916495e-01 8.561476e-01 2.156807e-01 7.293246e-01 -1.771764e-06 -4.428900e-06 4.501710e-06 5.957472e-05
11668.619858 7.903734e-01 8.553483e-01 2.159760e-01 7.272243e-01 -4.912676e-06 -8.212276e-06 9.190409e-06 7.987140e-05
11670.223149 7.893291e-01 8.547613e-01 2.165057e-01 7.262535e-01 -3.723206e-06 -1.281137e-05 1.265059e-05 8.015894e-05
11671.838632 7.877677e-01 8.537017e-01 2.169070e-01 7.255385e-01 -2.465401e-06 -7.612111e-06 1.228008e-05 8.451146e-05
11673.466307 7.882380e-01 8.547961e-01 2.178658e-01 7.267924e-01 9.905241e-06 -1.061991e-05 3.829077e-06 5.950893e-05
11675.106173 7.891804e-01 8.565148e-01 2.190389e-01 7.279355e-01 -4.317710e-06 -1.168598e-05 1.477543e-05 7.825887e-05
11676.758232 7.913454e-01 8.595693e-01 2.206688e-01 7.299787e-01 -3.936972e-06 -1.766568e-05 5.143355e-06 4.510405e-05
11678.422482 7.880653e-01 8.565807e-01 2.200794e-01 7.268799e-01 5.719064e-06 -1.292899e-05 1.775165e-05 7.391360e-05
11680.098924 7.886569e-01 8.577603e-01 2.207064e-01 7.288756e-01 4.546054e-06 -1.163524e-05 1.260188e-05 6.819253e-05
11681.787558 7.875862e-01 8.572118e-01 2.202238e-01 7.295202e-01 4.230686e-06 -8.096617e-06 7.516992e-06 7.512980e-05
11683.488385 7.877888e-01 8.580525e-01 2.196163e-01 7.284704e-01 -5.373458e-07 -1.897284e-05 2.256136e-06 6.624115e-05
11685.201403 7.858334e-01 8.565029e-01 2.183552e-01 7.263212e-01 9.462273e-07 -1.702570e-05 9.029910e-06 6.815308e-05
11686.926613 7.878660e-01 8.593964e-01 2.183389e-01 7.286488e-01 1.657222e-06 -1.781418e-05 1.339962e-05 5.839507e-05
11688.664014 7.866719e-01 8.587906e-01 2.177187e-01 7.299773e-01 -4.765068e-06 -1.276357e-05 1.189184e-05 6.725791e-05
11690.413608 7.868302e-01 8.595663e-01 2.179495e-01 7.288819e-01 -2.472179e-06 -1.242063e-05 1.305705e-05 6.110706e-05
11692.175394 7.858509e-01 8.593552e-01 2.185431e-01 7.266208e-01 -2.844830e-06 -8.195943e-06 1.517139e-05 6.046265e-05
11693.949371 7.864037e-01 8.607180e-01 2.203948e-01 7.276313e-01 -1.357697e-06 -1.631926e-05 2.492716e-05 6.744996e-05
11695.735541 7.853645e-01 8.604334e-01 2.221868e-01 7.258603e-01 -1.528780e-05 -1.868221e-05 2.441360e-05 6.553536e-05
11697.533902 7.860160e-01 8.620847e-01 2.249338e-01 7.236811e-01 -2.826343e-05 -1.644827e-05 1.562236e-05 6.475521e-05
11699.344455 7.857054e-01 8.627954e-01 2.279332e-01 7.239476e-01 -1.787322e-05 -2.624448e-05 2.761747e-05 5.619900e-05
11701.167201 7.834491e-01 8.611340e-01 2.306908e-01 7.219321e-01 -1.075058e-05 -2.762301e-05 3.226604e-05 6.318666e-05
11703.002138 7.810051e-01 8.593254e-01 2.329789e-01 7.177947e-01 -3.635921e-07 -1.834466e-05 1.650439e-05 5.352282e-05
11704.849267 7.821207e-01 8.614009e-01 2.360854e-01 7.181884e-01 -1.371716e-06 -1.392175e-05 2.052186e-05 5.357575e-05
11706.708588 7.836206e-01 8.640225e-01 2.384955e-01 7.177608e-01 -3.171666e-06 -2.024794e-05 1.460328e-05 5.560563e-05
11708.580100 7.845330e-01 8.659224e-01 2.397873e-01 7.193145e-01 -1.461534e-05 -2.043897e-05 2.189113e-05 4.759740e-05
11710.463805 7.837326e-01 8.655974e-01 2.397139e-01 7.197245e-01 -1.857988e-05 -2.064548e-05 2.736821e-05 4.747317e-05
11712.359702 7.832357e-01 8.657182e-01 2.390953e-01 7.177704e-01 -1.452857e-05 -1.293396e-05 2.125768e-05 4.744779e-05
11714.267790 7.828529e-01 8.658780e-01 2.381049e-01 7.206083e-01 -5.301221e-06 -8.574903e-06 1.731668e-05 4.478657e-05
11716.188071 7.831109e-01 8.667719e-01 2.368942e-01 7.221081e-01 -4.773686e-06 -1.510450e-05 2.532535e-05 5.269460e-05
11718.120543 7.825382e-01 8.667721e-01 2.353546e-01 7.222542e-01 -6.239776e-06 -1.623898e-05 2.320795e-05 6.081886e-05
11720.065207 7.820995e-01 8.668522e-01 2.337139e-01 7.225365e-01 -2.164025e-05 -1.352129e-05 7.605604e-06 6.592864e-05
11722.022064 7.816000e-01 8.667949e-01 2.320987e-01 7.240374e-01 -2.307590e-05 -1.387975e-05 1.146758e-05 8.331012e-05
11723.991112 7.812214e-01 8.669495e-01 2.308439e-01 7.270509e-01 -2.074915e-05 -1.878042e-05 6.989132e-06 7.040983e-05
11725.972352 7.810062e-01 8.672716e-01 2.299134e-01 7.274887e-01 -1.980061e-05 -1.734306e-05 1.065143e-05 6.086453e-05
11727.965784 7.807437e-01 8.676925e-01 2.292100e-01 7.284459e-01 -1.459184e-05 -1.721946e-05 4.841666e-06 5.808093e-05
11729.971407 7.800339e-01 8.674652e-01 2.284927e-01 7.293908e-01 -1.963847e-05 -1.409453e-05 1.189303e-05 5.582640e-05
11731.989223 7.796068e-01 8.676186e-01 2.278268e-01 7.280062e-01 -2.079278e-05 -1.600052e-05 7.604106e-06 5.637132e-05
11734.019231 7.795946e-01 8.682799e-01 2.278354e-01 7.294959e-01 -1.871260e-05 -1.652314e-05 7.649326e-06 7.202203e-05
11736.061430 7.789684e-01 8.683322e-01 2.279487e-01 7.305165e-01 -9.606119e-06 -1.290511e-05 9.734217e-07 7.836049e-05
11738.115822 7.785601e-01 8.685575e-01 2.282631e-01 7.305736e-01 -8.907646e-06 -1.317760e-05 5.387378e-06 8.459308e-05
11740.182405 7.778095e-01 8.685649e-01 2.288209e-01 7.304353e-01 -1.028508e-05 -1.413110e-05 2.434739e-06 8.343705e-05
11742.261180 7.751091e-01 8.663820e-01 2.287218e-01 7.278765e-01 -5.095319e-06 -1.942892e-05 1.078803e-05 7.351850e-05
11744.352148 7.747452e-01 8.667256e-01 2.289760e-01 7.270845e-01 -3.512170e-06 -2.134604e-05 5.153419e-06 6.903102e-05
11746.455307 7.761293e-01 8.690108e-01 2.295773e-01 7.291172e-01 -9.087026e-06 -2.210555e-05 1.203588e-05 7.762418e-05
11748.570658 7.764143e-01 8.702023e-01 2.291251e-01 7.316820e-01 -1.841408e-05 -2.029208e-05 7.946117e-06 7.841635e-05
11750.698201 7.764557e-01 8.709388e-01 2.283810e-01 7.298602e-01 -1.228897e-05 -1.892645e-05 5.326568e-06 6.995300e-05
11752.837935 7.746126e-01 8.697300e-01 2.271705e-01 7.280453e-01 -1.786068e-05 -2.073160e-05 2.151211e-05 7.906054e-05
11754.989862 7.754876e-01 8.717193e-01 2.271998e-01 7.298831e-01 -3.335631e-05 -2.773247e-05 1.046330e-05 7.274924e-05
11757.153981 7.751398e-01 8.722770e-01 2.276036e-01 7.288071e-01 -3.111759e-05 -3.416161e-05 2.290029e-05 8.229069e-05
11759.330291 7.720601e-01 8.698493e-01 2.283222e-01 7.261148e-01 -1.152802e-05 -3.586246e-05 1.322297e-05 7.818653e-05
11761.518794 7.699156e-01 8.682986e-01 2.303218e-01 7.239456e-01 -6.347153e-06 -3.930134e-05 2.293793e-05 8.408688e-05
11763.719488 7.720923e-01 8.718396e-01 2.343053e-01 7.246123e-01 -1.049432e-05 -3.530500e-05 2.768463e-05 7.879752e-05
11765.932374 7.722339e-01 8.731039e-01 2.378652e-01 7.235231e-01 -6.337392e-06 -3.910851e-05 2.235312e-05 7.714163e-05
11768.157453 7.716935e-01 8.734782e-01 2.405951e-01 7.240297e-01 -5.787272e-06 -3.808053e-05 2.410176e-05 7.843370e-05
11770.394723 7.721095e-01 8.750257e-01 2.432240e-01 7.191529e-01 -5.885248e-06 -4.100709e-05 2.281673e-05 6.506425e-05
11772.644185 7.722496e-01 8.763208e-01 2.451436e-01 7.196359e-01 -5.107320e-06 -4.235756e-05 2.002606e-05 7.093578e-05
11774.905838 7.710265e-01 8.757814e-01 2.462624e-01 7.190603e-01 -1.445723e-05 -4.659453e-05 1.539413e-05 6.164978e-05
11777.179684 7.715801e-01 8.774080e-01 2.476386e-01 7.178567e-01 -1.483900e-05 -4.870853e-05 2.274970e-05 4.638490e-05
11779.465722 7.695231e-01 8.760595e-01 2.480439e-01 7.158251e-01 -1.975533e-05 -3.714465e-05 2.081092e-05 6.510843e-05
11781.763952 7.703061e-01 8.778847e-01 2.490796e-01 7.189752e-01 -1.433727e-05 -3.526746e-05 1.862259e-05 6.917267e-05
11784.074373 7.718209e-01 8.806592e-01 2.500264e-01 7.215216e-01 -1.610020e-06 -2.263835e-05 1.440136e-05 6.923635e-05
11786.396987 7.703603e-01 8.798394e-01 2.498119e-01 7.202547e-01 3.484191e-06 -2.380616e-05 1.154180e-05 7.391467e-05
11788.731792 7.688168e-01 8.787597e-01 2.497758e-01 7.200646e-01 -6.157305e-06 -1.893941e-05 9.390541e-06 6.848941e-05
11791.078789 7.688822e-01 8.798270e-01 2.500187e-01 7.203018e-01 -5.193140e-06 -1.791993e-05 1.353063e-05 7.593969e-05
11793.437978 7.678274e-01 8.792816e-01 2.497155e-01 7.209806e-01 -2.251557e-06 -2.725171e-05 5.133908e-06 7.923915e-05
11795.809359 7.647338e-01 8.764772e-01 2.483077e-01 7.180499e-01 3.308845e-07 -2.323326e-05 4.792842e-06 7.627725e-05
11798.192932 7.634002e-01 8.755909e-01 2.472120e-01 7.185584e-01 -7.903546e-06 -2.802491e-05 9.251051e-06 7.497537e-05
11800.588697 7.666225e-01 8.800986e-01 2.471289e-01 7.229812e-01 -4.859810e-06 -2.222435e-05 1.333095e-05 6.585759e-05
11802.996654 7.662244e-01 8.803926e-01 2.455258e-01 7.242105e-01 -2.140418e-06 -3.338393e-05 1.967718e-05 6.407130e-05
11805.416803 7.660533e-01 8.807923e-01 2.434756e-01 7.249139e-01 1.892878e-06 -3.164718e-05 8.398718e-06 6.977983e-05
11807.849143 7.645301e-01 8.798505e-01 2.412701e-01 7.256932e-01 -3.359852e-06 -2.317628e-05 9.737173e-06 6.977096e-05
11810.293676 7.662602e-01 8.826205e-01 2.400025e-01 7.301204e-01 -1.362650e-05 -1.418645e-05 -7.239223e-07 6.326696e-05
11812.750400 7.651399e-01 8.821148e-01 2.386882e-01 7.277024e-01 -1.799208e-05 -1.718488e-05 -5.790190e-06 5.969724e-05
11815.219317 7.638092e-01 8.813532e-01 2.377167e-01 7.256924e-01 -1.865600e-05 -2.716618e-05 6.697074e-06 5.823410e-05
11817.700425 7.622664e-01 8.805267e-01 2.372535e-01 7.277032e-01 -1.232412e-05 -1.887033e-05 1.003852e-05 5.310630e-05
11820.193725 7.650115e-01 8.847045e-01 2.390290e-01 7.309972e-01 -8.353793e-06 -1.984042e-05 7.080707e-06 5.677407e-05
11822.699217 7.617847e-01 8.820506e-01 2.395256e-01 7.268139e-01 -6.560142e-06 -1.789631e-05 1.575505e-05 5.706698e-05
11825.216901 7.634360e-01 8.850749e-01 2.421459e-01 7.296871e-01 -1.875016e-06 -1.586109e-05 1.622019e-05 4.995859e-05
11827.746777 7.631853e-01 8.859981e-01 2.444880e-01 7.284463e-01 -1.069309e-05 -1.429482e-05 1.194526e-05 5.695783e-05
11830.288845 7.615709e-01 8.853438e-01 2.469540e-01 7.241392e-01 -8.903685e-06 -1.099215e-05 -6.524584e-07 5.364946e-05
11832.843105 7.605599e-01 8.853779e-01 2.499961e-01 7.218218e-01 -2.627089e-06 -1.094752e-05 8.311192e-08 5.431919e-05
11835.409556 7.608868e-01 8.868388e-01 2.535204e-01 7.210104e-01 3.980686e-06 -2.290110e-05 -3.230442e-06 5.711669e-05
11837.988200 7.563958e-01 8.827797e-01 2.551006e-01 7.170693e-01 3.389065e-06 -1.502798e-05 2.163161e-06 6.656623e-05
11840.579035 7.566647e-01 8.841706e-01 2.577504e-01 7.182742e-01 -2.884341e-06 -1.656393e-05 2.895064e-06 5.489215e-05
11843.182062 7.587488e-01 8.877098e-01 2.603198e-01 7.184232e-01 1.204807e-06 -1.885342e-05 1.062188e-05 5.765846e-05
11845.797282 7.604656e-01 8.908824e-01 2.619765e-01 7.197776e-01 7.484565e-06 -2.587671e-05 8.546301e-06 7.058184e-05
11848.424693 7.579027e-01 8.888764e-01 2.615434e-01 7.181862e-01 6.332396e-06 -1.676797e-05 1.990829e-07 5.708258e-05
11851.064296 7.582206e-01 8.903823e-01 2.616370e-01 7.175318e-01 1.098881e-05 -1.845461e-05 1.785138e-05 5.731990e-05
11853.716091 7.556667e-01 8.885764e-01 2.605904e-01 7.159272e-01 1.468740e-05 -1.045939e-05 1.542054e-05 5.514843e-05
11856.380078 7.559761e-01 8.899152e-01 2.605648e-01 7.171526e-01 5.253290e-06 -1.254158e-05 1.407480e-05 5.507756e-05
11859.056256 7.571229e-01 8.921897e-01 2.614324e-01 7.178973e-01 5.748513e-06 -1.100747e-05 8.208503e-08 5.026536e-05
11861.744627 7.568486e-01 8.931165e-01 2.625256e-01 7.178464e-01 7.169194e-06 -6.669257e-06 2.637137e-06 4.585288e-05
11864.445190 7.541895e-01 8.908119e-01 2.630681e-01 7.166405e-01 1.445978e-05 -9.697367e-06 5.455510e-06 5.711672e-05
11867.157944 7.555081e-01 8.934269e-01 2.649328e-01 7.178541e-01 2.582480e-06 -1.030654e-05 -1.084236e-05 5.062914e-05
11869.882891 7.554058e-01 8.943250e-01 2.657926e-01 7.186753e-01 3.129052e-06 -4.660853e-07 -4.430302e-06 6.156686e-05
11872.620029 7.563607e-01 8.965417e-01 2.663428e-01 7.215019e-01 1.305929e-06 -1.377541e-05 1.039234e-06 5.726757e-05
11875.369359 7.554386e-01 8.964466e-01 2.655718e-01 7.208098e-01 8.077031e-06 -1.227350e-05 -1.883180e-06 4.530272e-05
11878.130881 7.555601e-01 8.974887e-01 2.650400e-01 7.212426e-01 9.108196e-06 -1.453446e-05 7.343342e-06 5.541202e-05
11880.904595 7.547012e-01 8.974916e-01 2.638787e-01 7.217747e-01 1.226668e-05 -1.666276e-05 3.381018e-06 4.498231e-05
11883.690501 7.537996e-01 8.974015e-01 2.625729e-01 7.233259e-01 1.632060e-05 -1.324723e-05 -3.870039e-06 4.136501e-05
11886.488599 7.538513e-01 8.983636e-01 2.617713e-01 7.233829e-01 8.305013e-06 -1.011568e-05 4.589686e-06 4.896855e-05
11889.298889 7.524941e-01 8.977830e-01 2.605406e-01 7.228620e-01 9.312310e-08 -1.271469e-05 8.690774e-06 5.019144e-05
11892.121371 7.521505e-01 8.984711e-01 2.597802e-01 7.229889e-01 -3.897201e-07 -1.453613e-05 4.162894e-06 6.206545e-05
11894.956044 7.463390e-01 8.924542e-01 2.574330e-01 7.172689e-01 -1.652356e-06 -1.335392e-05 1.427327e-05 6.276032e-05
11897.802910 7.436425e-01 8.902803e-01 2.569787e-01 7.157631e-01 9.954150e-06 -1.277600e-05 5.581763e-06 5.796134e-05
11900.661967 7.494944e-01 8.982850e-01 2.601770e-01 7.210275e-01 2.113309e-05 -1.583445e-05 9.671143e-06 5.290804e-05
11903.533217 7.503045e-01 9.004565e-01 2.622580e-01 7.232329e-01 7.787123e-06 -1.467704e-05 -2.210074e-06 6.701308e-05
11906.416658 7.498849e-01 9.012125e-01 2.646944e-01 7.217307e-01 3.363190e-06 -1.545018e-05 -1.218402e-05 6.592103e-05
11909.312291 7.493386e-01 9.018986e-01 2.677644e-01 7.207959e-01 -3.122327e-06 -1.735818e-05 -4.101702e-06 6.299677e-05
11912.220116 7.489588e-01 9.026533e-01 2.708610e-01 7.195421e-01 -9.845818e-07 -1.708917e-05 -1.138482e-05 5.377623e-05
11915.140133 7.474541e-01 9.023034e-01 2.735385e-01 7.191193e-01 5.214744e-06 -2.698740e-05 -1.556908e-05 5.761769e-05
11918.072342 7.470851e-01 9.029115e-01 2.759452e-01 7.183660e-01 8.344289e-06 -2.430416e-05 -1.011978e-06 5.309104e-05
11921.016743 7.407052e-01 8.964426e-01 2.752190e-01 7.106634e-01 5.448216e-06 -2.761726e-05 3.193847e-07 3.368442e-05
11923.973335 7.401378e-01 8.966782e-01 2.762982e-01 7.103586e-01 3.608537e-06 -2.707042e-05 -2.744352e-06 5.004119e-05
11926.942120 7.453997e-01 9.043994e-01 2.790447e-01 7.155531e-01 -1.597176e-06 -2.521946e-05 1.145021e-05 5.504714e-05
11929.923096 7.455805e-01 9.058102e-01 2.796368e-01 7.159783e-01 -5.360159e-07 -1.819689e-05 4.311535e-06 5.928138e-05
11932.916265 7.450546e-01 9.063466e-01 2.795830e-01 7.168531e-01 2.054643e-06 -1.733923e-05 1.365068e-05 5.789745e-05
11935.921625 7.448385e-01 9.073350e-01 2.798173e-01 7.162769e-01 2.437036e-06 -1.562324e-05 1.688846e-05 4.331307e-05
11938.939177 7.437141e-01 9.070047e-01 2.797335e-01 7.150615e-01 5.967940e-06 -4.981581e-06 2.155121e-06 4.108441e-05
11941.968921 7.439414e-01 9.082870e-01 2.801813e-01 7.147597e-01 8.531531e-07 -9.657544e-07 1.115871e-05 5.065783e-05
11945.010858 7.433065e-01 9.086738e-01 2.805905e-01 7.144212e-01 8.081564e-06 -8.616815e-06 1.371569e-05 5.603106e-05
11948.064985 7.428892e-01 9.092088e-01 2.815898e-01 7.155957e-01 6.155564e-06 -2.420180e-05 1.445027e-05 5.202165e-05
11951.131305 7.419668e-01 9.094622e-01 2.826065e-01 7.166646e-01 6.812120e-06 -1.919344e-05 1.073017e-05 5.500807e-05
11954.209817 7.416159e-01 9.102962e-01 2.841014e-01 7.163926e-01 1.375091e-05 -2.280289e-05 6.621920e-06 3.404548e-05
11957.300521 7.405024e-01 9.100460e-01 2.849595e-01 7.149734e-01 1.240694e-05 -2.647657e-05 1.212323e-08 4.250149e-05
11960.403416 7.393483e-01 9.097297e-01 2.851174e-01 7.154848e-01 9.146992e-06 -2.942322e-05 3.828466e-06 5.929756e-05
11963.518504 7.400092e-01 9.117658e-01 2.855843e-01 7.169770e-01 6.512935e-06 -3.474191e-05 2.062672e-06 5.944267e-05
11966.645783 7.406677e-01 9.137199e-01 2.855646e-01 7.172863e-01 1.102543e-07 -3.651075e-05 2.631374e-06 5.648185e-05
11969.785255 7.388716e-01 9.125906e-01 2.844953e-01 7.169707e-01 -4.181663e-06 -3.015032e-05 2.429190e-06 6.695065e-05
11972.936918 7.389912e-01 9.140326e-01 2.842622e-01 7.188658e-01 -1.021144e-05 -3.300681e-05 6.524426e-06 6.978764e-05
11976.100773 7.389452e-01 9.151719e-01 2.845337e-01 7.175173e-01 4.025388e-06 -3.168297e-05 2.036842e-06 6.334650e-05
11979.276820 7.377873e-01 9.148096e-01 2.846101e-01 7.183551e-01 1.340461e-05 -2.858272e-05 -3.190799e-06 6.434675e-05
11982.465059 7.376129e-01 9.160286e-01 2.851804e-01 7.192228e-01 1.101577e-05 -2.884049e-05 5.870196e-06 6.272241e-05
11985.665490 7.370981e-01 9.165698e-01 2.855282e-01 7.184665e-01 7.456234e-06 -4.503122e-05 5.448036e-06 6.019263e-05
11988.878112 7.362391e-01 9.167819e-01 2.857643e-01 7.191002e-01 9.916033e-06 -4.255321e-05 -4.168257e-07 5.053076e-05
11992.102927 7.355375e-01 9.168376e-01 2.861324e-01 7.178402e-01 1.527432e-05 -4.352392e-05 -1.706112e-06 5.426228e-05
11995.339934 7.350701e-01 9.174020e-01 2.869638e-01 7.174267e-01 1.257372e-05 -3.556315e-05 -8.046652e-06 6.373200e-05
11998.589132 7.337555e-01 9.170934e-01 2.881172e-01 7.157149e-01 9.984415e-06 -3.422103e-05 -9.372740e-06 5.744894e-05
12001.850523 7.336536e-01 9.186199e-01 2.901077e-01 7.138908e-01 2.212534e-06 -3.412208e-05 -3.753834e-06 6.155830e-05
12005.124105 7.319812e-01 9.177981e-01 2.919669e-01 7.141215e-01 5.301074e-07 -3.604365e-05 -4.586280e-06 5.532867e-05
12008.409879 7.325093e-01 9.195238e-01 2.952156e-01 7.139542e-01 6.109329e-07 -3.925059e-05 -5.083948e-06 5.707533e-05
12011.707845 7.324394e-01 9.210156e-01 2.984365e-01 7.141408e-01 -5.383196e-06 -3.193162e-05 -3.975081e-06 6.132505e-05
12015.018003 7.321710e-01 9.218783e-01 3.016326e-01 7.136310e-01 -1.585348e-05 -2.960814e-05 -1.130432e-05 6.172980e-05
12018.340353 7.312572e-01 9.221489e-01 3.040798e-01 7.130767e-01 -1.056289e-05 -2.430628e-05 -8.584830e-06 5.994824e-05
12021.674895 7.311176e-01 9.233086e-01 3.058402e-01 7.128768e-01 -2.405853e-06 -2.648594e-05 3.093796e-06 5.977499e-05
12025.021629 7.302103e-01 9.234197e-01 3.068892e-01 7.125933e-01 6.529943e-07 -2.436339e-05 -5.622521e-06 5.703731e-05
12028.380554 7.294455e-01 9.237277e-01 3.074790e-01 7.108003e-01 -4.745504e-06 -3.764358e-05 4.225510e-06 5.986656e-05
12031.751672 7.281154e-01 9.234722e-01 3.073859e-01 7.098145e-01 6.790037e-08 -3.831544e-05 2.338399e-06 5.131102e-05
12035.134982 7.277850e-01 9.242320e-01 3.074309e-01 7.094066e-01 5.993403e-06 -3.903874e-05 6.401468e-06 5.208860e-05
12038.530483 7.269525e-01 9.246197e-01 3.076123e-01 7.090286e-01 3.813262e-06 -4.219879e-05 1.405170e-05 4.968376e-05
12041.938176 7.263955e-01 9.251508e-01 3.076055e-01 7.091201e-01 1.226235e-05 -3.909963e-05 1.218481e-05 7.008949e-05
12045.358061 7.207868e-01 9.193507e-01 3.053064e-01 7.050680e-01 1.058180e-05 -3.936139e-05 1.173608e-05 6.741492e-05
12048.790139 7.150996e-01 9.132791e-01 3.031781e-01 7.003996e-01 1.974759e-05 -3.350583e-05 2.023098e-05 5.697970e-05
12052.234408 7.237749e-01 9.255805e-01 3.073605e-01 7.083298e-01 9.199212e-06 -2.955438e-05 2.187388e-05 5.909307e-05
12055.690868 7.236907e-01 9.266524e-01 3.076556e-01 7.097180e-01 1.027720e-05 -3.843200e-05 1.564671e-05 5.355169e-05
12059.159521 7.237649e-01 9.280851e-01 3.080691e-01 7.097020e-01 1.032568e-05 -3.868943e-05 8.533408e-06 5.772685e-05
12062.640366 7.235054e-01 9.291618e-01 3.085066e-01 7.099235e-01 3.148036e-06 -4.069982e-05 2.531988e-05 6.746950e-05
12066.133403 7.234622e-01 9.305169e-01 3.091177e-01 7.122072e-01 -8.043640e-07 -4.178748e-05 2.330591e-05 7.132426e-05
12069.638631 7.230251e-01 9.312612e-01 3.098434e-01 7.119041e-01 -3.080179e-06 -3.873878e-05 1.623785e-05 6.325975e-05
12073.156052 7.231244e-01 9.325749e-01 3.108632e-01 7.122556e-01 2.098580e-06 -4.651264e-05 1.238055e-05 6.208793e-05
12076.685664 7.217779e-01 9.321415e-01 3.111417e-01 7.103568e-01 9.220959e-06 -3.936855e-05 1.312117e-05 7.051428e-05
12080.227468 7.213441e-01 9.328820e-01 3.119968e-01 7.118946e-01 5.773424e-07 -3.966901e-05 -2.350509e-06 7.329597e-05
12083.781465 7.203038e-01 9.328687e-01 3.126974e-01 7.118526e-01 8.813843e-07 -3.556014e-05 4.933730e-06 6.912021e-05
12087.347653 7.196673e-01 9.334838e-01 3.140060e-01 7.104101e-01 1.222679e-05 -2.798047e-05 1.517186e-05 6.633955e-05
12090.926033 7.192584e-01 9.342958e-01 3.158314e-01 7.118136e-01 8.197531e-06 -2.794318e-05 1.436126e-05 6.162805e-05
12094.516605 7.192750e-01 9.359476e-01 3.178320e-01 7.103434e-01 9.255073e-06 -2.713114e-05 2.884010e-05 6.827031e-05
12098.119369 7.174244e-01 9.347808e-01 3.192649e-01 7.086194e-01 1.062264e-05 -3.202584e-05 1.960296e-05 6.885529e-05
12101.734324 7.169358e-01 9.355487e-01 3.211014e-01 7.086508e-01 6.076121e-06 -2.773510e-05 2.508897e-05 7.004552e-05
12105.361472 7.168888e-01 9.369705e-01 3.229963e-01 7.080749e-01 1.149366e-05 -2.440823e-05 2.073596e-05 6.155701e-05
12109.000811 7.158737e-01 9.370676e-01 3.246075e-01 7.066031e-01 9.976932e-06 -2.907838e-05 2.203216e-05 5.835405e-05
12112.652343 7.154396e-01 9.379484e-01 3.261904e-01 7.060501e-01 3.725996e-06 -3.600677e-05 2.150761e-05 6.494940e-05
12116.316066 7.132483e-01 9.365914e-01 3.271402e-01 7.046030e-01 -1.574971e-06 -4.353281e-05 2.213722e-05 6.976950e-05
12119.991982 7.130347e-01 9.377508e-01 3.291905e-01 7.051048e-01 -9.655523e-06 -3.681260e-05 2.209746e-05 6.904489e-05
12123.680089 7.133787e-01 9.396636e-01 3.314074e-01 7.055171e-01 -1.038646e-05 -3.507111e-05 2.483154e-05 6.341509e-05
12127.380388 7.127722e-01 9.403398e-01 3.331519e-01 7.058460e-01 -9.453495e-06 -3.830213e-05 1.104229e-05 6.546156e-05
12131.092879 7.125278e-01 9.414020e-01 3.348880e-01 7.042418e-01 -3.918828e-06 -4.098696e-05 1.448983e-05 6.592960e-05
12134.817562 7.118634e-01 9.420181e-01 3.361408e-01 7.051878e-01 -3.846272e-06 -5.092121e-05 7.524150e-06 6.104764e-05
12138.554437 7.108290e-01 9.419962e-01 3.371091e-01 7.043014e-01 -1.105150e-05 -5.512802e-05 1.682320e-05 6.125259e-05
12142.303503 7.107358e-01 9.432751e-01 3.380660e-01 7.058714e-01 -8.166796e-06 -4.903097e-05 1.260984e-05 6.164341e-05
12146.064762 7.095089e-01 9.431107e-01 3.383550e-01 7.026188e-01 -5.862094e-06 -4.892315e-05 1.890635e-05 6.919992e-05
12149.838213 7.087105e-01 9.433750e-01 3.386343e-01 7.037722e-01 -9.887410e-06 -4.424472e-05 2.680437e-05 6.706288e-05
12153.623855 7.086089e-01 9.446968e-01 3.395287e-01 7.036915e-01 -4.122933e-06 -4.176581e-05 2.771216e-05 8.029704e-05
12157.421689 7.080194e-01 9.454122e-01 3.400164e-01 7.035733e-01 -2.491607e-06 -3.840104e-05 1.967356e-05 7.264139e-05
12161.231716 7.080119e-01 9.468322e-01 3.406508e-01 7.048914e-01 -1.002660e-05 -4.280097e-05 1.097413e-05 7.584811e-05
12165.053934 7.074591e-01 9.473740e-01 3.408369e-01 7.048286e-01 -9.683687e-06 -4.505536e-05 1.784056e-05 7.198824e-05
12168.888344 7.057525e-01 9.466503e-01 3.407621e-01 7.038839e-01 -6.964850e-06 -4.784465e-05 2.901986e-05 7.591561e-05
12172.734946 7.039427e-01 9.457010e-01 3.405638e-01 7.028993e-01 -9.644285e-06 -4.748867e-05 1.456254e-05 8.048240e-05
12176.593740 7.051631e-01 9.487273e-01 3.419569e-01 7.044016e-01 -2.767983e-06 -4.708001e-05 2.165246e-06 7.254950e-05
12180.464726 7.045491e-01 9.493100e-01 3.424979e-01 7.034938e-01 -7.879905e-06 -4.745762e-05 3.430852e-06 6.665530e-05
12184.347903 7.037002e-01 9.496631e-01 3.431664e-01 7.038052e-01 -6.980154e-06 -4.283307e-05 -5.284157e-06 7.315591e-05
12188.243273 7.021879e-01 9.490208e-01 3.436153e-01 7.029728e-01 3.355736e-06 -4.105042e-05 -6.896991e-06 6.653210e-05
12192.150835 7.025682e-01 9.510106e-01 3.451425e-01 7.038116e-01 5.985723e-07 -3.841256e-05 8.303703e-08 8.071740e-05
12196.070588 7.014236e-01 9.510162e-01 3.462050e-01 7.028702e-01 2.135674e-06 -3.845335e-05 7.731441e-06 7.346196e-05
12200.002533 7.015867e-01 9.527258e-01 3.481406e-01 7.021015e-01 2.734724e-06 -3.846854e-05 2.031942e-05 7.282426e-05
12203.946671 7.011199e-01 9.535841e-01 3.499434e-01 7.025240e-01 3.117841e-06 -4.439205e-05 1.561597e-05 7.750932e-05
12207.903000 7.001341e-01 9.537193e-01 3.516680e-01 7.011313e-01 6.350249e-06 -4.375174e-05 1.189173e-05 7.348681e-05
12211.871521 6.989564e-01 9.536505e-01 3.534724e-01 7.014794e-01 6.512102e-06 -4.181057e-05 7.447811e-06 7.441411e-05
12215.852234 6.988872e-01 9.550648e-01 3.558321e-01 7.011417e-01 6.800734e-06 -2.999338e-05 -5.821210e-07 7.519554e-05
12219.845139 6.971319e-01 9.542594e-01 3.573089e-01 6.991981e-01 7.774984e-06 -2.915010e-05 -5.378903e-06 8.154311e-05
12223.850236 6.976475e-01 9.566401e-01 3.597533e-01 6.995920e-01 3.872144e-06 -3.138955e-05 -1.470674e-05 8.448842e-05
12227.867524 6.968264e-01 9.570581e-01 3.612663e-01 7.002695e-01 -2.584608e-07 -2.179923e-05 -1.417982e-05 8.921092e-05
12231.897005 6.953579e-01 9.565411e-01 3.623083e-01 6.982771e-01 4.951455e-06 -2.005297e-05 -1.440231e-05 9.059932e-05
12235.938678 6.947822e-01 9.571508e-01 3.639173e-01 6.978120e-01 -1.698584e-06 -2.210110e-05 -5.964283e-06 7.966462e-05
12239.992542 6.939554e-01 9.576010e-01 3.654688e-01 6.966346e-01 -1.745010e-06 -2.616635e-05 -1.149834e-05 8.323813e-05
12244.058598 6.933089e-01 9.583190e-01 3.670102e-01 6.965852e-01 -8.512183e-06 -3.014539e-05 -6.345911e-07 9.378841e-05
12248.136847 6.932267e-01 9.599032e-01 3.690956e-01 6.966640e-01 -1.488534e-05 -2.762856e-05 -4.903402e-06 8.385045e-05
12252.227287 6.880653e-01 9.544229e-01 3.684047e-01 6.923694e-01 -1.122637e-05 -2.249076e-05 2.630774e-06 7.644118e-05
12256.329919 6.761351e-01 9.394795e-01 3.640978e-01 6.807011e-01 -9.439139e-06 -2.544148e-05 -1.042860e-06 7.233155e-05
12260.444743 6.871102e-01 9.559297e-01 3.722714e-01 6.911910e-01 -4.489153e-06 -2.934335e-05 -6.643732e-06 7.282012e-05
12264.571759 6.887893e-01 9.599667e-01 3.749662e-01 6.938267e-01 -2.685707e-06 -3.427818e-05 -8.553910e-06 7.161725e-05
12268.710967 6.891371e-01 9.620031e-01 3.765669e-01 6.951643e-01 -8.217130e-06 -3.722270e-05 -1.616551e-07 7.688031e-05
12272.862366 6.892235e-01 9.636512e-01 3.779738e-01 6.950817e-01 -1.463408e-06 -3.828399e-05 3.763743e-06 8.728846e-05
12277.025958 6.881697e-01 9.636633e-01 3.783437e-01 6.941885e-01 -6.533970e-07 -4.925311e-05 -8.059974e-06 7.076160e-05
12281.201742 6.870320e-01 9.636881e-01 3.785745e-01 6.939464e-01 4.778339e-06 -4.212998e-05 -8.651744e-06 7.316251e-05
12285.389717 6.859320e-01 9.636253e-01 3.785527e-01 6.924155e-01 5.058343e-06 -3.393493e-05 -6.366420e-06 7.141538e-05
12289.589884 6.852349e-01 9.642148e-01 3.786659e-01 6.936061e-01 2.225784e-06 -3.505925e-05 -4.095461e-06 7.564774e-05
12293.802244 6.849131e-01 9.652025e-01 3.790999e-01 6.934795e-01 5.892917e-07 -4.055521e-05 7.130663e-06 7.597882e-05
12298.026795 6.721183e-01 9.489522e-01 3.725077e-01 6.807672e-01 -5.763002e-06 -3.405718e-05 3.410671e-06 7.608445e-05
12302.263538 6.745528e-01 9.536668e-01 3.749175e-01 6.849605e-01 2.729402e-06 -3.638112e-05 -5.389586e-06 7.039895e-05
12306.512473 6.821434e-01 9.660010e-01 3.805021e-01 6.926975e-01 8.415270e-06 -3.286913e-05 -1.700039e-06 7.125589e-05
12310.773600 6.815905e-01 9.667307e-01 3.816894e-01 6.926716e-01 8.988708e-06 -3.446889e-05 3.328113e-07 6.441205e-05
12315.046919 6.815428e-01 9.681785e-01 3.835853e-01 6.925898e-01 6.988817e-06 -3.054757e-05 1.331347e-06 7.170029e-05
12319.332429 6.813956e-01 9.696033e-01 3.853903e-01 6.919952e-01 3.504942e-06 -3.223907e-05 4.137235e-06 7.240635e-05
12323.630132 6.809893e-01 9.705546e-01 3.875825e-01 6.926256e-01 -3.689129e-06 -3.254280e-05 1.561182e-05 6.551324e-05
12327.940026 6.802328e-01 9.712317e-01 3.897786e-01 6.927132e-01 -2.083429e-06 -4.077549e-05 6.118820e-06 5.704598e-05
12332.262113 6.798340e-01 9.723082e-01 3.924176e-01 6.918925e-01 7.322480e-06 -2.749745e-05 -4.127511e-06 5.898813e-05
12336.596391 6.791427e-01 9.730077e-01 3.948463e-01 6.917398e-01 4.884938e-06 -2.955725e-05 -5.819432e-06 7.555841e-05
12340.942861 6.786557e-01 9.740118e-01 3.972333e-01 6.912033e-01 -2.623861e-06 -2.473496e-05 -1.062638e-05 7.556328e-05
12345.301524 6.780723e-01 9.748240e-01 3.995441e-01 6.913645e-01 2.343745e-06 -1.760657e-05 -8.955367e-06 7.837370e-05
12349.672378 6.771736e-01 9.751656e-01 4.013168e-01 6.904583e-01 2.076348e-06 -1.838301e-05 -5.029868e-06 7.728412e-05
12354.055424 6.755136e-01 9.744212e-01 4.024301e-01 6.879871e-01 -7.504142e-07 -8.629149e-06 -5.305441e-06 7.265685e-05
12358.450662 6.755629e-01 9.761092e-01 4.046786e-01 6.887109e-01 -1.839837e-06 -1.711409e-05 -3.059772e-06 7.065295e-05
12362.858091 6.751869e-01 9.772104e-01 4.064218e-01 6.881061e-01 5.109420e-06 -2.286314e-05 -6.685637e-06 6.728653e-05
12367.277713 6.736001e-01 9.766506e-01 4.073818e-01 6.870430e-01 -1.455927e-06 -2.765738e-05 -6.884230e-06 6.222863e-05
12371.709527 6.741858e-01 9.790638e-01 4.098488e-01 6.882534e-01 -1.022905e-08 -2.964928e-05 9.591407e-07 6.360451e-05
12376.153532 6.735969e-01 9.798145e-01 4.116217e-01 6.892093e-01 -7.937103e-06 -2.136248e-05 1.295363e-05 7.406062e-05
12380.609730 6.725232e-01 9.799498e-01 4.130473e-01 6.872114e-01 -4.895693e-06 -2.235981e-05 7.722426e-06 7.293716e-05
12385.078119 6.717587e-01 9.805803e-01 4.144613e-01 6.876105e-01 -4.346238e-06 -3.122643e-05 8.200439e-06 7.575103e-05
12389.558700 6.712514e-01 9.814840e-01 4.163281e-01 6.873877e-01 -9.474676e-07 -2.111515e-05 -1.240384e-07 7.332597e-05
12394.051473 6.703413e-01 9.818553e-01 4.177131e-01 6.863587e-01 2.150615e-06 -1.829401e-05 -6.923624e-06 7.482693e-05
12398.556438 6.693529e-01 9.820167e-01 4.189177e-01 6.871440e-01 -6.991240e-06 -1.918006e-05 4.431819e-06 7.170568e-05
12403.073595 6.688157e-01 9.829369e-01 4.205134e-01 6.863545e-01 -3.455392e-06 -2.295723e-05 2.340816e-06 6.132631e-05
12407.602944 6.677266e-01 9.829704e-01 4.215016e-01 6.859102e-01 -9.924679e-07 -2.195738e-05 1.612029e-05 6.527119e-05
12412.144485 6.668103e-01 9.832682e-01 4.224178e-01 6.848281e-01 1.290663e-06 -1.888348e-05 1.437953e-05 7.020896e-05
12416.698218 6.650536e-01 9.822885e-01 4.229048e-01 6.829463e-01 6.635058e-06 -2.033715e-05 1.337939e-05 7.568294e-05
12421.264142 6.627259e-01 9.806404e-01 4.229787e-01 6.817622e-01 1.430566e-05 -2.096854e-05 1.339421e-05 7.740754e-05
12425.842259 6.639435e-01 9.840767e-01 4.253081e-01 6.841385e-01 1.317074e-05 -1.523244e-05 7.063560e-06 7.742617e-05
12430.432567 6.647885e-01 9.870067e-01 4.274013e-01 6.847574e-01 6.058142e-06 -1.089754e-05 -1.197178e-05 6.359777e-05
12435.035068 6.637058e-01 9.870494e-01 4.283167e-01 6.843457e-01 6.530960e-06 -1.419508e-05 2.543501e-06 6.440846e-05
12439.649760 6.628855e-01 9.874971e-01 4.293829e-01 6.834188e-01 1.404042e-05 -1.578394e-05 1.301955e-05 6.548194e-05
12444.276644 6.616250e-01 9.873447e-01 4.302705e-01 6.829887e-01 2.229819e-05 -1.262230e-05 9.124378e-07 6.624544e-05
12448.915720 6.603061e-01 9.869791e-01 4.313242e-01 6.819989e-01 7.676408e-06 -1.182741e-05 1.137756e-05 7.194684e-05
12453.566988 6.606348e-01 9.891057e-01 4.336246e-01 6.833149e-01 -1.979411e-06 -2.044037e-05 4.886755e-06 7.302872e-05
12458.230448 6.599450e-01 9.898229e-01 4.353011e-01 6.818628e-01 3.230843e-06 -2.508953e-05 4.263047e-06 7.258356e-05
12462.906100 6.598156e-01 9.913212e-01 4.375316e-01 6.822154e-01 7.910278e-06 -2.293717e-05 1.126543e-05 6.987653e-05
12467.593943 6.588587e-01 9.916249e-01 4.393426e-01 6.832595e-01 1.119249e-05 -1.998113e-05 1.838339e-05 7.054275e-05
12472.293979 6.573996e-01 9.911787e-01 4.409604e-01 6.814247e-01 8.924947e-06 -2.557238e-05 3.925111e-06 8.699532e-05
12477.006206 6.570482e-01 9.923325e-01 4.434096e-01 6.808203e-01 7.140566e-06 -2.377130e-05 1.591516e-06 8.937984e-05
12481.730626 6.570792e-01 9.941423e-01 4.461977e-01 6.806740e-01 2.018312e-05 -2.571646e-05 3.346957e-06 8.177767e-05
12486.467237 6.565317e-01 9.950512e-01 4.485446e-01 6.808560e-01 2.712030e-05 -2.412341e-05 8.154876e-06 7.831511e-05
12491.216040 6.554770e-01 9.951191e-01 4.506569e-01 6.803064e-01 2.506493e-05 -1.931112e-05 9.402991e-06 7.896648e-05
12495.977036 6.540502e-01 9.947841e-01 4.525010e-01 6.790942e-01 1.411516e-05 -2.195042e-05 9.403117e-06 7.653694e-05
12500.750223 6.512877e-01 9.923514e-01 4.532570e-01 6.768774e-01 1.279122e-05 -2.494483e-05 7.398646e-06 8.301818e-05
12505.535602 6.530766e-01 9.967605e-01 4.571403e-01 6.777337e-01 9.788660e-06 -3.434720e-05 1.055564e-05 7.593256e-05
12510.333172 6.535522e-01 9.992665e-01 4.600554e-01 6.782855e-01 1.071251e-05 -4.061778e-05 1.453053e-05 8.031054e-05
12515.142935 6.528287e-01 9.999591e-01 4.620092e-01 6.782603e-01 3.949003e-06 -4.110569e-05 9.501285e-06 7.723606e-05
12519.964890 6.519421e-01 1.000301e+00 4.635982e-01 6.776972e-01 -2.093165e-06 -4.275717e-05 1.134415e-05 6.857683e-05
12524.799037 6.510629e-01 1.000743e+00 4.652185e-01 6.773639e-01 -5.992330e-06 -3.571951e-05 1.158468e-05 6.754936e-05
12529.645375 6.450647e-01 9.932516e-01 4.630889e-01 6.710024e-01 -1.643684e-05 -4.168470e-05 7.819830e-06 6.448562e-05
12534.503905 3.331641e-01 5.136322e-01 2.399633e-01 3.468933e-01 -1.638667e-06 -1.818920e-05 -3.490395e-07 3.802204e-05
12539.374628 6.496223e-03 1.001862e-02 4.683698e-03 6.768320e-03 1.097019e-08 -3.299329e-07 -2.485776e-08 7.822696e-07
