# Facility: NSLS-II
# Beamline: QAS
# Year: 2023
# Cycle: 3
# SAF: 312215
# PI: Reece
# Proposal: 313586
# Scan ID: 270779
# UID: 309260f1-4edf-4e05-9618-16c9d54bfb29
# Comment: Zn filter 3 um
# Start time: 10/18/2023  12:22:00
# Stop time: 10/18/2023  12:22:32
# Total time: 00:31
# Trajectory name: Pt-L3-30s-11564.txt
# Element: Platinum ( 78)
# Edge: L3
# E0: 11564
# Reference Foil Element: Pt
# Keithley Gains I0: 1E6 V/A It: 1E6 V/A Iref: 1E7 V/A PIPS: 1E8 V/A 
# Ion Chamber Gas Flow Rates: I0: 0.00 sccm He + 189.60 sccm N2 + 9.80 sccm Ar 
# Ion Chamber Gas Flow Rates: It&Iref: 39.70 sccm N2 + 60.10 sccm Ar
# Incident Beam Path Vertical: 31.75 mm
# Incident Slits Positions B: TOP: 2.0 mm Bottom: 1.0 mm Inboard: 0.57675 mm Outboard: 1.57675 mm
# Sample Stage Positions: Rotation: 45.0 deg Horizontal: -10.22 mm Vertical: 15.30 mm Beam Direction: 0.00 mm
# PerkinElmer Vertical Position: 500.00 mm
# Linkam Oven Temperature : 3.03 C and Ramp Rate: 20.00 C/min.
# Front End Mirror Horizontal Positions: Up: -14.00 mm Down: -14.00 mm
#
# energy  i0  it  ir  iff  aux1  aux2  aux3  aux4
11380.425245 4.221503e-01 4.529280e-01 5.885678e-01 8.718487e-02 2.052368e-06 -1.329234e-05 1.367989e-05 1.543915e-05
11385.425245 8.295101e-01 8.912568e-01 1.159839e+00 1.722412e-01 -2.409087e-06 -2.587186e-05 2.727237e-05 3.962158e-05
11390.425245 8.353121e-01 8.993966e-01 1.173320e+00 1.729519e-01 -4.381918e-06 -2.815322e-05 2.849812e-05 3.741946e-05
11395.425245 8.429947e-01 9.101735e-01 1.190711e+00 1.738538e-01 -4.629825e-06 -2.504278e-05 2.869769e-05 3.230641e-05
11400.425245 8.415441e-01 9.109353e-01 1.194363e+00 1.745325e-01 -4.303026e-06 -2.606150e-05 2.390385e-05 2.061427e-05
11405.425245 8.394064e-01 9.107814e-01 1.197138e+00 1.743229e-01 -1.795980e-06 -3.586024e-05 2.870808e-05 3.053071e-05
11410.425245 8.371727e-01 9.105530e-01 1.199711e+00 1.745958e-01 -9.190956e-07 -3.392188e-05 2.974428e-05 2.218376e-05
11415.425245 8.288782e-01 9.034844e-01 1.193059e+00 1.732080e-01 2.298376e-06 -3.482447e-05 3.275494e-05 1.798387e-05
11420.425245 8.282572e-01 9.048291e-01 1.197816e+00 1.739080e-01 2.745048e-06 -2.625733e-05 2.733323e-05 2.872517e-05
11425.425245 8.354352e-01 9.149619e-01 1.214774e+00 1.759721e-01 7.513014e-06 -1.912524e-05 2.499921e-05 2.668834e-05
11430.425245 8.368070e-01 9.187839e-01 1.222801e+00 1.766241e-01 4.096718e-06 -2.727865e-05 3.288797e-05 3.212351e-05
11435.425245 8.349838e-01 9.188232e-01 1.225980e+00 1.766850e-01 -1.085861e-06 -2.804667e-05 3.775080e-05 4.726230e-05
11440.425245 8.340573e-01 9.199156e-01 1.230414e+00 1.767981e-01 -4.275514e-06 -3.084208e-05 2.834867e-05 5.009070e-05
11445.425245 8.332282e-01 9.212539e-01 1.235244e+00 1.774408e-01 -3.120733e-06 -3.336210e-05 3.468832e-05 5.356127e-05
11450.425245 8.318375e-01 9.219441e-01 1.238974e+00 1.775387e-01 5.976663e-06 -3.678484e-05 3.387959e-05 6.000612e-05
11455.425245 8.309650e-01 9.231534e-01 1.243574e+00 1.776585e-01 7.328944e-06 -2.811399e-05 3.122402e-05 5.956143e-05
11460.425245 8.292730e-01 9.233225e-01 1.246759e+00 1.781992e-01 8.602675e-06 -2.930265e-05 3.239052e-05 5.160955e-05
11465.425245 8.285467e-01 9.246011e-01 1.251308e+00 1.787961e-01 4.726949e-06 -2.930149e-05 2.406029e-05 4.913964e-05
11470.425245 8.277152e-01 9.257796e-01 1.255831e+00 1.788287e-01 7.305069e-06 -2.486970e-05 2.088477e-05 4.859036e-05
11475.425245 8.259716e-01 9.259840e-01 1.258808e+00 1.790687e-01 8.861824e-06 -2.741887e-05 2.598156e-05 4.316467e-05
11480.425245 8.251275e-01 9.273256e-01 1.263201e+00 1.799281e-01 3.500162e-06 -4.189620e-05 1.442846e-05 4.036053e-05
11485.425245 8.251223e-01 9.295365e-01 1.268765e+00 1.806215e-01 -5.306373e-06 -4.031633e-05 1.768033e-05 3.430764e-05
11490.425245 8.241070e-01 9.305484e-01 1.272348e+00 1.813278e-01 -5.890084e-06 -3.603856e-05 1.513239e-05 3.840450e-05
11495.425245 8.228424e-01 9.311803e-01 1.275417e+00 1.814872e-01 -1.542893e-06 -4.041683e-05 1.374841e-05 2.812393e-05
11500.425245 8.216964e-01 9.319209e-01 1.278453e+00 1.825664e-01 -1.159658e-05 -3.039525e-05 1.638676e-05 2.806664e-05
11505.425245 8.204872e-01 9.327525e-01 1.281062e+00 1.832347e-01 -5.360769e-06 -2.990730e-05 2.189910e-05 2.794612e-05
11510.425245 8.199970e-01 9.342233e-01 1.284267e+00 1.845455e-01 1.792433e-06 -3.114077e-05 2.255806e-05 2.288827e-05
11515.425245 8.187576e-01 9.347974e-01 1.285253e+00 1.854606e-01 5.193116e-06 -3.112955e-05 1.163139e-05 1.476265e-05
11520.425245 8.184356e-01 9.364411e-01 1.286917e+00 1.870250e-01 -2.773907e-06 -3.623442e-05 1.986530e-05 6.412838e-06
11525.425245 8.175078e-01 9.373783e-01 1.286338e+00 1.890799e-01 -7.051341e-06 -4.503370e-05 1.623335e-05 6.488998e-06
11530.425245 8.171039e-01 9.387397e-01 1.284627e+00 1.917663e-01 -3.255371e-06 -5.194229e-05 2.186735e-05 1.462072e-05
11534.000000 8.158405e-01 9.385391e-01 1.279679e+00 1.933963e-01 1.548597e-06 -4.577648e-05 1.907339e-05 8.941506e-06
11535.000000 8.161587e-01 9.392195e-01 1.279029e+00 1.948409e-01 8.202982e-07 -4.537156e-05 1.144626e-05 4.655496e-06
11536.000000 8.167985e-01 9.403095e-01 1.278744e+00 1.954378e-01 -1.694005e-06 -4.345015e-05 7.470969e-06 1.126412e-05
11537.000000 8.155783e-01 9.390699e-01 1.275086e+00 1.958065e-01 -7.929049e-06 -4.346381e-05 1.790070e-05 1.095734e-05
11538.000000 8.148546e-01 9.386269e-01 1.271811e+00 1.969803e-01 -9.825329e-06 -3.864067e-05 2.513939e-05 1.345119e-06
11539.000000 8.160627e-01 9.403122e-01 1.271764e+00 1.981798e-01 -8.670311e-06 -3.560594e-05 3.421549e-05 6.352816e-06
11540.000000 8.152702e-01 9.396450e-01 1.267870e+00 1.977405e-01 5.184333e-07 -3.649771e-05 2.743168e-05 3.560792e-06
11541.000000 8.144612e-01 9.389876e-01 1.263917e+00 1.995063e-01 2.708281e-07 -3.305970e-05 3.279730e-05 1.986512e-06
11541.200000 8.175222e-01 9.426518e-01 1.267893e+00 2.005268e-01 -2.258324e-06 -3.015890e-05 3.406357e-05 1.133957e-05
11541.400000 8.214196e-01 9.469582e-01 1.273158e+00 2.021145e-01 -6.701925e-06 -2.658481e-05 3.250102e-05 -8.119443e-07
11541.600000 8.103856e-01 9.347236e-01 1.255812e+00 2.016570e-01 -6.237580e-07 -2.715089e-05 3.086795e-05 6.065668e-06
11541.800000 8.155737e-01 9.409208e-01 1.263269e+00 1.997382e-01 -8.515518e-06 -3.665020e-05 2.723351e-05 9.766073e-07
11542.000000 8.161685e-01 9.412571e-01 1.263653e+00 2.012414e-01 5.971312e-06 -3.331159e-05 2.717663e-05 4.481895e-06
11542.200000 8.111740e-01 9.354896e-01 1.254764e+00 2.016414e-01 -1.410920e-06 -2.541657e-05 2.136417e-05 5.520357e-06
11542.400000 8.120376e-01 9.368875e-01 1.255981e+00 1.999471e-01 8.525596e-06 -2.464855e-05 9.736030e-06 4.034902e-06
11542.600000 8.200271e-01 9.457038e-01 1.267466e+00 2.014318e-01 -1.516613e-06 -2.565405e-05 5.261700e-06 9.975001e-06
11542.800000 8.142072e-01 9.389861e-01 1.257281e+00 2.013978e-01 -1.232166e-05 -2.275953e-05 2.351386e-05 1.334793e-05
11543.000000 8.155424e-01 9.408688e-01 1.259386e+00 2.032198e-01 8.886893e-06 -2.561255e-05 2.065568e-05 1.958729e-05
11543.200000 8.103420e-01 9.346538e-01 1.249698e+00 2.003500e-01 -6.078354e-06 -2.509496e-05 1.201436e-05 9.445986e-06
11543.400000 8.085144e-01 9.327984e-01 1.245471e+00 2.015134e-01 7.283939e-06 -1.468811e-05 2.252177e-05 9.366139e-06
11543.600000 8.111694e-01 9.356367e-01 1.249152e+00 2.030633e-01 2.288315e-07 -1.553886e-05 -3.659928e-06 3.893776e-06
11543.800000 8.163321e-01 9.418780e-01 1.256421e+00 2.066291e-01 -1.135980e-05 -1.862993e-05 6.477130e-06 8.811915e-06
11544.000000 8.102302e-01 9.351299e-01 1.247040e+00 2.043795e-01 1.339327e-06 -2.304113e-05 1.773163e-05 1.113828e-05
11544.200000 8.211243e-01 9.475899e-01 1.261611e+00 2.083667e-01 -6.152389e-07 -1.901853e-05 2.341747e-05 2.252977e-05
11544.400000 8.112530e-01 9.362801e-01 1.245688e+00 2.031376e-01 1.449156e-05 -2.596341e-05 2.707742e-05 6.123704e-06
11544.600000 8.165068e-01 9.421468e-01 1.252479e+00 2.040191e-01 2.792175e-06 -1.955642e-05 2.224692e-05 2.120593e-05
11544.800000 8.103969e-01 9.354182e-01 1.242123e+00 2.058787e-01 1.589489e-05 -2.386319e-05 1.718800e-05 1.929725e-05
11545.000000 8.125510e-01 9.380337e-01 1.243893e+00 2.056044e-01 -4.646264e-06 -3.749316e-05 2.236202e-05 1.852259e-05
11545.200000 8.160280e-01 9.415886e-01 1.248578e+00 2.081652e-01 -7.984286e-07 -3.287220e-05 8.923581e-06 5.232800e-06
11545.400000 8.197920e-01 9.460933e-01 1.253920e+00 2.096294e-01 -2.356404e-06 -3.499268e-05 2.038463e-05 1.145123e-05
11545.600000 8.123340e-01 9.374442e-01 1.241010e+00 2.063658e-01 -1.237230e-05 -3.005845e-05 2.309305e-05 2.475118e-05
11545.800000 8.128026e-01 9.382708e-01 1.240881e+00 2.069815e-01 -2.113424e-06 -2.704737e-05 2.233194e-05 3.372378e-05
11546.000000 8.159820e-01 9.417543e-01 1.243382e+00 2.085450e-01 -1.062232e-05 -3.097463e-05 3.020857e-07 2.778149e-05
11546.200000 8.164058e-01 9.423542e-01 1.243590e+00 2.078472e-01 6.540446e-06 -2.788216e-05 -6.177863e-06 2.993235e-05
11546.400000 8.150662e-01 9.412680e-01 1.240361e+00 2.073597e-01 4.953029e-06 -2.088615e-05 3.761260e-06 2.555637e-05
11546.600000 8.162607e-01 9.420946e-01 1.240091e+00 2.125865e-01 7.251627e-06 -1.427588e-05 3.545278e-06 2.517381e-05
11546.800000 8.053541e-01 9.294745e-01 1.222318e+00 2.054472e-01 5.340302e-06 -2.465098e-05 -3.356003e-06 2.068644e-05
11547.000000 8.202790e-01 9.468015e-01 1.243316e+00 2.131617e-01 1.027895e-05 -2.831788e-05 2.210683e-06 2.458672e-05
11547.200000 8.105472e-01 9.355087e-01 1.227485e+00 2.094970e-01 4.850568e-06 -2.890256e-05 9.273344e-06 2.286734e-05
11547.400000 8.093797e-01 9.345046e-01 1.224794e+00 2.094407e-01 -9.236332e-06 -2.294602e-05 1.128656e-05 1.150689e-05
11547.600000 8.161260e-01 9.419749e-01 1.233025e+00 2.095411e-01 4.069514e-06 -3.406183e-05 1.403980e-05 2.752056e-06
11547.800000 8.141368e-01 9.401468e-01 1.228210e+00 2.112191e-01 -1.180143e-07 -3.606019e-05 1.139231e-05 9.478262e-06
11548.000000 8.115575e-01 9.368407e-01 1.222742e+00 2.124564e-01 2.005423e-05 -3.441312e-05 1.537200e-05 2.412514e-05
11548.200000 8.145540e-01 9.404657e-01 1.225774e+00 2.141982e-01 5.942898e-06 -3.036796e-05 4.611915e-07 1.390835e-05
11548.400000 8.149435e-01 9.409219e-01 1.224484e+00 2.156500e-01 1.006162e-05 -2.672488e-05 1.385877e-05 2.085757e-05
11548.600000 8.048101e-01 9.290197e-01 1.206533e+00 2.154107e-01 -2.795474e-06 -2.815984e-05 -5.551334e-06 1.223892e-05
11548.800000 8.148709e-01 9.409205e-01 1.220361e+00 2.117947e-01 -5.545099e-06 -2.866493e-05 -3.109321e-06 2.419111e-05
11549.000000 8.153187e-01 9.414870e-01 1.219782e+00 2.157092e-01 -5.789071e-06 -3.459582e-05 6.915641e-06 1.727989e-05
11549.200000 8.148334e-01 9.409642e-01 1.216187e+00 2.199835e-01 -1.751591e-05 -4.264796e-05 3.217456e-06 2.240259e-05
11549.400000 8.038939e-01 9.282222e-01 1.197189e+00 2.131719e-01 -9.775268e-06 -4.491032e-05 -4.827232e-06 1.400101e-05
11549.600000 8.242311e-01 9.516923e-01 1.226430e+00 2.197787e-01 -6.523405e-06 -5.756381e-05 -3.644704e-06 2.561818e-05
11549.800000 7.900000e-01 9.118009e-01 1.173818e+00 2.131608e-01 1.845510e-06 -6.348575e-05 1.362012e-05 3.085554e-05
11550.000000 8.204354e-01 9.473136e-01 1.216867e+00 2.200409e-01 -1.172560e-05 -5.603023e-05 1.542183e-05 3.088604e-05
11550.200000 8.127706e-01 9.387038e-01 1.202637e+00 2.217845e-01 1.310535e-05 -5.348345e-05 1.590447e-05 2.071719e-05
11550.400000 8.130194e-01 9.387839e-01 1.200647e+00 2.199466e-01 -9.224693e-06 -4.891975e-05 2.636802e-05 1.293898e-05
11550.600000 8.105412e-01 9.357737e-01 1.194609e+00 2.202336e-01 4.898030e-06 -4.597592e-05 9.851588e-06 -4.216052e-06
11550.800000 8.202668e-01 9.471785e-01 1.206432e+00 2.221235e-01 -7.555985e-06 -3.942767e-05 6.607961e-06 1.011896e-06
11551.000000 8.177558e-01 9.440178e-01 1.199642e+00 2.255302e-01 -9.165656e-06 -3.853171e-05 6.974086e-06 2.738247e-06
11551.200000 8.194553e-01 9.462527e-01 1.199520e+00 2.272635e-01 -8.725213e-06 -3.880763e-05 5.607655e-06 7.169557e-06
11551.400000 7.892760e-01 9.108918e-01 1.151188e+00 2.154194e-01 -1.365957e-05 -4.965619e-05 -1.988338e-06 1.597863e-05
11551.600000 8.207672e-01 9.475386e-01 1.194853e+00 2.245531e-01 -2.619279e-05 -3.706960e-05 5.551596e-06 2.815518e-05
11551.800000 8.105381e-01 9.354063e-01 1.176083e+00 2.264372e-01 -1.460643e-05 -3.645057e-05 1.659113e-05 3.517193e-05
11552.000000 8.136438e-01 9.396553e-01 1.178322e+00 2.262034e-01 -2.018985e-05 -2.533963e-05 2.652207e-05 3.456130e-05
11552.200000 8.126346e-01 9.378057e-01 1.172775e+00 2.268182e-01 -1.544376e-05 -2.681252e-05 3.387845e-05 3.164177e-05
11552.400000 8.146346e-01 9.402815e-01 1.172665e+00 2.298302e-01 -1.071550e-05 -3.257572e-05 3.151068e-05 2.259700e-05
11552.600000 8.145055e-01 9.399911e-01 1.168702e+00 2.312434e-01 2.535728e-06 -3.728034e-05 2.345131e-05 1.705704e-05
11552.800000 8.060492e-01 9.301038e-01 1.151937e+00 2.295143e-01 6.012739e-06 -4.028854e-05 3.179929e-05 2.706687e-05
11553.000000 8.179213e-01 9.435021e-01 1.166019e+00 2.334589e-01 -5.217794e-06 -2.513347e-05 2.565552e-05 2.429008e-05
11553.200000 8.107415e-01 9.352065e-01 1.151746e+00 2.333403e-01 -3.611451e-06 -1.685784e-05 1.508502e-05 6.233113e-06
11553.400000 8.137501e-01 9.386815e-01 1.151709e+00 2.333928e-01 -1.748315e-06 -2.695415e-05 8.948143e-06 8.959633e-06
11553.600000 8.084051e-01 9.325100e-01 1.139892e+00 2.332533e-01 -4.457591e-06 -3.184136e-05 -1.252327e-06 1.502056e-05
11553.800000 8.163554e-01 9.416371e-01 1.146140e+00 2.374338e-01 -2.228650e-06 -3.772688e-05 -1.020102e-07 2.466444e-05
11554.000000 8.156020e-01 9.411851e-01 1.141140e+00 2.389586e-01 -1.097845e-05 -3.699854e-05 1.371061e-05 4.113001e-05
11554.200000 8.142486e-01 9.389617e-01 1.133974e+00 2.408690e-01 -1.472111e-05 -3.336686e-05 5.859373e-06 2.830483e-05
11554.400000 8.042798e-01 9.272990e-01 1.114904e+00 2.396788e-01 -1.783259e-05 -3.334816e-05 6.068849e-06 2.538791e-05
11554.600000 8.132154e-01 9.374144e-01 1.121863e+00 2.422381e-01 -3.629404e-06 -3.572186e-05 3.305413e-06 2.679681e-05
11554.800000 8.111864e-01 9.347137e-01 1.113564e+00 2.441147e-01 -7.006224e-06 -3.838302e-05 1.665912e-05 3.736779e-05
11555.000000 8.154522e-01 9.399208e-01 1.113398e+00 2.483674e-01 -3.283484e-06 -4.310149e-05 1.245138e-05 3.152900e-05
11555.200000 8.081769e-01 9.311805e-01 1.097167e+00 2.446933e-01 -1.795047e-05 -4.251299e-05 7.585721e-06 1.772948e-05
11555.400000 8.103950e-01 9.336815e-01 1.094583e+00 2.476421e-01 -9.295932e-06 -4.512480e-05 1.006585e-05 2.550500e-05
11555.600000 8.139695e-01 9.373428e-01 1.092669e+00 2.510222e-01 -1.939151e-05 -5.338423e-05 -1.140360e-05 2.629751e-05
11555.800000 8.107838e-01 9.335653e-01 1.081387e+00 2.496296e-01 -1.494264e-05 -5.502438e-05 1.069926e-05 2.626756e-05
11556.000000 8.159297e-01 9.395705e-01 1.080600e+00 2.559706e-01 -2.134373e-05 -4.912123e-05 8.557880e-07 2.851337e-05
11556.200000 8.084104e-01 9.302443e-01 1.062245e+00 2.536796e-01 -9.853180e-06 -5.382987e-05 1.460863e-05 2.857893e-05
11556.400000 8.149108e-01 9.376313e-01 1.065223e+00 2.604498e-01 -6.020688e-06 -4.687352e-05 1.885293e-05 2.263164e-05
11556.600000 8.121389e-01 9.346452e-01 1.052564e+00 2.609935e-01 3.564178e-07 -4.606695e-05 1.026863e-05 2.232393e-05
11556.800000 8.154433e-01 9.377556e-01 1.048158e+00 2.636913e-01 -1.569032e-05 -4.942957e-05 1.076200e-05 9.255969e-06
11557.000000 8.130662e-01 9.349019e-01 1.036012e+00 2.666574e-01 -7.618471e-06 -4.105771e-05 1.001236e-05 1.398960e-05
11557.200000 8.123156e-01 9.336656e-01 1.025980e+00 2.714875e-01 -1.274048e-05 -3.955922e-05 -1.225828e-06 1.032720e-05
11557.400000 8.124402e-01 9.336431e-01 1.016198e+00 2.727793e-01 -9.641570e-06 -5.001624e-05 -8.746847e-06 1.178775e-05
11557.600000 8.149296e-01 9.356922e-01 1.008500e+00 2.777926e-01 -7.507749e-06 -5.896063e-05 -3.180445e-06 1.845268e-05
11557.800000 8.135745e-01 9.338656e-01 9.960800e-01 2.800649e-01 -1.547291e-06 -6.146338e-05 1.488334e-05 1.172543e-05
11558.000000 8.167994e-01 9.371983e-01 9.884522e-01 2.841239e-01 -9.326759e-06 -4.737249e-05 1.810081e-05 1.396690e-05
11558.200000 8.096766e-01 9.288292e-01 9.683124e-01 2.836592e-01 4.314826e-06 -3.760522e-05 7.849776e-06 3.127367e-05
11558.400000 8.134782e-01 9.324998e-01 9.605229e-01 2.877463e-01 1.129174e-05 -2.630432e-05 3.244774e-06 2.031935e-05
11558.600000 8.097132e-01 9.277880e-01 9.427090e-01 2.916021e-01 2.703029e-06 -3.590140e-05 5.833407e-06 3.115637e-05
11558.800000 8.142987e-01 9.320811e-01 9.330693e-01 2.972523e-01 1.277351e-05 -4.433601e-05 2.620582e-06 2.579264e-05
11559.000000 8.089761e-01 9.257797e-01 9.129422e-01 3.010428e-01 8.590943e-06 -4.083596e-05 -2.666736e-06 2.059873e-05
11559.200000 8.114512e-01 9.277314e-01 8.996718e-01 3.081887e-01 1.966345e-05 -4.384442e-05 1.527272e-05 2.133308e-05
11559.400000 8.132731e-01 9.294667e-01 8.873770e-01 3.116008e-01 1.455819e-05 -5.181198e-05 1.704057e-05 2.480653e-05
11559.600000 8.085041e-01 9.228045e-01 8.636607e-01 3.157064e-01 1.990104e-05 -4.841361e-05 1.371036e-05 2.185820e-05
11559.800000 8.160039e-01 9.308152e-01 8.540115e-01 3.261422e-01 5.667995e-06 -4.630397e-05 2.099870e-05 2.717176e-05
11560.000000 8.110812e-01 9.243036e-01 8.299929e-01 3.301578e-01 2.677320e-06 -4.344748e-05 2.188398e-05 1.941475e-05
11560.200000 8.139922e-01 9.266337e-01 8.134081e-01 3.401615e-01 8.372337e-06 -4.350146e-05 8.335646e-06 1.090877e-05
11560.400000 8.112145e-01 9.226153e-01 7.892885e-01 3.413791e-01 1.881171e-06 -4.322715e-05 1.249944e-05 6.251054e-06
11560.600000 8.112561e-01 9.209265e-01 7.655256e-01 3.498601e-01 6.552482e-06 -4.659840e-05 3.038143e-05 1.205002e-05
11560.800000 8.127529e-01 9.217056e-01 7.435209e-01 3.605574e-01 -2.375807e-06 -4.241770e-05 2.308844e-05 1.193368e-05
11561.000000 8.183375e-01 9.268103e-01 7.249740e-01 3.737278e-01 -1.297656e-07 -4.540413e-05 8.281330e-06 1.305868e-05
11561.200000 8.096720e-01 9.155791e-01 6.924435e-01 3.800934e-01 -8.569047e-06 -2.698386e-05 2.031589e-06 1.282175e-05
11561.400000 8.128517e-01 9.175925e-01 6.671098e-01 3.926699e-01 -1.576420e-05 -2.987153e-05 3.019394e-06 1.808541e-05
11561.600000 8.076992e-01 9.101334e-01 6.376480e-01 4.026998e-01 -1.147105e-05 -4.368892e-05 -2.906959e-06 1.811491e-05
11561.800000 8.163389e-01 9.178055e-01 6.151555e-01 4.167101e-01 4.594473e-06 -4.884847e-05 4.865616e-06 2.368549e-05
11562.000000 8.135730e-01 9.128408e-01 5.841287e-01 4.309689e-01 3.214447e-06 -4.233588e-05 2.252425e-05 7.348535e-06
11562.200000 8.092335e-01 9.059642e-01 5.522352e-01 4.396623e-01 7.051356e-06 -3.545827e-05 3.096503e-05 3.020083e-06
11562.400000 8.145713e-01 9.094495e-01 5.256449e-01 4.608700e-01 4.322916e-06 -3.934682e-05 2.858794e-05 3.909845e-06
11562.600000 8.065396e-01 8.981771e-01 4.909715e-01 4.708483e-01 -1.498706e-05 -3.516176e-05 2.853217e-05 1.914382e-05
11562.800000 8.129865e-01 9.027950e-01 4.649196e-01 4.973300e-01 -1.578909e-05 -3.268103e-05 1.266550e-05 1.803854e-05
11563.000000 8.138439e-01 9.007511e-01 4.342640e-01 5.125986e-01 -1.493923e-05 -4.665021e-05 3.513297e-05 5.035842e-06
11563.200000 8.078307e-01 8.907570e-01 3.990039e-01 5.319774e-01 -2.095721e-05 -4.755561e-05 2.855249e-05 1.841097e-05
11563.400000 8.107505e-01 8.913654e-01 3.725241e-01 5.538948e-01 -2.030785e-05 -4.462092e-05 2.886950e-05 1.240203e-05
11563.600000 8.133295e-01 8.906428e-01 3.460419e-01 5.791804e-01 -1.065225e-05 -4.403600e-05 3.612475e-05 5.543461e-06
11563.800000 8.099227e-01 8.835561e-01 3.175710e-01 5.964256e-01 -8.961418e-06 -3.533430e-05 3.011003e-05 7.409047e-06
11564.000000 8.145178e-01 8.850160e-01 2.931964e-01 6.254804e-01 -1.363268e-05 -3.728470e-05 3.565099e-05 7.548672e-06
11564.200000 8.129629e-01 8.798181e-01 2.686345e-01 6.492328e-01 -1.071305e-06 -4.650665e-05 3.831372e-05 1.511760e-05
11564.400000 8.076274e-01 8.704534e-01 2.453443e-01 6.692356e-01 1.362897e-05 -3.870118e-05 3.813674e-05 1.535295e-05
11564.600000 8.151113e-01 8.750263e-01 2.267021e-01 6.988576e-01 3.236217e-06 -3.992406e-05 2.527288e-05 1.252901e-05
11564.800000 8.112705e-01 8.668381e-01 2.068139e-01 7.218516e-01 1.336063e-06 -4.952719e-05 2.583061e-05 1.504988e-05
11565.000000 8.119218e-01 8.643172e-01 1.910174e-01 7.452723e-01 -1.377441e-06 -4.772432e-05 2.110846e-05 2.308417e-05
11565.200000 8.143654e-01 8.635466e-01 1.774901e-01 7.682308e-01 -1.317801e-05 -3.073398e-05 1.695813e-05 9.671081e-06
11565.400000 8.140108e-01 8.600650e-01 1.649364e-01 7.885703e-01 -1.015366e-05 -2.569111e-05 1.776419e-05 1.124461e-05
11565.600000 8.141916e-01 8.574456e-01 1.550588e-01 8.068296e-01 -7.444589e-06 -3.324289e-05 2.330099e-05 1.254521e-05
11565.800000 8.115371e-01 8.516344e-01 1.459397e-01 8.222376e-01 -1.173307e-06 -3.173085e-05 2.384508e-05 1.494118e-05
11566.000000 8.137457e-01 8.516391e-01 1.394445e-01 8.425332e-01 -1.514163e-06 -3.015387e-05 5.303868e-06 2.080747e-05
11566.200000 8.085217e-01 8.438534e-01 1.335671e-01 8.527243e-01 -3.300816e-06 -3.375280e-05 2.179776e-05 4.025884e-05
11566.400000 8.127593e-01 8.466427e-01 1.304009e-01 8.688910e-01 -1.582753e-06 -3.283762e-05 6.168146e-06 2.190230e-05
11566.600000 8.091081e-01 8.410432e-01 1.273774e-01 8.737929e-01 -6.195849e-06 -2.577017e-05 9.398470e-06 1.741480e-05
11566.800000 8.138198e-01 8.447039e-01 1.267472e-01 8.882986e-01 1.421421e-05 -1.941450e-05 1.424837e-05 2.114351e-05
11567.000000 8.039326e-01 8.336094e-01 1.247694e-01 8.843982e-01 5.283496e-06 -3.486243e-05 1.613984e-05 2.963480e-05
11567.200000 8.134149e-01 8.426060e-01 1.269748e-01 9.012764e-01 -6.087727e-07 -2.177718e-05 1.462000e-05 2.684853e-05
11567.400000 8.082239e-01 8.366414e-01 1.271091e-01 8.965709e-01 6.189173e-06 -2.138298e-05 1.947848e-05 2.258398e-05
11567.600000 8.142647e-01 8.426914e-01 1.298716e-01 9.058463e-01 -5.265160e-06 -3.211656e-05 1.300794e-05 2.979310e-05
11567.800000 8.088284e-01 8.371037e-01 1.313116e-01 8.998492e-01 -1.264748e-05 -3.528401e-05 1.447224e-05 3.322255e-05
11568.000000 8.126847e-01 8.409907e-01 1.346768e-01 9.045657e-01 -1.562381e-05 -3.864836e-05 2.056102e-05 2.557750e-05
11568.200000 8.116359e-01 8.400085e-01 1.373350e-01 9.072774e-01 -6.307355e-06 -3.088413e-05 7.351784e-06 2.725352e-05
11568.400000 8.086405e-01 8.372717e-01 1.403747e-01 8.956677e-01 -3.398812e-06 -2.575598e-05 -5.235781e-07 2.636929e-05
11568.600000 8.120645e-01 8.414163e-01 1.445773e-01 8.991196e-01 4.434314e-06 -3.829965e-05 -6.269777e-06 2.964453e-05
11568.800000 8.096949e-01 8.394820e-01 1.475997e-01 8.926907e-01 1.183095e-06 -3.745188e-05 1.076751e-05 3.937038e-05
11569.000000 8.104907e-01 8.409078e-01 1.514713e-01 8.877307e-01 -8.848097e-07 -3.139162e-05 1.074863e-05 4.827194e-05
11569.200000 8.140717e-01 8.455779e-01 1.556946e-01 8.869550e-01 -4.631332e-06 -2.501080e-05 6.603703e-06 3.340448e-05
11569.400000 8.099310e-01 8.420778e-01 1.584813e-01 8.774267e-01 2.504113e-06 -2.816956e-05 9.092279e-06 3.364925e-05
11569.600000 8.133034e-01 8.463490e-01 1.628288e-01 8.749468e-01 -4.515072e-06 -3.451777e-05 5.309878e-06 3.015466e-05
11569.800000 8.115046e-01 8.454851e-01 1.661772e-01 8.673135e-01 -3.988677e-06 -3.187454e-05 8.911931e-06 3.028971e-05
11570.000000 8.062120e-01 8.408930e-01 1.686330e-01 8.535149e-01 -3.802590e-06 -2.797251e-05 1.232760e-05 1.805188e-05
11570.200000 8.136459e-01 8.497542e-01 1.734467e-01 8.575864e-01 -8.188264e-06 -3.879955e-05 1.866413e-07 7.013266e-06
11570.400000 8.094377e-01 8.462783e-01 1.754307e-01 8.483512e-01 -6.777322e-08 -3.447565e-05 1.046587e-05 1.873719e-05
11570.600000 8.111983e-01 8.490386e-01 1.791142e-01 8.432607e-01 2.837687e-06 -2.816475e-05 1.892462e-05 2.982656e-05
11570.800000 8.106169e-01 8.492112e-01 1.822369e-01 8.355776e-01 1.559745e-05 -1.952516e-05 2.716798e-05 1.349686e-05
11571.000000 8.108430e-01 8.503380e-01 1.850784e-01 8.324351e-01 1.220281e-05 -2.217612e-05 2.306880e-05 1.624226e-05
11571.200000 8.099867e-01 8.502893e-01 1.876007e-01 8.246019e-01 5.445133e-06 -2.848748e-05 1.351655e-05 2.118339e-05
11571.400000 8.100499e-01 8.514230e-01 1.903601e-01 8.191651e-01 7.856781e-06 -3.065429e-05 1.096247e-05 1.927439e-05
11571.600000 8.116304e-01 8.539016e-01 1.934232e-01 8.167364e-01 1.053633e-06 -2.472964e-05 1.800707e-05 2.426246e-05
11571.800000 8.074939e-01 8.502788e-01 1.948335e-01 8.100035e-01 -9.940719e-06 -4.013404e-05 1.159096e-05 1.822170e-05
11572.000000 8.116917e-01 8.553795e-01 1.981261e-01 8.091381e-01 1.500648e-06 -4.606435e-05 1.413932e-05 3.217226e-05
11572.200000 8.106109e-01 8.551678e-01 2.002271e-01 8.037985e-01 -1.467578e-06 -3.628380e-05 1.545320e-05 3.040175e-05
11572.400000 8.088701e-01 8.540036e-01 2.020296e-01 7.949715e-01 -5.957129e-06 -3.422945e-05 9.493486e-06 3.375158e-05
11572.600000 8.100759e-01 8.559671e-01 2.044750e-01 7.907319e-01 -8.696257e-06 -3.316838e-05 -6.081636e-07 4.052161e-05
11572.800000 8.102722e-01 8.567903e-01 2.064081e-01 7.878706e-01 -6.388246e-06 -2.525118e-05 5.595946e-06 2.620842e-05
11573.000000 8.099627e-01 8.570578e-01 2.083235e-01 7.862016e-01 -9.838671e-06 -1.946086e-05 2.467921e-06 4.036748e-05
11573.200000 8.104482e-01 8.581085e-01 2.105450e-01 7.814173e-01 -2.138529e-06 -1.968945e-05 7.758007e-06 4.105707e-05
11573.400000 8.103479e-01 8.586344e-01 2.123361e-01 7.805272e-01 5.528002e-06 -1.691701e-05 -2.319843e-06 2.785575e-05
11573.600000 8.117337e-01 8.606831e-01 2.143955e-01 7.775561e-01 1.275423e-05 -2.458852e-05 -1.740807e-06 2.946147e-05
11573.800000 8.096318e-01 8.588714e-01 2.153192e-01 7.713657e-01 1.366535e-06 -2.294776e-05 -1.174499e-06 2.502984e-05
11574.000000 8.083851e-01 8.578743e-01 2.166796e-01 7.678798e-01 -5.570568e-06 -1.847359e-05 1.249705e-07 2.652552e-05
11574.200000 8.103110e-01 8.605129e-01 2.183455e-01 7.668029e-01 5.916143e-06 -2.730247e-05 1.131550e-05 3.193515e-05
11574.400000 8.093562e-01 8.600404e-01 2.195199e-01 7.640190e-01 2.236333e-05 -2.637073e-05 1.796943e-05 2.206141e-05
11574.600000 8.103567e-01 8.617477e-01 2.209947e-01 7.620196e-01 1.810606e-05 -1.525183e-05 1.397019e-05 2.189747e-05
11574.800000 8.103496e-01 8.622016e-01 2.218803e-01 7.594439e-01 2.185505e-05 -8.430928e-06 1.069558e-05 2.408996e-05
11575.000000 8.103685e-01 8.627286e-01 2.227405e-01 7.586665e-01 1.766241e-05 -1.708906e-05 2.600812e-06 2.653136e-05
11575.200000 8.094585e-01 8.619705e-01 2.232115e-01 7.559122e-01 2.583112e-05 -1.324517e-05 1.321241e-06 2.427189e-05
11575.400000 8.096011e-01 8.625607e-01 2.239306e-01 7.535180e-01 2.530866e-05 -1.245303e-05 -9.556206e-10 2.357442e-05
11575.600000 8.104951e-01 8.637901e-01 2.244520e-01 7.543181e-01 2.226352e-05 -7.520273e-06 2.166514e-06 3.276632e-05
11575.800000 8.097813e-01 8.630748e-01 2.244409e-01 7.511917e-01 2.506420e-05 -9.067178e-06 -3.491611e-07 2.692863e-05
11576.000000 8.090976e-01 8.626094e-01 2.241443e-01 7.489221e-01 1.754696e-05 -1.398968e-05 -1.527264e-05 1.370014e-05
11576.200000 8.092366e-01 8.632624e-01 2.242459e-01 7.487118e-01 2.081551e-05 -1.126568e-05 1.025001e-05 1.842895e-05
11576.400000 8.087261e-01 8.627491e-01 2.237348e-01 7.475505e-01 1.843867e-05 -1.402428e-05 1.796768e-05 2.390606e-05
11576.600000 8.092595e-01 8.635599e-01 2.235423e-01 7.483449e-01 1.035077e-05 -1.085139e-05 1.687857e-05 2.136128e-05
11576.800000 8.093305e-01 8.636399e-01 2.234269e-01 7.476757e-01 8.105197e-06 -1.445417e-05 9.077438e-06 1.600243e-05
11577.000000 8.095582e-01 8.640282e-01 2.228317e-01 7.457702e-01 8.027574e-06 -2.119757e-05 2.651608e-05 2.299373e-05
11577.200000 8.088230e-01 8.633954e-01 2.217528e-01 7.447270e-01 1.976194e-05 -1.697671e-05 1.991055e-05 3.676223e-05
11577.400000 8.115840e-01 8.665371e-01 2.215688e-01 7.478661e-01 1.653957e-05 -1.234135e-05 1.707010e-05 4.044932e-05
11577.600000 8.073396e-01 8.620310e-01 2.192960e-01 7.446737e-01 1.837611e-05 -2.020915e-05 1.969668e-05 4.274578e-05
11577.800000 8.099042e-01 8.649506e-01 2.191748e-01 7.444558e-01 8.590778e-06 -2.890558e-05 1.244636e-05 2.278076e-05
11578.000000 8.098718e-01 8.650356e-01 2.180791e-01 7.475133e-01 1.267965e-05 -2.229918e-05 1.650054e-05 2.995686e-05
11578.200000 8.105755e-01 8.658468e-01 2.174155e-01 7.462091e-01 1.478106e-05 -2.902049e-05 7.422242e-06 3.392602e-05
11578.400000 8.089642e-01 8.641634e-01 2.161814e-01 7.471107e-01 1.553713e-05 -3.041929e-05 7.258603e-06 1.730360e-05
11578.600000 8.104896e-01 8.659072e-01 2.153196e-01 7.483019e-01 9.684825e-06 -2.158191e-05 -6.736024e-07 3.089576e-05
11578.800000 8.086796e-01 8.639825e-01 2.137885e-01 7.471195e-01 1.078935e-05 -1.690737e-05 -7.567452e-06 4.490758e-05
11579.000000 8.098921e-01 8.652094e-01 2.130391e-01 7.493403e-01 1.249295e-05 -9.505275e-06 -7.616412e-06 5.807089e-05
11579.200000 8.068272e-01 8.618701e-01 2.114030e-01 7.453124e-01 1.524357e-05 -8.075634e-06 1.453045e-06 4.501835e-05
11579.400000 8.109259e-01 8.663821e-01 2.115332e-01 7.500280e-01 1.750146e-05 -2.245619e-05 9.401403e-06 3.943388e-05
11579.600000 8.102101e-01 8.657631e-01 2.104865e-01 7.518078e-01 1.385113e-05 -1.791286e-05 1.437710e-05 4.017912e-05
11579.800000 8.086366e-01 8.639503e-01 2.093175e-01 7.514905e-01 8.124311e-06 -1.338690e-05 1.147574e-05 4.439785e-05
11580.000000 8.087144e-01 8.638586e-01 2.086470e-01 7.494602e-01 1.140603e-05 -2.074287e-05 2.240640e-05 5.358257e-05
11580.200000 8.090059e-01 8.642240e-01 2.082691e-01 7.519027e-01 1.689335e-05 -3.366433e-05 1.216166e-05 3.609913e-05
11580.400000 8.091020e-01 8.644984e-01 2.079741e-01 7.519485e-01 1.961906e-05 -2.471712e-05 9.189882e-06 3.268093e-05
11580.600000 8.075040e-01 8.628147e-01 2.074297e-01 7.510200e-01 1.734802e-05 -1.505110e-05 1.515591e-05 4.402825e-05
11580.800000 8.080719e-01 8.635821e-01 2.076055e-01 7.511470e-01 1.816695e-05 -1.696388e-05 6.670577e-06 4.337385e-05
11581.000000 8.093193e-01 8.650358e-01 2.080084e-01 7.520514e-01 1.272261e-05 -1.475904e-05 1.687170e-05 4.640306e-05
11581.200000 8.097847e-01 8.654943e-01 2.084440e-01 7.536600e-01 1.537731e-05 -2.278670e-05 7.694803e-06 4.100506e-05
11581.400000 8.084333e-01 8.640833e-01 2.085477e-01 7.538384e-01 2.482816e-05 -2.545826e-05 -1.102984e-05 3.513967e-05
11581.600000 8.090455e-01 8.649877e-01 2.094587e-01 7.528422e-01 2.295816e-05 -2.476796e-05 -6.495852e-06 4.288756e-05
11581.800000 8.079652e-01 8.639318e-01 2.098734e-01 7.516294e-01 2.497331e-05 -2.725621e-05 -4.842588e-06 3.000019e-05
11582.000000 8.084410e-01 8.644470e-01 2.109576e-01 7.501190e-01 2.160269e-05 -2.182939e-05 -7.018536e-07 2.653804e-05
11582.200000 8.085648e-01 8.647981e-01 2.120119e-01 7.487391e-01 2.394979e-05 -2.282547e-05 -1.110203e-05 2.356264e-05
11582.400000 8.086748e-01 8.651226e-01 2.133182e-01 7.491816e-01 1.428110e-05 -2.865725e-05 6.059164e-06 2.865889e-05
11582.600000 8.068448e-01 8.633225e-01 2.140223e-01 7.479475e-01 6.653372e-06 -3.143650e-05 1.378710e-05 3.722506e-05
11582.800000 8.100526e-01 8.668303e-01 2.162003e-01 7.478831e-01 7.978639e-06 -3.186022e-05 5.208709e-06 3.743179e-05
11583.000000 8.048828e-01 8.614572e-01 2.159381e-01 7.448358e-01 3.628331e-06 -2.089628e-05 1.753459e-06 3.384701e-05
11583.200000 8.072017e-01 8.642808e-01 2.180632e-01 7.453448e-01 5.223089e-06 -2.104404e-05 1.566207e-05 3.735401e-05
11583.400000 8.110416e-01 8.685902e-01 2.204381e-01 7.507311e-01 5.430268e-06 -3.315990e-05 2.543212e-05 3.771262e-05
11583.600000 8.089266e-01 8.665771e-01 2.212356e-01 7.458002e-01 1.158008e-05 -2.891535e-05 2.644809e-05 3.491704e-05
11583.800000 8.087605e-01 8.665613e-01 2.224305e-01 7.446114e-01 1.408958e-05 -3.637498e-05 1.954815e-05 2.820631e-05
11584.000000 8.089997e-01 8.669278e-01 2.239875e-01 7.460807e-01 9.648668e-06 -4.907063e-05 8.458546e-06 2.945435e-05
11584.200000 8.073994e-01 8.654549e-01 2.244038e-01 7.419202e-01 2.220587e-05 -4.574587e-05 1.195987e-05 4.129129e-05
11584.400000 8.046479e-01 8.626152e-01 2.245094e-01 7.371160e-01 1.566867e-05 -4.302013e-05 1.123264e-05 3.708647e-05
11584.600000 8.114317e-01 8.702560e-01 2.276512e-01 7.434813e-01 1.402065e-05 -4.440252e-05 1.041231e-05 2.476328e-05
11584.800000 8.066716e-01 8.651369e-01 2.270443e-01 7.422013e-01 1.682842e-05 -4.108419e-05 1.864036e-05 1.728434e-05
11585.000000 8.090934e-01 8.679065e-01 2.287323e-01 7.440423e-01 1.494012e-05 -3.632257e-05 1.593540e-05 1.414897e-05
11585.200000 8.047747e-01 8.634547e-01 2.277307e-01 7.381550e-01 2.518522e-05 -3.477373e-05 1.563988e-05 3.272401e-05
11585.400000 8.083500e-01 8.676251e-01 2.292946e-01 7.415800e-01 1.794690e-05 -3.598463e-05 7.662753e-06 3.210716e-05
11585.600000 8.071978e-01 8.665016e-01 2.296516e-01 7.393938e-01 1.697875e-05 -3.844651e-05 -3.415016e-06 2.712684e-05
11585.800000 8.093114e-01 8.687133e-01 2.305435e-01 7.396441e-01 1.446967e-05 -3.169271e-05 4.709371e-06 1.972030e-05
11586.000000 8.096594e-01 8.694541e-01 2.309504e-01 7.402723e-01 1.774325e-05 -2.273632e-05 1.851673e-05 1.792435e-05
11586.200000 8.090241e-01 8.686976e-01 2.309674e-01 7.391526e-01 1.384710e-05 -2.800320e-05 2.106974e-05 3.687438e-05
11586.400000 8.084023e-01 8.684428e-01 2.310252e-01 7.365749e-01 8.450148e-06 -3.271576e-05 1.599201e-05 3.783790e-05
11586.600000 8.062360e-01 8.662151e-01 2.304198e-01 7.375089e-01 8.213278e-06 -2.815012e-05 1.197310e-05 4.415279e-05
11586.800000 8.093269e-01 8.692823e-01 2.311553e-01 7.404804e-01 -1.587005e-06 -2.762695e-05 1.382266e-05 5.047131e-05
11587.000000 8.067786e-01 8.665408e-01 2.303711e-01 7.402056e-01 1.540847e-06 -3.300851e-05 7.935385e-06 3.674453e-05
11587.200000 8.058989e-01 8.655174e-01 2.300791e-01 7.413017e-01 -1.036203e-06 -2.923474e-05 3.286067e-06 2.566568e-05
11587.400000 8.107935e-01 8.709313e-01 2.312350e-01 7.418631e-01 -2.713488e-06 -2.722105e-05 4.912368e-06 2.684665e-05
11587.600000 8.056912e-01 8.653746e-01 2.299279e-01 7.393964e-01 -6.733978e-06 -3.422736e-05 3.946088e-06 3.030399e-05
11587.800000 8.071307e-01 8.670057e-01 2.300217e-01 7.385599e-01 1.906809e-06 -3.818324e-05 7.731241e-06 4.334513e-05
11588.000000 8.098699e-01 8.701105e-01 2.303425e-01 7.431720e-01 5.060063e-06 -3.115423e-05 1.715226e-05 4.099295e-05
11588.200000 8.027064e-01 8.624158e-01 2.281134e-01 7.361971e-01 1.502621e-05 -2.431632e-05 3.114274e-05 5.065435e-05
11588.400000 8.085235e-01 8.685475e-01 2.292433e-01 7.444681e-01 1.238316e-05 -1.505644e-05 3.541425e-05 4.743435e-05
11588.600000 8.094810e-01 8.697379e-01 2.287014e-01 7.454313e-01 1.837766e-05 -1.150683e-05 1.957640e-05 3.652066e-05
11588.800000 8.045242e-01 8.643260e-01 2.265703e-01 7.427356e-01 1.856267e-05 -1.434651e-05 8.002151e-06 3.519208e-05
11589.000000 8.081426e-01 8.681144e-01 2.272856e-01 7.414821e-01 9.236101e-06 -1.845393e-05 1.632058e-05 4.645103e-05
11589.200000 8.074486e-01 8.672023e-01 2.261993e-01 7.440913e-01 -8.827355e-06 -1.563550e-05 2.478241e-05 4.509454e-05
11589.400000 8.043958e-01 8.638806e-01 2.244467e-01 7.415440e-01 1.227799e-06 -1.961625e-05 2.391710e-05 4.561350e-05
11589.600000 8.097335e-01 8.698190e-01 2.247355e-01 7.471401e-01 -9.910640e-07 -2.262866e-05 2.900356e-05 3.608650e-05
11589.800000 8.009534e-01 8.598806e-01 2.212067e-01 7.410756e-01 -8.798989e-06 -2.938016e-05 1.746991e-05 3.417515e-05
11590.000000 8.069087e-01 8.666637e-01 2.221914e-01 7.482254e-01 -9.597285e-06 -2.575540e-05 2.051140e-05 3.672701e-05
11590.200000 8.091415e-01 8.688876e-01 2.211676e-01 7.513088e-01 -4.192831e-06 -3.132128e-05 1.960682e-05 4.186257e-05
11590.400000 8.074988e-01 8.671780e-01 2.194750e-01 7.515494e-01 1.686013e-06 -3.165710e-05 3.447474e-05 4.715610e-05
11590.600000 8.055432e-01 8.648471e-01 2.173663e-01 7.533348e-01 1.137095e-05 -3.391014e-05 3.961000e-05 3.654217e-05
11590.800000 8.076726e-01 8.669420e-01 2.165676e-01 7.512114e-01 1.271457e-05 -3.467986e-05 2.247426e-05 3.878229e-05
11591.000000 8.072957e-01 8.664756e-01 2.150344e-01 7.512482e-01 4.046404e-06 -3.059031e-05 1.790955e-05 4.399275e-05
11591.200000 8.075259e-01 8.665218e-01 2.133890e-01 7.563792e-01 2.558633e-06 -3.491796e-05 1.557502e-05 3.729790e-05
11591.400000 8.072214e-01 8.660576e-01 2.114611e-01 7.579642e-01 1.699579e-05 -3.374899e-05 2.335455e-05 4.095574e-05
11591.600000 8.075740e-01 8.663912e-01 2.098952e-01 7.584201e-01 1.347023e-05 -3.806774e-05 3.452900e-05 5.713075e-05
11591.800000 8.067705e-01 8.651443e-01 2.079965e-01 7.575682e-01 1.729716e-05 -4.139570e-05 3.053843e-05 6.041006e-05
11592.000000 8.078440e-01 8.663671e-01 2.066700e-01 7.604564e-01 2.329478e-05 -3.673086e-05 3.430981e-05 4.393780e-05
11592.200000 8.055234e-01 8.636457e-01 2.045014e-01 7.583089e-01 2.389577e-05 -2.888162e-05 3.393779e-05 4.355615e-05
11592.400000 8.078558e-01 8.660982e-01 2.030980e-01 7.642977e-01 2.581806e-05 -3.830827e-05 3.562158e-05 4.027574e-05
11592.600000 8.084648e-01 8.667425e-01 2.019424e-01 7.651355e-01 2.039613e-05 -4.082074e-05 3.661782e-05 2.994989e-05
11592.800000 8.036314e-01 8.612425e-01 1.991254e-01 7.620830e-01 1.127945e-05 -3.926895e-05 3.176613e-05 3.005869e-05
11593.000000 8.065957e-01 8.644924e-01 1.984661e-01 7.645981e-01 1.974602e-05 -4.164137e-05 4.144615e-05 4.427600e-05
11593.200000 8.042435e-01 8.615574e-01 1.966327e-01 7.639979e-01 1.091183e-05 -3.859871e-05 4.816368e-05 4.100138e-05
11593.400000 8.058740e-01 8.634899e-01 1.958237e-01 7.668931e-01 6.674462e-06 -3.540866e-05 3.800551e-05 3.798849e-05
11593.600000 8.012504e-01 8.585366e-01 1.937158e-01 7.626527e-01 2.555539e-05 -3.338650e-05 3.971068e-05 4.045146e-05
11593.800000 8.079756e-01 8.655600e-01 1.944072e-01 7.731862e-01 1.501161e-05 -2.990969e-05 3.223649e-05 2.984708e-05
11594.000000 8.043764e-01 8.617806e-01 1.929621e-01 7.686258e-01 2.089083e-05 -2.778429e-05 3.201665e-05 2.736690e-05
11594.200000 8.039152e-01 8.610548e-01 1.918976e-01 7.698356e-01 1.149449e-05 -3.003185e-05 3.830598e-05 3.384382e-05
11594.400000 8.064858e-01 8.638126e-01 1.921903e-01 7.736868e-01 2.023649e-05 -3.558658e-05 2.866607e-05 2.819250e-05
11594.600000 8.069640e-01 8.644334e-01 1.919494e-01 7.752043e-01 1.569105e-05 -2.624706e-05 3.536170e-05 2.712279e-05
11594.800000 8.051270e-01 8.625477e-01 1.915965e-01 7.713549e-01 1.709826e-05 -1.882837e-05 4.640922e-05 3.772681e-05
11595.000000 8.089823e-01 8.668493e-01 1.921672e-01 7.751797e-01 2.617363e-05 -1.964543e-05 6.137452e-05 5.016689e-05
11595.200000 8.073929e-01 8.654840e-01 1.918964e-01 7.727085e-01 1.529642e-05 -1.559659e-05 6.034843e-05 5.787447e-05
11595.400000 8.026807e-01 8.600367e-01 1.910553e-01 7.726090e-01 3.471724e-05 -2.760258e-05 6.220639e-05 5.123101e-05
11595.600000 8.012358e-01 8.586983e-01 1.910195e-01 7.718374e-01 3.380871e-05 -3.085272e-05 4.524127e-05 4.733404e-05
11595.800000 8.056471e-01 8.632117e-01 1.924328e-01 7.696750e-01 2.189833e-05 -2.832275e-05 2.286226e-05 3.206230e-05
11596.000000 8.080561e-01 8.662700e-01 1.936840e-01 7.722134e-01 1.722893e-05 -2.449287e-05 1.662678e-05 2.740187e-05
11596.200000 7.999236e-01 8.571367e-01 1.920704e-01 7.679320e-01 1.934683e-05 -3.134233e-05 2.408374e-05 2.832380e-05
11596.400000 8.068152e-01 8.649525e-01 1.949555e-01 7.726479e-01 2.700811e-05 -2.962169e-05 1.672780e-05 3.100284e-05
11596.600000 8.057070e-01 8.640914e-01 1.959055e-01 7.686554e-01 1.053318e-05 -2.975202e-05 1.287705e-05 3.357961e-05
11596.800000 8.060419e-01 8.647753e-01 1.968275e-01 7.719065e-01 1.348696e-05 -3.017159e-05 1.516001e-05 2.998544e-05
11597.000000 8.046031e-01 8.631471e-01 1.973466e-01 7.687951e-01 1.633427e-05 -2.703120e-05 2.146703e-05 3.384441e-05
11597.700000 8.049671e-01 8.640958e-01 2.010589e-01 7.671089e-01 2.436796e-05 -1.415470e-05 2.881415e-05 4.039856e-05
11598.400000 8.039085e-01 8.636209e-01 2.046554e-01 7.636335e-01 1.892931e-05 -1.192471e-05 1.674804e-05 4.054566e-05
11599.100000 8.042550e-01 8.649055e-01 2.082999e-01 7.587323e-01 2.498735e-05 -1.495038e-05 2.624041e-05 4.353463e-05
11599.800000 8.044627e-01 8.658495e-01 2.116263e-01 7.579788e-01 1.088075e-05 -1.345180e-05 3.128112e-05 3.868236e-05
11600.500000 8.047865e-01 8.668889e-01 2.140132e-01 7.557335e-01 2.227506e-05 -1.777967e-05 1.860380e-05 2.569612e-05
11601.200000 8.044207e-01 8.670457e-01 2.159587e-01 7.517410e-01 1.833415e-05 -2.372670e-05 1.617705e-05 2.962641e-05
11601.900000 8.044034e-01 8.677726e-01 2.174900e-01 7.510351e-01 2.146743e-05 -2.399868e-05 3.048609e-05 4.350601e-05
11602.600000 8.029413e-01 8.666270e-01 2.181525e-01 7.468410e-01 1.495043e-05 -2.564417e-05 2.674129e-05 4.168576e-05
11603.300000 8.028536e-01 8.669972e-01 2.194063e-01 7.456196e-01 1.688796e-05 -2.560110e-05 2.361280e-05 4.340069e-05
11604.993695 8.035466e-01 8.688958e-01 2.231892e-01 7.432174e-01 7.921946e-06 -1.687025e-05 2.298259e-05 4.224919e-05
11605.999583 8.030720e-01 8.690265e-01 2.257095e-01 7.427155e-01 9.199574e-06 -2.170115e-05 2.187156e-05 3.729624e-05
11607.017662 8.028294e-01 8.692661e-01 2.281520e-01 7.410682e-01 1.675268e-05 -2.606293e-05 2.694773e-05 4.433433e-05
11608.047933 8.038961e-01 8.708786e-01 2.299683e-01 7.424562e-01 1.759450e-05 -3.028786e-05 1.275863e-05 4.220981e-05
11609.090396 8.022296e-01 8.693036e-01 2.294397e-01 7.432943e-01 1.811200e-05 -3.429092e-05 2.882001e-05 4.519327e-05
11610.145051 8.033772e-01 8.707101e-01 2.284012e-01 7.457140e-01 2.041228e-06 -3.257365e-05 2.677722e-05 4.410490e-05
11611.211898 8.026320e-01 8.699912e-01 2.256826e-01 7.477657e-01 1.155007e-05 -3.314016e-05 1.345989e-05 3.547141e-05
11612.290937 8.013096e-01 8.684784e-01 2.219696e-01 7.502085e-01 2.574635e-05 -3.831474e-05 2.056633e-05 4.733750e-05
11613.382167 8.017819e-01 8.688618e-01 2.182607e-01 7.528300e-01 1.901207e-05 -3.458620e-05 9.334943e-06 3.824988e-05
11614.485590 8.019444e-01 8.689515e-01 2.144370e-01 7.578550e-01 1.099522e-05 -3.269510e-05 9.566427e-06 4.931820e-05
11615.601204 8.018490e-01 8.686719e-01 2.104195e-01 7.628031e-01 1.455962e-05 -2.782511e-05 1.642788e-05 4.825031e-05
11616.729011 8.002042e-01 8.666487e-01 2.059724e-01 7.633351e-01 2.102663e-05 -3.193874e-05 1.031023e-05 4.625658e-05
11617.869009 8.006629e-01 8.670907e-01 2.027868e-01 7.670910e-01 2.114418e-05 -2.572561e-05 1.146345e-05 3.593623e-05
11619.021199 8.018704e-01 8.685119e-01 2.009128e-01 7.707469e-01 1.824378e-05 -1.592885e-05 1.879165e-05 2.690855e-05
11620.185582 8.004290e-01 8.669558e-01 1.993653e-01 7.710766e-01 1.654995e-05 -2.264466e-05 1.796981e-05 3.642563e-05
11621.362156 7.998205e-01 8.664669e-01 1.992518e-01 7.729749e-01 1.801353e-05 -2.093112e-05 1.130766e-05 3.130689e-05
11622.550922 7.995322e-01 8.667948e-01 2.003875e-01 7.725311e-01 2.030713e-05 -1.816179e-05 6.119298e-06 2.615674e-05
11623.751879 7.999425e-01 8.678805e-01 2.021292e-01 7.721229e-01 1.628324e-05 -1.514564e-05 2.354311e-05 4.974656e-05
11624.965029 7.988009e-01 8.671463e-01 2.037866e-01 7.701421e-01 2.615422e-05 -1.269700e-05 2.138460e-05 4.393654e-05
11626.190371 7.991789e-01 8.683057e-01 2.058610e-01 7.696273e-01 3.117559e-05 -1.307418e-05 1.370894e-05 4.076139e-05
11627.427904 7.994608e-01 8.693746e-01 2.078960e-01 7.687385e-01 2.065133e-05 -1.538401e-05 1.910318e-05 2.387379e-05
11628.677630 7.990635e-01 8.697052e-01 2.095797e-01 7.668887e-01 1.723703e-05 -2.687968e-05 2.023468e-05 2.508732e-05
11629.939547 7.992400e-01 8.707583e-01 2.114864e-01 7.645314e-01 2.910375e-05 -2.783803e-05 2.086964e-05 3.001316e-05
11631.213657 7.984867e-01 8.706235e-01 2.129190e-01 7.611273e-01 3.212803e-05 -2.466543e-05 1.483736e-05 3.445264e-05
11632.499958 7.985668e-01 8.715241e-01 2.144576e-01 7.597804e-01 3.240672e-05 -2.404020e-05 1.224278e-05 3.178459e-05
11633.798451 7.980991e-01 8.718461e-01 2.155889e-01 7.567903e-01 1.866242e-05 -1.559039e-05 2.390839e-05 4.096138e-05
11635.109136 7.973882e-01 8.718713e-01 2.169063e-01 7.544628e-01 1.352706e-05 -5.539570e-06 2.299159e-05 4.994233e-05
11636.432013 7.963753e-01 8.714892e-01 2.185472e-01 7.517606e-01 1.816742e-05 -5.547188e-06 1.692651e-05 5.001519e-05
11637.767082 7.974566e-01 8.735589e-01 2.212980e-01 7.512722e-01 9.469173e-06 -1.081499e-05 2.808921e-05 4.619635e-05
11639.114342 7.971995e-01 8.741582e-01 2.240375e-01 7.506876e-01 5.760708e-06 -1.836095e-05 1.615220e-05 4.228617e-05
11640.473795 7.963852e-01 8.740883e-01 2.268322e-01 7.466039e-01 8.236716e-06 -2.123067e-05 1.342605e-05 2.996705e-05
11641.845440 7.959154e-01 8.744367e-01 2.296715e-01 7.446082e-01 6.428384e-06 -2.554204e-05 8.565003e-06 3.019052e-05
11643.229276 7.957870e-01 8.750771e-01 2.323913e-01 7.432205e-01 6.915887e-06 -2.987893e-05 1.316861e-05 2.772584e-05
11644.625305 7.949439e-01 8.749273e-01 2.342392e-01 7.407170e-01 6.803687e-06 -3.874243e-05 1.586652e-05 5.654762e-06
11646.033525 7.960560e-01 8.770274e-01 2.362098e-01 7.429328e-01 8.864471e-07 -3.958832e-05 1.606627e-05 1.722956e-05
11647.453937 7.958077e-01 8.774218e-01 2.374536e-01 7.409359e-01 7.927762e-08 -3.634504e-05 2.271549e-05 2.623033e-05
11648.886541 7.956530e-01 8.779070e-01 2.380896e-01 7.402686e-01 7.880304e-06 -1.959556e-05 1.750473e-05 3.596852e-05
11650.331337 7.952965e-01 8.780397e-01 2.381437e-01 7.411833e-01 1.337571e-05 -1.346613e-05 1.713782e-05 5.046429e-05
11651.788325 7.966973e-01 8.802490e-01 2.382035e-01 7.406618e-01 6.998855e-06 -8.246752e-06 1.584044e-05 5.036203e-05
11653.257505 7.957152e-01 8.796149e-01 2.365372e-01 7.413924e-01 1.083836e-05 -3.694715e-06 1.168681e-05 4.315169e-05
11654.738877 7.957725e-01 8.799395e-01 2.342934e-01 7.434611e-01 1.701424e-05 -7.312417e-07 1.493000e-05 4.864365e-05
11656.232440 7.935158e-01 8.778412e-01 2.310577e-01 7.424988e-01 1.491004e-05 -3.559163e-06 1.310001e-05 5.282109e-05
11657.738196 7.910603e-01 8.754163e-01 2.275689e-01 7.431973e-01 1.125319e-05 -9.510013e-06 1.108589e-05 4.190942e-05
11659.256143 7.919141e-01 8.766966e-01 2.253105e-01 7.453534e-01 1.205482e-05 -1.165595e-05 -4.736300e-07 4.507203e-05
11660.786283 7.930116e-01 8.783615e-01 2.236052e-01 7.475701e-01 8.852186e-06 -3.211580e-05 8.143144e-06 6.100584e-05
11662.328614 7.928552e-01 8.785426e-01 2.221251e-01 7.484985e-01 1.070357e-05 -2.641027e-05 1.380049e-05 5.070086e-05
11663.883137 7.937385e-01 8.801059e-01 2.218397e-01 7.508455e-01 1.711123e-05 -1.992229e-05 1.236817e-05 5.259801e-05
11665.449852 7.931562e-01 8.799040e-01 2.216778e-01 7.509355e-01 5.713832e-06 -2.209033e-05 5.076579e-06 4.883105e-05
11667.028759 7.930303e-01 8.802278e-01 2.218462e-01 7.519078e-01 1.556297e-06 -2.453209e-05 5.795883e-06 3.066445e-05
11668.619858 7.920497e-01 8.797812e-01 2.223043e-01 7.530815e-01 1.882001e-05 -2.024737e-05 7.540012e-06 2.376638e-05
11670.223149 7.906813e-01 8.788407e-01 2.227337e-01 7.513128e-01 1.585805e-05 -1.868622e-05 3.942026e-06 3.184995e-05
11671.838632 7.883139e-01 8.766272e-01 2.229590e-01 7.493015e-01 1.214136e-05 -1.033037e-05 1.674847e-05 3.814482e-05
11673.466307 7.895608e-01 8.787021e-01 2.241885e-01 7.499008e-01 1.038770e-05 -1.157060e-05 1.691736e-05 3.991391e-05
11675.106173 7.901068e-01 8.800055e-01 2.253185e-01 7.503288e-01 1.651073e-05 -1.108470e-05 1.628171e-05 3.510390e-05
11676.758232 7.894156e-01 8.799769e-01 2.257883e-01 7.525757e-01 1.282074e-05 -6.962676e-06 1.189208e-05 3.690283e-05
11678.422482 7.879759e-01 8.788982e-01 2.260702e-01 7.505075e-01 1.327034e-05 -1.137465e-05 2.325294e-05 3.561348e-05
11680.098924 7.897704e-01 8.816752e-01 2.268008e-01 7.532328e-01 7.676839e-06 -9.043023e-06 2.019570e-05 3.848822e-05
11681.787558 7.892134e-01 8.814017e-01 2.265284e-01 7.527003e-01 4.125503e-06 -1.495952e-05 2.670139e-05 3.016157e-05
11683.488385 7.896020e-01 8.825730e-01 2.259545e-01 7.526806e-01 1.245151e-05 -2.240960e-05 2.892455e-05 3.719646e-05
11685.201403 7.891320e-01 8.826813e-01 2.252351e-01 7.532088e-01 4.081408e-06 -1.897105e-05 3.063016e-05 4.315298e-05
11686.926613 7.879685e-01 8.820175e-01 2.241845e-01 7.533187e-01 8.677988e-06 -2.219184e-05 3.071597e-05 3.911489e-05
11688.664014 7.881449e-01 8.829140e-01 2.239889e-01 7.554965e-01 1.112537e-05 -1.284229e-05 3.271124e-05 3.624854e-05
11690.413608 7.876405e-01 8.830242e-01 2.241279e-01 7.550136e-01 5.536622e-06 -7.169185e-06 2.090399e-05 4.377732e-05
11692.175394 7.884613e-01 8.847349e-01 2.252251e-01 7.537515e-01 1.479079e-05 -1.361086e-05 2.039031e-05 5.451663e-05
11693.949371 7.872155e-01 8.840021e-01 2.263743e-01 7.499494e-01 1.700336e-05 -1.797138e-05 1.072072e-05 5.471908e-05
11695.735541 7.872075e-01 8.848202e-01 2.286559e-01 7.509005e-01 6.893239e-06 -2.279397e-05 6.634322e-06 5.409707e-05
11697.533902 7.870925e-01 8.855985e-01 2.313247e-01 7.517928e-01 6.973615e-06 -2.070708e-05 8.160162e-06 5.450499e-05
11699.344455 7.862267e-01 8.855284e-01 2.341621e-01 7.495450e-01 1.318721e-05 -1.622196e-05 1.964315e-05 5.704107e-05
11701.167201 7.850204e-01 8.849981e-01 2.371806e-01 7.487930e-01 1.437159e-05 -1.394775e-05 3.050234e-05 5.562963e-05
11703.002138 7.827962e-01 8.833699e-01 2.396004e-01 7.446670e-01 2.683343e-05 -1.002583e-05 3.183181e-05 7.369761e-05
11704.849267 7.834265e-01 8.849765e-01 2.426842e-01 7.452184e-01 2.437794e-05 -1.307770e-05 3.042126e-05 7.197969e-05
11706.708588 7.849329e-01 8.875116e-01 2.452084e-01 7.456374e-01 2.424762e-05 -7.233007e-06 2.990889e-05 6.979176e-05
11708.580100 7.852083e-01 8.886365e-01 2.462259e-01 7.452949e-01 2.616875e-05 -1.048941e-05 2.386507e-05 6.490645e-05
11710.463805 7.848706e-01 8.890261e-01 2.464941e-01 7.439813e-01 2.129330e-05 -8.351388e-06 1.107200e-05 5.362324e-05
11712.359702 7.849500e-01 8.899545e-01 2.461522e-01 7.453531e-01 1.451063e-05 -1.519412e-05 1.259396e-05 5.510100e-05
11714.267790 7.837589e-01 8.890831e-01 2.447182e-01 7.439894e-01 6.528141e-06 -1.796712e-05 1.708622e-05 5.879427e-05
11716.188071 7.838832e-01 8.899508e-01 2.433178e-01 7.464053e-01 1.432157e-05 -1.626288e-05 2.316592e-05 7.000767e-05
11718.120543 7.836854e-01 8.904077e-01 2.417468e-01 7.480502e-01 1.746767e-05 -1.479799e-05 3.328913e-05 6.327131e-05
11720.065207 7.834425e-01 8.908185e-01 2.401087e-01 7.496675e-01 2.107162e-05 -9.701494e-07 3.089557e-05 5.988393e-05
11722.022064 7.823102e-01 8.900900e-01 2.383481e-01 7.481798e-01 2.005215e-05 -1.615586e-07 2.462563e-05 6.542097e-05
11723.991112 7.820856e-01 8.903523e-01 2.371696e-01 7.484981e-01 2.090243e-05 -3.658841e-06 3.088611e-05 6.842841e-05
11725.972352 7.825823e-01 8.916769e-01 2.365467e-01 7.509389e-01 2.580906e-05 -1.395969e-06 2.757298e-05 6.508443e-05
11727.965784 7.816172e-01 8.912595e-01 2.354566e-01 7.510541e-01 2.823214e-05 -5.005028e-06 4.004604e-05 6.258119e-05
11729.971407 7.809604e-01 8.912084e-01 2.345713e-01 7.503209e-01 2.120164e-05 -6.864799e-06 3.618998e-05 5.089491e-05
11731.989223 7.800109e-01 8.906701e-01 2.339169e-01 7.495083e-01 9.268266e-06 -1.149038e-05 2.826280e-05 5.305785e-05
11734.019231 7.804193e-01 8.917921e-01 2.340742e-01 7.530050e-01 1.737333e-05 -2.709272e-06 2.068865e-05 5.487413e-05
11736.061430 7.805207e-01 8.926904e-01 2.343407e-01 7.539141e-01 1.006022e-05 -8.002300e-06 2.053431e-05 4.778065e-05
11738.115822 7.796338e-01 8.924654e-01 2.345352e-01 7.522423e-01 1.855670e-05 -9.884204e-06 9.390465e-06 5.304488e-05
11740.182405 7.796004e-01 8.932476e-01 2.351043e-01 7.544526e-01 1.997391e-05 -1.050383e-05 1.478495e-05 5.211620e-05
11742.261180 7.760283e-01 8.898531e-01 2.347672e-01 7.509353e-01 9.271876e-06 -1.217895e-05 1.379709e-05 4.694780e-05
11744.352148 7.752581e-01 8.895225e-01 2.350075e-01 7.502701e-01 5.548347e-06 -1.067894e-05 1.798256e-05 4.315648e-05
11746.455307 7.770990e-01 8.924930e-01 2.355469e-01 7.522275e-01 7.412119e-06 -1.774675e-05 1.583484e-05 4.741015e-05
11748.570658 7.769680e-01 8.931790e-01 2.351929e-01 7.518328e-01 1.093934e-05 -2.941153e-05 1.616713e-05 4.761177e-05
11750.698201 7.765255e-01 8.932913e-01 2.343260e-01 7.535110e-01 1.941985e-05 -4.382907e-05 1.539435e-05 5.076937e-05
11752.837935 7.765913e-01 8.943478e-01 2.336287e-01 7.542888e-01 1.702132e-05 -5.349189e-05 1.389053e-05 5.184066e-05
11754.989862 7.751957e-01 8.935293e-01 2.329505e-01 7.530013e-01 2.234647e-05 -4.266378e-05 3.006112e-05 5.058896e-05
11757.153981 7.761539e-01 8.955760e-01 2.337722e-01 7.537086e-01 1.445358e-05 -4.040685e-05 3.839128e-05 5.075836e-05
11759.330291 7.737586e-01 8.936796e-01 2.346030e-01 7.498764e-01 -1.036284e-06 -3.782808e-05 3.313872e-05 5.089338e-05
11761.518794 7.713439e-01 8.918346e-01 2.363890e-01 7.477978e-01 3.544138e-06 -3.566471e-05 3.436999e-05 5.662317e-05
11763.719488 7.722832e-01 8.939432e-01 2.402202e-01 7.483196e-01 -9.221395e-07 -3.282563e-05 3.076328e-05 4.464699e-05
11765.932374 7.734597e-01 8.963492e-01 2.441229e-01 7.477820e-01 2.607566e-06 -3.794905e-05 2.829532e-05 3.485291e-05
11768.157453 7.735038e-01 8.974356e-01 2.472457e-01 7.487531e-01 1.043707e-05 -3.732465e-05 2.488159e-05 2.689723e-05
11770.394723 7.728031e-01 8.976341e-01 2.496762e-01 7.478341e-01 9.366610e-06 -2.651536e-05 1.689427e-05 3.661925e-05
11772.644185 7.731171e-01 8.991098e-01 2.515959e-01 7.491654e-01 1.316350e-05 -2.832285e-05 2.491241e-05 4.197560e-05
11774.905838 7.736762e-01 9.007454e-01 2.533015e-01 7.488486e-01 1.288193e-05 -3.780559e-05 1.741695e-05 3.091092e-05
11777.179684 7.719392e-01 8.995733e-01 2.539225e-01 7.443995e-01 1.245765e-05 -2.906477e-05 2.103917e-05 2.702343e-05
11779.465722 7.715538e-01 9.001508e-01 2.547550e-01 7.449100e-01 1.628312e-05 -3.035555e-05 1.664841e-05 2.398514e-05
11781.763952 7.715545e-01 9.010760e-01 2.555675e-01 7.453893e-01 1.533191e-05 -3.340172e-05 2.075349e-05 2.756748e-05
11784.074373 7.709029e-01 9.012966e-01 2.560693e-01 7.455020e-01 1.493038e-05 -3.070632e-05 2.822568e-05 3.340704e-05
11786.396987 7.716686e-01 9.032272e-01 2.568847e-01 7.468350e-01 1.183172e-05 -2.430590e-05 2.106653e-05 3.740649e-05
11788.731792 7.712417e-01 9.035126e-01 2.571661e-01 7.466215e-01 1.988680e-05 -2.794684e-05 2.256627e-05 4.084226e-05
11791.078789 7.707633e-01 9.038020e-01 2.571249e-01 7.477123e-01 1.681905e-05 -2.878915e-05 2.298566e-05 4.894606e-05
11793.437978 7.689012e-01 9.025778e-01 2.564729e-01 7.470159e-01 8.206557e-06 -3.010210e-05 2.736388e-05 4.724932e-05
11795.809359 7.655695e-01 8.994826e-01 2.550713e-01 7.440076e-01 1.232392e-05 -2.907016e-05 3.513522e-05 5.084996e-05
11798.192932 7.665774e-01 9.014946e-01 2.544304e-01 7.460626e-01 1.434236e-05 -3.012978e-05 3.963220e-05 4.562338e-05
11800.588697 7.677359e-01 9.035668e-01 2.537137e-01 7.496880e-01 6.092131e-06 -3.086365e-05 3.886335e-05 4.801818e-05
11802.996654 7.679850e-01 9.047584e-01 2.523127e-01 7.484116e-01 7.100808e-06 -3.210464e-05 4.066682e-05 5.066744e-05
11805.416803 7.678048e-01 9.053865e-01 2.504467e-01 7.490482e-01 5.563193e-06 -2.193239e-05 3.763422e-05 4.993131e-05
11807.849143 7.674592e-01 9.058533e-01 2.483892e-01 7.493549e-01 1.114261e-06 -1.888780e-05 2.681498e-05 3.971320e-05
11810.293676 7.655988e-01 9.043861e-01 2.461263e-01 7.491145e-01 8.861588e-06 -1.959208e-05 2.689449e-05 4.770235e-05
11812.750400 7.656004e-01 9.052175e-01 2.449501e-01 7.501974e-01 1.233450e-05 -2.367419e-05 3.011128e-05 5.158263e-05
11815.219317 7.657908e-01 9.063437e-01 2.444879e-01 7.503016e-01 6.455403e-06 -2.070769e-05 3.248906e-05 4.988909e-05
11817.700425 7.648107e-01 9.060593e-01 2.442802e-01 7.505485e-01 8.852514e-06 -2.457289e-05 2.979384e-05 4.258777e-05
11820.193725 7.644742e-01 9.066470e-01 2.452600e-01 7.495233e-01 1.170376e-05 -1.185381e-05 3.227348e-05 3.412732e-05
11822.699217 7.614826e-01 9.038682e-01 2.454811e-01 7.498930e-01 2.059847e-05 -1.132315e-05 3.047375e-05 4.006738e-05
11825.216901 7.643388e-01 9.085313e-01 2.485682e-01 7.527052e-01 2.171631e-05 -1.312277e-05 2.974476e-05 5.921875e-05
11827.746777 7.647391e-01 9.100570e-01 2.512197e-01 7.510555e-01 1.678265e-05 -5.286147e-06 4.270526e-05 6.611375e-05
11830.288845 7.641938e-01 9.104339e-01 2.540816e-01 7.514428e-01 1.447922e-05 -1.788801e-05 5.876682e-05 5.578529e-05
11832.843105 7.605941e-01 9.071875e-01 2.562306e-01 7.473444e-01 1.278117e-05 -1.528994e-05 4.308636e-05 5.754983e-05
11835.409556 7.613200e-01 9.092127e-01 2.599967e-01 7.480532e-01 1.125103e-05 -2.013514e-05 3.195687e-05 5.022129e-05
11837.988200 7.583444e-01 9.066732e-01 2.622191e-01 7.428103e-01 1.899641e-05 -1.455574e-05 3.261266e-05 4.756648e-05
11840.579035 7.584225e-01 9.078204e-01 2.648504e-01 7.437508e-01 1.329758e-05 -1.640953e-05 2.988955e-05 4.562159e-05
11843.182062 7.599828e-01 9.108286e-01 2.672060e-01 7.453561e-01 1.679898e-05 -1.919264e-05 6.251072e-06 3.953817e-05
11845.797282 7.606021e-01 9.128180e-01 2.684629e-01 7.460039e-01 8.617791e-06 -2.735671e-05 1.189777e-05 3.853093e-05
11848.424693 7.595128e-01 9.125681e-01 2.686970e-01 7.446984e-01 2.025153e-06 -2.298587e-05 1.665720e-05 4.471261e-05
11851.064296 7.592322e-01 9.134118e-01 2.685044e-01 7.440636e-01 4.805909e-06 -2.222836e-05 3.475774e-05 4.434117e-05
11853.716091 7.561012e-01 9.106853e-01 2.671224e-01 7.403770e-01 4.017131e-06 -2.434795e-05 3.727621e-05 3.955674e-05
11856.380078 7.581550e-01 9.142166e-01 2.678901e-01 7.429191e-01 5.709676e-06 -2.963457e-05 2.839626e-05 3.704790e-05
11859.056256 7.585989e-01 9.157367e-01 2.685014e-01 7.451646e-01 1.690914e-05 -3.860895e-05 3.182988e-05 3.883751e-05
11861.744627 7.583693e-01 9.165146e-01 2.695810e-01 7.439401e-01 1.576001e-05 -4.107037e-05 3.887934e-05 3.612348e-05
11864.445190 7.553760e-01 9.139306e-01 2.698173e-01 7.399646e-01 2.306858e-05 -3.515390e-05 3.298781e-05 3.516736e-05
11867.157944 7.559966e-01 9.158076e-01 2.717577e-01 7.423294e-01 1.810911e-05 -2.930779e-05 4.243878e-05 3.570305e-05
11869.882891 7.582595e-01 9.197690e-01 2.735214e-01 7.470718e-01 2.606161e-05 -3.394745e-05 3.786041e-05 4.756638e-05
11872.620029 7.564855e-01 9.184678e-01 2.731474e-01 7.452024e-01 3.221558e-05 -3.278208e-05 4.175480e-05 3.271361e-05
11875.369359 7.564945e-01 9.195683e-01 2.727992e-01 7.432833e-01 3.408716e-05 -2.949442e-05 3.139645e-05 3.719923e-05
11878.130881 7.566914e-01 9.207716e-01 2.721248e-01 7.455143e-01 2.786806e-05 -2.755320e-05 2.849472e-05 2.621008e-05
11880.904595 7.558137e-01 9.207331e-01 2.707931e-01 7.464974e-01 2.305443e-05 -3.098409e-05 2.724850e-05 3.236842e-05
11883.690501 7.554572e-01 9.214402e-01 2.698196e-01 7.467779e-01 2.107370e-05 -3.121729e-05 2.258145e-05 3.619083e-05
11886.488599 7.547458e-01 9.215114e-01 2.687076e-01 7.457674e-01 1.397043e-05 -2.604309e-05 2.150899e-05 3.546046e-05
11889.298889 7.537011e-01 9.211628e-01 2.674860e-01 7.456037e-01 2.291172e-05 -2.458112e-05 2.982202e-05 3.929682e-05
11892.121371 7.534603e-01 9.219546e-01 2.666817e-01 7.457790e-01 2.611122e-05 -1.723810e-05 2.664420e-05 3.829870e-05
11894.956044 7.487243e-01 9.172592e-01 2.647300e-01 7.419810e-01 2.545936e-05 -1.274569e-05 3.306639e-05 3.582793e-05
11897.802910 7.447658e-01 9.133531e-01 2.637316e-01 7.389685e-01 2.668935e-05 -1.340209e-05 3.696935e-05 4.349306e-05
11900.661967 7.504163e-01 9.213829e-01 2.671469e-01 7.442515e-01 3.024879e-05 -2.028661e-05 3.319417e-05 3.825843e-05
11903.533217 7.509379e-01 9.231931e-01 2.692263e-01 7.442591e-01 3.631280e-05 -3.086335e-05 1.862190e-05 3.072962e-05
11906.416658 7.503907e-01 9.237322e-01 2.715822e-01 7.456378e-01 3.614320e-05 -3.047786e-05 2.069589e-05 2.719640e-05
11909.312291 7.494474e-01 9.238316e-01 2.745757e-01 7.429910e-01 3.937480e-05 -2.280816e-05 1.640162e-05 2.201834e-05
11912.220116 7.494604e-01 9.249802e-01 2.780210e-01 7.430124e-01 3.709027e-05 -2.308540e-05 2.258797e-05 1.404740e-05
11915.140133 7.490785e-01 9.257589e-01 2.808832e-01 7.433462e-01 3.498778e-05 -2.576795e-05 3.432888e-05 9.255642e-06
11918.072342 7.482993e-01 9.259055e-01 2.831527e-01 7.432547e-01 2.965007e-05 -3.324254e-05 2.422954e-05 7.999758e-06
11921.016743 7.418716e-01 9.191588e-01 2.824790e-01 7.377718e-01 2.596195e-05 -2.918784e-05 1.620679e-05 6.531254e-06
11923.973335 7.408342e-01 9.188247e-01 2.833695e-01 7.353755e-01 2.800635e-05 -2.124553e-05 3.595427e-05 1.433190e-05
11926.942120 7.460010e-01 9.266014e-01 2.861088e-01 7.404040e-01 2.076046e-05 -3.222568e-05 3.326607e-05 1.328840e-05
11929.923096 7.460001e-01 9.279152e-01 2.865150e-01 7.413244e-01 1.884767e-05 -3.463034e-05 3.528363e-05 1.544148e-05
11932.916265 7.464553e-01 9.298290e-01 2.868997e-01 7.426883e-01 1.805749e-05 -3.233062e-05 4.337183e-05 1.193894e-05
11935.921625 7.446530e-01 9.287137e-01 2.866252e-01 7.405738e-01 1.425309e-05 -2.493671e-05 4.328268e-05 1.936742e-05
11938.939177 7.442978e-01 9.295940e-01 2.868728e-01 7.401028e-01 2.062268e-05 -2.704240e-05 2.721632e-05 1.586868e-05
11941.968921 7.438232e-01 9.301172e-01 2.871439e-01 7.401251e-01 2.559454e-05 -2.779555e-05 2.140361e-05 2.125375e-05
11945.010858 7.435435e-01 9.308512e-01 2.876999e-01 7.414644e-01 2.505359e-05 -3.033548e-05 2.901025e-05 2.119005e-05
11948.064985 7.421265e-01 9.302883e-01 2.881973e-01 7.397751e-01 2.575993e-05 -2.922774e-05 2.530239e-05 2.548626e-05
11951.131305 7.423609e-01 9.318552e-01 2.898662e-01 7.400659e-01 2.302506e-05 -2.737340e-05 2.788065e-05 3.074667e-05
11954.209817 7.420093e-01 9.325905e-01 2.911547e-01 7.410287e-01 1.355170e-05 -3.190957e-05 3.993192e-05 3.824164e-05
11957.300521 7.422917e-01 9.342854e-01 2.927118e-01 7.400538e-01 1.204876e-05 -3.649658e-05 3.365762e-05 2.800652e-05
11960.403416 7.405472e-01 9.332618e-01 2.927347e-01 7.402024e-01 1.514314e-05 -3.157934e-05 2.696541e-05 2.938375e-05
11963.518504 7.418610e-01 9.360660e-01 2.932705e-01 7.419095e-01 9.081901e-06 -3.046926e-05 4.107564e-05 2.802526e-05
11966.645783 7.419416e-01 9.371710e-01 2.930577e-01 7.423489e-01 1.215317e-05 -2.963089e-05 4.676506e-05 3.666201e-05
11969.785255 7.406356e-01 9.367944e-01 2.921763e-01 7.409304e-01 1.054607e-05 -2.740513e-05 4.828161e-05 3.920142e-05
11972.936918 7.397616e-01 9.366863e-01 2.915347e-01 7.395576e-01 1.194255e-05 -2.455390e-05 3.312186e-05 3.272828e-05
11976.100773 7.394266e-01 9.376816e-01 2.917195e-01 7.417097e-01 9.932715e-06 -2.660689e-05 3.564319e-05 3.830219e-05
11979.276820 7.390895e-01 9.384802e-01 2.920491e-01 7.417826e-01 9.562981e-06 -3.768114e-05 3.797743e-05 3.372464e-05
11982.465059 7.377170e-01 9.377972e-01 2.920630e-01 7.394196e-01 -2.141958e-06 -2.777182e-05 3.002292e-05 2.209231e-05
11985.665490 7.370509e-01 9.382507e-01 2.923674e-01 7.412660e-01 5.307861e-06 -2.841522e-05 3.248573e-05 2.078397e-05
11988.878112 7.373742e-01 9.397805e-01 2.931028e-01 7.410359e-01 8.198394e-06 -3.824558e-05 4.198840e-05 1.754026e-05
11992.102927 7.364442e-01 9.397291e-01 2.935167e-01 7.399115e-01 8.655701e-06 -3.359363e-05 3.898368e-05 1.646460e-05
11995.339934 7.356256e-01 9.398654e-01 2.942195e-01 7.399330e-01 1.462107e-05 -2.863362e-05 4.267880e-05 2.183908e-05
11998.589132 7.349631e-01 9.404146e-01 2.954866e-01 7.398151e-01 1.504975e-05 -2.981012e-05 4.664014e-05 2.971650e-05
12001.850523 7.345014e-01 9.411097e-01 2.976014e-01 7.395425e-01 1.150167e-05 -2.772773e-05 5.638925e-05 3.426201e-05
12005.124105 7.331366e-01 9.406210e-01 2.995596e-01 7.371134e-01 3.044210e-06 -2.127853e-05 5.304400e-05 3.457030e-05
12008.409879 7.336051e-01 9.425062e-01 3.028672e-01 7.380710e-01 5.480247e-06 -2.287079e-05 4.028537e-05 4.288890e-05
12011.707845 7.331158e-01 9.432729e-01 3.059442e-01 7.386364e-01 5.394332e-06 -7.377589e-06 3.232016e-05 3.282792e-05
12015.018003 7.324464e-01 9.438000e-01 3.089278e-01 7.376537e-01 8.402533e-06 -9.744175e-06 2.721352e-05 3.061222e-05
12018.340353 7.317859e-01 9.441912e-01 3.114757e-01 7.366313e-01 5.120577e-06 -2.060411e-05 2.378275e-05 3.006377e-05
12021.674895 7.308558e-01 9.442814e-01 3.131873e-01 7.347472e-01 6.232281e-06 -3.090510e-05 2.881282e-05 2.222745e-05
12025.021629 7.308916e-01 9.456760e-01 3.145754e-01 7.363432e-01 8.805354e-06 -2.402052e-05 2.746814e-05 2.545420e-05
12028.380554 7.300186e-01 9.458322e-01 3.149250e-01 7.365691e-01 7.195445e-06 -2.346021e-05 2.235396e-05 2.055754e-05
12031.751672 7.296361e-01 9.467227e-01 3.153128e-01 7.360737e-01 5.272114e-06 -2.435986e-05 1.239778e-05 2.396727e-05
12035.134982 7.292752e-01 9.476399e-01 3.154670e-01 7.360139e-01 -3.170808e-06 -3.003236e-05 2.297148e-05 3.811028e-05
12038.530483 7.286474e-01 9.481547e-01 3.155055e-01 7.348550e-01 4.848861e-06 -2.137839e-05 2.148430e-05 4.501693e-05
12041.938176 7.281312e-01 9.487263e-01 3.156072e-01 7.343880e-01 9.200253e-06 -2.428740e-05 1.346770e-05 4.673352e-05
12045.358061 7.223537e-01 9.426751e-01 3.133122e-01 7.297228e-01 2.882715e-06 -2.426441e-05 1.619468e-05 3.577078e-05
12048.790139 7.162819e-01 9.361114e-01 3.110136e-01 7.244701e-01 7.971496e-06 -2.353467e-05 2.641870e-05 2.581402e-05
12052.234408 7.246633e-01 9.482495e-01 3.151413e-01 7.327478e-01 1.112089e-05 -1.769145e-05 3.312795e-05 4.041815e-05
12055.690868 7.261631e-01 9.515193e-01 3.161096e-01 7.353711e-01 4.292309e-06 -2.249714e-05 3.280735e-05 4.044798e-05
12059.159521 7.252098e-01 9.515474e-01 3.161440e-01 7.354861e-01 1.143364e-05 -1.951966e-05 3.729087e-05 3.483835e-05
12062.640366 7.252211e-01 9.530218e-01 3.166825e-01 7.361907e-01 4.256288e-06 -2.456267e-05 3.123985e-05 3.364668e-05
12066.133403 7.250222e-01 9.540965e-01 3.173511e-01 7.351413e-01 9.331246e-06 -2.173026e-05 2.945868e-05 2.358370e-05
12069.638631 7.240602e-01 9.540996e-01 3.179481e-01 7.360978e-01 9.010357e-06 -1.625693e-05 2.507731e-05 3.235480e-05
12073.156052 7.232894e-01 9.545524e-01 3.185159e-01 7.347409e-01 5.576855e-06 -2.141562e-05 2.052921e-05 2.810782e-05
12076.685664 7.227112e-01 9.551745e-01 3.192314e-01 7.343922e-01 4.055265e-06 -2.648743e-05 2.573502e-05 3.486986e-05
12080.227468 7.216664e-01 9.550237e-01 3.196942e-01 7.335964e-01 8.165090e-06 -2.045541e-05 2.927546e-05 3.321213e-05
12083.781465 7.212866e-01 9.560189e-01 3.207602e-01 7.353494e-01 9.805927e-06 -1.354643e-05 2.957654e-05 3.491247e-05
12087.347653 7.204040e-01 9.560586e-01 3.218571e-01 7.342787e-01 1.466686e-05 -1.852092e-05 1.855325e-05 3.505589e-05
12090.926033 7.198949e-01 9.567510e-01 3.235541e-01 7.336047e-01 9.164930e-06 -1.360720e-05 1.671549e-05 3.772536e-05
12094.516605 7.196902e-01 9.578685e-01 3.255498e-01 7.349820e-01 1.213957e-05 -1.264588e-05 1.214571e-05 3.764050e-05
12098.119369 7.193187e-01 9.588861e-01 3.277544e-01 7.342034e-01 2.125476e-05 -1.238325e-05 2.311503e-05 4.907008e-05
12101.734324 7.182410e-01 9.587859e-01 3.293305e-01 7.342130e-01 2.097283e-05 -4.637514e-06 1.498832e-05 3.392698e-05
12105.361472 7.177037e-01 9.595218e-01 3.310637e-01 7.318329e-01 2.411983e-05 -9.729762e-06 9.132587e-06 2.903148e-05
12109.000811 7.171468e-01 9.602493e-01 3.328660e-01 7.327541e-01 2.466081e-05 -5.245467e-06 1.716363e-05 2.904461e-05
12112.652343 7.163553e-01 9.607041e-01 3.344361e-01 7.313490e-01 2.823373e-05 -7.261442e-06 2.949947e-05 2.366961e-05
12116.316066 7.140765e-01 9.589911e-01 3.352069e-01 7.294283e-01 3.674943e-05 -8.205705e-06 2.265599e-05 2.217771e-05
12119.991982 7.137530e-01 9.599615e-01 3.372511e-01 7.295473e-01 3.565739e-05 -5.275318e-06 2.337107e-05 2.171486e-05
12123.680089 7.140014e-01 9.616420e-01 3.393708e-01 7.282957e-01 4.071345e-05 -1.151074e-05 2.212587e-05 2.897960e-05
12127.380388 7.130762e-01 9.618924e-01 3.410372e-01 7.282704e-01 4.713545e-05 -9.188853e-06 3.322358e-05 2.976428e-05
12131.092879 7.129163e-01 9.633282e-01 3.429743e-01 7.296953e-01 2.913985e-05 -6.404481e-06 3.869650e-05 3.247645e-05
12134.817562 7.123942e-01 9.640174e-01 3.444373e-01 7.278963e-01 1.897369e-05 -7.077639e-06 1.610607e-05 2.852324e-05
12138.554437 7.112230e-01 9.637790e-01 3.450945e-01 7.280901e-01 1.519279e-05 -9.195472e-06 1.248467e-05 3.719280e-05
12142.303503 7.112286e-01 9.652460e-01 3.461030e-01 7.279125e-01 1.311947e-05 -1.403949e-05 2.080708e-05 3.978652e-05
12146.064762 7.111083e-01 9.666429e-01 3.470140e-01 7.281036e-01 1.142336e-05 -9.417392e-06 1.718790e-05 3.154650e-05
12149.838213 7.098510e-01 9.663070e-01 3.472674e-01 7.274960e-01 1.751853e-05 -1.272074e-05 1.646671e-05 3.862241e-05
12153.623855 7.098288e-01 9.676756e-01 3.480759e-01 7.264396e-01 1.755761e-05 -5.187415e-06 3.289198e-05 5.598885e-05
12157.421689 7.098575e-01 9.693311e-01 3.489993e-01 7.279730e-01 8.129618e-06 -6.960168e-06 4.552717e-05 4.155404e-05
12161.231716 7.092989e-01 9.699782e-01 3.493058e-01 7.292133e-01 1.936305e-06 -6.879413e-06 3.816208e-05 4.493046e-05
12165.053934 7.079511e-01 9.695637e-01 3.492404e-01 7.275760e-01 1.065148e-05 -1.221390e-05 2.393155e-05 3.941654e-05
12168.888344 7.071179e-01 9.699770e-01 3.494171e-01 7.265803e-01 1.537759e-05 -4.164330e-06 2.654669e-05 3.552377e-05
12172.734946 7.050076e-01 9.685257e-01 3.491177e-01 7.252432e-01 7.419342e-06 -9.614590e-07 2.160393e-05 2.370757e-05
12176.593740 7.050629e-01 9.699659e-01 3.499569e-01 7.250104e-01 8.761863e-06 3.202041e-06 1.025795e-05 3.628177e-05
12180.464726 7.052843e-01 9.718157e-01 3.509252e-01 7.260890e-01 1.202797e-05 5.412031e-06 1.417149e-05 2.859747e-05
12184.347903 7.048847e-01 9.726966e-01 3.516976e-01 7.266996e-01 1.412807e-05 7.165063e-06 2.184558e-05 2.895581e-05
12188.243273 7.038636e-01 9.728005e-01 3.524992e-01 7.246406e-01 2.232374e-05 4.808280e-06 2.741880e-05 2.399109e-05
12192.150835 7.038025e-01 9.742541e-01 3.540112e-01 7.277593e-01 2.223776e-05 -5.509321e-06 2.948548e-05 3.320279e-05
12196.070588 7.026520e-01 9.740700e-01 3.550025e-01 7.272583e-01 2.373158e-05 -1.051450e-05 2.441186e-05 2.728854e-05
12200.002533 7.016700e-01 9.742140e-01 3.563820e-01 7.241765e-01 3.651463e-05 -1.586025e-06 2.810633e-05 2.576443e-05
12203.946671 7.013617e-01 9.753331e-01 3.583156e-01 7.250992e-01 3.059274e-05 7.164227e-06 1.695926e-05 2.679982e-05
12207.903000 7.010383e-01 9.765177e-01 3.605195e-01 7.244031e-01 2.585956e-05 -1.156525e-05 1.781789e-05 2.375095e-05
12211.871521 6.997147e-01 9.761084e-01 3.623445e-01 7.234488e-01 1.820070e-05 -2.196748e-05 2.481190e-05 3.248801e-05
12215.852234 6.993060e-01 9.769546e-01 3.643586e-01 7.240031e-01 2.086354e-05 -1.268932e-05 2.119186e-05 3.921202e-05
12219.845139 6.988031e-01 9.779151e-01 3.665387e-01 7.242236e-01 2.358576e-05 -1.347800e-05 2.413289e-05 3.897051e-05
12223.850236 6.985324e-01 9.790640e-01 3.686507e-01 7.248260e-01 2.095132e-05 -6.433221e-06 2.235519e-05 3.089310e-05
12227.867524 6.971089e-01 9.785990e-01 3.699193e-01 7.223964e-01 2.157355e-05 -1.826076e-06 1.996653e-05 2.916479e-05
12231.897005 6.968741e-01 9.799039e-01 3.716468e-01 7.218817e-01 1.402613e-05 1.510317e-06 2.581510e-05 3.540808e-05
12235.938678 6.957715e-01 9.798335e-01 3.729028e-01 7.226908e-01 1.846188e-05 -1.093684e-06 1.708557e-05 3.421265e-05
12239.992542 6.946850e-01 9.797993e-01 3.743155e-01 7.216462e-01 1.328336e-05 -6.902497e-06 1.334369e-05 2.419242e-05
12244.058598 6.940564e-01 9.805436e-01 3.758406e-01 7.208216e-01 8.870390e-06 -3.630669e-06 1.525551e-05 2.582360e-05
12248.136847 6.941741e-01 9.821983e-01 3.780157e-01 7.207013e-01 1.592480e-05 -4.650259e-06 1.995962e-05 2.323861e-05
12252.227287 6.885956e-01 9.760429e-01 3.771824e-01 7.154827e-01 1.989644e-05 -1.174313e-05 8.636174e-06 2.357467e-05
12256.329919 6.776314e-01 9.621127e-01 3.732963e-01 7.048666e-01 2.186862e-05 -9.111193e-06 -2.570980e-06 1.818803e-05
12260.444743 6.883114e-01 9.786004e-01 3.815565e-01 7.160776e-01 3.030638e-05 -1.859534e-05 7.568453e-06 2.132126e-05
12264.571759 6.902455e-01 9.829285e-01 3.844543e-01 7.180900e-01 3.258126e-05 -2.578293e-05 8.819521e-06 2.214488e-05
12268.710967 6.897990e-01 9.838870e-01 3.857217e-01 7.183623e-01 3.383407e-05 -2.353606e-05 1.250628e-05 2.533989e-05
12272.862366 6.900247e-01 9.857290e-01 3.871043e-01 7.195828e-01 2.973444e-05 -1.579495e-05 1.997505e-05 2.628083e-05
12277.025958 6.894052e-01 9.865507e-01 3.878584e-01 7.191594e-01 3.318892e-05 -1.831386e-05 1.700117e-05 3.272515e-05
12281.201742 6.884897e-01 9.867998e-01 3.879724e-01 7.183953e-01 4.001815e-05 -1.965161e-05 1.441109e-05 3.290171e-05
12285.389717 6.869249e-01 9.861236e-01 3.877344e-01 7.173679e-01 3.707975e-05 -1.363217e-05 7.877722e-06 2.765831e-05
12289.589884 6.859219e-01 9.862503e-01 3.876725e-01 7.164693e-01 2.533763e-05 -2.273911e-05 -4.970657e-08 1.891508e-05
12293.802244 6.857272e-01 9.876233e-01 3.882318e-01 7.167770e-01 2.443526e-05 -2.731091e-05 1.242710e-05 2.392898e-05
12298.026795 6.727353e-01 9.707825e-01 3.814371e-01 7.041061e-01 3.228059e-05 -2.181753e-05 1.624460e-05 2.457588e-05
12302.263538 6.758556e-01 9.764740e-01 3.842294e-01 7.071046e-01 2.629855e-05 -2.561118e-05 -3.210819e-06 2.214765e-05
12306.512473 6.829100e-01 9.882671e-01 3.896363e-01 7.149207e-01 2.013126e-05 -2.797845e-05 3.861029e-06 2.168846e-05
12310.773600 6.837104e-01 9.911332e-01 3.915997e-01 7.156120e-01 1.697829e-05 -3.153963e-05 7.320470e-06 2.545279e-05
12315.046919 6.833526e-01 9.921880e-01 3.932338e-01 7.162865e-01 1.876517e-05 -2.767999e-05 -5.708549e-08 3.315319e-05
12319.332429 6.822237e-01 9.921146e-01 3.946199e-01 7.146487e-01 2.379426e-05 -2.846430e-05 9.238817e-07 3.228664e-05
12323.630132 6.814657e-01 9.927192e-01 3.967015e-01 7.146279e-01 2.483412e-05 -3.381962e-05 2.010653e-06 3.343727e-05
12327.940026 6.812080e-01 9.939505e-01 3.992428e-01 7.163897e-01 3.142866e-05 -2.782950e-05 4.467392e-06 3.221567e-05
12332.262113 6.801924e-01 9.940372e-01 4.014844e-01 7.145902e-01 3.198092e-05 -1.457321e-05 3.833218e-06 2.572442e-05
12336.596391 6.799682e-01 9.952755e-01 4.042820e-01 7.145297e-01 3.262180e-05 -6.050919e-06 -6.147841e-06 3.589133e-05
12340.942861 6.796885e-01 9.966304e-01 4.068408e-01 7.150559e-01 2.695845e-05 -1.025739e-05 7.060532e-06 3.798111e-05
12345.301524 6.793175e-01 9.977179e-01 4.092917e-01 7.155488e-01 2.548243e-05 -2.544461e-05 2.419279e-05 3.984338e-05
12349.672378 6.783326e-01 9.979273e-01 4.111096e-01 7.146301e-01 2.885009e-05 -2.885051e-05 5.337562e-06 2.831046e-05
12354.055424 6.763795e-01 9.966789e-01 4.120546e-01 7.123368e-01 2.226151e-05 -2.632477e-05 5.557971e-06 2.260452e-05
12358.450662 6.770371e-01 9.993145e-01 4.144862e-01 7.134007e-01 2.336244e-05 -2.675808e-05 1.233226e-05 4.049244e-05
12362.858091 6.760839e-01 9.995170e-01 4.160025e-01 7.131058e-01 2.834548e-05 -2.544068e-05 4.224641e-06 3.793215e-05
12367.277713 6.741731e-01 9.983865e-01 4.169465e-01 7.120167e-01 2.890706e-05 -2.979322e-05 1.638025e-05 4.126141e-05
12371.709527 6.749186e-01 1.001058e+00 4.193648e-01 7.130206e-01 1.882187e-05 -2.990255e-05 7.006870e-06 2.671616e-05
12376.153532 6.745514e-01 1.002293e+00 4.213945e-01 7.134532e-01 1.497683e-05 -2.619110e-05 1.198245e-05 2.124780e-05
12380.609730 6.731350e-01 1.001804e+00 4.227182e-01 7.110677e-01 1.886722e-05 -1.945431e-05 1.208864e-05 1.616870e-05
12385.078119 6.723926e-01 1.002358e+00 4.242430e-01 7.101802e-01 1.400162e-05 -1.595588e-05 1.721815e-05 2.539770e-05
12389.558700 6.716051e-01 1.002906e+00 4.258325e-01 7.104721e-01 1.425219e-05 -1.829360e-05 1.285975e-05 2.187379e-05
12394.051473 6.710992e-01 1.003816e+00 4.274260e-01 7.101813e-01 1.688096e-05 -8.496128e-06 9.906615e-06 2.053826e-05
12398.556438 6.700061e-01 1.003790e+00 4.285167e-01 7.099005e-01 2.122933e-05 -6.270819e-06 1.133937e-05 1.944561e-05
12403.073595 6.688997e-01 1.003864e+00 4.296306e-01 7.084953e-01 1.636940e-05 -7.110829e-06 1.112091e-05 1.373132e-05
12407.602944 6.685570e-01 1.005098e+00 4.312298e-01 7.072543e-01 1.370921e-05 -1.447914e-05 1.310238e-05 1.283621e-05
12412.144485 6.680382e-01 1.006071e+00 4.325652e-01 7.080712e-01 9.553955e-06 -3.462369e-06 1.373002e-05 1.936438e-05
12416.698218 6.661578e-01 1.004869e+00 4.328431e-01 7.061637e-01 8.764169e-06 -1.846122e-06 1.538570e-05 2.123216e-05
12421.264142 6.633977e-01 1.002477e+00 4.327918e-01 7.050046e-01 2.734923e-06 -1.302405e-05 1.956915e-05 2.172305e-05
12425.842259 6.647400e-01 1.006048e+00 4.352959e-01 7.078245e-01 -1.086901e-06 -2.117660e-05 1.405704e-05 1.700680e-05
12430.432567 6.659158e-01 1.009529e+00 4.375932e-01 7.088807e-01 3.234304e-06 -2.080310e-05 2.171159e-06 2.755657e-05
12435.035068 6.643881e-01 1.008914e+00 4.381643e-01 7.065102e-01 4.596898e-06 -1.150728e-05 -4.808570e-06 2.988473e-05
12439.649760 6.638357e-01 1.009837e+00 4.393448e-01 7.060134e-01 8.330001e-06 -1.579301e-05 -1.039028e-06 2.456690e-05
12444.276644 6.623366e-01 1.009273e+00 4.400517e-01 7.046538e-01 1.540950e-05 -1.398951e-05 8.604779e-06 2.743428e-05
12448.915720 6.609285e-01 1.008858e+00 4.412448e-01 7.038269e-01 1.399787e-05 -1.516527e-05 6.042416e-06 2.572666e-05
12453.566988 6.610548e-01 1.010725e+00 4.435065e-01 7.051044e-01 1.197786e-05 -1.595164e-05 2.597256e-05 3.660180e-05
12458.230448 6.608074e-01 1.012074e+00 4.455580e-01 7.044919e-01 1.438186e-05 -1.324710e-05 2.439378e-05 3.299755e-05
12462.906100 6.602407e-01 1.012972e+00 4.474628e-01 7.056659e-01 9.676518e-06 -8.940807e-06 1.713069e-05 3.804909e-05
12467.593943 6.599293e-01 1.014235e+00 4.498588e-01 7.046088e-01 1.037509e-05 -1.321730e-05 1.326873e-05 5.101403e-05
12472.293979 6.582384e-01 1.013448e+00 4.512631e-01 7.027805e-01 2.149711e-05 -1.433687e-05 2.096707e-05 5.265812e-05
12477.006206 6.577603e-01 1.014338e+00 4.535972e-01 7.033253e-01 2.146943e-05 -6.535585e-06 3.475619e-05 4.735379e-05
12481.730626 6.579250e-01 1.016363e+00 4.565392e-01 7.037448e-01 1.738101e-05 -6.244583e-06 2.980639e-05 4.971588e-05
12486.467237 6.573689e-01 1.017344e+00 4.589674e-01 7.037307e-01 3.208316e-05 -1.302313e-05 2.392839e-05 4.892897e-05
12491.216040 6.565496e-01 1.017769e+00 4.611729e-01 7.036504e-01 2.200205e-05 -5.499855e-06 2.482283e-05 4.304624e-05
12495.977036 6.547522e-01 1.016840e+00 4.627752e-01 7.030544e-01 1.372897e-05 -6.044419e-06 2.068292e-05 3.770560e-05
12500.750223 6.518183e-01 1.014000e+00 4.634393e-01 6.999459e-01 4.369712e-06 -8.164819e-06 2.365245e-05 4.198334e-05
12505.535602 6.536986e-01 1.018582e+00 4.674798e-01 7.008232e-01 8.131173e-06 -3.629866e-06 3.051004e-05 4.148942e-05
12510.333172 6.540138e-01 1.020813e+00 4.702840e-01 7.019136e-01 1.597366e-05 -1.629977e-06 3.031901e-05 3.963916e-05
12515.142935 6.534801e-01 1.021754e+00 4.724609e-01 7.018662e-01 1.925342e-05 -9.603264e-06 2.494262e-05 3.299822e-05
12519.964890 6.527492e-01 1.022398e+00 4.743023e-01 7.009401e-01 1.649706e-05 -1.615335e-05 3.243014e-05 2.832474e-05
12524.799037 6.520583e-01 1.023065e+00 4.761351e-01 7.009437e-01 1.002915e-05 -2.277915e-05 2.666543e-05 2.371471e-05
12529.645375 6.458020e-01 1.015058e+00 4.738477e-01 6.950871e-01 1.605264e-05 -2.073612e-05 1.857441e-05 1.840123e-05
12534.503905 3.335032e-01 5.248225e-01 2.454795e-01 3.591576e-01 1.210288e-05 -1.173016e-05 1.357010e-05 1.229630e-05
12539.374628 6.505360e-03 1.024116e-02 4.793438e-03 7.005384e-03 2.282613e-07 -1.781708e-07 2.891288e-07 2.128262e-07
