# Facility: NSLS-II
# Beamline: QAS
# Year: 2023
# Cycle: 3
# SAF: 312215
# PI: Reece
# Proposal: 313586
# Scan ID: 270558
# UID: 8ed52b3d-698e-4ff7-a46e-19cf3146ee64
# Comment: 
# Start time: 10/18/2023  01:47:49
# Stop time: 10/18/2023  01:48:20
# Total time: 00:31
# Trajectory name: Pt-L3-30s-11564.txt
# Element: Platinum ( 78)
# Edge: L3
# E0: 11564
# Reference Foil Element: Pt
# Keithley Gains I0: 1E6 V/A It: 1E6 V/A Iref: 1E7 V/A PIPS: 1E8 V/A 
# Ion Chamber Gas Flow Rates: I0: 0.00 sccm He + 189.60 sccm N2 + 9.80 sccm Ar 
# Ion Chamber Gas Flow Rates: It&Iref: 39.70 sccm N2 + 60.10 sccm Ar
# Incident Beam Path Vertical: 31.75 mm
# Incident Slits Positions B: TOP: 2.0 mm Bottom: 1.0 mm Inboard: 0.57675 mm Outboard: 1.57675 mm
# Sample Stage Positions: Rotation: 45.0 deg Horizontal: -10.22 mm Vertical: 15.30 mm Beam Direction: 0.00 mm
# PerkinElmer Vertical Position: 500.00 mm
# Linkam Oven Temperature : 3.03 C and Ramp Rate: 20.00 C/min.
# Front End Mirror Horizontal Positions: Up: -14.00 mm Down: -14.00 mm
#
# energy  i0  it  ir  iff  aux1  aux2  aux3  aux4
11380.511113 4.213870e-01 4.515703e-01 5.880960e-01 8.670363e-02 1.142979e-05 -3.540246e-07 1.194034e-05 5.813443e-05
11385.511113 8.275439e-01 8.881352e-01 1.158333e+00 1.711640e-01 2.298768e-05 -4.195342e-06 2.486821e-05 1.190675e-04
11390.511113 8.339478e-01 8.970383e-01 1.172848e+00 1.717675e-01 3.149766e-05 -6.706814e-06 1.813530e-05 1.104933e-04
11395.511113 8.413689e-01 9.074153e-01 1.189795e+00 1.728690e-01 3.085957e-05 -6.108927e-06 2.234240e-05 1.131743e-04
11400.511113 8.397122e-01 9.077819e-01 1.193006e+00 1.734157e-01 3.090399e-05 -1.676345e-05 2.838901e-05 1.000901e-04
11405.511113 8.375795e-01 9.076092e-01 1.195486e+00 1.736919e-01 1.650807e-05 -2.394374e-05 1.876577e-05 1.033023e-04
11410.511113 8.347219e-01 9.066250e-01 1.197104e+00 1.736848e-01 1.799406e-05 -2.013337e-05 1.757121e-05 9.794374e-05
11415.511113 8.266950e-01 8.998143e-01 1.190748e+00 1.722078e-01 3.515858e-05 -2.846419e-05 1.016659e-05 1.040237e-04
11420.511113 8.265347e-01 9.016609e-01 1.196308e+00 1.726377e-01 1.937110e-05 -2.856846e-05 9.366670e-06 9.821395e-05
11425.511113 8.341333e-01 9.124435e-01 1.214067e+00 1.746760e-01 2.390138e-05 -1.112668e-05 1.812200e-05 9.042053e-05
11430.511113 8.353950e-01 9.160983e-01 1.222065e+00 1.755614e-01 2.856223e-05 -4.841567e-06 3.171641e-05 9.258978e-05
11435.511113 8.338417e-01 9.165317e-01 1.225504e+00 1.754599e-01 2.700136e-05 -5.462648e-06 4.036295e-05 1.049895e-04
11440.511113 8.318284e-01 9.164937e-01 1.228344e+00 1.762579e-01 3.296415e-05 3.600706e-06 3.395082e-05 1.082613e-04
11445.511113 8.305670e-01 9.171784e-01 1.232370e+00 1.763787e-01 3.239165e-05 -1.067768e-05 2.789461e-05 1.052676e-04
11450.511113 8.296722e-01 9.183215e-01 1.237060e+00 1.764284e-01 3.463639e-05 -2.111411e-05 3.730691e-05 1.008867e-04
11455.511113 8.282914e-01 9.188375e-01 1.240681e+00 1.764585e-01 2.969836e-05 -3.143198e-05 3.900779e-05 1.144840e-04
11460.511113 8.274840e-01 9.200100e-01 1.245268e+00 1.770584e-01 3.477048e-05 -2.191328e-05 3.678037e-05 1.084339e-04
11465.511113 8.270593e-01 9.217145e-01 1.250328e+00 1.777986e-01 3.393009e-05 -2.279709e-05 3.820061e-05 1.133055e-04
11470.511113 8.257292e-01 9.224384e-01 1.253891e+00 1.782104e-01 3.764450e-05 -2.849263e-05 4.569794e-05 1.113126e-04
11475.511113 8.248019e-01 9.235986e-01 1.258226e+00 1.784228e-01 3.344306e-05 -2.435719e-05 4.202280e-05 1.078542e-04
11480.511113 8.236203e-01 9.244627e-01 1.261850e+00 1.787806e-01 3.602754e-05 -2.329339e-05 3.896410e-05 1.027598e-04
11485.511113 8.230853e-01 9.261050e-01 1.266522e+00 1.789009e-01 3.043312e-05 -2.774517e-05 3.225883e-05 9.997247e-05
11490.511113 8.216791e-01 9.266336e-01 1.269758e+00 1.801336e-01 3.403045e-05 -2.602727e-05 4.160680e-05 1.043688e-04
11495.511113 8.206906e-01 9.276279e-01 1.273026e+00 1.808893e-01 3.792215e-05 -3.037258e-05 4.187433e-05 1.013994e-04
11500.511113 8.205447e-01 9.296157e-01 1.277585e+00 1.816159e-01 3.728411e-05 -3.405973e-05 4.513835e-05 1.123712e-04
11505.511113 8.197214e-01 9.308424e-01 1.280758e+00 1.825857e-01 3.234981e-05 -2.521497e-05 3.734878e-05 1.121619e-04
11510.511113 8.182447e-01 9.312293e-01 1.282522e+00 1.836028e-01 3.095476e-05 -2.887026e-05 5.173860e-05 1.071621e-04
11515.511113 8.168043e-01 9.315736e-01 1.283452e+00 1.849088e-01 2.205348e-05 -3.047084e-05 4.821716e-05 1.075810e-04
11520.511113 8.160172e-01 9.326669e-01 1.284262e+00 1.865072e-01 2.168769e-05 -2.156786e-05 4.013170e-05 1.040633e-04
11525.511113 8.155179e-01 9.340064e-01 1.284114e+00 1.883523e-01 2.842073e-05 -7.059556e-06 3.217996e-05 1.108238e-04
11530.511113 8.149527e-01 9.351855e-01 1.281919e+00 1.910526e-01 3.012397e-05 -1.075188e-05 3.044188e-05 1.119057e-04
11534.000000 8.142735e-01 9.354558e-01 1.278175e+00 1.932950e-01 3.489389e-05 -2.222168e-06 2.843997e-05 1.126171e-04
11535.000000 8.136686e-01 9.349408e-01 1.275874e+00 1.944374e-01 3.339950e-05 -7.892850e-06 2.848268e-05 1.202416e-04
11536.000000 8.139015e-01 9.356776e-01 1.274803e+00 1.954705e-01 3.082307e-05 -1.695020e-05 3.796507e-05 1.191939e-04
11537.000000 8.129173e-01 9.348456e-01 1.271605e+00 1.961147e-01 3.336382e-05 -9.738063e-06 4.076004e-05 1.186160e-04
11538.000000 8.143496e-01 9.367845e-01 1.272253e+00 1.966525e-01 2.733316e-05 -7.809668e-06 3.667259e-05 1.091835e-04
11539.000000 8.137973e-01 9.366214e-01 1.269691e+00 1.977198e-01 3.877465e-05 -8.595870e-06 3.945277e-05 1.182760e-04
11540.000000 8.130308e-01 9.360629e-01 1.265932e+00 1.994222e-01 4.468076e-05 -6.029859e-06 3.435846e-05 1.075346e-04
11541.000000 8.128892e-01 9.358298e-01 1.262825e+00 2.001484e-01 3.709727e-05 9.331206e-06 3.009968e-05 1.162775e-04
11541.200000 8.148841e-01 9.379839e-01 1.265000e+00 2.005779e-01 2.614558e-05 8.824410e-06 1.779987e-05 1.152735e-04
11541.400000 8.131524e-01 9.362913e-01 1.261761e+00 2.012295e-01 4.570061e-05 1.942670e-05 1.197283e-05 1.186587e-04
11541.600000 8.107267e-01 9.338664e-01 1.257310e+00 2.008392e-01 3.157706e-05 7.007822e-06 2.272042e-05 1.236669e-04
11541.800000 8.165812e-01 9.400985e-01 1.264796e+00 2.062217e-01 3.500398e-05 6.239581e-07 2.012489e-05 1.184670e-04
11542.000000 8.091147e-01 9.320747e-01 1.253507e+00 2.000762e-01 3.371791e-05 2.314605e-07 7.440826e-06 1.141761e-04
11542.200000 8.116078e-01 9.348051e-01 1.256092e+00 2.027590e-01 3.177193e-05 7.486339e-06 1.712859e-05 1.094779e-04
11542.400000 8.191420e-01 9.436564e-01 1.267479e+00 2.057180e-01 4.526423e-05 -5.727531e-06 2.287760e-05 1.171779e-04
11542.600000 8.023252e-01 9.243715e-01 1.240642e+00 1.976258e-01 2.803899e-05 -6.741634e-06 2.689786e-05 1.170085e-04
11542.800000 8.156895e-01 9.393408e-01 1.260483e+00 2.020305e-01 5.203916e-05 -1.144260e-06 2.049681e-05 1.060342e-04
11543.000000 8.139849e-01 9.379883e-01 1.258097e+00 2.029321e-01 4.583629e-05 -6.175470e-06 2.749645e-05 1.129113e-04
11543.200000 8.087826e-01 9.317865e-01 1.248132e+00 2.028587e-01 4.082828e-05 3.239600e-06 3.425802e-05 1.097464e-04
11543.400000 8.132573e-01 9.371310e-01 1.254715e+00 2.047853e-01 4.220545e-05 4.560133e-06 4.378390e-05 1.037990e-04
11543.600000 8.087065e-01 9.321377e-01 1.246421e+00 2.040622e-01 2.612092e-05 -6.352682e-06 4.341012e-05 1.066048e-04
11543.800000 8.112690e-01 9.348321e-01 1.248935e+00 2.056326e-01 3.818791e-05 -3.136113e-06 2.013882e-05 1.049953e-04
11544.000000 8.119405e-01 9.362180e-01 1.250095e+00 2.028817e-01 3.732849e-05 -1.619818e-06 2.189699e-05 1.023680e-04
11544.200000 8.200869e-01 9.447907e-01 1.261359e+00 2.050254e-01 4.005530e-05 1.615852e-07 3.928315e-05 1.133335e-04
11544.400000 8.030498e-01 9.250083e-01 1.233579e+00 2.010508e-01 3.389489e-05 -6.296294e-06 3.272792e-05 1.093127e-04
11544.600000 8.148426e-01 9.394294e-01 1.251229e+00 2.098721e-01 3.794040e-05 2.475031e-06 3.611540e-05 1.055489e-04
11544.800000 8.141917e-01 9.383619e-01 1.249156e+00 2.082194e-01 4.128585e-05 -3.328245e-06 1.813011e-05 1.088622e-04
11545.000000 8.168887e-01 9.413282e-01 1.251728e+00 2.093242e-01 3.949742e-05 -2.470496e-06 1.782115e-05 1.133906e-04
11545.200000 7.996390e-01 9.215476e-01 1.225303e+00 2.069465e-01 3.597242e-05 -1.211611e-06 2.384043e-05 1.136061e-04
11545.400000 8.202141e-01 9.458524e-01 1.255288e+00 2.099851e-01 4.252042e-05 2.395331e-06 2.432686e-05 1.173478e-04
11545.600000 8.125906e-01 9.367780e-01 1.242667e+00 2.086125e-01 5.179352e-05 8.451323e-06 1.844630e-05 1.015155e-04
11545.800000 8.156647e-01 9.401086e-01 1.245377e+00 2.109742e-01 4.213977e-05 1.059426e-05 2.192269e-06 9.499464e-05
11546.000000 8.084553e-01 9.320291e-01 1.232813e+00 2.104149e-01 5.380542e-05 9.957667e-06 2.596001e-05 9.732305e-05
11546.200000 8.141344e-01 9.385014e-01 1.240235e+00 2.103991e-01 5.473906e-05 9.285681e-06 2.916306e-05 1.140017e-04
11546.400000 8.142626e-01 9.386882e-01 1.239815e+00 2.105274e-01 4.878823e-05 8.807994e-06 2.986319e-05 1.174530e-04
11546.600000 8.118140e-01 9.356947e-01 1.234641e+00 2.135166e-01 4.337729e-05 5.790222e-06 3.355783e-05 1.017762e-04
11546.800000 8.130157e-01 9.374664e-01 1.235013e+00 2.119917e-01 3.532114e-05 1.169731e-05 3.913191e-05 9.416172e-05
11547.000000 8.099839e-01 9.337083e-01 1.228362e+00 2.125692e-01 4.981889e-05 2.259054e-05 3.465852e-05 1.021503e-04
11547.200000 8.160132e-01 9.408469e-01 1.236829e+00 2.102239e-01 2.928215e-05 2.017705e-05 4.533657e-05 1.032783e-04
11547.400000 8.118596e-01 9.359617e-01 1.229080e+00 2.106562e-01 3.883547e-05 2.110646e-05 4.367577e-05 1.082318e-04
11547.600000 8.140743e-01 9.384869e-01 1.230881e+00 2.154625e-01 3.378945e-05 1.753287e-05 2.887969e-05 1.101113e-04
11547.800000 8.118708e-01 9.360383e-01 1.225683e+00 2.109490e-01 3.055369e-05 1.642528e-05 2.572018e-05 1.082126e-04
11548.000000 8.088948e-01 9.325288e-01 1.219850e+00 2.135811e-01 3.355068e-05 1.964288e-05 1.664829e-05 1.021085e-04
11548.200000 8.131639e-01 9.371170e-01 1.224170e+00 2.153987e-01 2.273015e-05 1.836736e-05 1.865709e-05 1.066666e-04
11548.400000 8.104163e-01 9.348492e-01 1.218540e+00 2.122167e-01 3.238521e-05 4.964452e-06 2.217553e-05 1.146028e-04
11548.600000 8.095740e-01 9.333456e-01 1.214380e+00 2.141580e-01 3.080428e-05 -7.210080e-06 7.781240e-06 1.215797e-04
11548.800000 8.150474e-01 9.395689e-01 1.222057e+00 2.183672e-01 3.871097e-05 1.426539e-06 1.581679e-05 1.224369e-04
11549.000000 8.114505e-01 9.357873e-01 1.214396e+00 2.163375e-01 2.848550e-05 4.775396e-06 8.248246e-06 1.171093e-04
11549.200000 8.120558e-01 9.359735e-01 1.212495e+00 2.181449e-01 4.209853e-05 1.203691e-05 -1.383266e-09 1.241687e-04
11549.400000 8.113630e-01 9.356277e-01 1.210676e+00 2.170399e-01 3.102743e-05 1.107764e-05 8.387685e-06 1.127211e-04
11549.600000 8.051245e-01 9.277396e-01 1.198271e+00 2.168019e-01 2.706332e-05 3.271796e-06 9.503505e-06 1.205403e-04
11549.800000 8.114382e-01 9.357592e-01 1.206403e+00 2.202368e-01 2.597189e-05 -1.469856e-05 2.101028e-05 1.202497e-04
11550.000000 8.133834e-01 9.375654e-01 1.206328e+00 2.215512e-01 1.843549e-05 -1.027487e-05 4.091125e-05 1.315228e-04
11550.200000 8.058636e-01 9.287225e-01 1.192888e+00 2.197138e-01 2.409115e-05 -2.039038e-07 3.017468e-06 1.164932e-04
11550.400000 8.161198e-01 9.410099e-01 1.206136e+00 2.254862e-01 1.819682e-05 3.020212e-06 1.091788e-06 1.039024e-04
11550.600000 8.142582e-01 9.388223e-01 1.200337e+00 2.220318e-01 2.819277e-05 7.180568e-06 5.605956e-06 9.488781e-05
11550.800000 8.108193e-01 9.348567e-01 1.192290e+00 2.232334e-01 2.217083e-05 2.652702e-06 1.344742e-05 8.987085e-05
11551.000000 8.093985e-01 9.326894e-01 1.187801e+00 2.264299e-01 2.935839e-05 2.518643e-06 1.278423e-05 9.763377e-05
11551.200000 8.158471e-01 9.404619e-01 1.194736e+00 2.261500e-01 2.097406e-05 6.889252e-06 1.806426e-05 1.095367e-04
11551.400000 7.913777e-01 9.115222e-01 1.154707e+00 2.198186e-01 2.511690e-05 9.547520e-06 2.057264e-05 1.131698e-04
11551.600000 8.137926e-01 9.377582e-01 1.185521e+00 2.315052e-01 2.345964e-05 1.027577e-05 2.643277e-05 1.022952e-04
11551.800000 8.178718e-01 9.419449e-01 1.188000e+00 2.287687e-01 2.927826e-05 9.311425e-06 2.639079e-05 9.113811e-05
11552.000000 8.147029e-01 9.388644e-01 1.180025e+00 2.324086e-01 1.946375e-05 5.907552e-06 2.087326e-05 8.125180e-05
11552.200000 8.144780e-01 9.385619e-01 1.176403e+00 2.311894e-01 2.972217e-05 2.198129e-06 5.920547e-06 9.004872e-05
11552.400000 8.130378e-01 9.368575e-01 1.171063e+00 2.338088e-01 1.893163e-05 5.184512e-06 1.986443e-05 9.385517e-05
11552.600000 8.106276e-01 9.340209e-01 1.163399e+00 2.346501e-01 4.339963e-05 9.790864e-06 2.889071e-05 1.012494e-04
11552.800000 8.096989e-01 9.325805e-01 1.157913e+00 2.372601e-01 3.725026e-05 -5.382343e-06 2.655370e-05 1.066334e-04
11553.000000 8.127310e-01 9.361518e-01 1.159522e+00 2.358201e-01 4.493482e-05 -6.917890e-06 2.939926e-05 1.001657e-04
11553.200000 8.124051e-01 9.357167e-01 1.154427e+00 2.383657e-01 4.596316e-05 -1.068928e-05 2.692090e-05 9.791144e-05
11553.400000 8.115729e-01 9.349034e-01 1.150333e+00 2.410174e-01 4.802644e-05 -1.664646e-05 2.562394e-05 9.585752e-05
11553.600000 8.169461e-01 9.406175e-01 1.153045e+00 2.417527e-01 3.144308e-05 -1.454915e-05 2.433008e-05 9.338170e-05
11553.800000 8.087730e-01 9.310678e-01 1.136441e+00 2.398399e-01 4.283973e-05 -1.490675e-05 2.736607e-05 9.970518e-05
11554.000000 8.133728e-01 9.362478e-01 1.138450e+00 2.455496e-01 3.694408e-05 -1.502086e-05 2.970450e-05 1.042244e-04
11554.200000 8.062437e-01 9.275337e-01 1.122334e+00 2.437216e-01 4.332379e-05 -7.704752e-06 4.175753e-05 1.092705e-04
11554.400000 8.098726e-01 9.320755e-01 1.124017e+00 2.449842e-01 3.848674e-05 -1.036137e-05 2.519666e-05 9.765725e-05
11554.600000 8.124028e-01 9.347030e-01 1.121638e+00 2.474258e-01 4.546917e-05 -1.738294e-05 1.964489e-05 9.907201e-05
11554.800000 8.122055e-01 9.342879e-01 1.115398e+00 2.537818e-01 3.768835e-05 -1.770203e-05 3.009631e-05 8.868321e-05
11555.000000 8.127407e-01 9.346055e-01 1.110747e+00 2.522613e-01 4.491351e-05 -1.600364e-05 4.193031e-05 7.411782e-05
11555.200000 8.121337e-01 9.337056e-01 1.103423e+00 2.537169e-01 3.503173e-05 1.565762e-06 2.781483e-05 3.836114e-05
11555.400000 8.123329e-01 9.340094e-01 1.097534e+00 2.577502e-01 3.654653e-05 5.119304e-06 2.238925e-05 3.478611e-05
11555.600000 8.178092e-01 9.401348e-01 1.099129e+00 2.587967e-01 1.936278e-05 -2.246683e-06 3.802456e-05 6.274907e-05
11555.800000 8.056097e-01 9.256856e-01 1.074720e+00 2.597849e-01 7.371136e-06 -5.111786e-06 4.059934e-05 7.958058e-05
11556.000000 8.080301e-01 9.280722e-01 1.069893e+00 2.599132e-01 1.715023e-05 2.142926e-06 4.150764e-05 7.751979e-05
11556.200000 8.154498e-01 9.365725e-01 1.072568e+00 2.674981e-01 2.099817e-06 -1.499972e-06 3.551984e-05 7.970545e-05
11556.400000 8.086217e-01 9.282414e-01 1.055653e+00 2.661872e-01 9.860615e-06 8.130456e-07 4.408710e-05 8.848291e-05
11556.600000 8.085903e-01 9.279375e-01 1.047844e+00 2.691273e-01 1.260150e-05 -3.000995e-06 1.322523e-05 8.039469e-05
11556.800000 8.111986e-01 9.307151e-01 1.042774e+00 2.719441e-01 8.564206e-06 -4.385092e-06 1.601018e-05 8.050836e-05
11557.000000 8.106654e-01 9.296938e-01 1.032595e+00 2.726357e-01 2.419555e-05 -2.333659e-06 2.438160e-05 8.792220e-05
11557.200000 8.082445e-01 9.266225e-01 1.019645e+00 2.758258e-01 3.492591e-05 4.395910e-06 3.290493e-05 9.454179e-05
11557.400000 8.125707e-01 9.310636e-01 1.015342e+00 2.831325e-01 3.149562e-05 7.860384e-06 1.768874e-05 8.317069e-05
11557.600000 8.106888e-01 9.283105e-01 1.002204e+00 2.850242e-01 3.729240e-05 3.196187e-06 1.820230e-05 8.376835e-05
11557.800000 8.124423e-01 9.298522e-01 9.934696e-01 2.894095e-01 2.357977e-05 -8.000144e-06 2.799512e-05 9.036882e-05
11558.000000 8.079129e-01 9.241935e-01 9.772804e-01 2.934435e-01 3.382788e-05 -6.240680e-06 4.047674e-05 8.864957e-05
11558.200000 8.031934e-01 9.183154e-01 9.592492e-01 2.977096e-01 1.889298e-05 -4.087872e-06 4.179712e-05 9.097508e-05
11558.400000 8.142029e-01 9.304534e-01 9.594003e-01 3.052573e-01 2.183052e-05 -2.065936e-05 4.706210e-05 9.402071e-05
11558.600000 8.073250e-01 9.218459e-01 9.386122e-01 3.064971e-01 3.010318e-05 -2.258049e-05 4.673029e-05 1.014708e-04
11558.800000 8.114676e-01 9.258815e-01 9.288496e-01 3.124742e-01 3.582980e-05 -1.132402e-05 3.092862e-05 9.809651e-05
11559.000000 8.124951e-01 9.264165e-01 9.152814e-01 3.174565e-01 2.597653e-05 -1.484949e-05 2.322470e-05 9.673181e-05
11559.200000 8.097962e-01 9.223328e-01 8.967900e-01 3.247307e-01 2.237842e-05 -1.781963e-05 3.248055e-05 9.819466e-05
11559.400000 8.121004e-01 9.243053e-01 8.829069e-01 3.290849e-01 2.336971e-05 -1.653208e-05 3.614914e-05 9.714754e-05
11559.600000 8.057518e-01 9.161958e-01 8.584193e-01 3.340230e-01 2.832913e-05 -7.252350e-06 3.948936e-05 8.443245e-05
11559.800000 8.096477e-01 9.193422e-01 8.442458e-01 3.428035e-01 3.203819e-05 -1.696749e-05 4.182062e-05 9.127213e-05
11560.000000 8.083196e-01 9.168907e-01 8.248017e-01 3.488266e-01 3.431941e-05 -2.752578e-05 4.946059e-05 8.874129e-05
11560.200000 8.082617e-01 9.159801e-01 8.042199e-01 3.557234e-01 3.075106e-05 -2.132252e-05 3.687926e-05 7.202162e-05
11560.400000 8.092312e-01 9.155802e-01 7.834088e-01 3.683563e-01 2.433773e-05 -1.597579e-05 4.426170e-05 8.212208e-05
11560.600000 8.096891e-01 9.150755e-01 7.621455e-01 3.735746e-01 2.252308e-05 -2.308833e-05 4.604200e-05 8.298263e-05
11560.800000 8.171748e-01 9.220953e-01 7.448880e-01 3.894899e-01 2.614763e-05 -3.200635e-05 3.806918e-05 8.562159e-05
11561.000000 8.091991e-01 9.116862e-01 7.142348e-01 3.970013e-01 2.181586e-05 -2.656371e-05 4.539976e-05 1.006932e-04
11561.200000 8.086288e-01 9.094710e-01 6.877398e-01 4.065384e-01 3.533342e-05 -2.030468e-05 4.232868e-05 8.520724e-05
11561.400000 8.127516e-01 9.119222e-01 6.648331e-01 4.201518e-01 4.070875e-05 -2.997057e-05 3.241784e-05 9.670147e-05
11561.600000 8.071446e-01 9.039622e-01 6.322084e-01 4.337330e-01 2.841807e-05 -2.878103e-05 3.716152e-05 9.315866e-05
11561.800000 8.149491e-01 9.102381e-01 6.088203e-01 4.508470e-01 2.935885e-05 -2.308396e-05 3.308318e-05 8.050578e-05
11562.000000 8.071290e-01 8.991135e-01 5.743781e-01 4.645317e-01 3.300674e-05 -2.162330e-05 4.057638e-05 7.823249e-05
11562.200000 8.119060e-01 9.019892e-01 5.475121e-01 4.842703e-01 3.416658e-05 -2.125180e-05 5.934560e-05 8.020746e-05
11562.400000 8.111336e-01 8.984356e-01 5.168566e-01 5.026162e-01 3.020036e-05 -3.085760e-05 5.343426e-05 7.884347e-05
11562.600000 8.138085e-01 8.984374e-01 4.887212e-01 5.233779e-01 3.642099e-05 -2.680339e-05 3.920131e-05 8.518747e-05
11562.800000 8.067329e-01 8.872759e-01 4.528813e-01 5.376212e-01 3.782356e-05 -2.250319e-05 4.137123e-05 8.826000e-05
11563.000000 8.078673e-01 8.850416e-01 4.245211e-01 5.609812e-01 3.606179e-05 -2.186104e-05 5.136297e-05 9.084584e-05
11563.200000 8.136696e-01 8.879194e-01 3.972095e-01 5.917065e-01 4.894747e-05 -1.770354e-05 4.599790e-05 1.018345e-04
11563.400000 8.089695e-01 8.796173e-01 3.682484e-01 6.141361e-01 4.732596e-05 -2.083638e-05 3.552622e-05 9.328499e-05
11563.600000 8.079222e-01 8.739840e-01 3.387820e-01 6.425450e-01 3.781860e-05 -2.841877e-05 3.142563e-05 9.075996e-05
11563.800000 8.106690e-01 8.726204e-01 3.121634e-01 6.733870e-01 3.631672e-05 -2.121622e-05 3.661801e-05 8.186004e-05
11564.000000 8.116148e-01 8.689194e-01 2.861990e-01 7.049680e-01 4.447265e-05 -9.915958e-07 3.688721e-05 8.707651e-05
11564.200000 8.075990e-01 8.603794e-01 2.622638e-01 7.315187e-01 3.901299e-05 -1.261096e-05 4.501949e-05 8.272379e-05
11564.400000 8.155956e-01 8.639501e-01 2.424586e-01 7.661013e-01 4.202615e-05 -2.106174e-05 4.479204e-05 7.835681e-05
11564.600000 8.009824e-01 8.439930e-01 2.191531e-01 7.861146e-01 4.285706e-05 -1.145359e-05 3.445611e-05 5.403009e-05
11564.800000 8.128772e-01 8.516359e-01 2.034184e-01 8.323864e-01 5.547725e-05 -9.560439e-06 3.192227e-05 7.688288e-05
11565.000000 8.073826e-01 8.408350e-01 1.861474e-01 8.558385e-01 5.342334e-05 -4.588013e-06 2.906639e-05 9.298617e-05
11565.200000 8.110715e-01 8.398779e-01 1.726854e-01 8.919275e-01 5.617166e-05 -1.016518e-05 2.770599e-05 8.579089e-05
11565.400000 8.102481e-01 8.343591e-01 1.604145e-01 9.224490e-01 5.274043e-05 -1.433188e-05 3.677641e-05 8.841593e-05
11565.600000 8.117111e-01 8.313805e-01 1.502992e-01 9.542997e-01 4.401613e-05 -2.149241e-05 2.250757e-05 9.359922e-05
11565.800000 8.081863e-01 8.234795e-01 1.411704e-01 9.770381e-01 5.288320e-05 -2.406009e-05 1.464162e-05 9.472420e-05
11566.000000 8.129993e-01 8.243003e-01 1.354174e-01 1.010254e+00 4.811707e-05 -1.876329e-05 1.471272e-05 7.679534e-05
11566.200000 8.056847e-01 8.134700e-01 1.291453e-01 1.020569e+00 5.607152e-05 -1.441045e-05 2.172053e-05 8.262466e-05
11566.400000 8.113723e-01 8.157834e-01 1.259993e-01 1.050960e+00 4.668148e-05 -3.360564e-06 2.669701e-05 8.944961e-05
11566.600000 8.102218e-01 8.122014e-01 1.235342e-01 1.068821e+00 4.353443e-05 -3.665369e-06 2.838887e-05 9.135219e-05
11566.800000 8.076446e-01 8.071969e-01 1.215359e-01 1.080487e+00 4.243848e-05 -1.226078e-05 3.563070e-05 8.430527e-05
11567.000000 8.118716e-01 8.092592e-01 1.215248e-01 1.101254e+00 3.707273e-05 -1.423335e-05 4.271420e-05 9.379091e-05
11567.200000 8.094648e-01 8.053871e-01 1.216123e-01 1.104419e+00 4.429186e-05 -2.000593e-05 3.005471e-05 9.100607e-05
11567.400000 8.067391e-01 8.017441e-01 1.222508e-01 1.104979e+00 4.736126e-05 -1.665876e-05 3.131491e-05 9.909381e-05
11567.600000 8.100712e-01 8.046105e-01 1.244967e-01 1.115706e+00 4.195773e-05 -1.559580e-05 2.886161e-05 1.029635e-04
11567.800000 8.101167e-01 8.046574e-01 1.265452e-01 1.113102e+00 4.114081e-05 -1.289891e-05 2.471976e-05 1.113379e-04
11568.000000 8.097226e-01 8.048490e-01 1.289965e-01 1.106535e+00 3.637885e-05 -1.661288e-05 2.767152e-05 1.111248e-04
11568.200000 8.060431e-01 8.016837e-01 1.316339e-01 1.095754e+00 4.819821e-05 -1.424858e-05 2.371720e-05 1.085328e-04
11568.400000 8.108636e-01 8.079324e-01 1.356094e-01 1.093090e+00 5.057501e-05 -1.707646e-06 3.074558e-05 8.898401e-05
11568.600000 8.110281e-01 8.099003e-01 1.393446e-01 1.086056e+00 4.302262e-05 -1.008765e-05 3.384814e-05 9.335079e-05
11568.800000 8.097159e-01 8.106061e-01 1.427591e-01 1.066458e+00 4.570011e-05 -4.129448e-06 3.767196e-05 1.167523e-04
11569.000000 8.067505e-01 8.097135e-01 1.460875e-01 1.048296e+00 4.113402e-05 -5.337887e-06 3.066721e-05 1.109795e-04
11569.200000 8.117151e-01 8.171501e-01 1.507518e-01 1.042119e+00 3.727279e-05 -5.653937e-06 2.783744e-05 1.110819e-04
11569.400000 8.035492e-01 8.115522e-01 1.530010e-01 1.013532e+00 4.073988e-05 -3.180392e-06 2.519319e-05 9.048775e-05
11569.600000 8.091545e-01 8.201041e-01 1.578383e-01 1.002304e+00 4.661524e-05 -3.956791e-06 2.827377e-05 1.001276e-04
11569.800000 8.110951e-01 8.248460e-01 1.623421e-01 9.843463e-01 3.946900e-05 -7.752096e-06 2.994897e-05 1.026680e-04
11570.000000 8.086240e-01 8.251862e-01 1.658930e-01 9.620144e-01 3.901793e-05 -1.340332e-05 2.844639e-05 1.061165e-04
11570.200000 8.064890e-01 8.257532e-01 1.687823e-01 9.393740e-01 2.487753e-05 -1.132172e-05 8.111830e-06 1.120405e-04
11570.400000 8.106478e-01 8.329851e-01 1.734654e-01 9.274191e-01 4.057225e-05 -1.364409e-05 8.732492e-06 1.093699e-04
11570.600000 8.083037e-01 8.333844e-01 1.763760e-01 9.075126e-01 4.821412e-05 -9.887785e-06 1.015621e-06 9.885383e-05
11570.800000 8.089676e-01 8.369845e-01 1.802662e-01 8.913117e-01 3.726327e-05 -1.234335e-05 7.921585e-06 9.782454e-05
11571.000000 8.098834e-01 8.405497e-01 1.834785e-01 8.759939e-01 2.696621e-05 -3.967462e-06 2.572685e-05 1.064145e-04
11571.200000 8.076814e-01 8.405590e-01 1.858511e-01 8.585609e-01 2.443503e-05 -2.023220e-06 3.243399e-05 1.098939e-04
11571.400000 8.082599e-01 8.436880e-01 1.891782e-01 8.422717e-01 2.870195e-05 1.796910e-06 1.489243e-05 1.034574e-04
11571.600000 8.092204e-01 8.468954e-01 1.923597e-01 8.280327e-01 2.807854e-05 -5.388203e-06 1.686973e-05 1.072873e-04
11571.800000 8.079331e-01 8.478517e-01 1.946817e-01 8.114876e-01 2.817468e-05 -1.685340e-05 2.472906e-05 1.046626e-04
11572.000000 8.075439e-01 8.494603e-01 1.972981e-01 8.015795e-01 4.323171e-05 -1.629532e-05 1.784014e-05 9.570880e-05
11572.200000 8.100388e-01 8.541716e-01 2.005663e-01 7.914900e-01 4.519162e-05 -4.229301e-06 2.190076e-05 1.009034e-04
11572.400000 8.056787e-01 8.511045e-01 2.017704e-01 7.753547e-01 4.243480e-05 3.313808e-06 2.651683e-05 9.469657e-05
11572.600000 8.046174e-01 8.517838e-01 2.036974e-01 7.661375e-01 4.813773e-05 2.955281e-06 2.455815e-05 1.060164e-04
11572.800000 8.085732e-01 8.573659e-01 2.072795e-01 7.594378e-01 4.131828e-05 -1.280233e-05 2.223657e-05 1.119455e-04
11573.000000 8.100395e-01 8.605403e-01 2.098939e-01 7.518819e-01 3.528065e-05 -1.330864e-05 1.956080e-05 1.065487e-04
11573.200000 8.094970e-01 8.613936e-01 2.118438e-01 7.437201e-01 3.059026e-05 -9.080893e-06 1.130747e-05 1.079766e-04
11573.400000 8.049070e-01 8.575837e-01 2.126016e-01 7.321315e-01 4.320273e-05 -8.087743e-06 8.833318e-06 9.660567e-05
11573.600000 8.100979e-01 8.644739e-01 2.158900e-01 7.306591e-01 4.353399e-05 -7.127927e-06 1.869046e-05 1.053950e-04
11573.800000 8.089461e-01 8.643188e-01 2.174372e-01 7.219009e-01 2.525389e-05 -5.621254e-06 2.316295e-05 1.003868e-04
11574.000000 8.069933e-01 8.629968e-01 2.184027e-01 7.126180e-01 2.227747e-05 -4.739542e-06 2.498073e-05 1.014923e-04
11574.200000 8.087405e-01 8.658400e-01 2.203597e-01 7.097019e-01 2.946016e-05 -9.322121e-06 2.158642e-05 9.858630e-05
11574.400000 8.073439e-01 8.650665e-01 2.212194e-01 7.044506e-01 3.497634e-05 1.173131e-06 1.542693e-05 8.905126e-05
11574.600000 8.070620e-01 8.659302e-01 2.225379e-01 7.006663e-01 3.124244e-05 -1.014987e-05 2.520730e-05 7.845346e-05
11574.800000 8.084653e-01 8.680820e-01 2.240608e-01 6.975723e-01 2.621075e-05 -1.588410e-05 4.275406e-05 7.110095e-05
11575.000000 8.082416e-01 8.685615e-01 2.247916e-01 6.940410e-01 2.687082e-05 -2.274358e-05 4.508403e-05 8.075995e-05
11575.200000 8.087437e-01 8.699132e-01 2.257650e-01 6.908738e-01 3.524360e-05 -1.563464e-05 4.249896e-05 7.407117e-05
11575.400000 8.096920e-01 8.713950e-01 2.266026e-01 6.889326e-01 3.969595e-05 -1.442840e-05 3.469554e-05 6.355915e-05
11575.600000 8.065018e-01 8.685163e-01 2.261202e-01 6.838682e-01 3.826305e-05 -6.589338e-06 3.652345e-05 6.785461e-05
11575.800000 8.084925e-01 8.710459e-01 2.271082e-01 6.829662e-01 3.825663e-05 4.557554e-06 3.047815e-05 7.100113e-05
11576.000000 8.094818e-01 8.726017e-01 2.273228e-01 6.807298e-01 4.541221e-05 8.190783e-06 3.651862e-05 8.381304e-05
11576.200000 8.061007e-01 8.693328e-01 2.260707e-01 6.765870e-01 5.219119e-05 -5.087802e-06 4.014749e-05 7.616281e-05
11576.400000 8.056910e-01 8.691548e-01 2.259711e-01 6.741627e-01 4.142286e-05 -2.009620e-05 4.219871e-05 7.036515e-05
11576.600000 8.104758e-01 8.747061e-01 2.270749e-01 6.762471e-01 4.045391e-05 -1.057312e-05 4.174861e-05 6.852306e-05
11576.800000 8.084427e-01 8.725999e-01 2.258560e-01 6.740199e-01 3.724214e-05 -6.457391e-06 4.368834e-05 7.605926e-05
11577.000000 8.065545e-01 8.706825e-01 2.247934e-01 6.699984e-01 3.482865e-05 -1.740362e-06 5.262797e-05 8.158850e-05
11577.200000 8.066792e-01 8.712059e-01 2.239392e-01 6.735280e-01 3.184701e-05 -1.756878e-05 4.209583e-05 7.622115e-05
11577.400000 8.076571e-01 8.723265e-01 2.235733e-01 6.734931e-01 3.285355e-05 -2.065532e-05 3.068993e-05 8.732390e-05
11577.600000 8.083429e-01 8.732521e-01 2.226523e-01 6.750175e-01 3.066035e-05 -1.798319e-05 3.751879e-05 1.015447e-04
11577.800000 8.069147e-01 8.717252e-01 2.214316e-01 6.724392e-01 1.788756e-05 -1.538871e-05 3.765574e-05 9.029962e-05
11578.000000 8.087061e-01 8.736484e-01 2.209079e-01 6.735719e-01 1.707444e-05 -1.815375e-05 3.578053e-05 8.106341e-05
11578.200000 8.068588e-01 8.717414e-01 2.192498e-01 6.718791e-01 2.367945e-05 -1.588059e-05 3.791698e-05 6.639913e-05
11578.400000 8.070596e-01 8.719726e-01 2.184352e-01 6.744499e-01 2.734727e-05 -8.663950e-06 2.833496e-05 8.178261e-05
11578.600000 8.077387e-01 8.727424e-01 2.174750e-01 6.755116e-01 2.668121e-05 -1.702563e-05 3.584324e-05 8.209231e-05
11578.800000 8.070871e-01 8.720081e-01 2.162891e-01 6.764339e-01 3.132469e-05 -1.987638e-05 3.450989e-05 8.496182e-05
11579.000000 8.081667e-01 8.732308e-01 2.155441e-01 6.765785e-01 2.727712e-05 -2.620807e-05 2.518743e-05 8.784563e-05
11579.200000 8.076435e-01 8.725849e-01 2.145432e-01 6.747128e-01 2.696877e-05 -3.017081e-05 2.234731e-05 6.849926e-05
11579.400000 8.041331e-01 8.686488e-01 2.129738e-01 6.745282e-01 3.098533e-05 -2.691388e-05 1.923512e-05 8.428858e-05
11579.600000 8.070625e-01 8.717067e-01 2.125569e-01 6.786063e-01 2.839374e-05 -3.417088e-05 2.323596e-05 8.016950e-05
11579.800000 8.081670e-01 8.728569e-01 2.120716e-01 6.821779e-01 2.318730e-05 -3.372526e-05 1.848078e-05 7.841066e-05
11580.000000 8.078336e-01 8.724753e-01 2.113288e-01 6.816237e-01 2.346929e-05 -2.940038e-05 3.005144e-05 7.283972e-05
11580.200000 8.107237e-01 8.756838e-01 2.114870e-01 6.866130e-01 2.338963e-05 -2.911487e-05 4.362759e-05 7.759961e-05
11580.400000 8.052011e-01 8.696503e-01 2.096968e-01 6.834450e-01 2.117367e-05 -2.723101e-05 3.901971e-05 8.513995e-05
11580.600000 8.054456e-01 8.697918e-01 2.096982e-01 6.827120e-01 3.165126e-05 -3.382034e-05 2.443964e-05 8.092253e-05
11580.800000 8.077779e-01 8.722248e-01 2.100560e-01 6.865745e-01 3.022554e-05 -3.444956e-05 3.357615e-05 8.402530e-05
11581.000000 8.088937e-01 8.733139e-01 2.105681e-01 6.872611e-01 2.446640e-05 -2.449935e-05 3.401154e-05 8.629009e-05
11581.200000 8.073670e-01 8.718354e-01 2.103698e-01 6.880588e-01 2.087123e-05 -2.133684e-05 3.236372e-05 8.774330e-05
11581.400000 8.028561e-01 8.668494e-01 2.096792e-01 6.853796e-01 2.764611e-05 -2.071472e-05 2.298035e-05 8.632505e-05
11581.600000 8.070154e-01 8.711439e-01 2.113542e-01 6.881075e-01 1.992210e-05 -2.017054e-05 3.235925e-05 8.346049e-05
11581.800000 8.080133e-01 8.722465e-01 2.123783e-01 6.910077e-01 1.967827e-05 -2.102694e-05 4.037258e-05 8.441818e-05
11582.000000 8.062861e-01 8.703117e-01 2.125747e-01 6.919187e-01 3.507454e-05 -2.130947e-05 3.351297e-05 8.164773e-05
11582.200000 8.083144e-01 8.726388e-01 2.142800e-01 6.924163e-01 3.328408e-05 -2.830016e-05 2.747864e-05 7.650612e-05
11582.400000 8.060348e-01 8.698865e-01 2.148799e-01 6.936723e-01 2.596091e-05 -3.238749e-05 3.583492e-05 8.692835e-05
11582.600000 8.068776e-01 8.709184e-01 2.161886e-01 6.940439e-01 2.594547e-05 -3.354281e-05 3.013700e-05 8.235998e-05
11582.800000 8.095755e-01 8.738563e-01 2.181462e-01 6.949267e-01 3.296252e-05 -2.561380e-05 3.294977e-05 7.780572e-05
11583.000000 8.058212e-01 8.696972e-01 2.186742e-01 6.965455e-01 3.722035e-05 -1.818470e-05 1.700265e-05 8.123583e-05
11583.200000 8.079668e-01 8.720496e-01 2.205771e-01 6.940345e-01 3.757109e-05 -2.177887e-05 2.741329e-05 8.572909e-05
11583.400000 8.109081e-01 8.753183e-01 2.226567e-01 6.980383e-01 3.965699e-05 -1.346627e-05 3.985774e-05 9.707242e-05
11583.600000 8.076896e-01 8.719246e-01 2.228495e-01 6.973017e-01 4.660513e-05 -1.631163e-05 3.728106e-05 9.126035e-05
11583.800000 8.087037e-01 8.730022e-01 2.243977e-01 6.978454e-01 5.120591e-05 -1.848192e-05 1.661536e-05 9.093795e-05
11584.000000 8.063475e-01 8.703929e-01 2.250163e-01 6.941707e-01 5.013067e-05 -1.570121e-05 3.470169e-05 9.784682e-05
11584.200000 8.071215e-01 8.711926e-01 2.263505e-01 6.963034e-01 5.228147e-05 -1.574626e-05 4.088943e-05 1.004923e-04
11584.400000 8.052088e-01 8.692352e-01 2.268902e-01 6.962899e-01 4.134397e-05 -1.918315e-05 3.916475e-05 9.859141e-05
11584.600000 8.071840e-01 8.711667e-01 2.283633e-01 6.971283e-01 4.110229e-05 -1.982491e-05 3.685313e-05 9.326633e-05
11584.800000 8.050086e-01 8.689496e-01 2.284478e-01 6.951619e-01 3.844326e-05 -1.557698e-05 3.556887e-05 8.930947e-05
11585.000000 8.073929e-01 8.714271e-01 2.298141e-01 7.009983e-01 3.427512e-05 -1.032201e-05 4.901238e-05 8.740898e-05
11585.200000 8.070978e-01 8.711509e-01 2.305636e-01 6.981947e-01 3.400468e-05 -6.901221e-06 3.745408e-05 8.149783e-05
11585.400000 8.000407e-01 8.633429e-01 2.287483e-01 6.922092e-01 3.878260e-05 -1.375316e-05 3.130924e-05 8.797195e-05
11585.600000 8.036749e-01 8.672371e-01 2.301882e-01 6.965190e-01 2.599531e-05 -1.720539e-05 4.534857e-05 9.868868e-05
11585.800000 8.077098e-01 8.718409e-01 2.318525e-01 6.996622e-01 2.471233e-05 -1.220926e-05 4.747243e-05 1.030538e-04
11586.000000 8.024846e-01 8.660342e-01 2.302467e-01 6.950603e-01 3.019971e-05 -2.109030e-05 2.914633e-05 1.017463e-04
11586.200000 8.060117e-01 8.699897e-01 2.317077e-01 7.004085e-01 2.373941e-05 -2.209733e-05 2.783461e-05 9.719729e-05
11586.400000 8.005392e-01 8.639848e-01 2.301268e-01 6.973505e-01 3.526305e-05 -1.378720e-05 2.535671e-05 9.186127e-05
11586.600000 8.063529e-01 8.703350e-01 2.319513e-01 7.005530e-01 3.613419e-05 -2.748775e-05 3.190981e-05 9.659551e-05
11586.800000 8.069654e-01 8.710496e-01 2.321557e-01 7.035077e-01 4.176393e-05 -1.876540e-05 3.788213e-05 1.050767e-04
11587.000000 8.075657e-01 8.718689e-01 2.323163e-01 7.027221e-01 4.503287e-05 -2.669600e-05 3.361865e-05 8.678232e-05
11587.200000 8.040764e-01 8.681432e-01 2.313282e-01 6.973534e-01 3.560421e-05 -2.795440e-05 2.487683e-05 8.943217e-05
11587.400000 8.041969e-01 8.681080e-01 2.308921e-01 7.025288e-01 4.455712e-05 -2.453200e-05 2.535819e-05 1.120003e-04
11587.600000 8.052091e-01 8.690030e-01 2.315400e-01 7.046055e-01 4.275536e-05 -2.757621e-05 2.820458e-05 1.071307e-04
11587.800000 8.039561e-01 8.677332e-01 2.306892e-01 7.026326e-01 3.989794e-05 -1.905592e-05 3.307805e-05 1.004894e-04
11588.000000 8.079315e-01 8.720274e-01 2.312839e-01 7.033362e-01 4.776521e-05 -2.390899e-05 4.162886e-05 9.377028e-05
11588.200000 8.011255e-01 8.644678e-01 2.287029e-01 7.010248e-01 5.223701e-05 -2.325790e-05 4.708574e-05 9.904302e-05
11588.400000 8.064992e-01 8.706365e-01 2.301181e-01 7.055509e-01 4.141826e-05 -2.100481e-05 4.350373e-05 9.901210e-05
11588.600000 8.044101e-01 8.681898e-01 2.289774e-01 7.066393e-01 3.419180e-05 -2.099760e-05 3.267117e-05 8.974507e-05
11588.800000 8.065110e-01 8.704978e-01 2.289194e-01 7.077231e-01 3.530978e-05 -2.104916e-05 3.207619e-05 9.364928e-05
11589.000000 8.054012e-01 8.690744e-01 2.279862e-01 7.085633e-01 3.104289e-05 -1.918358e-05 1.985188e-05 9.773970e-05
11589.200000 8.027901e-01 8.664656e-01 2.262244e-01 7.075425e-01 4.032899e-05 -3.112042e-05 2.927085e-05 8.201797e-05
11589.400000 8.068819e-01 8.708652e-01 2.266531e-01 7.125923e-01 4.886250e-05 -2.846500e-05 3.682559e-05 9.006100e-05
11589.600000 8.065099e-01 8.702467e-01 2.254204e-01 7.147459e-01 4.755747e-05 -3.157351e-05 2.987495e-05 9.012573e-05
11589.800000 8.044543e-01 8.680538e-01 2.236444e-01 7.130239e-01 4.092036e-05 -3.684286e-05 3.633653e-05 8.553734e-05
11590.000000 8.040643e-01 8.674290e-01 2.223615e-01 7.129817e-01 3.650443e-05 -2.387448e-05 3.111754e-05 8.394062e-05
11590.200000 8.043447e-01 8.675488e-01 2.213726e-01 7.136310e-01 3.890426e-05 -2.769055e-05 4.154519e-05 8.683947e-05
11590.400000 8.075468e-01 8.710098e-01 2.207585e-01 7.192737e-01 3.119961e-05 -4.032497e-05 4.241832e-05 9.229289e-05
11590.600000 8.024696e-01 8.655064e-01 2.181105e-01 7.147746e-01 3.017109e-05 -3.817018e-05 3.260881e-05 9.048167e-05
11590.800000 8.110083e-01 8.747283e-01 2.185511e-01 7.238623e-01 2.897322e-05 -3.629987e-05 3.782566e-05 8.388535e-05
11591.000000 8.019846e-01 8.647369e-01 2.150255e-01 7.177091e-01 3.277097e-05 -3.541534e-05 2.859545e-05 7.417678e-05
11591.200000 8.041699e-01 8.669397e-01 2.139995e-01 7.177356e-01 3.601455e-05 -3.614643e-05 2.499777e-05 7.917518e-05
11591.400000 8.055593e-01 8.683203e-01 2.125478e-01 7.213832e-01 3.020935e-05 -3.342580e-05 3.599359e-05 9.544788e-05
11591.600000 8.050041e-01 8.677558e-01 2.106805e-01 7.223442e-01 3.722380e-05 -3.131534e-05 3.450380e-05 9.715338e-05
11591.800000 8.067010e-01 8.692031e-01 2.094748e-01 7.248362e-01 3.685142e-05 -1.929664e-05 2.746233e-05 9.211047e-05
11592.000000 8.052762e-01 8.678752e-01 2.075501e-01 7.260842e-01 4.359501e-05 -2.252560e-05 3.139475e-05 9.367731e-05
11592.200000 7.965718e-01 8.582441e-01 2.037430e-01 7.199235e-01 3.842766e-05 -2.006424e-05 2.721178e-05 8.624418e-05
11592.400000 8.040238e-01 8.661569e-01 2.038889e-01 7.246437e-01 3.443335e-05 -2.672387e-05 2.516424e-05 9.468331e-05
11592.600000 8.077671e-01 8.701523e-01 2.030862e-01 7.327068e-01 3.775693e-05 -2.098297e-05 2.892222e-05 8.653853e-05
11592.800000 8.040857e-01 8.659266e-01 2.006671e-01 7.273428e-01 4.136149e-05 -2.712256e-05 3.030787e-05 9.123433e-05
11593.000000 8.012732e-01 8.631081e-01 1.986219e-01 7.270658e-01 4.129137e-05 -2.602020e-05 2.593410e-05 8.153649e-05
11593.200000 8.033842e-01 8.651020e-01 1.978106e-01 7.303501e-01 4.232144e-05 -2.671261e-05 1.534489e-05 7.699863e-05
11593.400000 8.037687e-01 8.655623e-01 1.967830e-01 7.302704e-01 3.203061e-05 -2.840647e-05 1.310963e-05 8.458241e-05
11593.600000 8.007731e-01 8.621034e-01 1.947346e-01 7.313431e-01 3.059007e-05 -1.617757e-05 1.921498e-05 8.647380e-05
11593.800000 8.045013e-01 8.660069e-01 1.949959e-01 7.364662e-01 3.167186e-05 -2.426199e-05 3.413584e-05 9.314131e-05
11594.000000 8.043453e-01 8.658089e-01 1.942076e-01 7.387923e-01 1.811159e-05 -3.014617e-05 3.292373e-05 8.926238e-05
11594.200000 8.044333e-01 8.656151e-01 1.933684e-01 7.369458e-01 2.575729e-05 -3.249303e-05 3.237162e-05 9.000673e-05
11594.400000 8.033900e-01 8.645818e-01 1.927029e-01 7.371436e-01 2.120749e-05 -3.214907e-05 2.959199e-05 7.892271e-05
11594.600000 8.081879e-01 8.697468e-01 1.933303e-01 7.414996e-01 3.756089e-05 -3.102359e-05 2.581288e-05 8.570982e-05
11594.800000 8.065929e-01 8.677980e-01 1.927761e-01 7.426937e-01 3.745442e-05 -3.207712e-05 3.034906e-05 8.378135e-05
11595.000000 7.995484e-01 8.602258e-01 1.912122e-01 7.372256e-01 3.123397e-05 -3.770225e-05 3.984872e-05 7.637498e-05
11595.200000 8.082106e-01 8.694765e-01 1.934213e-01 7.432995e-01 2.916750e-05 -3.877282e-05 3.710378e-05 7.386006e-05
11595.400000 8.140684e-01 8.756857e-01 1.949515e-01 7.528656e-01 2.370797e-05 -4.181843e-05 4.043223e-05 6.737391e-05
11595.600000 7.941852e-01 8.543784e-01 1.902797e-01 7.342831e-01 3.507239e-05 -4.149751e-05 2.326976e-05 5.495995e-05
11595.800000 8.035273e-01 8.642072e-01 1.928511e-01 7.444207e-01 3.567720e-05 -4.593358e-05 1.722351e-05 6.425186e-05
11596.000000 8.021775e-01 8.626916e-01 1.934962e-01 7.459859e-01 3.402244e-05 -4.814791e-05 2.671229e-05 7.925042e-05
11596.200000 8.063781e-01 8.674777e-01 1.950943e-01 7.460485e-01 3.296035e-05 -3.871657e-05 3.130483e-05 9.073467e-05
11596.400000 8.035739e-01 8.643577e-01 1.951650e-01 7.433794e-01 3.893736e-05 -2.850959e-05 3.019653e-05 9.139133e-05
11596.600000 8.044888e-01 8.653006e-01 1.963428e-01 7.465556e-01 3.027746e-05 -2.769353e-05 2.614198e-05 7.202720e-05
11596.800000 8.045231e-01 8.653709e-01 1.971458e-01 7.499795e-01 3.498166e-05 -1.976059e-05 1.650852e-05 6.032032e-05
11597.000000 8.017560e-01 8.622186e-01 1.975997e-01 7.467965e-01 2.867231e-05 -1.392747e-05 1.522200e-05 6.850648e-05
11597.700000 8.036339e-01 8.644447e-01 2.016248e-01 7.489106e-01 3.375329e-05 -2.943339e-06 9.538291e-06 8.697245e-05
11598.400000 8.026715e-01 8.633734e-01 2.048982e-01 7.515043e-01 3.800909e-05 6.082377e-07 8.274202e-06 8.866265e-05
11599.100000 8.027381e-01 8.634466e-01 2.083352e-01 7.516313e-01 3.407273e-05 -5.001601e-06 7.017221e-06 9.440543e-05
11599.800000 8.037712e-01 8.646038e-01 2.116490e-01 7.537321e-01 3.723388e-05 -8.031171e-06 8.359104e-06 8.634434e-05
11600.500000 8.032460e-01 8.641102e-01 2.140001e-01 7.552889e-01 3.617975e-05 -7.270555e-06 2.183462e-05 9.279734e-05
11601.200000 8.019035e-01 8.625419e-01 2.154047e-01 7.557215e-01 4.650293e-05 -1.467899e-05 1.443241e-05 8.286646e-05
11601.900000 8.016645e-01 8.622456e-01 2.166637e-01 7.562990e-01 3.934684e-05 -2.394426e-05 2.841400e-05 7.712443e-05
11602.600000 8.022836e-01 8.629735e-01 2.179079e-01 7.583320e-01 3.311790e-05 -1.985428e-05 2.313305e-05 8.006792e-05
11603.300000 8.018528e-01 8.625149e-01 2.188179e-01 7.601056e-01 3.051057e-05 -2.284962e-05 3.582368e-05 8.497189e-05
11604.993695 8.013515e-01 8.622523e-01 2.219302e-01 7.618310e-01 4.238161e-05 -1.475905e-05 3.941266e-05 9.092452e-05
11605.999583 8.014305e-01 8.623785e-01 2.245098e-01 7.653135e-01 3.084218e-05 -2.162524e-05 2.213122e-05 8.864043e-05
11607.017662 8.009184e-01 8.619347e-01 2.266112e-01 7.677727e-01 2.855141e-05 -1.976712e-05 1.999305e-05 8.123523e-05
11608.047933 8.011153e-01 8.622310e-01 2.279455e-01 7.705580e-01 2.910875e-05 -1.558749e-05 3.264765e-05 8.920407e-05
11609.090396 8.011156e-01 8.622798e-01 2.280429e-01 7.733927e-01 3.884236e-05 -1.111093e-05 3.009685e-05 8.783455e-05
11610.145051 8.015348e-01 8.628059e-01 2.267576e-01 7.748271e-01 4.272718e-05 -8.618455e-06 3.153737e-05 9.493455e-05
11611.211898 8.001372e-01 8.613454e-01 2.239242e-01 7.777957e-01 3.801867e-05 -1.206967e-05 3.665823e-05 9.449634e-05
11612.290937 7.997695e-01 8.609593e-01 2.205406e-01 7.788232e-01 4.769927e-05 -9.555665e-06 3.363326e-05 8.719930e-05
11613.382167 8.003275e-01 8.617431e-01 2.170126e-01 7.825495e-01 4.286650e-05 -8.773915e-06 2.237564e-05 8.407398e-05
11614.485590 8.000704e-01 8.616449e-01 2.129332e-01 7.829388e-01 3.754736e-05 -2.703004e-05 2.122157e-05 9.047420e-05
11615.601204 7.997304e-01 8.616238e-01 2.089239e-01 7.839532e-01 3.988628e-05 -3.154660e-05 1.890536e-05 8.482979e-05
11616.729011 7.997581e-01 8.620046e-01 2.052518e-01 7.823613e-01 4.665056e-05 -2.568630e-05 1.242142e-05 8.544568e-05
11617.869009 8.001744e-01 8.628852e-01 2.021406e-01 7.822251e-01 3.361000e-05 -2.897314e-05 9.733929e-06 1.018553e-04
11619.021199 7.991912e-01 8.625071e-01 1.998749e-01 7.825935e-01 3.696905e-05 -2.292420e-05 1.747501e-05 1.065916e-04
11620.185582 7.991863e-01 8.633663e-01 1.987959e-01 7.794915e-01 3.798991e-05 -2.965076e-05 2.485847e-05 9.894965e-05
11621.362156 7.985519e-01 8.634692e-01 1.988331e-01 7.762396e-01 4.009998e-05 -2.945761e-05 2.715006e-05 9.046274e-05
11622.550922 7.977356e-01 8.635133e-01 1.998828e-01 7.728390e-01 3.806703e-05 -2.805075e-05 4.261033e-05 9.320443e-05
11623.751879 7.988022e-01 8.657141e-01 2.019988e-01 7.715181e-01 3.997678e-05 -3.344844e-05 4.165424e-05 9.930618e-05
11624.965029 7.982585e-01 8.661269e-01 2.038165e-01 7.670501e-01 3.405614e-05 -3.501805e-05 2.981815e-05 9.783773e-05
11626.190371 7.984732e-01 8.673653e-01 2.058962e-01 7.649802e-01 3.853764e-05 -2.950400e-05 2.509005e-05 9.644071e-05
11627.427904 7.969200e-01 8.667328e-01 2.076293e-01 7.593674e-01 3.661609e-05 -2.619765e-05 3.135326e-05 1.028993e-04
11628.677630 7.965805e-01 8.675089e-01 2.094926e-01 7.527195e-01 3.450729e-05 -3.068207e-05 2.686732e-05 9.954696e-05
11629.939547 7.968011e-01 8.688001e-01 2.114759e-01 7.518699e-01 4.590012e-05 -2.901292e-05 1.543564e-05 9.392335e-05
11631.213657 7.967040e-01 8.697710e-01 2.131982e-01 7.501435e-01 4.836165e-05 -2.291407e-05 2.033665e-05 9.896702e-05
11632.499958 7.977995e-01 8.719288e-01 2.149035e-01 7.474938e-01 3.571078e-05 -1.588379e-05 2.421387e-05 1.035539e-04
11633.798451 7.964313e-01 8.713560e-01 2.158201e-01 7.430398e-01 3.864833e-05 -1.754798e-05 1.613165e-05 1.014048e-04
11635.109136 7.947756e-01 8.702273e-01 2.169681e-01 7.373062e-01 4.225159e-05 -1.038225e-05 2.001130e-05 1.011350e-04
11636.432013 7.957878e-01 8.723001e-01 2.191856e-01 7.369557e-01 4.631726e-05 -7.499071e-06 1.363245e-05 1.001487e-04
11637.767082 7.952596e-01 8.724405e-01 2.213928e-01 7.346703e-01 3.910341e-05 -9.769991e-06 1.936268e-05 1.001075e-04
11639.114342 7.950850e-01 8.730078e-01 2.240948e-01 7.336543e-01 4.035746e-05 -6.952372e-06 2.186955e-05 9.891811e-05
11640.473795 7.948405e-01 8.734429e-01 2.270357e-01 7.336332e-01 3.693185e-05 -1.884725e-05 2.756016e-05 8.879639e-05
11641.845440 7.940082e-01 8.731406e-01 2.297923e-01 7.311491e-01 3.781096e-05 -3.292301e-05 2.346975e-05 8.169786e-05
11643.229276 7.945909e-01 8.744809e-01 2.325287e-01 7.313487e-01 3.445455e-05 -2.351056e-05 2.545874e-05 8.657086e-05
11644.625305 7.943340e-01 8.748272e-01 2.346415e-01 7.323904e-01 3.684200e-05 -2.187288e-05 2.906762e-05 9.918487e-05
11646.033525 7.939351e-01 8.749275e-01 2.361898e-01 7.301122e-01 3.533854e-05 -2.803968e-05 1.892806e-05 9.839719e-05
11647.453937 7.939225e-01 8.754627e-01 2.373077e-01 7.320279e-01 2.538028e-05 -1.809140e-05 1.958063e-05 1.002590e-04
11648.886541 7.930964e-01 8.749965e-01 2.378130e-01 7.319793e-01 2.164380e-05 -1.609366e-05 1.982790e-05 9.124906e-05
11650.331337 7.924964e-01 8.748552e-01 2.378491e-01 7.327601e-01 3.063895e-05 -2.252447e-05 2.661034e-05 8.821336e-05
11651.788325 7.926120e-01 8.754279e-01 2.373115e-01 7.339938e-01 1.932414e-05 -2.162627e-05 2.045439e-05 8.598353e-05
11653.257505 7.925355e-01 8.757414e-01 2.358591e-01 7.360986e-01 2.896797e-05 -2.249693e-05 1.551019e-05 7.828559e-05
11654.738877 7.927762e-01 8.764903e-01 2.338414e-01 7.374240e-01 4.615150e-05 -1.809876e-05 9.878482e-06 7.536150e-05
11656.232440 7.895233e-01 8.732874e-01 2.301486e-01 7.364757e-01 4.733512e-05 -1.941401e-05 2.565692e-05 7.948827e-05
11657.738196 7.870500e-01 8.706083e-01 2.268478e-01 7.353919e-01 3.729032e-05 -2.194260e-05 2.274407e-05 6.470822e-05
11659.256143 7.878540e-01 8.718482e-01 2.246221e-01 7.365559e-01 4.167143e-05 -1.830229e-05 3.324074e-05 6.892912e-05
11660.786283 7.917468e-01 8.766987e-01 2.236989e-01 7.427034e-01 4.245833e-05 -1.890306e-05 4.177463e-05 8.543210e-05
11662.328614 7.915251e-01 8.769524e-01 2.221309e-01 7.421178e-01 4.973015e-05 -1.526838e-05 3.010639e-05 8.521239e-05
11663.883137 7.909437e-01 8.765845e-01 2.212113e-01 7.448778e-01 4.904965e-05 -2.046041e-05 2.226856e-05 9.257360e-05
11665.449852 7.901124e-01 8.760243e-01 2.210651e-01 7.458509e-01 4.020716e-05 -2.032188e-05 2.603817e-05 9.480646e-05
11667.028759 7.896538e-01 8.758594e-01 2.212551e-01 7.463141e-01 3.572046e-05 -1.997906e-05 2.570497e-05 8.505663e-05
11668.619858 7.890141e-01 8.756280e-01 2.217138e-01 7.461408e-01 4.150213e-05 -2.076869e-05 2.140480e-05 9.622381e-05
11670.223149 7.883379e-01 8.752580e-01 2.221073e-01 7.494966e-01 3.751028e-05 -1.924641e-05 3.353302e-05 1.002280e-04
11671.838632 7.856723e-01 8.727845e-01 2.221826e-01 7.476758e-01 4.664987e-05 -1.736002e-05 2.103327e-05 9.407654e-05
11673.466307 7.881914e-01 8.761115e-01 2.239716e-01 7.512429e-01 5.107004e-05 -2.634095e-05 2.570618e-05 9.287054e-05
11675.106173 7.900993e-01 8.788035e-01 2.254821e-01 7.552259e-01 4.716446e-05 -2.881964e-05 3.276664e-05 1.069754e-04
11676.758232 7.890837e-01 8.781117e-01 2.259947e-01 7.551736e-01 4.622383e-05 -1.755159e-05 3.303424e-05 9.963825e-05
11678.422482 7.888279e-01 8.783333e-01 2.263874e-01 7.545920e-01 5.409991e-05 -1.910022e-05 3.323742e-05 1.021092e-04
11680.098924 7.881504e-01 8.779630e-01 2.264701e-01 7.544244e-01 5.302651e-05 -2.127772e-05 2.727809e-05 9.599276e-05
11681.787558 7.877371e-01 8.781152e-01 2.260626e-01 7.572770e-01 4.461183e-05 -2.207450e-05 2.818536e-05 9.076332e-05
11683.488385 7.883085e-01 8.793134e-01 2.255934e-01 7.588078e-01 4.462815e-05 -2.320141e-05 2.678132e-05 8.755190e-05
11685.201403 7.879799e-01 8.795457e-01 2.248778e-01 7.570522e-01 3.790643e-05 -2.384276e-05 3.166323e-05 8.249269e-05
11686.926613 7.869340e-01 8.790431e-01 2.238871e-01 7.566922e-01 3.714751e-05 -2.094756e-05 3.147839e-05 8.079012e-05
11688.664014 7.872361e-01 8.802814e-01 2.237545e-01 7.579621e-01 3.286533e-05 -3.617426e-05 2.879334e-05 8.482633e-05
11690.413608 7.864199e-01 8.800639e-01 2.237543e-01 7.560233e-01 4.291648e-05 -2.663709e-05 2.745429e-05 8.671987e-05
11692.175394 7.864488e-01 8.808595e-01 2.247943e-01 7.568153e-01 2.848842e-05 -2.766859e-05 2.364337e-05 9.206644e-05
11693.949371 7.861617e-01 8.814251e-01 2.263399e-01 7.543429e-01 2.604092e-05 -2.848540e-05 2.187181e-05 9.650687e-05
11695.735541 7.855357e-01 8.814826e-01 2.282076e-01 7.534773e-01 2.886761e-05 -2.649639e-05 2.316761e-05 9.545623e-05
11697.533902 7.837560e-01 8.802420e-01 2.303391e-01 7.499234e-01 2.803454e-05 -2.369341e-05 3.046863e-05 9.756522e-05
11699.344455 7.854978e-01 8.832847e-01 2.339936e-01 7.523455e-01 2.274806e-05 -2.510720e-05 2.794261e-05 8.899510e-05
11701.167201 7.827918e-01 8.811396e-01 2.365970e-01 7.476653e-01 2.923169e-05 -1.874345e-05 3.420203e-05 9.516811e-05
11703.002138 7.807182e-01 8.796097e-01 2.392820e-01 7.434650e-01 2.857943e-05 -1.600956e-05 4.308901e-05 1.013478e-04
11704.849267 7.821257e-01 8.820771e-01 2.425036e-01 7.450567e-01 3.149176e-05 -1.919789e-05 3.490025e-05 1.009149e-04
11706.708588 7.825328e-01 8.833664e-01 2.445889e-01 7.458529e-01 3.260659e-05 -1.878717e-05 2.549215e-05 9.485805e-05
11708.580100 7.822091e-01 8.839435e-01 2.456277e-01 7.446948e-01 3.820196e-05 -1.687253e-05 3.138739e-05 1.001536e-04
11710.463805 7.824279e-01 8.849858e-01 2.457992e-01 7.436582e-01 3.742891e-05 -1.967718e-05 2.738761e-05 1.010990e-04
11712.359702 7.827432e-01 8.861639e-01 2.455963e-01 7.438843e-01 3.284708e-05 -2.122349e-05 3.616759e-05 1.036776e-04
11714.267790 7.817459e-01 8.858431e-01 2.442661e-01 7.413734e-01 3.051089e-05 -2.419439e-05 4.773744e-05 1.006149e-04
11716.188071 7.816875e-01 8.865576e-01 2.429524e-01 7.426205e-01 3.948736e-05 -2.367646e-05 4.089587e-05 1.019374e-04
11718.120543 7.807221e-01 8.862564e-01 2.413081e-01 7.411543e-01 3.975572e-05 -3.084690e-05 4.073387e-05 9.270868e-05
11720.065207 7.803389e-01 8.865393e-01 2.396606e-01 7.419019e-01 3.488050e-05 -3.354466e-05 3.725889e-05 1.009716e-04
11722.022064 7.808006e-01 8.878126e-01 2.383867e-01 7.432759e-01 3.909483e-05 -3.514628e-05 3.291166e-05 1.029076e-04
11723.991112 7.805855e-01 8.883457e-01 2.373243e-01 7.415907e-01 3.969603e-05 -2.439848e-05 3.636943e-05 1.065143e-04
11725.972352 7.794733e-01 8.878385e-01 2.361746e-01 7.417396e-01 3.311454e-05 -2.368150e-05 3.323769e-05 9.499759e-05
11727.965784 7.796854e-01 8.887831e-01 2.354948e-01 7.416458e-01 3.427713e-05 -2.694510e-05 2.415601e-05 8.674935e-05
11729.971407 7.791721e-01 8.889007e-01 2.346592e-01 7.427623e-01 3.973508e-05 -3.460924e-05 2.689251e-05 8.842508e-05
11731.989223 7.794414e-01 8.899835e-01 2.343024e-01 7.423973e-01 4.218112e-05 -3.209269e-05 2.706598e-05 8.955591e-05
11734.019231 7.792443e-01 8.904975e-01 2.341266e-01 7.444163e-01 2.787367e-05 -3.269151e-05 2.274394e-05 7.490729e-05
11736.061430 7.775824e-01 8.892204e-01 2.339057e-01 7.430620e-01 3.401413e-05 -2.877883e-05 1.750378e-05 8.974275e-05
11738.115822 7.769461e-01 8.892910e-01 2.342301e-01 7.431363e-01 2.859787e-05 -2.502228e-05 2.414969e-05 9.645415e-05
11740.182405 7.771625e-01 8.903732e-01 2.350898e-01 7.453495e-01 3.355752e-05 -2.880484e-05 2.621727e-05 8.683046e-05
11742.261180 7.746338e-01 8.882969e-01 2.351095e-01 7.431487e-01 3.341651e-05 -3.204934e-05 3.541009e-05 8.574566e-05
11744.352148 7.730492e-01 8.870395e-01 2.349842e-01 7.434716e-01 2.936516e-05 -2.804986e-05 2.695629e-05 7.064342e-05
11746.455307 7.760532e-01 8.913108e-01 2.359296e-01 7.469839e-01 3.093738e-05 -3.225631e-05 3.726637e-05 7.882787e-05
11748.570658 7.763753e-01 8.922890e-01 2.356706e-01 7.484200e-01 2.786680e-05 -3.508658e-05 2.974142e-05 9.361045e-05
11750.698201 7.763050e-01 8.930242e-01 2.347853e-01 7.485286e-01 3.276006e-05 -2.317232e-05 1.992173e-05 9.537770e-05
11752.837935 7.744640e-01 8.915413e-01 2.334818e-01 7.473615e-01 3.693681e-05 -1.959255e-05 3.246385e-05 9.064137e-05
11754.989862 7.753245e-01 8.933629e-01 2.334292e-01 7.515822e-01 3.982694e-05 -1.734346e-05 2.571719e-05 9.243861e-05
11757.153981 7.748313e-01 8.934481e-01 2.337069e-01 7.500155e-01 3.064213e-05 -4.193428e-06 1.587742e-05 9.280116e-05
11759.330291 7.718518e-01 8.907291e-01 2.343921e-01 7.470062e-01 3.431299e-05 9.943133e-07 3.106174e-05 8.629867e-05
11761.518794 7.694149e-01 8.887077e-01 2.362186e-01 7.469905e-01 3.292920e-05 -9.674191e-06 2.784792e-05 9.574533e-05
11763.719488 7.711481e-01 8.914130e-01 2.400598e-01 7.480207e-01 4.127788e-05 -1.950543e-05 3.212687e-05 9.071714e-05
11765.932374 7.726343e-01 8.940653e-01 2.440736e-01 7.498536e-01 4.118864e-05 -2.925481e-05 2.417427e-05 9.085808e-05
11768.157453 7.722708e-01 8.945850e-01 2.471922e-01 7.521586e-01 3.559737e-05 -2.391907e-05 2.347154e-05 8.475213e-05
11770.394723 7.714698e-01 8.944803e-01 2.493016e-01 7.512042e-01 3.784729e-05 -3.005589e-05 2.619742e-05 8.814853e-05
11772.644185 7.703195e-01 8.939977e-01 2.506320e-01 7.497516e-01 3.999851e-05 -2.519243e-05 2.338551e-05 8.265313e-05
11774.905838 7.706605e-01 8.953327e-01 2.522003e-01 7.498363e-01 4.598493e-05 -1.969336e-05 1.571127e-05 8.568458e-05
11777.179684 7.700912e-01 8.955924e-01 2.531439e-01 7.495690e-01 3.560889e-05 -1.188132e-05 1.876345e-05 9.283983e-05
11779.465722 7.695848e-01 8.958042e-01 2.542299e-01 7.500819e-01 3.535529e-05 -7.400737e-06 1.967280e-05 9.180852e-05
11781.763952 7.701650e-01 8.974666e-01 2.551547e-01 7.488346e-01 3.235062e-05 -9.748049e-07 1.960550e-05 9.394343e-05
11784.074373 7.685355e-01 8.965775e-01 2.552108e-01 7.479229e-01 4.148557e-05 1.924329e-06 1.326355e-05 8.903272e-05
11786.396987 7.677806e-01 8.966604e-01 2.554271e-01 7.471266e-01 4.276746e-05 2.250917e-06 9.066612e-06 8.006311e-05
11788.731792 7.670990e-01 8.968620e-01 2.555820e-01 7.465815e-01 4.992583e-05 2.136205e-06 1.040871e-05 8.682273e-05
11791.078789 7.683228e-01 8.992066e-01 2.562927e-01 7.457941e-01 4.944315e-05 1.379609e-06 1.133170e-05 8.388986e-05
11793.437978 7.667430e-01 8.983518e-01 2.558150e-01 7.469210e-01 4.198614e-05 1.914300e-06 1.935304e-05 8.565125e-05
11795.809359 7.648398e-01 8.971629e-01 2.549233e-01 7.456243e-01 4.024607e-05 3.976170e-06 2.363075e-05 8.941017e-05
11798.192932 7.636564e-01 8.966836e-01 2.537528e-01 7.425418e-01 3.890944e-05 8.356182e-06 2.463359e-05 7.339883e-05
11800.588697 7.662038e-01 9.006815e-01 2.535369e-01 7.461293e-01 4.642451e-05 1.019834e-06 2.277429e-05 7.198232e-05
11802.996654 7.657696e-01 9.010500e-01 2.518582e-01 7.457383e-01 4.320123e-05 -9.533009e-06 2.295198e-05 7.436317e-05
11805.416803 7.658185e-01 9.020651e-01 2.501423e-01 7.469356e-01 4.980694e-05 -6.588081e-06 2.239995e-05 6.821330e-05
11807.849143 7.652031e-01 9.023186e-01 2.481543e-01 7.452232e-01 4.891091e-05 9.678621e-07 3.117473e-05 7.062323e-05
11810.293676 7.648929e-01 9.030071e-01 2.462803e-01 7.460968e-01 2.921773e-05 -1.235893e-06 2.698523e-05 6.832003e-05
11812.750400 7.641178e-01 9.029602e-01 2.449006e-01 7.460480e-01 2.777364e-05 -8.955350e-06 2.232569e-05 8.014692e-05
11815.219317 7.633562e-01 9.029369e-01 2.441115e-01 7.455853e-01 3.489768e-05 -1.202888e-05 2.717346e-05 8.351493e-05
11817.700425 7.623657e-01 9.027201e-01 2.439658e-01 7.430824e-01 3.304804e-05 -7.852580e-06 1.593678e-05 8.485089e-05
11820.193725 7.634322e-01 9.050407e-01 2.451723e-01 7.458067e-01 2.605192e-05 -4.611268e-06 1.730349e-05 8.689137e-05
11822.699217 7.638106e-01 9.064252e-01 2.468973e-01 7.469294e-01 3.174657e-05 -5.134899e-06 1.430672e-05 7.923063e-05
11825.216901 7.634407e-01 9.069258e-01 2.489344e-01 7.462513e-01 3.343942e-05 -3.914977e-06 1.643246e-05 8.961971e-05
11827.746777 7.626595e-01 9.070425e-01 2.510589e-01 7.453220e-01 2.473403e-05 -3.232840e-06 2.405325e-05 8.323083e-05
11830.288845 7.613149e-01 9.064517e-01 2.536149e-01 7.423969e-01 3.116713e-05 4.457387e-06 1.745054e-05 8.638842e-05
11832.843105 7.613162e-01 9.075222e-01 2.569794e-01 7.446777e-01 3.450304e-05 1.129464e-05 9.983010e-06 9.217855e-05
11835.409556 7.610054e-01 9.081421e-01 2.603114e-01 7.435929e-01 3.179140e-05 8.503281e-06 1.725389e-05 8.581288e-05
11837.988200 7.560956e-01 9.033557e-01 2.617320e-01 7.402787e-01 3.191718e-05 6.772090e-06 2.351683e-05 7.891302e-05
11840.579035 7.567320e-01 9.050958e-01 2.645160e-01 7.396493e-01 3.428349e-05 9.664908e-06 3.245785e-05 7.957071e-05
11843.182062 7.592800e-01 9.092332e-01 2.672461e-01 7.426982e-01 4.002613e-05 9.951096e-06 2.154542e-05 7.450795e-05
11845.797282 7.594176e-01 9.103424e-01 2.683391e-01 7.418930e-01 4.036824e-05 8.462534e-06 1.808467e-05 7.554354e-05
11848.424693 7.584327e-01 9.101893e-01 2.685605e-01 7.416427e-01 3.753174e-05 1.117164e-05 3.063663e-05 8.839756e-05
11851.064296 7.566092e-01 9.090276e-01 2.678368e-01 7.407556e-01 4.089143e-05 1.162525e-05 3.267112e-05 7.995324e-05
11853.716091 7.556430e-01 9.089957e-01 2.671820e-01 7.405101e-01 4.093467e-05 1.067547e-05 3.041720e-05 8.944815e-05
11856.380078 7.567534e-01 9.113367e-01 2.675005e-01 7.418577e-01 4.511438e-05 1.164318e-05 3.715248e-05 9.674689e-05
11859.056256 7.570085e-01 9.126995e-01 2.680277e-01 7.408476e-01 3.712045e-05 7.958749e-06 3.292053e-05 1.098787e-04
11861.744627 7.560735e-01 9.125662e-01 2.688640e-01 7.394951e-01 3.979625e-05 5.298459e-06 3.153187e-05 1.148538e-04
11864.445190 7.531692e-01 9.101772e-01 2.693623e-01 7.389523e-01 3.524095e-05 -2.550527e-06 2.481383e-05 1.107475e-04
11867.157944 7.539119e-01 9.120625e-01 2.710706e-01 7.416150e-01 2.911597e-05 1.251670e-07 2.939984e-05 1.132372e-04
11869.882891 7.552711e-01 9.147223e-01 2.725943e-01 7.420729e-01 2.386458e-05 3.736249e-06 3.187928e-05 1.066564e-04
11872.620029 7.540983e-01 9.145047e-01 2.723708e-01 7.405088e-01 2.836204e-05 1.163976e-05 2.523767e-05 1.072451e-04
11875.369359 7.540942e-01 9.155025e-01 2.719702e-01 7.423444e-01 3.990640e-05 1.094433e-05 3.282221e-05 9.224963e-05
11878.130881 7.529348e-01 9.149862e-01 2.708988e-01 7.419804e-01 4.135664e-05 1.209953e-05 2.834454e-05 8.392874e-05
11880.904595 7.532544e-01 9.165022e-01 2.701786e-01 7.423483e-01 3.646670e-05 1.404529e-05 2.728951e-05 1.073434e-04
11883.690501 7.525591e-01 9.167769e-01 2.689869e-01 7.430581e-01 3.458195e-05 8.376527e-06 2.729831e-05 9.374488e-05
11886.488599 7.517340e-01 9.167210e-01 2.676796e-01 7.422890e-01 2.891331e-05 -5.289126e-06 2.658133e-05 9.287335e-05
11889.298889 7.519259e-01 9.179776e-01 2.669275e-01 7.415591e-01 3.228876e-05 2.396438e-06 2.906322e-05 8.846624e-05
11892.121371 7.508053e-01 9.177038e-01 2.659939e-01 7.423237e-01 3.327981e-05 7.845958e-06 3.430673e-05 8.848050e-05
11894.956044 7.465991e-01 9.136578e-01 2.642790e-01 7.369577e-01 2.552353e-05 1.208385e-05 3.334501e-05 9.024297e-05
11897.802910 7.420731e-01 9.091452e-01 2.630249e-01 7.334456e-01 2.939563e-05 1.187843e-05 1.361562e-05 9.607186e-05
11900.661967 7.474411e-01 9.168497e-01 2.661779e-01 7.404064e-01 2.485095e-05 1.250595e-05 4.660297e-06 9.684680e-05
11903.533217 7.492301e-01 9.201945e-01 2.688515e-01 7.422357e-01 2.065929e-05 6.655320e-06 4.129509e-06 9.134110e-05
11906.416658 7.482938e-01 9.202416e-01 2.710905e-01 7.417410e-01 3.555996e-05 -6.474826e-06 1.363357e-05 8.875362e-05
11909.312291 7.472095e-01 9.199936e-01 2.738622e-01 7.395167e-01 3.772457e-05 -1.350240e-05 1.980807e-05 1.031745e-04
11912.220116 7.461752e-01 9.198883e-01 2.768033e-01 7.400220e-01 3.066256e-05 2.611164e-08 1.714559e-05 9.767022e-05
11915.140133 7.476299e-01 9.229766e-01 2.804804e-01 7.419749e-01 3.028135e-05 1.368926e-06 2.536632e-05 7.657773e-05
11918.072342 7.465459e-01 9.226510e-01 2.826710e-01 7.410284e-01 3.360810e-05 3.864019e-06 2.718441e-05 9.366270e-05
11921.016743 7.399339e-01 9.156726e-01 2.819332e-01 7.354397e-01 3.601808e-05 -1.445980e-06 1.984567e-05 9.240421e-05
11923.973335 7.394451e-01 9.160480e-01 2.830987e-01 7.359186e-01 2.965089e-05 -2.106925e-06 1.202696e-05 8.193400e-05
11926.942120 7.450737e-01 9.244462e-01 2.860888e-01 7.407322e-01 3.335450e-05 -8.037476e-06 1.581753e-05 8.735625e-05
11929.923096 7.446658e-01 9.251254e-01 2.862305e-01 7.386593e-01 3.853285e-05 -6.189551e-06 2.147521e-05 8.488677e-05
11932.916265 7.438851e-01 9.253499e-01 2.862459e-01 7.408719e-01 4.342394e-05 -1.327060e-05 2.142167e-05 7.663804e-05
11935.921625 7.437683e-01 9.263011e-01 2.864191e-01 7.395466e-01 3.984528e-05 -5.902503e-06 2.712176e-05 7.936766e-05
11938.939177 7.444180e-01 9.285261e-01 2.870730e-01 7.423436e-01 4.668901e-05 1.034492e-05 2.834464e-05 7.533563e-05
11941.968921 7.427373e-01 9.274208e-01 2.869447e-01 7.391925e-01 4.464466e-05 1.457316e-05 2.648851e-05 7.511306e-05
11945.010858 7.414590e-01 9.271600e-01 2.871901e-01 7.384319e-01 4.309636e-05 1.419149e-05 3.846293e-05 7.833691e-05
11948.064985 7.423871e-01 9.295928e-01 2.886320e-01 7.396364e-01 3.902110e-05 8.636446e-06 3.434304e-05 6.522127e-05
11951.131305 7.413237e-01 9.292826e-01 2.895228e-01 7.405037e-01 3.698923e-05 5.111255e-06 3.704279e-05 4.866471e-05
11954.209817 7.411573e-01 9.304822e-01 2.911408e-01 7.384463e-01 4.218110e-05 1.015920e-05 4.211113e-05 7.787877e-05
11957.300521 7.397971e-01 9.300049e-01 2.919931e-01 7.375529e-01 4.342818e-05 1.616810e-05 4.470325e-05 8.561772e-05
11960.403416 7.400034e-01 9.315266e-01 2.927525e-01 7.380548e-01 4.471658e-05 1.524507e-05 4.421333e-05 8.454649e-05
11963.518504 7.390728e-01 9.314128e-01 2.924418e-01 7.380109e-01 3.597117e-05 1.205447e-05 2.874802e-05 7.840891e-05
11966.645783 7.393714e-01 9.329237e-01 2.922160e-01 7.381148e-01 3.809006e-05 3.283942e-06 2.260264e-05 7.308706e-05
11969.785255 7.378118e-01 9.321658e-01 2.913761e-01 7.376578e-01 3.077748e-05 2.298180e-06 3.226238e-05 6.851151e-05
11972.936918 7.374039e-01 9.328364e-01 2.911029e-01 7.379941e-01 3.697049e-05 -6.209830e-06 3.415617e-05 7.614142e-05
11976.100773 7.359944e-01 9.323302e-01 2.907064e-01 7.365564e-01 4.461043e-05 4.228687e-07 3.016271e-05 8.002922e-05
11979.276820 7.369220e-01 9.346489e-01 2.916198e-01 7.368940e-01 3.693424e-05 -3.261274e-06 2.289593e-05 7.998058e-05
11982.465059 7.360883e-01 9.347939e-01 2.917956e-01 7.377694e-01 2.968832e-05 -4.799291e-06 3.406761e-05 8.934964e-05
11985.665490 7.353909e-01 9.350297e-01 2.921339e-01 7.375000e-01 2.235928e-05 -8.178812e-06 4.300315e-05 8.893048e-05
11988.878112 7.340167e-01 9.344709e-01 2.921167e-01 7.372534e-01 3.025193e-05 -9.556879e-06 3.324193e-05 9.289084e-05
11992.102927 7.338539e-01 9.354667e-01 2.927195e-01 7.363933e-01 2.966112e-05 -5.444930e-06 2.815784e-05 9.356478e-05
11995.339934 7.328449e-01 9.354694e-01 2.935242e-01 7.355005e-01 2.423539e-05 -9.701610e-06 2.706271e-05 9.056881e-05
11998.589132 7.327494e-01 9.367047e-01 2.950549e-01 7.360612e-01 2.990384e-05 -1.801903e-05 2.469898e-05 8.188005e-05
12001.850523 7.311882e-01 9.358612e-01 2.964178e-01 7.356552e-01 3.620590e-05 -1.939899e-05 1.316241e-05 7.692315e-05
12005.124105 7.311973e-01 9.372508e-01 2.989963e-01 7.348353e-01 3.624955e-05 -1.707235e-05 1.510419e-05 6.999727e-05
12008.409879 7.311972e-01 9.385386e-01 3.020499e-01 7.330156e-01 2.637349e-05 -2.016428e-05 1.144338e-05 6.843403e-05
12011.707845 7.310953e-01 9.397029e-01 3.053912e-01 7.360588e-01 1.805640e-05 -1.702340e-05 1.915325e-05 7.692340e-05
12015.018003 7.305725e-01 9.402121e-01 3.085276e-01 7.365648e-01 1.787778e-05 -2.650910e-05 1.875232e-05 8.234653e-05
12018.340353 7.302240e-01 9.411962e-01 3.110787e-01 7.356505e-01 2.190080e-05 -2.069914e-05 1.669133e-05 9.166118e-05
12021.674895 7.300997e-01 9.422441e-01 3.130392e-01 7.343162e-01 1.644550e-05 -1.877219e-05 1.957421e-05 9.006279e-05
12025.021629 7.298894e-01 9.432664e-01 3.143803e-01 7.348183e-01 1.363101e-05 -7.762952e-06 1.603606e-05 8.817206e-05
12028.380554 7.287128e-01 9.429884e-01 3.146679e-01 7.335778e-01 1.816729e-05 -1.688233e-05 1.969663e-05 8.454644e-05
12031.751672 7.277253e-01 9.430876e-01 3.148062e-01 7.342012e-01 2.751038e-05 -2.117304e-05 1.427435e-05 9.159309e-05
12035.134982 7.274604e-01 9.440278e-01 3.149356e-01 7.341453e-01 3.512233e-05 -1.835795e-05 2.215826e-05 8.648733e-05
12038.530483 7.267943e-01 9.444480e-01 3.148491e-01 7.329217e-01 3.361370e-05 -2.025079e-05 2.256759e-05 8.895417e-05
12041.938176 7.253858e-01 9.438669e-01 3.145583e-01 7.336655e-01 4.807567e-05 -2.728834e-05 2.139769e-05 9.285173e-05
12045.358061 7.198911e-01 9.381492e-01 3.123908e-01 7.271102e-01 4.758636e-05 -2.728812e-05 1.333505e-05 8.721267e-05
12048.790139 7.150081e-01 9.330350e-01 3.106142e-01 7.231045e-01 4.803585e-05 -2.481942e-05 1.375257e-05 8.199503e-05
12052.234408 7.226252e-01 9.443003e-01 3.145172e-01 7.318081e-01 3.994506e-05 -2.540365e-05 9.823217e-06 7.448986e-05
12055.690868 7.230739e-01 9.462580e-01 3.149195e-01 7.316979e-01 4.045613e-05 -1.932587e-05 2.997700e-06 8.241417e-05
12059.159521 7.227634e-01 9.471228e-01 3.152851e-01 7.323843e-01 3.312819e-05 -2.147198e-05 6.863445e-06 7.563274e-05
12062.640366 7.222016e-01 9.476839e-01 3.156774e-01 7.328627e-01 3.143471e-05 -1.679366e-05 8.257799e-06 8.576590e-05
12066.133403 7.215464e-01 9.481642e-01 3.160770e-01 7.316574e-01 4.484494e-05 -1.480563e-05 8.362276e-07 9.758602e-05
12069.638631 7.210379e-01 9.489006e-01 3.168523e-01 7.316122e-01 4.168771e-05 -2.245400e-05 7.636608e-06 9.884025e-05
12073.156052 7.200718e-01 9.490353e-01 3.173444e-01 7.304544e-01 3.903120e-05 -1.468677e-05 6.022053e-06 9.713647e-05
12076.685664 7.197957e-01 9.499659e-01 3.180397e-01 7.306893e-01 3.377582e-05 -1.444766e-05 9.550248e-06 9.013940e-05
12080.227468 7.190485e-01 9.503647e-01 3.187390e-01 7.304182e-01 2.914501e-05 -1.903147e-05 1.122898e-05 9.390553e-05
12083.781465 7.189868e-01 9.515670e-01 3.198767e-01 7.305116e-01 2.966184e-05 -2.810836e-05 1.847126e-05 8.793453e-05
12087.347653 7.179565e-01 9.516308e-01 3.209987e-01 7.296630e-01 2.788758e-05 -2.079848e-05 2.421724e-05 9.441318e-05
12090.926033 7.173262e-01 9.522115e-01 3.225674e-01 7.288927e-01 2.995260e-05 -2.604501e-05 2.794057e-05 9.413956e-05
12094.516605 7.168742e-01 9.531044e-01 3.246831e-01 7.296878e-01 1.679259e-05 -1.999470e-05 1.863979e-05 7.231554e-05
12098.119369 7.163892e-01 9.538013e-01 3.264871e-01 7.301629e-01 1.927584e-05 -1.591581e-05 2.766449e-05 8.516846e-05
12101.734324 7.159983e-01 9.547129e-01 3.284893e-01 7.297970e-01 3.129934e-05 -1.897700e-05 3.052784e-05 9.528115e-05
12105.361472 7.160511e-01 9.561833e-01 3.306052e-01 7.308403e-01 2.878410e-05 -1.776648e-05 2.974360e-05 8.694585e-05
12109.000811 7.158454e-01 9.573674e-01 3.326800e-01 7.298659e-01 3.199095e-05 -7.907656e-06 2.891105e-05 9.255443e-05
12112.652343 7.142782e-01 9.567114e-01 3.337599e-01 7.287611e-01 3.282928e-05 -8.104363e-06 2.788348e-05 9.153705e-05
12116.316066 7.126870e-01 9.559935e-01 3.348647e-01 7.283742e-01 4.130514e-05 -1.426467e-05 3.285783e-05 8.884581e-05
12119.991982 7.120866e-01 9.566198e-01 3.367160e-01 7.278923e-01 4.113256e-05 -1.863535e-05 3.999744e-05 8.621846e-05
12123.680089 7.120560e-01 9.579315e-01 3.387584e-01 7.255470e-01 4.481092e-05 -1.723047e-05 3.444747e-05 9.081077e-05
12127.380388 7.112305e-01 9.583350e-01 3.404916e-01 7.265073e-01 5.295162e-05 -1.000530e-05 3.404796e-05 9.467419e-05
12131.092879 7.111876e-01 9.595868e-01 3.422792e-01 7.273695e-01 4.423270e-05 -1.054767e-05 4.399149e-05 9.276857e-05
12134.817562 7.102765e-01 9.598127e-01 3.435739e-01 7.269621e-01 4.038024e-05 -1.194845e-05 3.926085e-05 8.913791e-05
12138.554437 7.098740e-01 9.607120e-01 3.446554e-01 7.264557e-01 4.048056e-05 -1.519202e-05 3.061451e-05 9.522486e-05
12142.303503 7.095187e-01 9.617731e-01 3.456133e-01 7.261989e-01 3.563431e-05 -1.856097e-05 2.232615e-05 9.740748e-05
12146.064762 7.090665e-01 9.625610e-01 3.461769e-01 7.240573e-01 3.942238e-05 -1.419393e-05 2.440334e-05 8.702761e-05
12149.838213 7.085789e-01 9.633538e-01 3.467417e-01 7.261129e-01 4.583942e-05 -1.635125e-05 3.405068e-05 8.470945e-05
12153.623855 7.075996e-01 9.634516e-01 3.470452e-01 7.259969e-01 4.270748e-05 -1.272360e-05 2.385993e-05 9.165414e-05
12157.421689 7.072859e-01 9.644929e-01 3.477529e-01 7.261122e-01 3.941232e-05 -1.801385e-05 1.366646e-05 9.707378e-05
12161.231716 7.063112e-01 9.646126e-01 3.480407e-01 7.252899e-01 4.483433e-05 -1.608193e-05 1.561006e-05 9.411624e-05
12165.053934 7.051884e-01 9.645247e-01 3.480144e-01 7.244795e-01 4.280233e-05 -1.415734e-05 2.355689e-05 8.425836e-05
12168.888344 7.042414e-01 9.646978e-01 3.482440e-01 7.232670e-01 4.081939e-05 -1.780925e-05 3.472849e-05 7.679930e-05
12172.734946 7.025678e-01 9.638023e-01 3.480230e-01 7.226435e-01 3.144005e-05 -1.863209e-05 1.722986e-05 7.716573e-05
12176.593740 7.030945e-01 9.660808e-01 3.491613e-01 7.254126e-01 3.958225e-05 -1.344229e-05 1.343181e-05 8.117137e-05
12180.464726 7.028327e-01 9.671919e-01 3.499671e-01 7.244648e-01 3.362540e-05 -1.616131e-05 8.933710e-06 7.861760e-05
12184.347903 7.024546e-01 9.681655e-01 3.508176e-01 7.234260e-01 4.092351e-05 -1.993168e-05 1.573811e-05 7.859779e-05
12188.243273 7.005955e-01 9.670324e-01 3.509687e-01 7.212993e-01 4.413548e-05 -1.509779e-05 1.344191e-05 7.597451e-05
12192.150835 7.013537e-01 9.695874e-01 3.527909e-01 7.240238e-01 4.493866e-05 -2.082452e-05 1.704910e-05 8.153077e-05
12196.070588 7.002084e-01 9.695857e-01 3.540337e-01 7.212965e-01 4.948787e-05 -1.355847e-05 1.713032e-05 7.611445e-05
12200.002533 6.995872e-01 9.702785e-01 3.555047e-01 7.197577e-01 5.997156e-05 -6.661326e-06 1.390778e-05 9.301336e-05
12203.946671 6.998661e-01 9.720899e-01 3.577127e-01 7.229956e-01 5.584540e-05 -6.225711e-06 1.749682e-05 1.007333e-04
12207.903000 6.990777e-01 9.725294e-01 3.595338e-01 7.222612e-01 5.468764e-05 -4.866004e-06 1.405599e-05 9.081737e-05
12211.871521 6.981185e-01 9.726242e-01 3.615850e-01 7.216369e-01 4.332831e-05 -8.716514e-06 7.084077e-06 8.995992e-05
12215.852234 6.974311e-01 9.733034e-01 3.637231e-01 7.209232e-01 4.888591e-05 -1.289323e-05 1.074888e-05 8.967769e-05
12219.845139 6.967988e-01 9.739393e-01 3.656861e-01 7.210013e-01 5.770506e-05 -1.365239e-05 6.939718e-06 1.025482e-04
12223.850236 6.964539e-01 9.749600e-01 3.676752e-01 7.208306e-01 5.179592e-05 -4.096310e-06 -3.418029e-06 1.012919e-04
12227.867524 6.959170e-01 9.757782e-01 3.693582e-01 7.207902e-01 4.817057e-05 -9.862138e-06 -8.384036e-06 9.958271e-05
12231.897005 6.944410e-01 9.752503e-01 3.704678e-01 7.208624e-01 3.797368e-05 -2.324033e-05 1.624444e-06 9.444234e-05
12235.938678 6.944156e-01 9.767192e-01 3.724695e-01 7.209176e-01 5.542927e-05 -2.254456e-05 7.877656e-06 9.249743e-05
12239.992542 6.931299e-01 9.764645e-01 3.736469e-01 7.180771e-01 5.549566e-05 -1.597346e-05 5.587990e-06 1.022493e-04
12244.058598 6.927231e-01 9.775338e-01 3.753692e-01 7.185917e-01 5.273846e-05 -1.439951e-05 -4.735243e-07 1.047160e-04
12248.136847 6.916556e-01 9.775626e-01 3.768108e-01 7.179071e-01 5.107291e-05 -1.867496e-05 -6.395131e-06 1.022470e-04
12252.227287 6.864812e-01 9.718345e-01 3.760166e-01 7.139863e-01 4.774914e-05 -1.618298e-05 1.913644e-06 9.485511e-05
12256.329919 6.747438e-01 9.567813e-01 3.717456e-01 7.018508e-01 4.831124e-05 -6.237668e-06 3.489261e-07 1.051971e-04
12260.444743 6.849778e-01 9.726676e-01 3.797096e-01 7.122881e-01 5.100346e-05 -2.097997e-05 2.218414e-07 1.130198e-04
12264.571759 6.871894e-01 9.774192e-01 3.829795e-01 7.148632e-01 4.298604e-05 -2.057724e-05 5.565201e-06 1.202184e-04
12268.710967 6.873353e-01 9.792493e-01 3.844307e-01 7.152627e-01 4.524014e-05 -2.222682e-05 1.169912e-05 1.119972e-04
12272.862366 6.878729e-01 9.815688e-01 3.860811e-01 7.158304e-01 4.854567e-05 -2.324408e-05 1.322111e-05 1.092328e-04
12277.025958 6.868013e-01 9.816192e-01 3.865170e-01 7.144659e-01 4.115213e-05 -3.096215e-05 1.375653e-05 1.134347e-04
12281.201742 6.857961e-01 9.817879e-01 3.867173e-01 7.154847e-01 3.746604e-05 -3.287717e-05 1.638887e-05 1.134648e-04
12285.389717 6.848646e-01 9.819781e-01 3.867684e-01 7.149423e-01 3.407173e-05 -2.596700e-05 1.095497e-05 1.106415e-04
12289.589884 6.837605e-01 9.818693e-01 3.866854e-01 7.138402e-01 3.920256e-05 -1.977653e-05 -7.395258e-07 1.181666e-04
12293.802244 6.839856e-01 9.838497e-01 3.874172e-01 7.157753e-01 3.786177e-05 -2.352321e-05 -9.476936e-06 1.174687e-04
12298.026795 6.705301e-01 9.663171e-01 3.803566e-01 7.018685e-01 3.680268e-05 -1.943455e-05 3.909239e-06 1.126925e-04
12302.263538 6.744371e-01 9.732320e-01 3.837388e-01 7.053523e-01 3.961889e-05 -1.566089e-05 1.006295e-05 1.148256e-04
12306.512473 6.814967e-01 9.849962e-01 3.889930e-01 7.138333e-01 3.140477e-05 -2.727033e-05 1.724468e-05 1.131854e-04
12310.773600 6.807860e-01 9.855692e-01 3.900227e-01 7.134048e-01 2.243016e-05 -3.363072e-05 1.542001e-05 1.165337e-04
12315.046919 6.806059e-01 9.869245e-01 3.917266e-01 7.128136e-01 3.159792e-05 -2.331663e-05 2.384255e-05 1.107869e-04
12319.332429 6.798317e-01 9.874085e-01 3.934305e-01 7.133232e-01 3.483548e-05 -1.481166e-05 1.382138e-05 1.024219e-04
12323.630132 6.797703e-01 9.889484e-01 3.958896e-01 7.140082e-01 2.627555e-05 -2.078701e-05 1.865354e-05 9.607842e-05
12327.940026 6.792966e-01 9.899102e-01 3.983425e-01 7.116278e-01 1.960772e-05 -3.180979e-05 1.931317e-05 9.724077e-05
12332.262113 6.780142e-01 9.896682e-01 4.003172e-01 7.115569e-01 1.243766e-05 -1.658628e-05 3.205685e-06 8.831130e-05
12336.596391 6.776637e-01 9.907118e-01 4.030173e-01 7.109197e-01 2.029627e-05 -1.868953e-05 6.826330e-06 1.029191e-04
12340.942861 6.770863e-01 9.914951e-01 4.053758e-01 7.117368e-01 1.151220e-05 -1.877542e-05 1.431391e-05 1.084778e-04
12345.301524 6.766662e-01 9.925863e-01 4.078033e-01 7.125036e-01 1.322919e-05 -1.654398e-05 2.097042e-05 1.113788e-04
12349.672378 6.754303e-01 9.923796e-01 4.095835e-01 7.112270e-01 2.590136e-05 -7.473460e-06 2.222158e-05 1.139212e-04
12354.055424 6.738568e-01 9.916877e-01 4.107706e-01 7.103395e-01 3.102567e-05 -1.053427e-05 2.759813e-05 1.107622e-04
12358.450662 6.742079e-01 9.938642e-01 4.129981e-01 7.115184e-01 3.005759e-05 -1.013823e-05 2.779800e-05 1.034708e-04
12362.858091 6.735057e-01 9.945379e-01 4.146705e-01 7.101322e-01 3.769677e-05 -1.573368e-05 2.347526e-05 9.549361e-05
12367.277713 6.718701e-01 9.938509e-01 4.157069e-01 7.082436e-01 3.123868e-05 -2.575811e-05 1.968187e-05 1.007442e-04
12371.709527 6.725653e-01 9.963754e-01 4.182267e-01 7.111093e-01 3.561469e-05 -3.057583e-05 2.021046e-05 1.071834e-04
12376.153532 6.720499e-01 9.972568e-01 4.200328e-01 7.102952e-01 5.741920e-05 -3.348821e-05 2.553774e-05 1.101500e-04
12380.609730 6.714391e-01 9.980198e-01 4.217223e-01 7.101024e-01 5.473447e-05 -2.428515e-05 2.566952e-05 1.132887e-04
12385.078119 6.704511e-01 9.983050e-01 4.232882e-01 7.089179e-01 3.954049e-05 -1.916690e-05 2.745873e-05 1.127628e-04
12389.558700 6.693699e-01 9.982570e-01 4.245104e-01 7.088016e-01 4.196362e-05 -1.958618e-05 2.606611e-05 1.107269e-04
12394.051473 6.687154e-01 9.990750e-01 4.260482e-01 7.078737e-01 3.934936e-05 -2.458097e-05 2.817698e-05 1.146698e-04
12398.556438 6.677079e-01 9.992749e-01 4.273822e-01 7.070698e-01 3.637244e-05 -2.281299e-05 2.798305e-05 1.100122e-04
12403.073595 6.671084e-01 1.000001e+00 4.288668e-01 7.074704e-01 3.106349e-05 -2.808167e-05 3.197741e-05 1.085311e-04
12407.602944 6.668230e-01 1.001251e+00 4.303589e-01 7.069964e-01 3.652882e-05 -2.254249e-05 3.517628e-05 1.093362e-04
12412.144485 6.654494e-01 1.000770e+00 4.311170e-01 7.064534e-01 4.488391e-05 -3.006784e-05 3.822932e-05 1.135238e-04
12416.698218 6.629269e-01 9.987634e-01 4.309905e-01 7.028132e-01 4.061767e-05 -3.103043e-05 3.241679e-05 1.096844e-04
12421.264142 6.608774e-01 9.974196e-01 4.313337e-01 7.019916e-01 2.847972e-05 -3.227990e-05 3.375357e-05 1.187494e-04
12425.842259 6.618854e-01 1.000645e+00 4.334551e-01 7.046045e-01 2.869788e-05 -2.872845e-05 3.667317e-05 1.131880e-04
12430.432567 6.631051e-01 1.004182e+00 4.358696e-01 7.056452e-01 1.343459e-05 -2.850077e-05 2.975781e-05 1.063536e-04
12435.035068 6.621814e-01 1.004363e+00 4.369450e-01 7.047488e-01 8.146267e-06 -2.993091e-05 2.981683e-05 1.083663e-04
12439.649760 6.614110e-01 1.004973e+00 4.379382e-01 7.033163e-01 9.022844e-06 -3.183130e-05 2.431646e-05 1.078450e-04
12444.276644 6.606339e-01 1.005441e+00 4.392439e-01 7.040515e-01 5.719121e-06 -2.791955e-05 2.985446e-05 1.161525e-04
12448.915720 6.591579e-01 1.004882e+00 4.401960e-01 7.030653e-01 -2.690642e-07 -2.439486e-05 2.542273e-05 1.090950e-04
12453.566988 6.597056e-01 1.007389e+00 4.427709e-01 7.030047e-01 6.379466e-06 -2.342261e-05 2.988324e-05 1.082886e-04
12458.230448 6.590156e-01 1.008036e+00 4.445460e-01 7.027468e-01 2.156617e-05 -2.020332e-05 3.377659e-05 1.039410e-04
12462.906100 6.579963e-01 1.008141e+00 4.462147e-01 7.020483e-01 3.110915e-05 -1.938825e-05 3.576896e-05 1.088534e-04
12467.593943 6.568659e-01 1.008176e+00 4.478959e-01 7.008847e-01 3.466075e-05 -1.496653e-05 3.106608e-05 1.043626e-04
12472.293979 6.556168e-01 1.007984e+00 4.495277e-01 6.996545e-01 1.687811e-05 -6.454761e-06 3.316643e-05 1.159512e-04
12477.006206 6.551349e-01 1.009020e+00 4.519393e-01 6.997883e-01 2.072316e-05 -1.365503e-05 2.842675e-05 1.158837e-04
12481.730626 6.556175e-01 1.011501e+00 4.550503e-01 7.015116e-01 2.091032e-05 -1.304146e-05 2.201851e-05 1.054410e-04
12486.467237 6.548504e-01 1.012091e+00 4.574029e-01 7.008469e-01 2.942332e-05 -1.591197e-05 2.300600e-05 1.057682e-04
12491.216040 6.542354e-01 1.012875e+00 4.597582e-01 6.998184e-01 3.163324e-05 -1.746367e-05 2.856874e-05 1.011495e-04
12495.977036 6.525527e-01 1.011976e+00 4.613105e-01 6.992823e-01 2.664943e-05 -2.791293e-05 2.755546e-05 1.053297e-04
12500.750223 6.495763e-01 1.009025e+00 4.618783e-01 6.966288e-01 1.404477e-05 -2.111208e-05 2.611206e-05 1.097584e-04
12505.535602 6.515371e-01 1.013840e+00 4.661121e-01 6.985573e-01 1.925052e-05 -1.195418e-05 2.216978e-05 1.052871e-04
12510.333172 6.518778e-01 1.016124e+00 4.689152e-01 6.998451e-01 1.182399e-05 -1.628978e-05 2.848249e-05 1.027503e-04
12515.142935 6.511814e-01 1.016770e+00 4.708634e-01 6.991116e-01 1.545509e-05 -1.781465e-05 2.355342e-05 1.011045e-04
12519.964890 6.502443e-01 1.016994e+00 4.726100e-01 6.983195e-01 1.389196e-05 -1.911652e-05 1.372245e-05 9.813072e-05
12524.799037 6.498285e-01 1.018160e+00 4.746451e-01 6.982492e-01 2.358715e-05 -2.321003e-05 1.395474e-05 9.040243e-05
12529.645375 6.435854e-01 1.010100e+00 4.722127e-01 6.916917e-01 1.749089e-05 -2.636703e-05 2.501096e-05 9.484746e-05
12534.503905 3.322280e-01 5.220543e-01 2.446097e-01 3.572141e-01 5.514976e-06 -1.452922e-05 1.231252e-05 4.856347e-05
12539.374628 6.477450e-03 1.018325e-02 4.773806e-03 6.968819e-03 1.179814e-07 -3.052313e-07 2.106387e-07 9.662421e-07
