# Facility: NSLS-II
# Beamline: QAS
# Year: 2023
# Cycle: 3
# SAF: 312215
# PI: Reece
# Proposal: 313586
# Scan ID: 270792
# UID: 5440ecae-1a63-41f0-9962-c72903b652e0
# Comment: Zn filter 3 um
# Start time: 10/18/2023  13:23:40
# Stop time: 10/18/2023  13:24:11
# Total time: 00:31
# Trajectory name: Pt-L3-30s-11564.txt
# Element: Platinum ( 78)
# Edge: L3
# E0: 11564
# Reference Foil Element: Pt
# Keithley Gains I0: 1E6 V/A It: 1E6 V/A Iref: 1E7 V/A PIPS: 1E8 V/A 
# Ion Chamber Gas Flow Rates: I0: 0.00 sccm He + 189.60 sccm N2 + 9.80 sccm Ar 
# Ion Chamber Gas Flow Rates: It&Iref: 39.70 sccm N2 + 60.10 sccm Ar
# Incident Beam Path Vertical: 31.75 mm
# Incident Slits Positions B: TOP: 2.0 mm Bottom: 1.0 mm Inboard: 0.57675 mm Outboard: 1.57675 mm
# Sample Stage Positions: Rotation: 45.0 deg Horizontal: -10.22 mm Vertical: 15.30 mm Beam Direction: 0.00 mm
# PerkinElmer Vertical Position: 500.00 mm
# Linkam Oven Temperature : 3.03 C and Ramp Rate: 20.00 C/min.
# Front End Mirror Horizontal Positions: Up: -14.00 mm Down: -14.00 mm
#
# energy  i0  it  ir  iff  aux1  aux2  aux3  aux4
11380.425245 4.203582e-01 4.391475e-01 5.702339e-01 8.092931e-02 -6.360146e-06 -2.321049e-05 7.219198e-06 4.273210e-05
11385.425245 8.265447e-01 8.647993e-01 1.124640e+00 1.599440e-01 3.098541e-06 -3.847934e-05 1.281298e-05 7.574139e-05
11390.425245 8.321624e-01 8.726694e-01 1.137641e+00 1.606744e-01 3.464618e-06 -4.420190e-05 3.633949e-06 8.805605e-05
11395.425245 8.398542e-01 8.831838e-01 1.154399e+00 1.615331e-01 3.650975e-07 -4.165711e-05 7.334385e-06 8.194875e-05
11400.425245 8.384035e-01 8.837639e-01 1.158021e+00 1.620326e-01 -3.104069e-07 -3.134766e-05 6.444942e-06 7.730102e-05
11405.425245 8.362694e-01 8.836465e-01 1.160608e+00 1.621944e-01 -7.383893e-06 -3.557725e-05 1.226895e-05 7.775826e-05
11410.425245 8.335511e-01 8.829469e-01 1.162551e+00 1.619470e-01 -1.431289e-05 -3.533256e-05 1.594449e-05 6.462796e-05
11415.425245 8.260087e-01 8.770069e-01 1.157068e+00 1.606089e-01 -1.263919e-06 -4.147092e-05 1.179661e-05 5.965679e-05
11420.425245 8.248205e-01 8.777231e-01 1.160977e+00 1.611369e-01 1.053232e-05 -5.288308e-05 8.951709e-06 6.545317e-05
11425.425245 8.326757e-01 8.885209e-01 1.178805e+00 1.634737e-01 5.204466e-06 -4.916989e-05 1.844411e-05 7.124104e-05
11430.425245 8.340696e-01 8.922358e-01 1.186880e+00 1.642642e-01 1.266774e-05 -4.910421e-05 2.247373e-05 6.799037e-05
11435.425245 8.325317e-01 8.926620e-01 1.190276e+00 1.643059e-01 1.125860e-05 -4.605389e-05 1.907950e-05 6.374899e-05
11440.425245 8.304988e-01 8.926043e-01 1.193107e+00 1.642868e-01 7.348316e-06 -4.576455e-05 1.911921e-05 6.737766e-05
11445.425245 8.291491e-01 8.932835e-01 1.196962e+00 1.646438e-01 4.215817e-06 -4.375709e-05 2.184071e-05 7.026290e-05
11450.425245 8.280701e-01 8.941713e-01 1.200903e+00 1.648084e-01 1.975899e-06 -6.072518e-05 2.679652e-05 6.874766e-05
11455.425245 8.266414e-01 8.948317e-01 1.204471e+00 1.650113e-01 -8.345216e-07 -6.155062e-05 2.943485e-05 7.460737e-05
11460.425245 8.262597e-01 8.966021e-01 1.209822e+00 1.654019e-01 3.069577e-06 -5.219312e-05 3.723781e-05 7.888969e-05
11465.425245 8.259830e-01 8.984916e-01 1.215138e+00 1.658697e-01 1.609900e-05 -3.550198e-05 3.911710e-05 7.415064e-05
11470.425245 8.246992e-01 8.991014e-01 1.218563e+00 1.665741e-01 1.719084e-05 -3.138151e-05 3.549230e-05 8.328365e-05
11475.425245 8.233291e-01 8.997673e-01 1.222047e+00 1.670682e-01 6.893394e-06 -4.533367e-05 3.421055e-05 8.725070e-05
11480.425245 8.219869e-01 9.004060e-01 1.225595e+00 1.671406e-01 -3.400655e-06 -3.816970e-05 3.394901e-05 8.435517e-05
11485.425245 8.210114e-01 9.014548e-01 1.229393e+00 1.678376e-01 8.718000e-06 -4.014275e-05 3.016811e-05 7.377122e-05
11490.425245 8.196608e-01 9.019798e-01 1.232434e+00 1.684171e-01 1.461456e-05 -3.706889e-05 3.037956e-05 7.487102e-05
11495.425245 8.191386e-01 9.035533e-01 1.236511e+00 1.691779e-01 1.691379e-05 -3.408567e-05 3.138677e-05 7.551829e-05
11500.425245 8.186762e-01 9.050873e-01 1.240487e+00 1.699112e-01 1.369227e-05 -3.932805e-05 3.722300e-05 7.893163e-05
11505.425245 8.179267e-01 9.063564e-01 1.243803e+00 1.710468e-01 1.435448e-05 -4.784004e-05 2.444127e-05 8.293426e-05
11510.425245 8.166899e-01 9.069944e-01 1.245651e+00 1.718830e-01 1.028924e-06 -4.953895e-05 2.834095e-05 8.646450e-05
11515.425245 8.162204e-01 9.085829e-01 1.248353e+00 1.730663e-01 -9.059922e-07 -3.960603e-05 1.776381e-05 7.416646e-05
11520.425245 8.147866e-01 9.089582e-01 1.248093e+00 1.741667e-01 4.853449e-06 -4.347878e-05 2.258849e-05 6.853138e-05
11525.425245 8.139228e-01 9.099444e-01 1.247546e+00 1.761378e-01 -2.138346e-06 -4.046481e-05 1.979478e-05 8.256385e-05
11530.425245 8.130582e-01 9.108590e-01 1.245154e+00 1.786767e-01 1.284189e-05 -4.470578e-05 2.955894e-05 9.356231e-05
11534.000000 8.115602e-01 9.104576e-01 1.240274e+00 1.799501e-01 1.220391e-05 -4.200536e-05 1.351090e-05 1.025462e-04
11535.000000 8.111324e-01 9.103017e-01 1.238748e+00 1.808889e-01 2.297011e-05 -4.524376e-05 7.793864e-06 1.166728e-04
11536.000000 8.113780e-01 9.109151e-01 1.237697e+00 1.817244e-01 2.010279e-05 -4.866701e-05 2.185296e-06 1.012297e-04
11537.000000 8.124768e-01 9.125877e-01 1.237744e+00 1.834745e-01 1.625738e-05 -5.861432e-05 9.706318e-06 1.042591e-04
11538.000000 8.102548e-01 9.102881e-01 1.232529e+00 1.844005e-01 8.978954e-06 -6.096963e-05 1.043272e-05 9.059155e-05
11539.000000 8.115617e-01 9.120497e-01 1.232665e+00 1.848251e-01 8.117092e-06 -4.868798e-05 5.232009e-06 7.257051e-05
11540.000000 8.120450e-01 9.129808e-01 1.230980e+00 1.864107e-01 1.438801e-05 -4.741075e-05 1.488234e-05 8.385510e-05
11541.000000 8.122172e-01 9.135925e-01 1.228214e+00 1.870309e-01 3.679240e-06 -5.117735e-05 1.931040e-05 9.621163e-05
11541.200000 8.000813e-01 8.998746e-01 1.208808e+00 1.845660e-01 8.523139e-06 -5.243703e-05 2.761605e-05 1.072230e-04
11541.400000 8.152961e-01 9.169743e-01 1.231298e+00 1.876725e-01 -7.521665e-06 -6.100840e-05 1.941345e-05 9.851823e-05
11541.600000 8.114344e-01 9.128976e-01 1.225137e+00 1.865448e-01 -8.289401e-06 -6.239512e-05 2.879397e-05 1.054260e-04
11541.800000 7.928317e-01 8.919603e-01 1.197090e+00 1.843299e-01 2.517511e-06 -5.442317e-05 1.744601e-05 1.017135e-04
11542.000000 8.163216e-01 9.185509e-01 1.231306e+00 1.879202e-01 -7.482199e-06 -5.477402e-05 2.688201e-05 1.077074e-04
11542.200000 8.096925e-01 9.106541e-01 1.220146e+00 1.878211e-01 8.016817e-06 -4.976406e-05 3.707538e-05 1.067008e-04
11542.400000 8.147232e-01 9.166100e-01 1.227458e+00 1.912172e-01 -7.981670e-06 -5.607266e-05 9.476436e-06 9.994906e-05
11542.600000 8.151583e-01 9.172066e-01 1.227585e+00 1.938607e-01 5.153126e-06 -6.039211e-05 2.124150e-05 1.125793e-04
11542.800000 8.053498e-01 9.061319e-01 1.211955e+00 1.882932e-01 5.811733e-06 -4.629282e-05 2.711859e-05 9.563839e-05
11543.000000 8.158797e-01 9.180963e-01 1.227244e+00 1.903307e-01 9.260290e-07 -5.216463e-05 9.363152e-06 8.642228e-05
11543.200000 8.084874e-01 9.095420e-01 1.215350e+00 1.892537e-01 1.372626e-05 -5.891750e-05 7.850225e-06 9.169515e-05
11543.400000 8.144010e-01 9.164898e-01 1.222838e+00 1.918831e-01 -3.511671e-07 -5.172355e-05 1.731043e-05 8.650005e-05
11543.600000 8.198570e-01 9.230743e-01 1.230469e+00 1.935518e-01 5.289699e-06 -5.006199e-05 1.127391e-05 7.799599e-05
11543.800000 8.083427e-01 9.096665e-01 1.212309e+00 1.884852e-01 -7.527506e-06 -5.598526e-05 2.818947e-06 7.318412e-05
11544.000000 8.109659e-01 9.127299e-01 1.215860e+00 1.897658e-01 -7.297294e-06 -5.490224e-05 1.733460e-05 7.769222e-05
11544.200000 8.121916e-01 9.141407e-01 1.216519e+00 1.931756e-01 -2.133721e-06 -5.302353e-05 2.646763e-05 9.195867e-05
11544.400000 8.099506e-01 9.117636e-01 1.212077e+00 1.925773e-01 9.261629e-08 -5.109618e-05 3.276528e-06 8.547300e-05
11544.600000 8.107437e-01 9.126393e-01 1.212886e+00 1.912196e-01 5.633910e-06 -5.433528e-05 2.206241e-05 8.902304e-05
11544.800000 8.086587e-01 9.104232e-01 1.208076e+00 1.937982e-01 4.098326e-07 -5.698384e-05 2.947921e-06 8.680330e-05
11545.000000 8.130070e-01 9.154411e-01 1.213702e+00 1.919986e-01 8.124708e-06 -6.348060e-05 1.188109e-05 9.090849e-05
11545.200000 8.095947e-01 9.116459e-01 1.206936e+00 1.927165e-01 2.827531e-06 -5.005340e-05 1.975980e-05 9.257694e-05
11545.400000 8.106530e-01 9.122631e-01 1.207533e+00 1.927748e-01 6.184954e-06 -5.034241e-05 3.168845e-05 9.324900e-05
11545.600000 8.064653e-01 9.081631e-01 1.201574e+00 1.917863e-01 7.251924e-08 -4.700431e-05 3.292199e-05 9.604302e-05
11545.800000 8.106614e-01 9.128647e-01 1.205536e+00 1.939813e-01 -1.232673e-06 -4.787609e-05 2.778100e-05 8.636366e-05
11546.000000 8.144372e-01 9.172213e-01 1.210222e+00 1.970198e-01 1.518772e-06 -4.499223e-05 1.946940e-05 9.461611e-05
11546.200000 8.086092e-01 9.102848e-01 1.199763e+00 1.955300e-01 -8.421972e-06 -4.894761e-05 2.040357e-05 1.023547e-04
11546.400000 8.091610e-01 9.110322e-01 1.199169e+00 1.960224e-01 3.265836e-06 -5.185409e-05 -1.634898e-07 9.996305e-05
11546.600000 8.001372e-01 9.014389e-01 1.185138e+00 1.953025e-01 -1.291910e-05 -5.372289e-05 1.885406e-05 9.575016e-05
11546.800000 8.143674e-01 9.170034e-01 1.204919e+00 1.972181e-01 -1.222777e-05 -5.194739e-05 3.312529e-05 1.063828e-04
11547.000000 8.106318e-01 9.129877e-01 1.198215e+00 1.962302e-01 -1.308598e-05 -4.645985e-05 4.069997e-05 9.920062e-05
11547.200000 8.102315e-01 9.121560e-01 1.195927e+00 1.948228e-01 -2.225193e-06 -3.649592e-05 2.669643e-05 1.049670e-04
11547.400000 8.245841e-01 9.284965e-01 1.215409e+00 2.034931e-01 4.780694e-06 -4.642962e-05 3.902545e-05 1.133039e-04
11547.600000 8.112266e-01 9.136611e-01 1.194952e+00 1.996571e-01 -5.121735e-06 -4.827435e-05 3.700450e-05 1.083548e-04
11547.800000 8.026901e-01 9.035793e-01 1.179667e+00 1.975419e-01 7.099306e-06 -5.145528e-05 2.852444e-05 9.959310e-05
11548.000000 8.084850e-01 9.109336e-01 1.187569e+00 1.977792e-01 1.223291e-06 -5.158147e-05 1.363104e-05 9.601843e-05
11548.200000 8.139739e-01 9.166234e-01 1.193659e+00 2.005246e-01 1.218032e-05 -5.534284e-05 1.843189e-05 1.019146e-04
11548.400000 8.111901e-01 9.140079e-01 1.188257e+00 1.984606e-01 8.070650e-06 -5.371720e-05 2.444018e-05 9.806790e-05
11548.600000 8.082154e-01 9.103314e-01 1.181846e+00 2.006073e-01 1.643326e-05 -5.828808e-05 3.130820e-05 8.600754e-05
11548.800000 8.146657e-01 9.175599e-01 1.189349e+00 2.027702e-01 3.212005e-06 -4.787505e-05 2.959397e-05 9.842784e-05
11549.000000 8.086806e-01 9.105593e-01 1.178248e+00 2.016828e-01 -1.531045e-07 -4.898329e-05 1.609205e-05 9.184738e-05
11549.200000 8.016060e-01 9.023937e-01 1.166044e+00 1.997336e-01 2.249875e-06 -4.315630e-05 2.871425e-05 1.017465e-04
11549.400000 8.143050e-01 9.169504e-01 1.182659e+00 2.036112e-01 -3.782132e-06 -3.977017e-05 1.252955e-05 8.546926e-05
11549.600000 8.080487e-01 9.102949e-01 1.172177e+00 2.049249e-01 6.117329e-06 -3.634845e-05 1.230798e-05 9.453871e-05
11549.800000 8.122154e-01 9.146304e-01 1.175279e+00 2.042173e-01 -6.838043e-06 -3.357959e-05 1.552555e-05 9.735966e-05
11550.000000 8.095017e-01 9.117190e-01 1.170027e+00 2.060717e-01 -5.048549e-06 -3.493352e-05 2.029239e-05 9.639522e-05
11550.200000 8.112632e-01 9.135458e-01 1.168606e+00 2.068196e-01 -9.564005e-06 -3.298749e-05 2.282714e-05 1.028246e-04
11550.400000 8.048989e-01 9.063479e-01 1.157595e+00 2.058773e-01 -1.739215e-06 -2.320066e-05 1.237679e-05 1.007995e-04
11550.600000 8.146812e-01 9.173104e-01 1.170007e+00 2.078406e-01 -1.077304e-05 -3.534749e-05 9.103025e-06 1.019357e-04
11550.800000 8.106141e-01 9.129019e-01 1.160978e+00 2.061230e-01 1.060371e-05 -3.522743e-05 9.440141e-06 9.790077e-05
11551.000000 8.101571e-01 9.125614e-01 1.158420e+00 2.089685e-01 2.936120e-06 -2.859575e-05 1.366769e-05 1.075499e-04
11551.200000 8.064244e-01 9.079652e-01 1.149671e+00 2.080812e-01 1.090906e-05 -3.212527e-05 5.304730e-06 9.550305e-05
11551.400000 8.095770e-01 9.114506e-01 1.151810e+00 2.109157e-01 5.084917e-06 -4.531590e-05 1.266557e-05 1.005838e-04
11551.600000 8.116648e-01 9.139173e-01 1.152282e+00 2.135593e-01 1.343720e-05 -4.703476e-05 1.674181e-05 1.014302e-04
11551.800000 8.101212e-01 9.125191e-01 1.146571e+00 2.101126e-01 1.570552e-05 -4.670250e-05 2.213488e-05 9.718022e-05
11552.000000 8.104410e-01 9.124247e-01 1.143595e+00 2.155040e-01 1.121220e-05 -4.829242e-05 2.128036e-05 8.328382e-05
11552.200000 8.121033e-01 9.145779e-01 1.144489e+00 2.143947e-01 6.165614e-06 -5.037626e-05 8.233645e-06 8.129576e-05
11552.400000 8.118221e-01 9.140738e-01 1.139285e+00 2.118846e-01 -8.274045e-08 -5.262616e-05 1.122267e-05 9.130108e-05
11552.600000 8.128591e-01 9.151970e-01 1.137292e+00 2.156867e-01 -4.012518e-06 -4.707773e-05 3.599231e-05 9.014167e-05
11552.800000 8.067764e-01 9.081146e-01 1.124702e+00 2.157016e-01 -6.690618e-06 -4.231556e-05 4.206317e-05 1.006639e-04
11553.000000 8.117491e-01 9.139746e-01 1.128979e+00 2.191172e-01 4.964434e-06 -4.270161e-05 3.729323e-05 8.889407e-05
11553.200000 8.068170e-01 9.077559e-01 1.116592e+00 2.197292e-01 7.644672e-06 -4.736771e-05 4.639834e-05 9.896343e-05
11553.400000 8.115591e-01 9.133972e-01 1.120204e+00 2.220685e-01 3.603254e-06 -3.801150e-05 3.194665e-05 9.698453e-05
11553.600000 8.110297e-01 9.128681e-01 1.115493e+00 2.223912e-01 8.269061e-06 -3.543050e-05 3.154700e-05 8.960796e-05
11553.800000 8.119357e-01 9.138152e-01 1.111530e+00 2.219648e-01 2.249091e-06 -2.988730e-05 2.425001e-05 7.883324e-05
11554.000000 8.016336e-01 9.017773e-01 1.092688e+00 2.235145e-01 9.415115e-06 -4.118252e-05 3.630566e-05 6.099131e-05
11554.200000 8.162737e-01 9.182422e-01 1.108644e+00 2.273192e-01 7.542931e-06 -4.890564e-05 3.801883e-05 5.660294e-05
11554.400000 8.117770e-01 9.132077e-01 1.097092e+00 2.259340e-01 1.219537e-05 -3.853923e-05 2.494648e-05 7.399276e-05
11554.600000 8.059565e-01 9.062133e-01 1.083636e+00 2.255491e-01 7.932606e-06 -3.810860e-05 1.944131e-05 7.543471e-05
11554.800000 8.028437e-01 9.024236e-01 1.073900e+00 2.292116e-01 1.411227e-05 -2.969194e-05 3.688124e-05 8.064808e-05
11555.000000 8.093783e-01 9.099668e-01 1.077411e+00 2.316162e-01 7.162375e-07 -3.369885e-05 4.339506e-05 8.679169e-05
11555.200000 8.126323e-01 9.133978e-01 1.074976e+00 2.351505e-01 1.772290e-05 -2.935668e-05 5.565169e-05 9.263546e-05
11555.400000 8.091126e-01 9.095586e-01 1.064855e+00 2.365677e-01 2.770481e-06 -3.043590e-05 4.627531e-05 9.620129e-05
11555.600000 8.087590e-01 9.088637e-01 1.058073e+00 2.349140e-01 4.069968e-06 -2.757854e-05 2.515474e-05 8.526851e-05
11555.800000 8.113429e-01 9.117598e-01 1.054822e+00 2.383521e-01 -1.665994e-06 -2.585340e-05 3.061970e-05 8.912117e-05
11556.000000 8.086790e-01 9.082312e-01 1.045066e+00 2.416561e-01 5.935327e-06 -2.955567e-05 3.082408e-05 8.433815e-05
11556.200000 8.062289e-01 9.053276e-01 1.034180e+00 2.386954e-01 -4.708138e-06 -3.276708e-05 2.960808e-05 8.476143e-05
11556.400000 8.064910e-01 9.052797e-01 1.026488e+00 2.420561e-01 -7.703100e-06 -3.210791e-05 2.985570e-05 9.159042e-05
11556.600000 8.160199e-01 9.158824e-01 1.030919e+00 2.468530e-01 -4.979801e-06 -2.325986e-05 4.005727e-05 1.017697e-04
11556.800000 8.085783e-01 9.072362e-01 1.012398e+00 2.483130e-01 3.205360e-06 -1.206057e-05 2.925085e-05 8.618460e-05
11557.000000 8.127955e-01 9.118159e-01 1.009588e+00 2.513315e-01 1.828802e-06 -2.609190e-05 2.149304e-05 8.513465e-05
11557.200000 8.026072e-01 8.996477e-01 9.883271e-01 2.527121e-01 1.397482e-06 -3.281874e-05 1.993246e-05 8.319535e-05
11557.400000 8.110112e-01 9.091640e-01 9.881726e-01 2.571785e-01 -5.919504e-06 -3.098497e-05 3.699720e-05 9.452216e-05
11557.600000 8.141870e-01 9.124375e-01 9.819871e-01 2.615666e-01 -4.443911e-08 -4.140918e-05 2.690209e-05 8.870958e-05
11557.800000 8.090441e-01 9.059415e-01 9.641835e-01 2.626361e-01 -2.354243e-06 -4.524271e-05 3.326344e-05 9.288713e-05
11558.000000 8.111505e-01 9.081948e-01 9.563059e-01 2.647081e-01 -1.927378e-06 -2.890880e-05 3.511183e-05 8.699929e-05
11558.200000 8.073899e-01 9.034930e-01 9.398147e-01 2.678173e-01 -4.250261e-06 -2.268044e-05 2.804521e-05 7.974119e-05
11558.400000 8.097038e-01 9.058273e-01 9.311384e-01 2.728278e-01 -9.183035e-06 -3.886988e-05 1.965616e-05 9.767436e-05
11558.600000 8.098214e-01 9.049220e-01 9.181219e-01 2.754905e-01 9.733489e-06 -4.514797e-05 2.443669e-05 9.197211e-05
11558.800000 8.086110e-01 9.034641e-01 9.036683e-01 2.785924e-01 3.465127e-06 -4.878473e-05 3.045682e-05 9.862990e-05
11559.000000 8.094150e-01 9.034308e-01 8.897912e-01 2.847864e-01 6.222339e-06 -3.992805e-05 1.739235e-05 1.036113e-04
11559.200000 8.113938e-01 9.053839e-01 8.775987e-01 2.898610e-01 -9.188348e-07 -4.246614e-05 3.222506e-05 1.067986e-04
11559.400000 8.069467e-01 8.993031e-01 8.560362e-01 2.951397e-01 2.599883e-06 -4.259181e-05 2.762663e-05 1.036961e-04
11559.600000 8.091327e-01 9.011916e-01 8.416972e-01 2.986636e-01 -4.320360e-07 -3.998042e-05 1.797270e-05 9.287746e-05
11559.800000 8.147619e-01 9.069162e-01 8.299337e-01 3.086183e-01 -5.147233e-06 -3.873009e-05 3.158811e-05 9.730222e-05
11560.000000 8.045569e-01 8.945514e-01 8.010911e-01 3.092918e-01 1.089705e-06 -3.364458e-05 2.448995e-05 8.904827e-05
11560.200000 8.075936e-01 8.973858e-01 7.853577e-01 3.175802e-01 -3.574672e-06 -3.290107e-05 4.133322e-05 8.272979e-05
11560.400000 8.082957e-01 8.969627e-01 7.656894e-01 3.230656e-01 4.001140e-06 -3.758341e-05 2.705519e-05 7.304997e-05
11560.600000 8.127417e-01 9.009361e-01 7.479917e-01 3.324180e-01 7.814671e-06 -3.842525e-05 3.246748e-05 8.134658e-05
11560.800000 8.087307e-01 8.951362e-01 7.222393e-01 3.386863e-01 1.022301e-05 -3.396048e-05 3.491657e-05 8.689658e-05
11561.000000 8.114342e-01 8.973261e-01 7.018163e-01 3.466128e-01 1.171739e-05 -2.658243e-05 2.463494e-05 8.609294e-05
11561.200000 8.049303e-01 8.889520e-01 6.725968e-01 3.528737e-01 6.238198e-06 -1.942499e-05 2.679014e-05 9.213138e-05
11561.400000 8.035838e-01 8.854674e-01 6.451725e-01 3.643828e-01 1.788872e-06 -1.490467e-05 2.073721e-05 8.103588e-05
11561.600000 8.111491e-01 8.924719e-01 6.250908e-01 3.781055e-01 4.119307e-06 -3.070949e-05 2.509205e-05 8.742623e-05
11561.800000 8.062961e-01 8.854235e-01 5.940187e-01 3.881092e-01 3.589194e-06 -3.270662e-05 2.616757e-05 7.757330e-05
11562.000000 8.128043e-01 8.906236e-01 5.700719e-01 4.022090e-01 1.979445e-06 -3.157594e-05 2.939763e-05 7.436615e-05
11562.200000 8.043085e-01 8.792281e-01 5.337097e-01 4.158359e-01 7.169306e-06 -3.024739e-05 3.547210e-05 5.380865e-05
11562.400000 8.072065e-01 8.806155e-01 5.082524e-01 4.289703e-01 7.434469e-06 -2.823838e-05 2.483802e-05 7.155540e-05
11562.600000 8.111612e-01 8.822261e-01 4.820406e-01 4.447033e-01 1.251641e-05 -3.285713e-05 2.372684e-05 8.368118e-05
11562.800000 8.088156e-01 8.772601e-01 4.506086e-01 4.641108e-01 7.887903e-06 -2.889645e-05 2.728195e-05 9.592148e-05
11563.000000 8.065835e-01 8.722245e-01 4.190084e-01 4.805911e-01 6.366872e-06 -2.171273e-05 7.208567e-06 9.250360e-05
11563.200000 8.085233e-01 8.713511e-01 3.918608e-01 4.993874e-01 2.546106e-05 -3.231038e-05 1.710401e-05 9.768485e-05
11563.400000 8.078429e-01 8.676762e-01 3.626004e-01 5.171646e-01 2.714825e-05 -2.767927e-05 2.710128e-05 8.521160e-05
11563.600000 8.120215e-01 8.692510e-01 3.381900e-01 5.429479e-01 2.951453e-05 -3.478377e-05 3.987194e-05 8.871878e-05
11563.800000 8.066252e-01 8.600475e-01 3.098434e-01 5.597445e-01 1.481571e-05 -2.601800e-05 4.190613e-05 6.735753e-05
11564.000000 8.074385e-01 8.573165e-01 2.840422e-01 5.885262e-01 7.619980e-06 -2.276623e-05 3.950729e-05 6.724065e-05
11564.200000 8.094512e-01 8.561398e-01 2.618511e-01 6.084626e-01 4.000635e-06 -2.645187e-05 5.050284e-05 8.005099e-05
11564.400000 8.089336e-01 8.520067e-01 2.402791e-01 6.330907e-01 1.221429e-05 -1.893119e-05 3.731632e-05 9.122433e-05
11564.600000 8.083599e-01 8.475966e-01 2.196800e-01 6.572737e-01 1.643796e-05 -1.815234e-05 4.412482e-05 8.468241e-05
11564.800000 8.085862e-01 8.441413e-01 2.022718e-01 6.838562e-01 9.314272e-06 -2.902906e-05 4.359401e-05 8.258006e-05
11565.000000 8.071676e-01 8.393029e-01 1.859348e-01 7.016637e-01 1.087569e-05 -1.537818e-05 5.029218e-05 8.292588e-05
11565.200000 8.104324e-01 8.393586e-01 1.734858e-01 7.283406e-01 7.163748e-06 -1.939384e-05 4.399307e-05 7.694043e-05
11565.400000 8.094071e-01 8.351904e-01 1.613810e-01 7.475536e-01 1.139028e-05 -2.471333e-05 4.273101e-05 7.103606e-05
11565.600000 8.096160e-01 8.320154e-01 1.509502e-01 7.717702e-01 1.501729e-05 -2.103567e-05 4.026101e-05 7.924900e-05
11565.800000 8.065544e-01 8.260853e-01 1.424541e-01 7.860350e-01 1.130955e-05 -2.092025e-05 3.839516e-05 7.766028e-05
11566.000000 8.086676e-01 8.254763e-01 1.356456e-01 8.092888e-01 8.880946e-06 -2.336856e-05 3.891731e-05 7.882409e-05
11566.200000 8.092473e-01 8.233392e-01 1.304948e-01 8.293372e-01 1.120086e-05 -2.452302e-05 4.758688e-05 8.570006e-05
11566.400000 8.070166e-01 8.187586e-01 1.264563e-01 8.361691e-01 7.091370e-06 -3.556690e-05 4.527248e-05 9.027704e-05
11566.600000 8.110869e-01 8.211154e-01 1.245988e-01 8.537559e-01 1.797633e-05 -4.260054e-05 4.300083e-05 8.888665e-05
11566.800000 8.081132e-01 8.162468e-01 1.226162e-01 8.598739e-01 2.216295e-05 -3.629833e-05 4.093100e-05 8.356669e-05
11567.000000 8.084863e-01 8.152574e-01 1.222346e-01 8.722368e-01 2.496251e-05 -3.359996e-05 4.063918e-05 8.361119e-05
11567.200000 8.082803e-01 8.138941e-01 1.225221e-01 8.818907e-01 2.010966e-05 -3.206274e-05 4.152594e-05 8.811135e-05
11567.400000 8.119039e-01 8.163585e-01 1.241795e-01 8.914037e-01 2.682436e-05 -3.138762e-05 2.929412e-05 8.785290e-05
11567.600000 8.040220e-01 8.076698e-01 1.243922e-01 8.887359e-01 2.821313e-05 -2.955140e-05 1.945133e-05 9.505042e-05
11567.800000 8.061758e-01 8.092894e-01 1.271863e-01 8.940951e-01 2.159393e-05 -2.910351e-05 2.423030e-05 9.363366e-05
11568.000000 8.057367e-01 8.084032e-01 1.291513e-01 8.934541e-01 3.212116e-05 -3.342426e-05 2.657773e-05 8.148042e-05
11568.200000 8.082962e-01 8.110447e-01 1.324540e-01 8.973857e-01 3.078454e-05 -2.167585e-05 2.559725e-05 9.700277e-05
11568.400000 8.078634e-01 8.105736e-01 1.355785e-01 8.991350e-01 2.206811e-05 -2.343201e-05 1.855319e-05 9.585448e-05
11568.600000 8.074490e-01 8.102079e-01 1.386729e-01 8.968523e-01 2.201571e-05 -2.056455e-05 1.487737e-05 9.672871e-05
11568.800000 8.068177e-01 8.096526e-01 1.419939e-01 8.950404e-01 3.182239e-05 -2.803423e-05 3.359499e-05 9.843624e-05
11569.000000 8.092028e-01 8.126142e-01 1.459044e-01 8.927614e-01 3.493658e-05 -3.320050e-05 3.148958e-05 1.045548e-04
11569.200000 8.079778e-01 8.119629e-01 1.492873e-01 8.916892e-01 2.865451e-05 -2.716607e-05 3.220616e-05 1.040206e-04
11569.400000 8.060574e-01 8.107837e-01 1.522869e-01 8.837385e-01 3.302712e-05 -2.199517e-05 3.627750e-05 9.506836e-05
11569.600000 8.097237e-01 8.152796e-01 1.566250e-01 8.804406e-01 4.105927e-05 -3.031646e-05 3.235522e-05 8.904630e-05
11569.800000 8.043819e-01 8.106153e-01 1.589366e-01 8.711383e-01 3.262822e-05 -4.046466e-05 3.797751e-05 1.046889e-04
11570.000000 8.086253e-01 8.159448e-01 1.633374e-01 8.702809e-01 2.828295e-05 -3.536361e-05 3.096890e-05 8.921137e-05
11570.200000 8.079643e-01 8.163266e-01 1.664179e-01 8.624522e-01 1.827365e-05 -3.606294e-05 3.120516e-05 8.254474e-05
11570.400000 8.076828e-01 8.172442e-01 1.694174e-01 8.565163e-01 9.923634e-06 -3.536822e-05 2.187744e-05 8.445722e-05
11570.600000 8.089523e-01 8.194230e-01 1.727881e-01 8.522380e-01 1.440022e-05 -3.669407e-05 1.719200e-05 8.001522e-05
11570.800000 8.088322e-01 8.204039e-01 1.755913e-01 8.431494e-01 2.333502e-05 -3.525271e-05 2.558059e-05 8.351381e-05
11571.000000 8.060593e-01 8.187365e-01 1.775987e-01 8.319117e-01 2.243831e-05 -3.700196e-05 3.154855e-05 9.274535e-05
11571.200000 8.082235e-01 8.220160e-01 1.809601e-01 8.275929e-01 1.596863e-05 -3.716167e-05 3.171393e-05 8.337674e-05
11571.400000 8.077232e-01 8.225379e-01 1.837281e-01 8.192734e-01 2.286216e-05 -2.874622e-05 3.911204e-05 8.069937e-05
11571.600000 8.084501e-01 8.242525e-01 1.864160e-01 8.174636e-01 3.041434e-05 -2.373941e-05 4.135753e-05 7.435834e-05
11571.800000 8.049031e-01 8.216579e-01 1.880358e-01 8.090478e-01 1.171093e-05 -3.329480e-05 5.032773e-05 7.367219e-05
11572.000000 8.082566e-01 8.260905e-01 1.911060e-01 8.055201e-01 3.834727e-06 -3.739309e-05 4.405188e-05 8.211432e-05
11572.200000 8.074751e-01 8.262991e-01 1.933499e-01 7.959663e-01 1.239029e-05 -3.024738e-05 3.663537e-05 7.429252e-05
11572.400000 8.070185e-01 8.267573e-01 1.955611e-01 7.903784e-01 2.222379e-05 -3.860822e-05 5.304110e-05 7.854779e-05
11572.600000 8.027977e-01 8.232757e-01 1.964944e-01 7.800162e-01 2.527409e-05 -3.280683e-05 4.858316e-05 8.551333e-05
11572.800000 8.076820e-01 8.291104e-01 1.999944e-01 7.817526e-01 1.945954e-05 -2.364410e-05 4.965295e-05 8.924378e-05
11573.000000 8.070737e-01 8.293190e-01 2.016377e-01 7.754339e-01 2.044343e-05 -3.680016e-05 4.839729e-05 7.882478e-05
11573.200000 8.087726e-01 8.318120e-01 2.038901e-01 7.725614e-01 2.108889e-05 -3.997710e-05 4.299910e-05 7.081832e-05
11573.400000 8.050068e-01 8.287078e-01 2.049280e-01 7.650163e-01 2.037655e-05 -4.122488e-05 4.903305e-05 9.229687e-05
11573.600000 8.087459e-01 8.332850e-01 2.075632e-01 7.643085e-01 2.333686e-05 -4.379770e-05 4.081332e-05 9.081726e-05
11573.800000 8.066048e-01 8.317096e-01 2.086409e-01 7.578768e-01 2.478620e-05 -4.416123e-05 2.188712e-05 8.711058e-05
11574.000000 8.067560e-01 8.324534e-01 2.102721e-01 7.543173e-01 2.637929e-05 -5.138461e-05 2.689472e-05 9.111324e-05
11574.200000 8.065656e-01 8.328929e-01 2.114839e-01 7.522040e-01 2.855245e-05 -5.363832e-05 2.130169e-05 8.765963e-05
11574.400000 8.065766e-01 8.335308e-01 2.127179e-01 7.493197e-01 1.432822e-05 -4.970627e-05 2.228883e-05 8.638673e-05
11574.600000 8.070267e-01 8.344925e-01 2.138815e-01 7.462524e-01 1.001000e-05 -4.312935e-05 1.830580e-05 8.918528e-05
11574.800000 8.071096e-01 8.351098e-01 2.148723e-01 7.427953e-01 3.598067e-06 -4.357880e-05 2.296430e-05 9.187253e-05
11575.000000 8.062621e-01 8.346428e-01 2.154045e-01 7.403225e-01 1.870936e-05 -4.372555e-05 3.683334e-05 9.837107e-05
11575.200000 8.076962e-01 8.366070e-01 2.164312e-01 7.399387e-01 2.341461e-05 -4.771634e-05 3.173601e-05 8.736115e-05
11575.400000 8.043274e-01 8.333418e-01 2.160577e-01 7.333268e-01 2.531700e-05 -5.231836e-05 2.020280e-05 8.377418e-05
11575.600000 8.091150e-01 8.386025e-01 2.177538e-01 7.351308e-01 2.607590e-05 -5.199315e-05 2.050933e-05 8.126133e-05
11575.800000 8.068920e-01 8.368133e-01 2.173579e-01 7.316145e-01 3.143373e-05 -5.660557e-05 2.624152e-05 8.796320e-05
11576.000000 8.076277e-01 8.379170e-01 2.175399e-01 7.329609e-01 3.004122e-05 -5.863309e-05 2.695102e-05 9.123916e-05
11576.200000 8.059820e-01 8.364828e-01 2.169578e-01 7.290383e-01 2.775921e-05 -4.312541e-05 3.327862e-05 9.778559e-05
11576.400000 8.057410e-01 8.364778e-01 2.167490e-01 7.284389e-01 2.090740e-05 -3.878159e-05 2.530230e-05 8.777515e-05
11576.600000 8.089677e-01 8.400333e-01 2.174414e-01 7.299536e-01 3.293950e-05 -4.569869e-05 2.552754e-05 8.621397e-05
11576.800000 8.073583e-01 8.385773e-01 2.166176e-01 7.295001e-01 3.761356e-05 -4.573708e-05 2.182729e-05 5.155452e-05
11577.000000 8.065310e-01 8.378257e-01 2.156204e-01 7.256989e-01 3.604252e-05 -4.569716e-05 2.038346e-05 6.572410e-05
11577.200000 8.027878e-01 8.341637e-01 2.137258e-01 7.230534e-01 3.490327e-05 -4.090888e-05 2.141860e-05 8.197023e-05
11577.400000 8.061596e-01 8.378605e-01 2.140558e-01 7.257961e-01 3.067866e-05 -4.382153e-05 2.107552e-05 8.140176e-05
11577.600000 8.068385e-01 8.386129e-01 2.134065e-01 7.248221e-01 2.788458e-05 -3.924937e-05 1.843380e-05 8.351313e-05
11577.800000 8.063974e-01 8.381894e-01 2.123641e-01 7.240886e-01 2.267397e-05 -5.113051e-05 1.425506e-05 7.902965e-05
11578.000000 8.062210e-01 8.381816e-01 2.113019e-01 7.249155e-01 2.126843e-05 -3.751447e-05 2.203908e-05 8.061319e-05
11578.200000 8.078091e-01 8.399156e-01 2.105446e-01 7.259061e-01 2.128495e-05 -3.446763e-05 2.386309e-05 9.389826e-05
11578.400000 8.060161e-01 8.381416e-01 2.091897e-01 7.232509e-01 2.746742e-05 -3.415831e-05 3.031310e-05 8.678453e-05
11578.600000 8.069192e-01 8.390744e-01 2.084137e-01 7.265160e-01 2.426253e-05 -2.636007e-05 2.076499e-05 8.435759e-05
11578.800000 8.070990e-01 8.393706e-01 2.073890e-01 7.290756e-01 1.181805e-05 -3.400985e-05 2.861588e-05 8.549640e-05
11579.000000 8.071105e-01 8.393616e-01 2.063779e-01 7.267521e-01 1.859274e-05 -4.108798e-05 2.680246e-05 8.957941e-05
11579.200000 8.018845e-01 8.337932e-01 2.041630e-01 7.240965e-01 1.294611e-05 -3.964861e-05 1.070032e-05 9.222927e-05
11579.400000 8.070673e-01 8.391458e-01 2.047252e-01 7.290403e-01 1.362865e-05 -3.758169e-05 1.055592e-05 8.106189e-05
11579.600000 8.055165e-01 8.376368e-01 2.035118e-01 7.288849e-01 1.307579e-05 -3.819979e-05 2.466842e-05 8.741094e-05
11579.800000 8.070911e-01 8.392757e-01 2.031755e-01 7.281874e-01 9.631116e-06 -3.857680e-05 3.184293e-05 8.791662e-05
11580.000000 7.993514e-01 8.311589e-01 2.006314e-01 7.226255e-01 1.348094e-05 -4.273676e-05 4.510844e-05 8.212490e-05
11580.200000 8.072364e-01 8.395933e-01 2.023874e-01 7.303623e-01 1.155628e-05 -4.361071e-05 3.070237e-05 8.614512e-05
11580.400000 8.070265e-01 8.394459e-01 2.017898e-01 7.296405e-01 1.749950e-05 -4.288495e-05 3.237629e-05 8.199025e-05
11580.600000 8.066633e-01 8.390049e-01 2.016158e-01 7.312122e-01 2.158462e-05 -3.836966e-05 3.393316e-05 8.849508e-05
11580.800000 8.057276e-01 8.381596e-01 2.013458e-01 7.305261e-01 2.640758e-05 -3.740212e-05 2.649382e-05 9.010194e-05
11581.000000 8.052649e-01 8.378629e-01 2.013608e-01 7.287572e-01 1.366411e-05 -4.367508e-05 3.115045e-05 8.931776e-05
11581.200000 8.065527e-01 8.392762e-01 2.018547e-01 7.326416e-01 2.126489e-05 -5.337755e-05 2.764896e-05 7.622537e-05
11581.400000 8.066129e-01 8.393820e-01 2.024103e-01 7.293525e-01 1.616022e-05 -4.123202e-05 2.378499e-05 8.112081e-05
11581.600000 8.056009e-01 8.382395e-01 2.026740e-01 7.264393e-01 5.782102e-06 -4.057362e-05 1.468545e-05 7.951911e-05
11581.800000 8.059251e-01 8.388257e-01 2.034952e-01 7.292346e-01 7.098687e-06 -4.376556e-05 2.104236e-05 9.071502e-05
11582.000000 8.067276e-01 8.398745e-01 2.045864e-01 7.303789e-01 4.412412e-06 -4.683016e-05 2.554015e-05 9.760520e-05
11582.200000 8.030958e-01 8.363524e-01 2.046873e-01 7.244972e-01 6.567360e-07 -5.464674e-05 1.945905e-05 9.730974e-05
11582.400000 8.044638e-01 8.379256e-01 2.062627e-01 7.257665e-01 1.255992e-05 -6.484352e-05 1.850537e-05 9.056905e-05
11582.600000 8.061506e-01 8.397389e-01 2.078256e-01 7.263389e-01 1.479626e-05 -6.221362e-05 1.142882e-05 9.073046e-05
11582.800000 8.059714e-01 8.396729e-01 2.088936e-01 7.263068e-01 1.142873e-05 -5.870689e-05 1.800274e-05 9.398003e-05
11583.000000 8.053519e-01 8.393132e-01 2.104271e-01 7.257529e-01 1.126253e-05 -4.775443e-05 2.169384e-05 9.736076e-05
11583.200000 8.060191e-01 8.402513e-01 2.118276e-01 7.255940e-01 7.255642e-06 -4.145037e-05 2.013667e-05 9.905587e-05
11583.400000 8.066908e-01 8.411659e-01 2.132950e-01 7.246511e-01 1.341142e-05 -3.708064e-05 8.077705e-06 9.210959e-05
11583.600000 8.059085e-01 8.405359e-01 2.143259e-01 7.225918e-01 6.944429e-06 -3.346927e-05 1.278405e-05 9.309363e-05
11583.800000 8.029420e-01 8.376015e-01 2.148671e-01 7.193730e-01 1.143435e-05 -3.198014e-05 3.604078e-06 9.443570e-05
11584.000000 8.062598e-01 8.413020e-01 2.169657e-01 7.240082e-01 9.921088e-06 -4.206414e-05 1.727663e-05 1.110410e-04
11584.200000 8.046487e-01 8.399088e-01 2.177281e-01 7.229210e-01 9.331974e-06 -4.404717e-05 2.661196e-05 1.204074e-04
11584.400000 8.063543e-01 8.417304e-01 2.189720e-01 7.228461e-01 5.593973e-06 -4.697380e-05 3.543056e-05 1.109329e-04
11584.600000 8.053806e-01 8.409852e-01 2.197825e-01 7.199975e-01 3.988662e-06 -4.249911e-05 1.521234e-05 1.024573e-04
11584.800000 8.032570e-01 8.389685e-01 2.196353e-01 7.177496e-01 2.074352e-06 -4.608580e-05 2.423974e-05 1.029478e-04
11585.000000 8.041279e-01 8.397990e-01 2.204973e-01 7.172563e-01 -1.719486e-06 -4.610458e-05 1.584825e-05 1.042359e-04
11585.200000 8.022415e-01 8.380593e-01 2.210310e-01 7.148404e-01 -6.768006e-07 -4.853890e-05 1.042568e-05 9.974193e-05
11585.400000 8.066769e-01 8.429663e-01 2.227190e-01 7.175714e-01 3.944490e-06 -4.911838e-05 1.533408e-05 1.050089e-04
11585.600000 7.993355e-01 8.352813e-01 2.210429e-01 7.092641e-01 1.968578e-06 -5.520335e-05 1.136776e-06 1.027634e-04
11585.800000 8.042770e-01 8.405329e-01 2.227680e-01 7.124419e-01 1.080354e-05 -4.187732e-05 -1.379349e-06 1.011059e-04
11586.000000 8.062994e-01 8.429779e-01 2.234669e-01 7.162067e-01 8.144350e-06 -4.711284e-05 1.007707e-05 1.137194e-04
11586.200000 8.053567e-01 8.420463e-01 2.235778e-01 7.147449e-01 1.184034e-06 -4.722383e-05 1.186681e-05 1.090092e-04
11586.400000 8.048436e-01 8.414966e-01 2.235193e-01 7.147200e-01 8.350966e-06 -4.749379e-05 3.161871e-05 1.142184e-04
11586.600000 8.053001e-01 8.419972e-01 2.239223e-01 7.147945e-01 5.463002e-06 -4.141137e-05 1.979968e-05 1.015374e-04
11586.800000 8.061040e-01 8.428634e-01 2.240173e-01 7.152877e-01 8.801436e-06 -4.886774e-05 3.407275e-05 1.017380e-04
11587.000000 8.030965e-01 8.398743e-01 2.230478e-01 7.144243e-01 1.234164e-05 -4.635695e-05 3.189603e-05 8.829585e-05
11587.200000 8.072446e-01 8.443036e-01 2.243442e-01 7.182726e-01 1.475449e-05 -4.161329e-05 1.377761e-05 8.946090e-05
11587.400000 8.051178e-01 8.418554e-01 2.237269e-01 7.168787e-01 1.180348e-05 -4.461197e-05 6.179246e-06 9.626745e-05
11587.600000 8.025047e-01 8.392354e-01 2.225016e-01 7.180255e-01 1.917304e-05 -4.596233e-05 1.443439e-05 9.204437e-05
11587.800000 8.056405e-01 8.426698e-01 2.231474e-01 7.184465e-01 2.265819e-05 -4.590884e-05 7.084683e-06 9.968967e-05
11588.000000 8.036616e-01 8.404771e-01 2.221788e-01 7.172243e-01 3.155758e-05 -5.155556e-05 5.154075e-06 1.064010e-04
11588.200000 8.060770e-01 8.431707e-01 2.224497e-01 7.221082e-01 2.117368e-05 -4.551759e-05 1.633009e-05 1.022931e-04
11588.400000 7.976346e-01 8.342798e-01 2.198873e-01 7.111757e-01 2.349776e-05 -4.562325e-05 1.701074e-05 9.431150e-05
11588.600000 8.072940e-01 8.441994e-01 2.219744e-01 7.219585e-01 1.849871e-05 -5.246444e-05 3.738497e-06 7.189263e-05
11588.800000 8.070599e-01 8.439404e-01 2.212532e-01 7.205551e-01 5.207943e-06 -4.961212e-05 1.990647e-06 9.489542e-05
11589.000000 8.036709e-01 8.405320e-01 2.194725e-01 7.232847e-01 1.221487e-05 -4.717312e-05 7.742622e-06 9.269858e-05
11589.200000 8.018040e-01 8.386490e-01 2.183095e-01 7.166410e-01 2.037820e-05 -5.456768e-05 7.092598e-06 9.611728e-05
11589.400000 8.064553e-01 8.431310e-01 2.186554e-01 7.251266e-01 1.303287e-05 -5.425003e-05 5.729270e-06 1.042872e-04
11589.600000 8.062695e-01 8.428856e-01 2.176710e-01 7.260548e-01 1.303598e-05 -5.895472e-05 1.016826e-06 9.144551e-05
11589.800000 8.004096e-01 8.369136e-01 2.151293e-01 7.213153e-01 1.568225e-05 -6.443519e-05 1.834275e-05 8.647344e-05
11590.000000 8.055304e-01 8.419143e-01 2.156454e-01 7.255657e-01 2.235285e-05 -5.948746e-05 1.064528e-05 9.534367e-05
11590.200000 7.991687e-01 8.352022e-01 2.124449e-01 7.249428e-01 1.479164e-05 -6.253973e-05 1.593599e-05 9.914518e-05
11590.400000 8.086308e-01 8.450927e-01 2.135963e-01 7.317266e-01 1.936850e-05 -5.766649e-05 1.637028e-05 9.114147e-05
11590.600000 8.046475e-01 8.408297e-01 2.111078e-01 7.324016e-01 2.181065e-05 -5.527162e-05 1.692329e-05 8.470108e-05
11590.800000 8.032547e-01 8.391503e-01 2.093995e-01 7.322145e-01 9.890878e-06 -5.270086e-05 1.686942e-05 8.151869e-05
11591.000000 8.032616e-01 8.388664e-01 2.077928e-01 7.322764e-01 1.459218e-05 -5.276027e-05 1.761555e-05 8.016278e-05
11591.200000 8.022613e-01 8.378804e-01 2.061475e-01 7.299755e-01 9.612184e-06 -5.815073e-05 1.532682e-05 8.219418e-05
11591.400000 8.067206e-01 8.423450e-01 2.056914e-01 7.356870e-01 1.765242e-05 -6.257741e-05 1.419457e-05 9.486922e-05
11591.600000 8.043297e-01 8.396590e-01 2.036953e-01 7.341599e-01 2.489979e-05 -5.799007e-05 2.199728e-05 8.665943e-05
11591.800000 8.064274e-01 8.419088e-01 2.025743e-01 7.415281e-01 4.825628e-06 -5.773046e-05 2.376642e-05 8.682910e-05
11592.000000 8.056585e-01 8.408134e-01 2.001570e-01 7.418854e-01 2.650462e-06 -5.752659e-05 2.675953e-05 8.792796e-05
11592.200000 8.001337e-01 8.349072e-01 1.973174e-01 7.376894e-01 1.887183e-05 -5.983268e-05 3.464609e-05 9.294473e-05
11592.400000 8.058251e-01 8.408814e-01 1.972425e-01 7.446922e-01 3.791943e-06 -6.118895e-05 1.454605e-05 9.250893e-05
11592.600000 8.017556e-01 8.364126e-01 1.946874e-01 7.419014e-01 4.938916e-06 -5.286325e-05 2.987785e-05 8.841357e-05
11592.800000 8.031838e-01 8.376703e-01 1.937458e-01 7.454561e-01 1.838559e-05 -5.578891e-05 2.185248e-05 9.209736e-05
11593.000000 8.042807e-01 8.386993e-01 1.925036e-01 7.456281e-01 1.218452e-05 -5.693805e-05 2.988179e-05 1.020828e-04
11593.200000 8.064894e-01 8.409720e-01 1.918408e-01 7.515393e-01 1.888715e-05 -4.918341e-05 3.427738e-05 1.022726e-04
11593.400000 7.984698e-01 8.326691e-01 1.889320e-01 7.477783e-01 1.152540e-05 -4.160190e-05 3.726188e-05 9.755595e-05
11593.600000 8.096395e-01 8.440830e-01 1.902597e-01 7.545338e-01 9.588195e-06 -4.495767e-05 3.681380e-05 9.445208e-05
11593.800000 8.037514e-01 8.377500e-01 1.878427e-01 7.506612e-01 1.504567e-05 -4.711118e-05 1.676213e-05 8.662125e-05
11594.000000 8.036937e-01 8.379107e-01 1.870733e-01 7.450583e-01 -4.951744e-07 -4.946408e-05 1.289392e-05 9.532501e-05
11594.200000 8.006119e-01 8.349245e-01 1.858713e-01 7.465433e-01 1.021489e-05 -3.702630e-05 1.690043e-05 1.045573e-04
11594.400000 7.999944e-01 8.337128e-01 1.852699e-01 7.473749e-01 5.093384e-06 -3.554915e-05 2.092756e-05 1.001514e-04
11594.600000 8.024113e-01 8.365437e-01 1.855267e-01 7.503740e-01 1.168268e-05 -4.137935e-05 1.972855e-05 9.380434e-05
11594.800000 8.034164e-01 8.375112e-01 1.854578e-01 7.521485e-01 7.019957e-06 -4.639254e-05 3.199529e-05 8.943582e-05
11595.000000 7.988248e-01 8.328056e-01 1.846300e-01 7.482301e-01 -4.859078e-06 -4.965764e-05 3.092869e-05 9.115326e-05
11595.200000 8.051720e-01 8.394465e-01 1.860910e-01 7.509440e-01 3.607056e-08 -5.534319e-05 2.920883e-05 9.760352e-05
11595.400000 7.963243e-01 8.302262e-01 1.842154e-01 7.455505e-01 -4.841529e-06 -4.876120e-05 2.836077e-05 9.841375e-05
11595.600000 8.044187e-01 8.387982e-01 1.864448e-01 7.534607e-01 6.972113e-06 -4.883089e-05 1.758242e-05 9.884056e-05
11595.800000 7.984250e-01 8.327972e-01 1.853055e-01 7.475487e-01 1.082227e-05 -5.632679e-05 2.239814e-05 9.875777e-05
11596.000000 8.038177e-01 8.384406e-01 1.874468e-01 7.476910e-01 2.434236e-05 -5.684458e-05 1.949684e-05 1.046745e-04
11596.200000 8.026951e-01 8.374017e-01 1.881474e-01 7.498696e-01 2.531384e-05 -5.962183e-05 1.222968e-05 8.832796e-05
11596.400000 8.042310e-01 8.391184e-01 1.893766e-01 7.516619e-01 1.925286e-05 -5.979001e-05 1.444181e-06 8.885986e-05
11596.600000 7.949450e-01 8.294904e-01 1.874891e-01 7.413544e-01 1.810562e-05 -5.175701e-05 1.924444e-05 9.773861e-05
11596.800000 8.052786e-01 8.405718e-01 1.910368e-01 7.492914e-01 1.336195e-05 -6.264568e-05 1.466761e-05 1.028325e-04
11597.000000 8.024141e-01 8.378137e-01 1.913097e-01 7.439594e-01 1.032269e-05 -6.709664e-05 5.499893e-06 9.725611e-05
11597.700000 8.001683e-01 8.362372e-01 1.940897e-01 7.400524e-01 -2.642128e-06 -6.241204e-05 1.740180e-05 8.801706e-05
11598.400000 8.014969e-01 8.383583e-01 1.984245e-01 7.406900e-01 1.072371e-05 -5.129418e-05 2.920497e-06 9.005751e-05
11599.100000 8.013528e-01 8.390123e-01 2.020068e-01 7.366623e-01 2.122754e-05 -5.275249e-05 -8.896179e-07 9.082228e-05
11599.800000 8.014888e-01 8.400009e-01 2.050160e-01 7.331972e-01 1.743707e-05 -4.643231e-05 5.259868e-06 8.579523e-05
11600.500000 8.013943e-01 8.405191e-01 2.074111e-01 7.307276e-01 2.912535e-05 -5.819237e-05 3.070625e-06 8.903112e-05
11601.200000 8.003090e-01 8.399464e-01 2.089949e-01 7.279562e-01 3.133301e-05 -5.978106e-05 5.570039e-06 8.952111e-05
11601.900000 8.013477e-01 8.417264e-01 2.108872e-01 7.263084e-01 3.001587e-05 -4.711235e-05 1.194192e-05 9.028423e-05
11602.600000 8.017409e-01 8.428065e-01 2.121070e-01 7.244847e-01 2.673682e-05 -3.686165e-05 8.603997e-06 8.633142e-05
11603.300000 8.007495e-01 8.420901e-01 2.128886e-01 7.217823e-01 2.667626e-05 -3.800477e-05 2.871485e-06 8.420844e-05
11604.993695 8.004201e-01 8.428894e-01 2.164198e-01 7.191843e-01 2.347730e-05 -3.088322e-05 9.989293e-06 8.578281e-05
11605.999583 8.004923e-01 8.436490e-01 2.191456e-01 7.182079e-01 2.581693e-05 -3.241472e-05 1.944845e-05 9.384794e-05
11607.017662 7.993757e-01 8.429651e-01 2.211148e-01 7.176304e-01 2.541364e-05 -2.755442e-05 1.734646e-05 9.759437e-05
11608.047933 8.004980e-01 8.446605e-01 2.228547e-01 7.177220e-01 2.785113e-05 -2.979304e-05 8.954807e-06 9.526813e-05
11609.090396 7.995387e-01 8.438591e-01 2.225837e-01 7.189991e-01 2.079092e-05 -3.395631e-05 5.612514e-06 9.082922e-05
11610.145051 7.997434e-01 8.441469e-01 2.213817e-01 7.225444e-01 1.633730e-05 -3.215837e-05 8.224156e-06 8.683635e-05
11611.211898 7.987540e-01 8.429670e-01 2.185758e-01 7.238933e-01 4.335855e-06 -3.221622e-05 6.977758e-06 8.052867e-05
11612.290937 7.994896e-01 8.436138e-01 2.154763e-01 7.289114e-01 5.478428e-06 -3.354508e-05 5.244454e-06 9.854206e-05
11613.382167 7.994330e-01 8.432955e-01 2.116375e-01 7.328815e-01 1.017698e-05 -2.857411e-05 1.820037e-06 9.930937e-05
11614.485590 7.981997e-01 8.416162e-01 2.075200e-01 7.347614e-01 9.531438e-06 -3.464987e-05 1.109378e-05 1.020434e-04
11615.601204 7.974637e-01 8.406892e-01 2.033650e-01 7.396225e-01 1.169141e-06 -3.897256e-05 1.682100e-05 8.982550e-05
11616.729011 7.985928e-01 8.415733e-01 2.000623e-01 7.455070e-01 5.117385e-06 -4.461716e-05 5.403782e-06 8.511809e-05
11617.869009 7.981307e-01 8.408256e-01 1.967580e-01 7.496617e-01 1.441664e-06 -3.557881e-05 8.166510e-06 8.695656e-05
11619.021199 7.973970e-01 8.401310e-01 1.942851e-01 7.513597e-01 6.950559e-06 -4.346948e-05 1.473406e-05 9.257002e-05
11620.185582 7.981370e-01 8.410739e-01 1.932848e-01 7.553247e-01 1.505869e-05 -4.653504e-05 2.553369e-05 9.476572e-05
11621.362156 7.966152e-01 8.397347e-01 1.927781e-01 7.540334e-01 2.124545e-05 -4.498903e-05 1.692419e-05 8.909451e-05
11622.550922 7.962882e-01 8.398731e-01 1.937604e-01 7.522100e-01 6.644762e-06 -4.568351e-05 1.429416e-05 8.207483e-05
11623.751879 7.967131e-01 8.408566e-01 1.955317e-01 7.540890e-01 1.029795e-05 -4.898441e-05 8.789565e-06 8.543671e-05
11624.965029 7.969796e-01 8.418337e-01 1.976001e-01 7.522839e-01 1.781404e-05 -5.305303e-05 8.712331e-06 7.734013e-05
11626.190371 7.969624e-01 8.425905e-01 1.997449e-01 7.512666e-01 2.616961e-05 -4.793056e-05 6.461180e-06 7.060849e-05
11627.427904 7.964470e-01 8.429073e-01 2.014424e-01 7.476992e-01 1.841147e-05 -4.671859e-05 5.939468e-07 6.452842e-05
11628.677630 7.965063e-01 8.437715e-01 2.034144e-01 7.460373e-01 1.381470e-05 -4.977211e-05 1.599630e-05 8.053137e-05
11629.939547 7.960464e-01 8.440324e-01 2.051110e-01 7.435684e-01 1.030565e-05 -6.080248e-05 1.630410e-05 9.120386e-05
11631.213657 7.950273e-01 8.437526e-01 2.063946e-01 7.417776e-01 4.316847e-06 -5.388375e-05 1.984492e-05 8.605061e-05
11632.499958 7.952314e-01 8.448990e-01 2.076563e-01 7.388022e-01 9.388143e-06 -5.028382e-05 1.446182e-05 8.490163e-05
11633.798451 7.951978e-01 8.457097e-01 2.089370e-01 7.385134e-01 8.518077e-06 -5.259300e-05 2.033715e-05 8.942377e-05
11635.109136 7.954555e-01 8.468888e-01 2.105263e-01 7.356908e-01 8.987211e-06 -5.825948e-05 1.647676e-05 9.356880e-05
11636.432013 7.946673e-01 8.468799e-01 2.123159e-01 7.325675e-01 5.174841e-06 -5.808489e-05 1.975493e-05 9.625668e-05
11637.767082 7.942388e-01 8.473154e-01 2.145444e-01 7.304090e-01 1.006346e-05 -6.523995e-05 2.328155e-05 9.301366e-05
11639.114342 7.941895e-01 8.481646e-01 2.172689e-01 7.299764e-01 1.503587e-05 -6.231304e-05 1.622308e-05 8.825297e-05
11640.473795 7.928175e-01 8.473909e-01 2.198352e-01 7.261273e-01 2.490927e-05 -4.797250e-05 1.976197e-05 8.617533e-05
11641.845440 7.941025e-01 8.498273e-01 2.230965e-01 7.254796e-01 1.780660e-05 -5.488140e-05 2.577275e-05 8.428997e-05
11643.229276 7.935749e-01 8.501807e-01 2.255704e-01 7.216161e-01 1.633886e-05 -5.806004e-05 2.945646e-05 9.273610e-05
11644.625305 7.924699e-01 8.497166e-01 2.274788e-01 7.175275e-01 2.430013e-05 -5.277184e-05 2.147418e-05 9.430404e-05
11646.033525 7.926246e-01 8.505926e-01 2.289900e-01 7.184520e-01 2.226991e-05 -5.379926e-05 2.036246e-05 8.970410e-05
11647.453937 7.922229e-01 8.509400e-01 2.300530e-01 7.155193e-01 1.542000e-05 -5.263840e-05 1.398193e-05 8.261106e-05
11648.886541 7.920002e-01 8.513268e-01 2.308668e-01 7.148407e-01 2.941952e-05 -5.755686e-05 1.531789e-05 8.297362e-05
11650.331337 7.918105e-01 8.515741e-01 2.310090e-01 7.157959e-01 3.060633e-05 -5.687243e-05 5.655975e-06 8.290275e-05
11651.788325 7.927052e-01 8.529982e-01 2.306286e-01 7.180499e-01 3.415481e-05 -4.962081e-05 1.314746e-05 7.802247e-05
11653.257505 7.917527e-01 8.524341e-01 2.291847e-01 7.169029e-01 2.762704e-05 -4.651786e-05 2.249011e-05 7.695881e-05
11654.738877 7.918376e-01 8.528677e-01 2.271627e-01 7.180838e-01 1.968393e-05 -4.176374e-05 2.414170e-05 7.514844e-05
11656.232440 7.898745e-01 8.510410e-01 2.238156e-01 7.207744e-01 1.603920e-05 -5.446085e-05 3.248420e-05 7.950878e-05
11657.738196 7.871933e-01 8.483724e-01 2.203670e-01 7.188731e-01 1.867086e-05 -6.127587e-05 2.392558e-05 8.053792e-05
11659.256143 7.878014e-01 8.493208e-01 2.181742e-01 7.214571e-01 3.061118e-05 -5.005967e-05 1.898991e-05 8.556622e-05
11660.786283 7.886186e-01 8.505532e-01 2.165802e-01 7.264672e-01 3.308559e-05 -4.625815e-05 2.381489e-05 8.305945e-05
11662.328614 7.895501e-01 8.519381e-01 2.154377e-01 7.294181e-01 3.169553e-05 -5.518549e-05 2.810871e-05 8.603369e-05
11663.883137 7.885672e-01 8.513502e-01 2.144655e-01 7.277346e-01 3.089073e-05 -5.606658e-05 2.689535e-05 9.094457e-05
11665.449852 7.889680e-01 8.522059e-01 2.144156e-01 7.295953e-01 3.480355e-05 -4.656892e-05 2.858515e-05 9.103582e-05
11667.028759 7.890617e-01 8.528508e-01 2.147433e-01 7.309899e-01 4.089168e-05 -4.583420e-05 2.033812e-05 9.401133e-05
11668.619858 7.888715e-01 8.531752e-01 2.154627e-01 7.304140e-01 3.853280e-05 -4.820154e-05 2.105434e-05 9.312205e-05
11670.223149 7.863311e-01 8.510338e-01 2.153846e-01 7.281330e-01 3.872629e-05 -4.987177e-05 3.079873e-05 9.965754e-05
11671.838632 7.852990e-01 8.503783e-01 2.160561e-01 7.285759e-01 3.911640e-05 -4.657997e-05 3.548594e-05 9.556621e-05
11673.466307 7.877947e-01 8.540411e-01 2.176209e-01 7.307989e-01 4.263723e-05 -4.802529e-05 2.435260e-05 9.678407e-05
11675.106173 7.880478e-01 8.548839e-01 2.184485e-01 7.329000e-01 4.367841e-05 -5.309133e-05 2.213854e-05 9.309693e-05
11676.758232 7.883865e-01 8.559132e-01 2.196247e-01 7.337576e-01 3.379935e-05 -5.388378e-05 1.778443e-05 8.995978e-05
11678.422482 7.879924e-01 8.559558e-01 2.200413e-01 7.333818e-01 2.659664e-05 -5.441837e-05 3.812458e-05 9.290289e-05
11680.098924 7.868539e-01 8.553236e-01 2.200056e-01 7.323383e-01 3.218475e-05 -5.248024e-05 3.086525e-05 8.662156e-05
11681.787558 7.862065e-01 8.552725e-01 2.194401e-01 7.319245e-01 3.495662e-05 -5.081246e-05 1.422072e-05 7.460341e-05
11683.488385 7.871210e-01 8.569225e-01 2.190897e-01 7.340484e-01 3.836576e-05 -4.899050e-05 1.453702e-05 7.000014e-05
11685.201403 7.867133e-01 8.569930e-01 2.183853e-01 7.351830e-01 4.235467e-05 -4.429250e-05 1.073174e-05 7.225142e-05
11686.926613 7.869495e-01 8.579502e-01 2.179730e-01 7.346692e-01 3.178767e-05 -4.847384e-05 1.496326e-05 7.551096e-05
11688.664014 7.854387e-01 8.569805e-01 2.172663e-01 7.348913e-01 3.546586e-05 -3.972796e-05 1.799809e-05 8.585380e-05
11690.413608 7.860061e-01 8.582879e-01 2.176569e-01 7.339680e-01 3.480031e-05 -3.704519e-05 9.109221e-06 8.655514e-05
11692.175394 7.854833e-01 8.584628e-01 2.185497e-01 7.318012e-01 3.414098e-05 -3.821264e-05 3.729699e-06 9.403880e-05
11693.949371 7.844603e-01 8.581612e-01 2.196064e-01 7.322502e-01 3.479713e-05 -3.987025e-05 6.770310e-06 8.566956e-05
11695.735541 7.851028e-01 8.597058e-01 2.220886e-01 7.317999e-01 3.640217e-05 -4.425432e-05 6.905114e-06 8.468099e-05
11697.533902 7.848873e-01 8.605747e-01 2.246399e-01 7.295449e-01 3.748079e-05 -5.143829e-05 7.172875e-06 8.693750e-05
11699.344455 7.840688e-01 8.604703e-01 2.275069e-01 7.273536e-01 4.107586e-05 -5.962636e-05 1.613786e-05 8.777824e-05
11701.167201 7.823727e-01 8.594734e-01 2.303755e-01 7.228938e-01 4.432367e-05 -6.163893e-05 5.982337e-06 8.768125e-05
11703.002138 7.793209e-01 8.569992e-01 2.324876e-01 7.199281e-01 4.574557e-05 -5.669909e-05 8.657294e-06 9.602913e-05
11704.849267 7.812617e-01 8.600311e-01 2.358672e-01 7.212750e-01 4.293727e-05 -5.748743e-05 1.556070e-05 9.527189e-05
11706.708588 7.820009e-01 8.617354e-01 2.377999e-01 7.207929e-01 4.371605e-05 -6.307808e-05 1.285700e-05 8.339001e-05
11708.580100 7.826938e-01 8.633559e-01 2.390586e-01 7.232800e-01 4.297620e-05 -5.855506e-05 1.412585e-05 8.798257e-05
11710.463805 7.810929e-01 8.622518e-01 2.386965e-01 7.207014e-01 3.806455e-05 -6.269029e-05 2.151130e-05 8.366738e-05
11712.359702 7.813996e-01 8.632773e-01 2.385479e-01 7.204439e-01 4.207638e-05 -6.469079e-05 2.844970e-05 7.315065e-05
11714.267790 7.806284e-01 8.630263e-01 2.373010e-01 7.213201e-01 3.481161e-05 -6.261535e-05 1.309778e-05 7.467368e-05
11716.188071 7.803960e-01 8.633633e-01 2.360293e-01 7.229655e-01 2.891769e-05 -6.466019e-05 8.447149e-06 7.892214e-05
11718.120543 7.806468e-01 8.642407e-01 2.346274e-01 7.277229e-01 2.798784e-05 -8.075117e-05 2.195141e-05 8.960273e-05
11720.065207 7.796364e-01 8.635380e-01 2.327926e-01 7.256494e-01 3.415549e-05 -7.747816e-05 2.323244e-05 8.683651e-05
11722.022064 7.790029e-01 8.632937e-01 2.310593e-01 7.256802e-01 3.284613e-05 -7.313223e-05 1.725916e-05 7.553388e-05
11723.991112 7.789071e-01 8.637805e-01 2.302548e-01 7.284780e-01 3.945743e-05 -7.952295e-05 1.266749e-05 8.153816e-05
11725.972352 7.787349e-01 8.642369e-01 2.292602e-01 7.294733e-01 3.672497e-05 -7.382027e-05 6.318005e-06 9.409481e-05
11727.965784 7.781789e-01 8.641188e-01 2.283696e-01 7.314357e-01 3.536927e-05 -7.258234e-05 5.496548e-06 9.124443e-05
11729.971407 7.772903e-01 8.637399e-01 2.273564e-01 7.286826e-01 3.601622e-05 -7.918054e-05 6.624954e-06 8.418294e-05
11731.989223 7.779723e-01 8.653550e-01 2.273684e-01 7.322916e-01 3.885498e-05 -7.858021e-05 7.866101e-06 8.599795e-05
11734.019231 7.759449e-01 8.636233e-01 2.264790e-01 7.326185e-01 3.833546e-05 -7.532207e-05 1.762712e-06 7.871240e-05
11736.061430 7.764153e-01 8.649997e-01 2.268904e-01 7.325851e-01 3.369850e-05 -7.446611e-05 -1.863550e-06 7.363629e-05
11738.115822 7.759128e-01 8.651952e-01 2.273230e-01 7.329690e-01 3.078325e-05 -7.308218e-05 1.962623e-06 6.581683e-05
11740.182405 7.761443e-01 8.662230e-01 2.281955e-01 7.342794e-01 3.310107e-05 -6.729799e-05 6.716362e-06 8.549087e-05
11742.261180 7.734149e-01 8.638237e-01 2.279986e-01 7.320515e-01 2.660436e-05 -7.414246e-05 7.063172e-06 8.504082e-05
11744.352148 7.731592e-01 8.643114e-01 2.281847e-01 7.311364e-01 3.443083e-05 -6.584539e-05 7.196175e-06 7.636702e-05
11746.455307 7.753692e-01 8.676937e-01 2.290870e-01 7.336806e-01 3.606943e-05 -5.949885e-05 1.990876e-05 7.372028e-05
11748.570658 7.751922e-01 8.683320e-01 2.285401e-01 7.361222e-01 3.073545e-05 -6.606277e-05 1.473929e-05 6.924323e-05
11750.698201 7.736760e-01 8.672484e-01 2.272281e-01 7.338902e-01 3.940585e-05 -6.987038e-05 1.400909e-05 7.468755e-05
11752.837935 7.746006e-01 8.691935e-01 2.268600e-01 7.351963e-01 3.886279e-05 -6.887264e-05 2.056688e-05 7.412742e-05
11754.989862 7.745303e-01 8.700511e-01 2.267088e-01 7.350183e-01 2.807136e-05 -7.329943e-05 2.203933e-05 6.127737e-05
11757.153981 7.735623e-01 8.698735e-01 2.269536e-01 7.327074e-01 2.711795e-05 -6.871387e-05 1.923683e-05 6.784041e-05
11759.330291 7.722365e-01 8.694929e-01 2.281736e-01 7.308788e-01 2.757545e-05 -6.961290e-05 2.861898e-05 6.890254e-05
11761.518794 7.684376e-01 8.660150e-01 2.296212e-01 7.263325e-01 2.052102e-05 -7.585654e-05 2.673851e-05 6.071618e-05
11763.719488 7.706580e-01 8.696133e-01 2.336512e-01 7.291957e-01 2.152809e-05 -7.163795e-05 2.553399e-05 7.825262e-05
11765.932374 7.723549e-01 8.726050e-01 2.375668e-01 7.304307e-01 1.760395e-05 -6.138450e-05 2.282816e-05 8.132685e-05
11768.157453 7.709655e-01 8.722110e-01 2.401848e-01 7.264963e-01 1.569946e-05 -5.486265e-05 3.295608e-05 9.963219e-05
11770.394723 7.698013e-01 8.719601e-01 2.423637e-01 7.268176e-01 1.860830e-05 -5.641588e-05 3.418130e-05 9.881918e-05
11772.644185 7.700242e-01 8.731255e-01 2.443013e-01 7.233882e-01 2.656181e-05 -5.700077e-05 3.041657e-05 9.377427e-05
11774.905838 7.703169e-01 8.744644e-01 2.457953e-01 7.243066e-01 2.286668e-05 -5.514282e-05 2.186811e-05 8.918557e-05
11777.179684 7.680944e-01 8.727540e-01 2.464403e-01 7.209587e-01 2.234435e-05 -5.251414e-05 2.459079e-05 7.851222e-05
11779.465722 7.688759e-01 8.746919e-01 2.476917e-01 7.218967e-01 1.430172e-05 -6.010245e-05 2.192336e-05 7.646027e-05
11781.763952 7.675913e-01 8.741995e-01 2.480598e-01 7.214603e-01 1.612975e-05 -5.206215e-05 1.918312e-05 7.915702e-05
11784.074373 7.678370e-01 8.753054e-01 2.486388e-01 7.220488e-01 1.892868e-05 -5.938550e-05 2.285844e-05 8.504467e-05
11786.396987 7.656288e-01 8.735013e-01 2.483628e-01 7.197442e-01 2.298610e-05 -6.092901e-05 2.708585e-05 8.975239e-05
11788.731792 7.670560e-01 8.760629e-01 2.492429e-01 7.221482e-01 2.597011e-05 -6.150529e-05 1.679205e-05 8.785129e-05
11791.078789 7.668433e-01 8.766183e-01 2.493774e-01 7.234598e-01 2.431913e-05 -4.610470e-05 8.694078e-06 7.252883e-05
11793.437978 7.655781e-01 8.760494e-01 2.489559e-01 7.234409e-01 2.980548e-05 -3.999106e-05 1.299384e-05 7.062895e-05
11795.809359 7.602075e-01 8.705665e-01 2.464724e-01 7.197676e-01 3.503622e-05 -4.575970e-05 2.218897e-05 7.297131e-05
11798.192932 7.606892e-01 8.718318e-01 2.459756e-01 7.218278e-01 3.325451e-05 -4.953968e-05 1.434997e-05 7.708491e-05
11800.588697 7.630286e-01 8.752764e-01 2.456992e-01 7.247659e-01 3.295487e-05 -4.595664e-05 1.718681e-05 7.816561e-05
11802.996654 7.647616e-01 8.780030e-01 2.447554e-01 7.279755e-01 3.922780e-05 -4.545732e-05 2.627727e-05 8.307360e-05
11805.416803 7.634221e-01 8.771337e-01 2.426305e-01 7.273517e-01 4.087820e-05 -4.358049e-05 1.874855e-05 8.158785e-05
11807.849143 7.635123e-01 8.780468e-01 2.408769e-01 7.299784e-01 3.740195e-05 -4.383515e-05 1.639906e-05 7.401022e-05
11810.293676 7.651271e-01 8.806778e-01 2.397465e-01 7.327506e-01 3.456052e-05 -4.097734e-05 1.021840e-05 6.882165e-05
11812.750400 7.645991e-01 8.808062e-01 2.383369e-01 7.340466e-01 2.666288e-05 -5.141053e-05 7.732797e-06 7.273305e-05
11815.219317 7.638217e-01 8.807930e-01 2.375644e-01 7.329202e-01 2.719838e-05 -5.891111e-05 5.360923e-06 7.662919e-05
11817.700425 7.634078e-01 8.812309e-01 2.375940e-01 7.320677e-01 3.365989e-05 -6.129848e-05 3.297817e-06 7.539001e-05
11820.193725 7.623743e-01 8.808842e-01 2.381414e-01 7.331963e-01 3.325171e-05 -5.853982e-05 1.853628e-06 7.265941e-05
11822.699217 7.607122e-01 8.800912e-01 2.389662e-01 7.311086e-01 3.936170e-05 -5.276516e-05 1.162283e-05 6.551164e-05
11825.216901 7.616298e-01 8.824107e-01 2.414242e-01 7.310277e-01 3.826045e-05 -5.257724e-05 1.671072e-05 5.570555e-05
11827.746777 7.606584e-01 8.822438e-01 2.435352e-01 7.299588e-01 2.917063e-05 -4.828747e-05 2.681228e-05 5.625843e-05
11830.288845 7.610051e-01 8.839621e-01 2.466495e-01 7.308564e-01 3.189065e-05 -4.079947e-05 1.937712e-05 5.732792e-05
11832.843105 7.604077e-01 8.845239e-01 2.496611e-01 7.281393e-01 2.921955e-05 -5.504359e-05 2.280676e-05 5.704334e-05
11835.409556 7.574123e-01 8.822769e-01 2.520851e-01 7.244658e-01 2.887830e-05 -6.019997e-05 1.714531e-05 5.864846e-05
11837.988200 7.567159e-01 8.823435e-01 2.549844e-01 7.231296e-01 1.799498e-05 -5.904045e-05 5.568459e-06 5.424184e-05
11840.579035 7.546291e-01 8.811683e-01 2.569348e-01 7.196493e-01 2.586156e-05 -5.535540e-05 1.497711e-05 5.854724e-05
11843.182062 7.586964e-01 8.871665e-01 2.601664e-01 7.230756e-01 3.364293e-05 -4.807501e-05 9.046987e-06 7.551651e-05
11845.797282 7.566079e-01 8.858514e-01 2.605224e-01 7.221381e-01 3.926577e-05 -4.634817e-05 5.684866e-06 8.284375e-05
11848.424693 7.578140e-01 8.883179e-01 2.614190e-01 7.236239e-01 5.196404e-05 -5.046318e-05 2.358361e-05 8.040353e-05
11851.064296 7.569231e-01 8.884099e-01 2.610557e-01 7.221255e-01 4.745359e-05 -4.376219e-05 3.075423e-05 6.345637e-05
11853.716091 7.541979e-01 8.861645e-01 2.597060e-01 7.188908e-01 3.928546e-05 -4.944750e-05 2.457628e-05 6.306577e-05
11856.380078 7.558826e-01 8.890856e-01 2.603153e-01 7.222711e-01 3.882969e-05 -5.315421e-05 2.614045e-05 6.631831e-05
11859.056256 7.564867e-01 8.909970e-01 2.610424e-01 7.218960e-01 3.710005e-05 -5.634816e-05 3.088509e-05 6.597170e-05
11861.744627 7.550602e-01 8.902693e-01 2.616900e-01 7.212795e-01 3.036048e-05 -6.619898e-05 3.094927e-05 7.296415e-05
11864.445190 7.515967e-01 8.871411e-01 2.619486e-01 7.190284e-01 3.235213e-05 -6.273594e-05 2.338186e-05 7.945474e-05
11867.157944 7.531127e-01 8.900978e-01 2.638737e-01 7.190835e-01 3.575783e-05 -6.127226e-05 2.135514e-05 8.877049e-05
11869.882891 7.543539e-01 8.924891e-01 2.651071e-01 7.227104e-01 3.736175e-05 -5.991549e-05 2.071844e-05 8.350678e-05
11872.620029 7.535129e-01 8.925287e-01 2.651896e-01 7.227347e-01 3.900407e-05 -5.799001e-05 2.647389e-05 9.469981e-05
11875.369359 7.522362e-01 8.920446e-01 2.645224e-01 7.226082e-01 4.039485e-05 -5.560815e-05 3.099967e-05 8.996074e-05
11878.130881 7.526924e-01 8.935014e-01 2.640098e-01 7.242620e-01 3.951133e-05 -5.616113e-05 2.198062e-05 7.677764e-05
11880.904595 7.515729e-01 8.929054e-01 2.625529e-01 7.231124e-01 2.597903e-05 -5.543298e-05 3.179307e-05 8.399952e-05
11883.690501 7.521443e-01 8.946781e-01 2.619287e-01 7.254610e-01 2.971985e-05 -6.144656e-05 3.385333e-05 8.618901e-05
11886.488599 7.511750e-01 8.944333e-01 2.606230e-01 7.252133e-01 4.154201e-05 -5.656990e-05 2.918300e-05 9.676480e-05
11889.298889 7.498940e-01 8.939255e-01 2.592789e-01 7.246787e-01 4.085661e-05 -4.994989e-05 2.299530e-05 9.391628e-05
11892.121371 7.500925e-01 8.950326e-01 2.587193e-01 7.255173e-01 4.097846e-05 -4.290219e-05 2.227323e-05 9.439971e-05
11894.956044 7.457800e-01 8.909114e-01 2.570234e-01 7.226108e-01 4.705836e-05 -3.966499e-05 2.543463e-05 8.491357e-05
11897.802910 7.410403e-01 8.862449e-01 2.557549e-01 7.186387e-01 3.270068e-05 -4.075020e-05 3.633854e-05 9.379051e-05
11900.661967 7.454145e-01 8.925497e-01 2.584960e-01 7.230146e-01 3.260176e-05 -3.767354e-05 2.389969e-05 9.199353e-05
11903.533217 7.472922e-01 8.959933e-01 2.611172e-01 7.244693e-01 3.968028e-05 -3.967880e-05 2.214283e-05 8.213003e-05
11906.416658 7.474859e-01 8.975107e-01 2.636568e-01 7.244225e-01 4.113159e-05 -4.394211e-05 1.635940e-05 8.292605e-05
11909.312291 7.461446e-01 8.971795e-01 2.662604e-01 7.217986e-01 3.405484e-05 -4.451989e-05 1.033449e-05 7.802790e-05
11912.220116 7.466498e-01 8.989756e-01 2.699313e-01 7.230544e-01 3.485595e-05 -4.636745e-05 1.288429e-05 7.753145e-05
11915.140133 7.466049e-01 9.002544e-01 2.731165e-01 7.231282e-01 2.948760e-05 -3.938320e-05 1.691119e-05 7.572915e-05
11918.072342 7.454109e-01 9.001188e-01 2.751281e-01 7.222231e-01 2.859186e-05 -4.160219e-05 1.977553e-06 6.337710e-05
11921.016743 7.399211e-01 8.946599e-01 2.748557e-01 7.161936e-01 3.601315e-05 -4.064613e-05 -5.003701e-06 6.946050e-05
11923.973335 7.394916e-01 8.950542e-01 2.758838e-01 7.143486e-01 4.089415e-05 -3.426530e-05 2.397431e-06 5.800204e-05
11926.942120 7.439914e-01 9.020091e-01 2.784142e-01 7.187269e-01 4.080283e-05 -4.012530e-05 4.967055e-06 6.891562e-05
11929.923096 7.445324e-01 9.037295e-01 2.787096e-01 7.196124e-01 3.944456e-05 -4.536741e-05 -7.068980e-07 7.011069e-05
11932.916265 7.429541e-01 9.030204e-01 2.785536e-01 7.195008e-01 3.988546e-05 -4.388238e-05 8.782590e-06 8.203145e-05
11935.921625 7.430732e-01 9.042828e-01 2.788259e-01 7.201481e-01 4.695749e-05 -4.398688e-05 -3.785683e-07 7.236564e-05
11938.939177 7.426280e-01 9.050533e-01 2.792158e-01 7.207606e-01 4.590796e-05 -3.431120e-05 -1.259019e-05 6.474892e-05
11941.968921 7.423322e-01 9.057473e-01 2.795382e-01 7.212121e-01 3.324945e-05 -3.465379e-05 -9.225782e-06 7.816311e-05
11945.010858 7.416895e-01 9.061996e-01 2.799460e-01 7.210881e-01 2.878570e-05 -3.405032e-05 -1.146617e-05 7.388580e-05
11948.064985 7.410301e-01 9.064641e-01 2.806237e-01 7.207503e-01 2.550833e-05 -3.453546e-05 -3.545883e-06 7.133203e-05
11951.131305 7.408428e-01 9.074893e-01 2.820337e-01 7.207996e-01 3.218987e-05 -4.296682e-05 -1.391802e-05 5.716800e-05
11954.209817 7.395713e-01 9.071567e-01 2.831360e-01 7.181817e-01 3.981275e-05 -4.678166e-05 -1.062969e-05 5.676044e-05
11957.300521 7.389179e-01 9.074071e-01 2.841470e-01 7.194133e-01 3.822531e-05 -3.873159e-05 -1.698111e-05 5.591308e-05
11960.403416 7.395255e-01 9.092149e-01 2.850732e-01 7.199316e-01 4.122485e-05 -4.201176e-05 -1.487315e-05 6.628833e-05
11963.518504 7.381895e-01 9.089786e-01 2.846294e-01 7.191128e-01 4.040162e-05 -4.158434e-05 -1.418885e-05 6.366479e-05
11966.645783 7.369316e-01 9.083720e-01 2.836852e-01 7.199050e-01 4.399022e-05 -4.211696e-05 -1.008787e-05 6.728817e-05
11969.785255 7.373646e-01 9.100989e-01 2.836508e-01 7.216777e-01 4.184048e-05 -4.410295e-05 -3.822907e-06 6.422112e-05
11972.936918 7.368559e-01 9.105331e-01 2.833598e-01 7.206635e-01 4.083795e-05 -5.106048e-05 -1.498621e-05 5.700899e-05
11976.100773 7.355684e-01 9.100087e-01 2.830012e-01 7.205480e-01 4.911145e-05 -5.786538e-05 -1.270624e-05 6.669761e-05
11979.276820 7.350097e-01 9.106471e-01 2.833408e-01 7.198465e-01 4.917883e-05 -5.631106e-05 -1.044986e-05 6.607085e-05
11982.465059 7.356195e-01 9.127251e-01 2.840373e-01 7.214683e-01 4.299717e-05 -5.338733e-05 -5.286410e-06 6.250728e-05
11985.665490 7.345976e-01 9.127370e-01 2.842825e-01 7.213113e-01 5.214037e-05 -5.903335e-05 -1.995762e-06 6.004505e-05
11988.878112 7.338531e-01 9.129661e-01 2.845749e-01 7.200438e-01 4.563514e-05 -5.910535e-05 -8.403894e-07 6.257504e-05
11992.102927 7.336777e-01 9.138700e-01 2.851487e-01 7.204251e-01 4.265832e-05 -6.379001e-05 -2.783716e-05 4.585865e-05
11995.339934 7.324604e-01 9.134624e-01 2.857205e-01 7.194857e-01 4.238314e-05 -6.018879e-05 -2.605414e-05 6.658569e-05
11998.589132 7.312380e-01 9.133092e-01 2.868962e-01 7.184513e-01 4.293496e-05 -5.709434e-05 -1.866928e-05 7.397314e-05
12001.850523 7.311970e-01 9.145920e-01 2.889078e-01 7.191212e-01 3.938014e-05 -5.343078e-05 -7.837598e-06 7.551553e-05
12005.124105 7.304013e-01 9.148746e-01 2.910751e-01 7.186483e-01 3.610203e-05 -5.380306e-05 -1.159867e-05 7.943175e-05
12008.409879 7.310376e-01 9.171120e-01 2.943703e-01 7.178222e-01 3.048079e-05 -4.518658e-05 -1.081103e-05 8.637647e-05
12011.707845 7.307842e-01 9.182312e-01 2.976152e-01 7.173333e-01 3.626102e-05 -5.591764e-05 -5.323522e-06 9.304130e-05
12015.018003 7.311937e-01 9.200482e-01 3.010604e-01 7.172658e-01 4.738508e-05 -5.905247e-05 -1.161324e-05 8.358615e-05
12018.340353 7.298926e-01 9.196575e-01 3.030799e-01 7.156282e-01 4.876505e-05 -5.161950e-05 6.451353e-06 8.172391e-05
12021.674895 7.291851e-01 9.200152e-01 3.048376e-01 7.137454e-01 4.138000e-05 -5.070885e-05 1.928218e-05 9.895222e-05
12025.021629 7.286072e-01 9.205722e-01 3.058907e-01 7.154948e-01 4.211513e-05 -5.868085e-05 6.942342e-06 9.742248e-05
12028.380554 7.280452e-01 9.212593e-01 3.066745e-01 7.154861e-01 4.031362e-05 -6.660917e-05 5.797057e-06 8.787634e-05
12031.751672 7.278267e-01 9.223301e-01 3.070723e-01 7.142877e-01 3.246216e-05 -6.039795e-05 1.045171e-05 8.738680e-05
12035.134982 7.263871e-01 9.217889e-01 3.068151e-01 7.142044e-01 3.667131e-05 -5.557959e-05 1.227218e-05 8.028296e-05
12038.530483 7.260240e-01 9.225205e-01 3.068418e-01 7.131016e-01 4.124615e-05 -5.762965e-05 8.861280e-06 8.181954e-05
12041.938176 7.251804e-01 9.228631e-01 3.067620e-01 7.134925e-01 4.684488e-05 -5.562836e-05 8.361988e-06 8.598725e-05
12045.358061 7.198691e-01 9.174050e-01 3.047432e-01 7.095669e-01 5.155917e-05 -5.656350e-05 3.961815e-06 7.695064e-05
12048.790139 7.133048e-01 9.101711e-01 3.021086e-01 7.035651e-01 5.338502e-05 -5.576735e-05 9.437225e-06 8.296184e-05
12052.234408 7.221605e-01 9.227265e-01 3.063518e-01 7.128848e-01 5.904808e-05 -5.825694e-05 1.438015e-05 9.111350e-05
12055.690868 7.224348e-01 9.242535e-01 3.067932e-01 7.127047e-01 5.579324e-05 -5.088001e-05 4.262543e-06 9.361202e-05
12059.159521 7.225285e-01 9.255828e-01 3.071722e-01 7.138816e-01 4.112356e-05 -4.532303e-05 5.751332e-06 9.755850e-05
12062.640366 7.220607e-01 9.263311e-01 3.075930e-01 7.149188e-01 4.252204e-05 -4.786819e-05 3.795426e-06 8.830439e-05
12066.133403 7.213149e-01 9.267498e-01 3.080620e-01 7.138342e-01 3.786620e-05 -5.061612e-05 1.038695e-05 9.310326e-05
12069.638631 7.205767e-01 9.272518e-01 3.087049e-01 7.147497e-01 4.385532e-05 -4.801450e-05 1.385525e-05 9.553821e-05
12073.156052 7.196008e-01 9.272288e-01 3.092328e-01 7.133644e-01 4.020748e-05 -5.447484e-05 -8.608371e-07 1.036021e-04
12076.685664 7.184039e-01 9.269743e-01 3.095058e-01 7.116203e-01 3.836034e-05 -5.701799e-05 -8.589802e-07 1.028660e-04
12080.227468 7.194188e-01 9.296973e-01 3.109894e-01 7.147354e-01 4.182843e-05 -5.602071e-05 -6.771283e-06 1.001052e-04
12083.781465 7.186078e-01 9.298779e-01 3.118381e-01 7.145201e-01 4.267741e-05 -5.183968e-05 -8.347962e-07 9.980781e-05
12087.347653 7.178263e-01 9.302640e-01 3.129989e-01 7.130162e-01 3.438936e-05 -4.061696e-05 -2.983181e-06 9.644450e-05
12090.926033 7.171669e-01 9.308933e-01 3.146012e-01 7.135776e-01 3.136533e-05 -3.886150e-05 2.836437e-06 1.027168e-04
12094.516605 7.167535e-01 9.316136e-01 3.163635e-01 7.120879e-01 2.884786e-05 -3.529250e-05 4.698460e-06 1.024627e-04
12098.119369 7.155748e-01 9.316339e-01 3.180900e-01 7.115363e-01 2.485584e-05 -3.508779e-05 4.351751e-06 9.428964e-05
12101.734324 7.152020e-01 9.325639e-01 3.198938e-01 7.115246e-01 2.564706e-05 -4.367577e-05 1.274836e-05 9.215438e-05
12105.361472 7.149431e-01 9.336736e-01 3.219153e-01 7.109672e-01 1.910624e-05 -4.870906e-05 6.969193e-06 9.007649e-05
12109.000811 7.152885e-01 9.355577e-01 3.240709e-01 7.113128e-01 3.100296e-05 -4.988407e-05 8.940678e-06 9.124002e-05
12112.652343 7.139574e-01 9.352770e-01 3.254392e-01 7.104101e-01 3.937708e-05 -4.357893e-05 1.176974e-05 9.252014e-05
12116.316066 7.116199e-01 9.337123e-01 3.261908e-01 7.093864e-01 4.675194e-05 -3.856002e-05 1.607497e-05 8.750532e-05
12119.991982 7.117546e-01 9.353038e-01 3.283059e-01 7.089811e-01 5.131388e-05 -3.910290e-05 1.200791e-05 7.601303e-05
12123.680089 7.128461e-01 9.381620e-01 3.307740e-01 7.101756e-01 4.762001e-05 -4.485436e-05 1.453194e-05 6.654938e-05
12127.380388 7.120698e-01 9.386956e-01 3.325464e-01 7.102613e-01 4.380917e-05 -4.498522e-05 9.189836e-06 6.715357e-05
12131.092879 7.111648e-01 9.389005e-01 3.341862e-01 7.084825e-01 4.443335e-05 -4.864459e-05 6.440337e-06 8.427220e-05
12134.817562 7.099063e-01 9.387134e-01 3.351811e-01 7.082512e-01 5.109988e-05 -3.908856e-05 2.101831e-05 1.053438e-04
12138.554437 7.088954e-01 9.386707e-01 3.358726e-01 7.088636e-01 5.094554e-05 -3.453727e-05 1.860585e-05 9.144058e-05
12142.303503 7.093169e-01 9.406487e-01 3.370990e-01 7.098288e-01 3.783253e-05 -3.941653e-05 7.849010e-06 7.374093e-05
12146.064762 7.081906e-01 9.405297e-01 3.374781e-01 7.066911e-01 4.215398e-05 -5.100155e-05 1.003395e-05 8.605900e-05
12149.838213 7.073912e-01 9.408386e-01 3.379367e-01 7.052053e-01 4.831440e-05 -4.481825e-05 8.121029e-06 1.016221e-04
12153.623855 7.071486e-01 9.420327e-01 3.386933e-01 7.068012e-01 5.202626e-05 -5.034419e-05 7.891405e-06 9.990622e-05
12157.421689 7.060308e-01 9.419550e-01 3.388229e-01 7.075183e-01 4.215697e-05 -4.523344e-05 1.282620e-05 9.615782e-05
12161.231716 7.055167e-01 9.426588e-01 3.392711e-01 7.054935e-01 4.106884e-05 -5.033949e-05 8.159694e-06 9.495492e-05
12165.053934 7.044775e-01 9.428262e-01 3.392441e-01 7.064078e-01 4.662896e-05 -5.374279e-05 9.163519e-06 1.029055e-04
12168.888344 7.039969e-01 9.435849e-01 3.398375e-01 7.071212e-01 4.875857e-05 -4.730447e-05 1.149127e-05 1.082105e-04
12172.734946 7.022466e-01 9.426462e-01 3.396328e-01 7.065330e-01 4.743447e-05 -4.651923e-05 1.753888e-05 9.981851e-05
12176.593740 7.016942e-01 9.431950e-01 3.400168e-01 7.059894e-01 3.855754e-05 -4.918397e-05 2.523360e-05 1.026604e-04
12180.464726 7.014808e-01 9.443738e-01 3.407646e-01 7.057439e-01 4.162919e-05 -5.542130e-05 1.918605e-05 1.030399e-04
12184.347903 7.010406e-01 9.452526e-01 3.417085e-01 7.066716e-01 4.299134e-05 -4.715280e-05 1.607043e-05 9.783292e-05
12188.243273 7.013173e-01 9.470993e-01 3.428249e-01 7.057671e-01 3.832523e-05 -5.034818e-05 5.751979e-06 1.024546e-04
12192.150835 7.008171e-01 9.477540e-01 3.440140e-01 7.055441e-01 3.072756e-05 -5.609120e-05 9.041091e-06 1.022528e-04
12196.070588 6.999980e-01 9.482284e-01 3.452951e-01 7.057759e-01 2.827147e-05 -6.351195e-05 1.370293e-05 1.005848e-04
12200.002533 6.986138e-01 9.478659e-01 3.465450e-01 7.058456e-01 3.118621e-05 -6.134659e-05 1.530329e-05 9.937314e-05
12203.946671 6.990565e-01 9.498926e-01 3.486396e-01 7.053379e-01 3.112231e-05 -6.186125e-05 1.467714e-05 1.003591e-04
12207.903000 6.990218e-01 9.515030e-01 3.508794e-01 7.047602e-01 2.432851e-05 -5.706147e-05 1.720817e-05 9.768560e-05
12211.871521 6.985579e-01 9.523002e-01 3.530909e-01 7.056453e-01 2.456742e-05 -5.156056e-05 1.596290e-05 9.758662e-05
12215.852234 6.976010e-01 9.525687e-01 3.550375e-01 7.058197e-01 3.410904e-05 -4.356729e-05 1.717882e-05 1.093709e-04
12219.845139 6.969121e-01 9.531121e-01 3.569258e-01 7.044852e-01 3.164457e-05 -5.205877e-05 1.357796e-05 1.026836e-04
12223.850236 6.964358e-01 9.539987e-01 3.588169e-01 7.055924e-01 2.788332e-05 -4.717633e-05 2.082880e-05 9.028021e-05
12227.867524 6.951460e-01 9.538355e-01 3.602689e-01 7.038876e-01 3.802794e-05 -3.939324e-05 1.747858e-05 8.564932e-05
12231.897005 6.939280e-01 9.537831e-01 3.615351e-01 7.017678e-01 2.579344e-05 -4.527071e-05 1.458045e-05 8.978830e-05
12235.938678 6.936254e-01 9.549900e-01 3.631902e-01 7.017571e-01 1.553271e-05 -4.166656e-05 1.126357e-05 9.099492e-05
12239.992542 6.932424e-01 9.559425e-01 3.649391e-01 7.019179e-01 2.805852e-05 -2.754895e-05 7.436185e-06 8.690368e-05
12244.058598 6.916452e-01 9.552228e-01 3.659175e-01 7.012616e-01 3.208070e-05 -3.122336e-05 1.251974e-05 1.038882e-04
12248.136847 6.913053e-01 9.564071e-01 3.677381e-01 7.013346e-01 2.551884e-05 -3.304585e-05 1.964603e-05 1.059694e-04
12252.227287 6.861018e-01 9.508512e-01 3.670071e-01 6.956495e-01 3.114213e-05 -3.458162e-05 2.471570e-05 1.031063e-04
12256.329919 6.744868e-01 9.364953e-01 3.629152e-01 6.838959e-01 3.030236e-05 -3.855417e-05 2.457317e-05 9.594254e-05
12260.444743 6.851895e-01 9.526244e-01 3.709767e-01 6.950016e-01 3.021527e-05 -3.947243e-05 1.462043e-05 9.330807e-05
12264.571759 6.865843e-01 9.560707e-01 3.735505e-01 6.952901e-01 3.207908e-05 -3.713808e-05 9.348953e-06 1.001556e-04
12268.710967 6.867264e-01 9.578939e-01 3.751158e-01 6.968935e-01 2.575623e-05 -3.373581e-05 9.628725e-06 9.638155e-05
12272.862366 6.873697e-01 9.604110e-01 3.767340e-01 6.986262e-01 2.308453e-05 -3.286864e-05 1.441122e-05 9.191398e-05
12277.025958 6.866612e-01 9.608994e-01 3.773177e-01 6.978215e-01 2.514207e-05 -4.010116e-05 1.674763e-05 9.396836e-05
12281.201742 6.852959e-01 9.605514e-01 3.773134e-01 6.970237e-01 2.477742e-05 -4.385000e-05 1.789499e-05 9.506554e-05
12285.389717 6.848321e-01 9.614539e-01 3.777296e-01 6.976563e-01 2.740228e-05 -3.856240e-05 1.984997e-05 9.641962e-05
12289.589884 6.837237e-01 9.614068e-01 3.776657e-01 6.971852e-01 2.666826e-05 -4.062018e-05 8.796655e-06 9.815871e-05
12293.802244 6.832994e-01 9.624079e-01 3.779209e-01 6.977291e-01 2.771596e-05 -4.165239e-05 6.926974e-06 1.006587e-04
12298.026795 6.705768e-01 9.461465e-01 3.714198e-01 6.853780e-01 1.950052e-05 -3.448909e-05 9.674124e-06 9.665800e-05
12302.263538 6.743316e-01 9.527429e-01 3.744845e-01 6.883852e-01 2.479292e-05 -3.216931e-05 7.676199e-07 9.539403e-05
12306.512473 6.815082e-01 9.644706e-01 3.798471e-01 6.961594e-01 2.430704e-05 -3.435370e-05 1.067964e-05 1.085711e-04
12310.773600 6.813392e-01 9.657746e-01 3.814080e-01 6.969488e-01 3.688698e-05 -2.855804e-05 1.889452e-05 1.079596e-04
12315.046919 6.806973e-01 9.663973e-01 3.826797e-01 6.966877e-01 3.809221e-05 -2.684795e-05 1.034271e-05 8.754176e-05
12319.332429 6.805216e-01 9.678416e-01 3.846317e-01 6.966891e-01 3.110423e-05 -2.556351e-05 2.752474e-05 8.676298e-05
12323.630132 6.794906e-01 9.679290e-01 3.865047e-01 6.969271e-01 1.727670e-05 -2.260671e-05 2.701350e-05 9.565585e-05
12327.940026 6.787263e-01 9.684808e-01 3.887773e-01 6.966636e-01 1.610690e-05 -2.238527e-05 2.198815e-05 9.814905e-05
12332.262113 6.784259e-01 9.697294e-01 3.912470e-01 6.957065e-01 2.370048e-05 -2.124587e-05 2.020186e-05 9.029999e-05
12336.596391 6.776081e-01 9.701212e-01 3.936188e-01 6.944996e-01 2.259330e-05 -2.210873e-05 2.022771e-05 6.868642e-05
12340.942861 6.766266e-01 9.703569e-01 3.956588e-01 6.946557e-01 1.818896e-06 -3.096492e-05 1.904951e-05 6.815700e-05
12345.301524 6.763546e-01 9.716060e-01 3.981633e-01 6.938879e-01 1.067868e-05 -2.347742e-05 1.544441e-05 7.285509e-05
12349.672378 6.756484e-01 9.722242e-01 4.001777e-01 6.952275e-01 1.908651e-05 -2.050106e-05 7.105496e-06 7.364043e-05
12354.055424 6.736897e-01 9.711277e-01 4.010644e-01 6.928216e-01 2.176863e-05 -3.166475e-05 1.244474e-05 7.749904e-05
12358.450662 6.736852e-01 9.728033e-01 4.031614e-01 6.921031e-01 2.284918e-05 -3.595420e-05 1.607086e-05 7.871157e-05
12362.858091 6.734910e-01 9.741507e-01 4.050185e-01 6.925450e-01 2.271391e-05 -4.194917e-05 1.506642e-05 7.939797e-05
12367.277713 6.717462e-01 9.732333e-01 4.060360e-01 6.909552e-01 1.319013e-05 -4.899338e-05 1.624337e-05 7.371113e-05
12371.709527 6.724538e-01 9.759014e-01 4.085997e-01 6.919975e-01 1.261854e-05 -4.505504e-05 1.623501e-05 7.046301e-05
12376.153532 6.715562e-01 9.763166e-01 4.100702e-01 6.925188e-01 1.644688e-05 -4.858482e-05 2.840782e-05 7.612536e-05
12380.609730 6.706570e-01 9.766506e-01 4.115981e-01 6.912826e-01 1.610541e-05 -4.261118e-05 2.595165e-05 7.220049e-05
12385.078119 6.702031e-01 9.776234e-01 4.133126e-01 6.912944e-01 1.287035e-05 -5.197321e-05 3.062853e-05 7.612792e-05
12389.558700 6.693908e-01 9.781100e-01 4.148228e-01 6.917336e-01 1.799376e-05 -3.604945e-05 2.327667e-05 8.194499e-05
12394.051473 6.683714e-01 9.782979e-01 4.160320e-01 6.888030e-01 3.103262e-05 -4.180841e-05 2.032496e-05 8.736045e-05
12398.556438 6.676881e-01 9.789239e-01 4.174966e-01 6.899470e-01 2.770078e-05 -4.257154e-05 1.817063e-05 8.486276e-05
12403.073595 6.674163e-01 9.802389e-01 4.192415e-01 6.900888e-01 2.016432e-05 -4.348937e-05 1.967224e-05 8.228676e-05
12407.602944 6.661257e-01 9.799919e-01 4.201297e-01 6.882541e-01 2.159120e-05 -3.517319e-05 2.501460e-05 8.362637e-05
12412.144485 6.653920e-01 9.804958e-01 4.213311e-01 6.892848e-01 1.959324e-05 -3.954060e-05 2.039122e-05 8.320927e-05
12416.698218 6.629376e-01 9.786318e-01 4.213109e-01 6.861380e-01 2.647438e-05 -4.241318e-05 1.732349e-05 7.612118e-05
12421.264142 6.607101e-01 9.770053e-01 4.213594e-01 6.840013e-01 3.294386e-05 -4.026041e-05 9.813254e-06 7.455743e-05
12425.842259 6.617876e-01 9.801444e-01 4.236292e-01 6.863784e-01 3.032054e-05 -3.746769e-05 2.167051e-05 7.564687e-05
12430.432567 6.623835e-01 9.827107e-01 4.254571e-01 6.860239e-01 1.376100e-05 -4.187451e-05 1.782754e-05 7.350083e-05
12435.035068 6.620495e-01 9.839036e-01 4.268297e-01 6.879551e-01 1.206235e-05 -4.323306e-05 1.582857e-05 7.633015e-05
12439.649760 6.616193e-01 9.849448e-01 4.282256e-01 6.878916e-01 1.698085e-05 -5.619088e-05 1.035867e-05 8.380286e-05
12444.276644 6.604566e-01 9.848894e-01 4.292718e-01 6.871113e-01 2.264163e-05 -5.596781e-05 1.462847e-05 8.767547e-05
12448.915720 6.586828e-01 9.839710e-01 4.298936e-01 6.861803e-01 1.716261e-05 -5.235340e-05 1.290248e-05 8.470878e-05
12453.566988 6.592113e-01 9.864523e-01 4.323798e-01 6.873697e-01 2.206544e-05 -5.955144e-05 1.649680e-05 8.443327e-05
12458.230448 6.579360e-01 9.862289e-01 4.337086e-01 6.862061e-01 1.740100e-05 -5.209935e-05 2.525243e-05 7.155558e-05
12462.906100 6.576793e-01 9.875588e-01 4.359505e-01 6.858343e-01 1.409512e-05 -5.514979e-05 2.020747e-05 6.558441e-05
12467.593943 6.571280e-01 9.884364e-01 4.379509e-01 6.859833e-01 2.822761e-05 -6.062882e-05 3.181659e-05 7.753790e-05
12472.293979 6.557759e-01 9.881156e-01 4.396301e-01 6.855125e-01 2.981281e-05 -5.287863e-05 3.569505e-05 7.034973e-05
12477.006206 6.551425e-01 9.888592e-01 4.418627e-01 6.840629e-01 1.955904e-05 -4.312643e-05 2.814562e-05 8.186197e-05
12481.730626 6.552392e-01 9.906443e-01 4.445556e-01 6.841909e-01 7.085626e-06 -5.034354e-05 2.508837e-05 8.255856e-05
12486.467237 6.547060e-01 9.915376e-01 4.468890e-01 6.837426e-01 1.406547e-05 -4.745463e-05 1.461385e-05 8.456288e-05
12491.216040 6.540832e-01 9.924097e-01 4.493112e-01 6.835656e-01 2.222423e-05 -4.493622e-05 1.421724e-05 7.813714e-05
12495.977036 6.523676e-01 9.916404e-01 4.509803e-01 6.835369e-01 1.291896e-05 -4.303384e-05 2.412592e-05 8.341969e-05
12500.750223 6.494671e-01 9.889795e-01 4.517458e-01 6.805338e-01 8.354495e-06 -5.163083e-05 2.403030e-05 9.063162e-05
12505.535602 6.514298e-01 9.936271e-01 4.557010e-01 6.811391e-01 7.338185e-06 -5.269732e-05 2.688224e-05 8.863836e-05
12510.333172 6.517155e-01 9.958263e-01 4.584751e-01 6.823482e-01 1.169561e-05 -5.389873e-05 2.782418e-05 7.827395e-05
12515.142935 6.508916e-01 9.963565e-01 4.602790e-01 6.823346e-01 5.312068e-06 -5.631701e-05 1.109163e-05 8.057375e-05
12519.964890 6.501153e-01 9.968925e-01 4.621000e-01 6.819972e-01 4.800129e-06 -5.430411e-05 1.597127e-05 9.128966e-05
12524.799037 6.493385e-01 9.974712e-01 4.638102e-01 6.811588e-01 4.687137e-06 -6.280798e-05 1.536289e-05 9.025725e-05
12529.645375 6.432799e-01 9.899142e-01 4.616464e-01 6.747441e-01 1.826455e-06 -5.701099e-05 1.745235e-05 9.136291e-05
12534.503905 3.321899e-01 5.118333e-01 2.391731e-01 3.488716e-01 2.454478e-06 -2.376357e-05 6.873968e-06 4.559716e-05
12539.374628 6.477257e-03 9.983832e-03 4.667644e-03 6.804642e-03 3.015543e-08 -4.202936e-07 7.113638e-08 8.962587e-07
