# Facility: NSLS-II
# Beamline: QAS
# Year: 2023
# Cycle: 3
# SAF: 312215
# PI: Reece
# Proposal: 313586
# Scan ID: 270784
# UID: cf1490e1-baa3-43dd-b7f6-66da5f7fcfa5
# Comment: Zn filter 3 um
# Start time: 10/18/2023  12:24:56
# Stop time: 10/18/2023  12:25:27
# Total time: 00:31
# Trajectory name: Pt-L3-30s-11564.txt
# Element: Platinum ( 78)
# Edge: L3
# E0: 11564
# Reference Foil Element: Pt
# Keithley Gains I0: 1E6 V/A It: 1E6 V/A Iref: 1E7 V/A PIPS: 1E8 V/A 
# Ion Chamber Gas Flow Rates: I0: 0.00 sccm He + 189.70 sccm N2 + 9.80 sccm Ar 
# Ion Chamber Gas Flow Rates: It&Iref: 39.70 sccm N2 + 60.10 sccm Ar
# Incident Beam Path Vertical: 31.75 mm
# Incident Slits Positions B: TOP: 2.0 mm Bottom: 1.0 mm Inboard: 0.57675 mm Outboard: 1.57675 mm
# Sample Stage Positions: Rotation: 45.0 deg Horizontal: -10.22 mm Vertical: 15.30 mm Beam Direction: 0.00 mm
# PerkinElmer Vertical Position: 500.00 mm
# Linkam Oven Temperature : 3.03 C and Ramp Rate: 20.00 C/min.
# Front End Mirror Horizontal Positions: Up: -14.00 mm Down: -14.00 mm
#
# energy  i0  it  ir  iff  aux1  aux2  aux3  aux4
11380.425245 4.207923e-01 4.514997e-01 5.866979e-01 8.726363e-02 2.358951e-06 -7.247891e-06 9.984214e-06 2.758481e-05
11385.425245 8.273035e-01 8.890416e-01 1.156903e+00 1.726068e-01 9.009187e-06 -1.985304e-05 9.587881e-06 5.613982e-05
11390.425245 8.329864e-01 8.970997e-01 1.170361e+00 1.730569e-01 3.255834e-06 -2.614378e-05 9.710309e-06 5.356474e-05
11395.425245 8.408885e-01 9.080951e-01 1.187936e+00 1.745703e-01 1.137882e-07 -2.191954e-05 1.274355e-05 5.037152e-05
11400.425245 8.394528e-01 9.086765e-01 1.191483e+00 1.746301e-01 -6.040095e-06 -2.976955e-05 1.064447e-05 5.404942e-05
11405.425245 8.380505e-01 9.093226e-01 1.195204e+00 1.751328e-01 1.219430e-05 -2.027572e-05 8.168856e-06 4.964096e-05
11410.425245 8.351649e-01 9.082956e-01 1.196616e+00 1.747671e-01 1.241904e-05 -1.581477e-05 4.411783e-06 4.499625e-05
11415.425245 8.262738e-01 9.005331e-01 1.189063e+00 1.738644e-01 9.871078e-06 -1.730371e-05 7.102851e-06 5.300980e-05
11420.425245 8.261670e-01 9.024177e-01 1.194611e+00 1.740666e-01 1.290073e-05 -1.433133e-05 7.118957e-06 5.579934e-05
11425.425245 8.338337e-01 9.131258e-01 1.212259e+00 1.760893e-01 1.856166e-05 -7.123109e-06 1.182206e-05 5.537489e-05
11430.425245 8.348523e-01 9.165863e-01 1.219898e+00 1.772724e-01 1.392516e-05 -6.281973e-06 1.418217e-05 5.051949e-05
11435.425245 8.333362e-01 9.170783e-01 1.223561e+00 1.773684e-01 1.207561e-05 -8.598214e-06 1.261027e-05 4.118435e-05
11440.425245 8.315421e-01 9.172615e-01 1.226634e+00 1.775855e-01 1.170088e-05 -1.214308e-05 7.879891e-06 4.644042e-05
11445.425245 8.297641e-01 9.173896e-01 1.229796e+00 1.772603e-01 2.460467e-06 -1.103547e-05 7.184787e-06 4.907112e-05
11450.425245 8.294523e-01 9.191872e-01 1.235465e+00 1.777710e-01 2.271452e-06 -1.516759e-05 1.229270e-05 3.617499e-05
11455.425245 8.276906e-01 9.194105e-01 1.238550e+00 1.780928e-01 7.909767e-06 -1.400672e-05 5.536748e-06 3.465609e-05
11460.425245 8.266589e-01 9.204265e-01 1.242749e+00 1.785632e-01 8.835006e-06 -1.771856e-05 1.946590e-06 5.048841e-05
11465.425245 8.255907e-01 9.213722e-01 1.246913e+00 1.790974e-01 3.388510e-06 -1.102857e-05 6.571311e-06 4.224012e-05
11470.425245 8.256297e-01 9.236573e-01 1.252781e+00 1.792761e-01 8.566652e-06 -1.848856e-05 2.945860e-06 2.741448e-05
11475.425245 8.245171e-01 9.245220e-01 1.256523e+00 1.802698e-01 2.790871e-06 -1.303731e-05 1.417025e-05 3.565582e-05
11480.425245 8.232431e-01 9.252434e-01 1.260012e+00 1.804610e-01 4.254279e-06 -9.548285e-06 1.257473e-05 4.359460e-05
11485.425245 8.221612e-01 9.261962e-01 1.263959e+00 1.810433e-01 1.643860e-05 -4.798835e-07 6.870649e-06 5.104076e-05
11490.425245 8.212886e-01 9.273649e-01 1.267823e+00 1.814535e-01 1.595419e-05 -4.132483e-06 3.196102e-06 4.447767e-05
11495.425245 8.209660e-01 9.291327e-01 1.272571e+00 1.820918e-01 9.620782e-06 -1.288362e-05 8.288796e-06 4.479651e-05
11500.425245 8.195632e-01 9.296151e-01 1.274880e+00 1.827402e-01 1.376233e-05 -1.570123e-05 9.552005e-06 4.330050e-05
11505.425245 8.198222e-01 9.320727e-01 1.279817e+00 1.837110e-01 2.202155e-05 -1.030576e-05 4.558087e-06 4.259370e-05
11510.425245 8.187809e-01 9.329251e-01 1.282200e+00 1.847319e-01 1.639783e-05 -1.404644e-05 6.170088e-06 4.674357e-05
11515.425245 8.174769e-01 9.334678e-01 1.283314e+00 1.855945e-01 1.685699e-05 -2.505124e-05 1.276643e-05 4.358815e-05
11520.425245 8.165882e-01 9.344807e-01 1.284114e+00 1.871920e-01 2.450439e-05 -2.602779e-05 1.840625e-05 4.181961e-05
11525.425245 8.159397e-01 9.357617e-01 1.283940e+00 1.892388e-01 2.361521e-05 -2.322881e-05 4.953091e-06 3.206446e-05
11530.425245 8.150203e-01 9.365548e-01 1.281272e+00 1.918035e-01 1.995486e-05 -1.198971e-05 1.355334e-05 3.015256e-05
11534.000000 8.140797e-01 9.367014e-01 1.277088e+00 1.943375e-01 2.077945e-05 -1.393223e-05 2.010429e-05 3.289090e-05
11535.000000 8.130326e-01 9.358095e-01 1.274350e+00 1.951166e-01 1.360450e-05 -1.731517e-05 2.451769e-05 3.069623e-05
11536.000000 8.136640e-01 9.369605e-01 1.273933e+00 1.962916e-01 1.569732e-05 -1.873891e-05 2.199094e-05 3.446149e-05
11537.000000 8.135380e-01 9.371773e-01 1.272224e+00 1.968305e-01 1.593035e-05 -9.297113e-06 2.140773e-05 4.361460e-05
11538.000000 8.119722e-01 9.355751e-01 1.267832e+00 1.968200e-01 9.646180e-06 -1.429968e-05 1.824256e-05 4.649600e-05
11539.000000 8.132064e-01 9.374339e-01 1.267801e+00 1.971319e-01 1.151084e-05 -9.690268e-06 2.824467e-05 4.342584e-05
11540.000000 8.129019e-01 9.373847e-01 1.264668e+00 1.999541e-01 2.192505e-05 -4.016794e-06 1.231488e-05 3.330254e-05
11541.000000 8.131183e-01 9.378011e-01 1.262568e+00 2.008823e-01 3.023129e-05 -2.230586e-06 1.579178e-05 4.332424e-05
11541.200000 8.113954e-01 9.361477e-01 1.259942e+00 2.017224e-01 2.826070e-05 -7.474196e-06 2.434819e-05 4.010094e-05
11541.400000 8.233588e-01 9.497139e-01 1.277386e+00 2.011594e-01 3.327062e-05 -7.713247e-06 3.340013e-05 5.311472e-05
11541.600000 8.114908e-01 9.362486e-01 1.258192e+00 2.004314e-01 2.524773e-05 -9.018941e-06 3.137442e-05 4.765789e-05
11541.800000 8.213549e-01 9.478509e-01 1.272949e+00 2.028621e-01 2.344128e-05 -3.718140e-06 2.640835e-05 5.106173e-05
11542.000000 8.163030e-01 9.416693e-01 1.264006e+00 2.002661e-01 2.912031e-05 -1.216044e-06 2.077991e-05 4.044368e-05
11542.200000 8.014875e-01 9.248064e-01 1.240877e+00 1.991773e-01 1.241123e-05 -1.085076e-05 1.423830e-05 4.221880e-05
11542.400000 8.134029e-01 9.382883e-01 1.258224e+00 2.033947e-01 2.343092e-05 -1.271594e-05 3.206133e-05 4.250831e-05
11542.600000 8.195950e-01 9.459455e-01 1.266907e+00 2.052129e-01 5.408482e-06 -5.949257e-06 3.506188e-05 4.413782e-05
11542.800000 8.162315e-01 9.419727e-01 1.260233e+00 2.045518e-01 9.320398e-06 -2.302931e-05 4.509777e-05 4.720061e-05
11543.000000 8.136501e-01 9.388039e-01 1.256287e+00 2.048956e-01 1.220099e-05 -1.068334e-05 3.164584e-05 3.716526e-05
11543.200000 8.053214e-01 9.295345e-01 1.242387e+00 2.028637e-01 2.389529e-05 -1.356009e-05 1.936239e-05 3.676583e-05
11543.400000 8.184423e-01 9.445316e-01 1.261414e+00 2.044494e-01 3.076058e-05 -2.518979e-05 2.040709e-05 4.228372e-05
11543.600000 8.134335e-01 9.388476e-01 1.253108e+00 2.038531e-01 1.415609e-05 -2.922178e-05 3.068091e-05 4.399567e-05
11543.800000 8.134001e-01 9.388764e-01 1.252427e+00 2.058338e-01 2.797499e-05 -2.562037e-05 3.192564e-05 3.692370e-05
11544.000000 8.061026e-01 9.308444e-01 1.240068e+00 2.043497e-01 1.646417e-05 -2.304769e-05 4.459671e-05 4.856367e-05
11544.200000 8.204023e-01 9.472847e-01 1.260995e+00 2.075695e-01 2.861612e-05 -2.097628e-05 4.307747e-05 4.330852e-05
11544.400000 8.111533e-01 9.362192e-01 1.244994e+00 2.038234e-01 2.994358e-05 -1.837811e-05 2.127044e-05 4.432690e-05
11544.600000 8.136664e-01 9.391474e-01 1.248322e+00 2.088968e-01 2.871121e-05 -2.665414e-05 1.970482e-05 4.149345e-05
11544.800000 8.098303e-01 9.350758e-01 1.242426e+00 2.024282e-01 2.749572e-05 -2.841848e-05 1.895233e-05 4.129868e-05
11545.000000 8.142056e-01 9.401772e-01 1.247716e+00 2.051937e-01 7.444957e-06 -1.497092e-05 9.317012e-06 3.131976e-05
11545.200000 8.108219e-01 9.362429e-01 1.241598e+00 2.068747e-01 1.564090e-05 -8.788477e-06 1.274946e-05 2.685692e-05
11545.400000 8.158973e-01 9.422196e-01 1.248760e+00 2.048055e-01 6.067799e-06 -1.013903e-05 1.214254e-05 2.842454e-05
11545.600000 8.101773e-01 9.357121e-01 1.237717e+00 2.087286e-01 1.606861e-05 -2.003123e-05 9.869732e-06 2.165245e-05
11545.800000 8.117775e-01 9.374637e-01 1.239096e+00 2.104877e-01 1.290809e-05 -2.055467e-05 8.561902e-06 4.116803e-05
11546.000000 8.198714e-01 9.465699e-01 1.250045e+00 2.107310e-01 1.357601e-05 -2.347474e-05 1.301098e-05 4.452847e-05
11546.200000 8.087939e-01 9.337813e-01 1.232242e+00 2.083272e-01 1.335676e-05 -1.742831e-05 2.635198e-05 4.964440e-05
11546.400000 8.156968e-01 9.421755e-01 1.241730e+00 2.120681e-01 6.430599e-06 -2.080203e-05 1.524888e-05 4.117296e-05
11546.600000 8.064116e-01 9.313827e-01 1.225667e+00 2.097719e-01 1.867309e-05 -1.253426e-05 2.626554e-05 3.713259e-05
11546.800000 8.267536e-01 9.545967e-01 1.254861e+00 2.134199e-01 1.088827e-05 -2.259717e-05 2.060739e-05 3.865454e-05
11547.000000 8.069363e-01 9.315870e-01 1.223056e+00 2.089214e-01 1.830520e-05 -2.930793e-05 7.887398e-06 5.165805e-05
11547.200000 8.132142e-01 9.396085e-01 1.231956e+00 2.105093e-01 1.247781e-05 -2.467571e-05 1.470366e-05 4.921844e-05
11547.400000 8.102426e-01 9.355468e-01 1.225407e+00 2.122657e-01 1.343191e-05 -1.747401e-05 1.669153e-05 4.568836e-05
11547.600000 8.078099e-01 9.332038e-01 1.219990e+00 2.115189e-01 1.518512e-05 -1.676822e-05 1.840759e-05 4.331193e-05
11547.800000 8.169832e-01 9.438027e-01 1.233385e+00 2.145714e-01 1.349939e-05 -1.321626e-05 2.887557e-05 4.686028e-05
11548.000000 7.988764e-01 9.226423e-01 1.203942e+00 2.113724e-01 1.560779e-05 -2.223283e-05 2.120439e-05 4.619591e-05
11548.200000 8.126418e-01 9.389696e-01 1.223654e+00 2.144627e-01 1.094651e-05 -2.139893e-05 2.750699e-05 4.755085e-05
11548.400000 8.120993e-01 9.376702e-01 1.220476e+00 2.095222e-01 2.900107e-05 -1.695064e-05 3.939835e-05 4.043292e-05
11548.600000 8.127033e-01 9.393679e-01 1.219421e+00 2.154761e-01 9.040156e-06 -8.518264e-06 2.592671e-05 3.653575e-05
11548.800000 8.132476e-01 9.393409e-01 1.218063e+00 2.185834e-01 2.379098e-05 -1.486980e-05 2.667195e-05 3.781407e-05
11549.000000 8.104290e-01 9.360593e-01 1.212145e+00 2.170288e-01 2.561549e-05 -2.431537e-05 2.652070e-05 4.225479e-05
11549.200000 8.088940e-01 9.343852e-01 1.208072e+00 2.151298e-01 2.908482e-05 -2.638161e-05 1.082917e-05 2.973650e-05
11549.400000 8.098325e-01 9.354394e-01 1.207601e+00 2.134908e-01 1.573535e-05 -2.880950e-05 1.231854e-05 3.814539e-05
11549.600000 8.104535e-01 9.361478e-01 1.205866e+00 2.184037e-01 1.433596e-05 -2.385937e-05 2.202534e-05 4.914124e-05
11549.800000 8.121003e-01 9.375636e-01 1.206070e+00 2.176321e-01 1.823916e-05 -2.372165e-05 2.663722e-05 4.039097e-05
11550.000000 8.123609e-01 9.385990e-01 1.204693e+00 2.188657e-01 1.557807e-05 -2.952607e-05 2.660419e-05 4.329386e-05
11550.200000 8.140506e-01 9.399688e-01 1.204532e+00 2.198527e-01 2.313298e-05 -3.759098e-05 3.992639e-05 4.574427e-05
11550.400000 8.098708e-01 9.356356e-01 1.196186e+00 2.195063e-01 1.241384e-05 -3.304219e-05 1.816931e-05 4.767063e-05
11550.600000 8.105746e-01 9.360941e-01 1.194900e+00 2.204508e-01 2.462410e-05 -3.487179e-05 1.954299e-05 4.674337e-05
11550.800000 8.105087e-01 9.363972e-01 1.192242e+00 2.246620e-01 1.199396e-05 -2.367757e-05 1.903950e-05 4.117192e-05
11551.000000 8.142071e-01 9.403860e-01 1.194518e+00 2.217548e-01 3.084082e-05 -3.211309e-05 1.295766e-05 3.974398e-05
11551.200000 8.111145e-01 9.367614e-01 1.187246e+00 2.235058e-01 1.256673e-05 -3.648573e-05 9.842599e-06 4.179647e-05
11551.400000 8.134841e-01 9.394220e-01 1.187262e+00 2.242587e-01 2.273528e-05 -4.122288e-05 8.598873e-07 3.404272e-05
11551.600000 8.098384e-01 9.353065e-01 1.179473e+00 2.235303e-01 6.064132e-06 -3.807459e-05 3.742390e-06 3.632440e-05
11551.800000 8.126078e-01 9.384296e-01 1.180577e+00 2.261043e-01 2.169267e-05 -4.030989e-05 2.667904e-06 2.571974e-05
11552.000000 8.117698e-01 9.375032e-01 1.176570e+00 2.268015e-01 2.438326e-05 -3.956901e-05 2.033966e-05 5.708346e-05
11552.200000 8.135810e-01 9.393340e-01 1.175087e+00 2.303356e-01 2.951217e-05 -4.011368e-05 2.931661e-06 4.650926e-05
11552.400000 8.099326e-01 9.352600e-01 1.165991e+00 2.286702e-01 2.225150e-05 -4.552954e-05 4.585547e-07 4.970113e-05
11552.600000 8.082327e-01 9.332098e-01 1.160513e+00 2.281725e-01 2.732095e-05 -4.099622e-05 4.018623e-06 5.775717e-05
11552.800000 8.043957e-01 9.286367e-01 1.151546e+00 2.277868e-01 1.176977e-05 -4.591240e-05 1.393127e-05 5.240411e-05
11553.000000 8.154687e-01 9.414242e-01 1.163313e+00 2.354675e-01 2.741907e-05 -3.576757e-05 1.488334e-05 5.272923e-05
11553.200000 8.069464e-01 9.315948e-01 1.146590e+00 2.349801e-01 1.913641e-05 -3.525733e-05 7.894482e-07 4.222323e-05
11553.400000 8.097767e-01 9.343848e-01 1.146413e+00 2.332913e-01 3.658213e-05 -3.889212e-05 4.186582e-06 4.788848e-05
11553.600000 8.116727e-01 9.370837e-01 1.145585e+00 2.356620e-01 3.251249e-05 -3.367593e-05 -2.950696e-06 4.955648e-05
11553.800000 8.139717e-01 9.392942e-01 1.143958e+00 2.367822e-01 3.310644e-05 -2.955415e-05 7.349090e-06 5.439358e-05
11554.000000 8.093402e-01 9.337735e-01 1.132661e+00 2.368612e-01 3.098034e-05 -2.550825e-05 -6.696199e-08 4.574971e-05
11554.200000 8.142323e-01 9.394047e-01 1.134486e+00 2.392672e-01 3.407920e-05 -2.737266e-05 1.293782e-05 3.916474e-05
11554.400000 8.084616e-01 9.328401e-01 1.122102e+00 2.417109e-01 2.240725e-05 -1.866191e-05 1.958254e-05 3.927076e-05
11554.600000 8.089663e-01 9.329582e-01 1.117011e+00 2.416361e-01 2.861866e-05 -1.830137e-05 2.640669e-05 3.431803e-05
11554.800000 8.113355e-01 9.362656e-01 1.114999e+00 2.435576e-01 1.937318e-05 -1.850903e-05 2.161011e-05 4.175085e-05
11555.000000 8.155471e-01 9.403905e-01 1.114178e+00 2.464579e-01 2.547019e-05 -1.916676e-05 2.227710e-05 3.422418e-05
11555.200000 8.064608e-01 9.297825e-01 1.095372e+00 2.452559e-01 2.143396e-05 -9.650298e-06 2.870679e-05 2.801163e-05
11555.400000 8.130218e-01 9.367950e-01 1.098428e+00 2.486092e-01 3.638036e-05 -8.128250e-06 2.954562e-05 5.103600e-05
11555.600000 8.089448e-01 9.324691e-01 1.085916e+00 2.515175e-01 2.590608e-05 -1.742689e-05 2.677803e-05 4.176373e-05
11555.800000 8.045479e-01 9.267233e-01 1.073050e+00 2.547893e-01 3.821338e-05 -1.694385e-05 1.193410e-05 3.687702e-05
11556.000000 8.127001e-01 9.360579e-01 1.077608e+00 2.561460e-01 2.782897e-05 -8.016614e-06 3.143170e-05 4.621103e-05
11556.200000 8.098091e-01 9.322345e-01 1.064966e+00 2.587130e-01 3.006632e-05 5.746452e-06 2.517213e-05 2.784164e-05
11556.400000 8.083384e-01 9.307467e-01 1.055908e+00 2.588649e-01 1.668988e-05 6.026223e-06 2.914640e-05 4.135368e-05
11556.600000 8.123370e-01 9.349920e-01 1.052803e+00 2.617749e-01 1.263899e-05 -1.703212e-06 1.572600e-05 3.475256e-05
11556.800000 8.091931e-01 9.310971e-01 1.040354e+00 2.611091e-01 1.383769e-05 -2.739264e-06 1.848861e-05 2.640879e-05
11557.000000 8.083824e-01 9.297043e-01 1.029927e+00 2.659001e-01 1.182587e-05 -7.906877e-06 2.687019e-05 3.678386e-05
11557.200000 8.117568e-01 9.334427e-01 1.025570e+00 2.723442e-01 1.422170e-05 -3.697525e-06 2.380361e-05 3.702381e-05
11557.400000 8.129969e-01 9.345384e-01 1.016896e+00 2.732863e-01 4.961424e-07 -3.000951e-06 1.272714e-05 3.556249e-05
11557.600000 7.991033e-01 9.178459e-01 9.888099e-01 2.718679e-01 -5.980521e-07 -3.040801e-07 -2.970736e-06 3.544863e-05
11557.800000 8.133540e-01 9.341745e-01 9.952940e-01 2.785708e-01 -1.120774e-05 -5.352347e-06 1.456987e-05 4.277599e-05
11558.000000 8.112837e-01 9.312846e-01 9.820280e-01 2.821837e-01 8.322197e-06 -4.542891e-06 1.042739e-05 3.617274e-05
11558.200000 8.077337e-01 9.266554e-01 9.654217e-01 2.851559e-01 1.197655e-05 3.575475e-06 3.097136e-06 4.083601e-05
11558.400000 8.048430e-01 9.225485e-01 9.492279e-01 2.898727e-01 1.025011e-05 1.454232e-06 1.246322e-05 3.910217e-05
11558.600000 8.126500e-01 9.314059e-01 9.449870e-01 2.938801e-01 1.337059e-05 -1.100308e-05 2.216485e-05 3.675956e-05
11558.800000 8.095872e-01 9.273761e-01 9.277661e-01 2.961595e-01 4.017073e-05 -1.869723e-05 1.191674e-05 4.169303e-05
11559.000000 8.060835e-01 9.225858e-01 9.092457e-01 2.984385e-01 3.275273e-05 -1.728345e-05 1.547032e-05 4.179696e-05
11559.200000 8.136610e-01 9.307727e-01 9.019251e-01 3.079949e-01 2.488989e-05 -1.403260e-05 7.624042e-06 3.666939e-05
11559.400000 8.094656e-01 9.254702e-01 8.814078e-01 3.094091e-01 1.775348e-05 -6.436615e-06 9.250988e-06 3.382902e-05
11559.600000 8.131474e-01 9.287283e-01 8.680766e-01 3.164125e-01 2.116759e-05 -5.641597e-06 1.239365e-05 3.707771e-05
11559.800000 8.090983e-01 9.231784e-01 8.462512e-01 3.241758e-01 2.051585e-05 -5.289664e-06 3.171385e-05 5.049803e-05
11560.000000 8.040853e-01 9.168237e-01 8.210428e-01 3.280744e-01 7.687600e-06 -7.934101e-06 3.441430e-05 4.517660e-05
11560.200000 8.075243e-01 9.190972e-01 8.043027e-01 3.348158e-01 1.519512e-05 -7.157093e-06 2.923409e-05 4.300706e-05
11560.400000 8.119611e-01 9.238451e-01 7.901712e-01 3.440565e-01 7.515025e-06 -8.326080e-06 1.818749e-05 3.260605e-05
11560.600000 8.088616e-01 9.188314e-01 7.623695e-01 3.522185e-01 8.609670e-07 -1.048085e-05 -5.241342e-07 3.302044e-05
11560.800000 8.155541e-01 9.254438e-01 7.461641e-01 3.630128e-01 1.787369e-05 2.091544e-07 4.763738e-06 3.680194e-05
11561.000000 8.107805e-01 9.186678e-01 7.185440e-01 3.720459e-01 2.252149e-06 -4.865774e-06 8.018740e-06 3.666717e-05
11561.200000 8.085035e-01 9.143544e-01 6.904472e-01 3.788228e-01 1.371574e-05 -1.378154e-05 1.469228e-05 6.043806e-05
11561.400000 8.026567e-01 9.065220e-01 6.604892e-01 3.885472e-01 5.675687e-06 -1.862099e-05 2.037261e-05 4.939993e-05
11561.600000 8.138040e-01 9.171639e-01 6.412491e-01 4.052128e-01 1.722621e-05 -2.633124e-05 2.475445e-05 4.461409e-05
11561.800000 8.097803e-01 9.109279e-01 6.103736e-01 4.127218e-01 3.399217e-05 -2.548848e-05 3.579796e-05 6.659916e-05
11562.000000 8.128362e-01 9.124525e-01 5.846032e-01 4.309817e-01 3.262326e-05 -2.520244e-05 3.613759e-05 6.743619e-05
11562.200000 8.086664e-01 9.054104e-01 5.511542e-01 4.443806e-01 1.998453e-05 -2.315760e-05 2.808837e-05 4.019016e-05
11562.400000 8.106443e-01 9.051986e-01 5.240228e-01 4.587821e-01 2.162491e-05 -1.352478e-05 1.464855e-05 4.363124e-05
11562.600000 8.104965e-01 9.027565e-01 4.916319e-01 4.756979e-01 2.702951e-05 -9.399173e-06 2.584108e-05 4.162812e-05
11562.800000 8.112716e-01 9.010105e-01 4.628296e-01 4.933458e-01 2.180801e-05 -4.414921e-06 1.496350e-05 3.584279e-05
11563.000000 8.043854e-01 8.903340e-01 4.276109e-01 5.090659e-01 1.910417e-05 -2.962288e-06 9.362088e-06 3.182148e-05
11563.200000 8.140261e-01 8.983066e-01 4.047190e-01 5.365945e-01 1.843117e-05 5.853770e-06 4.885576e-06 4.217802e-05
11563.400000 8.063194e-01 8.868782e-01 3.725125e-01 5.534504e-01 1.829597e-05 -5.055830e-06 9.233259e-06 5.022827e-05
11563.600000 8.141363e-01 8.921513e-01 3.478135e-01 5.782327e-01 1.994388e-05 -1.458027e-05 2.759909e-05 4.466588e-05
11563.800000 8.069547e-01 8.804550e-01 3.174721e-01 5.945377e-01 1.914412e-05 -1.794648e-05 3.468761e-05 3.248631e-05
11564.000000 8.122691e-01 8.826428e-01 2.936199e-01 6.229100e-01 2.038772e-05 -1.342813e-05 2.671665e-05 4.030240e-05
11564.200000 8.102484e-01 8.767406e-01 2.676230e-01 6.467649e-01 1.962527e-05 -1.381882e-05 1.727088e-05 4.770720e-05
11564.400000 8.117916e-01 8.747466e-01 2.456803e-01 6.739709e-01 3.197143e-05 -1.499230e-05 1.542863e-05 5.406652e-05
11564.600000 8.038988e-01 8.628443e-01 2.243257e-01 6.912588e-01 4.074040e-05 -1.901468e-05 1.654083e-05 5.360993e-05
11564.800000 8.138201e-01 8.697253e-01 2.074610e-01 7.241293e-01 3.509595e-05 -1.193866e-05 1.943887e-05 5.076885e-05
11565.000000 8.054752e-01 8.574770e-01 1.895910e-01 7.394460e-01 2.655238e-05 -1.377040e-05 1.868304e-05 4.286150e-05
11565.200000 8.118405e-01 8.608731e-01 1.763981e-01 7.666085e-01 2.963606e-05 -1.839401e-05 4.953257e-06 3.559795e-05
11565.400000 8.069243e-01 8.523643e-01 1.633000e-01 7.790729e-01 2.006961e-05 -2.215731e-05 -4.084239e-06 3.899668e-05
11565.600000 8.113194e-01 8.542356e-01 1.545622e-01 8.061465e-01 1.832760e-05 -2.481086e-05 1.907735e-06 4.038211e-05
11565.800000 8.069185e-01 8.468880e-01 1.452177e-01 8.189557e-01 9.931245e-06 -1.939024e-05 8.370152e-06 5.016172e-05
11566.000000 8.063984e-01 8.439186e-01 1.381658e-01 8.331682e-01 5.676746e-06 -1.945459e-05 6.162766e-06 5.058928e-05
11566.200000 8.117679e-01 8.473869e-01 1.342567e-01 8.555011e-01 1.887103e-05 -1.368738e-05 -2.373750e-06 4.662141e-05
11566.400000 8.108951e-01 8.446833e-01 1.305393e-01 8.676907e-01 1.588023e-05 -1.992217e-05 3.678491e-06 3.278603e-05
11566.600000 8.077162e-01 8.399522e-01 1.272258e-01 8.715940e-01 1.696108e-06 -2.121954e-05 -5.067179e-06 3.903196e-05
11566.800000 8.089140e-01 8.397117e-01 1.260881e-01 8.813303e-01 2.331351e-06 -1.175808e-05 1.562508e-05 4.936280e-05
11567.000000 8.084460e-01 8.381446e-01 1.256140e-01 8.894135e-01 9.626556e-06 -1.306261e-05 1.138218e-05 4.434206e-05
11567.200000 8.098590e-01 8.389448e-01 1.261260e-01 8.951944e-01 3.495768e-06 -8.417356e-06 3.522015e-07 4.122493e-05
11567.400000 8.108649e-01 8.395326e-01 1.274096e-01 8.991101e-01 3.102845e-06 -1.341025e-05 -8.207722e-06 3.341796e-05
11567.600000 8.102241e-01 8.384336e-01 1.291550e-01 9.009488e-01 8.418761e-06 -1.310477e-05 -3.875805e-06 3.013879e-05
11567.800000 8.083724e-01 8.366096e-01 1.311762e-01 9.012013e-01 6.666160e-06 -1.314133e-05 3.158308e-06 3.557095e-05
11568.000000 8.100524e-01 8.383406e-01 1.338853e-01 9.024434e-01 9.210296e-06 -1.253128e-05 -1.910438e-06 2.774431e-05
11568.200000 8.105754e-01 8.390886e-01 1.370189e-01 9.026280e-01 -3.698922e-06 -1.393886e-05 -5.649492e-06 2.697086e-05
11568.400000 8.124676e-01 8.415181e-01 1.408276e-01 9.025925e-01 -3.558787e-06 -1.870333e-05 9.860222e-06 2.685299e-05
11568.600000 8.079679e-01 8.372563e-01 1.434178e-01 8.948531e-01 1.893690e-06 -2.165339e-05 1.572499e-05 3.844547e-05
11568.800000 8.107355e-01 8.406921e-01 1.474014e-01 8.939943e-01 -8.846800e-08 -1.715939e-05 7.329579e-06 3.108341e-05
11569.000000 8.083794e-01 8.388866e-01 1.506268e-01 8.886148e-01 -7.789123e-06 -2.116164e-05 1.130958e-05 3.873191e-05
11569.200000 8.088591e-01 8.400769e-01 1.542730e-01 8.844335e-01 4.099008e-06 -2.023482e-05 1.358663e-05 4.217739e-05
11569.400000 8.093428e-01 8.413746e-01 1.581958e-01 8.763685e-01 5.395427e-06 -1.373907e-05 1.559205e-05 4.961853e-05
11569.600000 8.084848e-01 8.414151e-01 1.616661e-01 8.701959e-01 2.713397e-06 -1.644572e-05 7.321478e-06 3.435034e-05
11569.800000 8.080804e-01 8.421955e-01 1.652294e-01 8.646859e-01 9.103758e-06 -1.320973e-05 1.162648e-05 4.844531e-05
11570.000000 8.099685e-01 8.450076e-01 1.692117e-01 8.606421e-01 6.729826e-06 -1.182104e-05 1.471019e-05 3.416909e-05
11570.200000 8.068406e-01 8.425351e-01 1.716620e-01 8.517412e-01 6.638391e-06 -9.855385e-06 1.185034e-05 2.764781e-05
11570.400000 8.101860e-01 8.469154e-01 1.756997e-01 8.491799e-01 -1.659426e-06 -1.560808e-05 1.747823e-05 2.380658e-05
11570.600000 8.095100e-01 8.472096e-01 1.788467e-01 8.407489e-01 2.594856e-07 -1.114602e-05 1.601085e-05 2.156317e-05
11570.800000 8.085939e-01 8.472118e-01 1.815657e-01 8.356666e-01 4.015065e-06 -7.366532e-06 2.476335e-05 2.149246e-05
11571.000000 8.076894e-01 8.471799e-01 1.840094e-01 8.312480e-01 2.306306e-06 -1.323520e-05 3.641337e-05 2.246712e-05
11571.200000 8.088254e-01 8.492482e-01 1.872342e-01 8.263946e-01 9.409615e-06 -7.678194e-06 1.829042e-05 2.181463e-05
11571.400000 8.090467e-01 8.503654e-01 1.899824e-01 8.208955e-01 1.048191e-05 -1.495016e-05 1.826508e-05 2.326849e-05
11571.600000 8.084900e-01 8.506014e-01 1.923474e-01 8.152795e-01 1.468966e-05 -1.274278e-05 2.421155e-05 1.107122e-05
11571.800000 8.087034e-01 8.516136e-01 1.949971e-01 8.097012e-01 3.357149e-05 -8.010951e-06 2.849422e-05 2.226794e-05
11572.000000 8.061777e-01 8.497105e-01 1.965746e-01 8.031431e-01 2.352283e-05 -3.918911e-06 4.278115e-05 2.204621e-05
11572.200000 8.096453e-01 8.541283e-01 1.999217e-01 8.015774e-01 1.167874e-05 -8.341858e-06 2.779835e-05 1.843937e-05
11572.400000 8.079630e-01 8.530772e-01 2.016322e-01 7.957459e-01 1.155141e-05 -5.269914e-06 2.989115e-05 1.287342e-05
11572.600000 8.077372e-01 8.535414e-01 2.037071e-01 7.904936e-01 1.080289e-05 -7.938450e-06 2.405622e-05 9.221937e-06
11572.800000 8.088399e-01 8.554762e-01 2.062955e-01 7.880024e-01 1.581270e-05 -1.277382e-05 2.659041e-05 2.862288e-06
11573.000000 8.068248e-01 8.539262e-01 2.078420e-01 7.825076e-01 1.265803e-05 -1.394614e-05 3.653213e-05 1.762748e-05
11573.200000 8.084890e-01 8.563070e-01 2.100262e-01 7.804476e-01 1.100030e-05 -2.311469e-05 3.859421e-05 2.676149e-05
11573.400000 8.081611e-01 8.565500e-01 2.118769e-01 7.756054e-01 1.058596e-05 -1.774115e-05 3.594003e-05 1.520665e-05
11573.600000 8.087835e-01 8.578404e-01 2.139836e-01 7.735018e-01 9.177995e-06 -1.620075e-05 2.610013e-05 1.350057e-05
11573.800000 8.082078e-01 8.578067e-01 2.153124e-01 7.712638e-01 4.618702e-06 -1.023512e-05 2.295823e-05 2.730422e-05
11574.000000 8.076645e-01 8.576845e-01 2.166680e-01 7.670608e-01 2.411053e-06 -3.267330e-06 2.084602e-05 3.254719e-05
11574.200000 8.077055e-01 8.580950e-01 2.180240e-01 7.654986e-01 1.186877e-05 -7.044953e-06 2.075719e-05 2.703404e-05
11574.400000 8.076929e-01 8.586380e-01 2.193733e-01 7.626723e-01 3.027875e-06 -1.301743e-05 2.685233e-05 2.812194e-05
11574.600000 8.082785e-01 8.597322e-01 2.205500e-01 7.604321e-01 1.755857e-06 -1.375457e-05 1.995811e-05 1.035873e-05
11574.800000 8.085430e-01 8.604716e-01 2.215494e-01 7.580491e-01 -1.874799e-06 -2.196417e-05 2.070128e-05 6.252598e-06
11575.000000 8.076809e-01 8.597250e-01 2.222950e-01 7.559237e-01 4.046899e-06 -1.994300e-05 3.412433e-05 -5.178077e-06
11575.200000 8.085879e-01 8.610570e-01 2.232358e-01 7.559857e-01 1.491889e-06 -1.896799e-05 2.397024e-05 -4.099831e-06
11575.400000 8.080373e-01 8.609506e-01 2.233637e-01 7.521738e-01 -1.824910e-06 -1.260396e-05 2.053640e-05 1.876235e-06
11575.600000 8.072925e-01 8.602532e-01 2.235841e-01 7.515609e-01 -2.269997e-06 -2.047794e-05 3.331068e-05 -5.264892e-06
11575.800000 8.030649e-01 8.563863e-01 2.225999e-01 7.475952e-01 1.033673e-06 -2.095054e-05 2.937161e-05 -5.310412e-06
11576.000000 8.085135e-01 8.623020e-01 2.241356e-01 7.511601e-01 -4.593203e-06 -2.408826e-05 2.434200e-05 -1.337926e-05
11576.200000 8.081879e-01 8.622824e-01 2.239020e-01 7.492492e-01 -6.138859e-06 -3.059376e-05 1.733720e-05 -1.187750e-05
11576.400000 8.073436e-01 8.613966e-01 2.234683e-01 7.457113e-01 -3.279757e-06 -3.301661e-05 1.761225e-05 -1.519260e-05
11576.600000 8.086667e-01 8.631184e-01 2.234317e-01 7.477618e-01 6.178897e-06 -2.131492e-05 2.299522e-05 -1.995253e-06
11576.800000 8.073733e-01 8.619124e-01 2.226477e-01 7.473168e-01 -4.811365e-06 -1.973459e-05 2.366467e-05 -3.974153e-06
11577.000000 8.058982e-01 8.603736e-01 2.214292e-01 7.435728e-01 -3.853894e-06 -1.930499e-05 2.338656e-05 -1.422832e-05
11577.200000 8.089811e-01 8.640450e-01 2.217313e-01 7.476397e-01 -3.196204e-06 -7.910572e-06 7.742784e-06 -1.849974e-05
11577.400000 8.067191e-01 8.614999e-01 2.200534e-01 7.452143e-01 6.673544e-06 -2.140153e-05 3.766154e-06 -1.635511e-05
11577.600000 8.081129e-01 8.631430e-01 2.195115e-01 7.454962e-01 2.858372e-06 -2.438421e-05 -1.060751e-06 -1.193040e-05
11577.800000 8.079525e-01 8.630194e-01 2.186710e-01 7.453449e-01 8.406698e-06 -1.299035e-05 6.916508e-06 -6.935089e-06
11578.000000 8.077686e-01 8.628390e-01 2.174692e-01 7.447025e-01 3.427709e-06 -7.862528e-07 1.001167e-05 -1.096961e-05
11578.200000 8.083491e-01 8.635559e-01 2.167186e-01 7.469014e-01 -6.293631e-06 -1.584874e-06 1.386204e-05 -9.732463e-06
11578.400000 8.063746e-01 8.614842e-01 2.150307e-01 7.451512e-01 -7.396056e-06 -1.058460e-05 2.285809e-05 -1.353883e-05
11578.600000 8.088110e-01 8.639609e-01 2.145399e-01 7.477789e-01 -1.887108e-06 -1.375456e-05 1.914578e-05 -5.580530e-06
11578.800000 8.071677e-01 8.621913e-01 2.133341e-01 7.469304e-01 -3.255168e-06 -1.117954e-05 2.147977e-05 1.364628e-06
11579.000000 8.036111e-01 8.584096e-01 2.111306e-01 7.436783e-01 -4.928341e-06 -6.133836e-06 1.604915e-05 -1.293861e-06
11579.200000 8.084869e-01 8.637756e-01 2.117701e-01 7.491453e-01 -7.734940e-06 -1.266607e-05 9.849320e-06 1.058544e-06
11579.400000 8.071178e-01 8.622898e-01 2.102573e-01 7.493414e-01 -4.366071e-06 -1.449374e-05 9.663640e-06 4.632106e-06
11579.600000 8.064817e-01 8.616218e-01 2.095251e-01 7.484671e-01 -5.854389e-06 -1.118555e-05 8.751530e-06 -8.947123e-06
11579.800000 8.070834e-01 8.622597e-01 2.088086e-01 7.482741e-01 -1.118199e-05 -1.151144e-05 9.768693e-06 -8.126098e-06
11580.000000 8.057056e-01 8.605180e-01 2.078167e-01 7.483201e-01 -9.738354e-06 2.855330e-07 2.794694e-05 -9.097545e-07
11580.200000 8.077149e-01 8.630293e-01 2.079240e-01 7.531170e-01 -5.140356e-06 -9.775592e-06 2.467355e-05 -4.541281e-06
11580.400000 8.064367e-01 8.616450e-01 2.075171e-01 7.528361e-01 -3.387596e-06 -2.369807e-05 6.875957e-06 -1.246087e-05
11580.600000 8.068439e-01 8.621366e-01 2.075557e-01 7.503294e-01 4.706764e-06 -2.138548e-05 2.321166e-08 -1.358388e-05
11580.800000 8.092118e-01 8.646240e-01 2.078492e-01 7.538998e-01 1.047667e-05 -1.593171e-05 6.272435e-06 -1.329061e-05
11581.000000 8.077479e-01 8.631462e-01 2.075185e-01 7.521539e-01 8.338319e-06 -2.241919e-05 1.142727e-05 -1.001239e-05
11581.200000 8.064859e-01 8.618941e-01 2.075415e-01 7.514946e-01 -1.603802e-06 -1.388658e-05 1.337882e-05 -7.052461e-06
11581.400000 8.075645e-01 8.631833e-01 2.082108e-01 7.527357e-01 6.691043e-06 -1.875254e-05 9.318895e-06 -1.657858e-05
11581.600000 8.072820e-01 8.629366e-01 2.084235e-01 7.514656e-01 4.055592e-06 -2.927536e-05 8.408983e-06 -7.424350e-06
11581.800000 8.048923e-01 8.603818e-01 2.087524e-01 7.505618e-01 1.608620e-05 -2.986859e-05 -5.751377e-06 -1.149464e-05
11582.000000 8.028675e-01 8.584391e-01 2.094004e-01 7.488828e-01 7.672002e-06 -1.317038e-05 -1.694926e-06 -6.419120e-06
11582.200000 8.076888e-01 8.638437e-01 2.118814e-01 7.496264e-01 3.708219e-06 -2.086511e-05 1.934392e-06 -1.246317e-05
11582.400000 8.056481e-01 8.618294e-01 2.121939e-01 7.491983e-01 -4.146789e-06 -3.072443e-05 1.006146e-05 -4.536090e-06
11582.600000 8.082871e-01 8.647873e-01 2.140126e-01 7.515161e-01 -2.464914e-07 -3.069136e-05 -9.526163e-07 -1.145030e-06
11582.800000 8.059195e-01 8.623660e-01 2.149758e-01 7.454593e-01 1.151629e-05 -1.862199e-05 -6.280192e-07 -8.424536e-06
11583.000000 8.094950e-01 8.662293e-01 2.170113e-01 7.481963e-01 8.630394e-06 -1.712008e-05 4.417443e-07 3.240134e-06
11583.200000 8.009356e-01 8.571519e-01 2.161920e-01 7.425083e-01 1.781350e-05 -1.083066e-05 -8.017685e-06 -2.988769e-06
11583.400000 8.109121e-01 8.683061e-01 2.201224e-01 7.502947e-01 8.553971e-06 -1.934583e-05 -3.926140e-06 -4.642963e-06
11583.600000 8.077344e-01 8.652076e-01 2.206925e-01 7.468463e-01 1.528375e-05 -2.151943e-05 -1.020649e-05 6.907153e-06
11583.800000 8.048481e-01 8.621315e-01 2.208739e-01 7.416023e-01 2.268225e-05 -1.648467e-05 -1.196599e-05 1.012290e-05
11584.000000 8.082744e-01 8.660996e-01 2.236778e-01 7.431542e-01 2.164458e-05 -1.537137e-05 -3.825473e-06 4.025945e-06
11584.200000 8.006485e-01 8.579976e-01 2.223526e-01 7.374643e-01 2.010134e-05 -1.443792e-05 -1.395635e-06 5.994818e-06
11584.400000 8.081808e-01 8.663155e-01 2.253392e-01 7.431144e-01 9.539438e-06 -1.294650e-05 -7.123492e-06 -4.730064e-06
11584.600000 8.037360e-01 8.616132e-01 2.249949e-01 7.382048e-01 3.115600e-06 -1.556647e-05 1.472258e-05 -1.366357e-06
11584.800000 8.056696e-01 8.640451e-01 2.266487e-01 7.409836e-01 5.251225e-06 -2.008885e-05 7.905497e-06 -1.412192e-05
11585.000000 8.081218e-01 8.671016e-01 2.283446e-01 7.400638e-01 1.099140e-05 -2.502806e-05 3.676364e-06 -1.496779e-05
11585.200000 8.069609e-01 8.658164e-01 2.283417e-01 7.394069e-01 1.027879e-05 -2.613897e-05 9.724819e-06 -2.387027e-06
11585.400000 8.032781e-01 8.618384e-01 2.279689e-01 7.351087e-01 5.676278e-06 -2.322646e-05 2.325934e-05 3.976781e-06
11585.600000 8.047698e-01 8.636508e-01 2.287682e-01 7.357351e-01 5.052759e-06 -2.588084e-05 1.966039e-05 1.242071e-06
11585.800000 8.080474e-01 8.671749e-01 2.299544e-01 7.411427e-01 3.253041e-06 -2.846991e-05 1.248642e-05 6.471704e-06
11586.000000 8.019097e-01 8.607402e-01 2.286919e-01 7.357649e-01 -1.636857e-06 -2.870513e-05 -7.279561e-06 -2.840705e-06
11586.200000 8.058126e-01 8.652921e-01 2.300969e-01 7.355454e-01 8.148322e-06 -1.889222e-05 -5.381094e-06 -2.866610e-06
11586.400000 8.077057e-01 8.673663e-01 2.306234e-01 7.373968e-01 2.319130e-05 -2.789079e-05 4.900245e-06 2.918391e-06
11586.600000 8.058591e-01 8.656132e-01 2.299985e-01 7.374458e-01 6.097946e-06 -2.496168e-05 1.449195e-05 -1.199349e-07
11586.800000 8.064505e-01 8.660813e-01 2.304032e-01 7.391910e-01 6.194323e-06 -2.710817e-05 2.183040e-05 7.318178e-06
11587.000000 8.066386e-01 8.662914e-01 2.305930e-01 7.394668e-01 1.288233e-05 -2.920268e-05 1.383924e-05 1.101293e-05
11587.200000 8.059505e-01 8.655748e-01 2.305609e-01 7.368534e-01 8.591934e-06 -2.429972e-05 2.142031e-05 8.969307e-06
11587.400000 8.053067e-01 8.650723e-01 2.298841e-01 7.371682e-01 8.224120e-06 -2.072051e-05 1.341802e-05 4.849837e-06
11587.600000 8.063257e-01 8.660425e-01 2.296977e-01 7.393270e-01 6.067433e-06 -2.429871e-05 1.705523e-05 9.253844e-07
11587.800000 8.045938e-01 8.644322e-01 2.289733e-01 7.364567e-01 5.657781e-06 -1.427969e-05 2.378228e-05 7.395567e-06
11588.000000 8.049608e-01 8.646231e-01 2.289522e-01 7.382871e-01 6.932195e-06 -9.921850e-06 8.287155e-06 1.256914e-06
11588.200000 8.037347e-01 8.632606e-01 2.283506e-01 7.384826e-01 6.940914e-06 -1.530573e-05 1.973881e-06 -6.952136e-06
11588.400000 8.051913e-01 8.650315e-01 2.278503e-01 7.403425e-01 1.439563e-05 -2.116052e-05 1.211251e-05 -3.938241e-06
11588.600000 8.091648e-01 8.693226e-01 2.288659e-01 7.451635e-01 1.204064e-05 -1.404513e-05 2.440453e-05 -3.894551e-07
11588.800000 8.050230e-01 8.647506e-01 2.271381e-01 7.400530e-01 3.582308e-06 -1.636052e-05 1.964716e-05 -3.331214e-06
11589.000000 8.024508e-01 8.618597e-01 2.251728e-01 7.375967e-01 -4.844116e-06 -1.521750e-05 3.204537e-05 -6.714458e-06
11589.200000 8.062590e-01 8.657662e-01 2.257245e-01 7.396775e-01 5.708442e-07 -1.754376e-05 1.727880e-05 -1.050915e-06
11589.400000 8.002877e-01 8.594902e-01 2.229378e-01 7.387476e-01 3.120858e-06 -1.331004e-05 8.403483e-06 2.043807e-07
11589.600000 8.065670e-01 8.662207e-01 2.239523e-01 7.450743e-01 1.704742e-06 -1.597156e-05 3.395180e-06 -4.674178e-06
11589.800000 8.046385e-01 8.638826e-01 2.226066e-01 7.460639e-01 -1.478968e-06 -1.121282e-05 -6.244178e-06 -8.995713e-06
11590.000000 8.077744e-01 8.673217e-01 2.222897e-01 7.492011e-01 -7.630597e-07 -1.429965e-05 -5.543803e-06 -5.132408e-06
11590.200000 8.043778e-01 8.635227e-01 2.199338e-01 7.461678e-01 7.359818e-06 -8.990379e-06 -8.582943e-06 6.880723e-06
11590.400000 7.998420e-01 8.583122e-01 2.170638e-01 7.437587e-01 4.191119e-06 -8.888502e-06 -1.369366e-05 8.240193e-07
11590.600000 8.093807e-01 8.688810e-01 2.183818e-01 7.558241e-01 -2.742576e-06 -2.083248e-05 -5.986947e-06 -4.696296e-06
11590.800000 8.090761e-01 8.681344e-01 2.167790e-01 7.546085e-01 -3.692573e-06 -3.082882e-05 -8.570164e-06 6.306899e-07
11591.000000 8.010207e-01 8.593210e-01 2.126573e-01 7.497468e-01 -4.062256e-07 -3.249207e-05 -6.643954e-06 6.005688e-07
11591.200000 8.045576e-01 8.634386e-01 2.123080e-01 7.529602e-01 -1.458366e-05 -2.411326e-05 -4.994712e-06 1.470857e-05
11591.400000 8.032976e-01 8.613553e-01 2.102994e-01 7.527459e-01 4.623456e-06 -2.599338e-05 -5.612190e-06 1.337481e-05
11591.600000 8.035472e-01 8.616965e-01 2.085684e-01 7.566442e-01 1.024762e-05 -3.205647e-05 -4.632439e-06 6.507302e-06
11591.800000 7.991095e-01 8.570236e-01 2.056699e-01 7.549203e-01 1.316830e-06 -2.986789e-05 -8.708603e-06 4.808643e-07
11592.000000 8.081633e-01 8.665955e-01 2.063185e-01 7.619738e-01 -1.383381e-06 -2.914400e-05 -1.554178e-06 -1.890312e-06
11592.200000 8.099829e-01 8.683836e-01 2.051877e-01 7.640108e-01 3.633236e-06 -1.728497e-05 -1.055386e-06 3.320701e-06
11592.400000 7.974415e-01 8.549070e-01 2.006112e-01 7.573132e-01 3.464775e-06 -1.647580e-05 1.295946e-05 1.398946e-05
11592.600000 8.038825e-01 8.613591e-01 2.007382e-01 7.615760e-01 1.550455e-05 -1.654017e-05 -1.161384e-06 -1.892678e-06
11592.800000 7.989787e-01 8.559773e-01 1.979107e-01 7.599620e-01 1.133958e-05 -2.276312e-05 -8.160570e-07 -9.716865e-06
11593.000000 8.065474e-01 8.640643e-01 1.985613e-01 7.656441e-01 1.591099e-05 -2.111464e-05 -5.928908e-06 -4.837124e-06
11593.200000 8.062734e-01 8.638788e-01 1.971971e-01 7.675747e-01 1.196407e-05 -2.501311e-05 1.477247e-06 -5.494470e-06
11593.400000 8.038672e-01 8.611540e-01 1.953783e-01 7.668255e-01 3.277963e-06 -3.171716e-05 7.571241e-06 -9.457538e-06
11593.600000 8.072747e-01 8.647320e-01 1.952030e-01 7.699025e-01 9.017725e-06 -3.090290e-05 1.028877e-05 -1.231332e-06
11593.800000 8.029950e-01 8.601081e-01 1.930513e-01 7.683933e-01 1.909021e-06 -2.659873e-05 1.043206e-05 6.856274e-06
11594.000000 7.983711e-01 8.549534e-01 1.912530e-01 7.681631e-01 7.269348e-06 -2.084940e-05 1.333676e-05 -5.558820e-06
11594.200000 8.066565e-01 8.638470e-01 1.925245e-01 7.720057e-01 4.858212e-06 -2.280211e-05 1.407592e-06 -4.338910e-07
11594.400000 8.061415e-01 8.635993e-01 1.920901e-01 7.734180e-01 9.684714e-07 -2.884171e-05 6.715121e-07 -2.034478e-06
11594.600000 8.023638e-01 8.591953e-01 1.905376e-01 7.682752e-01 4.336648e-06 -1.473654e-05 -2.008896e-06 -8.971425e-06
11594.800000 8.063941e-01 8.638476e-01 1.915867e-01 7.752161e-01 -3.074465e-06 -2.943382e-06 2.084050e-06 1.063506e-06
11595.000000 8.042179e-01 8.613853e-01 1.909745e-01 7.722561e-01 9.842179e-06 -1.085551e-05 -6.241350e-06 9.331499e-06
11595.200000 8.034894e-01 8.607844e-01 1.908559e-01 7.720782e-01 2.634872e-06 -1.237348e-05 -2.294738e-06 6.164409e-06
11595.400000 7.998506e-01 8.569185e-01 1.900501e-01 7.727305e-01 5.532025e-06 -1.435859e-05 1.047890e-05 1.877004e-05
11595.600000 8.062613e-01 8.638538e-01 1.920543e-01 7.734400e-01 2.160837e-05 -1.328967e-05 7.998513e-06 1.953764e-05
11595.800000 8.039051e-01 8.616483e-01 1.923625e-01 7.721076e-01 2.021654e-06 -1.155246e-05 5.064852e-06 -6.913935e-06
11596.000000 8.051932e-01 8.627541e-01 1.930940e-01 7.676797e-01 1.983531e-06 -2.369665e-05 -1.462534e-05 -9.748757e-07
11596.200000 8.034513e-01 8.610948e-01 1.934492e-01 7.738304e-01 1.133019e-05 -2.093243e-05 -8.945552e-06 2.841632e-06
11596.400000 8.055422e-01 8.632952e-01 1.946349e-01 7.716065e-01 6.379442e-06 -1.154026e-05 -6.552743e-06 2.383726e-06
11596.600000 8.046627e-01 8.630799e-01 1.953844e-01 7.719897e-01 -4.461655e-06 -1.584901e-05 1.963132e-05 1.177047e-05
11596.800000 8.039387e-01 8.621793e-01 1.957485e-01 7.703643e-01 2.233418e-06 -1.973620e-05 3.048176e-06 7.302139e-06
11597.000000 8.030613e-01 8.613499e-01 1.966922e-01 7.685855e-01 -6.232173e-06 -2.158369e-05 2.590899e-06 2.808071e-06
11597.700000 8.031285e-01 8.621513e-01 2.004759e-01 7.649975e-01 1.783019e-05 -1.724453e-05 1.055037e-05 1.087108e-06
11598.400000 8.031055e-01 8.629282e-01 2.043039e-01 7.626709e-01 2.435805e-05 -1.505397e-05 1.375008e-06 -4.644639e-06
11599.100000 8.032272e-01 8.636852e-01 2.078683e-01 7.588711e-01 2.512013e-05 -2.099474e-05 8.968567e-07 5.558917e-06
11599.800000 8.032128e-01 8.644939e-01 2.109595e-01 7.576256e-01 1.921340e-05 -1.508131e-05 -6.877358e-06 2.838471e-06
11600.500000 8.015680e-01 8.632893e-01 2.132540e-01 7.546728e-01 1.590840e-05 -1.368023e-05 -1.571608e-06 4.153520e-06
11601.200000 8.030125e-01 8.654066e-01 2.155506e-01 7.532092e-01 1.132289e-05 -1.705792e-05 1.086505e-06 1.397159e-06
11601.900000 8.016950e-01 8.645179e-01 2.166434e-01 7.492776e-01 1.437526e-05 -2.753184e-05 -1.143669e-05 2.628650e-06
11602.600000 8.024475e-01 8.660188e-01 2.180856e-01 7.479120e-01 1.380382e-05 -3.182037e-05 -1.131937e-05 -3.134236e-06
11603.300000 8.021437e-01 8.661077e-01 2.191880e-01 7.465378e-01 1.329621e-05 -2.740011e-05 -3.889688e-06 -5.411136e-06
11604.993695 8.018514e-01 8.668625e-01 2.227229e-01 7.422095e-01 1.285152e-05 -1.083430e-05 -1.336830e-05 -1.218935e-05
11605.999583 8.010015e-01 8.665977e-01 2.251654e-01 7.413207e-01 1.258630e-05 -1.700451e-05 -6.519500e-06 -7.646476e-06
11607.017662 8.016375e-01 8.679025e-01 2.277821e-01 7.408056e-01 1.045045e-05 -2.433911e-05 1.168470e-06 -1.356085e-06
11608.047933 8.006697e-01 8.671916e-01 2.289229e-01 7.408014e-01 1.606749e-05 -2.924502e-05 1.721816e-06 -8.690344e-06
11609.090396 8.001469e-01 8.670303e-01 2.288565e-01 7.407479e-01 1.717640e-05 -2.270266e-05 -1.091741e-05 -5.363578e-08
11610.145051 8.000282e-01 8.670361e-01 2.275776e-01 7.429856e-01 1.449057e-05 -2.347357e-05 -1.230101e-05 5.002544e-06
11611.211898 8.001230e-01 8.671072e-01 2.249587e-01 7.454920e-01 2.313162e-05 -2.719975e-05 6.200454e-06 5.817439e-06
11612.290937 7.997652e-01 8.666203e-01 2.214694e-01 7.497764e-01 2.157555e-05 -2.511526e-05 -5.903633e-06 5.902595e-06
11613.382167 8.001697e-01 8.669228e-01 2.178568e-01 7.537266e-01 1.413297e-05 -2.837148e-05 -6.817691e-06 1.397664e-05
11614.485590 7.996895e-01 8.663868e-01 2.137860e-01 7.558183e-01 1.882667e-05 -1.942809e-05 -8.054103e-06 2.158557e-05
11615.601204 7.993743e-01 8.658660e-01 2.097028e-01 7.601296e-01 4.641542e-06 -2.747824e-05 -1.284034e-05 1.594998e-06
11616.729011 7.995149e-01 8.658616e-01 2.059384e-01 7.651544e-01 5.101862e-06 -3.153027e-05 -8.851256e-06 -1.971884e-05
11617.869009 7.993034e-01 8.655414e-01 2.025719e-01 7.677155e-01 1.057012e-05 -2.575021e-05 -6.500140e-06 -2.033478e-05
11619.021199 7.986530e-01 8.649178e-01 1.999782e-01 7.688841e-01 2.835831e-05 -2.653923e-05 1.969474e-06 -1.880923e-05
11620.185582 7.985169e-01 8.648146e-01 1.987596e-01 7.712055e-01 2.493902e-05 -2.994453e-05 6.773417e-06 -1.226548e-05
11621.362156 7.985946e-01 8.652661e-01 1.988664e-01 7.721086e-01 7.753116e-06 -2.624172e-05 3.724042e-06 -1.426161e-05
11622.550922 7.991468e-01 8.663069e-01 1.999979e-01 7.738710e-01 5.029749e-06 -2.903759e-05 5.391215e-06 -1.341929e-05
11623.751879 7.988063e-01 8.664570e-01 2.017314e-01 7.732547e-01 7.715944e-07 -3.419398e-05 4.892767e-06 -9.102443e-06
11624.965029 7.966739e-01 8.648612e-01 2.031308e-01 7.692148e-01 1.741739e-06 -2.861791e-05 6.889600e-06 -1.771035e-05
11626.190371 7.972928e-01 8.661560e-01 2.051742e-01 7.683428e-01 1.286217e-06 -2.282770e-05 1.451551e-05 -1.457046e-05
11627.427904 7.968971e-01 8.663844e-01 2.070971e-01 7.669027e-01 -4.227068e-06 -1.687264e-05 1.652293e-05 -1.523796e-05
11628.677630 7.965965e-01 8.668092e-01 2.089481e-01 7.639037e-01 -7.021486e-06 -2.462404e-05 9.896560e-07 -1.651028e-05
11629.939547 7.963020e-01 8.673227e-01 2.107261e-01 7.627470e-01 4.998398e-06 -2.421094e-05 -4.133744e-06 6.814437e-06
11631.213657 7.962512e-01 8.681011e-01 2.124205e-01 7.589883e-01 1.121012e-05 -2.269656e-05 -1.208104e-06 1.296128e-05
11632.499958 7.963979e-01 8.691312e-01 2.138160e-01 7.595502e-01 7.694096e-06 -1.927581e-05 -1.341254e-05 8.956838e-06
11633.798451 7.961471e-01 8.696036e-01 2.150038e-01 7.567396e-01 8.540907e-06 -2.650501e-05 -1.962384e-06 3.894554e-06
11635.109136 7.969925e-01 8.714424e-01 2.167624e-01 7.563144e-01 6.216599e-06 -2.304927e-05 4.489862e-06 1.253488e-05
11636.432013 7.959072e-01 8.709729e-01 2.184149e-01 7.520531e-01 4.732555e-06 -2.891745e-05 9.163279e-06 9.043269e-06
11637.767082 7.959428e-01 8.718491e-01 2.208245e-01 7.519475e-01 -2.658429e-06 -3.396362e-05 1.030617e-05 2.553532e-05
11639.114342 7.951548e-01 8.717516e-01 2.234435e-01 7.489223e-01 -2.391885e-06 -3.462282e-05 1.768898e-05 2.059065e-05
11640.473795 7.952977e-01 8.727602e-01 2.264792e-01 7.468875e-01 9.765473e-06 -4.119486e-05 2.865416e-05 2.239935e-05
11641.845440 7.952483e-01 8.735750e-01 2.294941e-01 7.446830e-01 6.405406e-06 -3.144642e-05 2.342517e-05 2.273000e-05
11643.229276 7.944482e-01 8.735258e-01 2.317695e-01 7.447000e-01 6.452275e-06 -2.152682e-05 2.418532e-05 1.322412e-05
11644.625305 7.943312e-01 8.740770e-01 2.338087e-01 7.418934e-01 5.306340e-06 -2.306561e-05 2.503655e-05 2.175705e-05
11646.033525 7.944995e-01 8.751139e-01 2.356339e-01 7.403545e-01 5.137379e-06 -2.292236e-05 1.869725e-05 2.331219e-05
11647.453937 7.945228e-01 8.757709e-01 2.369305e-01 7.393941e-01 9.396925e-06 -1.974103e-05 1.591727e-05 1.620852e-05
11648.886541 7.930696e-01 8.748837e-01 2.372672e-01 7.381389e-01 7.128477e-06 -1.668189e-05 5.242232e-06 1.294842e-05
11650.331337 7.932960e-01 8.756736e-01 2.374352e-01 7.397129e-01 5.907700e-06 -2.812603e-05 2.111847e-07 1.263955e-05
11651.788325 7.930981e-01 8.761154e-01 2.369611e-01 7.399516e-01 9.662498e-07 -2.944082e-05 7.538636e-06 1.253378e-05
11653.257505 7.926842e-01 8.760762e-01 2.354433e-01 7.405015e-01 1.020138e-06 -1.968278e-05 1.361821e-05 2.754827e-05
11654.738877 7.917229e-01 8.753398e-01 2.330601e-01 7.415833e-01 7.358095e-06 -1.533831e-05 1.303953e-05 1.893411e-05
11656.232440 7.905293e-01 8.743537e-01 2.301662e-01 7.421025e-01 1.358691e-05 -2.723223e-05 4.331647e-06 1.533272e-05
11657.738196 7.883845e-01 8.723078e-01 2.267799e-01 7.396060e-01 9.278420e-06 -2.305580e-05 1.691350e-05 2.480597e-05
11659.256143 7.899112e-01 8.743674e-01 2.247266e-01 7.436785e-01 4.102365e-06 -2.430006e-05 2.334901e-05 2.721056e-05
11660.786283 7.909586e-01 8.759793e-01 2.230114e-01 7.473602e-01 -9.950407e-06 -3.142015e-05 2.000260e-05 1.679494e-05
11662.328614 7.913130e-01 8.767775e-01 2.215856e-01 7.495765e-01 -2.623966e-06 -3.478289e-05 2.131700e-05 1.248546e-05
11663.883137 7.909740e-01 8.767717e-01 2.208808e-01 7.507050e-01 5.884146e-06 -2.881091e-05 1.991860e-05 1.223831e-05
11665.449852 7.902961e-01 8.765092e-01 2.205974e-01 7.504416e-01 1.045159e-05 -2.051331e-05 1.609536e-05 2.188459e-05
11667.028759 7.902561e-01 8.771365e-01 2.209726e-01 7.503627e-01 6.735626e-06 -3.443561e-05 1.167569e-05 1.460185e-05
11668.619858 7.891964e-01 8.764047e-01 2.213597e-01 7.507182e-01 8.343616e-06 -3.000020e-05 1.229877e-05 1.512423e-05
11670.223149 7.864647e-01 8.739433e-01 2.213490e-01 7.493030e-01 1.514237e-05 -3.226207e-05 -2.047567e-06 3.523187e-06
11671.838632 7.861211e-01 8.741652e-01 2.220598e-01 7.492532e-01 3.777549e-06 -3.255013e-05 3.644458e-06 7.134674e-06
11673.466307 7.864772e-01 8.751179e-01 2.231443e-01 7.484343e-01 7.182159e-06 -3.881306e-05 1.949068e-05 3.069440e-05
11675.106173 7.870757e-01 8.763832e-01 2.243797e-01 7.495097e-01 1.470420e-05 -4.695551e-05 2.429118e-05 2.158690e-05
11676.758232 7.865861e-01 8.764824e-01 2.250318e-01 7.509856e-01 1.506737e-05 -4.244924e-05 1.824978e-05 1.623132e-05
11678.422482 7.874528e-01 8.781341e-01 2.258501e-01 7.510702e-01 3.516027e-06 -4.216231e-05 2.399196e-05 2.204849e-05
11680.098924 7.856889e-01 8.766724e-01 2.254273e-01 7.509176e-01 8.741894e-06 -3.362671e-05 1.108393e-05 1.548786e-05
11681.787558 7.873538e-01 8.793189e-01 2.257739e-01 7.512730e-01 1.110976e-05 -3.996852e-05 2.377361e-05 2.179980e-05
11683.488385 7.881905e-01 8.808203e-01 2.255006e-01 7.528040e-01 1.627391e-05 -4.065573e-05 1.394061e-05 1.667237e-05
11685.201403 7.883654e-01 8.817413e-01 2.248206e-01 7.547876e-01 5.551473e-06 -3.917372e-05 1.758527e-06 1.778685e-05
11686.926613 7.881427e-01 8.821133e-01 2.242577e-01 7.537444e-01 4.287847e-06 -4.057870e-05 6.366076e-06 1.767193e-05
11688.664014 7.872870e-01 8.818126e-01 2.237337e-01 7.543809e-01 -6.328818e-07 -4.230909e-05 1.230258e-05 1.810239e-05
11690.413608 7.865264e-01 8.816882e-01 2.236627e-01 7.536820e-01 -6.837490e-06 -4.717741e-05 1.593019e-05 2.360392e-05
11692.175394 7.855763e-01 8.813315e-01 2.242559e-01 7.514246e-01 -8.522045e-06 -4.922631e-05 1.215750e-05 1.377945e-05
11693.949371 7.850545e-01 8.813916e-01 2.256866e-01 7.500343e-01 -4.439976e-06 -5.798774e-05 -7.733026e-06 2.935314e-06
11695.735541 7.856063e-01 8.829601e-01 2.280414e-01 7.505882e-01 -7.150098e-06 -4.187755e-05 -5.265571e-06 2.957674e-05
11697.533902 7.849653e-01 8.830547e-01 2.306533e-01 7.503822e-01 -6.607941e-06 -3.733315e-05 -5.573862e-07 2.771598e-05
11699.344455 7.848579e-01 8.838479e-01 2.336924e-01 7.490939e-01 1.418368e-05 -4.244709e-05 1.169091e-05 2.193045e-05
11701.167201 7.831729e-01 8.827647e-01 2.366545e-01 7.461872e-01 1.283446e-05 -3.982809e-05 7.161546e-06 2.481758e-05
11703.002138 7.812905e-01 8.814716e-01 2.392166e-01 7.435093e-01 2.195514e-06 -3.458095e-05 8.278841e-06 2.308513e-05
11704.849267 7.826765e-01 8.839371e-01 2.424480e-01 7.432425e-01 -4.766555e-06 -3.335398e-05 1.854548e-05 4.142751e-05
11706.708588 7.838073e-01 8.861862e-01 2.448430e-01 7.436579e-01 -7.404216e-06 -4.289893e-05 1.746470e-05 3.530638e-05
11708.580100 7.831136e-01 8.861438e-01 2.456910e-01 7.415265e-01 -9.846531e-07 -4.181273e-05 -1.054692e-05 2.143699e-05
11710.463805 7.829645e-01 8.868322e-01 2.458319e-01 7.414708e-01 1.182895e-06 -2.948093e-05 -4.626275e-06 1.923876e-05
11712.359702 7.826205e-01 8.870433e-01 2.453056e-01 7.425122e-01 4.294085e-06 -3.206909e-05 -6.781010e-06 1.080026e-05
11714.267790 7.818029e-01 8.868436e-01 2.442402e-01 7.435008e-01 2.004614e-06 -3.717527e-05 -1.620293e-05 1.195464e-05
11716.188071 7.822313e-01 8.879787e-01 2.430058e-01 7.453926e-01 -4.547435e-08 -4.330641e-05 -1.484176e-05 9.511110e-06
11718.120543 7.819917e-01 8.883088e-01 2.412111e-01 7.463422e-01 -2.667634e-06 -4.390706e-05 -4.976237e-06 7.190958e-06
11720.065207 7.815394e-01 8.884945e-01 2.397251e-01 7.471093e-01 -5.648741e-06 -3.617518e-05 2.941610e-07 1.561091e-05
11722.022064 7.802005e-01 8.874939e-01 2.378282e-01 7.459548e-01 -7.350402e-06 -4.204525e-05 -5.301832e-06 1.633778e-05
11723.991112 7.803409e-01 8.884084e-01 2.368605e-01 7.497699e-01 -1.074291e-05 -4.236418e-05 8.024713e-07 1.464893e-05
11725.972352 7.805049e-01 8.892130e-01 2.358959e-01 7.497404e-01 1.506285e-06 -3.948297e-05 -9.689553e-06 2.690662e-05
11727.965784 7.798172e-01 8.889850e-01 2.350623e-01 7.490275e-01 7.360622e-06 -4.463082e-05 -1.569992e-05 2.179079e-05
11729.971407 7.792172e-01 8.889222e-01 2.342440e-01 7.500904e-01 1.487715e-05 -4.888272e-05 -1.233468e-05 1.059549e-05
11731.989223 7.791416e-01 8.895141e-01 2.337705e-01 7.511670e-01 2.467733e-05 -4.096912e-05 -5.175077e-06 1.031528e-05
11734.019231 7.791227e-01 8.901557e-01 2.335475e-01 7.513281e-01 1.534274e-05 -4.370361e-05 -9.890540e-06 9.740581e-06
11736.061430 7.780164e-01 8.895405e-01 2.335566e-01 7.508822e-01 2.322265e-06 -3.520914e-05 -7.098842e-06 1.247895e-05
11738.115822 7.771203e-01 8.892780e-01 2.338465e-01 7.535035e-01 -4.121040e-06 -3.411674e-05 -3.307703e-06 1.320563e-05
11740.182405 7.773270e-01 8.903836e-01 2.346567e-01 7.540492e-01 -1.556998e-05 -3.234343e-05 -1.231782e-06 1.268763e-05
11742.261180 7.738200e-01 8.870529e-01 2.342564e-01 7.511143e-01 -1.505691e-05 -3.170944e-05 3.874868e-06 1.208216e-05
11744.352148 7.735102e-01 8.873834e-01 2.344535e-01 7.489464e-01 -5.071597e-06 -3.029583e-05 -8.207715e-06 1.171842e-05
11746.455307 7.745606e-01 8.894776e-01 2.349513e-01 7.510971e-01 -2.100748e-06 -4.243222e-05 -1.022152e-05 7.896053e-06
11748.570658 7.756596e-01 8.915067e-01 2.348361e-01 7.537604e-01 -3.370603e-06 -3.799807e-05 -1.134408e-05 1.207444e-05
11750.698201 7.750140e-01 8.915554e-01 2.338958e-01 7.538865e-01 2.366300e-06 -2.902430e-05 -2.530263e-07 1.713612e-05
11752.837935 7.752316e-01 8.926070e-01 2.332328e-01 7.543294e-01 6.610227e-06 -2.197925e-05 2.777599e-08 1.975803e-05
11754.989862 7.754355e-01 8.937633e-01 2.329535e-01 7.540913e-01 2.458960e-06 -3.078683e-05 1.795199e-06 1.199301e-05
11757.153981 7.754320e-01 8.946304e-01 2.334851e-01 7.535586e-01 7.010052e-06 -2.967347e-05 1.289061e-05 1.864771e-05
11759.330291 7.726278e-01 8.923104e-01 2.342144e-01 7.506639e-01 2.756557e-06 -3.180268e-05 6.830274e-06 1.765685e-05
11761.518794 7.698770e-01 8.900941e-01 2.361656e-01 7.493764e-01 -2.921149e-06 -3.019593e-05 4.972723e-06 2.459187e-05
11763.719488 7.721255e-01 8.936367e-01 2.403999e-01 7.488816e-01 1.105586e-06 -3.159418e-05 -2.157229e-06 1.907613e-05
11765.932374 7.733527e-01 8.962361e-01 2.441458e-01 7.492488e-01 4.529969e-07 -3.031944e-05 2.451537e-06 1.839307e-05
11768.157453 7.726469e-01 8.963184e-01 2.469892e-01 7.489358e-01 -2.181270e-06 -3.049099e-05 -4.043870e-06 1.873586e-05
11770.394723 7.724089e-01 8.970054e-01 2.496431e-01 7.511226e-01 -1.038338e-05 -2.978235e-05 -1.070228e-05 1.471695e-05
11772.644185 7.707970e-01 8.960375e-01 2.507601e-01 7.468579e-01 -5.714127e-06 -3.649690e-05 -2.194312e-06 1.676565e-05
11774.905838 7.699994e-01 8.961114e-01 2.520230e-01 7.436015e-01 -2.719885e-06 -3.587408e-05 -8.902562e-06 1.001764e-05
11777.179684 7.706528e-01 8.980172e-01 2.535040e-01 7.450883e-01 -8.925201e-06 -3.398841e-05 -4.193578e-06 4.975923e-06
11779.465722 7.698938e-01 8.980406e-01 2.544044e-01 7.448228e-01 -3.273243e-06 -3.625070e-05 -5.153661e-06 2.158395e-05
11781.763952 7.690463e-01 8.979297e-01 2.547880e-01 7.419136e-01 -2.628576e-06 -3.495600e-05 -3.787863e-06 2.262110e-05
11784.074373 7.698657e-01 8.997328e-01 2.557000e-01 7.442740e-01 -3.429985e-06 -3.689824e-05 1.368229e-06 1.774608e-05
11786.396987 7.688084e-01 8.995497e-01 2.558277e-01 7.441733e-01 3.768958e-06 -3.027961e-05 -2.831235e-06 1.553115e-05
11788.731792 7.681709e-01 8.995660e-01 2.559387e-01 7.421628e-01 1.221888e-05 -2.790907e-05 -2.209208e-06 2.199043e-05
11791.078789 7.676674e-01 8.997881e-01 2.561041e-01 7.419789e-01 1.009635e-05 -3.406485e-05 3.647754e-06 2.249841e-05
11793.437978 7.675172e-01 9.005366e-01 2.559709e-01 7.447922e-01 1.604278e-05 -4.564690e-05 2.114469e-05 2.153089e-05
11795.809359 7.628728e-01 8.959386e-01 2.540563e-01 7.400725e-01 1.391957e-05 -3.725939e-05 1.198792e-05 8.314359e-06
11798.192932 7.621390e-01 8.958080e-01 2.529381e-01 7.418928e-01 5.525181e-06 -3.459060e-05 4.198249e-06 1.473849e-05
11800.588697 7.638735e-01 8.987481e-01 2.523940e-01 7.439552e-01 2.275332e-06 -3.454736e-05 6.531871e-06 2.149580e-05
11802.996654 7.656102e-01 9.016645e-01 2.513617e-01 7.480134e-01 8.649161e-06 -3.742015e-05 4.592736e-06 1.649953e-05
11805.416803 7.642933e-01 9.008827e-01 2.491664e-01 7.466350e-01 4.614918e-06 -4.600845e-05 5.919627e-06 2.417825e-05
11807.849143 7.630381e-01 9.002320e-01 2.471239e-01 7.466438e-01 6.020294e-06 -4.856800e-05 7.299506e-06 2.004800e-05
11810.293676 7.640879e-01 9.023616e-01 2.457953e-01 7.509457e-01 1.344905e-05 -4.515339e-05 4.309323e-06 2.062678e-05
11812.750400 7.653429e-01 9.047190e-01 2.449573e-01 7.510773e-01 8.397982e-06 -3.478001e-05 8.992848e-06 2.024359e-05
11815.219317 7.652608e-01 9.055479e-01 2.444644e-01 7.516682e-01 -3.833143e-06 -2.982602e-05 6.087270e-06 1.045156e-05
11817.700425 7.633339e-01 9.042336e-01 2.439557e-01 7.495564e-01 1.851582e-06 -2.993114e-05 1.719054e-05 1.039522e-05
11820.193725 7.624768e-01 9.040945e-01 2.445758e-01 7.491960e-01 7.786783e-06 -2.278299e-05 9.280118e-06 6.807911e-06
11822.699217 7.620752e-01 9.046426e-01 2.459235e-01 7.495945e-01 9.983794e-06 -2.122506e-05 5.613274e-06 1.355057e-05
11825.216901 7.606194e-01 9.038865e-01 2.472934e-01 7.481065e-01 5.416743e-06 -2.994213e-05 7.632993e-06 2.285871e-05
11827.746777 7.585460e-01 9.022736e-01 2.491343e-01 7.459003e-01 -3.644155e-06 -4.394687e-05 4.738405e-06 9.707129e-06
11830.288845 7.616792e-01 9.072598e-01 2.532886e-01 7.495183e-01 -4.712987e-06 -4.350374e-05 -2.655187e-06 1.165218e-05
11832.843105 7.621079e-01 9.090309e-01 2.567333e-01 7.501647e-01 -4.971194e-06 -4.472176e-05 -9.316507e-07 1.260312e-05
11835.409556 7.593685e-01 9.067450e-01 2.593856e-01 7.445082e-01 8.093290e-07 -4.230672e-05 6.534744e-06 1.408885e-05
11837.988200 7.574769e-01 9.055975e-01 2.619276e-01 7.440203e-01 -4.095509e-06 -3.530692e-05 1.036021e-06 1.727099e-05
11840.579035 7.573664e-01 9.065243e-01 2.644144e-01 7.417160e-01 -2.766084e-06 -3.558471e-05 2.038692e-06 1.251508e-05
11843.182062 7.598488e-01 9.108342e-01 2.672601e-01 7.448945e-01 -2.537301e-06 -4.298305e-05 3.774568e-06 -4.029271e-07
11845.797282 7.601086e-01 9.121664e-01 2.684211e-01 7.460036e-01 1.610836e-06 -3.650559e-05 7.718992e-06 1.704586e-06
11848.424693 7.591734e-01 9.120143e-01 2.685679e-01 7.444644e-01 -4.868269e-06 -2.557035e-05 1.679989e-05 1.505710e-06
11851.064296 7.585403e-01 9.124001e-01 2.682830e-01 7.435637e-01 -3.391449e-06 -2.951947e-05 1.369835e-05 7.094169e-06
11853.716091 7.557327e-01 9.100670e-01 2.671347e-01 7.427211e-01 2.545604e-06 -3.470472e-05 8.435362e-06 5.715782e-06
11856.380078 7.571761e-01 9.128692e-01 2.676264e-01 7.443307e-01 4.949079e-06 -4.820721e-05 -5.018404e-07 2.980222e-06
11859.056256 7.573183e-01 9.141157e-01 2.680269e-01 7.433725e-01 5.627959e-06 -4.578626e-05 6.560167e-06 1.170622e-05
11861.744627 7.571380e-01 9.150267e-01 2.691699e-01 7.423894e-01 -9.640783e-06 -5.169579e-05 9.839768e-06 1.982213e-05
11864.445190 7.541475e-01 9.124022e-01 2.696146e-01 7.401322e-01 -1.135334e-06 -5.218402e-05 5.644415e-06 1.765383e-05
11867.157944 7.558038e-01 9.154406e-01 2.717513e-01 7.420111e-01 4.512600e-06 -5.236022e-05 5.208611e-06 1.120213e-05
11869.882891 7.565464e-01 9.176756e-01 2.729044e-01 7.444199e-01 1.137434e-06 -4.781754e-05 -1.543807e-06 7.708030e-06
11872.620029 7.547258e-01 9.162505e-01 2.724407e-01 7.425021e-01 -1.714935e-06 -3.740206e-05 -5.549762e-06 1.815343e-05
11875.369359 7.533893e-01 9.156662e-01 2.715545e-01 7.431192e-01 -1.482163e-06 -4.646196e-05 -1.435722e-06 2.183475e-05
11878.130881 7.528233e-01 9.158735e-01 2.706759e-01 7.415787e-01 -2.274050e-06 -4.501969e-05 -5.302568e-06 1.805480e-05
11880.904595 7.533717e-01 9.175798e-01 2.700028e-01 7.425257e-01 -3.135130e-07 -5.825431e-05 -6.950862e-06 1.470817e-05
11883.690501 7.534152e-01 9.187391e-01 2.690609e-01 7.451313e-01 2.894366e-06 -6.109868e-05 6.159961e-06 2.494968e-05
11886.488599 7.531087e-01 9.193716e-01 2.681327e-01 7.443479e-01 -7.020261e-06 -5.505318e-05 1.746169e-05 1.891607e-05
11889.298889 7.525005e-01 9.196587e-01 2.669983e-01 7.455878e-01 -4.632752e-06 -5.416444e-05 7.170341e-07 2.485407e-05
11892.121371 7.515862e-01 9.196289e-01 2.661098e-01 7.441673e-01 -6.241860e-06 -4.978763e-05 2.006503e-06 3.289536e-05
11894.956044 7.461215e-01 9.138855e-01 2.638738e-01 7.391825e-01 -1.026894e-05 -5.521826e-05 1.385082e-05 3.879780e-05
11897.802910 7.427953e-01 9.108294e-01 2.630798e-01 7.371127e-01 -1.137024e-05 -5.340895e-05 1.035919e-05 2.451469e-05
11900.661967 7.469250e-01 9.169747e-01 2.656436e-01 7.423947e-01 -4.810819e-06 -4.694910e-05 7.868763e-06 9.516143e-06
11903.533217 7.491970e-01 9.210101e-01 2.685954e-01 7.445199e-01 -6.363303e-07 -4.321318e-05 1.074848e-05 7.679185e-06
11906.416658 7.491952e-01 9.222334e-01 2.711159e-01 7.448910e-01 1.422200e-06 -4.482848e-05 1.399957e-05 3.414988e-06
11909.312291 7.474592e-01 9.211313e-01 2.737052e-01 7.415582e-01 -2.380970e-06 -4.298979e-05 1.395116e-05 1.054128e-05
11912.220116 7.470798e-01 9.219030e-01 2.769026e-01 7.421219e-01 -3.055338e-06 -4.377242e-05 7.950243e-06 3.657480e-06
11915.140133 7.469056e-01 9.228231e-01 2.798820e-01 7.426955e-01 2.996151e-06 -4.330559e-05 1.535864e-05 1.144063e-05
11918.072342 7.461629e-01 9.231877e-01 2.823246e-01 7.406688e-01 1.169968e-05 -4.405909e-05 1.589279e-05 1.565546e-05
11921.016743 7.400955e-01 9.169421e-01 2.817400e-01 7.344400e-01 1.268941e-05 -3.796274e-05 1.649072e-05 1.430361e-05
11923.973335 7.391011e-01 9.166379e-01 2.825518e-01 7.339040e-01 1.701718e-05 -3.657269e-05 2.492042e-05 1.426753e-05
11926.942120 7.444857e-01 9.245971e-01 2.855191e-01 7.391588e-01 1.172441e-05 -3.041407e-05 1.575862e-05 1.139767e-05
11929.923096 7.444472e-01 9.257054e-01 2.858423e-01 7.414993e-01 -2.727069e-06 -3.543311e-05 1.217593e-05 2.015800e-05
11932.916265 7.458885e-01 9.288593e-01 2.867776e-01 7.429581e-01 4.368450e-06 -2.846343e-05 1.769152e-05 2.185738e-05
11935.921625 7.455169e-01 9.294892e-01 2.869324e-01 7.428050e-01 5.320869e-06 -2.627590e-05 2.168816e-05 2.800679e-05
11938.939177 7.446229e-01 9.296953e-01 2.870113e-01 7.421242e-01 2.836753e-06 -3.075329e-05 2.827530e-05 1.302271e-05
11941.968921 7.439459e-01 9.298469e-01 2.871373e-01 7.418120e-01 1.518264e-05 -3.690652e-05 3.369971e-05 1.995412e-05
11945.010858 7.431098e-01 9.300800e-01 2.875659e-01 7.407701e-01 1.390381e-05 -3.717098e-05 4.512322e-05 1.642846e-05
11948.064985 7.423449e-01 9.302546e-01 2.882965e-01 7.401866e-01 1.509329e-05 -4.551773e-05 3.980781e-05 1.606261e-05
11951.131305 7.415394e-01 9.306886e-01 2.894459e-01 7.397469e-01 1.865143e-05 -4.581266e-05 2.954892e-05 1.287912e-05
11954.209817 7.410061e-01 9.311785e-01 2.906844e-01 7.392792e-01 1.710627e-05 -4.137787e-05 2.485153e-05 1.902876e-05
11957.300521 7.412663e-01 9.327501e-01 2.922037e-01 7.392246e-01 8.618692e-06 -4.222021e-05 3.013533e-05 1.540141e-05
11960.403416 7.403353e-01 9.327726e-01 2.926243e-01 7.403956e-01 4.412260e-06 -4.885916e-05 1.948204e-05 9.882740e-06
11963.518504 7.397832e-01 9.330650e-01 2.924559e-01 7.391559e-01 4.299882e-06 -5.010355e-05 1.888398e-05 2.060547e-05
11966.645783 7.388144e-01 9.329566e-01 2.915953e-01 7.389951e-01 1.386920e-05 -4.709556e-05 2.058426e-05 1.911808e-05
11969.785255 7.387233e-01 9.339236e-01 2.913455e-01 7.407782e-01 1.153618e-05 -4.433967e-05 1.163740e-05 1.334901e-05
11972.936918 7.380239e-01 9.342677e-01 2.909604e-01 7.400308e-01 1.820705e-05 -3.586276e-05 2.363698e-05 7.863779e-06
11976.100773 7.372040e-01 9.345784e-01 2.907986e-01 7.394940e-01 2.150474e-05 -3.630562e-05 3.131040e-05 1.433995e-05
11979.276820 7.365895e-01 9.350159e-01 2.909601e-01 7.395990e-01 1.068968e-05 -3.653870e-05 1.693942e-05 1.746878e-05
11982.465059 7.353295e-01 9.346642e-01 2.910766e-01 7.390103e-01 7.815233e-06 -3.649813e-05 2.175420e-05 3.247785e-05
11985.665490 7.352599e-01 9.358197e-01 2.917044e-01 7.396282e-01 1.170659e-05 -3.548006e-05 2.189605e-05 3.248486e-05
11988.878112 7.359421e-01 9.380387e-01 2.925584e-01 7.406094e-01 1.255465e-05 -3.714391e-05 2.370831e-05 3.199546e-05
11992.102927 7.348142e-01 9.377079e-01 2.927617e-01 7.393740e-01 6.163607e-06 -3.929912e-05 3.282612e-05 3.595822e-05
11995.339934 7.341876e-01 9.380661e-01 2.936455e-01 7.381908e-01 1.133326e-05 -3.505694e-05 3.010071e-05 3.149202e-05
11998.589132 7.332012e-01 9.380123e-01 2.948331e-01 7.394632e-01 9.163884e-06 -3.397599e-05 2.659827e-05 2.124214e-05
12001.850523 7.321351e-01 9.379146e-01 2.965786e-01 7.392619e-01 5.231895e-06 -3.398944e-05 3.050815e-05 2.270669e-05
12005.124105 7.320544e-01 9.390810e-01 2.990735e-01 7.374950e-01 7.923632e-06 -2.937041e-05 3.461740e-05 2.573105e-05
12008.409879 7.322370e-01 9.406642e-01 3.020971e-01 7.387604e-01 1.383835e-05 -3.296718e-05 2.488589e-05 3.327833e-05
12011.707845 7.320178e-01 9.417801e-01 3.053686e-01 7.371739e-01 9.511434e-06 -2.969495e-05 2.496873e-05 3.707888e-05
12015.018003 7.307325e-01 9.414972e-01 3.082060e-01 7.356359e-01 1.244633e-05 -3.044980e-05 3.127948e-05 2.797140e-05
12018.340353 7.306709e-01 9.427587e-01 3.109044e-01 7.365188e-01 1.467133e-05 -3.705479e-05 2.172013e-05 1.701591e-05
12021.674895 7.298918e-01 9.430831e-01 3.126454e-01 7.366954e-01 9.148246e-06 -3.975121e-05 2.879919e-05 1.495694e-05
12025.021629 7.286061e-01 9.425481e-01 3.133727e-01 7.353176e-01 7.128675e-06 -2.928190e-05 1.979226e-05 1.831810e-05
12028.380554 7.284529e-01 9.438351e-01 3.142742e-01 7.349928e-01 2.232451e-05 -2.829782e-05 2.117787e-05 2.275697e-05
12031.751672 7.285849e-01 9.452626e-01 3.147349e-01 7.352195e-01 2.610015e-05 -1.822760e-05 2.324809e-05 1.393294e-05
12035.134982 7.282328e-01 9.462056e-01 3.150361e-01 7.355300e-01 1.177944e-05 -2.259483e-05 2.648590e-05 7.575147e-06
12038.530483 7.272521e-01 9.462799e-01 3.148655e-01 7.344871e-01 5.087798e-06 -3.231350e-05 2.403069e-05 1.261690e-05
12041.938176 7.268009e-01 9.469429e-01 3.148173e-01 7.351867e-01 9.031601e-06 -3.179240e-05 1.814687e-05 8.775615e-06
12045.358061 7.207626e-01 9.405436e-01 3.126183e-01 7.290923e-01 1.796578e-05 -2.883344e-05 8.221514e-06 1.148794e-05
12048.790139 7.151913e-01 9.343907e-01 3.105437e-01 7.240871e-01 2.519995e-05 -1.943124e-05 1.692514e-05 1.993896e-05
12052.234408 7.232104e-01 9.460351e-01 3.143270e-01 7.326982e-01 1.352905e-05 -2.807062e-05 1.247546e-05 1.315380e-05
12055.690868 7.244577e-01 9.491855e-01 3.151916e-01 7.343821e-01 8.255672e-06 -2.675250e-05 1.700157e-05 2.126885e-05
12059.159521 7.236850e-01 9.494119e-01 3.152497e-01 7.344180e-01 -2.553086e-06 -3.442680e-05 1.913444e-05 2.013917e-05
12062.640366 7.233841e-01 9.503614e-01 3.156694e-01 7.339098e-01 4.828395e-06 -3.826939e-05 1.324521e-05 1.732863e-05
12066.133403 7.224703e-01 9.504783e-01 3.161597e-01 7.328292e-01 4.666627e-06 -3.872522e-05 5.771934e-06 1.523355e-05
12069.638631 7.216345e-01 9.508063e-01 3.167285e-01 7.339792e-01 1.441200e-05 -3.847371e-05 1.966491e-05 2.042350e-05
12073.156052 7.216365e-01 9.521520e-01 3.177439e-01 7.343350e-01 1.441355e-05 -2.268806e-05 1.869660e-05 2.483709e-05
12076.685664 7.204932e-01 9.518536e-01 3.182229e-01 7.333479e-01 1.309264e-05 -2.139207e-05 7.932598e-06 2.828705e-05
12080.227468 7.195075e-01 9.519209e-01 3.186054e-01 7.328274e-01 1.449690e-05 -2.753835e-05 1.483636e-05 3.078301e-05
12083.781465 7.188823e-01 9.525048e-01 3.195165e-01 7.329417e-01 1.227630e-05 -2.970490e-05 1.639928e-05 2.895125e-05
12087.347653 7.188619e-01 9.539015e-01 3.210765e-01 7.334617e-01 3.622695e-06 -1.988862e-05 1.513953e-05 2.462752e-05
12090.926033 7.184441e-01 9.546745e-01 3.228650e-01 7.324330e-01 9.346257e-06 -2.295000e-05 9.337408e-06 2.173005e-05
12094.516605 7.182123e-01 9.556744e-01 3.248594e-01 7.314803e-01 9.199602e-06 -2.508745e-05 1.865107e-05 1.111418e-05
12098.119369 7.168832e-01 9.553930e-01 3.264438e-01 7.318185e-01 1.556930e-05 -2.644669e-05 1.344021e-05 1.674901e-05
12101.734324 7.162844e-01 9.560337e-01 3.281936e-01 7.311438e-01 2.133226e-05 -2.036437e-05 1.313448e-05 2.441069e-05
12105.361472 7.163157e-01 9.574377e-01 3.304128e-01 7.317089e-01 2.145377e-05 -1.097829e-05 8.430802e-06 2.454070e-05
12109.000811 7.156636e-01 9.580485e-01 3.320326e-01 7.318543e-01 1.691733e-05 -1.090323e-05 1.319529e-05 2.691169e-05
12112.652343 7.136506e-01 9.567551e-01 3.330346e-01 7.306918e-01 4.876405e-06 -2.097657e-05 1.519537e-05 1.589591e-05
12116.316066 7.116305e-01 9.554458e-01 3.340501e-01 7.289075e-01 7.982968e-06 -2.307903e-05 8.201526e-06 1.972332e-05
12119.991982 7.123939e-01 9.579777e-01 3.364955e-01 7.287282e-01 4.638775e-06 -2.075084e-05 7.669006e-06 1.809082e-05
12123.680089 7.140969e-01 9.617342e-01 3.394658e-01 7.293581e-01 1.259296e-05 -1.199260e-05 5.468787e-06 1.927366e-05
12127.380388 7.135510e-01 9.624785e-01 3.414048e-01 7.308543e-01 1.025790e-05 -1.365381e-05 5.797264e-06 2.049607e-05
12131.092879 7.126250e-01 9.626662e-01 3.428095e-01 7.290003e-01 9.042109e-06 -1.399232e-05 3.609781e-06 2.020307e-05
12134.817562 7.119107e-01 9.631125e-01 3.440870e-01 7.287053e-01 8.106524e-06 -1.183658e-05 1.894448e-05 2.266212e-05
12138.554437 7.112467e-01 9.636728e-01 3.451820e-01 7.281143e-01 8.692449e-06 -1.021784e-05 1.478337e-05 2.928772e-05
12142.303503 7.111244e-01 9.650160e-01 3.460980e-01 7.298112e-01 1.442941e-05 -9.513307e-06 9.457003e-06 3.276708e-05
12146.064762 7.096279e-01 9.643087e-01 3.461457e-01 7.286589e-01 2.150444e-05 -1.368002e-05 1.426314e-05 2.151932e-05
12149.838213 7.088052e-01 9.647797e-01 3.466789e-01 7.277263e-01 2.454862e-05 -7.449852e-06 8.229722e-06 2.758240e-05
12153.623855 7.080948e-01 9.652016e-01 3.471955e-01 7.267072e-01 8.119628e-06 -9.535487e-06 1.707419e-05 2.979175e-05
12157.421689 7.075112e-01 9.657053e-01 3.476130e-01 7.263193e-01 4.737300e-06 -2.733131e-06 1.455859e-05 3.400020e-05
12161.231716 7.067336e-01 9.662111e-01 3.478911e-01 7.268484e-01 6.698668e-06 5.521182e-06 9.363026e-06 3.100524e-05
12165.053934 7.065873e-01 9.674680e-01 3.484764e-01 7.271570e-01 6.212492e-06 -2.085952e-06 1.868598e-05 2.044281e-05
12168.888344 7.055391e-01 9.674379e-01 3.486284e-01 7.264846e-01 3.316947e-06 -9.401958e-06 2.086057e-05 1.609563e-05
12172.734946 7.032761e-01 9.658979e-01 3.481849e-01 7.237173e-01 8.274535e-06 -3.472871e-06 1.612089e-05 1.321064e-05
12176.593740 7.031102e-01 9.670478e-01 3.489389e-01 7.255080e-01 9.890963e-06 7.797210e-06 1.945243e-05 6.230291e-06
12180.464726 7.041127e-01 9.699179e-01 3.503370e-01 7.254063e-01 6.126273e-06 1.210602e-05 8.792031e-06 6.356747e-06
12184.347903 7.026835e-01 9.692950e-01 3.505681e-01 7.253433e-01 -4.469014e-06 9.492778e-07 7.508017e-06 7.574252e-06
12188.243273 7.024099e-01 9.704637e-01 3.516426e-01 7.242889e-01 -2.825567e-06 -1.874439e-06 5.371985e-06 1.376723e-05
12192.150835 7.012289e-01 9.704159e-01 3.524472e-01 7.243959e-01 7.857035e-06 -3.932795e-06 7.523787e-06 1.518974e-05
12196.070588 7.009270e-01 9.714621e-01 3.538978e-01 7.245110e-01 2.436297e-05 -2.350329e-06 4.067917e-06 1.647686e-05
12200.002533 7.000559e-01 9.716443e-01 3.553056e-01 7.236981e-01 1.347779e-05 -1.041518e-05 2.937779e-06 1.754982e-05
12203.946671 6.995438e-01 9.724502e-01 3.570894e-01 7.234215e-01 1.744465e-05 -4.851223e-06 1.028562e-05 2.102271e-05
12207.903000 6.999227e-01 9.746049e-01 3.596324e-01 7.254275e-01 8.060179e-06 5.060305e-06 1.537046e-05 1.797445e-05
12211.871521 6.992998e-01 9.751573e-01 3.617926e-01 7.251468e-01 3.256214e-06 -2.135332e-06 1.128513e-05 1.870200e-05
12215.852234 6.985763e-01 9.756861e-01 3.638157e-01 7.229642e-01 4.791136e-06 2.065474e-07 1.125283e-05 1.269500e-05
12219.845139 6.978939e-01 9.763977e-01 3.659104e-01 7.226011e-01 5.610232e-06 6.609025e-06 1.055274e-05 9.955371e-06
12223.850236 6.972559e-01 9.770218e-01 3.677918e-01 7.224693e-01 6.102778e-06 -3.183436e-06 1.749224e-05 1.921321e-05
12227.867524 6.970961e-01 9.783452e-01 3.698227e-01 7.236528e-01 -2.942805e-06 -9.008202e-06 1.869499e-05 2.343886e-05
12231.897005 6.961333e-01 9.785916e-01 3.712631e-01 7.218086e-01 -2.764084e-06 -7.107428e-06 1.488088e-05 1.304862e-05
12235.938678 6.951601e-01 9.787530e-01 3.726693e-01 7.222533e-01 -2.949850e-06 -2.617484e-06 1.815307e-05 1.387492e-05
12239.992542 6.944193e-01 9.792126e-01 3.739396e-01 7.217119e-01 -4.941946e-06 -2.360226e-06 1.949906e-05 2.981143e-05
12244.058598 6.934847e-01 9.795392e-01 3.755032e-01 7.212362e-01 -3.442285e-06 -5.852297e-06 1.875313e-05 3.816106e-05
12248.136847 6.930580e-01 9.804290e-01 3.773955e-01 7.205467e-01 4.870456e-06 -8.862678e-06 1.872475e-05 3.157265e-05
12252.227287 6.873202e-01 9.739327e-01 3.762062e-01 7.160288e-01 2.381661e-06 -3.786092e-06 1.048717e-05 3.285374e-05
12256.329919 6.756059e-01 9.590145e-01 3.718219e-01 7.039455e-01 5.082679e-06 -2.387553e-06 1.540066e-06 3.644999e-05
12260.444743 6.868668e-01 9.762708e-01 3.804663e-01 7.146647e-01 7.071232e-06 -6.264160e-06 1.396964e-05 3.174816e-05
12264.571759 6.881582e-01 9.797048e-01 3.832307e-01 7.167564e-01 4.017753e-06 -6.924002e-06 2.023374e-05 2.625491e-05
12268.710967 6.881449e-01 9.813414e-01 3.845345e-01 7.174526e-01 -1.713445e-06 -8.426473e-06 1.563779e-05 2.750516e-05
12272.862366 6.887426e-01 9.836668e-01 3.861378e-01 7.171601e-01 2.968658e-06 1.931419e-06 1.113835e-05 3.619333e-05
12277.025958 6.881928e-01 9.844001e-01 3.869220e-01 7.173012e-01 5.556722e-06 2.256623e-06 1.145322e-05 3.957451e-05
12281.201742 6.867655e-01 9.840301e-01 3.868857e-01 7.162324e-01 1.641176e-05 1.200289e-06 1.135448e-05 4.055655e-05
12285.389717 6.854884e-01 9.836773e-01 3.867617e-01 7.172366e-01 1.885371e-05 -1.590062e-05 7.916012e-06 3.423679e-05
12289.589884 6.845207e-01 9.838767e-01 3.866319e-01 7.155652e-01 1.325596e-05 -1.584479e-05 1.017304e-05 3.086875e-05
12293.802244 6.843247e-01 9.851793e-01 3.873164e-01 7.153434e-01 6.570685e-06 -1.672822e-05 2.235366e-05 3.123124e-05
12298.026795 6.715375e-01 9.685149e-01 3.807248e-01 7.030778e-01 3.630525e-06 -2.484718e-05 2.422006e-05 3.769762e-05
12302.263538 6.745943e-01 9.743461e-01 3.834038e-01 7.077545e-01 7.837617e-06 -2.294823e-05 3.087378e-05 4.795556e-05
12306.512473 6.822249e-01 9.869092e-01 3.890647e-01 7.159479e-01 1.240188e-06 -1.994168e-05 3.950838e-05 4.756632e-05
12310.773600 6.824641e-01 9.889756e-01 3.907566e-01 7.164733e-01 1.413208e-06 -2.297580e-05 2.899595e-05 3.786498e-05
12315.046919 6.820838e-01 9.900006e-01 3.924628e-01 7.158309e-01 -1.023204e-05 -2.307346e-05 2.424612e-05 4.348449e-05
12319.332429 6.818386e-01 9.913967e-01 3.943234e-01 7.155895e-01 -8.487975e-06 -3.443936e-05 1.732208e-05 3.668376e-05
12323.630132 6.811624e-01 9.919998e-01 3.964511e-01 7.151298e-01 -3.860727e-07 -4.156721e-05 2.775718e-05 2.881123e-05
12327.940026 6.803381e-01 9.925008e-01 3.986878e-01 7.155564e-01 3.133178e-06 -3.999214e-05 1.916226e-05 2.053554e-05
12332.262113 6.799062e-01 9.933588e-01 4.013515e-01 7.143500e-01 4.030091e-06 -3.713121e-05 1.006907e-05 1.713354e-05
12336.596391 6.789595e-01 9.936379e-01 4.037706e-01 7.136740e-01 6.595308e-06 -4.102109e-05 1.835760e-05 1.643821e-05
12340.942861 6.781424e-01 9.941801e-01 4.059387e-01 7.139925e-01 1.618374e-05 -4.187774e-05 2.891241e-05 1.443844e-05
12345.301524 6.775568e-01 9.949309e-01 4.081293e-01 7.146013e-01 2.000074e-05 -4.130751e-05 2.859018e-05 2.604365e-05
12349.672378 6.765938e-01 9.951290e-01 4.099438e-01 7.136025e-01 2.195319e-05 -2.668780e-05 3.030576e-05 3.187088e-05
12354.055424 6.744931e-01 9.936608e-01 4.110090e-01 7.107453e-01 1.044950e-05 -2.628811e-05 2.706736e-05 2.966300e-05
12358.450662 6.747752e-01 9.956791e-01 4.130117e-01 7.118703e-01 1.622466e-05 -2.062714e-05 2.484197e-05 3.329404e-05
12362.858091 6.742263e-01 9.965902e-01 4.148127e-01 7.117396e-01 1.365656e-05 -2.943267e-05 1.934597e-05 3.244300e-05
12367.277713 6.724202e-01 9.954272e-01 4.156649e-01 7.105718e-01 7.307777e-06 -3.022414e-05 1.211348e-05 2.704109e-05
12371.709527 6.734608e-01 9.987341e-01 4.185500e-01 7.114968e-01 2.121138e-06 -3.644603e-05 1.504161e-05 3.232899e-05
12376.153532 6.729392e-01 9.995673e-01 4.204270e-01 7.117513e-01 9.592055e-06 -3.386785e-05 1.823543e-05 3.861999e-05
12380.609730 6.719905e-01 9.997498e-01 4.218535e-01 7.108666e-01 9.742054e-06 -3.365357e-05 1.651176e-05 5.012729e-05
12385.078119 6.707839e-01 9.996809e-01 4.231895e-01 7.094230e-01 1.975782e-06 -3.332035e-05 2.183443e-05 4.313163e-05
12389.558700 6.707713e-01 1.001400e+00 4.251629e-01 7.106712e-01 -7.282456e-07 -3.970833e-05 2.859611e-05 3.605669e-05
12394.051473 6.698033e-01 1.001628e+00 4.265050e-01 7.083679e-01 -1.365618e-05 -2.871198e-05 3.284653e-05 3.610786e-05
12398.556438 6.691843e-01 1.002350e+00 4.279976e-01 7.083726e-01 -1.006759e-05 -3.478104e-05 3.419291e-05 3.913208e-05
12403.073595 6.679240e-01 1.002181e+00 4.290860e-01 7.080534e-01 -2.200093e-06 -3.951760e-05 2.742717e-05 4.075892e-05
12407.602944 6.672981e-01 1.003001e+00 4.304732e-01 7.080974e-01 -8.169078e-06 -4.015140e-05 2.940060e-05 3.650199e-05
12412.144485 6.661616e-01 1.002882e+00 4.314725e-01 7.074396e-01 -1.562958e-06 -4.423247e-05 3.232108e-05 3.876525e-05
12416.698218 6.643317e-01 1.001897e+00 4.318654e-01 7.052894e-01 1.875043e-06 -3.908251e-05 2.768433e-05 3.800700e-05
12421.264142 6.616941e-01 9.995797e-01 4.315346e-01 7.034397e-01 -7.999196e-06 -3.410180e-05 2.027399e-05 3.719864e-05
12425.842259 6.629119e-01 1.003037e+00 4.338835e-01 7.051334e-01 -9.079630e-06 -3.368759e-05 1.118776e-05 3.786317e-05
12430.432567 6.635427e-01 1.005649e+00 4.359292e-01 7.067709e-01 4.574919e-07 -3.399897e-05 1.548897e-05 3.525496e-05
12435.035068 6.630147e-01 1.006548e+00 4.370417e-01 7.066510e-01 -8.962607e-06 -4.187205e-05 5.839792e-06 3.688938e-05
12439.649760 6.618463e-01 1.006422e+00 4.379689e-01 7.054821e-01 -7.450163e-06 -4.544122e-05 9.788181e-06 4.078434e-05
12444.276644 6.611526e-01 1.007091e+00 4.391740e-01 7.043576e-01 1.773033e-06 -4.137900e-05 9.222627e-06 4.040142e-05
12448.915720 6.599555e-01 1.006969e+00 4.405030e-01 7.035186e-01 8.904333e-07 -3.170004e-05 1.541946e-05 3.073422e-05
12453.566988 6.608995e-01 1.010105e+00 4.432600e-01 7.049284e-01 3.418815e-06 -2.271534e-05 2.193879e-05 3.615143e-05
12458.230448 6.595842e-01 1.009854e+00 4.446590e-01 7.046199e-01 2.941703e-06 -2.385157e-05 1.497235e-05 2.581323e-05
12462.906100 6.589987e-01 1.010707e+00 4.465985e-01 7.043844e-01 -2.300445e-06 -2.475277e-05 9.316900e-06 2.633351e-05
12467.593943 6.584157e-01 1.011536e+00 4.485664e-01 7.041895e-01 1.876474e-06 -2.160008e-05 1.480155e-05 3.615601e-05
12472.293979 6.567633e-01 1.010737e+00 4.501134e-01 7.024136e-01 -7.541301e-07 -2.856449e-05 2.203322e-05 2.526289e-05
12477.006206 6.565366e-01 1.012170e+00 4.526702e-01 7.027950e-01 -4.305440e-06 -2.574451e-05 1.960529e-05 2.504581e-05
12481.730626 6.566805e-01 1.014132e+00 4.556311e-01 7.031286e-01 2.354926e-06 -2.165472e-05 8.359041e-06 2.937750e-05
12486.467237 6.561238e-01 1.015013e+00 4.579813e-01 7.024541e-01 -2.407672e-06 -1.729325e-05 5.541379e-06 2.310413e-05
12491.216040 6.553076e-01 1.015581e+00 4.603017e-01 7.031487e-01 -1.110178e-07 -2.662490e-05 1.195054e-05 3.047034e-05
12495.977036 6.537985e-01 1.014992e+00 4.620460e-01 7.021567e-01 -3.076979e-06 -2.530415e-05 3.470914e-06 3.000500e-05
12500.750223 6.507024e-01 1.011884e+00 4.624216e-01 6.995019e-01 -6.231366e-06 -2.385414e-05 6.645315e-07 3.130489e-05
12505.535602 6.524773e-01 1.016338e+00 4.664692e-01 7.002374e-01 3.570805e-06 -1.969570e-05 2.168122e-06 3.351245e-05
12510.333172 6.527954e-01 1.018549e+00 4.692983e-01 7.012487e-01 8.133144e-06 -2.288182e-05 1.193393e-05 3.043242e-05
12515.142935 6.523062e-01 1.019537e+00 4.714781e-01 7.011716e-01 1.355332e-05 -2.241297e-05 2.091120e-05 2.876399e-05
12519.964890 6.515106e-01 1.019989e+00 4.732961e-01 7.008259e-01 6.434594e-06 -2.280637e-05 1.521201e-05 3.150324e-05
12524.799037 6.507458e-01 1.020549e+00 4.749383e-01 7.004018e-01 7.525934e-07 -3.076951e-05 2.174353e-05 3.558760e-05
12529.645375 6.446342e-01 1.012732e+00 4.726969e-01 6.941122e-01 -3.050337e-06 -2.887679e-05 1.547858e-05 3.140609e-05
12534.503905 3.391633e-01 5.334727e-01 2.495144e-01 3.650886e-01 -3.482173e-06 -1.370324e-05 1.114717e-05 1.696862e-05
12539.374628 6.931566e-03 1.090752e-02 5.104712e-03 7.461534e-03 -7.898405e-08 -2.601716e-07 2.204510e-07 3.814476e-07
