# Facility: NSLS-II
# Beamline: QAS
# Year: 2023
# Cycle: 3
# SAF: 312215
# PI: Reece
# Proposal: 313586
# Scan ID: 270769
# UID: ee9c8a9d-8380-4e79-b0b0-0b7ab63ca979
# Comment: Zn filter 3 um
# Start time: 10/18/2023  11:59:39
# Stop time: 10/18/2023  12:00:10
# Total time: 00:31
# Trajectory name: Pt-L3-30s-11564.txt
# Element: Platinum ( 78)
# Edge: L3
# E0: 11564
# Reference Foil Element: Pt
# Keithley Gains I0: 1E6 V/A It: 1E6 V/A Iref: 1E7 V/A PIPS: 1E8 V/A 
# Ion Chamber Gas Flow Rates: I0: 0.00 sccm He + 189.60 sccm N2 + 9.80 sccm Ar 
# Ion Chamber Gas Flow Rates: It&Iref: 39.70 sccm N2 + 60.10 sccm Ar
# Incident Beam Path Vertical: 31.75 mm
# Incident Slits Positions B: TOP: 2.0 mm Bottom: 1.0 mm Inboard: 0.57675 mm Outboard: 1.57675 mm
# Sample Stage Positions: Rotation: 45.0 deg Horizontal: -10.22 mm Vertical: 15.30 mm Beam Direction: 0.00 mm
# PerkinElmer Vertical Position: 500.00 mm
# Linkam Oven Temperature : 3.03 C and Ramp Rate: 20.00 C/min.
# Front End Mirror Horizontal Positions: Up: -14.00 mm Down: -14.00 mm
#
# energy  i0  it  ir  iff  aux1  aux2  aux3  aux4
11380.430557 4.229416e-01 4.538826e-01 5.897361e-01 8.196633e-02 1.328350e-06 -1.142536e-05 8.141472e-06 2.423807e-05
11385.430557 8.303337e-01 8.924642e-01 1.161166e+00 1.620694e-01 1.082897e-05 -3.544377e-05 1.184280e-05 5.340044e-05
11390.430557 8.361612e-01 9.005775e-01 1.174776e+00 1.625651e-01 -1.281780e-06 -3.198966e-05 1.389045e-05 5.371599e-05
11395.430557 8.437181e-01 9.109968e-01 1.191713e+00 1.634086e-01 -4.283003e-06 -3.710484e-05 1.377129e-05 4.888604e-05
11400.430557 8.420702e-01 9.115405e-01 1.195364e+00 1.638845e-01 1.307636e-05 -4.059808e-05 2.250768e-05 4.400612e-05
11405.430557 8.396002e-01 9.109759e-01 1.197480e+00 1.637895e-01 7.399330e-06 -3.700865e-05 2.837401e-05 4.998465e-05
11410.430557 8.371362e-01 9.104144e-01 1.199649e+00 1.639238e-01 8.554248e-06 -4.004581e-05 2.995362e-05 3.817254e-05
11415.430557 8.287376e-01 9.032890e-01 1.192880e+00 1.627260e-01 1.043433e-05 -4.011021e-05 2.121579e-05 3.805315e-05
11420.430557 8.287068e-01 9.053228e-01 1.198722e+00 1.633091e-01 2.866586e-05 -3.729554e-05 3.367490e-05 4.656547e-05
11425.430557 8.368887e-01 9.168562e-01 1.217559e+00 1.653844e-01 2.393682e-05 -4.467002e-05 2.952724e-05 4.837387e-05
11430.430557 8.376721e-01 9.199717e-01 1.224878e+00 1.662915e-01 1.744871e-05 -3.982197e-05 2.643472e-05 5.585273e-05
11435.430557 8.352063e-01 9.192801e-01 1.226855e+00 1.661174e-01 2.572698e-05 -3.638988e-05 3.120769e-05 5.964541e-05
11440.430557 8.345456e-01 9.207924e-01 1.232015e+00 1.662069e-01 2.071628e-05 -5.427180e-05 3.198484e-05 5.595308e-05
11445.430557 8.331543e-01 9.213907e-01 1.235689e+00 1.669185e-01 1.421696e-05 -5.184600e-05 3.009644e-05 5.773894e-05
11450.430557 8.323584e-01 9.226667e-01 1.240535e+00 1.669284e-01 9.755388e-06 -4.918133e-05 3.414055e-05 5.589042e-05
11455.430557 8.305210e-01 9.227749e-01 1.243646e+00 1.670730e-01 1.105272e-05 -2.958977e-05 3.271520e-05 5.973727e-05
11460.430557 8.297911e-01 9.241784e-01 1.248349e+00 1.674769e-01 1.753552e-05 -3.263286e-05 3.674409e-05 5.992854e-05
11465.430557 8.295538e-01 9.261153e-01 1.253740e+00 1.684365e-01 2.267315e-05 -4.122325e-05 4.395390e-05 6.495076e-05
11470.430557 8.285318e-01 9.271074e-01 1.257984e+00 1.684871e-01 1.729240e-05 -3.842735e-05 5.024528e-05 6.390345e-05
11475.430557 8.279956e-01 9.286923e-01 1.262867e+00 1.690579e-01 1.390560e-05 -4.031930e-05 5.330231e-05 5.585828e-05
11480.430557 8.261067e-01 9.286300e-01 1.265334e+00 1.694807e-01 1.738115e-05 -2.668368e-05 4.764356e-05 5.817490e-05
11485.430557 8.253336e-01 9.297889e-01 1.269538e+00 1.698945e-01 1.053291e-05 -2.371029e-05 4.315788e-05 5.480071e-05
11490.430557 8.244538e-01 9.310054e-01 1.273633e+00 1.704483e-01 7.961801e-06 -2.749140e-05 3.472434e-05 4.834581e-05
11495.430557 8.231148e-01 9.316220e-01 1.276559e+00 1.710981e-01 1.354911e-05 -2.445343e-05 4.061615e-05 5.150432e-05
11500.430557 8.233797e-01 9.340726e-01 1.281788e+00 1.719266e-01 1.681054e-05 -3.010666e-05 4.355080e-05 6.154962e-05
11505.430557 8.223167e-01 9.349321e-01 1.284545e+00 1.725958e-01 1.050724e-05 -2.922776e-05 5.032357e-05 6.373881e-05
11510.430557 8.211833e-01 9.357122e-01 1.286403e+00 1.731951e-01 2.366536e-05 -1.858787e-05 5.908679e-05 6.329480e-05
11515.430557 8.200949e-01 9.365027e-01 1.287942e+00 1.749341e-01 2.219600e-05 -1.670369e-05 5.850413e-05 5.577553e-05
11520.430557 8.185771e-01 9.368123e-01 1.287894e+00 1.767943e-01 2.586862e-05 -1.880265e-05 6.156391e-05 5.519966e-05
11525.430557 8.170747e-01 9.370410e-01 1.286417e+00 1.783452e-01 2.620181e-05 -1.850002e-05 5.537651e-05 5.417443e-05
11530.430557 8.167920e-01 9.386353e-01 1.284979e+00 1.812827e-01 2.429389e-05 -1.196249e-05 5.416402e-05 5.656995e-05
11534.000000 8.170288e-01 9.401607e-01 1.282556e+00 1.834185e-01 3.032980e-05 -1.714292e-05 5.542840e-05 5.542317e-05
11535.000000 8.165641e-01 9.398947e-01 1.280505e+00 1.844177e-01 2.865432e-05 -1.988933e-05 4.702888e-05 4.939876e-05
11536.000000 8.163126e-01 9.401341e-01 1.279074e+00 1.852526e-01 2.997748e-05 -2.468354e-05 5.363832e-05 6.118771e-05
11537.000000 8.165573e-01 9.406714e-01 1.278041e+00 1.857683e-01 3.771253e-05 -2.072215e-05 5.657898e-05 5.321082e-05
11538.000000 8.168465e-01 9.413389e-01 1.276575e+00 1.877257e-01 3.669048e-05 -8.198283e-06 6.449716e-05 4.942018e-05
11539.000000 8.169789e-01 9.417603e-01 1.274490e+00 1.887879e-01 3.841061e-05 -8.029690e-06 5.202002e-05 4.656926e-05
11540.000000 8.159699e-01 9.407288e-01 1.270200e+00 1.893876e-01 3.163765e-05 -1.093579e-05 5.460982e-05 4.576879e-05
11541.000000 8.158713e-01 9.409962e-01 1.266847e+00 1.913134e-01 2.937961e-05 -1.539782e-05 6.191005e-05 4.043328e-05
11541.200000 8.168977e-01 9.424317e-01 1.268019e+00 1.908642e-01 3.581752e-05 -9.155592e-06 6.154571e-05 3.509490e-05
11541.400000 8.200082e-01 9.460454e-01 1.272039e+00 1.928415e-01 2.735629e-05 -1.256031e-05 5.878353e-05 3.259097e-05
11541.600000 8.072316e-01 9.306805e-01 1.251219e+00 1.896955e-01 4.493378e-05 -1.848743e-05 5.478375e-05 3.513671e-05
11541.800000 8.060449e-01 9.303121e-01 1.249578e+00 1.892196e-01 2.588095e-05 -1.746426e-05 5.442655e-05 4.760810e-05
11542.000000 8.176434e-01 9.433960e-01 1.267418e+00 1.914557e-01 3.433309e-05 -1.305845e-05 6.394074e-05 4.452468e-05
11542.200000 8.145252e-01 9.394278e-01 1.260515e+00 1.889065e-01 3.668557e-05 -1.825763e-05 6.444952e-05 3.798937e-05
11542.400000 8.180674e-01 9.438847e-01 1.266073e+00 1.926102e-01 3.573295e-05 -1.568806e-05 5.674774e-05 3.069524e-05
11542.600000 8.132559e-01 9.380901e-01 1.257580e+00 1.925834e-01 4.114497e-05 -1.321247e-05 3.965934e-05 4.438709e-05
11542.800000 8.176575e-01 9.438396e-01 1.263879e+00 1.953653e-01 3.347137e-05 -1.219809e-05 3.851673e-05 4.356753e-05
11543.000000 8.144090e-01 9.395825e-01 1.257335e+00 1.927147e-01 5.909405e-05 -1.690541e-05 3.021116e-05 4.301767e-05
11543.200000 8.119726e-01 9.366953e-01 1.252990e+00 1.931542e-01 3.895037e-05 -1.145673e-05 2.376912e-05 5.967266e-05
11543.400000 8.159475e-01 9.414573e-01 1.258576e+00 1.928792e-01 4.125442e-05 -3.346518e-06 4.527939e-05 5.781211e-05
11543.600000 8.158158e-01 9.415897e-01 1.257603e+00 1.946688e-01 4.137603e-05 -8.446551e-06 4.260309e-05 5.282175e-05
11543.800000 8.213558e-01 9.482173e-01 1.265911e+00 1.948961e-01 3.050375e-05 -8.255015e-06 5.012116e-05 6.428744e-05
11544.000000 8.005327e-01 9.235008e-01 1.232158e+00 1.946360e-01 5.189949e-05 -2.238260e-06 3.493248e-05 5.227726e-05
11544.200000 8.182816e-01 9.446075e-01 1.258916e+00 1.948557e-01 2.583236e-05 -1.327031e-07 3.832489e-05 5.569644e-05
11544.400000 8.164301e-01 9.424237e-01 1.254558e+00 1.957371e-01 3.578084e-05 7.790676e-06 3.952788e-05 3.833821e-05
11544.600000 8.156111e-01 9.414369e-01 1.252000e+00 1.963237e-01 2.827470e-05 1.725268e-06 3.673854e-05 4.469981e-05
11544.800000 8.164383e-01 9.424351e-01 1.252924e+00 1.997146e-01 3.322087e-05 1.604534e-06 5.528169e-05 5.412294e-05
11545.000000 8.113833e-01 9.365368e-01 1.243839e+00 1.944356e-01 2.716550e-05 -1.010649e-05 4.841253e-05 4.807096e-05
11545.200000 8.063893e-01 9.306261e-01 1.233766e+00 1.961831e-01 2.686161e-05 -7.754415e-06 5.923062e-05 6.181333e-05
11545.400000 8.219372e-01 9.488856e-01 1.257280e+00 1.988089e-01 3.161656e-05 -7.718717e-06 4.973214e-05 5.355614e-05
11545.600000 8.186027e-01 9.451821e-01 1.250915e+00 2.003534e-01 2.383943e-05 -7.355598e-06 5.023821e-05 5.025314e-05
11545.800000 8.112409e-01 9.369404e-01 1.239298e+00 2.016354e-01 3.474775e-05 -2.971577e-06 3.171369e-05 4.115552e-05
11546.000000 8.197358e-01 9.466651e-01 1.249947e+00 2.030999e-01 3.116703e-05 -2.265223e-06 3.235440e-05 3.511748e-05
11546.200000 8.069945e-01 9.316642e-01 1.229486e+00 1.969610e-01 4.223602e-05 -1.595194e-05 5.141665e-05 5.687970e-05
11546.400000 8.179217e-01 9.443577e-01 1.244156e+00 1.999083e-01 3.809259e-05 -2.156644e-05 4.745686e-05 4.576735e-05
11546.600000 8.189788e-01 9.457228e-01 1.244880e+00 2.030597e-01 4.212800e-05 -2.831396e-05 3.600915e-05 5.092127e-05
11546.800000 8.150054e-01 9.410371e-01 1.237157e+00 2.014240e-01 4.551122e-05 -3.614935e-05 5.200143e-05 5.985854e-05
11547.000000 8.080847e-01 9.331148e-01 1.226186e+00 1.991426e-01 2.820156e-05 -2.788063e-05 6.948889e-05 5.257938e-05
11547.200000 8.169028e-01 9.431196e-01 1.237678e+00 2.024320e-01 3.614583e-05 -7.618720e-06 7.424332e-05 5.441892e-05
11547.400000 8.093136e-01 9.344997e-01 1.225007e+00 2.000988e-01 1.510187e-05 -8.357748e-06 6.452486e-05 5.433914e-05
11547.600000 8.152101e-01 9.409309e-01 1.231615e+00 1.998844e-01 2.786307e-05 -1.644034e-05 5.441839e-05 5.144458e-05
11547.800000 8.181697e-01 9.448453e-01 1.234776e+00 2.054986e-01 1.739542e-05 -1.942514e-05 5.123751e-05 5.220074e-05
11548.000000 8.123793e-01 9.379649e-01 1.224281e+00 2.042378e-01 2.165087e-05 -2.053644e-05 5.108236e-05 3.659728e-05
11548.200000 8.156890e-01 9.419557e-01 1.227800e+00 2.049962e-01 1.565417e-05 -1.931161e-05 6.432150e-05 4.994656e-05
11548.400000 8.145846e-01 9.404970e-01 1.224041e+00 2.032588e-01 1.037841e-05 -1.919983e-05 6.423502e-05 5.853140e-05
11548.600000 8.206923e-01 9.477396e-01 1.231707e+00 2.085371e-01 1.140839e-05 -1.409673e-05 5.126571e-05 5.536320e-05
11548.800000 8.104240e-01 9.361381e-01 1.215383e+00 2.042819e-01 -1.600375e-06 -2.565729e-05 4.939621e-05 5.480274e-05
11549.000000 8.114877e-01 9.368559e-01 1.213282e+00 2.111778e-01 2.390913e-05 -1.649303e-05 4.782053e-05 6.798951e-05
11549.200000 8.187431e-01 9.462202e-01 1.223427e+00 2.105228e-01 1.232271e-06 -1.449576e-05 4.502026e-05 5.427295e-05
11549.400000 8.236430e-01 9.511648e-01 1.228335e+00 2.137791e-01 1.846026e-06 -2.146477e-05 5.827360e-05 6.844249e-05
11549.600000 8.026369e-01 9.265530e-01 1.193399e+00 2.067307e-01 2.658646e-06 -2.789857e-05 5.227810e-05 6.317825e-05
11549.800000 8.242203e-01 9.517652e-01 1.223797e+00 2.120580e-01 1.786886e-05 -3.186377e-05 4.108741e-05 5.215790e-05
11550.000000 8.083788e-01 9.332766e-01 1.197932e+00 2.102348e-01 1.326122e-05 -2.208033e-05 4.083840e-05 4.907784e-05
11550.200000 8.152248e-01 9.415857e-01 1.207191e+00 2.143463e-01 2.272852e-05 -1.741403e-05 4.744574e-05 5.784701e-05
11550.400000 8.137499e-01 9.394019e-01 1.201386e+00 2.080763e-01 7.398968e-06 -1.285152e-05 6.041727e-05 6.424801e-05
11550.600000 8.093314e-01 9.342582e-01 1.192821e+00 2.130187e-01 3.543070e-06 -1.089609e-05 5.227621e-05 5.154701e-05
11550.800000 8.158713e-01 9.414664e-01 1.199297e+00 2.138619e-01 1.766201e-05 -1.482412e-05 4.744846e-05 5.935437e-05
11551.000000 8.158538e-01 9.418366e-01 1.197239e+00 2.135470e-01 1.718202e-05 -1.873293e-05 4.663750e-05 6.003791e-05
11551.200000 8.100354e-01 9.351036e-01 1.185422e+00 2.143421e-01 2.515169e-05 -1.808657e-05 4.570453e-05 5.538614e-05
11551.400000 8.154059e-01 9.412937e-01 1.191090e+00 2.173378e-01 2.281181e-05 -1.857391e-05 4.821941e-05 5.476936e-05
11551.600000 8.151741e-01 9.409650e-01 1.187271e+00 2.183127e-01 3.155596e-05 -2.124643e-05 3.009295e-05 3.921761e-05
11551.800000 8.128395e-01 9.384745e-01 1.181127e+00 2.171449e-01 1.873529e-05 -2.517157e-05 2.334206e-05 5.389376e-05
11552.000000 8.062029e-01 9.305045e-01 1.168346e+00 2.163430e-01 2.631530e-05 -3.334218e-05 3.849972e-05 6.223105e-05
11552.200000 8.100826e-01 9.348704e-01 1.171195e+00 2.206772e-01 8.035826e-06 -3.713710e-05 4.624573e-05 6.197586e-05
11552.400000 8.157002e-01 9.410360e-01 1.174805e+00 2.250981e-01 2.859738e-05 -4.191858e-05 2.182439e-05 5.800438e-05
11552.600000 8.124767e-01 9.374429e-01 1.166563e+00 2.206824e-01 1.076675e-05 -2.945407e-05 3.992827e-05 5.983456e-05
11552.800000 8.161220e-01 9.412865e-01 1.167493e+00 2.260508e-01 2.095141e-05 -2.589772e-05 4.359953e-05 6.040639e-05
11553.000000 8.155188e-01 9.409102e-01 1.163740e+00 2.256194e-01 1.432435e-05 -3.109944e-05 2.009541e-05 5.229095e-05
11553.200000 8.156975e-01 9.407150e-01 1.158990e+00 2.269871e-01 3.166208e-05 -3.092755e-05 2.333021e-05 5.055360e-05
11553.400000 8.123643e-01 9.365878e-01 1.150785e+00 2.293198e-01 1.747622e-05 -3.321069e-05 4.177780e-05 6.467461e-05
11553.600000 8.156696e-01 9.405219e-01 1.151488e+00 2.289206e-01 2.999046e-05 -3.440759e-05 3.437881e-05 4.425176e-05
11553.800000 8.116958e-01 9.362207e-01 1.141236e+00 2.313038e-01 2.607291e-05 -3.527481e-05 3.398877e-05 2.329993e-05
11554.000000 8.112511e-01 9.352397e-01 1.134882e+00 2.344716e-01 2.799757e-05 -3.688805e-05 4.066878e-05 4.953760e-05
11554.200000 8.142347e-01 9.388357e-01 1.134802e+00 2.363384e-01 1.869350e-05 -2.657742e-05 3.528777e-05 4.483084e-05
11554.400000 8.139344e-01 9.375919e-01 1.128440e+00 2.356062e-01 3.842011e-05 -1.513516e-05 2.226223e-05 5.872758e-05
11554.600000 8.145292e-01 9.387340e-01 1.124761e+00 2.368275e-01 2.406585e-05 -1.879383e-05 2.574394e-05 6.421522e-05
11554.800000 8.148016e-01 9.384752e-01 1.119295e+00 2.402141e-01 3.664544e-05 -2.471325e-05 3.953651e-05 7.027036e-05
11555.000000 8.166867e-01 9.407734e-01 1.116326e+00 2.415660e-01 2.323619e-05 -2.808935e-05 4.790520e-05 6.090469e-05
11555.200000 8.075641e-01 9.296706e-01 1.096298e+00 2.435521e-01 3.141824e-05 -2.864040e-05 3.562568e-05 5.055262e-05
11555.400000 8.186106e-01 9.426536e-01 1.106319e+00 2.456327e-01 3.033647e-05 -3.044400e-05 5.070749e-05 6.815468e-05
11555.600000 8.123023e-01 9.347594e-01 1.089771e+00 2.472772e-01 3.297008e-05 -2.154067e-05 5.132372e-05 6.107288e-05
11555.800000 8.112412e-01 9.337689e-01 1.082511e+00 2.494504e-01 2.577685e-05 -2.247460e-05 4.714142e-05 6.469166e-05
11556.000000 8.116997e-01 9.336299e-01 1.075120e+00 2.513548e-01 2.261527e-05 -2.563284e-05 5.197945e-05 7.122614e-05
11556.200000 8.184186e-01 9.414432e-01 1.077217e+00 2.561085e-01 3.363672e-05 -3.202654e-05 4.740797e-05 7.021106e-05
11556.400000 8.053600e-01 9.258440e-01 1.050975e+00 2.553487e-01 4.032894e-05 -3.828739e-05 4.986447e-05 7.145843e-05
11556.600000 8.141761e-01 9.357280e-01 1.054999e+00 2.609462e-01 3.540660e-05 -3.481338e-05 4.427791e-05 5.765319e-05
11556.800000 8.144039e-01 9.353565e-01 1.046282e+00 2.619415e-01 2.702140e-05 -3.763347e-05 4.010887e-05 3.716915e-05
11557.000000 8.174988e-01 9.389705e-01 1.041786e+00 2.685300e-01 3.106477e-05 -3.572662e-05 5.831527e-05 5.747099e-05
11557.200000 8.128253e-01 9.329725e-01 1.025706e+00 2.710382e-01 1.424241e-05 -2.958580e-05 5.249904e-05 5.843421e-05
11557.400000 8.143585e-01 9.344142e-01 1.017110e+00 2.767997e-01 2.970248e-05 -2.407820e-05 6.229110e-05 7.003970e-05
11557.600000 8.077810e-01 9.265765e-01 9.999664e-01 2.730750e-01 2.292197e-05 -2.916409e-05 4.736825e-05 6.616556e-05
11557.800000 8.134747e-01 9.323646e-01 9.950149e-01 2.799105e-01 4.069598e-05 -2.607066e-05 1.683372e-05 6.913365e-05
11558.000000 8.113782e-01 9.294142e-01 9.807832e-01 2.836230e-01 2.767750e-05 -1.602343e-05 2.518802e-05 6.865553e-05
11558.200000 8.165925e-01 9.349207e-01 9.753377e-01 2.875747e-01 4.018220e-05 -3.130160e-05 3.539071e-05 7.736056e-05
11558.400000 8.091508e-01 9.257317e-01 9.534512e-01 2.916088e-01 2.589896e-05 -2.672629e-05 2.611655e-05 7.583227e-05
11558.600000 8.078924e-01 9.238489e-01 9.392653e-01 2.976229e-01 4.318582e-05 -2.472558e-05 2.685858e-05 6.905739e-05
11558.800000 8.158138e-01 9.323782e-01 9.347784e-01 3.029813e-01 4.242270e-05 -3.280557e-05 2.795731e-05 6.279968e-05
11559.000000 8.146097e-01 9.302537e-01 9.173756e-01 3.072438e-01 5.183194e-05 -3.410655e-05 3.315188e-05 6.302564e-05
11559.200000 8.099579e-01 9.235133e-01 8.963499e-01 3.104975e-01 5.229180e-05 -5.188904e-05 2.413763e-05 6.287552e-05
11559.400000 8.111733e-01 9.243851e-01 8.810697e-01 3.174328e-01 5.256645e-05 -6.147481e-05 2.278507e-05 7.051946e-05
11559.600000 8.063438e-01 9.181926e-01 8.587493e-01 3.251616e-01 5.614099e-05 -4.808456e-05 3.013872e-05 7.338885e-05
11559.800000 8.153330e-01 9.275288e-01 8.498608e-01 3.348108e-01 3.502397e-05 -3.945605e-05 3.014528e-05 6.470151e-05
11560.000000 8.108344e-01 9.208752e-01 8.248285e-01 3.403860e-01 3.998540e-05 -3.739768e-05 2.609149e-05 5.998989e-05
11560.200000 8.121687e-01 9.215530e-01 8.073516e-01 3.481400e-01 3.846400e-05 -3.431633e-05 3.257473e-05 6.275644e-05
11560.400000 8.182768e-01 9.271278e-01 7.921938e-01 3.607754e-01 3.426530e-05 -3.556286e-05 2.372817e-05 6.671209e-05
11560.600000 8.098409e-01 9.163253e-01 7.620656e-01 3.682976e-01 3.573784e-05 -3.948400e-05 2.940116e-05 8.092199e-05
11560.800000 8.111560e-01 9.161313e-01 7.384782e-01 3.771819e-01 2.930239e-05 -4.904143e-05 1.863169e-05 6.455368e-05
11561.000000 8.137194e-01 9.174371e-01 7.145396e-01 3.899942e-01 4.056469e-05 -4.475087e-05 4.162486e-05 6.304061e-05
11561.200000 8.136162e-01 9.154213e-01 6.897813e-01 4.018482e-01 3.923588e-05 -4.044217e-05 2.839948e-05 6.906904e-05
11561.400000 8.124982e-01 9.122479e-01 6.613389e-01 4.160166e-01 3.251857e-05 -2.455637e-05 2.456651e-05 7.062427e-05
11561.600000 8.088081e-01 9.060085e-01 6.300514e-01 4.285515e-01 3.073197e-05 -2.937999e-05 2.598790e-05 6.723572e-05
11561.800000 8.156345e-01 9.115623e-01 6.075083e-01 4.484000e-01 3.791041e-05 -3.472617e-05 3.200777e-05 6.770884e-05
11562.000000 8.059978e-01 8.982789e-01 5.707826e-01 4.605602e-01 3.297054e-05 -3.718582e-05 2.567724e-05 5.602428e-05
11562.200000 8.183270e-01 9.094681e-01 5.506128e-01 4.819664e-01 3.490669e-05 -3.655371e-05 4.809637e-05 5.633055e-05
11562.400000 8.114252e-01 8.991367e-01 5.174543e-01 4.964242e-01 2.478611e-05 -4.272944e-05 5.910473e-05 6.015816e-05
11562.600000 8.128263e-01 8.972646e-01 4.865765e-01 5.198051e-01 2.639073e-05 -3.011880e-05 5.205674e-05 5.856454e-05
11562.800000 8.123702e-01 8.936828e-01 4.555657e-01 5.420419e-01 3.260678e-05 -2.432367e-05 5.692407e-05 6.628262e-05
11563.000000 8.137642e-01 8.916277e-01 4.257529e-01 5.679898e-01 3.466039e-05 -2.405850e-05 4.594705e-05 6.330309e-05
11563.200000 8.126163e-01 8.866201e-01 3.941202e-01 5.927900e-01 3.218345e-05 -2.863851e-05 4.773904e-05 7.198179e-05
11563.400000 8.125814e-01 8.828068e-01 3.656747e-01 6.151616e-01 4.257989e-05 -2.675428e-05 4.088601e-05 7.431819e-05
11563.600000 8.130142e-01 8.787479e-01 3.373061e-01 6.460773e-01 4.548821e-05 -2.328450e-05 5.078478e-05 6.809200e-05
11563.800000 8.126143e-01 8.743206e-01 3.119172e-01 6.718090e-01 3.401638e-05 -3.312795e-05 4.934199e-05 6.448235e-05
11564.000000 8.143486e-01 8.719259e-01 2.877318e-01 7.009414e-01 2.758819e-05 -3.825487e-05 3.051906e-05 5.589801e-05
11564.200000 8.118293e-01 8.646607e-01 2.626278e-01 7.330440e-01 3.156262e-05 -3.918877e-05 -3.153402e-06 4.577286e-05
11564.400000 8.127710e-01 8.606828e-01 2.400427e-01 7.651674e-01 4.234652e-05 -3.906013e-05 3.954210e-05 6.786073e-05
11564.600000 8.126438e-01 8.560804e-01 2.200827e-01 7.928267e-01 3.048814e-05 -4.426525e-05 3.557831e-05 5.418402e-05
11564.800000 8.118062e-01 8.511299e-01 2.027147e-01 8.218546e-01 2.996063e-05 -4.319217e-05 3.385244e-05 5.788693e-05
11565.000000 8.131993e-01 8.478826e-01 1.867782e-01 8.528216e-01 3.397814e-05 -3.311711e-05 2.910932e-05 5.998414e-05
11565.200000 8.129346e-01 8.437078e-01 1.729368e-01 8.797359e-01 3.299483e-05 -3.716120e-05 4.240774e-05 6.129229e-05
11565.400000 8.128019e-01 8.394147e-01 1.604585e-01 9.057111e-01 3.543677e-05 -3.809158e-05 4.942292e-05 6.855250e-05
11565.600000 8.137296e-01 8.367255e-01 1.508646e-01 9.285429e-01 3.145602e-05 -3.579610e-05 2.831247e-05 5.885943e-05
11565.800000 8.115342e-01 8.314588e-01 1.426507e-01 9.503850e-01 2.481615e-05 -3.725466e-05 3.213456e-05 6.712348e-05
11566.000000 8.125036e-01 8.292364e-01 1.355878e-01 9.710120e-01 1.837414e-05 -4.803527e-05 3.161457e-05 6.595559e-05
11566.200000 8.137154e-01 8.280516e-01 1.310834e-01 9.903524e-01 2.705661e-05 -4.416063e-05 1.583700e-05 5.642576e-05
11566.400000 8.136138e-01 8.255428e-01 1.270630e-01 1.006474e+00 2.408562e-05 -4.260961e-05 2.752611e-05 5.393879e-05
11566.600000 8.093867e-01 8.196204e-01 1.240216e-01 1.007748e+00 2.052124e-05 -3.536353e-05 2.975753e-05 5.751140e-05
11566.800000 8.135348e-01 8.225673e-01 1.234824e-01 1.023034e+00 3.328165e-05 -3.364089e-05 3.819061e-05 5.114036e-05
11567.000000 8.076724e-01 8.155481e-01 1.225319e-01 1.023139e+00 2.349360e-05 -3.285432e-05 2.729779e-05 5.289971e-05
11567.200000 8.126103e-01 8.202139e-01 1.235602e-01 1.029200e+00 2.395791e-05 -3.569049e-05 2.274370e-05 6.588856e-05
11567.400000 8.099553e-01 8.175677e-01 1.243681e-01 1.025062e+00 2.336349e-05 -3.886855e-05 2.495132e-05 6.121776e-05
11567.600000 8.143070e-01 8.223839e-01 1.268776e-01 1.029362e+00 3.459931e-05 -3.080168e-05 3.382916e-05 6.311788e-05
11567.800000 8.063781e-01 8.150090e-01 1.276089e-01 1.017836e+00 2.395009e-05 -2.273008e-05 3.662315e-05 6.186582e-05
11568.000000 8.137363e-01 8.231533e-01 1.316411e-01 1.017205e+00 1.938238e-05 -2.550602e-05 2.513157e-05 5.954230e-05
11568.200000 8.092075e-01 8.199075e-01 1.337306e-01 1.003301e+00 8.517657e-06 -3.234948e-05 1.943423e-05 5.894599e-05
11568.400000 8.110856e-01 8.234061e-01 1.377706e-01 9.968459e-01 1.713495e-05 -3.003473e-05 2.840784e-05 5.753289e-05
11568.600000 8.114045e-01 8.253962e-01 1.413140e-01 9.863353e-01 2.290663e-05 -3.120393e-05 3.082027e-05 6.045979e-05
11568.800000 8.115131e-01 8.274160e-01 1.450064e-01 9.735373e-01 2.547775e-05 -3.577300e-05 3.930706e-05 5.470200e-05
11569.000000 8.123062e-01 8.301867e-01 1.491440e-01 9.619616e-01 3.031624e-05 -3.858575e-05 3.500922e-05 6.016739e-05
11569.200000 8.123189e-01 8.325629e-01 1.528829e-01 9.456550e-01 3.030589e-05 -3.671691e-05 4.028540e-05 6.168201e-05
11569.400000 8.111215e-01 8.334471e-01 1.565925e-01 9.320802e-01 3.328633e-05 -2.971785e-05 3.351376e-05 6.373113e-05
11569.600000 8.106816e-01 8.349716e-01 1.603811e-01 9.153634e-01 4.132651e-05 -4.027817e-05 1.853539e-05 6.347428e-05
11569.800000 8.116325e-01 8.383516e-01 1.644113e-01 9.021754e-01 3.768812e-05 -4.737331e-05 4.645807e-05 6.528909e-05
11570.000000 8.117230e-01 8.405936e-01 1.680255e-01 8.872010e-01 4.338970e-05 -3.887110e-05 4.162172e-05 5.596448e-05
11570.200000 8.106347e-01 8.415256e-01 1.714167e-01 8.741417e-01 4.572303e-05 -4.236412e-05 2.709769e-05 4.451742e-05
11570.400000 8.137136e-01 8.467741e-01 1.756050e-01 8.630887e-01 3.654954e-05 -4.455558e-05 4.310558e-05 5.156368e-05
11570.600000 8.113587e-01 8.464097e-01 1.781977e-01 8.482221e-01 4.107263e-05 -4.360664e-05 5.157510e-05 4.160614e-05
11570.800000 8.098847e-01 8.467910e-01 1.811005e-01 8.340554e-01 4.157172e-05 -4.305086e-05 3.933665e-05 4.479949e-05
11571.000000 8.128069e-01 8.516796e-01 1.849573e-01 8.255828e-01 3.402762e-05 -4.652122e-05 4.563693e-05 4.441460e-05
11571.200000 8.131489e-01 8.538100e-01 1.882192e-01 8.162380e-01 4.263817e-05 -5.967496e-05 3.814791e-05 5.497185e-05
11571.400000 8.106023e-01 8.526288e-01 1.902098e-01 8.042561e-01 3.982301e-05 -5.430450e-05 6.559957e-05 6.524073e-05
11571.600000 8.096423e-01 8.533449e-01 1.930298e-01 7.910645e-01 3.236472e-05 -5.047475e-05 4.969391e-05 5.864303e-05
11571.800000 8.130949e-01 8.584244e-01 1.963284e-01 7.853035e-01 2.652136e-05 -4.637001e-05 5.078395e-05 5.759341e-05
11572.000000 8.098589e-01 8.563228e-01 1.980162e-01 7.749208e-01 2.507764e-05 -4.618553e-05 4.437787e-05 4.167159e-05
11572.200000 8.114448e-01 8.594811e-01 2.011361e-01 7.673693e-01 2.783724e-05 -4.154627e-05 3.941515e-05 5.017408e-05
11572.400000 8.110061e-01 8.601694e-01 2.032706e-01 7.587659e-01 2.438809e-05 -4.156325e-05 2.980508e-05 5.590983e-05
11572.600000 8.108894e-01 8.611821e-01 2.055758e-01 7.519301e-01 1.976763e-05 -3.872506e-05 3.497831e-05 4.993770e-05
11572.800000 8.101853e-01 8.615752e-01 2.078304e-01 7.466035e-01 1.760710e-05 -3.850216e-05 4.132984e-05 5.002544e-05
11573.000000 8.112734e-01 8.636183e-01 2.099507e-01 7.384265e-01 1.375370e-05 -3.699382e-05 4.969774e-05 3.760057e-05
11573.200000 8.096916e-01 8.628397e-01 2.114732e-01 7.324156e-01 2.750109e-05 -3.505179e-05 2.777996e-05 4.476354e-05
11573.400000 8.105515e-01 8.649185e-01 2.137967e-01 7.273505e-01 3.557525e-05 -3.697733e-05 2.678439e-05 4.324518e-05
11573.600000 8.104317e-01 8.655667e-01 2.156785e-01 7.218036e-01 2.973287e-05 -4.362757e-05 4.246244e-05 5.225292e-05
11573.800000 8.109050e-01 8.668015e-01 2.175977e-01 7.186617e-01 3.196266e-05 -4.099502e-05 3.059440e-05 4.091198e-05
11574.000000 8.102032e-01 8.667430e-01 2.189140e-01 7.143307e-01 3.091184e-05 -3.715444e-05 4.923339e-05 4.760047e-05
11574.200000 8.112185e-01 8.686572e-01 2.207316e-01 7.115491e-01 2.949391e-05 -3.555170e-05 4.483294e-05 5.173454e-05
11574.400000 8.105739e-01 8.685859e-01 2.218291e-01 7.075789e-01 3.778039e-05 -3.733157e-05 4.383566e-05 4.274418e-05
11574.600000 8.107391e-01 8.693265e-01 2.231081e-01 7.042138e-01 3.459714e-05 -2.750905e-05 4.165193e-05 4.162914e-05
11574.800000 8.098087e-01 8.689105e-01 2.238978e-01 7.008772e-01 3.007841e-05 -1.662732e-05 3.338273e-05 4.127856e-05
11575.000000 8.116459e-01 8.713857e-01 2.250852e-01 6.998560e-01 3.024752e-05 -1.431748e-05 4.980934e-05 5.022725e-05
11575.200000 8.094517e-01 8.696093e-01 2.253810e-01 6.966992e-01 2.578493e-05 -1.457662e-05 4.930808e-05 4.845731e-05
11575.400000 8.109224e-01 8.716177e-01 2.262829e-01 6.936196e-01 3.278019e-05 -2.449387e-05 4.652505e-05 5.878489e-05
11575.600000 8.105479e-01 8.714783e-01 2.266569e-01 6.908834e-01 4.062267e-05 -2.636350e-05 4.276402e-05 5.929322e-05
11575.800000 8.094274e-01 8.706281e-01 2.266008e-01 6.884126e-01 3.054745e-05 -2.668471e-05 3.865632e-05 5.653193e-05
11576.000000 8.107669e-01 8.723341e-01 2.270144e-01 6.873423e-01 3.045557e-05 -2.277894e-05 3.527572e-05 6.960064e-05
11576.200000 8.101276e-01 8.722181e-01 2.268311e-01 6.862139e-01 2.502894e-05 -2.960063e-05 4.059747e-05 5.627051e-05
11576.400000 8.107027e-01 8.727346e-01 2.264314e-01 6.854699e-01 3.041176e-05 -2.617530e-05 3.985306e-05 5.634178e-05
11576.600000 8.104684e-01 8.727625e-01 2.261009e-01 6.836253e-01 3.476875e-05 -1.790389e-05 5.414825e-05 5.893721e-05
11576.800000 8.102410e-01 8.727450e-01 2.254718e-01 6.829081e-01 2.877849e-05 -2.416832e-05 4.133657e-05 5.252101e-05
11577.000000 8.108309e-01 8.734577e-01 2.249415e-01 6.832628e-01 1.931841e-05 -2.305853e-05 4.838801e-05 4.344803e-05
11577.200000 8.094601e-01 8.721017e-01 2.239257e-01 6.824979e-01 2.128061e-05 -1.649961e-05 4.632995e-05 4.659453e-05
11577.400000 8.097085e-01 8.725164e-01 2.229579e-01 6.826341e-01 3.506152e-05 -1.286909e-05 5.115798e-05 5.041701e-05
11577.600000 8.113075e-01 8.744776e-01 2.227244e-01 6.838888e-01 3.826379e-05 -1.221601e-05 4.639044e-05 5.345438e-05
11577.800000 8.103266e-01 8.735845e-01 2.214953e-01 6.849333e-01 2.901413e-05 -2.667261e-05 5.403468e-05 4.788495e-05
11578.000000 8.110240e-01 8.743055e-01 2.206002e-01 6.852309e-01 2.872669e-05 -2.980759e-05 3.143392e-05 4.748037e-05
11578.200000 8.074775e-01 8.702643e-01 2.184054e-01 6.811463e-01 2.811733e-05 -3.406209e-05 3.378619e-05 4.506081e-05
11578.400000 8.092224e-01 8.723476e-01 2.180878e-01 6.835709e-01 2.948436e-05 -2.075040e-05 3.646192e-05 3.427385e-05
11578.600000 8.096529e-01 8.727729e-01 2.169879e-01 6.856070e-01 2.307806e-05 -2.035197e-05 3.960781e-05 4.624204e-05
11578.800000 8.099904e-01 8.731879e-01 2.161381e-01 6.872868e-01 1.905718e-05 -2.159714e-05 4.482802e-05 5.313705e-05
11579.000000 8.106252e-01 8.738917e-01 2.153014e-01 6.872191e-01 2.984084e-05 -1.428960e-05 4.394206e-05 4.688411e-05
11579.200000 8.076175e-01 8.705709e-01 2.135490e-01 6.867140e-01 3.510593e-05 -2.293986e-05 5.202272e-05 4.576415e-05
11579.400000 8.097873e-01 8.727241e-01 2.129380e-01 6.893203e-01 3.179927e-05 -2.069778e-05 3.945084e-05 4.427275e-05
11579.600000 8.091512e-01 8.718350e-01 2.117575e-01 6.883720e-01 3.472374e-05 -2.954618e-05 3.391579e-05 4.765358e-05
11579.800000 8.102445e-01 8.729913e-01 2.116116e-01 6.911477e-01 3.007266e-05 -3.233438e-05 3.264239e-05 4.317607e-05
11580.000000 8.080745e-01 8.706584e-01 2.103609e-01 6.939123e-01 3.137543e-05 -3.086007e-05 4.852592e-05 4.950573e-05
11580.200000 8.085552e-01 8.711231e-01 2.100750e-01 6.938866e-01 2.989076e-05 -2.756439e-05 4.699094e-05 4.547996e-05
11580.400000 8.104290e-01 8.731488e-01 2.101299e-01 6.946183e-01 3.318873e-05 -3.367940e-05 4.119303e-05 4.185902e-05
11580.600000 8.086686e-01 8.711376e-01 2.095656e-01 6.951241e-01 3.217354e-05 -3.900782e-05 4.385066e-05 4.319816e-05
11580.800000 8.099348e-01 8.723326e-01 2.094547e-01 6.971933e-01 2.995904e-05 -2.845497e-05 4.426303e-05 4.535506e-05
11581.000000 8.090381e-01 8.714126e-01 2.091138e-01 6.964831e-01 2.879805e-05 -2.192388e-05 3.739061e-05 2.745810e-05
11581.200000 8.082639e-01 8.704615e-01 2.096401e-01 6.971171e-01 3.024301e-05 -1.981952e-05 3.243239e-05 2.322477e-05
11581.400000 8.084617e-01 8.707907e-01 2.102575e-01 6.996742e-01 3.174743e-05 -1.608521e-05 4.418883e-05 4.011592e-05
11581.600000 8.102778e-01 8.726844e-01 2.115449e-01 7.012266e-01 4.438347e-05 -1.863872e-05 4.991250e-05 5.326220e-05
11581.800000 8.089143e-01 8.709714e-01 2.115815e-01 6.993949e-01 3.602618e-05 -1.170581e-05 4.719524e-05 5.769615e-05
11582.000000 8.071427e-01 8.691790e-01 2.119199e-01 6.990491e-01 4.266551e-05 -1.776287e-05 3.310210e-05 5.299331e-05
11582.200000 8.091828e-01 8.713473e-01 2.136476e-01 7.013640e-01 5.118467e-05 -2.492900e-05 3.458409e-05 4.415813e-05
11582.400000 8.107313e-01 8.730435e-01 2.151384e-01 7.031739e-01 4.807061e-05 -1.567250e-05 3.412550e-05 3.828503e-05
11582.600000 8.087472e-01 8.709694e-01 2.159137e-01 7.003133e-01 4.252136e-05 -1.978025e-05 5.599218e-05 4.490908e-05
11582.800000 8.087960e-01 8.710254e-01 2.170022e-01 7.010678e-01 3.367300e-05 -3.236619e-05 4.477611e-05 4.286586e-05
11583.000000 8.098437e-01 8.720425e-01 2.185725e-01 7.050856e-01 4.377952e-05 -1.696409e-05 3.988430e-05 5.483532e-05
11583.200000 8.096764e-01 8.719004e-01 2.197804e-01 7.034037e-01 4.398115e-05 -1.233082e-05 3.897839e-05 4.860469e-05
11583.400000 8.084393e-01 8.704539e-01 2.211341e-01 7.024099e-01 2.776444e-05 -2.406000e-05 3.619343e-05 5.338635e-05
11583.600000 8.106884e-01 8.730835e-01 2.229237e-01 7.028993e-01 1.276324e-05 -2.463594e-05 3.570953e-05 4.428547e-05
11583.800000 8.076106e-01 8.698711e-01 2.233977e-01 7.014964e-01 2.525717e-05 -2.397901e-05 3.048993e-05 4.577942e-05
11584.000000 8.106928e-01 8.734511e-01 2.254630e-01 7.057748e-01 2.472147e-05 -2.347622e-05 3.714113e-05 4.211661e-05
11584.200000 8.068566e-01 8.693702e-01 2.255693e-01 7.020533e-01 2.810593e-05 -3.030455e-05 3.572209e-05 4.843048e-05
11584.400000 8.101636e-01 8.729169e-01 2.273096e-01 7.025316e-01 4.115055e-05 -3.093902e-05 4.744558e-05 4.807398e-05
11584.600000 8.077577e-01 8.702897e-01 2.276448e-01 7.024671e-01 3.072449e-05 -1.976695e-05 5.044877e-05 5.451729e-05
11584.800000 8.059233e-01 8.683007e-01 2.277297e-01 7.014617e-01 3.218472e-05 -7.401141e-06 3.729359e-05 5.282838e-05
11585.000000 8.091758e-01 8.718286e-01 2.295227e-01 7.043215e-01 2.925942e-05 -7.235271e-06 3.191630e-05 5.098783e-05
11585.200000 8.092898e-01 8.719346e-01 2.302001e-01 7.053429e-01 2.215419e-05 -2.926054e-07 1.880763e-05 5.173069e-05
11585.400000 8.092459e-01 8.724022e-01 2.305755e-01 7.065931e-01 2.310505e-05 2.221453e-06 1.359433e-05 6.004580e-05
11585.600000 8.100391e-01 8.733701e-01 2.312549e-01 7.071184e-01 2.179491e-05 -6.832725e-06 3.466834e-05 6.178846e-05
11585.800000 8.108148e-01 8.743022e-01 2.319960e-01 7.083996e-01 1.995321e-05 -1.602156e-05 4.817955e-05 5.551264e-05
11586.000000 8.098668e-01 8.729591e-01 2.318090e-01 7.064891e-01 2.445966e-05 -2.096090e-05 4.127578e-05 5.335144e-05
11586.200000 8.010642e-01 8.631149e-01 2.295070e-01 6.959148e-01 1.453494e-05 -2.555215e-05 5.307360e-05 5.816359e-05
11586.400000 8.069387e-01 8.695744e-01 2.312873e-01 7.026013e-01 1.305970e-05 -2.491498e-05 4.974111e-05 5.879068e-05
11586.600000 8.070811e-01 8.699623e-01 2.317164e-01 7.067104e-01 2.215912e-05 -1.975074e-05 4.617408e-05 5.987254e-05
11586.800000 8.120925e-01 8.754857e-01 2.328376e-01 7.086083e-01 2.558274e-05 -2.388377e-05 5.123162e-05 5.510795e-05
11587.000000 8.054882e-01 8.684575e-01 2.310283e-01 7.030171e-01 2.419787e-05 -2.344978e-05 3.768291e-05 5.531863e-05
11587.200000 8.105655e-01 8.740662e-01 2.327779e-01 7.124251e-01 3.116203e-05 -2.372657e-05 4.235845e-05 4.651997e-05
11587.400000 8.074529e-01 8.704104e-01 2.317387e-01 7.083616e-01 2.335654e-05 -2.318477e-05 3.816943e-05 4.799172e-05
11587.600000 8.096181e-01 8.726614e-01 2.318169e-01 7.085909e-01 3.262129e-05 -1.797296e-05 4.134951e-05 5.289403e-05
11587.800000 8.064243e-01 8.692199e-01 2.305748e-01 7.059634e-01 3.348453e-05 -6.277594e-06 3.339630e-05 5.755326e-05
11588.000000 8.062450e-01 8.689058e-01 2.301940e-01 7.065259e-01 2.433723e-05 -1.470008e-05 4.000923e-05 5.374696e-05
11588.200000 8.102762e-01 8.732978e-01 2.311604e-01 7.140630e-01 3.145291e-05 -2.137253e-05 4.318404e-05 4.604730e-05
11588.400000 8.058552e-01 8.690558e-01 2.298680e-01 7.110767e-01 3.953588e-05 -2.994265e-05 4.573591e-05 4.068798e-05
11588.600000 8.114760e-01 8.748953e-01 2.305091e-01 7.159327e-01 3.854719e-05 -3.092563e-05 5.628074e-05 5.213000e-05
11588.800000 8.070230e-01 8.699492e-01 2.285326e-01 7.117815e-01 2.693280e-05 -2.911241e-05 5.601942e-05 4.628711e-05
11589.000000 8.096370e-01 8.725053e-01 2.284674e-01 7.120258e-01 2.333438e-05 -2.057326e-05 6.196512e-05 4.759260e-05
11589.200000 8.047989e-01 8.673131e-01 2.261576e-01 7.113377e-01 2.515209e-05 -1.875591e-05 5.422636e-05 4.573602e-05
11589.400000 8.085039e-01 8.713844e-01 2.265331e-01 7.186046e-01 2.443367e-05 -1.439172e-05 3.315727e-05 5.086822e-05
11589.600000 8.083017e-01 8.712102e-01 2.252872e-01 7.150851e-01 1.975286e-05 -1.691674e-05 2.895340e-05 5.719356e-05
11589.800000 8.091229e-01 8.722088e-01 2.248212e-01 7.198041e-01 1.257543e-05 -1.735941e-05 3.602590e-05 6.330164e-05
11590.000000 8.081930e-01 8.709790e-01 2.231729e-01 7.170274e-01 1.884765e-05 -9.910787e-06 4.147089e-05 5.136049e-05
11590.200000 8.085056e-01 8.710749e-01 2.218546e-01 7.185582e-01 2.247087e-05 -6.088710e-06 5.299995e-05 5.832190e-05
11590.400000 8.071320e-01 8.695522e-01 2.201878e-01 7.207997e-01 1.968155e-05 9.489998e-08 4.340703e-05 5.664695e-05
11590.600000 8.079337e-01 8.704720e-01 2.188107e-01 7.193087e-01 2.479555e-05 -7.314282e-06 4.567121e-05 4.229689e-05
11590.800000 8.049677e-01 8.671578e-01 2.167298e-01 7.193480e-01 2.852758e-05 -1.463772e-05 5.017926e-05 5.255480e-05
11591.000000 8.090530e-01 8.714109e-01 2.163684e-01 7.237086e-01 2.270790e-05 -1.738639e-05 4.801518e-05 6.407148e-05
11591.200000 8.058005e-01 8.679840e-01 2.134482e-01 7.218792e-01 2.554742e-05 -8.914575e-06 5.016892e-05 6.493263e-05
11591.400000 8.067341e-01 8.684832e-01 2.120555e-01 7.268342e-01 3.042443e-05 -1.773104e-05 4.245835e-05 4.787041e-05
11591.600000 8.069318e-01 8.688462e-01 2.106047e-01 7.250309e-01 3.092795e-05 -1.686280e-05 4.332245e-05 6.033938e-05
11591.800000 8.098703e-01 8.718349e-01 2.098260e-01 7.317575e-01 3.086332e-05 -1.005775e-05 3.841750e-05 7.032480e-05
11592.000000 8.074119e-01 8.691606e-01 2.074616e-01 7.291111e-01 3.625135e-05 -6.988856e-06 5.231393e-05 6.864917e-05
11592.200000 8.028101e-01 8.641391e-01 2.045218e-01 7.241471e-01 3.082685e-05 -9.873262e-06 3.610157e-05 6.895582e-05
11592.400000 8.024558e-01 8.635479e-01 2.028208e-01 7.274472e-01 2.750710e-05 -1.387638e-05 2.965907e-05 6.023173e-05
11592.600000 8.116705e-01 8.733478e-01 2.034575e-01 7.382328e-01 3.528465e-05 -9.695854e-06 2.907574e-05 3.843405e-05
11592.800000 8.105609e-01 8.723031e-01 2.015877e-01 7.352315e-01 3.064369e-05 -1.092815e-05 2.341932e-05 4.817715e-05
11593.000000 8.019117e-01 8.629103e-01 1.984457e-01 7.276514e-01 2.813443e-05 -1.013065e-05 4.363406e-05 6.472491e-05
11593.200000 8.095750e-01 8.708785e-01 1.987448e-01 7.405291e-01 3.056013e-05 -1.768300e-05 5.311750e-05 6.863405e-05
11593.400000 8.065667e-01 8.677100e-01 1.970114e-01 7.374029e-01 2.956270e-05 -1.413088e-05 3.492666e-05 5.983943e-05
11593.600000 8.115010e-01 8.726057e-01 1.967828e-01 7.445412e-01 3.557797e-05 -2.640759e-06 2.344978e-05 5.277403e-05
11593.800000 8.054911e-01 8.662748e-01 1.944187e-01 7.408329e-01 2.502441e-05 -8.194098e-07 2.190715e-05 4.752743e-05
11594.000000 8.085128e-01 8.691369e-01 1.945467e-01 7.414078e-01 3.874914e-05 -7.493641e-07 1.129272e-05 4.027202e-05
11594.200000 8.095660e-01 8.704512e-01 1.939361e-01 7.438109e-01 4.462207e-05 5.060162e-07 1.816501e-05 4.876051e-05
11594.400000 8.009293e-01 8.611992e-01 1.915581e-01 7.382044e-01 3.194382e-05 4.950810e-06 1.543187e-05 4.918125e-05
11594.600000 8.095738e-01 8.702500e-01 1.932523e-01 7.499152e-01 3.400196e-05 -6.935648e-07 2.682349e-05 4.642135e-05
11594.800000 8.057666e-01 8.665053e-01 1.919087e-01 7.443177e-01 3.512908e-05 -5.449449e-06 4.638081e-05 3.824076e-05
11595.000000 8.064306e-01 8.670452e-01 1.922267e-01 7.450634e-01 4.120160e-05 -7.061386e-06 3.963797e-05 2.863150e-05
11595.200000 8.063469e-01 8.670917e-01 1.924397e-01 7.436782e-01 3.260794e-05 -2.059110e-05 3.331847e-05 3.794290e-05
11595.400000 8.063661e-01 8.668407e-01 1.924957e-01 7.444582e-01 3.270015e-05 -1.192482e-05 3.354306e-05 3.998148e-05
11595.600000 8.075166e-01 8.682222e-01 1.932166e-01 7.465247e-01 3.070433e-05 -1.845125e-05 2.041365e-05 4.486237e-05
11595.800000 8.053380e-01 8.654277e-01 1.933262e-01 7.435196e-01 3.238896e-05 -1.009580e-05 2.889188e-05 4.410178e-05
11596.000000 8.067758e-01 8.675075e-01 1.939581e-01 7.445149e-01 3.200189e-05 -1.759387e-05 3.312158e-05 3.820915e-05
11596.200000 8.074405e-01 8.679027e-01 1.951667e-01 7.463578e-01 2.580181e-05 -1.785556e-05 3.982545e-05 3.539546e-05
11596.400000 8.026165e-01 8.628337e-01 1.944537e-01 7.409937e-01 3.089075e-05 -1.852806e-05 3.065016e-05 4.637656e-05
11596.600000 8.090266e-01 8.699103e-01 1.969775e-01 7.473867e-01 3.419717e-05 -1.167815e-05 3.230521e-05 5.416842e-05
11596.800000 8.043126e-01 8.649760e-01 1.971410e-01 7.411158e-01 3.990675e-05 -9.554374e-06 2.723140e-05 5.016311e-05
11597.000000 8.058846e-01 8.665449e-01 1.981183e-01 7.464438e-01 2.878959e-05 -9.786019e-06 2.408131e-05 4.119456e-05
11597.700000 8.062579e-01 8.673191e-01 2.019474e-01 7.483026e-01 3.430284e-05 -1.436868e-05 2.991731e-05 3.920017e-05
11598.400000 8.056466e-01 8.669098e-01 2.053489e-01 7.471769e-01 3.280640e-05 -1.541412e-05 3.242340e-05 4.314286e-05
11599.100000 8.060563e-01 8.675379e-01 2.088797e-01 7.482531e-01 3.118142e-05 -1.839459e-05 3.743288e-05 4.012001e-05
11599.800000 8.040577e-01 8.654868e-01 2.114211e-01 7.444919e-01 3.284718e-05 -1.408720e-05 2.221846e-05 3.630048e-05
11600.500000 8.051389e-01 8.669015e-01 2.141280e-01 7.467545e-01 3.405887e-05 -1.778500e-05 2.604106e-05 3.053935e-05
11601.200000 8.051552e-01 8.671432e-01 2.160551e-01 7.469129e-01 2.672160e-05 -1.699090e-05 3.214155e-05 3.346814e-05
11601.900000 8.054780e-01 8.677085e-01 2.175361e-01 7.506360e-01 2.310281e-05 -1.362708e-05 3.132261e-05 4.047130e-05
11602.600000 8.035326e-01 8.656563e-01 2.179383e-01 7.486092e-01 2.056317e-05 -1.416950e-05 3.292173e-05 4.123040e-05
11603.300000 8.040867e-01 8.665366e-01 2.192761e-01 7.485082e-01 1.436386e-05 -1.426936e-05 2.621452e-05 4.063081e-05
11604.993695 8.054409e-01 8.685631e-01 2.230876e-01 7.523506e-01 1.275232e-05 -7.330611e-06 2.888962e-05 3.950443e-05
11605.999583 8.044998e-01 8.676923e-01 2.254038e-01 7.535727e-01 1.461026e-05 -1.631339e-05 2.723390e-05 4.056145e-05
11607.017662 8.025332e-01 8.657052e-01 2.271654e-01 7.511644e-01 1.861912e-05 -2.697206e-05 3.397329e-05 3.896843e-05
11608.047933 8.028259e-01 8.661702e-01 2.288146e-01 7.540993e-01 1.868907e-05 -2.879573e-05 3.363613e-05 4.250574e-05
11609.090396 8.032182e-01 8.669060e-01 2.289258e-01 7.560460e-01 1.796373e-05 -2.515326e-05 2.725303e-05 4.196487e-05
11610.145051 8.022865e-01 8.659857e-01 2.272110e-01 7.579904e-01 1.518372e-05 -2.849529e-05 2.893112e-05 3.743988e-05
11611.211898 8.019623e-01 8.657736e-01 2.247074e-01 7.576850e-01 1.259397e-05 -2.333823e-05 2.888509e-05 3.556686e-05
11612.290937 8.020788e-01 8.660133e-01 2.212547e-01 7.614082e-01 1.151830e-05 -2.228773e-05 1.605434e-05 3.794840e-05
11613.382167 8.019634e-01 8.660848e-01 2.175166e-01 7.630727e-01 1.680489e-05 -2.609316e-05 1.520522e-05 4.583731e-05
11614.485590 8.018286e-01 8.660711e-01 2.136313e-01 7.644480e-01 4.474206e-06 -3.050442e-05 2.604819e-05 5.087220e-05
11615.601204 8.017614e-01 8.662848e-01 2.096781e-01 7.658792e-01 8.464281e-06 -2.974104e-05 3.052215e-05 4.928307e-05
11616.729011 8.012275e-01 8.659268e-01 2.058026e-01 7.651080e-01 1.566236e-05 -2.405817e-05 2.009948e-05 4.033164e-05
11617.869009 8.014181e-01 8.665489e-01 2.027763e-01 7.663399e-01 2.140898e-05 -1.889149e-05 2.294209e-05 4.545039e-05
11619.021199 8.009204e-01 8.663960e-01 2.004001e-01 7.662168e-01 1.920156e-05 -1.229134e-05 1.372702e-05 4.264496e-05
11620.185582 7.999810e-01 8.658517e-01 1.989971e-01 7.664658e-01 1.714077e-05 -9.655760e-06 8.679599e-06 3.459848e-05
11621.362156 8.016195e-01 8.684068e-01 1.995306e-01 7.668090e-01 1.877311e-05 -1.314826e-05 7.958515e-06 3.897530e-05
11622.550922 8.009882e-01 8.684389e-01 2.005569e-01 7.622580e-01 2.338937e-05 -1.786578e-05 9.674653e-06 4.250245e-05
11623.751879 8.003782e-01 8.686242e-01 2.023878e-01 7.599006e-01 1.899600e-05 -1.973751e-05 6.598168e-06 4.625605e-05
11624.965029 8.002857e-01 8.694328e-01 2.041778e-01 7.594764e-01 2.725070e-05 -1.237624e-05 2.156522e-06 4.647626e-05
11626.190371 8.002870e-01 8.702692e-01 2.062329e-01 7.546182e-01 3.187541e-05 -4.866871e-06 -4.685286e-06 4.772485e-05
11627.427904 7.997553e-01 8.706782e-01 2.082077e-01 7.515731e-01 2.344007e-05 -1.327632e-05 1.595424e-05 4.017191e-05
11628.677630 7.991172e-01 8.708229e-01 2.100415e-01 7.494435e-01 3.208052e-05 -1.035807e-05 3.290503e-05 4.263872e-05
11629.939547 7.976063e-01 8.700861e-01 2.113983e-01 7.450570e-01 3.242860e-05 -1.369443e-05 2.541474e-05 4.501231e-05
11631.213657 7.997745e-01 8.734131e-01 2.137394e-01 7.431007e-01 3.700213e-05 -1.798282e-05 2.399931e-05 4.227350e-05
11632.499958 7.986438e-01 8.731801e-01 2.148811e-01 7.406343e-01 2.713220e-05 -2.265057e-05 1.707418e-05 4.623403e-05
11633.798451 7.991875e-01 8.745401e-01 2.164234e-01 7.384857e-01 2.116422e-05 -1.374784e-05 1.919395e-05 5.189563e-05
11635.109136 7.991155e-01 8.753717e-01 2.178381e-01 7.374336e-01 2.222279e-05 -4.897246e-06 2.279441e-05 4.883025e-05
11636.432013 7.980993e-01 8.750783e-01 2.194972e-01 7.346646e-01 2.282401e-05 -6.423291e-06 2.958820e-05 5.547010e-05
11637.767082 7.982873e-01 8.760854e-01 2.220251e-01 7.315053e-01 1.744132e-05 -2.362905e-06 2.845955e-05 5.947640e-05
11639.114342 7.984358e-01 8.769222e-01 2.248634e-01 7.320693e-01 2.662883e-05 -4.502108e-06 3.270353e-05 6.336628e-05
11640.473795 7.979059e-01 8.771438e-01 2.276951e-01 7.307869e-01 2.735665e-05 -4.125846e-06 3.413551e-05 6.024595e-05
11641.845440 7.973487e-01 8.771854e-01 2.304200e-01 7.282883e-01 2.271429e-05 -4.207195e-06 3.397269e-05 6.578389e-05
11643.229276 7.969551e-01 8.774024e-01 2.327700e-01 7.266353e-01 2.099113e-05 -1.227955e-05 3.107973e-05 5.833281e-05
11644.625305 7.973752e-01 8.785445e-01 2.352434e-01 7.283439e-01 2.508247e-05 -3.797606e-06 3.078939e-05 4.971998e-05
11646.033525 7.971600e-01 8.789997e-01 2.368543e-01 7.265507e-01 1.833639e-05 -6.615848e-06 2.420464e-05 2.929463e-05
11647.453937 7.954293e-01 8.774717e-01 2.375162e-01 7.274242e-01 1.476319e-05 -6.353552e-06 2.298102e-05 3.044269e-05
11648.886541 7.954239e-01 8.780819e-01 2.381416e-01 7.267609e-01 2.077143e-05 -1.155929e-05 2.514877e-05 4.007138e-05
11650.331337 7.950580e-01 8.781455e-01 2.382249e-01 7.258160e-01 1.834966e-05 -2.861910e-06 2.296801e-05 3.778572e-05
11651.788325 7.951857e-01 8.787995e-01 2.377217e-01 7.282165e-01 1.323895e-05 -1.149107e-05 1.279010e-05 3.353571e-05
11653.257505 7.947308e-01 8.787472e-01 2.361748e-01 7.282499e-01 7.159926e-06 -1.701792e-05 3.195670e-06 3.816946e-05
11654.738877 7.953919e-01 8.799405e-01 2.341624e-01 7.303216e-01 1.683933e-05 -1.234968e-05 1.256472e-05 3.717484e-05
11656.232440 7.927733e-01 8.773089e-01 2.307854e-01 7.296999e-01 3.186115e-05 -1.381310e-05 2.838905e-05 5.476375e-05
11657.738196 7.911520e-01 8.758974e-01 2.276340e-01 7.300079e-01 3.065238e-05 -1.789760e-05 2.440421e-05 5.639116e-05
11659.256143 7.913126e-01 8.763864e-01 2.252953e-01 7.317482e-01 1.582388e-05 -1.864961e-05 2.086810e-05 5.295433e-05
11660.786283 7.927479e-01 8.783523e-01 2.237909e-01 7.353642e-01 1.873581e-05 -1.887621e-05 1.540252e-05 3.986286e-05
11662.328614 7.934411e-01 8.795576e-01 2.225165e-01 7.347799e-01 6.659852e-06 -2.250190e-05 2.452355e-05 4.439735e-05
11663.883137 7.932827e-01 8.798811e-01 2.217623e-01 7.377954e-01 9.112832e-06 -2.444501e-05 2.170821e-05 5.197825e-05
11665.449852 7.915605e-01 8.783570e-01 2.212430e-01 7.394518e-01 1.379913e-05 -1.419905e-05 6.278850e-06 3.841844e-05
11667.028759 7.919774e-01 8.792549e-01 2.217315e-01 7.404645e-01 2.742800e-05 -7.923409e-06 2.122179e-05 4.106594e-05
11668.619858 7.915403e-01 8.792132e-01 2.222276e-01 7.420411e-01 3.764494e-05 -1.203247e-05 2.428418e-05 4.433516e-05
11670.223149 7.901756e-01 8.781783e-01 2.224818e-01 7.386227e-01 3.265652e-05 -1.867749e-05 1.586717e-05 4.493917e-05
11671.838632 7.901889e-01 8.787433e-01 2.233429e-01 7.414170e-01 2.982036e-05 -1.387108e-05 2.219497e-05 4.399926e-05
11673.466307 7.909647e-01 8.800319e-01 2.245156e-01 7.434800e-01 1.634289e-05 -9.331301e-06 1.274312e-05 3.582866e-05
11675.106173 7.909705e-01 8.805890e-01 2.255322e-01 7.438108e-01 1.715178e-05 -6.591137e-06 1.730417e-05 3.847334e-05
11676.758232 7.904180e-01 8.805250e-01 2.261046e-01 7.464295e-01 2.136877e-05 1.318212e-06 1.221777e-05 2.934577e-05
11678.422482 7.904481e-01 8.810572e-01 2.266887e-01 7.463191e-01 2.411780e-05 -2.774136e-06 2.158636e-05 4.452672e-05
11680.098924 7.921532e-01 8.836529e-01 2.274221e-01 7.489389e-01 2.596689e-05 -1.277452e-05 1.217347e-05 4.358464e-05
11681.787558 7.904131e-01 8.822417e-01 2.264981e-01 7.469062e-01 3.452239e-05 -1.738390e-05 7.748226e-06 4.567690e-05
11683.488385 7.900574e-01 8.825822e-01 2.260083e-01 7.477209e-01 2.662232e-05 -1.335058e-05 1.431713e-05 4.522927e-05
11685.201403 7.895419e-01 8.825555e-01 2.250193e-01 7.466390e-01 3.064395e-05 -1.014889e-05 6.733993e-06 4.783382e-05
11686.926613 7.882039e-01 8.817496e-01 2.240917e-01 7.453529e-01 2.735088e-05 -2.583518e-06 1.678892e-05 5.117546e-05
11688.664014 7.884050e-01 8.825895e-01 2.239533e-01 7.474085e-01 2.150671e-05 -9.005125e-06 1.097973e-05 4.697029e-05
11690.413608 7.884263e-01 8.832461e-01 2.241130e-01 7.463572e-01 2.164073e-05 -5.601050e-06 9.058038e-06 4.392189e-05
11692.175394 7.889082e-01 8.845053e-01 2.252763e-01 7.467419e-01 2.611676e-05 -4.442246e-07 1.191467e-05 4.236885e-05
11693.949371 7.875777e-01 8.837453e-01 2.263572e-01 7.450743e-01 2.558566e-05 2.342875e-06 1.809145e-05 4.155591e-05
11695.735541 7.887073e-01 8.859773e-01 2.287323e-01 7.457863e-01 3.032101e-05 -7.703148e-06 1.410695e-05 4.554040e-05
11697.533902 7.872112e-01 8.851103e-01 2.310863e-01 7.429803e-01 3.537259e-05 -1.147087e-05 -2.022442e-06 4.246822e-05
11699.344455 7.869371e-01 8.856587e-01 2.342134e-01 7.424819e-01 2.819444e-05 -1.192840e-05 1.285204e-05 4.546116e-05
11701.167201 7.859356e-01 8.854876e-01 2.372796e-01 7.407968e-01 1.682269e-05 -1.608247e-05 2.210729e-05 3.950754e-05
11703.002138 7.829004e-01 8.829079e-01 2.395537e-01 7.367607e-01 1.938876e-05 -1.756607e-05 3.394105e-05 4.638629e-05
11704.849267 7.843475e-01 8.854233e-01 2.428099e-01 7.372579e-01 1.202799e-05 -1.929959e-05 1.792559e-05 4.052432e-05
11706.708588 7.854090e-01 8.876247e-01 2.452150e-01 7.377063e-01 1.594312e-05 -1.845584e-05 2.569721e-05 4.860707e-05
11708.580100 7.855460e-01 8.886526e-01 2.464266e-01 7.366267e-01 5.886465e-06 -1.712075e-05 2.176449e-05 5.219520e-05
11710.463805 7.847423e-01 8.886661e-01 2.464177e-01 7.351232e-01 -1.647890e-06 -2.567197e-05 1.887018e-05 4.944943e-05
11712.359702 7.845017e-01 8.891396e-01 2.458030e-01 7.335879e-01 5.502826e-06 -2.691503e-05 2.598497e-05 3.883056e-05
11714.267790 7.846132e-01 8.902305e-01 2.451010e-01 7.342279e-01 1.427748e-05 -2.082266e-05 2.934106e-05 4.603706e-05
11716.188071 7.836485e-01 8.897676e-01 2.434419e-01 7.334860e-01 3.362771e-05 -2.744466e-05 2.486419e-05 4.824543e-05
11718.120543 7.841620e-01 8.910515e-01 2.421329e-01 7.337118e-01 3.911668e-05 -3.674470e-05 1.837453e-05 4.742584e-05
11720.065207 7.839665e-01 8.916956e-01 2.405462e-01 7.345232e-01 4.115862e-05 -3.049330e-05 2.459084e-05 5.024295e-05
11722.022064 7.831901e-01 8.915066e-01 2.389413e-01 7.358672e-01 3.805997e-05 -2.797107e-05 1.806041e-05 5.817184e-05
11723.991112 7.831199e-01 8.923685e-01 2.378367e-01 7.371161e-01 3.674277e-05 -3.254072e-05 3.570315e-05 5.436595e-05
11725.972352 7.822711e-01 8.919684e-01 2.367160e-01 7.336203e-01 2.460421e-05 -2.473197e-05 3.400431e-05 5.349290e-05
11727.965784 7.819907e-01 8.924508e-01 2.359802e-01 7.367292e-01 2.826642e-05 -2.456582e-05 3.952005e-05 7.021156e-05
11729.971407 7.810601e-01 8.920477e-01 2.351181e-01 7.361040e-01 2.433268e-05 -2.512204e-05 3.554699e-05 6.115835e-05
11731.989223 7.809981e-01 8.926057e-01 2.346911e-01 7.371539e-01 1.835709e-05 -2.504351e-05 2.372220e-05 6.008204e-05
11734.019231 7.808743e-01 8.931969e-01 2.344891e-01 7.372924e-01 2.386548e-05 -2.887720e-05 1.926337e-05 4.587287e-05
11736.061430 7.791635e-01 8.921679e-01 2.343070e-01 7.379840e-01 2.241915e-05 -3.509746e-05 1.731483e-05 4.862807e-05
11738.115822 7.804247e-01 8.944369e-01 2.352065e-01 7.376922e-01 2.257461e-05 -2.890672e-05 1.920646e-05 5.667271e-05
11740.182405 7.782591e-01 8.925077e-01 2.352201e-01 7.377092e-01 4.156230e-05 -3.976213e-05 1.351568e-05 5.491354e-05
11742.261180 7.770368e-01 8.918206e-01 2.354906e-01 7.370430e-01 3.482535e-05 -4.015001e-05 2.346568e-05 6.385732e-05
11744.352148 7.756852e-01 8.909653e-01 2.354876e-01 7.363104e-01 2.688303e-05 -3.552201e-05 1.404833e-05 6.207850e-05
11746.455307 7.777474e-01 8.941664e-01 2.361848e-01 7.403082e-01 2.581272e-05 -2.930025e-05 1.088435e-05 6.848307e-05
11748.570658 7.783025e-01 8.954181e-01 2.358383e-01 7.413946e-01 3.066058e-05 -2.302073e-05 1.722415e-05 6.832594e-05
11750.698201 7.778172e-01 8.957531e-01 2.349117e-01 7.397130e-01 3.420700e-05 -2.821809e-05 1.848906e-05 7.181802e-05
11752.837935 7.776174e-01 8.961696e-01 2.342427e-01 7.415899e-01 2.520614e-05 -2.486342e-05 1.599157e-05 8.096298e-05
11754.989862 7.769105e-01 8.960078e-01 2.337071e-01 7.431231e-01 1.374984e-05 -3.036916e-05 1.229208e-05 6.710812e-05
11757.153981 7.763338e-01 8.960736e-01 2.339798e-01 7.424444e-01 1.084995e-05 -3.834403e-05 1.839631e-05 7.756967e-05
11759.330291 7.725709e-01 8.924126e-01 2.344497e-01 7.392241e-01 8.707440e-06 -3.695007e-05 1.030057e-05 7.375867e-05
11761.518794 7.716548e-01 8.922825e-01 2.368546e-01 7.394055e-01 1.365936e-05 -2.816443e-05 1.296733e-05 7.035215e-05
11763.719488 7.736387e-01 8.955262e-01 2.408074e-01 7.430827e-01 2.229634e-05 -2.740019e-05 1.075330e-05 6.789078e-05
11765.932374 7.732900e-01 8.959330e-01 2.441462e-01 7.430152e-01 1.730388e-05 -3.377508e-05 1.492247e-05 7.790487e-05
11768.157453 7.729682e-01 8.964501e-01 2.471233e-01 7.413543e-01 1.597052e-05 -3.283714e-05 1.802926e-05 7.150471e-05
11770.394723 7.743677e-01 8.991898e-01 2.500596e-01 7.433292e-01 1.497705e-05 -2.918764e-05 2.180192e-05 6.914369e-05
11772.644185 7.736413e-01 8.992465e-01 2.517905e-01 7.420596e-01 7.551896e-06 -2.847127e-05 2.255234e-06 6.186337e-05
11774.905838 7.721708e-01 8.983814e-01 2.528151e-01 7.398267e-01 1.821584e-07 -2.258011e-05 1.108871e-06 7.123829e-05
11777.179684 7.707009e-01 8.976110e-01 2.534646e-01 7.396448e-01 -4.019109e-07 -1.520890e-05 1.406102e-05 6.541257e-05
11779.465722 7.711591e-01 8.992014e-01 2.546778e-01 7.386781e-01 3.955671e-06 -2.037855e-05 -1.179108e-07 7.284104e-05
11781.763952 7.714609e-01 9.005371e-01 2.556628e-01 7.376214e-01 9.806140e-06 -2.041035e-05 1.273087e-05 6.702461e-05
11784.074373 7.709008e-01 9.009479e-01 2.560651e-01 7.366169e-01 1.632505e-05 -1.716198e-05 1.715350e-06 6.056808e-05
11786.396987 7.700327e-01 9.007534e-01 2.559899e-01 7.378666e-01 1.977873e-05 -1.128234e-05 1.718692e-05 6.011759e-05
11788.731792 7.686977e-01 9.000685e-01 2.561064e-01 7.352840e-01 2.409786e-05 -4.636087e-06 2.892064e-05 6.246598e-05
11791.078789 7.686480e-01 9.010072e-01 2.564097e-01 7.359846e-01 2.919296e-05 -9.263703e-06 2.058568e-05 4.848187e-05
11793.437978 7.694004e-01 9.030168e-01 2.567447e-01 7.373011e-01 2.631370e-05 -1.284071e-05 2.173247e-05 4.589437e-05
11795.809359 7.658471e-01 8.995917e-01 2.551464e-01 7.336195e-01 2.663465e-05 -1.874969e-05 2.203362e-05 5.438803e-05
11798.192932 7.650212e-01 8.996050e-01 2.540332e-01 7.339964e-01 1.795518e-05 -1.736225e-05 3.084245e-05 4.472373e-05
11800.588697 7.668057e-01 9.025111e-01 2.534684e-01 7.354086e-01 2.173763e-05 -2.582329e-05 1.631511e-05 2.977315e-05
11802.996654 7.680422e-01 9.049265e-01 2.525227e-01 7.373338e-01 2.748066e-05 -2.162418e-05 1.557660e-05 2.972972e-05
11805.416803 7.685108e-01 9.065627e-01 2.509473e-01 7.385850e-01 1.856230e-05 -1.264928e-05 5.881396e-06 5.067811e-05
11807.849143 7.672001e-01 9.059625e-01 2.486940e-01 7.393722e-01 2.218477e-05 -1.574099e-05 3.557701e-06 4.603084e-05
11810.293676 7.664931e-01 9.060445e-01 2.467536e-01 7.384118e-01 3.440397e-05 -1.509783e-05 2.043944e-06 4.555131e-05
11812.750400 7.655236e-01 9.058197e-01 2.452067e-01 7.382605e-01 3.359365e-05 -1.469399e-05 4.240746e-06 4.680106e-05
11815.219317 7.657584e-01 9.069649e-01 2.449202e-01 7.386117e-01 3.374680e-05 -1.400733e-05 1.640061e-05 3.737990e-05
11817.700425 7.659134e-01 9.081624e-01 2.450655e-01 7.389769e-01 2.140858e-05 -2.018117e-05 2.055153e-05 2.456999e-05
11820.193725 7.645712e-01 9.075469e-01 2.454808e-01 7.389707e-01 2.065985e-05 -1.762689e-05 2.466020e-05 2.877264e-05
11822.699217 7.652053e-01 9.093663e-01 2.472403e-01 7.379158e-01 2.480610e-05 -1.328544e-05 3.750831e-05 3.099367e-05
11825.216901 7.647371e-01 9.096399e-01 2.489873e-01 7.394309e-01 1.612332e-05 -1.750181e-05 3.979759e-05 4.828836e-05
11827.746777 7.638160e-01 9.095962e-01 2.513292e-01 7.386623e-01 2.079232e-05 -1.057315e-05 2.680612e-05 5.712313e-05
11830.288845 7.650073e-01 9.122352e-01 2.547061e-01 7.397716e-01 1.977105e-05 -1.608714e-05 2.374814e-05 5.951759e-05
11832.843105 7.640101e-01 9.120000e-01 2.577824e-01 7.394787e-01 2.359076e-05 -2.310777e-05 2.738953e-05 5.801575e-05
11835.409556 7.627044e-01 9.114495e-01 2.607630e-01 7.385183e-01 2.499351e-05 -1.542129e-05 1.908673e-05 4.167496e-05
11837.988200 7.594548e-01 9.086063e-01 2.627914e-01 7.341883e-01 2.671795e-05 -6.088969e-06 2.097855e-06 4.728759e-05
11840.579035 7.591947e-01 9.093153e-01 2.653118e-01 7.327169e-01 3.261964e-05 -1.207067e-05 7.943783e-07 6.066421e-05
11843.182062 7.621610e-01 9.139568e-01 2.681763e-01 7.362495e-01 3.186501e-05 -2.158406e-06 1.280647e-05 5.616024e-05
11845.797282 7.611954e-01 9.137282e-01 2.688252e-01 7.358139e-01 3.657390e-05 5.519357e-06 1.516886e-05 4.763565e-05
11848.424693 7.610310e-01 9.146245e-01 2.692566e-01 7.347053e-01 3.661838e-05 2.289396e-06 2.076784e-05 5.631052e-05
11851.064296 7.589537e-01 9.131591e-01 2.686410e-01 7.334113e-01 3.881860e-05 -3.781552e-07 1.638511e-05 5.973125e-05
11853.716091 7.576542e-01 9.127410e-01 2.680361e-01 7.330527e-01 4.105156e-05 4.060587e-07 2.144360e-05 5.865386e-05
11856.380078 7.593646e-01 9.158427e-01 2.684297e-01 7.341744e-01 2.601577e-05 -3.450916e-06 1.544323e-05 5.808762e-05
11859.056256 7.590625e-01 9.166310e-01 2.688217e-01 7.347904e-01 2.532861e-05 -9.427047e-06 2.582162e-05 6.397378e-05
11861.744627 7.583268e-01 9.167381e-01 2.697264e-01 7.319456e-01 3.173288e-05 -1.014401e-05 2.351392e-05 6.763764e-05
11864.445190 7.557740e-01 9.145933e-01 2.702545e-01 7.318642e-01 3.607879e-05 -4.921901e-06 2.634760e-05 7.071152e-05
11867.157944 7.576285e-01 9.180612e-01 2.725929e-01 7.343527e-01 3.678092e-05 -1.954843e-06 2.709220e-05 6.064302e-05
11869.882891 7.568915e-01 9.182812e-01 2.731807e-01 7.333777e-01 2.617128e-05 7.033320e-06 2.110278e-05 5.410639e-05
11872.620029 7.566755e-01 9.190152e-01 2.732223e-01 7.326826e-01 1.851431e-05 9.956804e-06 2.969675e-05 5.314921e-05
11875.369359 7.567295e-01 9.200139e-01 2.729328e-01 7.342103e-01 2.062632e-05 3.438811e-06 1.913306e-05 5.524597e-05
11878.130881 7.555872e-01 9.197050e-01 2.719664e-01 7.338861e-01 2.447312e-05 2.501721e-06 1.378727e-05 6.145101e-05
11880.904595 7.552062e-01 9.203263e-01 2.707920e-01 7.331669e-01 2.124265e-05 -1.204495e-06 1.427208e-05 5.012170e-05
11883.690501 7.552986e-01 9.214901e-01 2.700316e-01 7.357492e-01 3.431349e-05 -4.001298e-06 4.134787e-06 5.152692e-05
11886.488599 7.545898e-01 9.215648e-01 2.687757e-01 7.356262e-01 3.981612e-05 -1.081442e-05 1.192409e-06 5.027843e-05
11889.298889 7.539241e-01 9.219869e-01 2.677343e-01 7.379468e-01 3.424993e-05 -7.883468e-06 6.036438e-06 4.033034e-05
11892.121371 7.530931e-01 9.221025e-01 2.667482e-01 7.355779e-01 4.428336e-05 -1.486784e-05 1.229014e-05 4.108863e-05
11894.956044 7.487642e-01 9.176919e-01 2.649961e-01 7.318319e-01 4.382282e-05 -1.542791e-05 1.127826e-05 4.280021e-05
11897.802910 7.447678e-01 9.138141e-01 2.639178e-01 7.262462e-01 3.911570e-05 -1.435281e-05 4.210763e-06 4.142610e-05
11900.661967 7.506529e-01 9.220644e-01 2.672559e-01 7.342507e-01 2.904650e-05 -2.154523e-05 3.640969e-06 4.573604e-05
11903.533217 7.514584e-01 9.242844e-01 2.695004e-01 7.346857e-01 3.206549e-05 -2.043540e-05 2.277451e-06 3.850702e-05
11906.416658 7.509289e-01 9.247642e-01 2.719172e-01 7.346871e-01 3.111875e-05 -1.549253e-05 1.502987e-05 3.923902e-05
11909.312291 7.501609e-01 9.249842e-01 2.748703e-01 7.327581e-01 3.681125e-05 -1.980512e-05 1.609779e-05 3.422891e-05
11912.220116 7.503862e-01 9.264494e-01 2.783256e-01 7.339492e-01 3.439909e-05 -2.613200e-05 1.383684e-05 4.192899e-05
11915.140133 7.495617e-01 9.265178e-01 2.812574e-01 7.349175e-01 3.844044e-05 -2.523387e-05 9.979932e-06 5.298726e-05
11918.072342 7.493462e-01 9.273607e-01 2.837058e-01 7.342298e-01 3.685784e-05 -2.448232e-05 8.547597e-06 5.249581e-05
11921.016743 7.428092e-01 9.205584e-01 2.829037e-01 7.289371e-01 3.333484e-05 -2.369727e-05 5.215532e-06 4.512425e-05
11923.973335 7.427833e-01 9.214689e-01 2.840672e-01 7.286822e-01 3.478507e-05 -2.888032e-05 1.430765e-06 4.053340e-05
11926.942120 7.469902e-01 9.278998e-01 2.864921e-01 7.317237e-01 2.974519e-05 -2.376312e-05 7.234735e-06 4.443303e-05
11929.923096 7.473546e-01 9.296436e-01 2.870193e-01 7.324218e-01 2.380210e-05 -1.680848e-05 2.496436e-05 4.701237e-05
11932.916265 7.486650e-01 9.327292e-01 2.879593e-01 7.347262e-01 2.606199e-05 -1.362684e-05 2.031186e-05 4.306977e-05
11935.921625 7.464189e-01 9.310856e-01 2.873041e-01 7.331012e-01 2.071059e-05 -1.887946e-05 2.208193e-05 4.529470e-05
11938.939177 7.462596e-01 9.321710e-01 2.876707e-01 7.318101e-01 1.684431e-05 -1.874537e-05 1.896122e-05 3.354745e-05
11941.968921 7.452319e-01 9.319678e-01 2.876752e-01 7.312983e-01 2.210236e-05 -8.273618e-06 2.274472e-05 2.231792e-05
11945.010858 7.444346e-01 9.321651e-01 2.881999e-01 7.324500e-01 2.282195e-05 -1.572656e-05 3.858183e-05 3.779937e-05
11948.064985 7.442542e-01 9.330540e-01 2.893138e-01 7.309688e-01 2.701538e-05 -2.404928e-05 3.405329e-05 3.788449e-05
11951.131305 7.439389e-01 9.338889e-01 2.907297e-01 7.304476e-01 2.231002e-05 -2.747853e-05 3.355854e-05 4.196709e-05
11954.209817 7.433741e-01 9.344105e-01 2.920210e-01 7.295469e-01 3.271128e-05 -2.818708e-05 2.871777e-05 4.254625e-05
11957.300521 7.431825e-01 9.355847e-01 2.931983e-01 7.308175e-01 3.774431e-05 -2.581151e-05 2.019897e-05 4.320496e-05
11960.403416 7.432100e-01 9.365748e-01 2.939197e-01 7.315466e-01 3.225537e-05 -1.676619e-05 2.207651e-05 4.324830e-05
11963.518504 7.422287e-01 9.365325e-01 2.935100e-01 7.304930e-01 2.211453e-05 -1.697493e-05 2.011834e-05 3.769125e-05
11966.645783 7.413929e-01 9.366133e-01 2.928831e-01 7.287434e-01 2.922622e-05 -1.604140e-05 1.539374e-05 3.670651e-05
11969.785255 7.410239e-01 9.373925e-01 2.923660e-01 7.294413e-01 3.305721e-05 -1.075139e-05 1.597813e-05 3.844302e-05
11972.936918 7.399560e-01 9.371315e-01 2.918478e-01 7.286929e-01 2.687002e-05 -8.491047e-06 2.230408e-05 4.330013e-05
11976.100773 7.389357e-01 9.373641e-01 2.917222e-01 7.290594e-01 1.880173e-05 -1.849799e-05 2.182673e-05 4.395818e-05
11979.276820 7.385880e-01 9.379976e-01 2.921336e-01 7.290205e-01 2.089532e-05 -2.137079e-05 1.669759e-05 5.038440e-05
11982.465059 7.377745e-01 9.382935e-01 2.922868e-01 7.285158e-01 2.687505e-05 -2.924895e-05 1.377360e-05 4.225984e-05
11985.665490 7.376516e-01 9.394430e-01 2.929680e-01 7.286579e-01 2.804865e-05 -2.904021e-05 1.225470e-05 4.989841e-05
11988.878112 7.371466e-01 9.398769e-01 2.932289e-01 7.294213e-01 2.826993e-05 -2.727818e-05 1.250441e-05 4.955358e-05
11992.102927 7.366914e-01 9.405971e-01 2.937687e-01 7.290778e-01 2.065203e-05 -3.068962e-05 1.892614e-05 3.836163e-05
11995.339934 7.358591e-01 9.407830e-01 2.946846e-01 7.284424e-01 2.248391e-05 -1.898097e-05 6.930706e-06 2.587843e-05
11998.589132 7.352079e-01 9.410632e-01 2.958780e-01 7.274074e-01 2.632367e-05 -1.639069e-05 7.786129e-06 3.112315e-05
12001.850523 7.349963e-01 9.421465e-01 2.980050e-01 7.288217e-01 3.116686e-05 -1.561869e-05 1.417232e-05 2.883655e-05
12005.124105 7.347017e-01 9.431066e-01 3.006437e-01 7.283339e-01 2.418293e-05 -1.201434e-05 1.697059e-05 3.998914e-05
12008.409879 7.350079e-01 9.447779e-01 3.037225e-01 7.282147e-01 1.919291e-05 -1.801296e-05 1.232958e-05 4.028423e-05
12011.707845 7.343221e-01 9.451177e-01 3.067166e-01 7.286363e-01 2.834103e-05 -2.314468e-05 1.667767e-05 4.175409e-05
12015.018003 7.340180e-01 9.459524e-01 3.098535e-01 7.293836e-01 2.377195e-05 -2.365610e-05 1.589598e-05 5.238729e-05
12018.340353 7.329413e-01 9.458798e-01 3.121076e-01 7.287700e-01 2.040195e-05 -2.702998e-05 4.861866e-06 4.447816e-05
12021.674895 7.324210e-01 9.465532e-01 3.139795e-01 7.284011e-01 1.645484e-05 -2.229036e-05 3.286172e-06 4.790066e-05
12025.021629 7.316755e-01 9.469368e-01 3.150103e-01 7.271517e-01 1.283057e-05 -2.170235e-05 8.296270e-06 4.606122e-05
12028.380554 7.310604e-01 9.475161e-01 3.156278e-01 7.272116e-01 1.368243e-05 -1.903283e-05 1.320899e-05 4.672954e-05
12031.751672 7.307637e-01 9.482683e-01 3.160087e-01 7.258738e-01 1.026529e-05 -1.307118e-05 4.999405e-06 4.342845e-05
12035.134982 7.300379e-01 9.487851e-01 3.159438e-01 7.264272e-01 6.962353e-06 -1.618804e-05 -4.888311e-07 4.339355e-05
12038.530483 7.296159e-01 9.495384e-01 3.160883e-01 7.247701e-01 2.115463e-05 -1.855114e-05 2.834978e-06 3.629442e-05
12041.938176 7.282910e-01 9.491089e-01 3.157088e-01 7.254136e-01 1.619155e-05 -2.054459e-05 6.756059e-06 4.448325e-05
12045.358061 7.228937e-01 9.435000e-01 3.136432e-01 7.210109e-01 1.557389e-05 -2.036439e-05 7.256086e-06 4.191446e-05
12048.790139 7.168357e-01 9.367536e-01 3.113367e-01 7.142926e-01 -3.838046e-07 -2.276137e-05 9.265914e-06 4.826586e-05
12052.234408 7.258607e-01 9.499367e-01 3.157407e-01 7.238206e-01 7.171251e-06 -3.522226e-05 1.151976e-05 4.748168e-05
12055.690868 7.260538e-01 9.515836e-01 3.162230e-01 7.241447e-01 5.026303e-06 -3.906445e-05 1.270504e-05 5.311586e-05
12059.159521 7.250818e-01 9.516782e-01 3.162204e-01 7.232113e-01 5.634842e-06 -2.951954e-05 1.028964e-05 4.778086e-05
12062.640366 7.242670e-01 9.518414e-01 3.162839e-01 7.238377e-01 1.070516e-05 -2.834190e-05 1.192746e-05 5.099372e-05
12066.133403 7.253510e-01 9.546325e-01 3.175121e-01 7.260163e-01 1.468098e-05 -3.273504e-05 1.112274e-05 5.309640e-05
12069.638631 7.233925e-01 9.534203e-01 3.176092e-01 7.229436e-01 1.099352e-05 -2.520237e-05 1.361533e-05 4.578850e-05
12073.156052 7.237854e-01 9.553710e-01 3.189087e-01 7.238346e-01 1.580764e-05 -2.602636e-05 2.008691e-05 3.655808e-05
12076.685664 7.226798e-01 9.552432e-01 3.193133e-01 7.227289e-01 1.905859e-05 -3.866829e-05 1.924187e-05 3.821711e-05
12080.227468 7.210914e-01 9.544243e-01 3.194922e-01 7.228275e-01 1.591225e-05 -3.746177e-05 3.018805e-05 4.266224e-05
12083.781465 7.214112e-01 9.562484e-01 3.207282e-01 7.234876e-01 1.425626e-05 -3.173388e-05 2.858238e-05 5.655293e-05
12087.347653 7.212961e-01 9.575149e-01 3.224583e-01 7.229372e-01 1.839941e-05 -2.868866e-05 1.988450e-05 4.599875e-05
12090.926033 7.207966e-01 9.583346e-01 3.241961e-01 7.238450e-01 2.445772e-05 -3.486724e-05 9.268316e-06 4.127653e-05
12094.516605 7.206362e-01 9.594461e-01 3.262487e-01 7.235503e-01 1.893411e-05 -2.930348e-05 5.186248e-06 4.197220e-05
12098.119369 7.187829e-01 9.583875e-01 3.275955e-01 7.216384e-01 2.747172e-05 -2.946747e-05 1.628392e-05 4.727736e-05
12101.734324 7.182596e-01 9.590861e-01 3.294535e-01 7.203403e-01 2.741476e-05 -3.318574e-05 1.107111e-05 5.506117e-05
12105.361472 7.196376e-01 9.626012e-01 3.321198e-01 7.220442e-01 3.291744e-05 -3.551893e-05 1.756742e-05 5.817441e-05
12109.000811 7.184639e-01 9.623325e-01 3.336352e-01 7.213850e-01 2.685827e-05 -3.529422e-05 2.599711e-05 5.108506e-05
12112.652343 7.174719e-01 9.624119e-01 3.350751e-01 7.213937e-01 2.363682e-05 -2.784174e-05 2.201514e-05 5.354810e-05
12116.316066 7.156606e-01 9.614572e-01 3.362581e-01 7.209801e-01 2.581348e-05 -1.951400e-05 1.708705e-05 4.884319e-05
12119.991982 7.143511e-01 9.609189e-01 3.374911e-01 7.197721e-01 2.822214e-05 -7.400944e-06 1.347154e-05 5.754804e-05
12123.680089 7.161903e-01 9.648151e-01 3.405515e-01 7.215247e-01 2.512701e-05 -1.568726e-05 1.487599e-05 6.466848e-05
12127.380388 7.151425e-01 9.649354e-01 3.421263e-01 7.205464e-01 2.207514e-05 -2.541778e-05 9.142569e-06 5.681577e-05
12131.092879 7.138916e-01 9.647394e-01 3.434739e-01 7.202501e-01 1.909947e-05 -2.016959e-05 1.540716e-05 5.434987e-05
12134.817562 7.137006e-01 9.657626e-01 3.449697e-01 7.198015e-01 1.588454e-05 -2.707276e-05 1.359543e-05 4.339489e-05
12138.554437 7.124617e-01 9.655300e-01 3.458288e-01 7.184802e-01 2.251153e-05 -2.102345e-05 1.778351e-05 5.045639e-05
12142.303503 7.122286e-01 9.666865e-01 3.466344e-01 7.199435e-01 2.409813e-05 -1.779452e-05 3.233110e-05 5.392297e-05
12146.064762 7.113016e-01 9.669169e-01 3.470889e-01 7.181047e-01 3.148066e-05 -1.752631e-05 2.148927e-05 4.949899e-05
12149.838213 7.103122e-01 9.670793e-01 3.476082e-01 7.171511e-01 3.003293e-05 -2.397269e-05 1.848636e-05 4.666518e-05
12153.623855 7.061623e-01 9.628773e-01 3.462098e-01 7.137105e-01 3.402020e-05 -2.291507e-05 2.730084e-05 5.246691e-05
12157.421689 7.074732e-01 9.661231e-01 3.477919e-01 7.155363e-01 3.645475e-05 -2.140823e-05 1.968029e-05 5.076714e-05
12161.231716 7.068859e-01 9.667186e-01 3.481216e-01 7.157919e-01 4.081581e-05 -2.051750e-05 1.993526e-05 5.308285e-05
12165.053934 7.061167e-01 9.671340e-01 3.483142e-01 7.154911e-01 3.813330e-05 -1.955201e-05 2.022688e-05 6.034680e-05
12168.888344 7.053577e-01 9.675811e-01 3.485057e-01 7.132437e-01 4.127431e-05 -2.150068e-05 1.748981e-05 6.068847e-05
12172.734946 7.029151e-01 9.655962e-01 3.479762e-01 7.136036e-01 4.149653e-05 -2.332250e-05 1.941218e-05 6.448908e-05
12176.593740 7.026450e-01 9.667376e-01 3.486788e-01 7.128352e-01 4.601625e-05 -2.514423e-05 2.291186e-05 6.140144e-05
12180.464726 7.037574e-01 9.698937e-01 3.502124e-01 7.134642e-01 4.256629e-05 -2.944793e-05 6.303145e-06 4.635533e-05
12184.347903 7.028334e-01 9.700361e-01 3.507028e-01 7.142421e-01 4.298427e-05 -3.144354e-05 1.099242e-05 5.438772e-05
12188.243273 7.028562e-01 9.715276e-01 3.519580e-01 7.137462e-01 4.015352e-05 -3.523100e-05 1.591242e-05 5.730599e-05
12192.150835 7.013891e-01 9.709290e-01 3.525479e-01 7.124605e-01 4.136693e-05 -2.933597e-05 1.222252e-05 5.952159e-05
12196.070588 7.022511e-01 9.737018e-01 3.547214e-01 7.141758e-01 3.176416e-05 -2.953504e-05 1.667647e-05 6.803595e-05
12200.002533 7.006812e-01 9.730683e-01 3.557426e-01 7.128129e-01 2.581702e-05 -3.115188e-05 8.710571e-06 5.959353e-05
12203.946671 7.002817e-01 9.740298e-01 3.576709e-01 7.124627e-01 3.334375e-05 -2.910465e-05 4.696126e-06 5.711899e-05
12207.903000 6.995078e-01 9.745266e-01 3.596747e-01 7.123095e-01 3.281556e-05 -2.117005e-05 -1.108893e-06 6.085820e-05
12211.871521 6.991662e-01 9.754887e-01 3.618894e-01 7.129319e-01 3.436607e-05 -2.380565e-05 1.007574e-05 6.236164e-05
12215.852234 6.985399e-01 9.760829e-01 3.640425e-01 7.127860e-01 3.533090e-05 -2.129407e-05 2.180923e-05 6.660097e-05
12219.845139 6.978771e-01 9.767089e-01 3.660511e-01 7.112624e-01 3.225060e-05 -2.906246e-05 1.250661e-05 6.830804e-05
12223.850236 6.971594e-01 9.773266e-01 3.678335e-01 7.112806e-01 4.232811e-05 -3.846682e-05 2.027535e-05 6.689414e-05
12227.867524 6.957526e-01 9.768162e-01 3.690809e-01 7.117977e-01 3.119880e-05 -3.184549e-05 3.215524e-05 5.587750e-05
12231.897005 6.958676e-01 9.785623e-01 3.711095e-01 7.113947e-01 3.520703e-05 -2.444418e-05 2.667405e-05 4.580215e-05
12235.938678 6.947871e-01 9.786843e-01 3.725798e-01 7.102606e-01 3.691417e-05 -3.546539e-05 1.998331e-05 5.051248e-05
12239.992542 6.939930e-01 9.789692e-01 3.739563e-01 7.103256e-01 4.189974e-05 -2.653414e-05 2.135211e-05 5.562328e-05
12244.058598 6.938386e-01 9.803775e-01 3.758515e-01 7.097772e-01 3.330894e-05 -2.326395e-05 2.370593e-05 5.366931e-05
12248.136847 6.923902e-01 9.798952e-01 3.770319e-01 7.099729e-01 3.442068e-05 -2.584549e-05 1.941295e-05 5.321325e-05
12252.227287 6.864106e-01 9.730646e-01 3.758823e-01 7.024849e-01 3.240600e-05 -3.091798e-05 1.295874e-05 5.245620e-05
12256.329919 6.752779e-01 9.589759e-01 3.717229e-01 6.926754e-01 4.000190e-05 -2.663211e-05 2.428825e-05 6.636328e-05
12260.444743 6.860636e-01 9.756540e-01 3.800434e-01 7.038972e-01 3.239606e-05 -1.714307e-05 2.580296e-05 5.542355e-05
12264.571759 6.878714e-01 9.797819e-01 3.830198e-01 7.049940e-01 3.624302e-05 -1.601049e-05 1.817903e-05 4.904110e-05
12268.710967 6.881189e-01 9.816401e-01 3.846944e-01 7.053513e-01 4.750844e-05 -1.726683e-05 2.405326e-05 5.441373e-05
12272.862366 6.882487e-01 9.833198e-01 3.860893e-01 7.055599e-01 3.406519e-05 -1.843913e-05 1.944336e-05 5.309052e-05
12277.025958 6.879144e-01 9.844848e-01 3.869920e-01 7.066712e-01 2.886618e-05 -1.624315e-05 3.011670e-05 5.485200e-05
12281.201742 6.870216e-01 9.847915e-01 3.872337e-01 7.055964e-01 2.903903e-05 -2.904437e-05 2.336309e-05 5.359294e-05
12285.389717 6.860071e-01 9.849808e-01 3.871555e-01 7.057470e-01 4.275742e-05 -3.557652e-05 1.544011e-05 4.891550e-05
12289.589884 6.857326e-01 9.862437e-01 3.876799e-01 7.065536e-01 4.363150e-05 -3.571499e-05 2.444148e-05 5.497214e-05
12293.802244 6.847464e-01 9.863096e-01 3.876676e-01 7.057710e-01 3.136131e-05 -3.479760e-05 3.352318e-05 5.299514e-05
12298.026795 6.720013e-01 9.699441e-01 3.812326e-01 6.939955e-01 4.136057e-05 -2.576858e-05 3.168191e-05 4.841528e-05
12302.263538 6.757086e-01 9.765802e-01 3.843782e-01 6.980073e-01 4.972766e-05 -3.072591e-05 1.396388e-05 4.841884e-05
12306.512473 6.830478e-01 9.888593e-01 3.896352e-01 7.061513e-01 4.281732e-05 -3.942996e-05 1.375210e-05 4.814818e-05
12310.773600 6.828594e-01 9.901396e-01 3.911777e-01 7.048354e-01 3.733084e-05 -3.288089e-05 7.864954e-06 5.263775e-05
12315.046919 6.822681e-01 9.908193e-01 3.926495e-01 7.037837e-01 3.544756e-05 -2.817643e-05 6.040769e-06 5.909353e-05
12319.332429 6.816202e-01 9.915337e-01 3.943718e-01 7.044298e-01 3.925881e-05 -2.921355e-05 2.357657e-05 6.928859e-05
12323.630132 6.807952e-01 9.919269e-01 3.964375e-01 7.048445e-01 4.770600e-05 -2.678073e-05 1.905192e-05 7.277381e-05
12327.940026 6.803138e-01 9.928784e-01 3.987719e-01 7.042448e-01 4.673376e-05 -2.943579e-05 1.525533e-05 7.179228e-05
12332.262113 6.799935e-01 9.939404e-01 4.013777e-01 7.035209e-01 4.337442e-05 -3.124291e-05 1.293077e-05 8.374504e-05
12336.596391 6.779821e-01 9.926169e-01 4.030638e-01 7.019514e-01 4.259495e-05 -2.742118e-05 1.176352e-05 7.186188e-05
12340.942861 6.776405e-01 9.938076e-01 4.056477e-01 7.024424e-01 4.623338e-05 -2.343935e-05 1.870168e-05 6.765320e-05
12345.301524 6.774694e-01 9.953537e-01 4.083207e-01 7.018442e-01 4.555082e-05 -2.499899e-05 1.730414e-05 5.930789e-05
12349.672378 6.769939e-01 9.963014e-01 4.104613e-01 7.011338e-01 3.948763e-05 -1.999120e-05 1.067086e-05 5.357158e-05
12354.055424 6.746277e-01 9.943855e-01 4.112095e-01 6.994372e-01 4.861215e-05 -2.029867e-05 8.530386e-06 6.281396e-05
12358.450662 6.747750e-01 9.962765e-01 4.133441e-01 6.999675e-01 4.624016e-05 -1.802479e-05 3.536700e-06 6.749557e-05
12362.858091 6.744045e-01 9.973361e-01 4.150313e-01 7.008838e-01 3.163561e-05 -2.341064e-05 1.017558e-05 6.691690e-05
12367.277713 6.730975e-01 9.971438e-01 4.162898e-01 6.988453e-01 3.785186e-05 -2.404146e-05 2.844770e-05 6.483813e-05
12371.709527 6.737788e-01 9.997193e-01 4.188753e-01 7.000374e-01 3.816835e-05 -3.815468e-05 2.923637e-05 5.891350e-05
12376.153532 6.731497e-01 1.000372e+00 4.205452e-01 6.995924e-01 3.683399e-05 -3.016790e-05 1.741106e-05 6.449414e-05
12380.609730 6.724774e-01 1.001196e+00 4.223536e-01 7.000660e-01 4.362957e-05 -1.666925e-05 1.459936e-05 7.306629e-05
12385.078119 6.717676e-01 1.001739e+00 4.240237e-01 7.000281e-01 4.221276e-05 -2.193694e-05 2.150089e-05 7.767825e-05
12389.558700 6.708292e-01 1.002019e+00 4.254550e-01 6.984124e-01 3.413094e-05 -3.156115e-05 1.711269e-05 6.700097e-05
12394.051473 6.700916e-01 1.002653e+00 4.269676e-01 6.987211e-01 4.310243e-05 -3.245279e-05 1.624715e-05 6.512099e-05
12398.556438 6.690885e-01 1.002802e+00 4.283029e-01 6.979906e-01 5.653848e-05 -3.094332e-05 1.706826e-05 7.461610e-05
12403.073595 6.678040e-01 1.002564e+00 4.293013e-01 6.973748e-01 4.309959e-05 -2.539348e-05 2.097199e-05 6.750199e-05
12407.602944 6.665987e-01 1.002481e+00 4.302287e-01 6.960237e-01 4.438266e-05 -2.825531e-05 8.156995e-06 6.212866e-05
12412.144485 6.656170e-01 1.002675e+00 4.313112e-01 6.952207e-01 3.811854e-05 -3.287688e-05 1.345616e-05 6.788971e-05
12416.698218 6.640687e-01 1.002048e+00 4.319363e-01 6.946126e-01 3.945268e-05 -2.702510e-05 1.699762e-05 7.282269e-05
12421.264142 6.616462e-01 1.000142e+00 4.318158e-01 6.919306e-01 3.831531e-05 -3.126904e-05 2.493560e-05 8.613135e-05
12425.842259 6.627371e-01 1.003428e+00 4.341169e-01 6.942136e-01 2.943225e-05 -4.041974e-05 2.660382e-05 8.231253e-05
12430.432567 6.641595e-01 1.007282e+00 4.365918e-01 6.966815e-01 3.411659e-05 -3.109846e-05 2.815219e-05 8.102316e-05
12435.035068 6.633272e-01 1.007739e+00 4.376521e-01 6.956128e-01 4.142437e-05 -3.650741e-05 3.257342e-05 7.785943e-05
12439.649760 6.631543e-01 1.009235e+00 4.393187e-01 6.949865e-01 3.404609e-05 -3.177226e-05 2.569673e-05 7.483736e-05
12444.276644 6.618267e-01 1.008912e+00 4.400218e-01 6.942828e-01 1.773823e-05 -3.059477e-05 1.574414e-05 7.029456e-05
12448.915720 6.598343e-01 1.007668e+00 4.407849e-01 6.921423e-01 2.069500e-05 -3.423869e-05 1.770533e-05 6.775466e-05
12453.566988 6.600223e-01 1.009645e+00 4.431182e-01 6.932787e-01 2.243538e-05 -4.124818e-05 1.750097e-05 6.923205e-05
12458.230448 6.596223e-01 1.010671e+00 4.451010e-01 6.939125e-01 1.353916e-05 -3.865876e-05 1.997054e-05 6.917901e-05
12462.906100 6.589839e-01 1.011442e+00 4.470633e-01 6.934809e-01 8.865050e-06 -3.897896e-05 1.595910e-05 6.419728e-05
12467.593943 6.581455e-01 1.011862e+00 4.489388e-01 6.925963e-01 1.968689e-05 -2.545119e-05 1.826959e-05 6.690855e-05
12472.293979 6.568088e-01 1.011634e+00 4.505684e-01 6.914199e-01 2.497408e-05 -3.038854e-05 1.412093e-05 6.001991e-05
12477.006206 6.563924e-01 1.012728e+00 4.529875e-01 6.911965e-01 2.608676e-05 -3.141638e-05 1.696496e-05 6.530402e-05
12481.730626 6.566972e-01 1.014973e+00 4.560693e-01 6.921528e-01 2.660264e-05 -2.573893e-05 9.822138e-06 6.332536e-05
12486.467237 6.560911e-01 1.015770e+00 4.585406e-01 6.925185e-01 2.904662e-05 -2.455491e-05 1.152631e-05 6.833283e-05
12491.216040 6.554006e-01 1.016469e+00 4.607565e-01 6.913411e-01 3.039048e-05 -2.747413e-05 1.485931e-05 7.214828e-05
12495.977036 6.533958e-01 1.015163e+00 4.622118e-01 6.897164e-01 1.623349e-05 -3.132345e-05 1.281306e-05 6.354715e-05
12500.750223 6.504969e-01 1.012375e+00 4.628451e-01 6.873342e-01 3.166022e-05 -3.617354e-05 6.230925e-06 6.324364e-05
12505.535602 6.524426e-01 1.017148e+00 4.669658e-01 6.882089e-01 3.472291e-05 -4.111844e-05 4.397270e-06 6.058824e-05
12510.333172 6.529012e-01 1.019631e+00 4.699026e-01 6.899961e-01 2.641866e-05 -4.166069e-05 3.634858e-06 7.345917e-05
12515.142935 6.521874e-01 1.020280e+00 4.719277e-01 6.901582e-01 2.399893e-05 -4.698416e-05 1.037142e-05 6.804267e-05
12519.964890 6.513098e-01 1.020689e+00 4.736207e-01 6.889559e-01 2.287577e-05 -3.672028e-05 1.338998e-05 6.211135e-05
12524.799037 6.506216e-01 1.021358e+00 4.755208e-01 6.886263e-01 2.947590e-05 -4.239220e-05 1.604769e-05 5.966972e-05
12529.645375 6.444522e-01 1.013437e+00 4.731726e-01 6.828327e-01 3.281097e-05 -5.215684e-05 1.007683e-05 5.944531e-05
12534.503905 3.327296e-01 5.239332e-01 2.450749e-01 3.527247e-01 1.746235e-05 -2.329111e-05 3.860679e-06 3.446898e-05
12539.374628 6.481467e-03 1.020986e-02 4.778878e-03 6.869227e-03 3.364736e-07 -4.043218e-07 8.630955e-08 6.905271e-07
