# Facility: NSLS-II
# Beamline: QAS
# Year: 2023
# Cycle: 3
# SAF: 312215
# PI: Reece
# Proposal: 313586
# Scan ID: 270786
# UID: f034dcb9-ff88-4e46-94f5-877f3b074d69
# Comment: Zn filter 3 um
# Start time: 10/18/2023  12:26:07
# Stop time: 10/18/2023  12:26:40
# Total time: 00:32
# Trajectory name: Pt-L3-30s-11564.txt
# Element: Platinum ( 78)
# Edge: L3
# E0: 11564
# Reference Foil Element: Pt
# Keithley Gains I0: 1E6 V/A It: 1E6 V/A Iref: 1E7 V/A PIPS: 1E8 V/A 
# Ion Chamber Gas Flow Rates: I0: 0.00 sccm He + 189.60 sccm N2 + 9.80 sccm Ar 
# Ion Chamber Gas Flow Rates: It&Iref: 39.70 sccm N2 + 60.10 sccm Ar
# Incident Beam Path Vertical: 31.75 mm
# Incident Slits Positions B: TOP: 2.0 mm Bottom: 1.0 mm Inboard: 0.57675 mm Outboard: 1.57675 mm
# Sample Stage Positions: Rotation: 45.0 deg Horizontal: -10.22 mm Vertical: 15.30 mm Beam Direction: 0.00 mm
# PerkinElmer Vertical Position: 500.00 mm
# Linkam Oven Temperature : 3.03 C and Ramp Rate: 20.00 C/min.
# Front End Mirror Horizontal Positions: Up: -14.00 mm Down: -14.00 mm
#
# energy  i0  it  ir  iff  aux1  aux2  aux3  aux4
11380.425245 4.205472e-01 4.511028e-01 5.862403e-01 8.746611e-02 6.420966e-06 -1.636361e-06 8.101009e-06 3.261361e-05
11385.425245 8.265153e-01 8.880098e-01 1.155737e+00 1.728836e-01 8.140292e-06 5.855869e-06 2.495211e-05 5.644041e-05
11390.425245 8.329389e-01 8.969317e-01 1.170189e+00 1.735828e-01 1.951026e-05 1.196654e-05 2.209903e-05 5.885175e-05
11395.425245 8.404533e-01 9.074220e-01 1.187069e+00 1.748145e-01 1.361243e-05 -8.464366e-07 1.102196e-05 5.110541e-05
11400.425245 8.383807e-01 9.073263e-01 1.189720e+00 1.752363e-01 1.486886e-05 -4.262438e-06 1.377623e-05 3.003564e-05
11405.425245 8.369201e-01 9.079192e-01 1.193316e+00 1.748764e-01 9.532225e-06 -4.184485e-07 1.320084e-05 2.051546e-05
11410.425245 8.341886e-01 9.071482e-01 1.195064e+00 1.750000e-01 4.598754e-06 -2.927824e-06 2.540431e-05 1.417044e-05
11415.425245 8.261468e-01 9.003583e-01 1.188796e+00 1.734732e-01 7.862766e-06 -1.530311e-05 2.992066e-05 1.727217e-05
11420.425245 8.258507e-01 9.021146e-01 1.194114e+00 1.744004e-01 4.420194e-06 -1.298938e-05 2.037895e-05 2.438865e-05
11425.425245 8.327733e-01 9.120531e-01 1.210688e+00 1.761269e-01 5.771688e-06 -1.992344e-05 2.340505e-05 2.053071e-05
11430.425245 8.333794e-01 9.149131e-01 1.217658e+00 1.766605e-01 1.361233e-05 -1.733001e-05 1.750580e-05 2.341869e-05
11435.425245 8.321768e-01 9.156750e-01 1.221645e+00 1.770108e-01 5.517160e-06 -1.753187e-05 1.772751e-05 2.842018e-05
11440.425245 8.316892e-01 9.173548e-01 1.226899e+00 1.774444e-01 1.171218e-05 -5.450788e-06 2.119239e-05 2.264556e-05
11445.425245 8.299717e-01 9.175189e-01 1.230079e+00 1.776319e-01 1.024898e-05 6.936408e-07 1.795646e-05 2.085358e-05
11450.425245 8.292350e-01 9.189404e-01 1.235117e+00 1.783771e-01 7.643126e-06 -1.145427e-05 1.137033e-05 3.179792e-05
11455.425245 8.275041e-01 9.191753e-01 1.238402e+00 1.782158e-01 1.162030e-06 -8.986376e-06 1.484739e-05 3.727661e-05
11460.425245 8.266840e-01 9.204158e-01 1.243103e+00 1.784556e-01 3.960832e-06 -1.610934e-05 1.977761e-05 3.220055e-05
11465.425245 8.257787e-01 9.216739e-01 1.247524e+00 1.788858e-01 3.546018e-06 -2.562789e-05 2.134856e-05 3.101025e-05
11470.425245 8.243792e-01 9.222018e-01 1.250948e+00 1.791746e-01 -1.933246e-06 -1.676106e-05 2.473815e-05 3.267988e-05
11475.425245 8.237899e-01 9.236593e-01 1.255789e+00 1.796104e-01 2.096501e-06 -1.515696e-05 3.298107e-05 1.908159e-05
11480.425245 8.228862e-01 9.248638e-01 1.259852e+00 1.804749e-01 1.228584e-05 -1.463567e-05 2.677840e-05 1.571078e-05
11485.425245 8.227032e-01 9.268241e-01 1.265073e+00 1.811810e-01 6.112542e-06 -1.536599e-05 3.497914e-05 1.645916e-05
11490.425245 8.208398e-01 9.267835e-01 1.267405e+00 1.815089e-01 -3.168316e-06 -1.464679e-05 3.698485e-05 4.045391e-06
11495.425245 8.200626e-01 9.280075e-01 1.271121e+00 1.826178e-01 3.901301e-07 -1.379749e-05 3.583369e-05 5.191071e-06
11500.425245 8.183201e-01 9.281488e-01 1.273339e+00 1.828342e-01 9.418759e-06 -6.382207e-06 3.184758e-05 7.853289e-06
11505.425245 8.177839e-01 9.296014e-01 1.276736e+00 1.837891e-01 4.836797e-06 -7.539525e-06 3.308361e-05 1.245445e-05
11510.425245 8.168919e-01 9.307411e-01 1.279114e+00 1.849249e-01 2.093883e-05 -5.315680e-06 2.045805e-05 1.246787e-05
11515.425245 8.161750e-01 9.319923e-01 1.281386e+00 1.860518e-01 2.423287e-05 -9.738193e-06 1.537328e-05 6.629781e-06
11520.425245 8.159079e-01 9.337061e-01 1.283139e+00 1.874085e-01 8.450761e-06 -8.000047e-06 1.513596e-05 -1.182728e-06
11525.425245 8.151089e-01 9.347573e-01 1.282648e+00 1.894374e-01 5.085060e-06 -1.142535e-05 8.538122e-06 1.885192e-06
11530.425245 8.145882e-01 9.360143e-01 1.280740e+00 1.919654e-01 7.250033e-06 -1.282238e-05 1.255015e-05 1.018999e-06
11534.000000 8.130423e-01 9.354325e-01 1.275623e+00 1.941801e-01 1.164503e-05 -1.342725e-05 2.334206e-05 2.835413e-06
11535.000000 8.130410e-01 9.357472e-01 1.274422e+00 1.953216e-01 1.155523e-05 -1.244174e-05 1.599712e-05 4.049599e-06
11536.000000 8.124157e-01 9.353910e-01 1.272256e+00 1.952600e-01 9.792283e-06 -2.017499e-05 2.377349e-05 4.874401e-06
11537.000000 8.130030e-01 9.363918e-01 1.271271e+00 1.962424e-01 1.568940e-05 -1.476179e-05 1.536751e-05 4.396764e-07
11538.000000 8.133257e-01 9.372912e-01 1.270236e+00 1.971436e-01 1.704574e-05 -1.331707e-05 2.024800e-05 5.871460e-06
11539.000000 8.117855e-01 9.357037e-01 1.265417e+00 1.983066e-01 2.536323e-05 -1.210225e-05 1.569375e-05 1.980310e-06
11540.000000 8.120911e-01 9.362670e-01 1.263577e+00 1.993220e-01 2.929532e-05 -9.934644e-06 1.474119e-05 1.951908e-05
11541.000000 8.116150e-01 9.360363e-01 1.260000e+00 2.021751e-01 7.370928e-06 -4.114306e-06 3.235230e-05 2.059482e-05
11541.200000 8.075736e-01 9.308881e-01 1.252341e+00 2.029111e-01 6.697126e-06 -3.686745e-06 3.003650e-05 2.265983e-05
11541.400000 8.106161e-01 9.347316e-01 1.256604e+00 2.017995e-01 3.852808e-06 -9.599051e-06 3.139810e-05 2.127738e-05
11541.600000 8.083857e-01 9.322839e-01 1.253385e+00 1.969521e-01 -6.592399e-06 -3.876028e-06 2.306396e-05 -5.674763e-06
11541.800000 8.143433e-01 9.392998e-01 1.261432e+00 2.015830e-01 1.267928e-05 -1.375810e-05 2.954221e-05 -3.773863e-06
11542.000000 8.098514e-01 9.345459e-01 1.254655e+00 2.008929e-01 -1.006252e-05 -2.247540e-05 1.886523e-05 -1.499022e-05
11542.200000 8.126889e-01 9.373127e-01 1.258202e+00 2.022502e-01 5.842335e-06 -2.780854e-05 2.574003e-05 -1.854880e-05
11542.400000 8.148110e-01 9.401962e-01 1.260387e+00 2.046041e-01 -1.632766e-06 -2.677353e-05 2.062600e-05 -7.145146e-06
11542.600000 8.073811e-01 9.316156e-01 1.248204e+00 2.038736e-01 -5.626937e-08 -1.496721e-05 2.067922e-05 5.648770e-06
11542.800000 8.121746e-01 9.370309e-01 1.254131e+00 2.041289e-01 1.820944e-05 -1.223049e-05 2.744254e-05 2.022429e-05
11543.000000 8.231092e-01 9.499041e-01 1.270473e+00 2.052629e-01 -1.751729e-06 -3.114138e-05 1.733864e-05 3.894602e-06
11543.200000 8.052547e-01 9.293493e-01 1.242849e+00 2.027904e-01 1.071266e-05 -2.986831e-05 2.920514e-05 8.574353e-06
11543.400000 8.119255e-01 9.371347e-01 1.251960e+00 2.029892e-01 1.361664e-05 -2.563392e-05 3.757060e-05 1.569505e-05
11543.600000 8.067791e-01 9.310542e-01 1.242855e+00 2.063626e-01 1.310495e-05 -2.792233e-05 1.244561e-05 9.501777e-06
11543.800000 8.153503e-01 9.410968e-01 1.256141e+00 2.083720e-01 1.512068e-05 -2.280910e-05 1.235470e-05 7.038163e-06
11544.000000 8.125855e-01 9.380959e-01 1.250810e+00 2.040984e-01 9.596257e-06 -1.484962e-05 1.987551e-06 7.017784e-06
11544.200000 8.128498e-01 9.379222e-01 1.249153e+00 2.020727e-01 2.682585e-05 -1.435419e-05 5.677442e-06 -1.395162e-05
11544.400000 8.119192e-01 9.372963e-01 1.247778e+00 2.046659e-01 1.388629e-05 -2.856650e-05 1.488288e-06 -2.901229e-05
11544.600000 8.066852e-01 9.310993e-01 1.238659e+00 2.063337e-01 1.574858e-05 -2.606372e-05 -5.516147e-06 -7.559871e-06
11544.800000 8.151928e-01 9.411830e-01 1.250418e+00 2.085808e-01 7.215129e-06 -2.167639e-05 2.492001e-05 1.241957e-05
11545.000000 8.067973e-01 9.317453e-01 1.236314e+00 2.040211e-01 1.061692e-05 -1.888942e-05 1.669401e-05 5.453130e-06
11545.200000 8.133828e-01 9.389597e-01 1.245041e+00 2.056606e-01 2.076311e-05 -2.032193e-05 2.957524e-05 6.230366e-06
11545.400000 8.206928e-01 9.473445e-01 1.254756e+00 2.085737e-01 2.108119e-05 -2.023131e-05 4.428660e-05 2.947172e-05
11545.600000 7.867839e-01 9.084426e-01 1.202287e+00 1.985425e-01 2.085465e-05 -1.248844e-05 2.684310e-05 3.837411e-05
11545.800000 8.101130e-01 9.352226e-01 1.236027e+00 2.098033e-01 1.445690e-05 -1.397397e-05 3.004505e-05 3.714659e-05
11546.000000 8.066553e-01 9.316656e-01 1.230711e+00 2.075989e-01 2.232685e-05 -1.597680e-05 3.148408e-05 3.090597e-05
11546.200000 8.120634e-01 9.376036e-01 1.237689e+00 2.087286e-01 1.072342e-05 -1.015250e-05 3.656237e-05 1.971726e-05
11546.400000 8.097299e-01 9.351420e-01 1.232312e+00 2.097498e-01 3.262973e-05 -1.579719e-05 4.810823e-05 1.695428e-05
11546.600000 8.129346e-01 9.388567e-01 1.236187e+00 2.103054e-01 2.339448e-05 -1.706637e-05 2.996471e-05 1.596247e-05
11546.800000 8.132695e-01 9.392087e-01 1.235275e+00 2.096227e-01 2.585190e-05 -9.924061e-06 4.234219e-05 9.055920e-06
11547.000000 8.110316e-01 9.367048e-01 1.230863e+00 2.115885e-01 3.395947e-05 -5.929994e-06 4.210441e-05 1.161726e-05
11547.200000 8.126934e-01 9.383860e-01 1.231115e+00 2.111431e-01 1.897661e-05 -2.253861e-07 4.572186e-05 -1.899249e-06
11547.400000 8.096326e-01 9.353774e-01 1.225695e+00 2.102506e-01 3.125685e-05 -5.424437e-06 4.638900e-05 -1.111547e-05
11547.600000 8.071125e-01 9.325121e-01 1.220783e+00 2.079512e-01 1.050426e-05 -1.095993e-05 4.818499e-05 -1.516413e-06
11547.800000 8.155161e-01 9.418925e-01 1.231227e+00 2.133601e-01 2.701241e-05 -9.204273e-06 3.698092e-05 -1.990977e-06
11548.000000 8.119570e-01 9.377016e-01 1.223515e+00 2.152083e-01 2.592204e-05 -7.578431e-06 3.388237e-05 4.981066e-06
11548.200000 8.121942e-01 9.377257e-01 1.222064e+00 2.153230e-01 3.125573e-05 -3.637594e-06 2.524162e-05 1.472112e-06
11548.400000 8.105910e-01 9.363205e-01 1.218526e+00 2.131137e-01 3.051110e-05 -7.835940e-06 1.777693e-05 -1.640355e-05
11548.600000 8.121312e-01 9.380451e-01 1.218845e+00 2.128049e-01 2.458275e-05 -1.667619e-05 1.919503e-05 -6.093340e-06
11548.800000 8.142526e-01 9.405329e-01 1.220457e+00 2.158977e-01 2.297160e-05 -1.366201e-05 2.745224e-05 -4.017506e-06
11549.000000 8.088525e-01 9.339867e-01 1.209469e+00 2.156739e-01 1.977091e-05 -2.041901e-05 5.079342e-05 1.375521e-05
11549.200000 8.190900e-01 9.457906e-01 1.223414e+00 2.180978e-01 3.181120e-05 -2.037668e-05 3.908944e-05 1.507076e-06
11549.400000 8.018543e-01 9.264597e-01 1.195361e+00 2.133723e-01 1.867002e-05 -1.793538e-05 4.922604e-05 7.221972e-06
11549.600000 8.181396e-01 9.450407e-01 1.217492e+00 2.193002e-01 2.801933e-05 -2.286795e-05 3.796365e-05 -3.226654e-06
11549.800000 8.039906e-01 9.290513e-01 1.194661e+00 2.158587e-01 1.213161e-05 -1.516064e-05 2.620612e-05 -2.625510e-06
11550.000000 8.101466e-01 9.352369e-01 1.201068e+00 2.200784e-01 2.073857e-05 -9.804848e-06 2.894494e-05 -1.247334e-05
11550.200000 8.130179e-01 9.393703e-01 1.203807e+00 2.213083e-01 2.067212e-05 -9.457657e-06 3.419049e-05 -1.315547e-05
11550.400000 8.107667e-01 9.364674e-01 1.197358e+00 2.228346e-01 3.275406e-05 -9.347679e-06 2.708812e-05 -2.048653e-05
11550.600000 8.093616e-01 9.347631e-01 1.192730e+00 2.187964e-01 1.884308e-05 -9.127798e-06 1.675661e-05 -1.339633e-05
11550.800000 8.043918e-01 9.288356e-01 1.182405e+00 2.224256e-01 2.486798e-05 -1.567166e-05 2.458329e-05 -7.085021e-06
11551.000000 8.151471e-01 9.416343e-01 1.195878e+00 2.233244e-01 2.367564e-05 -8.621545e-06 3.115676e-05 -5.774741e-06
11551.200000 8.111604e-01 9.371866e-01 1.187309e+00 2.231698e-01 2.796306e-05 -3.117690e-05 3.298338e-05 -3.938872e-06
11551.400000 8.098639e-01 9.352316e-01 1.182192e+00 2.237067e-01 2.899659e-05 -2.737672e-05 2.163919e-05 -2.500779e-06
11551.600000 8.093493e-01 9.347903e-01 1.178074e+00 2.231388e-01 3.065372e-05 -2.263447e-05 1.843613e-05 9.393701e-09
11551.800000 8.130070e-01 9.387519e-01 1.179754e+00 2.254311e-01 3.146713e-05 -1.902045e-05 2.810402e-05 -2.178644e-06
11552.000000 8.101853e-01 9.357932e-01 1.173054e+00 2.282758e-01 3.802879e-05 -1.230599e-05 3.380270e-05 8.654552e-06
11552.200000 8.104148e-01 9.357920e-01 1.170549e+00 2.279237e-01 2.601278e-05 -1.840219e-05 3.198768e-05 2.298206e-06
11552.400000 8.129883e-01 9.384690e-01 1.170100e+00 2.293018e-01 3.060423e-05 -1.745606e-05 3.258126e-05 7.042100e-06
11552.600000 8.039749e-01 9.278004e-01 1.153859e+00 2.306835e-01 2.018181e-05 -1.040290e-05 1.994652e-05 7.649173e-06
11552.800000 8.091083e-01 9.341385e-01 1.157216e+00 2.335510e-01 1.357874e-05 -5.952671e-06 1.386625e-05 3.299673e-06
11553.000000 8.139024e-01 9.396967e-01 1.160520e+00 2.342768e-01 1.449957e-05 -1.862989e-06 1.429258e-05 4.515527e-06
11553.200000 8.134844e-01 9.387710e-01 1.154986e+00 2.317922e-01 1.394091e-05 -7.117283e-06 1.601136e-05 1.551906e-05
11553.400000 8.075554e-01 9.323829e-01 1.142988e+00 2.316538e-01 2.449873e-06 -1.933226e-05 3.358008e-06 2.713391e-06
11553.600000 8.159266e-01 9.419228e-01 1.150765e+00 2.364247e-01 7.430740e-06 -2.237317e-05 4.939883e-06 -1.609450e-05
11553.800000 8.132449e-01 9.387789e-01 1.143191e+00 2.415801e-01 8.885389e-06 -1.077192e-05 1.306913e-05 -1.071930e-05
11554.000000 8.061939e-01 9.299661e-01 1.126977e+00 2.367130e-01 1.238544e-05 -1.465093e-05 1.744154e-05 -6.432642e-06
11554.200000 8.104188e-01 9.349881e-01 1.128027e+00 2.398588e-01 1.809257e-05 -1.207670e-05 1.325627e-05 -7.944089e-06
11554.400000 8.120449e-01 9.364231e-01 1.124967e+00 2.422599e-01 1.788016e-05 -8.367884e-06 -2.357353e-06 -8.578738e-06
11554.600000 8.087431e-01 9.329140e-01 1.115828e+00 2.418921e-01 1.662308e-05 -8.010834e-06 -3.096626e-06 -1.762362e-06
11554.800000 8.147859e-01 9.392715e-01 1.118380e+00 2.462740e-01 1.522363e-05 -1.491741e-05 1.395812e-05 5.431295e-06
11555.000000 8.115787e-01 9.358311e-01 1.108475e+00 2.475680e-01 2.337568e-05 -8.798285e-06 1.603908e-05 4.886525e-06
11555.200000 8.097410e-01 9.333613e-01 1.099531e+00 2.456134e-01 2.291261e-05 -5.013234e-06 -3.464158e-06 9.080938e-07
11555.400000 8.109489e-01 9.347396e-01 1.095203e+00 2.479902e-01 1.884716e-05 2.459793e-06 1.835915e-06 1.109251e-05
11555.600000 8.097333e-01 9.326214e-01 1.086222e+00 2.495111e-01 1.871394e-05 -2.837543e-06 1.191032e-05 1.953445e-05
11555.800000 8.110026e-01 9.345305e-01 1.082154e+00 2.538003e-01 1.135406e-05 -2.000753e-05 1.727291e-05 4.712202e-06
11556.000000 8.071668e-01 9.294893e-01 1.069095e+00 2.525090e-01 2.077944e-05 -2.441147e-05 2.544117e-05 5.778937e-06
11556.200000 8.091864e-01 9.317661e-01 1.064359e+00 2.573599e-01 1.286239e-05 -1.751455e-05 2.889832e-05 -1.162232e-06
11556.400000 8.086140e-01 9.305135e-01 1.056023e+00 2.582329e-01 1.717324e-05 -2.016914e-05 2.688074e-05 -8.395141e-06
11556.600000 8.102962e-01 9.328505e-01 1.050263e+00 2.600664e-01 1.718905e-05 -2.299058e-05 1.487331e-05 -1.432897e-05
11556.800000 8.161759e-01 9.388657e-01 1.048206e+00 2.643431e-01 2.097557e-05 -1.805634e-05 1.304212e-05 -1.172523e-05
11557.000000 8.073622e-01 9.283099e-01 1.028237e+00 2.642896e-01 1.168701e-05 -1.203471e-05 2.283198e-05 -4.378184e-07
11557.200000 8.097334e-01 9.308610e-01 1.022157e+00 2.705432e-01 2.001429e-05 -1.586442e-05 1.482769e-05 1.263618e-05
11557.400000 8.135342e-01 9.352783e-01 1.017721e+00 2.739332e-01 1.335214e-05 -1.459400e-05 1.875672e-05 1.487151e-05
11557.600000 8.097183e-01 9.303823e-01 1.002865e+00 2.777291e-01 3.104211e-05 -7.982266e-06 2.414761e-05 1.437035e-05
11557.800000 8.104698e-01 9.310974e-01 9.922048e-01 2.791974e-01 2.299513e-05 -8.480155e-06 1.104946e-05 1.023396e-05
11558.000000 8.096090e-01 9.292344e-01 9.794663e-01 2.809638e-01 2.225838e-05 -4.761557e-06 1.330260e-05 6.687281e-06
11558.200000 8.102595e-01 9.297395e-01 9.683067e-01 2.855522e-01 2.128294e-05 -3.632548e-06 1.735290e-05 1.639362e-05
11558.400000 8.109290e-01 9.299813e-01 9.575176e-01 2.896649e-01 2.192296e-05 -7.557446e-06 2.034078e-05 2.268548e-05
11558.600000 8.091678e-01 9.274666e-01 9.417965e-01 2.940187e-01 2.287989e-05 -1.082146e-05 3.561923e-05 1.631475e-05
11558.800000 8.099855e-01 9.277694e-01 9.290299e-01 2.970540e-01 2.543497e-05 -1.108029e-05 2.604948e-05 1.209803e-05
11559.000000 8.091209e-01 9.259433e-01 9.123292e-01 3.021655e-01 3.424382e-05 -2.665648e-05 1.589723e-05 1.442045e-05
11559.200000 8.102873e-01 9.269532e-01 8.991408e-01 3.086328e-01 3.303218e-05 -3.459759e-05 2.173841e-05 2.408088e-05
11559.400000 8.077643e-01 9.231744e-01 8.806771e-01 3.105038e-01 3.395041e-05 -3.050067e-05 2.064877e-05 1.197189e-05
11559.600000 8.099536e-01 9.247779e-01 8.655178e-01 3.180672e-01 2.702085e-05 -3.295399e-05 2.145866e-05 -1.718921e-06
11559.800000 8.096257e-01 9.240182e-01 8.469043e-01 3.253997e-01 3.674251e-05 -3.028978e-05 2.144428e-05 2.333996e-07
11560.000000 8.111187e-01 9.246142e-01 8.296466e-01 3.322218e-01 2.126798e-05 -2.020413e-05 1.764866e-05 -2.721653e-06
11560.200000 8.049377e-01 9.168080e-01 8.042286e-01 3.376028e-01 1.819701e-05 -1.831388e-05 2.246425e-05 -1.238014e-05
11560.400000 8.201573e-01 9.333083e-01 7.984001e-01 3.506408e-01 1.771862e-05 -2.266172e-05 2.534076e-05 -5.350372e-06
11560.600000 7.899617e-01 8.979534e-01 7.480577e-01 3.447557e-01 3.482807e-06 -1.669674e-05 1.873734e-05 -8.998413e-06
11560.800000 8.064968e-01 9.149493e-01 7.393446e-01 3.605859e-01 1.795272e-05 -2.892113e-05 2.208918e-05 -2.915264e-06
11561.000000 8.149437e-01 9.232558e-01 7.226630e-01 3.723079e-01 1.748663e-05 -2.402147e-05 1.245458e-05 1.305771e-05
11561.200000 8.095957e-01 9.157775e-01 6.927365e-01 3.802150e-01 2.362260e-05 -4.536240e-06 5.459949e-06 2.225073e-05
11561.400000 8.104707e-01 9.150189e-01 6.671853e-01 3.910916e-01 2.973732e-05 -5.619209e-06 1.279293e-05 1.314337e-05
11561.600000 8.114642e-01 9.148518e-01 6.410134e-01 4.031143e-01 2.178535e-05 -1.008909e-05 2.078079e-05 8.200948e-06
11561.800000 8.070783e-01 9.080332e-01 6.095117e-01 4.143628e-01 1.614869e-05 -8.928056e-06 1.814310e-05 8.602498e-06
11562.000000 8.042725e-01 9.027461e-01 5.786575e-01 4.289654e-01 1.777088e-05 -1.325178e-05 1.530511e-05 -4.127476e-06
11562.200000 8.173527e-01 9.154602e-01 5.594113e-01 4.486921e-01 1.256058e-05 -7.434350e-06 3.018944e-05 7.557559e-06
11562.400000 8.042816e-01 8.984775e-01 5.200706e-01 4.550125e-01 1.951006e-05 -5.750003e-06 4.420655e-05 2.601356e-05
11562.600000 8.059639e-01 8.978025e-01 4.912873e-01 4.721169e-01 2.443547e-05 -1.465824e-05 2.161589e-05 1.159866e-05
11562.800000 8.124945e-01 9.025519e-01 4.654533e-01 4.951256e-01 2.094425e-05 -4.632270e-06 1.256672e-05 1.335330e-05
11563.000000 8.068433e-01 8.936641e-01 4.320238e-01 5.110096e-01 1.914668e-05 -7.356633e-06 1.718352e-05 2.517179e-05
11563.200000 8.116980e-01 8.960765e-01 4.070050e-01 5.326650e-01 3.217999e-05 -7.389042e-06 2.731160e-05 2.228875e-05
11563.400000 8.118663e-01 8.930339e-01 3.765738e-01 5.539910e-01 4.184526e-05 -2.120417e-06 2.429590e-05 8.507715e-06
11563.600000 8.080271e-01 8.851781e-01 3.456120e-01 5.766069e-01 3.324389e-05 -2.386243e-06 3.447799e-05 9.825207e-06
11563.800000 8.086389e-01 8.823867e-01 3.175934e-01 5.997197e-01 3.305271e-05 -9.337875e-06 2.817704e-05 -4.758228e-06
11564.000000 8.119374e-01 8.823442e-01 2.927330e-01 6.244702e-01 3.819524e-05 -1.281072e-06 1.621384e-05 -4.696562e-06
11564.200000 8.043855e-01 8.703110e-01 2.674309e-01 6.434203e-01 3.115213e-05 3.490457e-06 2.189753e-05 6.605108e-06
11564.400000 8.119806e-01 8.751507e-01 2.476246e-01 6.711703e-01 3.005464e-05 4.515637e-06 2.672588e-05 1.112695e-05
11564.600000 8.095081e-01 8.689322e-01 2.267708e-01 6.948017e-01 1.777058e-05 -6.235676e-07 3.868953e-06 -7.435817e-07
11564.800000 8.103488e-01 8.663921e-01 2.084881e-01 7.187637e-01 2.995916e-05 -5.766340e-07 1.474334e-05 4.475719e-06
11565.000000 8.083937e-01 8.607369e-01 1.918525e-01 7.396688e-01 2.694076e-05 -1.360300e-05 -5.683448e-06 -2.728788e-07
11565.200000 8.035573e-01 8.522521e-01 1.762288e-01 7.556685e-01 2.048269e-05 -8.645361e-06 5.959761e-06 1.032577e-06
11565.400000 8.111342e-01 8.574807e-01 1.658233e-01 7.858303e-01 2.378696e-05 -1.280601e-05 2.151732e-05 -7.147972e-06
11565.600000 8.054950e-01 8.481259e-01 1.533115e-01 8.023514e-01 2.440182e-05 -6.568365e-06 1.605264e-05 -6.165388e-06
11565.800000 8.107287e-01 8.509360e-01 1.460755e-01 8.242097e-01 2.582161e-05 -4.406882e-06 1.460860e-05 -3.698729e-06
11566.000000 8.038235e-01 8.415186e-01 1.383234e-01 8.309131e-01 2.526835e-05 -3.366454e-06 2.198940e-05 -6.973323e-06
11566.200000 8.082163e-01 8.436089e-01 1.334864e-01 8.483384e-01 1.878862e-05 5.040294e-06 1.433931e-05 -6.932059e-06
11566.400000 8.098144e-01 8.438261e-01 1.300452e-01 8.658982e-01 2.617712e-05 4.358862e-06 9.558316e-06 2.656498e-06
11566.600000 8.093319e-01 8.415219e-01 1.275803e-01 8.770723e-01 2.946196e-05 2.398426e-06 1.548278e-05 1.013624e-05
11566.800000 8.099426e-01 8.408526e-01 1.263930e-01 8.845537e-01 2.359717e-05 -2.385679e-06 4.737326e-06 -3.480050e-06
11567.000000 8.090785e-01 8.387528e-01 1.258159e-01 8.896358e-01 3.183730e-05 -9.440639e-06 3.651900e-06 -1.429135e-06
11567.200000 8.095120e-01 8.383405e-01 1.262474e-01 8.998046e-01 2.434871e-05 8.766757e-07 7.154128e-06 5.034091e-06
11567.400000 8.070785e-01 8.354332e-01 1.268378e-01 8.993680e-01 1.932079e-05 2.456209e-06 1.521794e-05 6.612818e-06
11567.600000 8.082328e-01 8.364201e-01 1.288482e-01 9.019079e-01 2.232814e-05 4.628112e-07 1.078340e-05 1.821805e-06
11567.800000 8.093770e-01 8.374284e-01 1.313508e-01 9.007990e-01 2.715894e-05 7.952392e-06 8.857741e-06 -4.550880e-06
11568.000000 8.103062e-01 8.383916e-01 1.341302e-01 9.024704e-01 3.673380e-05 6.340402e-06 8.899442e-06 3.781682e-06
11568.200000 8.060074e-01 8.341268e-01 1.362544e-01 8.970307e-01 3.011963e-05 9.817806e-06 3.054975e-05 1.102685e-05
11568.400000 8.081471e-01 8.368000e-01 1.401927e-01 8.986462e-01 2.692638e-05 1.039139e-05 2.017243e-05 -7.212350e-06
11568.600000 8.089013e-01 8.380198e-01 1.436948e-01 8.953593e-01 2.968202e-05 1.402169e-05 -6.991482e-06 -1.075969e-05
11568.800000 8.072758e-01 8.369010e-01 1.470148e-01 8.874898e-01 2.809637e-05 9.108434e-06 -3.416238e-06 1.552346e-06
11569.000000 8.081049e-01 8.384830e-01 1.506029e-01 8.847396e-01 1.912578e-05 -1.799838e-06 2.224778e-05 1.360132e-05
11569.200000 8.096891e-01 8.410376e-01 1.546851e-01 8.809382e-01 1.412832e-05 -4.327715e-06 9.588819e-06 -1.063787e-05
11569.400000 8.089417e-01 8.411221e-01 1.581894e-01 8.763893e-01 2.089031e-05 -2.317297e-06 6.066958e-06 1.772685e-06
11569.600000 8.059985e-01 8.389251e-01 1.613804e-01 8.667857e-01 3.051028e-05 -4.288902e-06 1.349728e-05 1.067844e-05
11569.800000 8.080518e-01 8.418465e-01 1.654210e-01 8.647430e-01 3.009317e-05 4.401285e-06 5.521232e-07 6.528681e-06
11570.000000 8.095298e-01 8.443647e-01 1.692649e-01 8.586391e-01 3.136074e-05 -4.158631e-06 2.837802e-06 6.949763e-06
11570.200000 8.064268e-01 8.421139e-01 1.717120e-01 8.509759e-01 3.811300e-05 -4.329467e-06 1.810394e-06 7.136102e-06
11570.400000 8.088433e-01 8.455109e-01 1.757185e-01 8.476496e-01 3.540884e-05 -6.881262e-06 5.362582e-06 2.044056e-06
11570.600000 8.081065e-01 8.457718e-01 1.787156e-01 8.389434e-01 2.259296e-05 -4.109282e-06 5.807782e-06 6.646426e-06
11570.800000 8.085761e-01 8.472106e-01 1.818464e-01 8.364231e-01 3.295256e-05 4.316357e-06 6.093974e-06 2.139861e-06
11571.000000 8.081373e-01 8.478147e-01 1.843737e-01 8.315662e-01 2.357077e-05 -1.064645e-05 1.659510e-05 5.081281e-06
11571.200000 8.090542e-01 8.496963e-01 1.875411e-01 8.258356e-01 1.988571e-05 -9.835538e-06 1.948668e-05 4.746610e-07
11571.400000 8.103197e-01 8.518366e-01 1.904901e-01 8.219363e-01 1.786708e-05 8.574111e-07 1.749534e-05 2.737478e-07
11571.600000 8.075641e-01 8.496927e-01 1.923377e-01 8.139315e-01 1.990450e-05 -9.549085e-06 2.129605e-05 8.151530e-06
11571.800000 8.089151e-01 8.518864e-01 1.951257e-01 8.088169e-01 2.319051e-05 -1.109210e-05 1.752063e-05 1.102513e-06
11572.000000 8.066784e-01 8.501978e-01 1.969426e-01 8.046725e-01 3.425755e-05 -9.336695e-06 1.276277e-05 -1.430084e-05
11572.200000 8.066596e-01 8.509669e-01 1.992376e-01 7.995316e-01 2.804377e-05 -6.834170e-06 8.067540e-06 -1.917026e-05
11572.400000 8.051495e-01 8.499012e-01 2.011434e-01 7.946534e-01 2.448028e-05 -1.234559e-05 -7.972894e-07 -1.551169e-05
11572.600000 8.080271e-01 8.537898e-01 2.041552e-01 7.918466e-01 3.169709e-05 -9.316710e-06 1.250516e-05 -5.112258e-06
11572.800000 8.079229e-01 8.542737e-01 2.060970e-01 7.884268e-01 2.561590e-05 3.252105e-06 1.292748e-05 3.080087e-06
11573.000000 8.077179e-01 8.547384e-01 2.079496e-01 7.836701e-01 3.059138e-05 -2.149166e-06 1.924471e-05 -5.259437e-06
11573.200000 8.077910e-01 8.556758e-01 2.099703e-01 7.805579e-01 3.865914e-05 -2.269295e-06 2.579433e-05 -5.476903e-06
11573.400000 8.075314e-01 8.558642e-01 2.117305e-01 7.764554e-01 3.007042e-05 -1.287778e-05 1.562349e-05 -5.285406e-06
11573.600000 8.078300e-01 8.567839e-01 2.135569e-01 7.748032e-01 2.957527e-05 -9.927025e-06 5.194852e-06 -1.321261e-05
11573.800000 8.077572e-01 8.571405e-01 2.151155e-01 7.705924e-01 2.115728e-05 -7.466362e-06 1.342685e-05 -1.788951e-05
11574.000000 8.079796e-01 8.579848e-01 2.166255e-01 7.693647e-01 1.946135e-05 -1.020147e-05 4.854931e-06 -1.098702e-05
11574.200000 8.082235e-01 8.586224e-01 2.181527e-01 7.671484e-01 2.334135e-05 -9.666448e-06 1.021864e-05 -1.673729e-05
11574.400000 8.078625e-01 8.587369e-01 2.193110e-01 7.635056e-01 2.435592e-05 -4.069434e-06 1.269715e-05 -1.984733e-05
11574.600000 8.074013e-01 8.586152e-01 2.201970e-01 7.602887e-01 2.446548e-05 -7.500204e-06 1.529493e-05 -1.625396e-05
11574.800000 8.074225e-01 8.590320e-01 2.211879e-01 7.562324e-01 2.828818e-05 -1.982544e-05 2.577293e-05 -2.832786e-06
11575.000000 8.080201e-01 8.601332e-01 2.219899e-01 7.565154e-01 2.199584e-05 -2.160548e-05 3.643405e-05 3.005401e-06
11575.200000 8.065038e-01 8.588191e-01 2.224831e-01 7.549808e-01 1.444356e-05 -1.347786e-05 3.679569e-05 3.233292e-06
11575.400000 8.061818e-01 8.587491e-01 2.228850e-01 7.546039e-01 1.923684e-05 -6.474451e-06 2.972247e-05 7.749085e-06
11575.600000 8.072119e-01 8.600886e-01 2.235816e-01 7.525215e-01 2.351954e-05 -1.325061e-05 3.107918e-05 2.016938e-06
11575.800000 8.072861e-01 8.605112e-01 2.238084e-01 7.499240e-01 1.670114e-05 -1.932983e-05 8.363935e-06 -4.116759e-06
11576.000000 8.076252e-01 8.611896e-01 2.240119e-01 7.502529e-01 1.182871e-05 -1.916277e-05 9.043994e-06 1.408539e-06
11576.200000 8.092374e-01 8.632390e-01 2.241185e-01 7.501147e-01 2.820107e-05 -1.023822e-05 2.085532e-05 1.668846e-06
11576.400000 8.062214e-01 8.602498e-01 2.229406e-01 7.458014e-01 2.632238e-05 -3.856034e-06 3.128825e-05 1.201426e-05
11576.600000 8.090390e-01 8.633141e-01 2.234532e-01 7.476518e-01 1.945378e-05 -1.356037e-05 2.211665e-05 2.139244e-06
11576.800000 8.063229e-01 8.604484e-01 2.222780e-01 7.448940e-01 2.163212e-05 -2.576251e-05 2.072714e-05 7.869614e-07
11577.000000 8.076827e-01 8.622682e-01 2.220680e-01 7.453260e-01 1.434133e-05 -3.387074e-05 3.114905e-05 9.200714e-06
11577.200000 8.100288e-01 8.649083e-01 2.222934e-01 7.476785e-01 9.907193e-06 -3.202347e-05 2.672486e-05 -3.707264e-06
11577.400000 8.038311e-01 8.585746e-01 2.196317e-01 7.455816e-01 7.714345e-06 -2.324784e-05 1.597442e-05 -8.734722e-06
11577.600000 8.078349e-01 8.627601e-01 2.198140e-01 7.454687e-01 2.153009e-05 -2.625091e-05 8.018087e-06 -3.155334e-07
11577.800000 8.073528e-01 8.621711e-01 2.187313e-01 7.463076e-01 2.119897e-05 -2.446953e-05 8.422627e-06 -1.580788e-06
11578.000000 8.062394e-01 8.610511e-01 2.171914e-01 7.451933e-01 2.186629e-05 -2.418804e-05 7.721556e-06 3.004092e-06
11578.200000 8.084119e-01 8.634630e-01 2.167509e-01 7.480493e-01 2.854323e-05 -2.993091e-05 2.026431e-05 -4.349876e-06
11578.400000 8.062737e-01 8.612551e-01 2.148806e-01 7.458384e-01 2.795232e-05 -3.241320e-05 2.068832e-05 3.640055e-06
11578.600000 8.073780e-01 8.624308e-01 2.142152e-01 7.473868e-01 2.748688e-05 -1.929184e-05 1.618805e-05 -1.245050e-05
11578.800000 8.088460e-01 8.639552e-01 2.138489e-01 7.483913e-01 1.774343e-05 -1.269184e-05 2.630726e-05 -2.918519e-06
11579.000000 8.066172e-01 8.617447e-01 2.120230e-01 7.474998e-01 1.066165e-05 -2.169855e-05 3.043318e-05 -1.154820e-05
11579.200000 8.054933e-01 8.604318e-01 2.110750e-01 7.482185e-01 1.831662e-05 -2.520562e-05 2.153475e-05 -1.430104e-05
11579.400000 8.080433e-01 8.631489e-01 2.107442e-01 7.498358e-01 1.307560e-05 -2.232532e-05 2.334909e-05 -9.543734e-06
11579.600000 8.083193e-01 8.635221e-01 2.097430e-01 7.484070e-01 8.030083e-06 -2.798784e-05 2.390750e-05 -1.854376e-06
11579.800000 8.059565e-01 8.612315e-01 2.082580e-01 7.478041e-01 2.123228e-05 -2.391372e-05 2.201415e-05 1.156595e-05
11580.000000 8.081502e-01 8.634675e-01 2.086885e-01 7.516125e-01 1.483365e-05 -6.442548e-06 1.216476e-05 5.903593e-07
11580.200000 8.070371e-01 8.619954e-01 2.078722e-01 7.506830e-01 1.131800e-05 -8.385554e-06 1.979407e-05 -9.624777e-06
11580.400000 8.068726e-01 8.618756e-01 2.074228e-01 7.505283e-01 7.630486e-06 -6.922138e-06 1.295748e-05 -1.196024e-05
11580.600000 8.067146e-01 8.619417e-01 2.071040e-01 7.500308e-01 1.232880e-05 -2.664282e-06 3.404690e-05 3.328737e-07
11580.800000 8.017837e-01 8.564394e-01 2.057602e-01 7.457672e-01 1.688441e-05 -2.844874e-06 2.453539e-05 2.455844e-06
11581.000000 8.034175e-01 8.582823e-01 2.064309e-01 7.482498e-01 1.609207e-05 -1.359302e-05 1.713230e-05 -1.323529e-05
11581.200000 8.069116e-01 8.621238e-01 2.076424e-01 7.504440e-01 8.475072e-06 -1.146796e-05 7.719349e-06 -3.499834e-06
11581.400000 8.063581e-01 8.617735e-01 2.080430e-01 7.499260e-01 1.860459e-05 -1.348132e-05 1.634536e-05 7.990523e-06
11581.600000 8.061642e-01 8.616768e-01 2.083633e-01 7.514227e-01 1.103785e-05 -2.731280e-05 9.388849e-06 1.923366e-06
11581.800000 8.032114e-01 8.584673e-01 2.086320e-01 7.473208e-01 1.169958e-05 -2.488158e-05 1.353940e-05 4.176246e-06
11582.000000 8.088923e-01 8.647079e-01 2.108911e-01 7.481106e-01 1.160084e-05 -2.033513e-05 1.331181e-05 -7.154027e-06
11582.200000 8.045101e-01 8.601018e-01 2.107264e-01 7.459276e-01 2.378072e-05 -2.015027e-05 1.601625e-05 1.766406e-05
11582.400000 8.069505e-01 8.631290e-01 2.125139e-01 7.490371e-01 1.779651e-05 -8.388510e-06 -4.148087e-06 -1.019629e-05
11582.600000 8.060876e-01 8.623397e-01 2.137959e-01 7.488542e-01 1.393095e-05 -1.221127e-05 7.868580e-06 -4.810206e-06
11582.800000 8.088451e-01 8.655066e-01 2.156877e-01 7.512467e-01 2.284887e-05 -1.506518e-05 1.528713e-05 9.823033e-06
11583.000000 8.059968e-01 8.625338e-01 2.161232e-01 7.458223e-01 2.004717e-05 -1.568714e-05 1.064235e-05 -2.767340e-06
11583.200000 8.070469e-01 8.639067e-01 2.178528e-01 7.472903e-01 2.304690e-05 -1.127924e-05 3.856521e-05 -9.785090e-07
11583.400000 8.064015e-01 8.635392e-01 2.191054e-01 7.465441e-01 2.725787e-05 -1.512096e-05 1.749298e-05 -2.865477e-06
11583.600000 8.072832e-01 8.646315e-01 2.207747e-01 7.447186e-01 7.642801e-06 -1.284733e-05 1.239833e-06 -1.016736e-05
11583.800000 8.054095e-01 8.628917e-01 2.214154e-01 7.448032e-01 6.919139e-06 -7.212074e-06 1.490105e-05 -1.695321e-06
11584.000000 8.049738e-01 8.622204e-01 2.225889e-01 7.426252e-01 2.534436e-05 -3.192800e-06 2.519922e-05 -2.739622e-07
11584.200000 8.070446e-01 8.648161e-01 2.240597e-01 7.424785e-01 1.973975e-05 -4.307628e-07 2.642575e-05 -1.721294e-05
11584.400000 8.049529e-01 8.627095e-01 2.246736e-01 7.403078e-01 1.846203e-05 6.744094e-06 2.438647e-05 -1.261364e-05
11584.600000 8.066635e-01 8.648315e-01 2.260091e-01 7.430498e-01 3.215581e-05 9.693751e-06 1.094838e-05 -1.216099e-05
11584.800000 8.054266e-01 8.636911e-01 2.263435e-01 7.432676e-01 4.014796e-05 6.044098e-06 1.298787e-05 -1.436266e-05
11585.000000 8.065630e-01 8.651040e-01 2.275996e-01 7.410566e-01 2.675223e-05 7.460331e-07 1.741842e-05 -3.466025e-06
11585.200000 8.061753e-01 8.648634e-01 2.283485e-01 7.365586e-01 2.500598e-05 -2.117884e-06 5.272333e-06 -2.533962e-06
11585.400000 8.048659e-01 8.635479e-01 2.283359e-01 7.394737e-01 2.818110e-05 -1.597789e-06 -4.099108e-06 -1.500019e-05
11585.600000 8.008676e-01 8.593576e-01 2.277160e-01 7.349804e-01 8.392340e-06 -3.455723e-06 -9.800728e-07 -2.423673e-05
11585.800000 8.070373e-01 8.661014e-01 2.297837e-01 7.383121e-01 5.652188e-06 -5.440979e-06 1.417614e-05 -1.569874e-05
11586.000000 8.050880e-01 8.642150e-01 2.295064e-01 7.368864e-01 5.778376e-06 -1.701865e-06 9.270162e-06 -1.291400e-05
11586.200000 8.052831e-01 8.643122e-01 2.294946e-01 7.375567e-01 6.916153e-06 1.059967e-06 9.685229e-06 -8.714441e-06
11586.400000 8.057176e-01 8.650602e-01 2.298973e-01 7.347955e-01 1.772794e-05 8.225651e-06 1.186386e-05 -1.503788e-05
11586.600000 8.048447e-01 8.642293e-01 2.298927e-01 7.376130e-01 2.756645e-05 5.066517e-06 1.020106e-05 -2.093030e-05
11586.800000 8.048154e-01 8.644686e-01 2.301043e-01 7.392314e-01 1.873604e-05 -3.136969e-06 1.403377e-05 -2.143326e-05
11587.000000 8.065454e-01 8.662703e-01 2.305275e-01 7.385054e-01 1.592600e-05 -1.694999e-05 1.383436e-05 -2.633554e-05
11587.200000 8.000279e-01 8.590966e-01 2.283796e-01 7.321837e-01 1.722191e-05 -2.559506e-05 1.510473e-05 -1.921511e-05
11587.400000 8.018205e-01 8.609894e-01 2.288879e-01 7.344312e-01 1.399485e-05 -2.222286e-05 6.559366e-06 -1.071859e-05
11587.600000 8.067433e-01 8.663103e-01 2.301811e-01 7.417611e-01 3.611346e-06 -1.411271e-05 5.357657e-07 -1.027133e-05
11587.800000 8.061005e-01 8.657586e-01 2.295635e-01 7.406669e-01 -4.878169e-06 -2.125562e-05 2.062591e-05 -1.878501e-05
11588.000000 8.057810e-01 8.655003e-01 2.293283e-01 7.402328e-01 1.416019e-06 -1.734346e-05 1.401985e-05 -5.644466e-06
11588.200000 8.039585e-01 8.636087e-01 2.282985e-01 7.384361e-01 1.368575e-05 -9.122726e-06 6.886354e-06 8.383194e-07
11588.400000 8.086840e-01 8.688066e-01 2.291965e-01 7.454882e-01 1.906829e-05 -1.413379e-05 8.633197e-06 -1.004387e-05
11588.600000 8.051412e-01 8.649342e-01 2.275646e-01 7.397897e-01 1.591732e-05 -2.109544e-05 -3.388397e-06 -9.054737e-06
11588.800000 8.035968e-01 8.629902e-01 2.263729e-01 7.422224e-01 2.308541e-05 -2.316155e-05 8.624356e-06 -4.386134e-06
11589.000000 8.057281e-01 8.654393e-01 2.263691e-01 7.452601e-01 2.646142e-05 -1.483833e-05 1.182561e-05 -1.461672e-05
11589.200000 8.073809e-01 8.671867e-01 2.259852e-01 7.453686e-01 2.379483e-05 -6.257613e-06 1.438018e-05 -1.373118e-05
11589.400000 8.043780e-01 8.638043e-01 2.242885e-01 7.454967e-01 9.767111e-06 -1.643083e-05 7.080189e-06 -1.891294e-05
11589.600000 8.032801e-01 8.623881e-01 2.227870e-01 7.441170e-01 2.050103e-06 -1.761239e-05 1.876488e-05 -1.291762e-05
11589.800000 8.048850e-01 8.643774e-01 2.221488e-01 7.439972e-01 1.764753e-05 -1.539646e-05 7.269898e-06 -1.764635e-05
11590.000000 8.096884e-01 8.695320e-01 2.225621e-01 7.532320e-01 1.869150e-05 -1.492825e-05 2.279228e-05 -7.303903e-06
11590.200000 8.068666e-01 8.664616e-01 2.203822e-01 7.488152e-01 2.436805e-05 -2.064812e-05 2.287672e-05 -6.536505e-06
11590.400000 7.983844e-01 8.571352e-01 2.165066e-01 7.476060e-01 2.147879e-05 -1.852743e-05 1.605917e-05 -1.550187e-05
11590.600000 8.075639e-01 8.667318e-01 2.176879e-01 7.548700e-01 8.463634e-06 -2.430442e-05 2.820544e-05 -7.371802e-06
11590.800000 8.078978e-01 8.670960e-01 2.163491e-01 7.567049e-01 1.645781e-05 -2.429277e-05 2.937916e-05 -4.886354e-07
11591.000000 7.988245e-01 8.572481e-01 2.124398e-01 7.494098e-01 1.697382e-05 -3.002313e-05 4.297777e-05 -1.496009e-06
11591.200000 8.070934e-01 8.661009e-01 2.131097e-01 7.573729e-01 2.379023e-05 -2.744803e-05 3.023431e-05 -2.983347e-06
11591.400000 8.035785e-01 8.621379e-01 2.103488e-01 7.516782e-01 3.053579e-05 -1.804348e-05 2.963055e-05 2.044593e-06
11591.600000 8.027603e-01 8.608036e-01 2.083586e-01 7.577686e-01 2.903845e-05 -2.453409e-05 3.500926e-05 -1.961870e-06
11591.800000 8.091036e-01 8.675459e-01 2.083378e-01 7.637160e-01 3.183353e-05 -2.179847e-05 3.764903e-05 -1.023320e-05
11592.000000 8.017108e-01 8.599233e-01 2.048560e-01 7.574603e-01 2.199521e-05 -2.441397e-05 3.206938e-05 -7.510251e-06
11592.200000 8.065004e-01 8.644765e-01 2.041712e-01 7.626439e-01 2.225382e-05 -2.587593e-05 1.361761e-05 -3.549917e-06
11592.400000 7.959668e-01 8.529055e-01 1.999660e-01 7.510280e-01 1.838799e-05 -3.523500e-05 1.858536e-05 6.319327e-06
11592.600000 8.071355e-01 8.650555e-01 2.015540e-01 7.631022e-01 1.273614e-05 -3.287025e-05 9.601288e-06 7.855492e-07
11592.800000 8.043833e-01 8.620666e-01 1.997060e-01 7.633677e-01 1.126015e-05 -3.461718e-05 1.661030e-05 2.245063e-05
11593.000000 8.012258e-01 8.587253e-01 1.970764e-01 7.635358e-01 5.659752e-06 -3.414196e-05 2.308232e-05 2.936601e-05
11593.200000 8.052225e-01 8.627963e-01 1.969541e-01 7.696977e-01 1.050007e-05 -3.424840e-05 1.595593e-05 6.701505e-06
11593.400000 8.003693e-01 8.575632e-01 1.944869e-01 7.636727e-01 1.449584e-05 -4.352746e-05 7.103392e-06 2.805584e-06
11593.600000 8.053058e-01 8.625907e-01 1.944799e-01 7.670386e-01 1.704902e-05 -4.062861e-05 1.803250e-07 -4.442971e-06
11593.800000 8.030285e-01 8.601262e-01 1.931950e-01 7.678971e-01 3.513959e-05 -3.392514e-05 1.103090e-05 -3.544672e-06
11594.000000 8.041842e-01 8.612875e-01 1.925580e-01 7.693802e-01 1.001182e-05 -3.833204e-05 5.515841e-06 5.110226e-06
11594.200000 8.018727e-01 8.587277e-01 1.915472e-01 7.676545e-01 1.751832e-05 -3.013464e-05 1.902694e-05 8.986851e-06
11594.400000 8.043936e-01 8.611615e-01 1.915866e-01 7.707699e-01 1.082667e-05 -2.492398e-05 6.342972e-06 2.953323e-06
11594.600000 8.052761e-01 8.624341e-01 1.913230e-01 7.727242e-01 1.445592e-05 -2.587880e-05 4.666007e-06 -9.691594e-06
11594.800000 7.928152e-01 8.487029e-01 1.883485e-01 7.606125e-01 1.374965e-05 -2.063146e-05 1.305919e-05 2.458955e-06
11595.000000 8.147255e-01 8.724383e-01 1.933748e-01 7.860591e-01 7.189786e-06 -2.087969e-05 6.381174e-06 -4.851997e-06
11595.200000 8.042491e-01 8.612925e-01 1.911661e-01 7.736046e-01 9.308521e-06 -2.036284e-05 3.899675e-06 -4.323749e-06
11595.400000 8.022509e-01 8.593611e-01 1.911846e-01 7.727561e-01 9.578348e-06 -1.952355e-05 2.689591e-07 -6.613836e-06
11595.600000 8.006650e-01 8.576959e-01 1.907816e-01 7.698978e-01 5.840527e-06 -1.183390e-05 -2.806588e-06 -1.620853e-05
11595.800000 8.092844e-01 8.671642e-01 1.933591e-01 7.777169e-01 2.142956e-06 -1.804291e-05 3.081974e-06 -2.243048e-05
11596.000000 8.073461e-01 8.655011e-01 1.935045e-01 7.749116e-01 1.079483e-05 -1.395616e-05 1.277144e-05 -1.847739e-05
11596.200000 8.044130e-01 8.622403e-01 1.935697e-01 7.703437e-01 1.722320e-05 -8.534686e-06 2.510979e-05 -9.192128e-07
11596.400000 8.043156e-01 8.623390e-01 1.942368e-01 7.697420e-01 1.916054e-05 -1.304866e-05 1.555640e-05 2.174513e-06
11596.600000 8.080397e-01 8.662966e-01 1.962034e-01 7.771860e-01 1.896279e-05 -5.936938e-06 1.246076e-05 -7.763464e-06
11596.800000 7.922182e-01 8.493351e-01 1.926654e-01 7.579616e-01 6.071282e-06 -1.158798e-05 1.044662e-05 -2.437341e-06
11597.000000 8.034219e-01 8.616628e-01 1.967162e-01 7.671138e-01 8.633491e-06 -1.212343e-05 1.192327e-05 5.997192e-07
11597.700000 8.031631e-01 8.622175e-01 2.004611e-01 7.654604e-01 3.957494e-06 -1.816102e-05 1.726285e-05 8.070840e-07
11598.400000 8.017571e-01 8.612668e-01 2.038841e-01 7.620424e-01 9.253714e-06 -1.308270e-05 1.587100e-05 -4.031611e-06
11599.100000 8.022315e-01 8.626135e-01 2.076433e-01 7.591960e-01 8.417057e-06 -1.766126e-05 1.211101e-05 -6.968784e-06
11599.800000 8.018184e-01 8.627974e-01 2.106625e-01 7.572783e-01 3.938992e-06 -1.743969e-05 1.524099e-05 -7.573012e-06
11600.500000 8.010588e-01 8.626186e-01 2.130484e-01 7.532595e-01 5.885157e-07 -1.916145e-05 2.237940e-05 6.016323e-06
11601.200000 8.007934e-01 8.629941e-01 2.149057e-01 7.510470e-01 -9.502901e-07 -1.850657e-05 1.349214e-05 -4.786909e-06
11601.900000 8.020634e-01 8.650233e-01 2.168529e-01 7.498060e-01 1.360808e-06 -1.622754e-06 9.152767e-06 -7.239183e-06
11602.600000 8.017162e-01 8.651788e-01 2.178699e-01 7.476291e-01 7.974880e-06 1.795075e-06 1.152408e-05 2.623993e-06
11603.300000 8.011163e-01 8.650003e-01 2.189548e-01 7.456353e-01 5.823912e-06 -4.390296e-06 2.394028e-05 -3.514710e-06
11604.993695 8.014481e-01 8.664532e-01 2.226060e-01 7.419537e-01 5.734378e-06 -1.664498e-05 1.951805e-05 -9.217589e-06
11605.999583 8.011862e-01 8.667126e-01 2.252417e-01 7.398823e-01 5.971201e-06 -1.500062e-05 1.295454e-05 -4.531648e-06
11607.017662 8.004915e-01 8.665272e-01 2.273663e-01 7.420511e-01 1.019351e-05 -9.185841e-06 7.034830e-06 -1.406212e-05
11608.047933 8.001258e-01 8.665309e-01 2.287792e-01 7.402932e-01 8.351212e-06 -4.179698e-06 8.901761e-06 -1.422414e-05
11609.090396 8.001374e-01 8.669225e-01 2.288787e-01 7.401000e-01 3.078712e-06 -5.093989e-06 5.545069e-06 -1.440529e-05
11610.145051 8.002571e-01 8.671635e-01 2.275917e-01 7.414229e-01 8.540334e-06 -1.264440e-06 9.644701e-06 6.550742e-06
11611.211898 8.002929e-01 8.672972e-01 2.249029e-01 7.476120e-01 1.679181e-05 -1.619241e-05 9.923935e-06 1.301387e-05
11612.290937 7.985130e-01 8.651902e-01 2.212131e-01 7.474785e-01 1.453987e-05 -2.654018e-05 1.696433e-05 1.153172e-05
11613.382167 7.992452e-01 8.658566e-01 2.176398e-01 7.506613e-01 1.046502e-05 -1.833065e-05 2.275215e-05 -6.393424e-06
11614.485590 7.983176e-01 8.646183e-01 2.134616e-01 7.551814e-01 1.052104e-05 -1.480088e-05 1.708182e-05 -5.704006e-06
11615.601204 7.997797e-01 8.662336e-01 2.097868e-01 7.607306e-01 2.010466e-05 -1.191959e-05 1.675984e-05 -1.346975e-06
11616.729011 7.995437e-01 8.658952e-01 2.058462e-01 7.640987e-01 2.749042e-05 -1.146318e-05 2.477007e-05 1.349334e-05
11617.869009 7.981514e-01 8.641350e-01 2.021524e-01 7.656509e-01 2.085635e-05 -1.675521e-05 3.145811e-05 8.337339e-06
11619.021199 7.984892e-01 8.645135e-01 1.999129e-01 7.709638e-01 1.989224e-05 -8.506485e-06 3.254452e-05 1.885432e-06
11620.185582 7.983754e-01 8.645847e-01 1.986716e-01 7.718315e-01 2.363340e-05 -7.841922e-06 3.803577e-05 1.231513e-05
11621.362156 7.983922e-01 8.649038e-01 1.986944e-01 7.726312e-01 1.765944e-05 -1.652245e-05 3.274679e-05 8.270333e-06
11622.550922 7.957456e-01 8.624247e-01 1.990284e-01 7.707070e-01 9.728256e-06 -2.030740e-05 3.865958e-05 5.692002e-06
11623.751879 7.979399e-01 8.654617e-01 2.014242e-01 7.712398e-01 1.041640e-05 -9.745882e-06 3.992706e-05 7.966648e-06
11624.965029 7.977090e-01 8.659034e-01 2.033850e-01 7.716041e-01 3.479908e-06 -1.363248e-05 2.809853e-05 -1.378713e-06
11626.190371 7.974500e-01 8.662387e-01 2.053257e-01 7.678107e-01 6.324064e-06 -1.863886e-05 1.670938e-05 -1.616190e-06
11627.427904 7.961610e-01 8.655345e-01 2.069154e-01 7.642089e-01 7.395895e-06 -1.683272e-05 1.802023e-05 -7.826840e-08
11628.677630 7.960676e-01 8.662495e-01 2.088082e-01 7.643381e-01 -1.510493e-06 -1.542940e-05 7.739021e-06 -1.323623e-05
11629.939547 7.958922e-01 8.667768e-01 2.106069e-01 7.619781e-01 5.372845e-06 -7.146871e-06 2.402279e-05 -2.137408e-05
11631.213657 7.948329e-01 8.665315e-01 2.119550e-01 7.598006e-01 5.983231e-06 -9.455832e-06 3.214766e-05 -1.254833e-05
11632.499958 7.951221e-01 8.677213e-01 2.135981e-01 7.591418e-01 -1.621026e-06 -1.267500e-05 1.707645e-05 -6.976917e-06
11633.798451 7.955257e-01 8.688773e-01 2.148412e-01 7.555986e-01 7.097303e-06 -1.921653e-05 1.525307e-05 -1.529449e-05
11635.109136 7.956698e-01 8.699106e-01 2.164597e-01 7.547711e-01 7.816160e-06 -2.290039e-05 1.474210e-05 -2.443864e-05
11636.432013 7.955378e-01 8.705556e-01 2.182594e-01 7.529645e-01 2.352331e-05 -1.773657e-05 1.815385e-05 -1.341246e-05
11637.767082 7.951877e-01 8.710586e-01 2.205481e-01 7.496748e-01 1.869091e-05 -4.954290e-06 1.376724e-05 -2.020214e-05
11639.114342 7.944200e-01 8.710500e-01 2.230594e-01 7.479445e-01 7.111377e-06 -3.169559e-06 1.448818e-05 -2.890498e-05
11640.473795 7.946417e-01 8.721233e-01 2.262958e-01 7.461164e-01 9.035035e-06 1.429478e-06 4.837829e-06 -3.473865e-05
11641.845440 7.936482e-01 8.718773e-01 2.288794e-01 7.444121e-01 1.256095e-05 9.436353e-06 1.089503e-05 -2.392612e-05
11643.229276 7.946413e-01 8.736920e-01 2.318839e-01 7.442666e-01 7.546920e-06 1.773209e-06 1.775406e-05 -1.048120e-05
11644.625305 7.933087e-01 8.730783e-01 2.334808e-01 7.417905e-01 1.255640e-05 -3.230822e-06 1.271479e-05 -7.000351e-06
11646.033525 7.934163e-01 8.738073e-01 2.352688e-01 7.407133e-01 1.640843e-05 -1.288155e-05 1.845933e-05 -1.231291e-05
11647.453937 7.923772e-01 8.733425e-01 2.361459e-01 7.379510e-01 5.889392e-06 -1.393996e-05 2.031953e-05 -2.115025e-05
11648.886541 7.932376e-01 8.749633e-01 2.372480e-01 7.391981e-01 2.181719e-06 -6.389547e-06 2.350502e-05 -1.438135e-05
11650.331337 7.926072e-01 8.748843e-01 2.372507e-01 7.376112e-01 4.540940e-06 -1.717636e-05 1.087340e-05 -1.416983e-05
11651.788325 7.928110e-01 8.755457e-01 2.366832e-01 7.398942e-01 1.224301e-05 -1.155053e-05 1.315644e-05 -1.425998e-05
11653.257505 7.918505e-01 8.750481e-01 2.351034e-01 7.412835e-01 2.440872e-05 -5.034077e-06 1.650734e-05 -1.795959e-05
11654.738877 7.925205e-01 8.762737e-01 2.333536e-01 7.417329e-01 1.272855e-05 -8.281392e-06 1.161096e-05 -2.522070e-05
11656.232440 7.910224e-01 8.751106e-01 2.301397e-01 7.411222e-01 3.892965e-06 -4.147298e-06 2.763189e-06 -3.334167e-05
11657.738196 7.886905e-01 8.727780e-01 2.267569e-01 7.420509e-01 3.388359e-06 -4.520949e-06 7.453956e-06 -2.723121e-05
11659.256143 7.894901e-01 8.739039e-01 2.244417e-01 7.437675e-01 5.392621e-07 -8.280997e-06 2.414439e-05 -1.999307e-05
11660.786283 7.912492e-01 8.763410e-01 2.228918e-01 7.468309e-01 3.600379e-06 1.449032e-06 1.489787e-05 -3.118930e-05
11662.328614 7.911629e-01 8.767512e-01 2.216025e-01 7.474844e-01 -1.860402e-06 -1.073586e-06 1.348650e-05 -2.561055e-05
11663.883137 7.907024e-01 8.766509e-01 2.208527e-01 7.481649e-01 5.097420e-06 -5.843069e-06 1.712249e-05 -2.447671e-05
11665.449852 7.906142e-01 8.769589e-01 2.206755e-01 7.490648e-01 6.109046e-06 -9.114869e-06 7.240804e-06 -1.776633e-05
11667.028759 7.890193e-01 8.758057e-01 2.207137e-01 7.477734e-01 9.470604e-06 -1.886774e-05 9.035056e-06 -1.837575e-05
11668.619858 7.901955e-01 8.777012e-01 2.217226e-01 7.506088e-01 6.221767e-06 -2.012516e-05 1.678327e-05 -2.068490e-05
11670.223149 7.868368e-01 8.744627e-01 2.214170e-01 7.475634e-01 1.792663e-05 -1.728630e-05 1.600190e-05 -1.310669e-05
11671.838632 7.861232e-01 8.741152e-01 2.220270e-01 7.472337e-01 1.984630e-05 -1.483309e-05 2.188681e-05 -1.182003e-05
11673.466307 7.866038e-01 8.754034e-01 2.232475e-01 7.489704e-01 1.734719e-05 -2.300507e-05 2.572263e-05 -5.437369e-06
11675.106173 7.872878e-01 8.767886e-01 2.244539e-01 7.496896e-01 2.491085e-05 -1.773151e-05 1.709553e-05 -2.302085e-06
11676.758232 7.877960e-01 8.779876e-01 2.254298e-01 7.510977e-01 2.544032e-05 -1.540734e-05 2.092600e-05 -1.313057e-05
11678.422482 7.864518e-01 8.770276e-01 2.256280e-01 7.505040e-01 1.665807e-05 -2.021863e-05 2.117320e-05 -2.356818e-05
11680.098924 7.864308e-01 8.776531e-01 2.258786e-01 7.484070e-01 1.844267e-05 -1.321644e-05 2.525960e-05 -9.104163e-06
11681.787558 7.869687e-01 8.788438e-01 2.256694e-01 7.507941e-01 1.754442e-05 -1.057137e-05 2.334472e-05 -1.891413e-05
11683.488385 7.869020e-01 8.794887e-01 2.252396e-01 7.531175e-01 1.972657e-05 -1.531866e-05 1.270193e-05 -2.264971e-05
11685.201403 7.863863e-01 8.794590e-01 2.243114e-01 7.519781e-01 2.075376e-05 -2.003687e-05 2.123668e-05 -1.346702e-05
11686.926613 7.864887e-01 8.802904e-01 2.236547e-01 7.525849e-01 2.679996e-05 -1.828288e-05 1.433337e-05 -1.885912e-05
11688.664014 7.853118e-01 8.794840e-01 2.230311e-01 7.511331e-01 2.158812e-05 -1.681583e-05 4.758267e-06 -1.783262e-05
11690.413608 7.845032e-01 8.792179e-01 2.230632e-01 7.515960e-01 2.335080e-05 -1.130497e-05 1.681085e-05 -1.413350e-05
11692.175394 7.850934e-01 8.806971e-01 2.241290e-01 7.538534e-01 1.487928e-05 -9.268867e-06 2.295776e-05 -7.251969e-06
11693.949371 7.850417e-01 8.814131e-01 2.257247e-01 7.501914e-01 1.464898e-05 -9.384374e-06 2.485057e-05 -1.881361e-05
11695.735541 7.849532e-01 8.823459e-01 2.277914e-01 7.499642e-01 1.809505e-05 -1.162790e-05 8.273353e-06 -1.134586e-05
11697.533902 7.849155e-01 8.830822e-01 2.305441e-01 7.501137e-01 8.074153e-06 -7.091931e-06 1.213998e-05 -1.181537e-05
11699.344455 7.833120e-01 8.819674e-01 2.331520e-01 7.482843e-01 7.006262e-06 -6.562602e-06 2.370669e-05 -9.876088e-06
11701.167201 7.806790e-01 8.798427e-01 2.358923e-01 7.430840e-01 1.044747e-05 -9.517280e-06 2.593865e-05 2.031789e-06
11703.002138 7.802361e-01 8.803451e-01 2.387253e-01 7.436912e-01 1.492189e-05 -1.411691e-05 2.850710e-05 -1.806834e-06
11704.849267 7.810521e-01 8.820938e-01 2.416904e-01 7.431924e-01 1.668368e-05 -1.869440e-05 3.010719e-05 -5.310443e-06
11706.708588 7.831387e-01 8.853852e-01 2.444234e-01 7.447173e-01 6.004644e-06 -2.151151e-05 4.023489e-05 -8.625384e-06
11708.580100 7.836348e-01 8.868041e-01 2.457358e-01 7.456459e-01 3.161956e-06 -3.405325e-05 4.085334e-05 -4.896794e-06
11710.463805 7.834422e-01 8.873331e-01 2.461901e-01 7.468564e-01 5.510977e-06 -2.848642e-05 3.355038e-05 -2.268840e-06
11712.359702 7.825515e-01 8.870401e-01 2.453670e-01 7.445081e-01 8.515660e-06 -2.718600e-05 2.601366e-05 -1.750073e-06
11714.267790 7.826100e-01 8.878551e-01 2.444537e-01 7.453104e-01 1.269385e-05 -2.513909e-05 3.155604e-05 -1.408127e-05
11716.188071 7.814869e-01 8.872949e-01 2.426627e-01 7.462951e-01 1.178707e-05 -1.789808e-05 2.673736e-05 -2.518027e-05
11718.120543 7.810079e-01 8.873110e-01 2.409759e-01 7.454484e-01 1.561188e-05 -2.088749e-05 1.963207e-05 -2.213568e-05
11720.065207 7.810563e-01 8.880278e-01 2.395204e-01 7.455250e-01 1.972825e-05 -1.175514e-05 1.288482e-05 -2.392498e-05
11722.022064 7.799674e-01 8.873627e-01 2.377853e-01 7.469585e-01 1.812178e-05 -8.777350e-06 9.465634e-06 -2.672132e-05
11723.991112 7.803155e-01 8.884449e-01 2.366485e-01 7.486309e-01 1.747155e-05 -1.307522e-05 2.795747e-05 -2.067641e-05
11725.972352 7.794259e-01 8.879479e-01 2.356507e-01 7.482385e-01 2.251241e-05 -7.523690e-06 1.832556e-05 -2.956075e-05
11727.965784 7.790648e-01 8.883110e-01 2.348721e-01 7.484543e-01 2.886927e-05 -9.995689e-06 1.245515e-05 -2.287685e-05
11729.971407 7.791305e-01 8.890174e-01 2.342063e-01 7.490353e-01 2.794142e-05 -1.057699e-05 1.584652e-05 -3.149014e-05
11731.989223 7.782612e-01 8.886939e-01 2.335776e-01 7.495164e-01 2.909734e-05 -1.958607e-05 2.587876e-05 -1.746085e-05
11734.019231 7.776947e-01 8.885429e-01 2.332244e-01 7.503932e-01 2.950115e-05 -2.853604e-05 3.038331e-05 -2.023218e-05
11736.061430 7.779251e-01 8.896367e-01 2.335821e-01 7.512955e-01 3.356933e-05 -2.588428e-05 2.571840e-05 -2.307663e-05
11738.115822 7.767651e-01 8.889257e-01 2.337949e-01 7.512618e-01 3.039393e-05 -2.709089e-05 2.279947e-05 -2.573912e-05
11740.182405 7.763709e-01 8.893395e-01 2.344591e-01 7.509891e-01 4.046873e-05 -2.530554e-05 1.660854e-05 -2.458525e-05
11742.261180 7.736467e-01 8.868672e-01 2.342517e-01 7.499389e-01 3.186384e-05 -2.119635e-05 2.145812e-05 -1.811306e-05
11744.352148 7.723366e-01 8.859527e-01 2.342468e-01 7.469398e-01 3.384686e-05 -9.202168e-06 2.756393e-05 -9.644205e-07
11746.455307 7.744232e-01 8.893001e-01 2.348930e-01 7.529122e-01 3.275853e-05 -5.359251e-06 3.107016e-05 5.819062e-06
11748.570658 7.745118e-01 8.901896e-01 2.344477e-01 7.521485e-01 2.564000e-05 -1.948042e-05 3.417948e-05 3.049227e-06
11750.698201 7.751799e-01 8.918308e-01 2.339864e-01 7.528970e-01 1.679819e-05 -1.661542e-05 3.769415e-05 -9.711862e-06
11752.837935 7.733554e-01 8.904586e-01 2.326602e-01 7.528141e-01 9.213095e-06 -2.302986e-05 3.512853e-05 -1.489504e-05
11754.989862 7.738634e-01 8.918220e-01 2.325510e-01 7.544963e-01 1.327212e-05 -2.098287e-05 2.503865e-05 -1.365025e-05
11757.153981 7.729689e-01 8.917755e-01 2.327908e-01 7.525630e-01 2.384077e-05 -9.298699e-06 1.437547e-05 -2.019360e-05
11759.330291 7.706448e-01 8.899004e-01 2.335099e-01 7.494914e-01 2.327322e-05 -4.933901e-07 1.639655e-05 -1.664184e-05
11761.518794 7.686338e-01 8.885589e-01 2.357649e-01 7.478056e-01 2.040319e-05 -9.086974e-06 2.078890e-05 -2.098100e-05
11763.719488 7.704643e-01 8.917396e-01 2.397126e-01 7.484393e-01 1.254975e-05 -1.122713e-05 2.700636e-05 -1.088451e-05
11765.932374 7.716759e-01 8.941614e-01 2.436064e-01 7.503641e-01 1.042093e-05 -8.492679e-06 2.312460e-05 -1.183390e-05
11768.157453 7.716171e-01 8.950814e-01 2.466254e-01 7.483126e-01 9.956238e-06 -1.222213e-05 1.263417e-05 -2.102627e-05
11770.394723 7.711741e-01 8.956191e-01 2.491013e-01 7.473733e-01 1.763201e-05 -1.337731e-05 2.300908e-05 -8.839222e-06
11772.644185 7.690062e-01 8.940813e-01 2.502873e-01 7.443889e-01 1.508032e-05 -6.766730e-06 2.328847e-05 -1.427856e-05
11774.905838 7.688482e-01 8.947021e-01 2.516445e-01 7.421784e-01 1.399860e-05 -1.675765e-05 1.755969e-05 -1.734846e-05
11777.179684 7.682172e-01 8.948798e-01 2.526417e-01 7.415943e-01 9.607282e-06 -1.205531e-05 2.029806e-05 -2.327424e-05
11779.465722 7.687496e-01 8.965992e-01 2.539558e-01 7.446075e-01 1.164278e-05 -8.153342e-06 2.542754e-05 -2.667316e-05
11781.763952 7.682040e-01 8.968473e-01 2.545215e-01 7.434798e-01 1.067980e-05 -2.844324e-06 2.711287e-05 -2.054238e-05
11784.074373 7.692052e-01 8.991294e-01 2.555535e-01 7.439820e-01 1.350187e-05 -9.270097e-06 2.257021e-05 -1.444876e-05
11786.396987 7.688041e-01 8.996462e-01 2.558123e-01 7.440327e-01 1.837592e-05 -6.122550e-06 2.392118e-05 -2.178584e-05
11788.731792 7.684683e-01 9.000587e-01 2.559726e-01 7.451295e-01 1.364751e-05 -5.269390e-06 3.645356e-05 -2.162146e-05
11791.078789 7.674159e-01 8.997211e-01 2.559485e-01 7.448672e-01 1.392852e-05 -9.024041e-06 2.809410e-05 -1.985633e-05
11793.437978 7.668820e-01 8.999298e-01 2.557850e-01 7.448523e-01 4.859431e-06 -1.342477e-05 2.754142e-05 -3.006893e-05
11795.809359 7.630692e-01 8.963027e-01 2.541715e-01 7.412499e-01 9.198932e-06 -9.899818e-06 2.729420e-05 -2.800564e-05
11798.192932 7.627638e-01 8.965937e-01 2.532016e-01 7.429658e-01 1.058864e-05 -1.461426e-05 2.850857e-05 -2.695447e-05
11800.588697 7.652045e-01 9.004901e-01 2.529484e-01 7.467154e-01 6.494673e-06 -7.797331e-06 2.596283e-05 -2.298370e-05
11802.996654 7.657226e-01 9.019055e-01 2.516598e-01 7.473477e-01 9.956252e-06 3.914607e-06 3.100733e-05 -2.097828e-05
11805.416803 7.645993e-01 9.013284e-01 2.494251e-01 7.486680e-01 1.691046e-05 -1.022290e-07 2.525553e-05 -2.859586e-05
11807.849143 7.650273e-01 9.026348e-01 2.477137e-01 7.492390e-01 2.496414e-05 4.620559e-06 2.672613e-05 -2.451817e-05
11810.293676 7.645596e-01 9.030343e-01 2.458906e-01 7.514995e-01 2.082622e-05 9.575127e-06 2.984784e-05 -2.222820e-05
11812.750400 7.647610e-01 9.039974e-01 2.447622e-01 7.482653e-01 2.079184e-05 2.691640e-06 2.597120e-05 -1.749309e-05
11815.219317 7.641974e-01 9.042644e-01 2.440545e-01 7.489828e-01 1.628298e-05 2.657338e-07 2.260063e-05 -1.851999e-05
11817.700425 7.641794e-01 9.052250e-01 2.443243e-01 7.520088e-01 2.310534e-05 4.169753e-07 1.856684e-05 -2.411621e-05
11820.193725 7.632765e-01 9.049989e-01 2.447492e-01 7.520478e-01 3.000513e-05 -6.931359e-06 1.102654e-05 -3.505022e-05
11822.699217 7.622289e-01 9.048439e-01 2.458784e-01 7.511617e-01 2.673236e-05 -3.453831e-06 1.543651e-05 -2.541338e-05
11825.216901 7.614106e-01 9.049370e-01 2.476492e-01 7.490863e-01 2.364390e-05 -7.350903e-06 3.055385e-05 -2.396118e-05
11827.746777 7.599379e-01 9.042637e-01 2.497644e-01 7.472860e-01 1.996263e-05 -7.544458e-06 1.857254e-05 -2.908328e-05
11830.288845 7.607446e-01 9.062509e-01 2.529275e-01 7.473684e-01 2.582943e-05 -1.015062e-05 1.901135e-05 -1.997120e-05
11832.843105 7.613803e-01 9.079904e-01 2.565934e-01 7.479700e-01 3.106191e-05 -7.994831e-06 2.172289e-05 -1.324041e-05
11835.409556 7.590573e-01 9.064419e-01 2.593068e-01 7.432551e-01 3.309371e-05 -1.285324e-05 2.682160e-05 -1.926423e-05
11837.988200 7.555195e-01 9.032793e-01 2.613570e-01 7.411436e-01 2.916945e-05 -8.301036e-06 2.206599e-05 -2.032227e-05
11840.579035 7.563672e-01 9.053120e-01 2.641471e-01 7.431756e-01 3.051450e-05 -1.355544e-05 2.014963e-05 -2.747306e-05
11843.182062 7.585511e-01 9.091912e-01 2.667405e-01 7.453809e-01 2.951378e-05 -1.383052e-05 2.983958e-05 -3.407728e-05
11845.797282 7.576262e-01 9.091668e-01 2.674052e-01 7.430299e-01 3.164490e-05 -7.966393e-06 3.978477e-05 -3.666938e-05
11848.424693 7.586972e-01 9.114958e-01 2.685305e-01 7.438978e-01 3.553644e-05 -6.061250e-06 3.498347e-05 -1.476063e-05
11851.064296 7.558452e-01 9.090703e-01 2.673086e-01 7.409715e-01 2.656328e-05 -2.145899e-08 3.247142e-05 -1.425008e-05
11853.716091 7.548427e-01 9.090431e-01 2.667746e-01 7.399850e-01 2.891467e-05 -1.792172e-06 4.001729e-05 -2.665115e-05
11856.380078 7.560986e-01 9.115750e-01 2.671781e-01 7.427688e-01 2.961094e-05 -5.699785e-06 4.272940e-05 -2.600562e-05
11859.056256 7.550968e-01 9.114395e-01 2.672401e-01 7.417707e-01 2.748439e-05 -1.430772e-05 2.549654e-05 -3.254912e-05
11861.744627 7.521208e-01 9.088439e-01 2.674204e-01 7.371061e-01 2.114746e-05 -1.169674e-05 1.860312e-05 -3.002262e-05
11864.445190 7.521011e-01 9.098469e-01 2.687484e-01 7.385873e-01 2.591113e-05 -1.447793e-05 2.360503e-05 -2.570296e-05
11867.157944 7.531679e-01 9.122180e-01 2.706448e-01 7.396659e-01 4.008261e-05 -5.952281e-06 3.477929e-05 -1.991718e-05
11869.882891 7.543213e-01 9.146561e-01 2.721325e-01 7.425378e-01 4.110055e-05 -1.160115e-05 3.299139e-05 -2.606434e-05
11872.620029 7.549885e-01 9.165438e-01 2.726989e-01 7.438776e-01 3.846135e-05 -8.409689e-06 4.270960e-05 -3.665622e-05
11875.369359 7.541058e-01 9.164896e-01 2.718958e-01 7.431457e-01 3.390609e-05 -5.841605e-06 3.298269e-05 -3.023591e-05
11878.130881 7.538586e-01 9.172090e-01 2.712049e-01 7.428432e-01 2.236975e-05 -1.655261e-05 2.998418e-05 -2.686767e-05
11880.904595 7.535842e-01 9.178452e-01 2.701949e-01 7.433850e-01 2.361687e-05 -6.391610e-06 3.065152e-05 -3.061135e-05
11883.690501 7.530229e-01 9.182035e-01 2.689064e-01 7.444610e-01 3.095527e-05 -2.674044e-06 3.154770e-05 -2.382862e-05
11886.488599 7.518212e-01 9.176346e-01 2.676109e-01 7.445945e-01 1.126875e-05 -8.769849e-06 3.475917e-05 -1.801654e-05
11889.298889 7.514811e-01 9.183818e-01 2.667415e-01 7.450411e-01 9.855716e-06 -1.094338e-05 2.426703e-05 -2.059883e-05
11892.121371 7.503392e-01 9.180056e-01 2.656886e-01 7.446855e-01 9.410111e-06 -9.120882e-06 3.608643e-05 8.239899e-07
11894.956044 7.464106e-01 9.144083e-01 2.639434e-01 7.417171e-01 6.747836e-06 -8.800974e-06 3.370393e-05 1.003830e-05
11897.802910 7.425831e-01 9.107548e-01 2.630339e-01 7.385563e-01 1.311570e-05 1.642366e-06 1.902300e-05 8.524468e-06
11900.661967 7.478218e-01 9.182348e-01 2.662502e-01 7.438137e-01 6.886316e-06 8.850753e-06 2.287282e-05 9.990781e-06
11903.533217 7.487918e-01 9.204681e-01 2.685919e-01 7.447016e-01 6.587640e-06 5.990698e-06 2.436384e-05 -3.320241e-06
11906.416658 7.485053e-01 9.213375e-01 2.710472e-01 7.443704e-01 9.638404e-06 6.196729e-06 1.849872e-05 -6.641267e-06
11909.312291 7.474309e-01 9.212172e-01 2.737312e-01 7.423607e-01 1.303241e-05 3.077567e-06 1.371011e-05 -3.360674e-06
11912.220116 7.471145e-01 9.218339e-01 2.769505e-01 7.423108e-01 1.804843e-05 5.868999e-06 2.008182e-05 -1.541731e-06
11915.140133 7.466280e-01 9.225196e-01 2.799740e-01 7.412070e-01 1.546231e-05 -1.443160e-06 3.678821e-05 -4.043856e-06
11918.072342 7.455570e-01 9.223389e-01 2.821107e-01 7.413766e-01 9.406114e-06 -8.065891e-07 3.821043e-05 5.605344e-06
11921.016743 7.392948e-01 9.158631e-01 2.815381e-01 7.349584e-01 1.431087e-05 1.201198e-06 2.582117e-05 4.849225e-06
11923.973335 7.391171e-01 9.166323e-01 2.827118e-01 7.354507e-01 1.815359e-05 1.943086e-07 2.538724e-05 -2.668119e-06
11926.942120 7.435059e-01 9.234617e-01 2.852053e-01 7.386040e-01 1.654758e-05 -9.314583e-06 2.092371e-05 -1.376717e-05
11929.923096 7.434146e-01 9.247669e-01 2.856089e-01 7.393613e-01 1.892659e-05 -1.567130e-05 1.824155e-05 -5.926336e-06
11932.916265 7.433465e-01 9.258443e-01 2.858968e-01 7.405321e-01 2.100595e-05 -2.230156e-05 2.057075e-05 1.112937e-06
11935.921625 7.440881e-01 9.279841e-01 2.865246e-01 7.417782e-01 2.056668e-05 -1.190159e-05 1.209097e-05 3.221704e-06
11938.939177 7.428005e-01 9.275404e-01 2.861821e-01 7.406583e-01 2.350058e-05 -9.130227e-06 1.606708e-05 3.659095e-06
11941.968921 7.414355e-01 9.269243e-01 2.861880e-01 7.383942e-01 1.179964e-05 -8.422884e-06 6.442624e-06 -1.339968e-05
11945.010858 7.412808e-01 9.278767e-01 2.868892e-01 7.392907e-01 5.643146e-06 -1.343578e-05 7.949771e-06 -9.962648e-06
11948.064985 7.410465e-01 9.286761e-01 2.878017e-01 7.382351e-01 9.236799e-06 -9.146466e-06 1.086703e-05 -6.375947e-06
11951.131305 7.401500e-01 9.288454e-01 2.888629e-01 7.383316e-01 1.998818e-05 -1.243029e-06 9.261460e-07 -6.315322e-06
11954.209817 7.392667e-01 9.288251e-01 2.901660e-01 7.367777e-01 2.682056e-05 -8.222479e-06 1.094832e-05 -3.959285e-06
11957.300521 7.387488e-01 9.293377e-01 2.912434e-01 7.369902e-01 2.052674e-05 -1.850015e-05 1.902546e-05 -2.198880e-06
11960.403416 7.388663e-01 9.306468e-01 2.919445e-01 7.374265e-01 2.788705e-05 -2.118330e-05 1.763844e-05 -9.669477e-06
11963.518504 7.382857e-01 9.312597e-01 2.918200e-01 7.376085e-01 2.353610e-05 -1.432292e-05 2.510622e-05 -1.552999e-05
11966.645783 7.386615e-01 9.328864e-01 2.917390e-01 7.389630e-01 2.624791e-05 -1.272836e-05 3.151987e-05 -7.026977e-06
11969.785255 7.377239e-01 9.327737e-01 2.909000e-01 7.384759e-01 2.644731e-05 -7.840574e-06 2.817766e-05 -6.469409e-06
11972.936918 7.373869e-01 9.336871e-01 2.907228e-01 7.399458e-01 2.857873e-05 -6.943106e-06 3.374891e-05 6.561450e-06
11976.100773 7.373373e-01 9.347672e-01 2.908914e-01 7.409175e-01 2.517809e-05 -1.070333e-05 3.553319e-05 7.097596e-06
11979.276820 7.362355e-01 9.345492e-01 2.907630e-01 7.397744e-01 2.844020e-05 -1.106255e-05 2.002385e-05 -4.504785e-06
11982.465059 7.364254e-01 9.360369e-01 2.915737e-01 7.404662e-01 2.569063e-05 -1.847518e-05 3.097699e-05 -1.923848e-05
11985.665490 7.359074e-01 9.365416e-01 2.919018e-01 7.416240e-01 2.074192e-05 -1.640984e-05 4.286771e-05 -2.707203e-06
11988.878112 7.356085e-01 9.374586e-01 2.923794e-01 7.407550e-01 2.209176e-05 -9.844264e-06 4.117297e-05 8.664899e-06
11992.102927 7.339930e-01 9.365175e-01 2.925237e-01 7.395932e-01 1.720574e-05 -6.864553e-06 4.071827e-05 5.833910e-06
11995.339934 7.331716e-01 9.367712e-01 2.933153e-01 7.389726e-01 1.408533e-05 -1.134430e-05 3.306170e-05 -3.809676e-06
11998.589132 7.331127e-01 9.379227e-01 2.949540e-01 7.392468e-01 5.248614e-07 -1.715981e-05 3.976597e-05 -8.709268e-07
12001.850523 7.325876e-01 9.385384e-01 2.967237e-01 7.391604e-01 8.873471e-06 -1.729886e-05 3.417568e-05 -4.299849e-06
12005.124105 7.319950e-01 9.391076e-01 2.991021e-01 7.401157e-01 1.826675e-05 -2.371643e-05 3.362318e-05 -1.487512e-05
12008.409879 7.315317e-01 9.398953e-01 3.020650e-01 7.387106e-01 2.160740e-05 -1.475720e-05 2.960213e-05 -2.069265e-05
12011.707845 7.303905e-01 9.396530e-01 3.048704e-01 7.373612e-01 1.973407e-05 -1.943643e-05 3.665068e-05 -1.538263e-05
12015.018003 7.303566e-01 9.408696e-01 3.080513e-01 7.366550e-01 1.862567e-05 -1.833031e-05 4.014872e-05 -1.693080e-06
12018.340353 7.293877e-01 9.411005e-01 3.104825e-01 7.353706e-01 1.851725e-05 -1.546259e-05 3.974409e-05 2.607224e-06
12021.674895 7.290256e-01 9.417413e-01 3.122752e-01 7.366021e-01 1.677350e-05 -1.389572e-05 4.030679e-05 -1.110020e-05
12025.021629 7.279657e-01 9.417335e-01 3.132783e-01 7.352734e-01 1.875593e-05 -1.238422e-05 3.230032e-05 -1.246230e-05
12028.380554 7.278347e-01 9.430071e-01 3.140276e-01 7.340296e-01 1.442283e-05 -1.850034e-05 2.440999e-05 -5.140590e-06
12031.751672 7.275352e-01 9.438221e-01 3.143981e-01 7.345371e-01 1.971009e-05 -1.291297e-05 1.705655e-05 -3.063137e-06
12035.134982 7.262103e-01 9.434270e-01 3.141730e-01 7.339538e-01 1.961937e-05 -1.029565e-05 2.494906e-05 5.767257e-06
12038.530483 7.255006e-01 9.438173e-01 3.142118e-01 7.332124e-01 2.280008e-05 -4.348917e-06 1.595519e-05 -1.375660e-06
12041.938176 7.253321e-01 9.448122e-01 3.143893e-01 7.328627e-01 2.262898e-05 -1.098429e-05 1.935935e-05 5.551412e-06
12045.358061 7.194057e-01 9.386373e-01 3.121330e-01 7.285864e-01 1.815490e-05 -2.077793e-05 1.402872e-05 8.327413e-06
12048.790139 7.140503e-01 9.328605e-01 3.102106e-01 7.238704e-01 2.066617e-05 -2.435443e-05 2.060734e-05 1.546190e-05
12052.234408 7.229669e-01 9.456958e-01 3.145264e-01 7.327646e-01 1.887231e-05 -2.128800e-05 2.204130e-05 1.072937e-05
12055.690868 7.231997e-01 9.474944e-01 3.150527e-01 7.342560e-01 1.646837e-05 -1.669708e-05 2.457223e-05 2.072412e-05
12059.159521 7.225801e-01 9.479648e-01 3.150912e-01 7.319308e-01 1.608742e-05 -2.101568e-05 1.989916e-05 1.777030e-05
12062.640366 7.225482e-01 9.491615e-01 3.156272e-01 7.325590e-01 1.877156e-05 -2.098216e-05 2.551027e-05 1.825461e-05
12066.133403 7.223358e-01 9.502065e-01 3.161690e-01 7.341757e-01 1.649162e-05 -1.365057e-05 3.032514e-05 1.668193e-05
12069.638631 7.214629e-01 9.504093e-01 3.167684e-01 7.338953e-01 2.454924e-05 -9.121499e-06 2.390485e-05 9.392766e-06
12073.156052 7.207979e-01 9.509620e-01 3.173879e-01 7.323208e-01 2.392632e-05 -8.994873e-06 2.368941e-05 7.277736e-06
12076.685664 7.204825e-01 9.518802e-01 3.181791e-01 7.340680e-01 3.224532e-05 -1.128654e-05 2.645158e-05 1.911024e-05
12080.227468 7.201565e-01 9.527848e-01 3.190229e-01 7.334107e-01 3.014355e-05 -1.310652e-05 1.452103e-05 1.624562e-05
12083.781465 7.192212e-01 9.530223e-01 3.198946e-01 7.328380e-01 2.694324e-05 -1.201603e-05 1.530555e-05 1.476600e-05
12087.347653 7.188414e-01 9.537673e-01 3.212224e-01 7.326455e-01 2.688385e-05 -7.046597e-06 2.438221e-05 1.984928e-05
12090.926033 7.175388e-01 9.533995e-01 3.226185e-01 7.313590e-01 2.431947e-05 -2.974817e-06 1.694890e-05 9.692461e-06
12094.516605 7.172958e-01 9.544977e-01 3.245951e-01 7.304115e-01 2.456412e-05 3.657961e-06 1.256099e-05 8.390715e-06
12098.119369 7.171046e-01 9.556673e-01 3.266263e-01 7.327507e-01 3.151182e-05 -1.387029e-06 9.318273e-06 1.039314e-05
12101.734324 7.159199e-01 9.555862e-01 3.283299e-01 7.306555e-01 2.789329e-05 -1.011000e-05 1.500993e-05 4.664343e-06
12105.361472 7.147878e-01 9.553799e-01 3.298099e-01 7.307088e-01 2.846095e-05 -1.768456e-05 1.618307e-05 1.208773e-05
12109.000811 7.146850e-01 9.566670e-01 3.317011e-01 7.302079e-01 2.631641e-05 -1.469893e-05 3.438870e-06 1.086149e-05
12112.652343 7.137574e-01 9.568655e-01 3.331897e-01 7.310834e-01 3.178406e-05 -1.386906e-05 1.009177e-05 1.973770e-05
12116.316066 7.126802e-01 9.568093e-01 3.345838e-01 7.290789e-01 2.579841e-05 -1.361486e-05 2.229999e-05 1.290822e-05
12119.991982 7.118333e-01 9.571318e-01 3.363248e-01 7.285277e-01 2.197536e-05 -1.467782e-05 1.684139e-05 7.958968e-06
12123.680089 7.113411e-01 9.577931e-01 3.381955e-01 7.281990e-01 2.022565e-05 -2.572060e-05 1.586617e-05 2.780917e-06
12127.380388 7.106484e-01 9.583281e-01 3.398025e-01 7.280556e-01 2.127836e-05 -2.308073e-05 1.855793e-05 1.068660e-05
12131.092879 7.104056e-01 9.594221e-01 3.416993e-01 7.278686e-01 3.163315e-05 -1.548508e-05 9.089647e-06 1.186891e-06
12134.817562 7.099710e-01 9.603209e-01 3.431022e-01 7.272732e-01 3.293994e-05 -4.002697e-06 4.389268e-06 3.111772e-06
12138.554437 7.099170e-01 9.616675e-01 3.444936e-01 7.294670e-01 2.238391e-05 -1.036596e-05 1.051426e-05 1.113274e-05
12142.303503 7.091393e-01 9.620253e-01 3.450711e-01 7.290301e-01 1.827857e-05 -5.761373e-06 7.262305e-06 1.290289e-05
12146.064762 7.083082e-01 9.624506e-01 3.455065e-01 7.265435e-01 1.227539e-05 -5.963698e-06 1.243827e-05 7.503134e-06
12149.838213 7.077385e-01 9.631090e-01 3.460887e-01 7.267399e-01 2.381288e-05 -1.076608e-05 2.339948e-05 7.302867e-06
12153.623855 7.074824e-01 9.642281e-01 3.468050e-01 7.270749e-01 2.857819e-05 -1.585070e-05 2.726651e-05 8.039640e-06
12157.421689 7.072106e-01 9.652486e-01 3.474956e-01 7.268495e-01 2.927236e-05 -1.659536e-05 2.360962e-05 5.504836e-06
12161.231716 7.070385e-01 9.664555e-01 3.481474e-01 7.263924e-01 2.027759e-05 -1.384316e-05 2.092672e-05 4.065370e-06
12165.053934 7.068778e-01 9.678118e-01 3.487210e-01 7.270112e-01 1.950858e-05 -1.776958e-05 2.569862e-05 8.953246e-06
12168.888344 7.047756e-01 9.664075e-01 3.483250e-01 7.246429e-01 1.771402e-05 -1.854326e-05 1.985783e-05 -2.121116e-06
12172.734946 7.025163e-01 9.647937e-01 3.479325e-01 7.231580e-01 2.897404e-05 -1.154946e-05 2.906219e-05 -1.534029e-05
12176.593740 7.036237e-01 9.677090e-01 3.492764e-01 7.241607e-01 3.791684e-05 -1.385634e-05 3.422778e-05 -1.301994e-07
12180.464726 7.030837e-01 9.684426e-01 3.497989e-01 7.273300e-01 3.053549e-05 -1.877034e-05 9.789814e-06 6.402962e-06
12184.347903 7.028236e-01 9.695892e-01 3.508208e-01 7.265630e-01 3.484062e-05 -1.286719e-05 1.718820e-05 5.717885e-06
12188.243273 7.019655e-01 9.699283e-01 3.516127e-01 7.249897e-01 3.949683e-05 -2.122321e-05 1.687816e-05 1.276842e-05
12192.150835 7.013289e-01 9.704770e-01 3.527178e-01 7.236479e-01 2.922041e-05 -1.612072e-05 2.592199e-05 1.110503e-05
12196.070588 7.002379e-01 9.703960e-01 3.538015e-01 7.239537e-01 1.997080e-05 -2.769399e-05 8.446213e-06 1.297393e-05
12200.002533 6.999669e-01 9.715937e-01 3.554524e-01 7.240524e-01 1.435308e-05 -2.819848e-05 1.338961e-05 1.884008e-05
12203.946671 6.996128e-01 9.727057e-01 3.574051e-01 7.237308e-01 1.708870e-05 -1.952021e-05 9.137457e-06 2.107890e-05
12207.903000 6.987263e-01 9.728484e-01 3.592373e-01 7.238081e-01 1.565915e-05 -1.538243e-05 7.559171e-06 2.315152e-05
12211.871521 6.975087e-01 9.726841e-01 3.608579e-01 7.211837e-01 1.215981e-05 -1.596760e-05 2.322449e-05 2.438681e-05
12215.852234 6.971914e-01 9.737166e-01 3.632641e-01 7.219545e-01 2.347772e-05 -1.011045e-05 2.618839e-05 2.731493e-05
12219.845139 6.959739e-01 9.734954e-01 3.649499e-01 7.214944e-01 2.681047e-05 -7.381966e-06 1.106748e-05 1.621271e-05
12223.850236 6.960395e-01 9.751713e-01 3.671520e-01 7.225180e-01 1.617706e-05 -6.385837e-06 1.174047e-05 1.186886e-05
12227.867524 6.958089e-01 9.764648e-01 3.691095e-01 7.217282e-01 1.473465e-05 -1.350674e-05 7.054980e-06 2.127121e-05
12231.897005 6.941326e-01 9.757107e-01 3.701587e-01 7.202628e-01 1.286336e-05 -1.943330e-05 8.630579e-06 2.584990e-05
12235.938678 6.942190e-01 9.773882e-01 3.721880e-01 7.216523e-01 1.706537e-05 -2.021646e-05 1.037537e-05 2.726695e-05
12239.992542 6.938299e-01 9.784221e-01 3.737334e-01 7.220085e-01 2.338988e-05 -2.029974e-05 1.690115e-05 2.651240e-05
12244.058598 6.927913e-01 9.786117e-01 3.750462e-01 7.215779e-01 1.736239e-05 -1.839420e-05 5.056576e-06 1.386391e-05
12248.136847 6.919390e-01 9.788518e-01 3.767366e-01 7.196989e-01 2.199601e-05 -2.735900e-05 1.446671e-05 2.529374e-05
12252.227287 6.866519e-01 9.730900e-01 3.759172e-01 7.151741e-01 2.007144e-05 -2.861135e-05 8.782589e-06 2.876427e-05
12256.329919 6.755074e-01 9.589549e-01 3.719385e-01 7.044508e-01 1.929853e-05 -2.260126e-05 7.890402e-06 3.121141e-05
12260.444743 6.862560e-01 9.755917e-01 3.802025e-01 7.151796e-01 2.148826e-05 -2.367636e-05 8.191722e-06 2.531782e-05
12264.571759 6.877960e-01 9.793705e-01 3.828972e-01 7.152537e-01 1.743645e-05 -2.172003e-05 6.666192e-06 2.599817e-05
12268.710967 6.882227e-01 9.814615e-01 3.848017e-01 7.184317e-01 5.637064e-06 -2.759483e-05 6.050503e-06 3.169660e-05
12272.862366 6.880242e-01 9.828089e-01 3.859625e-01 7.182546e-01 -9.268438e-07 -2.300691e-05 1.036657e-06 3.051760e-05
12277.025958 6.868994e-01 9.826771e-01 3.862656e-01 7.180354e-01 8.024796e-06 -1.524882e-05 4.251385e-06 2.792608e-05
12281.201742 6.862798e-01 9.833867e-01 3.866891e-01 7.181296e-01 1.070718e-05 -2.325429e-05 4.734811e-06 1.985569e-05
12285.389717 6.854023e-01 9.837189e-01 3.867267e-01 7.165726e-01 6.157386e-06 -2.324971e-05 9.642523e-06 1.617651e-05
12289.589884 6.842783e-01 9.836989e-01 3.866574e-01 7.165420e-01 9.608568e-06 -1.832831e-05 3.473128e-06 8.733428e-06
12293.802244 6.840906e-01 9.850401e-01 3.872705e-01 7.175540e-01 6.046479e-06 -1.601799e-05 4.567794e-06 1.316644e-05
12298.026795 6.700641e-01 9.666552e-01 3.799607e-01 7.023903e-01 8.722296e-07 -1.684718e-05 8.532380e-06 1.878044e-05
12302.263538 6.736167e-01 9.731330e-01 3.830575e-01 7.065426e-01 4.403856e-06 -7.939488e-06 -7.124093e-06 3.498365e-08
12306.512473 6.816520e-01 9.863642e-01 3.888966e-01 7.153432e-01 2.424991e-06 -6.137391e-06 5.425981e-06 1.697005e-05
12310.773600 6.811017e-01 9.871615e-01 3.900487e-01 7.147715e-01 6.186320e-06 -1.379005e-05 5.146766e-06 1.883132e-05
12315.046919 6.798507e-01 9.868884e-01 3.911977e-01 7.139164e-01 8.335199e-06 -1.870321e-05 5.173643e-06 1.206542e-05
12319.332429 6.799547e-01 9.886026e-01 3.932990e-01 7.142298e-01 1.949720e-05 -7.224948e-06 4.973340e-06 1.551950e-05
12323.630132 6.797665e-01 9.899615e-01 3.957034e-01 7.152375e-01 1.531951e-05 -1.433023e-05 2.258058e-06 1.505082e-05
12327.940026 6.789709e-01 9.904690e-01 3.979090e-01 7.145143e-01 1.028396e-05 -1.496352e-05 -5.726787e-07 1.655981e-05
12332.262113 6.780464e-01 9.906712e-01 4.002134e-01 7.138233e-01 1.485816e-05 -2.388166e-05 1.436659e-05 1.102502e-05
12336.596391 6.781485e-01 9.924453e-01 4.031674e-01 7.144293e-01 1.773312e-05 -2.738251e-05 1.541940e-05 1.235938e-05
12340.942861 6.777985e-01 9.936125e-01 4.056873e-01 7.144833e-01 9.536699e-06 -2.187345e-05 8.485590e-06 6.868705e-06
12345.301524 6.769907e-01 9.940707e-01 4.077328e-01 7.132041e-01 2.181802e-05 -1.434160e-05 1.097917e-05 8.073297e-06
12349.672378 6.759848e-01 9.941558e-01 4.095147e-01 7.117640e-01 2.558141e-05 -4.322838e-06 1.801551e-05 1.311492e-05
12354.055424 6.747664e-01 9.941018e-01 4.111052e-01 7.119307e-01 2.965941e-05 -2.617413e-06 1.231297e-05 1.276041e-05
12358.450662 6.746687e-01 9.955877e-01 4.131628e-01 7.124101e-01 2.591431e-05 -3.929173e-06 1.227738e-05 1.879750e-05
12362.858091 6.741860e-01 9.965292e-01 4.148285e-01 7.135803e-01 2.270699e-05 -8.921613e-06 8.671002e-06 1.448554e-05
12367.277713 6.723101e-01 9.954561e-01 4.157077e-01 7.109330e-01 2.922349e-05 -1.427747e-05 1.603089e-05 2.266668e-05
12371.709527 6.728885e-01 9.979294e-01 4.182045e-01 7.120445e-01 1.454382e-05 -1.515947e-05 3.467749e-05 2.817442e-05
12376.153532 6.722804e-01 9.987108e-01 4.199738e-01 7.114066e-01 2.319800e-05 -1.251863e-05 3.833541e-05 2.417457e-05
12380.609730 6.714391e-01 9.990955e-01 4.215272e-01 7.103931e-01 1.983979e-05 -1.227378e-05 3.473441e-05 2.443096e-05
12385.078119 6.700654e-01 9.986580e-01 4.226882e-01 7.094257e-01 1.258773e-05 -7.159742e-06 3.246874e-05 3.495359e-05
12389.558700 6.693873e-01 9.993856e-01 4.243415e-01 7.085483e-01 1.302857e-05 1.497307e-08 3.611862e-05 2.848131e-05
12394.051473 6.693270e-01 1.000975e+00 4.262556e-01 7.099313e-01 1.699842e-05 9.090456e-07 2.548890e-05 2.683817e-05
12398.556438 6.681687e-01 1.000908e+00 4.274531e-01 7.084555e-01 2.471093e-05 1.831264e-07 2.807256e-05 2.838220e-05
12403.073595 6.671490e-01 1.001058e+00 4.285776e-01 7.078562e-01 1.411722e-05 -2.903627e-06 2.155011e-05 1.757778e-05
12407.602944 6.661779e-01 1.001148e+00 4.296827e-01 7.062105e-01 1.499925e-05 -8.374640e-07 2.522858e-05 1.403379e-05
12412.144485 6.658363e-01 1.002332e+00 4.310489e-01 7.067293e-01 1.405613e-05 -5.755750e-06 2.147094e-05 1.968328e-05
12416.698218 6.646096e-01 1.002234e+00 4.318289e-01 7.062778e-01 2.225979e-05 8.292133e-06 2.139869e-05 2.411559e-05
12421.264142 6.615931e-01 9.994173e-01 4.313924e-01 7.041046e-01 2.358209e-05 5.478397e-06 1.581058e-05 2.472889e-05
12425.842259 6.632333e-01 1.003505e+00 4.341586e-01 7.065075e-01 3.534613e-05 -1.700040e-06 2.278553e-05 1.408381e-05
12430.432567 6.634050e-01 1.005453e+00 4.358692e-01 7.057973e-01 2.889056e-05 -1.005729e-05 2.396699e-05 1.737067e-05
12435.035068 6.620327e-01 1.005004e+00 4.364194e-01 7.039879e-01 2.035995e-05 -5.736301e-06 1.805122e-05 1.419067e-05
12439.649760 6.613591e-01 1.005724e+00 4.376868e-01 7.044017e-01 1.010428e-05 -1.190105e-05 2.821965e-05 1.788728e-05
12444.276644 6.608291e-01 1.006606e+00 4.391584e-01 7.043076e-01 1.284506e-05 -1.417290e-05 2.665377e-05 1.278602e-05
12448.915720 6.593455e-01 1.006064e+00 4.400711e-01 7.032199e-01 1.380799e-05 -1.730195e-05 2.150122e-05 1.580465e-05
12453.566988 6.594093e-01 1.007802e+00 4.423067e-01 7.045578e-01 1.464963e-05 -1.885955e-05 1.156083e-05 1.831228e-05
12458.230448 6.584297e-01 1.007992e+00 4.438206e-01 7.041329e-01 2.083701e-05 -4.535247e-06 1.656225e-05 2.821228e-05
12462.906100 6.577239e-01 1.008662e+00 4.456727e-01 7.035410e-01 1.995100e-05 4.000037e-06 2.860707e-05 2.700375e-05
12467.593943 6.576130e-01 1.010197e+00 4.480823e-01 7.033946e-01 1.748344e-05 2.565784e-06 2.104603e-05 2.135420e-05
12472.293979 6.563695e-01 1.010063e+00 4.498903e-01 7.029334e-01 9.429688e-06 -4.957623e-06 1.839399e-05 2.584452e-05
12477.006206 6.562205e-01 1.011550e+00 4.524882e-01 7.026954e-01 2.265481e-05 4.389450e-06 1.294578e-05 2.584491e-05
12481.730626 6.562036e-01 1.013273e+00 4.552384e-01 7.029041e-01 2.027324e-05 7.184294e-06 6.663195e-06 3.154882e-05
12486.467237 6.554748e-01 1.013942e+00 4.575751e-01 7.030462e-01 1.806226e-05 4.869873e-06 -2.797161e-08 2.425111e-05
12491.216040 6.546617e-01 1.014448e+00 4.598434e-01 7.037137e-01 2.343255e-05 -6.227406e-07 4.833737e-06 2.823323e-05
12495.977036 6.528445e-01 1.013418e+00 4.613775e-01 7.018828e-01 2.529205e-05 2.098708e-06 1.111107e-05 2.584990e-05
12500.750223 6.500321e-01 1.010774e+00 4.620971e-01 6.989502e-01 1.775716e-05 -6.838324e-06 1.159316e-05 2.077702e-05
12505.535602 6.519834e-01 1.015444e+00 4.661933e-01 7.001294e-01 1.371238e-05 -1.706267e-05 1.118261e-05 2.820165e-05
12510.333172 6.525915e-01 1.018192e+00 4.691636e-01 7.011671e-01 1.682240e-05 -1.798217e-05 1.762546e-05 3.063644e-05
12515.142935 6.515574e-01 1.018402e+00 4.709079e-01 7.003506e-01 1.363391e-05 -1.971634e-05 1.920353e-05 3.068793e-05
12519.964890 6.508344e-01 1.019039e+00 4.727827e-01 7.001511e-01 1.078482e-05 -2.076329e-05 1.371641e-05 2.692873e-05
12524.799037 6.502523e-01 1.019902e+00 4.747200e-01 7.002762e-01 9.653504e-06 -2.028767e-05 1.352756e-05 1.823677e-05
12529.645375 6.444142e-01 1.012408e+00 4.725961e-01 6.941786e-01 1.389899e-05 -9.159239e-06 1.386020e-05 2.930553e-05
12534.503905 3.391467e-01 5.334559e-01 2.494912e-01 3.655901e-01 8.089669e-06 -1.114916e-06 2.589584e-06 1.297860e-05
12539.374628 6.938902e-03 1.091839e-02 5.108832e-03 7.488816e-03 1.486658e-07 -9.335921e-09 7.625562e-08 2.814751e-07
