# Facility: NSLS-II
# Beamline: QAS
# Year: 2023
# Cycle: 3
# SAF: 312215
# PI: Reece
# Proposal: 313586
# Scan ID: 270793
# UID: 9af4cd48-757c-40df-8df8-bb28ac40c813
# Comment: Zn filter 3 um
# Start time: 10/18/2023  13:24:15
# Stop time: 10/18/2023  13:24:48
# Total time: 00:32
# Trajectory name: Pt-L3-30s-11564.txt
# Element: Platinum ( 78)
# Edge: L3
# E0: 11564
# Reference Foil Element: Pt
# Keithley Gains I0: 1E6 V/A It: 1E6 V/A Iref: 1E7 V/A PIPS: 1E8 V/A 
# Ion Chamber Gas Flow Rates: I0: 0.00 sccm He + 189.60 sccm N2 + 9.80 sccm Ar 
# Ion Chamber Gas Flow Rates: It&Iref: 39.70 sccm N2 + 60.10 sccm Ar
# Incident Beam Path Vertical: 31.75 mm
# Incident Slits Positions B: TOP: 2.0 mm Bottom: 1.0 mm Inboard: 0.57675 mm Outboard: 1.57675 mm
# Sample Stage Positions: Rotation: 45.0 deg Horizontal: -10.22 mm Vertical: 15.30 mm Beam Direction: 0.00 mm
# PerkinElmer Vertical Position: 500.00 mm
# Linkam Oven Temperature : 3.03 C and Ramp Rate: 20.00 C/min.
# Front End Mirror Horizontal Positions: Up: -14.00 mm Down: -14.00 mm
#
# energy  i0  it  ir  iff  aux1  aux2  aux3  aux4
11380.425245 4.203324e-01 4.391566e-01 5.702356e-01 8.084732e-02 4.160222e-06 -1.956049e-05 1.772508e-05 4.652485e-05
11385.425245 8.265617e-01 8.649354e-01 1.124790e+00 1.597835e-01 1.671439e-05 -4.136497e-05 3.978449e-05 9.373428e-05
11390.425245 8.323583e-01 8.729781e-01 1.138134e+00 1.603299e-01 2.453621e-05 -3.357629e-05 3.984028e-05 9.205230e-05
11395.425245 8.402717e-01 8.837254e-01 1.155328e+00 1.612060e-01 2.538908e-05 -4.090347e-05 2.272479e-05 9.502251e-05
11400.425245 8.387314e-01 8.842506e-01 1.158706e+00 1.615540e-01 2.070020e-05 -4.644019e-05 4.317678e-05 9.470364e-05
11405.425245 8.366847e-01 8.841799e-01 1.161271e+00 1.620066e-01 2.343689e-05 -4.341737e-05 5.428111e-05 9.471317e-05
11410.425245 8.342037e-01 8.836254e-01 1.163406e+00 1.618607e-01 1.386247e-05 -4.627926e-05 4.435335e-05 9.784273e-05
11415.425245 8.258442e-01 8.767541e-01 1.157003e+00 1.603975e-01 1.836267e-05 -3.676250e-05 4.173252e-05 9.484383e-05
11420.425245 8.253309e-01 8.782623e-01 1.161743e+00 1.610887e-01 9.183339e-06 -3.423029e-05 4.206035e-05 9.143565e-05
11425.425245 8.329904e-01 8.888014e-01 1.179150e+00 1.629165e-01 1.519512e-05 -2.959615e-05 4.023925e-05 8.480446e-05
11430.425245 8.341238e-01 8.922040e-01 1.186880e+00 1.633762e-01 5.537134e-06 -2.890024e-05 3.675306e-05 8.054410e-05
11435.425245 8.323778e-01 8.924504e-01 1.190075e+00 1.635931e-01 1.558422e-06 -2.461714e-05 2.381848e-05 8.221971e-05
11440.425245 8.314042e-01 8.935854e-01 1.194397e+00 1.641736e-01 4.979421e-06 -3.199373e-05 2.163107e-05 8.349930e-05
11445.425245 8.302041e-01 8.944401e-01 1.198309e+00 1.646471e-01 6.509855e-06 -4.347181e-05 1.850265e-05 8.824396e-05
11450.425245 8.284384e-01 8.946528e-01 1.201329e+00 1.647764e-01 3.628592e-06 -4.116439e-05 1.504815e-05 8.727516e-05
11455.425245 8.273730e-01 8.956036e-01 1.205429e+00 1.649973e-01 -2.138392e-06 -3.502189e-05 1.733079e-05 8.379309e-05
11460.425245 8.264764e-01 8.967945e-01 1.209845e+00 1.650674e-01 6.397664e-06 -2.764359e-05 2.060096e-05 8.849984e-05
11465.425245 8.253104e-01 8.976522e-01 1.213834e+00 1.654501e-01 3.823547e-06 -2.274188e-05 3.065128e-05 1.005587e-04
11470.425245 8.244737e-01 8.988481e-01 1.218176e+00 1.659892e-01 6.591001e-06 -2.824401e-05 2.668887e-05 1.008030e-04
11475.425245 8.246693e-01 9.012260e-01 1.224050e+00 1.669418e-01 6.449589e-06 -3.276365e-05 2.888843e-05 9.940390e-05
11480.425245 8.237421e-01 9.023931e-01 1.228159e+00 1.677090e-01 3.212360e-06 -2.986362e-05 3.081562e-05 9.030812e-05
11485.425245 8.221309e-01 9.026755e-01 1.230973e+00 1.680375e-01 -4.239323e-06 -2.803354e-05 3.189987e-05 8.394602e-05
11490.425245 8.205527e-01 9.029450e-01 1.233548e+00 1.683372e-01 -2.502314e-08 -2.808112e-05 4.883696e-05 7.944979e-05
11495.425245 8.198101e-01 9.042008e-01 1.237182e+00 1.690821e-01 4.832114e-06 -3.011612e-05 4.348673e-05 7.553775e-05
11500.425245 8.188512e-01 9.052579e-01 1.240500e+00 1.696043e-01 6.747446e-06 -2.130790e-05 3.929861e-05 8.180018e-05
11505.425245 8.176682e-01 9.059868e-01 1.242914e+00 1.702964e-01 -4.649212e-06 -2.492516e-05 3.991422e-05 8.700129e-05
11510.425245 8.167975e-01 9.070601e-01 1.245279e+00 1.716402e-01 4.951445e-07 -2.713450e-05 4.301749e-05 7.517867e-05
11515.425245 8.167162e-01 9.090200e-01 1.248403e+00 1.730035e-01 4.643616e-06 -2.725137e-05 4.427083e-05 7.398693e-05
11520.425245 8.159687e-01 9.102194e-01 1.249454e+00 1.745913e-01 1.010601e-05 -3.683083e-05 3.451544e-05 8.331284e-05
11525.425245 8.146492e-01 9.106146e-01 1.248194e+00 1.763745e-01 1.476401e-05 -3.681041e-05 3.857167e-05 8.203053e-05
11530.425245 8.140131e-01 9.117863e-01 1.246356e+00 1.787922e-01 1.906178e-05 -3.449377e-05 3.918684e-05 7.850135e-05
11534.000000 8.135265e-01 9.125476e-01 1.242943e+00 1.808352e-01 2.375788e-05 -3.646602e-05 4.365737e-05 8.239913e-05
11535.000000 8.125017e-01 9.117710e-01 1.240230e+00 1.815552e-01 2.697294e-05 -3.421989e-05 4.582005e-05 8.467119e-05
11536.000000 8.128471e-01 9.124785e-01 1.239549e+00 1.818551e-01 2.158322e-05 -3.478659e-05 4.411316e-05 8.476404e-05
11537.000000 8.131060e-01 9.131381e-01 1.238757e+00 1.832915e-01 2.243313e-05 -3.619835e-05 3.399756e-05 8.127112e-05
11538.000000 8.124139e-01 9.125654e-01 1.235907e+00 1.836955e-01 1.272959e-05 -2.939561e-05 4.150456e-05 8.371509e-05
11539.000000 8.102712e-01 9.104022e-01 1.230195e+00 1.842865e-01 1.481964e-05 -2.694007e-05 4.781736e-05 8.109151e-05
11540.000000 8.112117e-01 9.117906e-01 1.229124e+00 1.861479e-01 1.824371e-05 -2.638126e-05 4.800453e-05 8.668814e-05
11541.000000 8.123878e-01 9.134201e-01 1.228482e+00 1.873198e-01 2.085292e-05 -3.990365e-05 4.334555e-05 7.812258e-05
11541.200000 8.116539e-01 9.126936e-01 1.227075e+00 1.869708e-01 7.469367e-06 -4.301989e-05 4.679135e-05 8.558795e-05
11541.400000 8.147345e-01 9.164204e-01 1.230796e+00 1.868780e-01 3.786155e-05 -4.041803e-05 3.997866e-05 7.319844e-05
11541.600000 8.125105e-01 9.141120e-01 1.227609e+00 1.877325e-01 2.254137e-05 -3.636746e-05 3.417736e-05 7.343376e-05
11541.800000 8.151313e-01 9.168862e-01 1.229927e+00 1.892183e-01 2.185648e-05 -2.998243e-05 3.266127e-05 7.922036e-05
11542.000000 8.067222e-01 9.072515e-01 1.216616e+00 1.885205e-01 1.362828e-05 -3.621064e-05 2.127480e-05 7.493497e-05
11542.200000 8.138420e-01 9.155943e-01 1.226624e+00 1.881645e-01 -9.096307e-06 -3.613117e-05 3.072970e-05 7.632597e-05
11542.400000 8.115810e-01 9.130169e-01 1.222736e+00 1.902774e-01 6.759754e-06 -3.243891e-05 4.080222e-05 9.462812e-05
11542.600000 8.088152e-01 9.097394e-01 1.217555e+00 1.913873e-01 2.395012e-06 -3.314769e-05 5.187531e-05 8.774550e-05
11542.800000 8.148185e-01 9.164733e-01 1.225791e+00 1.905013e-01 3.929454e-06 -4.228899e-05 4.256942e-05 9.227955e-05
11543.000000 8.080630e-01 9.090153e-01 1.215076e+00 1.869300e-01 1.123950e-05 -4.378109e-05 4.614056e-05 1.059575e-04
11543.200000 8.168940e-01 9.191906e-01 1.227203e+00 1.922612e-01 9.596595e-06 -3.605548e-05 4.877642e-05 9.576722e-05
11543.400000 8.058019e-01 9.067252e-01 1.210617e+00 1.911831e-01 9.310974e-06 -3.177388e-05 4.293883e-05 9.057477e-05
11543.600000 8.073611e-01 9.085812e-01 1.212014e+00 1.905876e-01 4.533350e-07 -3.024032e-05 2.347173e-05 8.406783e-05
11543.800000 8.103499e-01 9.118854e-01 1.214289e+00 1.924586e-01 -1.576406e-05 -3.212702e-05 5.358895e-05 1.008237e-04
11544.000000 8.146755e-01 9.168657e-01 1.220441e+00 1.929494e-01 -2.805619e-05 -3.536113e-05 5.020883e-05 9.554713e-05
11544.200000 8.090215e-01 9.103405e-01 1.211004e+00 1.911596e-01 -1.918045e-06 -2.478105e-05 2.905570e-05 7.707520e-05
11544.400000 8.116740e-01 9.137389e-01 1.214379e+00 1.926259e-01 -1.826579e-06 -1.984076e-05 4.672232e-05 7.945700e-05
11544.600000 8.143938e-01 9.168179e-01 1.217669e+00 1.939874e-01 2.065201e-06 -2.772207e-05 5.686931e-05 9.252007e-05
11544.800000 8.114444e-01 9.131829e-01 1.211853e+00 1.943774e-01 4.755853e-06 -3.118726e-05 5.516098e-05 8.524162e-05
11545.000000 8.142645e-01 9.166114e-01 1.215823e+00 1.931965e-01 -1.017961e-05 -3.078163e-05 4.966983e-05 9.319552e-05
11545.200000 8.099915e-01 9.118271e-01 1.209081e+00 1.936057e-01 8.502638e-06 -2.650824e-05 5.022566e-05 8.140616e-05
11545.400000 8.125131e-01 9.150597e-01 1.210846e+00 1.953575e-01 -2.131385e-06 -1.903482e-05 6.110944e-05 8.407279e-05
11545.600000 8.136321e-01 9.158883e-01 1.210856e+00 1.948852e-01 5.401323e-06 -2.674348e-05 4.333713e-05 8.257941e-05
11545.800000 8.079267e-01 9.096276e-01 1.201460e+00 1.927048e-01 -6.485817e-07 -3.440903e-05 4.463444e-05 9.310012e-05
11546.000000 8.119733e-01 9.141959e-01 1.206556e+00 1.952461e-01 5.712216e-06 -4.026813e-05 3.211565e-05 8.577422e-05
11546.200000 8.095567e-01 9.116092e-01 1.201504e+00 1.941587e-01 -7.101449e-06 -3.960013e-05 2.826237e-05 7.694917e-05
11546.400000 8.188985e-01 9.224712e-01 1.214606e+00 1.994217e-01 -1.294719e-05 -4.578324e-05 2.500307e-05 8.398043e-05
11546.600000 7.994061e-01 8.997885e-01 1.183311e+00 1.931043e-01 1.178438e-08 -4.613289e-05 3.386238e-05 8.787996e-05
11546.800000 8.009524e-01 9.022261e-01 1.184958e+00 1.945992e-01 -2.087110e-05 -3.837602e-05 4.119901e-05 8.266105e-05
11547.000000 8.152330e-01 9.176430e-01 1.204095e+00 1.986939e-01 -9.039181e-06 -4.726834e-05 3.397673e-05 8.215017e-05
11547.200000 8.117070e-01 9.142460e-01 1.197950e+00 1.985248e-01 -2.172500e-05 -4.884592e-05 5.677006e-05 9.997930e-05
11547.400000 8.117533e-01 9.141448e-01 1.196832e+00 2.008830e-01 -9.144829e-06 -4.611998e-05 4.252346e-05 8.937629e-05
11547.600000 8.107987e-01 9.129256e-01 1.193283e+00 1.955068e-01 -4.804575e-06 -4.786679e-05 4.173063e-05 8.310086e-05
11547.800000 8.135106e-01 9.163881e-01 1.196389e+00 1.991985e-01 -1.693264e-05 -5.240527e-05 3.655670e-05 8.651815e-05
11548.000000 8.025780e-01 9.035990e-01 1.178626e+00 1.986916e-01 -3.248822e-06 -5.362635e-05 3.715343e-05 8.241582e-05
11548.200000 8.154769e-01 9.185163e-01 1.195976e+00 2.018330e-01 -7.390555e-06 -5.348503e-05 4.368919e-05 8.483750e-05
11548.400000 8.146700e-01 9.175028e-01 1.192945e+00 1.991874e-01 -2.236267e-06 -4.211342e-05 4.370722e-05 8.283628e-05
11548.600000 8.019103e-01 9.031329e-01 1.173496e+00 1.993861e-01 -1.357517e-05 -3.948515e-05 3.794998e-05 8.204855e-05
11548.800000 8.151952e-01 9.179255e-01 1.190013e+00 2.029047e-01 -2.571264e-06 -4.216945e-05 4.726628e-05 8.379805e-05
11549.000000 8.104677e-01 9.130684e-01 1.180970e+00 2.003706e-01 -2.450439e-06 -3.577773e-05 5.123259e-05 5.059693e-05
11549.200000 8.098276e-01 9.119871e-01 1.177895e+00 2.030972e-01 3.025927e-06 -4.898115e-05 3.903626e-05 4.346545e-05
11549.400000 8.097662e-01 9.120287e-01 1.176422e+00 2.068277e-01 -7.182201e-06 -4.647903e-05 6.170880e-05 8.962854e-05
11549.600000 8.096737e-01 9.119165e-01 1.174170e+00 2.017668e-01 -1.695046e-05 -3.888504e-05 5.066421e-05 9.132210e-05
11549.800000 8.093956e-01 9.117265e-01 1.171411e+00 2.060777e-01 -1.694449e-05 -3.119348e-05 5.189012e-05 9.350302e-05
11550.000000 8.123070e-01 9.149358e-01 1.173521e+00 2.059677e-01 -1.788456e-05 -3.307881e-05 5.886000e-05 9.430224e-05
11550.200000 8.095261e-01 9.119127e-01 1.167833e+00 2.069498e-01 -2.273807e-06 -3.109943e-05 6.173182e-05 8.678590e-05
11550.400000 8.108620e-01 9.133709e-01 1.166902e+00 2.052757e-01 -5.480986e-07 -3.938920e-05 7.432115e-05 9.846623e-05
11550.600000 8.133962e-01 9.162846e-01 1.168311e+00 2.057442e-01 9.255699e-06 -4.710059e-05 4.711803e-05 9.205764e-05
11550.800000 8.081743e-01 9.102391e-01 1.158429e+00 2.074511e-01 1.266420e-06 -5.100828e-05 6.000931e-05 1.020674e-04
11551.000000 8.126433e-01 9.148983e-01 1.161936e+00 2.094908e-01 1.227446e-05 -4.490863e-05 7.284812e-05 9.487771e-05
11551.200000 8.114014e-01 9.137863e-01 1.157138e+00 2.090948e-01 -1.702367e-07 -3.762984e-05 6.657921e-05 8.789848e-05
11551.400000 8.101500e-01 9.121544e-01 1.151596e+00 2.100696e-01 1.347445e-05 -3.736561e-05 4.703586e-05 9.422408e-05
11551.600000 8.123395e-01 9.147492e-01 1.152374e+00 2.132601e-01 6.454430e-06 -3.701777e-05 2.786813e-05 7.384778e-05
11551.800000 8.019026e-01 9.026582e-01 1.135437e+00 2.091324e-01 1.517725e-05 -4.073268e-05 2.871378e-05 7.568166e-05
11552.000000 8.161377e-01 9.190748e-01 1.152908e+00 2.139063e-01 4.209100e-06 -3.603130e-05 4.403315e-05 7.994246e-05
11552.200000 8.146436e-01 9.172545e-01 1.146623e+00 2.159628e-01 9.360857e-06 -3.539746e-05 4.702509e-05 7.921652e-05
11552.400000 8.075754e-01 9.093827e-01 1.133831e+00 2.143117e-01 7.131362e-06 -3.773878e-05 5.458828e-05 7.481575e-05
11552.600000 8.133616e-01 9.157877e-01 1.138114e+00 2.175554e-01 2.225328e-05 -3.647738e-05 2.679597e-05 6.361798e-05
11552.800000 8.099543e-01 9.122066e-01 1.129178e+00 2.128816e-01 1.670789e-05 -4.232291e-05 4.072993e-05 7.633446e-05
11553.000000 8.115172e-01 9.137242e-01 1.128611e+00 2.215091e-01 9.387664e-06 -4.493440e-05 4.223677e-05 8.626884e-05
11553.200000 8.105375e-01 9.123348e-01 1.123251e+00 2.176048e-01 8.914836e-06 -4.558720e-05 4.393208e-05 9.268836e-05
11553.400000 8.066011e-01 9.078009e-01 1.113306e+00 2.184306e-01 8.162834e-06 -4.748729e-05 4.706535e-05 9.433666e-05
11553.600000 8.127983e-01 9.145230e-01 1.117096e+00 2.223648e-01 3.165320e-06 -4.783006e-05 4.255176e-05 8.715512e-05
11553.800000 8.212982e-01 9.239750e-01 1.124498e+00 2.230867e-01 1.367180e-06 -4.955595e-05 4.049200e-05 8.799117e-05
11554.000000 7.881283e-01 8.866678e-01 1.074404e+00 2.185923e-01 -1.280042e-05 -5.041183e-05 3.870396e-05 7.961750e-05
11554.200000 8.155774e-01 9.174289e-01 1.106991e+00 2.279578e-01 3.500160e-06 -4.230572e-05 4.004671e-05 8.926948e-05
11554.400000 8.144800e-01 9.160925e-01 1.100390e+00 2.266242e-01 -1.297418e-05 -4.524611e-05 6.059941e-05 1.058950e-04
11554.600000 8.019650e-01 9.017522e-01 1.078592e+00 2.236506e-01 -1.510296e-06 -5.320859e-05 5.339646e-05 9.063271e-05
11554.800000 8.106013e-01 9.116351e-01 1.085002e+00 2.291102e-01 -1.184921e-05 -4.409670e-05 5.509250e-05 9.628346e-05
11555.000000 8.101556e-01 9.110363e-01 1.077675e+00 2.317798e-01 6.411180e-06 -4.134331e-05 5.158660e-05 9.282549e-05
11555.200000 8.151664e-01 9.164002e-01 1.078995e+00 2.342909e-01 6.232975e-06 -4.343722e-05 5.682590e-05 8.501243e-05
11555.400000 8.065646e-01 9.064510e-01 1.061828e+00 2.322169e-01 1.417141e-05 -4.535904e-05 5.141243e-05 6.626701e-05
11555.600000 8.133896e-01 9.141522e-01 1.064896e+00 2.382676e-01 5.602396e-06 -4.344960e-05 5.572638e-05 3.696228e-05
11555.800000 8.089526e-01 9.084361e-01 1.051320e+00 2.371295e-01 9.873265e-06 -4.284768e-05 5.164692e-05 3.885995e-05
11556.000000 8.111678e-01 9.107111e-01 1.047076e+00 2.416878e-01 6.996076e-06 -3.683269e-05 5.415605e-05 5.688377e-05
11556.200000 8.108616e-01 9.104985e-01 1.039772e+00 2.411422e-01 1.277459e-05 -2.694236e-05 4.930874e-05 6.975838e-05
11556.400000 8.129137e-01 9.126283e-01 1.034005e+00 2.439329e-01 3.551337e-06 -2.863766e-05 4.889528e-05 9.364492e-05
11556.600000 8.097823e-01 9.086264e-01 1.022476e+00 2.459263e-01 6.100077e-06 -2.127998e-05 5.551921e-05 8.833895e-05
11556.800000 8.066239e-01 9.048685e-01 1.010027e+00 2.481423e-01 9.924010e-06 -2.031027e-05 6.224914e-05 8.739782e-05
11557.000000 8.084080e-01 9.068052e-01 1.003476e+00 2.512865e-01 6.225679e-06 -2.374898e-05 4.551240e-05 8.280887e-05
11557.200000 8.119772e-01 9.102284e-01 9.985613e-01 2.553771e-01 1.058682e-05 -3.320204e-05 4.366941e-05 9.183398e-05
11557.400000 8.094237e-01 9.072238e-01 9.857671e-01 2.571486e-01 -3.932923e-06 -3.166347e-05 4.829317e-05 8.583005e-05
11557.600000 8.122810e-01 9.099115e-01 9.789893e-01 2.608974e-01 -1.365242e-06 -3.583858e-05 5.170091e-05 8.314478e-05
11557.800000 8.056354e-01 9.024495e-01 9.625428e-01 2.629412e-01 -1.805682e-05 -3.088472e-05 6.346716e-05 7.206552e-05
11558.000000 8.098873e-01 9.062550e-01 9.547995e-01 2.657187e-01 -5.952920e-06 -3.165310e-05 5.394993e-05 6.425816e-05
11558.200000 8.146070e-01 9.118274e-01 9.494397e-01 2.683033e-01 -1.799772e-05 -3.016844e-05 5.456648e-05 7.602848e-05
11558.400000 7.996905e-01 8.941047e-01 9.189901e-01 2.697345e-01 -7.937219e-06 -3.643842e-05 6.283231e-05 7.613668e-05
11558.600000 8.084215e-01 9.038803e-01 9.172485e-01 2.746165e-01 -5.117488e-06 -3.445107e-05 6.429979e-05 8.776416e-05
11558.800000 8.128566e-01 9.078134e-01 9.070263e-01 2.817701e-01 3.711449e-06 -3.653330e-05 5.559341e-05 8.322191e-05
11559.000000 8.064373e-01 9.005607e-01 8.867543e-01 2.852326e-01 -7.787330e-06 -3.545834e-05 6.539185e-05 8.295495e-05
11559.200000 8.127987e-01 9.067064e-01 8.778141e-01 2.924270e-01 5.036697e-06 -3.250428e-05 5.668258e-05 7.957595e-05
11559.400000 8.074717e-01 9.005770e-01 8.574202e-01 2.909419e-01 -1.191725e-06 -3.448709e-05 6.310985e-05 9.207362e-05
11559.600000 8.088945e-01 9.008875e-01 8.418803e-01 3.011841e-01 2.758351e-06 -3.992865e-05 6.196131e-05 8.916941e-05
11559.800000 8.098283e-01 9.013456e-01 8.256500e-01 3.083026e-01 3.303538e-06 -3.738010e-05 6.575152e-05 8.426070e-05
11560.000000 8.077732e-01 8.981504e-01 8.046334e-01 3.119393e-01 -4.364360e-06 -3.973670e-05 6.049671e-05 3.830943e-05
11560.200000 8.094935e-01 8.988223e-01 7.869434e-01 3.149287e-01 1.261332e-05 -4.668013e-05 5.360750e-05 2.981017e-05
11560.400000 8.093635e-01 8.980261e-01 7.663190e-01 3.213443e-01 7.487569e-06 -4.177805e-05 4.619348e-05 7.462532e-05
11560.600000 8.119509e-01 8.998968e-01 7.466354e-01 3.318104e-01 -3.681889e-06 -4.077137e-05 3.541929e-05 7.456183e-05
11560.800000 8.097281e-01 8.961779e-01 7.210704e-01 3.404606e-01 -8.954241e-06 -3.594294e-05 3.818306e-05 8.800135e-05
11561.000000 8.097360e-01 8.950636e-01 6.976393e-01 3.500499e-01 3.972481e-07 -4.069929e-05 4.937016e-05 8.790501e-05
11561.200000 8.008959e-01 8.841870e-01 6.661983e-01 3.529577e-01 1.383736e-05 -3.908191e-05 5.226641e-05 8.699586e-05
11561.400000 8.141337e-01 8.974422e-01 6.520673e-01 3.698193e-01 2.012926e-06 -3.769567e-05 3.308132e-05 6.475676e-05
11561.600000 8.088966e-01 8.900408e-01 6.220673e-01 3.770506e-01 -6.892225e-06 -4.491904e-05 2.297816e-05 5.779748e-05
11561.800000 8.045522e-01 8.831475e-01 5.896910e-01 3.904342e-01 -6.334273e-06 -4.561731e-05 3.301716e-05 6.112592e-05
11562.000000 8.123244e-01 8.902399e-01 5.694434e-01 4.051180e-01 -5.410099e-06 -4.523884e-05 3.836907e-05 6.619585e-05
11562.200000 8.059829e-01 8.810389e-01 5.353016e-01 4.137497e-01 -3.154689e-06 -4.681423e-05 4.219424e-05 6.953965e-05
11562.400000 8.121573e-01 8.859537e-01 5.110995e-01 4.318121e-01 5.630356e-06 -5.054542e-05 4.557883e-05 7.486867e-05
11562.600000 8.067273e-01 8.776205e-01 4.782561e-01 4.420188e-01 2.263478e-06 -4.254801e-05 5.112662e-05 8.127171e-05
11562.800000 8.115589e-01 8.805295e-01 4.528463e-01 4.643276e-01 7.001024e-06 -3.785412e-05 3.798355e-05 8.393476e-05
11563.000000 8.111884e-01 8.774718e-01 4.228510e-01 4.827127e-01 1.915961e-05 -3.268578e-05 2.436938e-05 7.227443e-05
11563.200000 8.083532e-01 8.714688e-01 3.920438e-01 4.988361e-01 3.202497e-05 -2.577862e-05 3.693293e-05 8.418324e-05
11563.400000 8.097670e-01 8.698488e-01 3.640145e-01 5.209648e-01 1.674615e-05 -2.410229e-05 3.556389e-05 6.283419e-05
11563.600000 8.068324e-01 8.636553e-01 3.348079e-01 5.405209e-01 8.499347e-06 -1.977449e-05 4.956506e-05 5.422309e-05
11563.800000 8.092438e-01 8.627922e-01 3.106492e-01 5.631227e-01 1.428208e-05 -1.402752e-05 5.643137e-05 3.829169e-05
11564.000000 8.114226e-01 8.620119e-01 2.874923e-01 5.887209e-01 1.466664e-05 -1.646296e-05 5.784523e-05 4.671188e-05
11564.200000 8.071321e-01 8.536288e-01 2.615736e-01 6.113256e-01 7.552872e-06 -1.843755e-05 5.279609e-05 5.473968e-05
11564.400000 8.095552e-01 8.526216e-01 2.403621e-01 6.334485e-01 1.188263e-05 -2.906486e-05 5.872405e-05 5.808030e-05
11564.600000 8.083699e-01 8.478954e-01 2.207095e-01 6.573585e-01 2.242590e-05 -3.735019e-05 3.341016e-05 6.636339e-05
11564.800000 8.095854e-01 8.455584e-01 2.028588e-01 6.842291e-01 2.628006e-05 -3.639103e-05 4.634581e-05 6.699767e-05
11565.000000 7.997078e-01 8.317360e-01 1.853164e-01 6.979491e-01 1.556389e-05 -3.508394e-05 3.415802e-05 6.017673e-05
11565.200000 8.107183e-01 8.395794e-01 1.734269e-01 7.271817e-01 2.643620e-05 -3.325000e-05 3.560254e-05 5.332022e-05
11565.400000 8.104729e-01 8.358871e-01 1.610100e-01 7.533796e-01 2.552506e-05 -2.279045e-05 5.955276e-05 6.315836e-05
11565.600000 8.089670e-01 8.314170e-01 1.509330e-01 7.717460e-01 2.799739e-05 -2.792210e-05 4.784205e-05 5.420942e-05
11565.800000 8.100308e-01 8.294867e-01 1.430044e-01 7.925283e-01 3.408540e-05 -2.564358e-05 4.256519e-05 5.290509e-05
11566.000000 8.067246e-01 8.234770e-01 1.358776e-01 8.062756e-01 2.839964e-05 -2.903987e-05 3.443323e-05 5.291621e-05
11566.200000 8.087259e-01 8.231324e-01 1.311093e-01 8.245728e-01 2.732306e-05 -3.515988e-05 3.009769e-05 4.850957e-05
11566.400000 8.087640e-01 8.208860e-01 1.270334e-01 8.368592e-01 1.737579e-05 -3.582048e-05 3.695605e-05 5.250834e-05
11566.600000 8.131482e-01 8.231601e-01 1.250109e-01 8.555009e-01 2.219281e-05 -3.313808e-05 3.684070e-05 6.656815e-05
11566.800000 8.081916e-01 8.164953e-01 1.228430e-01 8.637766e-01 2.037146e-05 -2.851676e-05 4.876373e-05 7.410330e-05
11567.000000 8.091402e-01 8.159776e-01 1.224673e-01 8.736337e-01 1.980121e-05 -4.056283e-05 4.199346e-05 6.765364e-05
11567.200000 8.087660e-01 8.143316e-01 1.226244e-01 8.817525e-01 1.921743e-05 -3.476126e-05 2.954488e-05 5.444532e-05
11567.400000 8.083646e-01 8.129378e-01 1.234381e-01 8.890633e-01 1.741054e-05 -3.614828e-05 2.745771e-05 7.031672e-05
11567.600000 8.072607e-01 8.109556e-01 1.248304e-01 8.888608e-01 3.013764e-05 -3.697668e-05 2.082325e-05 8.439404e-05
11567.800000 8.075724e-01 8.107573e-01 1.271142e-01 8.960244e-01 2.678803e-05 -3.816541e-05 1.961978e-05 8.476596e-05
11568.000000 8.091100e-01 8.119890e-01 1.298001e-01 8.994047e-01 2.546178e-05 -3.421137e-05 3.854353e-05 8.267873e-05
11568.200000 8.091350e-01 8.116974e-01 1.326272e-01 8.986457e-01 2.235661e-05 -2.986088e-05 3.640783e-05 8.261979e-05
11568.400000 8.079048e-01 8.104635e-01 1.351487e-01 8.987452e-01 1.020333e-05 -3.374665e-05 3.594683e-05 8.624231e-05
11568.600000 8.074899e-01 8.102675e-01 1.386440e-01 8.983183e-01 1.955723e-05 -3.249582e-05 2.333963e-05 8.070867e-05
11568.800000 8.110777e-01 8.140775e-01 1.426931e-01 8.979227e-01 2.509045e-05 -1.887872e-05 2.808699e-05 8.087496e-05
11569.000000 8.029018e-01 8.063398e-01 1.448435e-01 8.831105e-01 2.428234e-05 -2.055708e-05 3.717601e-05 7.297265e-05
11569.200000 8.103452e-01 8.144271e-01 1.497479e-01 8.923315e-01 3.283052e-05 -2.962199e-05 3.227411e-05 7.047983e-05
11569.400000 8.072842e-01 8.120823e-01 1.527193e-01 8.834986e-01 3.536325e-05 -3.180321e-05 3.343866e-05 6.940494e-05
11569.600000 8.083162e-01 8.137784e-01 1.566070e-01 8.799475e-01 3.449339e-05 -2.923252e-05 3.116982e-05 7.242552e-05
11569.800000 8.104630e-01 8.168256e-01 1.603002e-01 8.763786e-01 2.825912e-05 -3.293487e-05 2.943534e-05 6.935684e-05
11570.000000 8.071982e-01 8.144658e-01 1.630577e-01 8.685689e-01 2.704638e-05 -3.297493e-05 3.756697e-05 5.940798e-05
11570.200000 8.078600e-01 8.163184e-01 1.666337e-01 8.607455e-01 1.231046e-05 -3.441623e-05 4.424795e-05 7.250503e-05
11570.400000 8.079595e-01 8.175090e-01 1.695807e-01 8.553445e-01 1.643422e-06 -3.210068e-05 4.900832e-05 6.755046e-05
11570.600000 8.078109e-01 8.181426e-01 1.724508e-01 8.496392e-01 7.690837e-06 -2.578927e-05 4.603771e-05 6.870389e-05
11570.800000 8.095657e-01 8.210702e-01 1.759633e-01 8.451947e-01 1.355695e-05 -3.745622e-05 4.319057e-05 7.494817e-05
11571.000000 8.069704e-01 8.197045e-01 1.785750e-01 8.352474e-01 1.040495e-05 -3.003550e-05 4.071074e-05 8.130595e-05
11571.200000 8.061665e-01 8.197295e-01 1.808826e-01 8.286473e-01 1.198037e-05 -3.145816e-05 3.972929e-05 8.969965e-05
11571.400000 8.111380e-01 8.258684e-01 1.844317e-01 8.257673e-01 1.217431e-05 -1.825366e-05 4.217302e-05 7.238301e-05
11571.600000 8.092623e-01 8.250996e-01 1.868571e-01 8.170429e-01 6.214277e-06 -1.913972e-05 4.827185e-05 7.262216e-05
11571.800000 8.080828e-01 8.248358e-01 1.888942e-01 8.091484e-01 1.391981e-05 -2.877278e-05 5.280649e-05 8.404434e-05
11572.000000 8.074800e-01 8.253517e-01 1.910678e-01 8.025413e-01 1.356139e-05 -3.749195e-05 4.973774e-05 8.407213e-05
11572.200000 8.052048e-01 8.240312e-01 1.927581e-01 7.941728e-01 5.867385e-06 -3.140014e-05 6.318901e-05 8.744368e-05
11572.400000 8.091447e-01 8.290206e-01 1.959184e-01 7.942076e-01 4.437566e-06 -2.733043e-05 4.986201e-05 8.699886e-05
11572.600000 8.076422e-01 8.282457e-01 1.977576e-01 7.854908e-01 6.286924e-06 -2.501943e-05 5.873370e-05 8.699497e-05
11572.800000 8.066183e-01 8.280214e-01 1.998398e-01 7.790352e-01 1.159466e-05 -2.820039e-05 6.007550e-05 8.004697e-05
11573.000000 8.074841e-01 8.298193e-01 2.016334e-01 7.766069e-01 8.002426e-06 -2.882764e-05 4.751508e-05 6.278470e-05
11573.200000 8.093835e-01 8.325788e-01 2.041454e-01 7.725465e-01 -1.352523e-06 -3.271900e-05 3.962331e-05 7.286376e-05
11573.400000 8.076296e-01 8.315993e-01 2.057914e-01 7.650311e-01 -1.852691e-06 -3.523807e-05 3.898052e-05 6.455529e-05
11573.600000 8.070075e-01 8.315515e-01 2.073196e-01 7.617756e-01 -8.027267e-06 -2.437198e-05 4.193648e-05 7.577909e-05
11573.800000 8.079687e-01 8.332037e-01 2.090565e-01 7.591730e-01 3.879701e-06 -2.419778e-05 4.279006e-05 8.608079e-05
11574.000000 8.073091e-01 8.331761e-01 2.102665e-01 7.546952e-01 7.342440e-06 -2.439741e-05 3.993962e-05 9.512501e-05
11574.200000 8.068329e-01 8.333140e-01 2.116218e-01 7.511353e-01 2.551689e-06 -2.339386e-05 4.504007e-05 1.010391e-04
11574.400000 8.081779e-01 8.351471e-01 2.133639e-01 7.497521e-01 9.287664e-06 -2.718040e-05 4.095560e-05 7.395498e-05
11574.600000 8.074671e-01 8.349506e-01 2.140516e-01 7.460437e-01 1.745989e-05 -3.515744e-05 4.661415e-05 6.778469e-05
11574.800000 8.072266e-01 8.351905e-01 2.149929e-01 7.434998e-01 2.391131e-05 -2.952362e-05 5.009565e-05 5.809138e-05
11575.000000 8.081894e-01 8.367092e-01 2.161141e-01 7.408114e-01 2.299863e-05 -3.658683e-05 3.473055e-05 6.121571e-05
11575.200000 8.073280e-01 8.361785e-01 2.163478e-01 7.383180e-01 1.915168e-05 -4.511997e-05 3.384224e-05 5.870015e-05
11575.400000 8.071884e-01 8.365315e-01 2.168046e-01 7.369479e-01 2.011503e-05 -4.182826e-05 4.066380e-05 6.356958e-05
11575.600000 8.085762e-01 8.382538e-01 2.176089e-01 7.362369e-01 2.392582e-05 -4.570387e-05 5.840745e-05 7.085977e-05
11575.800000 8.079366e-01 8.377114e-01 2.178101e-01 7.340822e-01 2.436658e-05 -4.680623e-05 5.291379e-05 6.180811e-05
11576.000000 8.053009e-01 8.352293e-01 2.172929e-01 7.285872e-01 3.157639e-05 -4.032209e-05 5.278336e-05 5.986598e-05
11576.200000 8.078306e-01 8.383168e-01 2.177032e-01 7.292673e-01 3.168406e-05 -3.612853e-05 5.637404e-05 5.783101e-05
11576.400000 8.073156e-01 8.380919e-01 2.174691e-01 7.285764e-01 2.348634e-05 -3.938348e-05 6.369926e-05 5.587752e-05
11576.600000 8.068447e-01 8.378079e-01 2.170752e-01 7.296806e-01 1.766076e-05 -4.665163e-05 6.333957e-05 6.447273e-05
11576.800000 8.059563e-01 8.370269e-01 2.161027e-01 7.267422e-01 1.797655e-05 -3.928757e-05 5.637990e-05 7.269405e-05
11577.000000 8.072866e-01 8.385244e-01 2.159922e-01 7.281464e-01 2.281366e-05 -3.983607e-05 5.487808e-05 7.992713e-05
11577.200000 8.067083e-01 8.381109e-01 2.151649e-01 7.257624e-01 2.687183e-05 -2.955465e-05 6.785713e-05 8.211223e-05
11577.400000 8.067437e-01 8.383427e-01 2.143022e-01 7.264047e-01 1.262406e-05 -2.345529e-05 5.500920e-05 7.178383e-05
11577.600000 8.067094e-01 8.385390e-01 2.134124e-01 7.271027e-01 2.185458e-05 -3.392869e-05 5.864906e-05 6.774870e-05
11577.800000 8.071821e-01 8.391528e-01 2.127753e-01 7.283790e-01 3.286249e-05 -4.137100e-05 5.754899e-05 7.137324e-05
11578.000000 8.073450e-01 8.393715e-01 2.117883e-01 7.277489e-01 2.343955e-05 -4.491310e-05 5.595235e-05 7.405361e-05
11578.200000 8.050373e-01 8.371838e-01 2.099297e-01 7.240948e-01 2.020204e-05 -3.469819e-05 5.336459e-05 7.522217e-05
11578.400000 8.066338e-01 8.387139e-01 2.094622e-01 7.258891e-01 1.845764e-05 -4.233546e-05 4.174948e-05 6.981042e-05
11578.600000 8.069831e-01 8.391075e-01 2.086557e-01 7.259912e-01 1.769332e-05 -5.132203e-05 4.153781e-05 7.373264e-05
11578.800000 8.061433e-01 8.383380e-01 2.075251e-01 7.283946e-01 2.263629e-05 -5.013613e-05 4.901414e-05 7.050333e-05
11579.000000 8.073741e-01 8.396382e-01 2.067899e-01 7.290634e-01 1.837539e-05 -4.899295e-05 4.349865e-05 6.427431e-05
11579.200000 8.068834e-01 8.390717e-01 2.057814e-01 7.282747e-01 1.149759e-05 -4.485423e-05 4.070312e-05 6.550177e-05
11579.400000 8.067462e-01 8.389597e-01 2.046243e-01 7.290249e-01 1.728384e-05 -3.498856e-05 4.372450e-05 7.864715e-05
11579.600000 8.067310e-01 8.388748e-01 2.040270e-01 7.259551e-01 2.864516e-05 -3.731110e-05 4.294731e-05 5.555486e-05
11579.800000 8.070671e-01 8.393401e-01 2.033862e-01 7.298133e-01 3.785879e-05 -4.187966e-05 4.287609e-05 5.957890e-05
11580.000000 8.052996e-01 8.376197e-01 2.021762e-01 7.292475e-01 2.799018e-05 -3.533866e-05 4.205150e-05 7.091963e-05
11580.200000 8.037125e-01 8.361013e-01 2.014130e-01 7.245888e-01 3.306440e-05 -3.867607e-05 4.656752e-05 7.489031e-05
11580.400000 8.051519e-01 8.372348e-01 2.015651e-01 7.280266e-01 3.021674e-05 -4.271997e-05 4.524203e-05 7.896013e-05
11580.600000 8.079777e-01 8.404826e-01 2.019239e-01 7.301243e-01 2.359374e-05 -4.382139e-05 5.116469e-05 8.178228e-05
11580.800000 8.085449e-01 8.410889e-01 2.023765e-01 7.309485e-01 2.117524e-05 -4.073308e-05 3.896976e-05 6.435592e-05
11581.000000 8.059155e-01 8.384671e-01 2.016022e-01 7.290658e-01 2.767285e-05 -4.131677e-05 3.614659e-05 5.515385e-05
11581.200000 8.051587e-01 8.377458e-01 2.016651e-01 7.261417e-01 4.041292e-05 -4.485837e-05 3.860800e-05 6.054428e-05
11581.400000 8.039928e-01 8.365718e-01 2.017587e-01 7.280098e-01 3.650980e-05 -4.944663e-05 4.661050e-05 6.112698e-05
11581.600000 8.060212e-01 8.388449e-01 2.028600e-01 7.282995e-01 2.537631e-05 -4.981244e-05 4.442368e-05 6.378033e-05
11581.800000 8.053569e-01 8.380453e-01 2.033924e-01 7.272804e-01 2.313041e-05 -5.655774e-05 3.697834e-05 6.070693e-05
11582.000000 8.047579e-01 8.376604e-01 2.042704e-01 7.275415e-01 2.034315e-05 -4.895918e-05 3.544379e-05 5.825011e-05
11582.200000 8.076411e-01 8.409063e-01 2.061051e-01 7.298827e-01 2.373629e-05 -4.207982e-05 3.546614e-05 5.278330e-05
11582.400000 8.017623e-01 8.349699e-01 2.054222e-01 7.257586e-01 2.634139e-05 -4.723358e-05 4.032338e-05 5.578971e-05
11582.600000 8.068303e-01 8.404723e-01 2.081605e-01 7.284785e-01 2.372867e-05 -4.673191e-05 5.825098e-05 5.235305e-05
11582.800000 8.051459e-01 8.390280e-01 2.090942e-01 7.256549e-01 1.415762e-05 -4.970854e-05 4.419900e-05 5.387428e-05
11583.000000 8.061325e-01 8.400797e-01 2.105341e-01 7.251964e-01 2.261840e-05 -4.285811e-05 4.514035e-05 4.529678e-05
11583.200000 8.066987e-01 8.409254e-01 2.119274e-01 7.246463e-01 2.466084e-05 -4.135585e-05 4.636057e-05 5.656429e-05
11583.400000 8.070775e-01 8.414724e-01 2.134056e-01 7.259417e-01 1.850802e-05 -4.639810e-05 4.004206e-05 4.491004e-05
11583.600000 8.041666e-01 8.385896e-01 2.138775e-01 7.214702e-01 1.527064e-05 -5.136788e-05 4.303967e-05 3.967836e-05
11583.800000 8.063416e-01 8.411908e-01 2.159311e-01 7.225706e-01 1.704209e-05 -4.367384e-05 4.322115e-05 5.430557e-05
11584.000000 8.062023e-01 8.412481e-01 2.170266e-01 7.223327e-01 2.543894e-05 -4.186852e-05 3.610882e-05 6.213099e-05
11584.200000 8.007802e-01 8.357077e-01 2.166383e-01 7.183266e-01 2.403226e-05 -3.961009e-05 3.900722e-05 5.523450e-05
11584.400000 8.072033e-01 8.428640e-01 2.193805e-01 7.227695e-01 3.120265e-05 -3.801687e-05 3.423562e-05 5.281365e-05
11584.600000 8.053890e-01 8.409197e-01 2.199630e-01 7.198320e-01 3.772300e-05 -3.300877e-05 3.685755e-05 5.212376e-05
11584.800000 8.074576e-01 8.433798e-01 2.214502e-01 7.209236e-01 3.808580e-05 -3.200396e-05 3.345733e-05 4.112271e-05
11585.000000 8.035614e-01 8.394175e-01 2.210644e-01 7.179092e-01 4.096258e-05 -2.763722e-05 3.614970e-05 5.574764e-05
11585.200000 8.040125e-01 8.400429e-01 2.218607e-01 7.156751e-01 3.051745e-05 -3.113458e-05 2.989595e-05 4.424247e-05
11585.400000 8.073260e-01 8.436824e-01 2.231082e-01 7.207569e-01 3.491705e-05 -3.080466e-05 3.580084e-05 4.933587e-05
11585.600000 8.028959e-01 8.390251e-01 2.222281e-01 7.136945e-01 3.402592e-05 -4.006125e-05 2.841355e-05 5.658190e-05
11585.800000 8.089125e-01 8.454429e-01 2.240395e-01 7.182212e-01 2.945251e-05 -3.918762e-05 3.342368e-05 5.908005e-05
11586.000000 8.072354e-01 8.438653e-01 2.239818e-01 7.166833e-01 3.139272e-05 -4.352984e-05 4.387500e-05 6.206378e-05
11586.200000 8.039927e-01 8.405485e-01 2.233257e-01 7.140920e-01 2.900023e-05 -4.755013e-05 5.196162e-05 5.934674e-05
11586.400000 8.037362e-01 8.403570e-01 2.235459e-01 7.169513e-01 3.060376e-05 -4.641700e-05 5.725243e-05 5.897590e-05
11586.600000 8.062877e-01 8.429878e-01 2.241734e-01 7.148171e-01 2.634031e-05 -4.078270e-05 5.931657e-05 6.176864e-05
11586.800000 8.018953e-01 8.386707e-01 2.227812e-01 7.139394e-01 3.593544e-05 -4.351664e-05 3.335213e-05 5.382724e-05
11587.000000 8.016890e-01 8.385884e-01 2.227743e-01 7.118661e-01 3.109212e-05 -5.605323e-05 3.372765e-05 4.360114e-05
11587.200000 8.034033e-01 8.403613e-01 2.233462e-01 7.141445e-01 2.259852e-05 -5.464921e-05 3.464365e-05 5.064070e-05
11587.400000 8.057404e-01 8.427373e-01 2.237410e-01 7.166910e-01 2.658133e-05 -3.889042e-05 2.858286e-05 5.457098e-05
11587.600000 8.045917e-01 8.412835e-01 2.233630e-01 7.165469e-01 2.823290e-05 -3.865570e-05 3.238113e-05 6.799889e-05
11587.800000 8.022045e-01 8.389343e-01 2.225129e-01 7.171530e-01 2.364092e-05 -4.457887e-05 2.236065e-05 6.210162e-05
11588.000000 8.084093e-01 8.455951e-01 2.237093e-01 7.212855e-01 2.331380e-05 -5.166485e-05 3.324436e-05 6.183056e-05
11588.200000 8.007526e-01 8.376280e-01 2.213532e-01 7.148355e-01 2.388805e-05 -5.115926e-05 2.583581e-05 5.681011e-05
11588.400000 8.061885e-01 8.432629e-01 2.221889e-01 7.219094e-01 2.268806e-05 -5.256318e-05 3.901252e-05 7.427684e-05
11588.600000 8.050330e-01 8.419614e-01 2.214702e-01 7.171783e-01 2.498932e-05 -5.648913e-05 3.524780e-05 7.888971e-05
11588.800000 8.043047e-01 8.409856e-01 2.207177e-01 7.166820e-01 3.433793e-05 -5.816210e-05 3.114178e-05 7.895501e-05
11589.000000 8.028008e-01 8.393271e-01 2.192407e-01 7.195601e-01 3.082714e-05 -5.533966e-05 2.581040e-05 7.817329e-05
11589.200000 8.028187e-01 8.394322e-01 2.188248e-01 7.216038e-01 2.261580e-05 -5.405528e-05 2.573901e-05 6.520555e-05
11589.400000 8.074587e-01 8.442764e-01 2.193016e-01 7.266138e-01 3.267246e-05 -5.676520e-05 3.373066e-05 4.916670e-05
11589.600000 8.021965e-01 8.386483e-01 2.167452e-01 7.199685e-01 2.444290e-05 -5.685486e-05 3.957720e-05 6.500184e-05
11589.800000 8.040852e-01 8.407482e-01 2.160556e-01 7.247437e-01 2.693859e-05 -6.167260e-05 3.875421e-05 7.256584e-05
11590.000000 8.053680e-01 8.419446e-01 2.153547e-01 7.300146e-01 2.244687e-05 -6.171284e-05 3.945956e-05 6.502500e-05
11590.200000 8.057351e-01 8.420965e-01 2.143525e-01 7.281978e-01 3.098802e-05 -5.639243e-05 4.696394e-05 5.841278e-05
11590.400000 8.050875e-01 8.413865e-01 2.124510e-01 7.320297e-01 3.380380e-05 -5.067867e-05 3.635639e-05 5.962659e-05
11590.600000 8.036074e-01 8.398225e-01 2.109554e-01 7.264726e-01 3.265250e-05 -5.696627e-05 3.865849e-05 5.924376e-05
11590.800000 8.069453e-01 8.429752e-01 2.102771e-01 7.328821e-01 3.376561e-05 -5.216236e-05 2.673124e-05 6.666253e-05
11591.000000 7.988881e-01 8.344415e-01 2.067505e-01 7.255628e-01 3.725249e-05 -5.621910e-05 3.191571e-05 7.200879e-05
11591.200000 8.091361e-01 8.451287e-01 2.077939e-01 7.383648e-01 3.172919e-05 -6.396623e-05 2.485191e-05 6.420644e-05
11591.400000 7.971500e-01 8.323251e-01 2.031551e-01 7.259307e-01 4.070883e-05 -6.760848e-05 2.562407e-05 8.048364e-05
11591.600000 8.075687e-01 8.428987e-01 2.042338e-01 7.382955e-01 5.498950e-05 -5.858911e-05 3.814968e-05 7.917738e-05
11591.800000 7.945532e-01 8.295405e-01 1.992350e-01 7.298160e-01 5.549574e-05 -5.434448e-05 3.976884e-05 6.852646e-05
11592.000000 8.090336e-01 8.444105e-01 2.012894e-01 7.431260e-01 5.408416e-05 -5.729354e-05 4.067397e-05 7.098618e-05
11592.200000 8.037751e-01 8.387601e-01 1.982828e-01 7.402677e-01 4.913347e-05 -6.280640e-05 4.209942e-05 7.899366e-05
11592.400000 8.002364e-01 8.349291e-01 1.961436e-01 7.381308e-01 4.716680e-05 -6.670311e-05 4.867647e-05 8.093992e-05
11592.600000 8.076210e-01 8.424577e-01 1.961454e-01 7.474073e-01 4.650498e-05 -6.561754e-05 4.479178e-05 7.384106e-05
11592.800000 8.046479e-01 8.392790e-01 1.939444e-01 7.440349e-01 5.763724e-05 -6.312005e-05 4.126231e-05 7.998775e-05
11593.000000 7.997763e-01 8.342127e-01 1.916413e-01 7.395924e-01 5.792083e-05 -5.731603e-05 4.142413e-05 8.176943e-05
11593.200000 8.053954e-01 8.398277e-01 1.916447e-01 7.515900e-01 6.019471e-05 -6.035631e-05 4.627328e-05 8.057664e-05
11593.400000 8.025648e-01 8.369459e-01 1.899943e-01 7.464933e-01 5.732109e-05 -5.591666e-05 4.339666e-05 7.666251e-05
11593.600000 7.948817e-01 8.288559e-01 1.866820e-01 7.389732e-01 7.296005e-05 -6.603404e-05 3.437382e-05 7.577544e-05
11593.800000 8.043940e-01 8.385735e-01 1.880637e-01 7.524834e-01 6.411200e-05 -6.242060e-05 1.785023e-05 8.899228e-05
11594.000000 8.055417e-01 8.398463e-01 1.879734e-01 7.531212e-01 6.861675e-05 -6.007251e-05 1.092044e-05 6.945335e-05
11594.200000 8.008289e-01 8.346356e-01 1.862271e-01 7.456612e-01 5.675699e-05 -5.897634e-05 1.565257e-05 7.706360e-05
11594.400000 8.028354e-01 8.369956e-01 1.860906e-01 7.493518e-01 4.463003e-05 -5.615658e-05 1.908828e-05 7.584479e-05
11594.600000 7.936835e-01 8.273152e-01 1.836989e-01 7.414012e-01 4.891048e-05 -5.583001e-05 1.406041e-05 5.663974e-05
11594.800000 8.028142e-01 8.369208e-01 1.856975e-01 7.494642e-01 3.958342e-05 -5.748825e-05 3.288272e-05 6.384040e-05
11595.000000 8.050243e-01 8.393864e-01 1.863165e-01 7.527132e-01 4.587804e-05 -5.748892e-05 2.972826e-05 6.486823e-05
11595.200000 8.033030e-01 8.378858e-01 1.859153e-01 7.497971e-01 4.076454e-05 -5.094051e-05 2.877527e-05 7.031307e-05
11595.400000 7.984532e-01 8.324163e-01 1.847881e-01 7.442258e-01 3.599298e-05 -4.511122e-05 3.363184e-05 7.580658e-05
11595.600000 8.040496e-01 8.384063e-01 1.864722e-01 7.504848e-01 2.215302e-05 -5.718181e-05 4.101950e-05 8.186713e-05
11595.800000 8.077785e-01 8.425649e-01 1.877841e-01 7.591072e-01 2.596216e-05 -6.231382e-05 2.777039e-05 8.318471e-05
11596.000000 8.021206e-01 8.368431e-01 1.873037e-01 7.525092e-01 3.500792e-05 -6.301675e-05 1.892029e-05 7.522260e-05
11596.200000 7.983032e-01 8.330153e-01 1.869731e-01 7.426946e-01 3.582700e-05 -5.511496e-05 2.371495e-05 6.697390e-05
11596.400000 8.020590e-01 8.370499e-01 1.885682e-01 7.468569e-01 4.850264e-05 -5.645756e-05 1.833123e-05 7.264140e-05
11596.600000 8.046022e-01 8.399826e-01 1.901383e-01 7.517000e-01 3.163627e-05 -6.350887e-05 1.261362e-05 7.311030e-05
11596.800000 8.015579e-01 8.369246e-01 1.903591e-01 7.475774e-01 4.054895e-05 -6.465070e-05 1.336246e-05 8.137278e-05
11597.000000 8.018599e-01 8.373513e-01 1.913037e-01 7.474588e-01 3.421170e-05 -6.686359e-05 9.860982e-06 8.072849e-05
11597.700000 8.030192e-01 8.394177e-01 1.951925e-01 7.450538e-01 2.901491e-05 -6.527293e-05 2.095591e-05 8.111765e-05
11598.400000 8.038657e-01 8.410191e-01 1.991027e-01 7.406048e-01 3.036317e-05 -6.554454e-05 2.898291e-05 8.792179e-05
11599.100000 8.004248e-01 8.380511e-01 2.017130e-01 7.366800e-01 3.446938e-05 -5.818748e-05 1.672266e-05 8.824426e-05
11599.800000 8.020926e-01 8.406160e-01 2.051545e-01 7.349103e-01 2.737040e-05 -4.787294e-05 1.417241e-05 8.529017e-05
11600.500000 8.019002e-01 8.411427e-01 2.076144e-01 7.293205e-01 3.094476e-05 -5.081480e-05 2.081313e-05 7.474856e-05
11601.200000 8.011474e-01 8.407241e-01 2.093388e-01 7.271094e-01 4.376346e-05 -5.910625e-05 1.644413e-05 7.006765e-05
11601.900000 8.014181e-01 8.418158e-01 2.109488e-01 7.281007e-01 4.603105e-05 -6.525439e-05 1.524480e-05 7.770757e-05
11602.600000 8.009611e-01 8.418914e-01 2.119612e-01 7.257444e-01 4.379920e-05 -6.640880e-05 2.576534e-05 8.610285e-05
11603.300000 8.003934e-01 8.418249e-01 2.129904e-01 7.227064e-01 4.304816e-05 -5.938593e-05 4.017073e-05 7.958075e-05
11604.993695 8.014127e-01 8.441060e-01 2.166882e-01 7.202718e-01 4.376493e-05 -5.072265e-05 3.459392e-05 7.180571e-05
11605.999583 8.009076e-01 8.441642e-01 2.191979e-01 7.192953e-01 3.513745e-05 -5.076745e-05 3.830709e-05 6.388192e-05
11607.017662 8.002435e-01 8.439150e-01 2.213025e-01 7.176506e-01 3.541406e-05 -6.035160e-05 3.665785e-05 8.180612e-05
11608.047933 8.004759e-01 8.445941e-01 2.228353e-01 7.167714e-01 3.750792e-05 -6.551836e-05 3.227117e-05 9.642613e-05
11609.090396 8.007736e-01 8.450890e-01 2.230360e-01 7.182075e-01 2.261592e-05 -6.947508e-05 3.157319e-05 8.803262e-05
11610.145051 8.002418e-01 8.447059e-01 2.216886e-01 7.201367e-01 2.782679e-05 -6.127359e-05 3.946619e-05 7.994515e-05
11611.211898 7.993432e-01 8.435680e-01 2.189202e-01 7.229878e-01 3.270734e-05 -7.099913e-05 3.351570e-05 7.017788e-05
11612.290937 7.991165e-01 8.432129e-01 2.155443e-01 7.270510e-01 2.407980e-05 -6.239991e-05 2.801762e-05 6.840816e-05
11613.382167 7.991796e-01 8.430437e-01 2.117870e-01 7.316954e-01 2.254301e-05 -5.179587e-05 3.063272e-05 6.235331e-05
11614.485590 7.994833e-01 8.432034e-01 2.079518e-01 7.361091e-01 2.833017e-05 -6.209350e-05 3.042775e-05 6.620182e-05
11615.601204 7.993750e-01 8.427501e-01 2.040049e-01 7.409189e-01 3.036170e-05 -5.494809e-05 2.867138e-05 7.086757e-05
11616.729011 7.982097e-01 8.411522e-01 1.998256e-01 7.443927e-01 3.146693e-05 -5.358066e-05 2.596994e-05 7.136220e-05
11617.869009 7.979332e-01 8.406894e-01 1.966165e-01 7.484613e-01 3.191750e-05 -6.009408e-05 1.545316e-05 7.365593e-05
11619.021199 7.968829e-01 8.396035e-01 1.940167e-01 7.495486e-01 3.452591e-05 -5.505649e-05 1.772255e-05 7.502539e-05
11620.185582 7.973839e-01 8.401747e-01 1.929994e-01 7.520017e-01 4.523562e-05 -5.348166e-05 1.174556e-05 7.229401e-05
11621.362156 7.970201e-01 8.401053e-01 1.930483e-01 7.510683e-01 3.634870e-05 -5.090092e-05 2.042746e-05 7.346365e-05
11622.550922 7.957659e-01 8.391951e-01 1.937901e-01 7.532066e-01 2.916747e-05 -4.800327e-05 2.314049e-05 7.477177e-05
11623.751879 7.960626e-01 8.401407e-01 1.955400e-01 7.531117e-01 2.819104e-05 -5.496728e-05 2.362368e-05 7.078096e-05
11624.965029 7.966425e-01 8.413702e-01 1.975904e-01 7.535117e-01 3.778674e-05 -6.453279e-05 3.090814e-05 6.563332e-05
11626.190371 7.957480e-01 8.412223e-01 1.993075e-01 7.494916e-01 3.462240e-05 -6.435125e-05 4.085670e-05 6.839545e-05
11627.427904 7.968588e-01 8.432037e-01 2.014735e-01 7.477086e-01 3.767645e-05 -6.418957e-05 3.683419e-05 6.569279e-05
11628.677630 7.965963e-01 8.437337e-01 2.034229e-01 7.445710e-01 3.518189e-05 -6.016010e-05 3.587410e-05 7.407962e-05
11629.939547 7.958945e-01 8.437430e-01 2.050574e-01 7.427029e-01 2.534491e-05 -5.797312e-05 3.087646e-05 6.836692e-05
11631.213657 7.943182e-01 8.429488e-01 2.063118e-01 7.410009e-01 1.472759e-05 -5.266683e-05 2.620349e-05 5.331321e-05
11632.499958 7.954650e-01 8.449988e-01 2.079802e-01 7.393268e-01 1.946405e-05 -5.880498e-05 3.148579e-05 5.650787e-05
11633.798451 7.951771e-01 8.456133e-01 2.091481e-01 7.358218e-01 3.320630e-05 -5.812729e-05 2.980437e-05 5.990463e-05
11635.109136 7.938451e-01 8.449664e-01 2.100527e-01 7.327584e-01 3.466556e-05 -4.232100e-05 2.812554e-05 6.851502e-05
11636.432013 7.938500e-01 8.457843e-01 2.119195e-01 7.311080e-01 2.502065e-05 -4.698256e-05 3.438706e-05 5.506582e-05
11637.767082 7.949675e-01 8.480159e-01 2.147691e-01 7.315412e-01 2.724203e-05 -4.886258e-05 3.008031e-05 5.868509e-05
11639.114342 7.951986e-01 8.491693e-01 2.175902e-01 7.290506e-01 2.991127e-05 -5.529907e-05 3.819941e-05 6.978797e-05
11640.473795 7.948726e-01 8.496888e-01 2.204182e-01 7.251761e-01 2.887523e-05 -4.753858e-05 3.361270e-05 6.808894e-05
11641.845440 7.951281e-01 8.508280e-01 2.234036e-01 7.249556e-01 2.344156e-05 -4.532134e-05 3.592410e-05 7.012194e-05
11643.229276 7.933560e-01 8.498074e-01 2.256164e-01 7.220449e-01 2.086683e-05 -4.006099e-05 3.799036e-05 6.293558e-05
11644.625305 7.932997e-01 8.504969e-01 2.276683e-01 7.192197e-01 1.490136e-05 -3.340481e-05 3.859922e-05 6.268120e-05
11646.033525 7.936376e-01 8.516663e-01 2.293979e-01 7.198982e-01 1.515321e-05 -2.896767e-05 4.154745e-05 5.705988e-05
11647.453937 7.930582e-01 8.516561e-01 2.303404e-01 7.164250e-01 2.430294e-05 -3.347080e-05 4.513264e-05 5.250143e-05
11648.886541 7.924565e-01 8.517043e-01 2.308686e-01 7.154411e-01 2.055060e-05 -3.574037e-05 4.394108e-05 5.763940e-05
11650.331337 7.918320e-01 8.516153e-01 2.308934e-01 7.162632e-01 2.274764e-05 -3.615674e-05 3.852731e-05 5.839169e-05
11651.788325 7.914843e-01 8.516695e-01 2.302346e-01 7.156506e-01 2.770995e-05 -3.854761e-05 3.297951e-05 6.178025e-05
11653.257505 7.920599e-01 8.527939e-01 2.291142e-01 7.192554e-01 2.311916e-05 -3.784394e-05 3.149459e-05 6.815394e-05
11654.738877 7.910482e-01 8.519374e-01 2.266635e-01 7.180486e-01 1.492682e-05 -3.446094e-05 1.884371e-05 6.595131e-05
11656.232440 7.892573e-01 8.503521e-01 2.235473e-01 7.191987e-01 1.614281e-05 -3.900048e-05 1.541343e-05 6.606676e-05
11657.738196 7.870634e-01 8.482211e-01 2.204871e-01 7.192705e-01 1.839755e-05 -3.596373e-05 2.834023e-05 7.765554e-05
11659.256143 7.877472e-01 8.492186e-01 2.182957e-01 7.218845e-01 7.879630e-06 -3.942322e-05 2.313168e-05 7.125869e-05
11660.786283 7.899224e-01 8.520022e-01 2.168759e-01 7.270227e-01 8.868258e-06 -3.709703e-05 3.165421e-05 7.645116e-05
11662.328614 7.900413e-01 8.524304e-01 2.156345e-01 7.279925e-01 4.704205e-06 -2.425700e-05 2.400644e-05 6.485447e-05
11663.883137 7.898496e-01 8.526576e-01 2.147831e-01 7.299894e-01 1.066679e-06 -1.122209e-05 2.310794e-05 6.587476e-05
11665.449852 7.892930e-01 8.525937e-01 2.145032e-01 7.298627e-01 1.629154e-05 -2.325249e-05 3.212418e-05 6.426861e-05
11667.028759 7.870430e-01 8.506585e-01 2.144733e-01 7.287319e-01 2.919514e-05 -2.427421e-05 2.148325e-05 5.260109e-05
11668.619858 7.888896e-01 8.532380e-01 2.155494e-01 7.308773e-01 2.324735e-05 -2.764276e-05 3.029956e-05 7.017193e-05
11670.223149 7.876435e-01 8.524174e-01 2.158354e-01 7.306377e-01 1.741837e-05 -3.189982e-05 4.734753e-05 7.076484e-05
11671.838632 7.854094e-01 8.504713e-01 2.161225e-01 7.278644e-01 2.163618e-05 -4.047402e-05 4.860761e-05 7.085050e-05
11673.466307 7.867901e-01 8.527448e-01 2.175159e-01 7.293081e-01 1.528847e-05 -4.242812e-05 4.248331e-05 7.667183e-05
11675.106173 7.870225e-01 8.536754e-01 2.184975e-01 7.302888e-01 4.993714e-06 -3.616912e-05 5.326874e-05 8.132548e-05
11676.758232 7.861813e-01 8.533396e-01 2.191770e-01 7.307415e-01 2.326483e-06 -3.299349e-05 5.840776e-05 7.985176e-05
11678.422482 7.876644e-01 8.556639e-01 2.201601e-01 7.333676e-01 1.159641e-05 -4.033948e-05 4.153983e-05 7.848804e-05
11680.098924 7.850989e-01 8.534663e-01 2.195622e-01 7.293965e-01 1.687040e-05 -3.190988e-05 3.425503e-05 7.653984e-05
11681.787558 7.849450e-01 8.539141e-01 2.192981e-01 7.298911e-01 1.731658e-05 -2.952239e-05 4.285899e-05 5.949031e-05
11683.488385 7.850099e-01 8.544198e-01 2.186989e-01 7.312657e-01 1.841015e-05 -4.101600e-05 3.003339e-05 3.119020e-05
11685.201403 7.850805e-01 8.551924e-01 2.181829e-01 7.310729e-01 2.229640e-05 -3.870563e-05 1.391910e-05 6.888995e-05
11686.926613 7.848462e-01 8.555885e-01 2.174940e-01 7.322243e-01 2.985104e-05 -3.184366e-05 2.659915e-05 7.998220e-05
11688.664014 7.856896e-01 8.571345e-01 2.173279e-01 7.346672e-01 2.964159e-05 -2.853952e-05 3.347831e-05 8.077228e-05
11690.413608 7.848250e-01 8.569349e-01 2.175083e-01 7.311806e-01 2.659846e-05 -3.100731e-05 3.079411e-05 6.712520e-05
11692.175394 7.851370e-01 8.581223e-01 2.184355e-01 7.321098e-01 2.245090e-05 -3.621690e-05 2.756030e-05 7.541442e-05
11693.949371 7.845643e-01 8.581149e-01 2.197008e-01 7.290320e-01 3.207750e-05 -3.556299e-05 1.889350e-05 6.767640e-05
11695.735541 7.846614e-01 8.592115e-01 2.217907e-01 7.302963e-01 2.695047e-05 -3.102380e-05 2.016159e-05 5.688064e-05
11697.533902 7.847844e-01 8.603062e-01 2.245761e-01 7.288500e-01 3.016681e-05 -2.539844e-05 1.450506e-05 5.496470e-05
11699.344455 7.836866e-01 8.600118e-01 2.274949e-01 7.277723e-01 2.002314e-05 -2.969140e-05 1.226861e-05 5.996490e-05
11701.167201 7.832926e-01 8.605713e-01 2.305339e-01 7.242052e-01 1.957273e-05 -2.294358e-05 1.361715e-05 6.210657e-05
11703.002138 7.806641e-01 8.586356e-01 2.328767e-01 7.209158e-01 1.832757e-05 -3.492696e-05 2.319730e-05 5.864998e-05
11704.849267 7.817912e-01 8.607155e-01 2.359190e-01 7.242777e-01 2.133532e-05 -3.938374e-05 1.034542e-05 4.054264e-05
11706.708588 7.835666e-01 8.635058e-01 2.384522e-01 7.220523e-01 2.657711e-05 -3.282677e-05 2.341362e-05 5.858179e-05
11708.580100 7.828620e-01 8.635578e-01 2.393146e-01 7.226790e-01 2.416575e-05 -4.304157e-05 2.425392e-05 6.206747e-05
11710.463805 7.806572e-01 8.617813e-01 2.388397e-01 7.213652e-01 1.639783e-05 -4.161213e-05 2.825405e-05 7.038403e-05
11712.359702 7.771339e-01 8.586536e-01 2.371984e-01 7.187211e-01 2.357801e-05 -4.351874e-05 1.654285e-05 7.535211e-05
11714.267790 7.787434e-01 8.609435e-01 2.369054e-01 7.203057e-01 2.446766e-05 -5.038946e-05 1.779631e-05 7.541006e-05
11716.188071 7.791141e-01 8.619443e-01 2.356915e-01 7.208563e-01 2.629045e-05 -5.660205e-05 2.076694e-05 8.060650e-05
11718.120543 7.794083e-01 8.626595e-01 2.343784e-01 7.231283e-01 2.477371e-05 -5.602227e-05 3.140257e-05 7.906641e-05
11720.065207 7.787181e-01 8.626242e-01 2.325930e-01 7.242613e-01 2.931768e-05 -4.447140e-05 3.891260e-05 7.953856e-05
11722.022064 7.783354e-01 8.627351e-01 2.311719e-01 7.249301e-01 3.421830e-05 -3.692951e-05 3.816001e-05 8.412881e-05
11723.991112 7.780475e-01 8.630248e-01 2.299937e-01 7.279896e-01 3.279961e-05 -3.234910e-05 2.982993e-05 7.740220e-05
11725.972352 7.779192e-01 8.634064e-01 2.290778e-01 7.289387e-01 2.598304e-05 -2.812613e-05 2.637211e-05 7.524969e-05
11727.965784 7.775587e-01 8.637392e-01 2.281143e-01 7.305972e-01 2.038401e-05 -2.938492e-05 1.593812e-05 7.486484e-05
11729.971407 7.766597e-01 8.632538e-01 2.274489e-01 7.306428e-01 1.168101e-05 -3.309814e-05 1.795750e-05 6.786350e-05
11731.989223 7.758570e-01 8.630187e-01 2.266609e-01 7.299158e-01 -3.667788e-06 -2.992903e-05 2.281786e-05 6.271522e-05
11734.019231 7.764842e-01 8.645093e-01 2.268111e-01 7.315288e-01 -5.056702e-06 -2.906346e-05 2.037252e-05 6.091557e-05
11736.061430 7.760443e-01 8.645337e-01 2.268060e-01 7.312257e-01 1.672604e-05 -3.301602e-05 2.312894e-05 6.537325e-05
11738.115822 7.753089e-01 8.645308e-01 2.272376e-01 7.320911e-01 2.378592e-05 -4.032939e-05 3.252453e-05 7.527336e-05
11740.182405 7.747395e-01 8.646963e-01 2.277338e-01 7.330425e-01 1.812453e-05 -3.746959e-05 3.848675e-05 7.800466e-05
11742.261180 7.721697e-01 8.625214e-01 2.276606e-01 7.290397e-01 2.276956e-05 -3.537393e-05 3.653666e-05 8.374493e-05
11744.352148 7.705183e-01 8.614475e-01 2.275020e-01 7.293327e-01 3.014697e-05 -3.005841e-05 3.118325e-05 7.353807e-05
11746.455307 7.725559e-01 8.644921e-01 2.282548e-01 7.312577e-01 1.759844e-05 -2.292826e-05 3.246545e-05 7.848340e-05
11748.570658 7.727733e-01 8.655359e-01 2.278583e-01 7.348638e-01 1.363864e-05 -2.975356e-05 3.994241e-05 8.267033e-05
11750.698201 7.723183e-01 8.657674e-01 2.269607e-01 7.315641e-01 1.407053e-05 -2.435953e-05 2.081297e-05 8.430114e-05
11752.837935 7.717103e-01 8.658694e-01 2.260780e-01 7.294269e-01 1.861407e-05 -3.488686e-05 1.189075e-05 6.930738e-05
11754.989862 7.716409e-01 8.667744e-01 2.258271e-01 7.308975e-01 1.855879e-05 -3.734205e-05 1.110348e-05 7.428946e-05
11757.153981 7.712962e-01 8.672928e-01 2.263328e-01 7.307639e-01 1.711020e-05 -3.215135e-05 1.503606e-05 6.878136e-05
11759.330291 7.697131e-01 8.664576e-01 2.271995e-01 7.288873e-01 4.651501e-06 -4.152556e-05 1.694707e-05 7.883339e-05
11761.518794 7.678967e-01 8.653618e-01 2.294286e-01 7.262141e-01 7.113773e-06 -4.115321e-05 1.978412e-05 7.513721e-05
11763.719488 7.682942e-01 8.669077e-01 2.329460e-01 7.258572e-01 5.922483e-06 -3.965695e-05 2.056568e-05 7.369939e-05
11765.932374 7.700724e-01 8.701044e-01 2.369271e-01 7.265188e-01 -1.821834e-06 -4.496492e-05 3.300475e-05 7.167769e-05
11768.157453 7.700816e-01 8.710928e-01 2.399702e-01 7.258430e-01 -2.926616e-07 -4.842674e-05 2.262829e-05 7.770291e-05
11770.394723 7.696827e-01 8.716951e-01 2.422135e-01 7.236200e-01 7.405609e-06 -5.110185e-05 1.158622e-05 7.732378e-05
11772.644185 7.692391e-01 8.722958e-01 2.441376e-01 7.237958e-01 7.428391e-06 -5.573108e-05 2.442480e-05 7.142376e-05
11774.905838 7.687199e-01 8.727627e-01 2.454160e-01 7.224923e-01 1.748236e-05 -5.176112e-05 1.810876e-05 6.868769e-05
11777.179684 7.678828e-01 8.727314e-01 2.463130e-01 7.220813e-01 1.834518e-05 -5.736804e-05 2.340004e-05 7.811691e-05
11779.465722 7.673789e-01 8.730274e-01 2.472848e-01 7.198074e-01 1.898654e-05 -5.250200e-05 2.851938e-05 7.800899e-05
11781.763952 7.671626e-01 8.737402e-01 2.478791e-01 7.219778e-01 1.528209e-05 -4.276240e-05 2.961949e-05 7.473065e-05
11784.074373 7.665057e-01 8.737392e-01 2.480178e-01 7.201638e-01 1.211866e-05 -4.779326e-05 2.989672e-05 8.197695e-05
11786.396987 7.664043e-01 8.745232e-01 2.485229e-01 7.211236e-01 2.265488e-05 -4.484312e-05 2.981932e-05 7.440762e-05
11788.731792 7.650692e-01 8.737869e-01 2.483541e-01 7.202657e-01 1.586250e-05 -4.652858e-05 2.889260e-05 7.883246e-05
11791.078789 7.645892e-01 8.740708e-01 2.484835e-01 7.216417e-01 2.085699e-05 -4.839203e-05 3.852929e-05 8.534190e-05
11793.437978 7.654951e-01 8.758320e-01 2.487887e-01 7.242672e-01 2.289110e-05 -6.060541e-05 3.301710e-05 7.642866e-05
11795.809359 7.606157e-01 8.709168e-01 2.467423e-01 7.189399e-01 1.944300e-05 -5.177721e-05 2.454455e-05 7.152429e-05
11798.192932 7.603813e-01 8.714541e-01 2.459658e-01 7.189324e-01 1.500170e-05 -4.824853e-05 3.051339e-05 6.413387e-05
11800.588697 7.629748e-01 8.751163e-01 2.457141e-01 7.241304e-01 1.073391e-05 -4.652926e-05 3.358639e-05 6.493278e-05
11802.996654 7.634150e-01 8.764905e-01 2.443954e-01 7.267864e-01 1.551036e-05 -5.435500e-05 3.737411e-05 6.073714e-05
11805.416803 7.641243e-01 8.780624e-01 2.427361e-01 7.291023e-01 1.070413e-05 -4.186801e-05 3.040016e-05 5.611662e-05
11807.849143 7.634524e-01 8.780798e-01 2.407807e-01 7.288358e-01 8.809691e-06 -3.918501e-05 2.981431e-05 5.895449e-05
11810.293676 7.609242e-01 8.758831e-01 2.383062e-01 7.288417e-01 3.950019e-06 -4.034064e-05 2.854490e-05 5.117630e-05
11812.750400 7.609909e-01 8.768061e-01 2.372656e-01 7.302493e-01 1.331064e-06 -4.801076e-05 3.301089e-05 5.382232e-05
11815.219317 7.603326e-01 8.768175e-01 2.365056e-01 7.294038e-01 8.488712e-06 -4.829672e-05 2.770113e-05 5.803044e-05
11817.700425 7.594145e-01 8.768633e-01 2.363093e-01 7.290957e-01 6.597369e-06 -4.727939e-05 3.614156e-05 6.375385e-05
11820.193725 7.608224e-01 8.794514e-01 2.376008e-01 7.302918e-01 6.230848e-06 -4.612991e-05 3.097798e-05 6.258726e-05
11822.699217 7.590184e-01 8.782797e-01 2.385690e-01 7.313786e-01 1.901842e-05 -4.146653e-05 3.844288e-05 6.543444e-05
11825.216901 7.598922e-01 8.803043e-01 2.407356e-01 7.315362e-01 1.846896e-05 -4.272590e-05 3.570208e-05 5.865819e-05
11827.746777 7.598325e-01 8.814717e-01 2.431849e-01 7.278938e-01 1.089622e-05 -3.449748e-05 2.850784e-05 5.769140e-05
11830.288845 7.588446e-01 8.814688e-01 2.457428e-01 7.264559e-01 1.246000e-05 -3.193226e-05 2.455064e-05 5.797442e-05
11832.843105 7.578174e-01 8.813845e-01 2.486499e-01 7.248541e-01 1.713381e-05 -3.614734e-05 2.411916e-05 4.838968e-05
11835.409556 7.565829e-01 8.812510e-01 2.517570e-01 7.221999e-01 1.456175e-05 -4.468087e-05 2.144177e-05 5.214117e-05
11837.988200 7.533961e-01 8.787332e-01 2.539181e-01 7.191311e-01 1.053861e-05 -4.719155e-05 2.280668e-05 5.540817e-05
11840.579035 7.518557e-01 8.779355e-01 2.558727e-01 7.180063e-01 7.278412e-06 -4.508694e-05 1.692846e-05 5.655175e-05
11843.182062 7.565627e-01 8.845236e-01 2.593517e-01 7.215835e-01 1.131402e-05 -5.074769e-05 3.351734e-05 6.946915e-05
11845.797282 7.564661e-01 8.856334e-01 2.605629e-01 7.213377e-01 1.864020e-06 -5.609826e-05 2.948357e-05 7.056047e-05
11848.424693 7.551938e-01 8.852109e-01 2.605511e-01 7.183029e-01 -9.222217e-06 -5.314629e-05 3.662362e-05 6.529816e-05
11851.064296 7.550197e-01 8.859906e-01 2.603789e-01 7.187300e-01 -1.025871e-05 -4.963804e-05 4.542224e-05 6.646782e-05
11853.716091 7.530582e-01 8.848637e-01 2.596582e-01 7.184294e-01 2.614108e-07 -4.517728e-05 3.428605e-05 6.465442e-05
11856.380078 7.553017e-01 8.886994e-01 2.603271e-01 7.223942e-01 -4.640335e-06 -4.358463e-05 3.415094e-05 5.911782e-05
11859.056256 7.554575e-01 8.898216e-01 2.607530e-01 7.214273e-01 -2.807668e-06 -5.354273e-05 2.846853e-05 6.416518e-05
11861.744627 7.548050e-01 8.900942e-01 2.616183e-01 7.204614e-01 5.730748e-06 -5.020470e-05 3.455672e-05 6.578850e-05
11864.445190 7.525102e-01 8.882924e-01 2.622748e-01 7.194668e-01 5.111285e-06 -4.019017e-05 2.156120e-05 6.795925e-05
11867.157944 7.536635e-01 8.907411e-01 2.642423e-01 7.192116e-01 3.365573e-06 -2.813647e-05 1.924105e-05 5.665467e-05
11869.882891 7.530112e-01 8.909890e-01 2.646833e-01 7.204881e-01 1.251562e-05 -3.076031e-05 2.191734e-05 7.227551e-05
11872.620029 7.531567e-01 8.920910e-01 2.651773e-01 7.210962e-01 1.927194e-05 -2.909474e-05 2.307141e-05 5.430180e-05
11875.369359 7.522027e-01 8.918171e-01 2.645426e-01 7.220797e-01 1.205331e-05 -2.978801e-05 3.407770e-05 5.485520e-05
11878.130881 7.526563e-01 8.935704e-01 2.639381e-01 7.235043e-01 1.082705e-05 -3.519567e-05 3.655288e-05 7.032940e-05
11880.904595 7.517543e-01 8.933468e-01 2.626984e-01 7.251332e-01 1.187254e-05 -4.537108e-05 2.693054e-05 7.050005e-05
11883.690501 7.504144e-01 8.925802e-01 2.613199e-01 7.237203e-01 2.983452e-06 -4.090365e-05 1.768519e-05 7.014532e-05
11886.488599 7.497273e-01 8.925882e-01 2.600372e-01 7.250967e-01 4.495721e-06 -3.023881e-05 9.479669e-06 7.473910e-05
11889.298889 7.486834e-01 8.924066e-01 2.587856e-01 7.228517e-01 4.359839e-06 -2.535425e-05 1.002570e-05 7.881214e-05
11892.121371 7.482934e-01 8.929031e-01 2.581022e-01 7.234701e-01 8.996649e-06 -3.315170e-05 2.037187e-05 8.998942e-05
11894.956044 7.440354e-01 8.889036e-01 2.564258e-01 7.207468e-01 1.132723e-05 -2.580795e-05 1.826576e-05 9.922439e-05
11897.802910 7.400490e-01 8.850789e-01 2.554962e-01 7.177105e-01 1.756748e-05 -3.754883e-05 1.505259e-05 8.422145e-05
11900.661967 7.458007e-01 8.931494e-01 2.587321e-01 7.231979e-01 1.865694e-05 -3.881597e-05 1.876220e-05 8.146064e-05
11903.533217 7.470079e-01 8.958011e-01 2.610073e-01 7.241874e-01 1.999692e-05 -4.428695e-05 3.649220e-05 7.724164e-05
11906.416658 7.464814e-01 8.964267e-01 2.634652e-01 7.228441e-01 1.027816e-05 -4.007549e-05 4.542248e-05 7.234275e-05
11909.312291 7.451626e-01 8.960033e-01 2.661591e-01 7.227320e-01 1.059312e-05 -4.375530e-05 3.965404e-05 7.185011e-05
11912.220116 7.455395e-01 8.978231e-01 2.695416e-01 7.224374e-01 1.511687e-05 -4.209980e-05 5.110258e-05 7.226721e-05
11915.140133 7.450008e-01 8.983032e-01 2.723530e-01 7.197828e-01 1.894653e-05 -5.173419e-05 4.370678e-05 6.852755e-05
11918.072342 7.446732e-01 8.992188e-01 2.747842e-01 7.204575e-01 1.389204e-05 -5.069497e-05 3.298182e-05 5.867154e-05
11921.016743 7.375943e-01 8.918320e-01 2.738250e-01 7.145218e-01 2.273754e-05 -4.983038e-05 2.144178e-05 6.505824e-05
11923.973335 7.377830e-01 8.930590e-01 2.751049e-01 7.138720e-01 1.360544e-05 -5.114196e-05 2.012321e-05 6.301686e-05
11926.942120 7.415937e-01 8.991599e-01 2.773499e-01 7.186037e-01 1.504956e-05 -5.255128e-05 3.140133e-05 6.581978e-05
11929.923096 7.421834e-01 9.009671e-01 2.779403e-01 7.182748e-01 1.398898e-05 -4.419084e-05 2.931187e-05 7.243242e-05
11932.916265 7.413069e-01 9.009619e-01 2.780682e-01 7.166262e-01 1.334342e-05 -4.199467e-05 2.722761e-05 7.972287e-05
11935.921625 7.412404e-01 9.020964e-01 2.782386e-01 7.180936e-01 7.449774e-06 -5.324687e-05 2.479395e-05 7.415585e-05
11938.939177 7.408868e-01 9.028039e-01 2.783716e-01 7.172863e-01 1.115158e-05 -6.006906e-05 2.582642e-05 7.917878e-05
11941.968921 7.402526e-01 9.030563e-01 2.786155e-01 7.176797e-01 1.128010e-05 -5.802794e-05 1.781365e-05 7.218929e-05
11945.010858 7.409397e-01 9.050733e-01 2.794620e-01 7.196192e-01 2.524073e-05 -5.121152e-05 1.919329e-05 6.138099e-05
11948.064985 7.398327e-01 9.050604e-01 2.803532e-01 7.172780e-01 2.978004e-05 -5.068465e-05 1.757386e-05 6.232122e-05
11951.131305 7.393944e-01 9.057273e-01 2.816496e-01 7.185438e-01 2.475215e-05 -5.040764e-05 2.010895e-05 5.377955e-05
11954.209817 7.387259e-01 9.062171e-01 2.828639e-01 7.181636e-01 1.662269e-05 -4.895488e-05 2.873803e-05 5.667827e-05
11957.300521 7.387707e-01 9.074363e-01 2.841678e-01 7.180809e-01 2.274194e-05 -4.595311e-05 2.600052e-05 6.052240e-05
11960.403416 7.379894e-01 9.074834e-01 2.844530e-01 7.178742e-01 2.360442e-05 -4.809275e-05 2.765078e-05 6.810828e-05
11963.518504 7.370712e-01 9.075581e-01 2.842713e-01 7.179503e-01 2.049210e-05 -4.959982e-05 3.160895e-05 6.514946e-05
11966.645783 7.368484e-01 9.083356e-01 2.838282e-01 7.200457e-01 1.549582e-05 -4.234579e-05 2.060902e-05 6.208297e-05
11969.785255 7.363943e-01 9.088073e-01 2.833312e-01 7.200920e-01 1.304905e-05 -4.312810e-05 2.468468e-05 5.699972e-05
11972.936918 7.352503e-01 9.085277e-01 2.827964e-01 7.176582e-01 1.243770e-05 -5.838286e-05 2.632879e-05 5.590747e-05
11976.100773 7.345875e-01 9.089281e-01 2.826845e-01 7.188630e-01 1.433770e-05 -6.200892e-05 3.588779e-05 5.899337e-05
11979.276820 7.348842e-01 9.107626e-01 2.834274e-01 7.207791e-01 1.362287e-05 -5.617145e-05 3.871281e-05 5.548742e-05
11982.465059 7.344685e-01 9.113309e-01 2.836839e-01 7.199386e-01 1.835854e-05 -4.845439e-05 2.452335e-05 7.336004e-05
11985.665490 7.332349e-01 9.111507e-01 2.836870e-01 7.203028e-01 1.844156e-05 -4.623348e-05 3.730300e-05 7.416363e-05
11988.878112 7.326627e-01 9.113534e-01 2.840355e-01 7.189779e-01 2.176340e-05 -4.609190e-05 3.019119e-05 6.801564e-05
11992.102927 7.315822e-01 9.110695e-01 2.843989e-01 7.173003e-01 1.691443e-05 -3.783090e-05 3.300287e-05 6.512741e-05
11995.339934 7.319802e-01 9.130332e-01 2.857711e-01 7.199989e-01 1.605272e-05 -4.101819e-05 2.366515e-05 6.166829e-05
11998.589132 7.310371e-01 9.131922e-01 2.869570e-01 7.161978e-01 2.708793e-05 -3.980735e-05 2.771460e-05 8.148508e-05
12001.850523 7.294420e-01 9.124879e-01 2.883112e-01 7.167771e-01 3.489545e-05 -3.536849e-05 2.878574e-05 9.655629e-05
12005.124105 7.295685e-01 9.139194e-01 2.910147e-01 7.178107e-01 3.852257e-05 -2.320873e-05 1.747108e-05 9.399154e-05
12008.409879 7.285904e-01 9.140436e-01 2.934473e-01 7.141732e-01 4.391239e-05 -2.517889e-05 2.120422e-05 9.540562e-05
12011.707845 7.289853e-01 9.159289e-01 2.969257e-01 7.138886e-01 3.355864e-05 -2.843456e-05 2.618230e-05 8.250124e-05
12015.018003 7.288847e-01 9.171473e-01 2.999034e-01 7.145431e-01 2.363487e-05 -3.073299e-05 2.133817e-05 7.880655e-05
12018.340353 7.271726e-01 9.161185e-01 3.020504e-01 7.130881e-01 1.870328e-05 -4.092551e-05 3.469873e-05 7.913036e-05
12021.674895 7.273727e-01 9.176655e-01 3.041057e-01 7.129622e-01 1.125776e-05 -4.379319e-05 3.085087e-05 8.105657e-05
12025.021629 7.263927e-01 9.178647e-01 3.049381e-01 7.121860e-01 1.009199e-05 -4.626322e-05 1.975539e-05 8.942603e-05
12028.380554 7.261456e-01 9.188354e-01 3.057897e-01 7.128277e-01 9.530166e-06 -5.034932e-05 1.076645e-05 8.356643e-05
12031.751672 7.257293e-01 9.196130e-01 3.061360e-01 7.130570e-01 4.851336e-06 -5.167463e-05 6.872052e-06 7.488006e-05
12035.134982 7.246124e-01 9.195602e-01 3.059996e-01 7.124986e-01 6.112874e-06 -4.399666e-05 2.065030e-05 8.476149e-05
12038.530483 7.243618e-01 9.204759e-01 3.061359e-01 7.118091e-01 1.026383e-05 -5.065807e-05 2.983998e-05 8.400317e-05
12041.938176 7.243199e-01 9.216057e-01 3.062211e-01 7.125104e-01 3.875994e-06 -5.093655e-05 2.952851e-05 8.676954e-05
12045.358061 7.184676e-01 9.155186e-01 3.040124e-01 7.068277e-01 1.300469e-06 -4.874001e-05 2.008028e-05 8.684957e-05
12048.790139 7.133221e-01 9.101439e-01 3.020683e-01 7.020888e-01 4.686364e-06 -4.875551e-05 9.464006e-06 7.809757e-05
12052.234408 7.217638e-01 9.221092e-01 3.061581e-01 7.104231e-01 6.321604e-06 -4.817934e-05 1.322072e-05 7.583780e-05
12055.690868 7.224314e-01 9.244628e-01 3.067643e-01 7.130204e-01 3.243018e-06 -4.611920e-05 1.347677e-05 6.847223e-05
12059.159521 7.213296e-01 9.241375e-01 3.067219e-01 7.133136e-01 6.967975e-06 -4.650325e-05 1.838197e-05 7.271332e-05
12062.640366 7.210026e-01 9.250478e-01 3.071649e-01 7.151904e-01 1.832175e-05 -5.033161e-05 1.077509e-05 6.949695e-05
12066.133403 7.208482e-01 9.261572e-01 3.078528e-01 7.153934e-01 1.938254e-05 -5.023939e-05 8.878786e-06 7.792124e-05
12069.638631 7.199649e-01 9.262840e-01 3.083304e-01 7.155696e-01 2.669687e-06 -4.020248e-05 9.737769e-06 9.083227e-05
12073.156052 7.192386e-01 9.266588e-01 3.088942e-01 7.144797e-01 -2.889747e-06 -4.016162e-05 2.108543e-05 9.661373e-05
12076.685664 7.184511e-01 9.271546e-01 3.095893e-01 7.138161e-01 1.816070e-06 -4.217377e-05 1.579490e-05 8.453550e-05
12080.227468 7.177872e-01 9.273727e-01 3.102656e-01 7.118740e-01 7.184584e-06 -5.044455e-05 1.423429e-05 7.899642e-05
12083.781465 7.174511e-01 9.285304e-01 3.112596e-01 7.119319e-01 1.822563e-05 -5.249606e-05 1.130405e-06 8.044245e-05
12087.347653 7.170392e-01 9.293605e-01 3.127424e-01 7.126648e-01 1.986252e-05 -4.707451e-05 1.192703e-05 7.904582e-05
12090.926033 7.159933e-01 9.293626e-01 3.141453e-01 7.118895e-01 8.301215e-06 -5.207417e-05 8.980907e-06 7.943928e-05
12094.516605 7.154302e-01 9.299570e-01 3.160468e-01 7.122084e-01 1.180136e-05 -5.660548e-05 5.549739e-06 8.040371e-05
12098.119369 7.141094e-01 9.296553e-01 3.176278e-01 7.105898e-01 8.159287e-06 -4.902109e-05 -6.129164e-06 8.106735e-05
12101.734324 7.146974e-01 9.319560e-01 3.199600e-01 7.107443e-01 2.078389e-05 -4.581379e-05 -1.369541e-06 7.032119e-05
12105.361472 7.132149e-01 9.314348e-01 3.212460e-01 7.097510e-01 2.303020e-05 -4.706727e-05 7.097578e-08 5.983770e-05
12109.000811 7.126340e-01 9.321689e-01 3.229562e-01 7.091333e-01 2.080885e-05 -4.565059e-05 -1.182037e-05 6.375461e-05
12112.652343 7.112560e-01 9.316574e-01 3.241504e-01 7.068139e-01 7.533473e-06 -4.472602e-05 3.419944e-06 7.526566e-05
12116.316066 7.098930e-01 9.314459e-01 3.255122e-01 7.059531e-01 1.041891e-05 -5.358489e-05 1.206579e-05 8.207829e-05
12119.991982 7.094709e-01 9.324762e-01 3.272620e-01 7.044447e-01 1.367310e-05 -4.105093e-05 1.174209e-05 8.053231e-05
12123.680089 7.099008e-01 9.343229e-01 3.294844e-01 7.071627e-01 1.739148e-05 -3.774221e-05 4.800507e-06 7.466849e-05
12127.380388 7.099861e-01 9.359180e-01 3.314517e-01 7.067548e-01 8.443913e-06 -4.753541e-05 1.186458e-05 6.172004e-05
12131.092879 7.092144e-01 9.363452e-01 3.329079e-01 7.061300e-01 3.557981e-06 -4.876590e-05 1.891682e-05 8.482571e-05
12134.817562 7.093625e-01 9.380003e-01 3.346812e-01 7.069148e-01 1.819846e-05 -4.479500e-05 2.182276e-05 8.968282e-05
12138.554437 7.091914e-01 9.391895e-01 3.360269e-01 7.084777e-01 2.033727e-05 -3.648326e-05 3.016104e-05 9.261006e-05
12142.303503 7.083904e-01 9.394524e-01 3.367064e-01 7.067873e-01 1.788971e-05 -3.686200e-05 3.691977e-05 8.915030e-05
12146.064762 7.073724e-01 9.395260e-01 3.370738e-01 7.049911e-01 1.282753e-05 -4.047983e-05 3.618130e-05 1.000006e-04
12149.838213 7.071628e-01 9.406438e-01 3.378337e-01 7.066053e-01 1.307198e-05 -4.671075e-05 3.466660e-05 9.165466e-05
12153.623855 7.062791e-01 9.409086e-01 3.382163e-01 7.063661e-01 7.412307e-06 -4.360600e-05 2.906883e-05 9.207975e-05
12157.421689 7.054099e-01 9.411377e-01 3.385698e-01 7.062924e-01 1.303555e-05 -4.325800e-05 1.797267e-05 9.612811e-05
12161.231716 7.040826e-01 9.407706e-01 3.385958e-01 7.049018e-01 1.763908e-05 -3.188128e-05 2.479363e-05 8.627483e-05
12165.053934 7.042999e-01 9.424807e-01 3.392447e-01 7.054469e-01 1.803410e-05 -3.729799e-05 2.863999e-05 7.382959e-05
12168.888344 7.031079e-01 9.423064e-01 3.392011e-01 7.050585e-01 1.662531e-05 -4.934971e-05 2.505685e-05 7.325552e-05
12172.734946 7.006345e-01 9.404573e-01 3.387328e-01 7.026159e-01 3.518202e-06 -5.319472e-05 2.607410e-05 7.774030e-05
12176.593740 7.012405e-01 9.425839e-01 3.398457e-01 7.062240e-01 3.990381e-06 -5.037716e-05 2.770398e-05 7.485571e-05
12180.464726 7.018369e-01 9.447906e-01 3.409528e-01 7.058014e-01 6.438071e-06 -5.064891e-05 2.546987e-05 7.622267e-05
12184.347903 7.004527e-01 9.443699e-01 3.411509e-01 7.028322e-01 1.134618e-05 -5.151137e-05 2.754064e-05 8.119191e-05
12188.243273 7.005575e-01 9.460169e-01 3.424769e-01 7.052066e-01 1.224655e-05 -6.011923e-05 3.452373e-05 8.445972e-05
12192.150835 6.993286e-01 9.457620e-01 3.431448e-01 7.053673e-01 1.130982e-05 -6.372307e-05 3.094182e-05 8.591835e-05
12196.070588 6.987435e-01 9.464144e-01 3.445736e-01 7.048045e-01 7.900863e-06 -6.738037e-05 2.364058e-05 7.391080e-05
12200.002533 6.976820e-01 9.465620e-01 3.458704e-01 7.036764e-01 6.793195e-06 -5.422527e-05 2.285219e-05 7.625282e-05
12203.946671 6.967401e-01 9.467094e-01 3.473306e-01 7.039963e-01 1.285640e-05 -4.773105e-05 3.076247e-05 7.907515e-05
12207.903000 6.969004e-01 9.484537e-01 3.497804e-01 7.033066e-01 1.738523e-05 -3.986147e-05 2.990997e-05 7.470188e-05
12211.871521 6.969041e-01 9.499748e-01 3.521590e-01 7.044358e-01 1.643663e-05 -4.093331e-05 2.828317e-05 8.284151e-05
12215.852234 6.962656e-01 9.506416e-01 3.542639e-01 7.022036e-01 1.369390e-05 -5.269001e-05 3.522737e-05 8.740662e-05
12219.845139 6.956160e-01 9.513627e-01 3.562874e-01 7.014451e-01 1.018263e-05 -6.129529e-05 3.247597e-05 7.661386e-05
12223.850236 6.942528e-01 9.509999e-01 3.576794e-01 7.020360e-01 4.509682e-06 -5.747416e-05 3.507303e-05 6.959474e-05
12227.867524 6.934975e-01 9.515001e-01 3.592647e-01 7.014082e-01 1.026076e-05 -5.597214e-05 2.768254e-05 7.491928e-05
12231.897005 6.934353e-01 9.529609e-01 3.612081e-01 7.008948e-01 1.141955e-05 -5.243131e-05 2.132507e-05 8.061255e-05
12235.938678 6.930190e-01 9.539429e-01 3.629016e-01 7.006670e-01 4.200003e-06 -6.446000e-05 2.514859e-05 8.911855e-05
12239.992542 6.924127e-01 9.547115e-01 3.643794e-01 6.998560e-01 2.161277e-06 -5.711720e-05 2.957197e-05 9.254198e-05
12244.058598 6.918366e-01 9.554794e-01 3.659876e-01 6.991912e-01 4.389949e-06 -5.106908e-05 2.971139e-05 9.173250e-05
12248.136847 6.909307e-01 9.557213e-01 3.674874e-01 6.989549e-01 4.597190e-06 -5.258956e-05 3.505406e-05 7.883445e-05
12252.227287 6.854033e-01 9.498183e-01 3.666051e-01 6.940566e-01 -5.989846e-06 -5.449409e-05 3.623612e-05 7.500552e-05
12256.329919 6.739366e-01 9.355762e-01 3.625570e-01 6.836294e-01 -7.253792e-06 -5.117250e-05 3.725068e-05 7.472268e-05
12260.444743 6.841217e-01 9.509556e-01 3.703101e-01 6.942654e-01 -4.898211e-06 -4.496233e-05 2.993186e-05 7.603077e-05
12264.571759 6.856837e-01 9.548067e-01 3.729769e-01 6.961479e-01 -7.662602e-07 -5.226446e-05 3.434842e-05 8.596853e-05
12268.710967 6.859274e-01 9.565166e-01 3.746496e-01 6.962504e-01 -5.933604e-06 -5.536111e-05 2.592234e-05 8.247496e-05
12272.862366 6.861213e-01 9.583340e-01 3.759719e-01 6.974381e-01 -6.331761e-06 -6.149224e-05 3.043811e-05 7.349532e-05
12277.025958 6.853036e-01 9.587324e-01 3.765425e-01 6.960396e-01 -2.307069e-06 -4.776424e-05 2.773007e-05 8.507969e-05
12281.201742 6.848110e-01 9.596855e-01 3.769957e-01 6.973820e-01 -4.097137e-06 -3.161780e-05 2.395009e-05 8.424311e-05
12285.389717 6.837735e-01 9.598458e-01 3.771061e-01 6.948264e-01 4.944624e-06 -4.298776e-05 1.182364e-05 7.063018e-05
12289.589884 6.819458e-01 9.587812e-01 3.766113e-01 6.940674e-01 1.647580e-05 -4.692373e-05 1.421556e-05 5.822368e-05
12293.802244 6.817639e-01 9.600383e-01 3.771547e-01 6.966388e-01 1.271200e-05 -4.598428e-05 8.041515e-06 6.559671e-05
12298.026795 6.690847e-01 9.438991e-01 3.705465e-01 6.840542e-01 4.720721e-06 -3.834600e-05 3.782866e-06 8.800989e-05
12302.263538 6.724704e-01 9.499780e-01 3.735029e-01 6.878571e-01 1.064524e-05 -4.083582e-05 1.000492e-05 8.961666e-05
12306.512473 6.802864e-01 9.625030e-01 3.791713e-01 6.960169e-01 1.184884e-05 -5.545878e-05 1.759957e-05 8.173839e-05
12310.773600 6.792611e-01 9.626006e-01 3.800594e-01 6.952916e-01 5.682327e-06 -5.817156e-05 1.457181e-05 7.050110e-05
12315.046919 6.780823e-01 9.625595e-01 3.811711e-01 6.937471e-01 1.341831e-05 -4.521160e-05 9.383514e-06 6.058554e-05
12319.332429 6.792103e-01 9.657529e-01 3.839456e-01 6.943222e-01 2.557314e-05 -4.569987e-05 1.498804e-05 7.780208e-05
12323.630132 6.787414e-01 9.665837e-01 3.858916e-01 6.950929e-01 2.263655e-05 -5.108980e-05 1.422151e-05 7.265479e-05
12327.940026 6.784989e-01 9.678424e-01 3.884260e-01 6.954872e-01 1.407806e-05 -5.589061e-05 2.550199e-05 8.071894e-05
12332.262113 6.772567e-01 9.678793e-01 3.905956e-01 6.950516e-01 2.153793e-05 -5.812665e-05 2.327820e-05 8.833302e-05
12336.596391 6.764359e-01 9.682738e-01 3.928648e-01 6.936405e-01 1.176763e-05 -6.528463e-05 2.415493e-05 7.803482e-05
12340.942861 6.757961e-01 9.689485e-01 3.951679e-01 6.937962e-01 8.693346e-06 -6.384668e-05 2.652958e-05 6.724701e-05
12345.301524 6.751204e-01 9.695725e-01 3.973000e-01 6.934034e-01 1.570889e-05 -6.094476e-05 2.727468e-05 6.917847e-05
12349.672378 6.741283e-01 9.698914e-01 3.991801e-01 6.929982e-01 1.072296e-05 -6.315263e-05 3.427326e-05 6.782736e-05
12354.055424 6.728819e-01 9.697322e-01 4.005757e-01 6.913256e-01 -5.923210e-06 -5.743047e-05 2.503151e-05 7.240320e-05
12358.450662 6.730783e-01 9.715509e-01 4.028170e-01 6.909522e-01 -4.959974e-06 -4.936085e-05 2.737050e-05 6.924830e-05
12362.858091 6.726134e-01 9.726991e-01 4.045628e-01 6.918350e-01 1.786213e-06 -4.893932e-05 2.005887e-05 6.792565e-05
12367.277713 6.708406e-01 9.717433e-01 4.055169e-01 6.898288e-01 5.867681e-06 -6.238128e-05 1.989227e-05 6.971735e-05
12371.709527 6.713682e-01 9.741260e-01 4.079298e-01 6.908996e-01 1.626498e-06 -5.872935e-05 1.929188e-05 7.747061e-05
12376.153532 6.704578e-01 9.744721e-01 4.094210e-01 6.903150e-01 2.366789e-06 -6.430513e-05 1.842445e-05 7.169249e-05
12380.609730 6.696089e-01 9.748868e-01 4.108458e-01 6.905948e-01 7.878692e-06 -6.425708e-05 1.321003e-05 7.165500e-05
12385.078119 6.688363e-01 9.753862e-01 4.124581e-01 6.899142e-01 1.039061e-05 -5.852171e-05 1.516107e-05 7.791881e-05
12389.558700 6.678319e-01 9.756212e-01 4.138366e-01 6.888797e-01 7.903050e-06 -4.695847e-05 2.379956e-05 9.161084e-05
12394.051473 6.673280e-01 9.764817e-01 4.154151e-01 6.877007e-01 1.231411e-05 -4.688404e-05 2.165992e-05 1.022237e-04
12398.556438 6.668941e-01 9.774207e-01 4.170225e-01 6.881434e-01 1.893347e-05 -4.900076e-05 1.960322e-05 9.371003e-05
12403.073595 6.662700e-01 9.783071e-01 4.184844e-01 6.882366e-01 1.898480e-05 -6.392208e-05 5.963210e-06 9.046911e-05
12407.602944 6.650137e-01 9.781474e-01 4.194255e-01 6.873374e-01 2.202641e-05 -5.795476e-05 8.687308e-06 9.399227e-05
12412.144485 6.642277e-01 9.786481e-01 4.204788e-01 6.867655e-01 7.731975e-06 -5.984450e-05 1.268442e-05 9.248484e-05
12416.698218 6.620561e-01 9.771039e-01 4.206608e-01 6.845557e-01 7.620227e-06 -6.609144e-05 1.105513e-05 8.819368e-05
12421.264142 6.596714e-01 9.752512e-01 4.206610e-01 6.829185e-01 1.376035e-05 -6.931407e-05 4.539155e-06 8.553051e-05
12425.842259 6.611435e-01 9.789666e-01 4.231000e-01 6.868367e-01 7.973699e-06 -7.427671e-05 1.523884e-06 8.933384e-05
12430.432567 6.613484e-01 9.810137e-01 4.247035e-01 6.864084e-01 1.489758e-06 -7.400415e-05 1.311521e-05 8.645597e-05
12435.035068 6.606014e-01 9.815363e-01 4.257936e-01 6.855952e-01 5.952852e-06 -6.487273e-05 1.162790e-05 8.853019e-05
12439.649760 6.598213e-01 9.819616e-01 4.268034e-01 6.859389e-01 1.013976e-06 -7.039671e-05 1.380086e-05 9.111725e-05
12444.276644 6.590275e-01 9.824771e-01 4.281576e-01 6.852878e-01 6.916740e-06 -7.450420e-05 1.355350e-05 9.562791e-05
12448.915720 6.573353e-01 9.815856e-01 4.290080e-01 6.838099e-01 3.350164e-06 -6.312036e-05 1.217560e-05 8.539336e-05
12453.566988 6.576234e-01 9.836033e-01 4.312242e-01 6.849255e-01 7.970758e-07 -5.869104e-05 1.428040e-05 7.926444e-05
12458.230448 6.573544e-01 9.849892e-01 4.333329e-01 6.853670e-01 5.235515e-06 -5.554528e-05 2.855993e-05 8.008468e-05
12462.906100 6.568397e-01 9.860088e-01 4.353752e-01 6.847992e-01 -2.459252e-06 -6.242197e-05 2.620909e-05 7.468847e-05
12467.593943 6.561121e-01 9.866117e-01 4.373374e-01 6.841186e-01 -8.379408e-06 -6.131601e-05 2.473385e-05 7.174593e-05
12472.293979 6.544096e-01 9.858345e-01 4.386048e-01 6.825585e-01 1.901023e-06 -5.780354e-05 1.756172e-05 8.296548e-05
12477.006206 6.544029e-01 9.874788e-01 4.412471e-01 6.823851e-01 5.790030e-06 -4.692407e-05 9.904570e-06 8.603508e-05
12481.730626 6.545753e-01 9.894843e-01 4.441319e-01 6.839565e-01 1.166560e-06 -4.964910e-05 1.673587e-05 7.496456e-05
12486.467237 6.537691e-01 9.900333e-01 4.462585e-01 6.838298e-01 7.704504e-06 -4.915314e-05 1.740338e-05 8.112416e-05
12491.216040 6.530699e-01 9.906806e-01 4.486288e-01 6.824534e-01 4.783045e-06 -4.894793e-05 1.860815e-05 9.234256e-05
12495.977036 6.512596e-01 9.897041e-01 4.501708e-01 6.810063e-01 1.721020e-06 -4.534940e-05 1.422366e-05 7.788405e-05
12500.750223 6.483833e-01 9.870237e-01 4.507873e-01 6.789615e-01 -8.603891e-06 -4.717431e-05 7.808560e-06 7.681958e-05
12505.535602 6.503762e-01 9.917307e-01 4.547480e-01 6.809424e-01 -5.961156e-06 -4.598804e-05 1.730197e-05 7.497537e-05
12510.333172 6.508070e-01 9.941979e-01 4.576572e-01 6.809943e-01 -5.890044e-06 -3.984194e-05 1.198441e-05 7.294541e-05
12515.142935 6.500915e-01 9.948961e-01 4.596509e-01 6.802728e-01 -5.494942e-06 -3.794743e-05 9.695918e-06 7.872541e-05
12519.964890 6.494556e-01 9.956755e-01 4.615894e-01 6.803357e-01 -4.770472e-07 -4.602206e-05 4.672737e-06 7.504908e-05
12524.799037 6.487676e-01 9.962827e-01 4.632362e-01 6.801388e-01 -1.913766e-07 -4.953731e-05 3.915634e-06 8.295081e-05
12529.645375 6.427313e-01 9.888217e-01 4.611643e-01 6.745705e-01 1.382869e-05 -4.718185e-05 1.173256e-05 9.331558e-05
12534.503905 3.381694e-01 5.208825e-01 2.434387e-01 3.550171e-01 9.458316e-06 -2.497444e-05 5.118558e-06 4.571904e-05
12539.374628 6.916584e-03 1.065742e-02 4.982872e-03 7.264131e-03 1.706119e-07 -5.518639e-07 1.017664e-07 8.905819e-07
